	V1	c-q	nc-q	true-q	c-p	nc-p	c-bias	nc-bias	type	L	rep	gwas_size	test_size	h2	num_causal	env	pheno	test
1	1	-0.0491871433526042	0.141360276423611	0	0.268	0.259	-0.0491871433526042	0.141360276423611	long	20000	A1	2160	720	0	300	0.2	DIAG	LAT
2	2	-0.0745764602611111	-0.137442946388889	0	0.062	0.246	-0.0745764602611111	-0.137442946388889	long	20000	A1	2160	720	0	300	0.2	DIAG	LAT
3	3	-0.0753864378625348	-0.107164837083333	0	0.09	0.409	-0.0753864378625348	-0.107164837083333	long	20000	A1	2160	720	0	300	0.2	DIAG	LAT
4	1	-0.0742592412583334	-0.17009754296875	0	0.075	0.207	-0.0742592412583334	-0.17009754296875	long	20000	A2	2160	720	0	300	0.2	DIAG	LAT
5	2	-0.0884275514623264	-0.408368836354167	0	0.053	0	-0.0884275514623264	-0.408368836354167	long	20000	A2	2160	720	0	300	0.2	DIAG	LAT
6	3	-0.0933924835299478	-0.379684902829861	0	0.032	0.004	-0.0933924835299478	-0.379684902829861	long	20000	A2	2160	720	0	300	0.2	DIAG	LAT
7	1	0.0251793101232466	-0.0272433438888888	0	0.605	0.844	0.0251793101232466	-0.0272433438888888	long	20000	A3	2160	720	0	300	0.2	DIAG	LAT
8	2	0.121258488418056	0.68398245546875	0	0.014	0	0.121258488418056	0.68398245546875	long	20000	A3	2160	720	0	300	0.2	DIAG	LAT
9	3	0.122027566507812	0.691798587725694	0	0.009	0	0.122027566507812	0.691798587725694	long	20000	A3	2160	720	0	300	0.2	DIAG	LAT
10	1	0.0478593117800346	-0.185851332413195	0	0.277	0.157	0.0478593117800346	-0.185851332413195	long	20000	A4	2160	720	0	300	0.2	DIAG	LAT
11	2	0.0634483935253474	-0.0454300857812502	0	0.172	0.731	0.0634483935253474	-0.0454300857812502	long	20000	A4	2160	720	0	300	0.2	DIAG	LAT
12	3	0.0656551587263888	-0.057883472326389	0	0.15	0.672	0.0656551587263888	-0.057883472326389	long	20000	A4	2160	720	0	300	0.2	DIAG	LAT
13	1	0.0191493201479166	0.121901361875	0	0.684	0.38	0.0191493201479166	0.121901361875	long	20000	A5	2160	720	0	300	0.2	DIAG	LAT
14	2	-0.0703884136154514	-0.597542452760417	0	0.196	0	-0.0703884136154514	-0.597542452760417	long	20000	A5	2160	720	0	300	0.2	DIAG	LAT
15	3	-0.0686607874411458	-0.537885742899305	0	0.158	0	-0.0686607874411458	-0.537885742899305	long	20000	A5	2160	720	0	300	0.2	DIAG	LAT
16	1	0.0632059040484896	-0.113168729305556	0	0.21	0.437	0.0632059040484896	-0.113168729305556	long	20000	A6	2160	720	0	300	0.2	DIAG	LAT
17	2	0.110041791201042	0.324582089513888	0	0.028	0.018	0.110041791201042	0.324582089513888	long	20000	A6	2160	720	0	300	0.2	DIAG	LAT
18	3	0.107891493368594	0.257341898072917	0	0.032	0.056	0.107891493368594	0.257341898072917	long	20000	A6	2160	720	0	300	0.2	DIAG	LAT
19	1	-0.0242649344100694	-0.109210040868055	0	0.629	0.437	-0.0242649344100694	-0.109210040868055	long	20000	A7	2160	720	0	300	0.2	DIAG	LAT
20	2	0.0320385776961806	0.320670030642361	0	0.509	0.008	0.0320385776961806	0.320670030642361	long	20000	A7	2160	720	0	300	0.2	DIAG	LAT
21	3	0.0366612917536459	0.364825629895833	0	0.443	0.006	0.0366612917536459	0.364825629895833	long	20000	A7	2160	720	0	300	0.2	DIAG	LAT
22	1	-0.0186014556078125	-0.0773443335069444	0	0.628	0.541	-0.0186014556078125	-0.0773443335069444	long	20000	A8	2160	720	0	300	0.2	DIAG	LAT
23	2	-0.0212351203934027	-0.295442727638889	0	0.567	0.013	-0.0212351203934027	-0.295442727638889	long	20000	A8	2160	720	0	300	0.2	DIAG	LAT
24	3	-0.0204318768829863	-0.283746969652778	0	0.575	0.015	-0.0204318768829863	-0.283746969652778	long	20000	A8	2160	720	0	300	0.2	DIAG	LAT
25	1	0.108482450021701	-0.0691279817708333	0	0.029	0.559	0.108482450021701	-0.0691279817708333	long	20000	A9	2160	720	0	300	0.2	DIAG	LAT
26	2	0.137431757215799	0.331958237864583	0	0.004	0.008	0.137431757215799	0.331958237864583	long	20000	A9	2160	720	0	300	0.2	DIAG	LAT
27	3	0.141512672123611	0.362229671319445	0	0.007	0.002	0.141512672123611	0.362229671319445	long	20000	A9	2160	720	0	300	0.2	DIAG	LAT
28	1	0.0482692319503472	0.0756546944791669	0	0.369	0.559	0.0482692319503472	0.0756546944791669	long	20000	A10	2160	720	0	300	0.2	DIAG	LAT
29	2	0.0764669314	0.3973089103125	0	0.141	0.003	0.0764669314	0.3973089103125	long	20000	A10	2160	720	0	300	0.2	DIAG	LAT
30	3	0.0807182797109375	0.428526640486111	0	0.11	0	0.0807182797109375	0.428526640486111	long	20000	A10	2160	720	0	300	0.2	DIAG	LAT
31	1	0.0263620722609965	0.0446067621180554	0	0.596	0.71	0.0263620722609965	0.0446067621180554	long	20000	A11	2160	720	0	300	0.2	DIAG	LAT
32	2	0.0749748152763889	0.437738349913194	0	0.135	0.001	0.0749748152763889	0.437738349913194	long	20000	A11	2160	720	0	300	0.2	DIAG	LAT
33	3	0.075463541469618	0.4492196	0	0.121	0	0.075463541469618	0.4492196	long	20000	A11	2160	720	0	300	0.2	DIAG	LAT
34	1	-0.0479389458811436	0.0398649126562499	0	0.29	0.775	-0.0479389458811436	0.0398649126562499	long	20000	A12	2160	720	0	300	0.2	DIAG	LAT
35	2	-0.0597776733110069	-0.0682102184895835	0	0.189	0.61	-0.0597776733110069	-0.0682102184895835	long	20000	A12	2160	720	0	300	0.2	DIAG	LAT
36	3	-0.0568657795973958	-0.0922561248263891	0	0.201	0.474	-0.0568657795973958	-0.0922561248263891	long	20000	A12	2160	720	0	300	0.2	DIAG	LAT
37	1	0.0238368743760417	0.0223537142013888	0	0.648	0.87	0.0238368743760417	0.0223537142013888	long	20000	A13	2160	720	0	300	0.2	DIAG	LAT
38	2	0.155520733525972	0.917613547725693	0	0.003	0	0.155520733525972	0.917613547725693	long	20000	A13	2160	720	0	300	0.2	DIAG	LAT
39	3	0.155540520931945	0.910310121458332	0	0.003	0	0.155540520931945	0.910310121458332	long	20000	A13	2160	720	0	300	0.2	DIAG	LAT
40	1	0.0195627970197743	0.035563524861111	0	0.66	0.781	0.0195627970197743	0.035563524861111	long	20000	A14	2160	720	0	300	0.2	DIAG	LAT
41	2	0.06932053385	0.512560757204861	0	0.145	0	0.06932053385	0.512560757204861	long	20000	A14	2160	720	0	300	0.2	DIAG	LAT
42	3	0.0515910114229166	0.536319079913194	0	0.272	0	0.0515910114229166	0.536319079913194	long	20000	A14	2160	720	0	300	0.2	DIAG	LAT
43	1	0.017045315030382	0.125721170451389	0	0.74	0.317	0.017045315030382	0.125721170451389	long	20000	A15	2160	720	0	300	0.2	DIAG	LAT
44	2	0.0122210982795139	-0.0529954957465279	0	0.814	0.665	0.0122210982795139	-0.0529954957465279	long	20000	A15	2160	720	0	300	0.2	DIAG	LAT
45	3	0.00185082639895832	-0.0181575984027778	0	0.968	0.893	0.00185082639895832	-0.0181575984027778	long	20000	A15	2160	720	0	300	0.2	DIAG	LAT
46	1	0.0303463553854167	-0.00037934902777779	0	0.48	0.997	0.0303463553854167	-0.00037934902777779	long	20000	A16	2160	720	0	300	0.2	DIAG	LAT
47	2	0.0852075667640625	0.386003397152778	0	0.046	0.002	0.0852075667640625	0.386003397152778	long	20000	A16	2160	720	0	300	0.2	DIAG	LAT
48	3	0.0850382159402605	0.358815735243056	0	0.053	0.009	0.0850382159402605	0.358815735243056	long	20000	A16	2160	720	0	300	0.2	DIAG	LAT
49	1	0.0060713527075868	-0.116539093940972	0	0.909	0.414	0.0060713527075868	-0.116539093940972	long	20000	A17	2160	720	0	300	0.2	DIAG	LAT
50	2	0.00512406641895838	-0.20512044782986	0	0.942	0.126	0.00512406641895838	-0.20512044782986	long	20000	A17	2160	720	0	300	0.2	DIAG	LAT
51	3	0.00478161847499994	-0.125703800694445	0	0.914	0.362	0.00478161847499994	-0.125703800694445	long	20000	A17	2160	720	0	300	0.2	DIAG	LAT
52	1	-0.016988568856875	0.000316865138888925	0	0.772	0.997	-0.016988568856875	0.000316865138888925	long	20000	A18	2160	720	0	300	0.2	DIAG	LAT
53	2	-0.0557115296218752	-0.277813198385417	0	0.297	0.043	-0.0557115296218752	-0.277813198385417	long	20000	A18	2160	720	0	300	0.2	DIAG	LAT
54	3	-0.049510688515972	-0.307256674184028	0	0.358	0.015	-0.049510688515972	-0.307256674184028	long	20000	A18	2160	720	0	300	0.2	DIAG	LAT
55	1	-0.0233073154690971	0.0632342175868055	0	0.556	0.653	-0.0233073154690971	0.0632342175868055	long	20000	A19	2160	720	0	300	0.2	DIAG	LAT
56	2	0.0852286866519791	0.955539191909723	0	0.032	0	0.0852286866519791	0.955539191909723	long	20000	A19	2160	720	0	300	0.2	DIAG	LAT
57	3	0.0827924657215278	0.950551129809029	0	0.052	0	0.0827924657215278	0.950551129809029	long	20000	A19	2160	720	0	300	0.2	DIAG	LAT
58	1	-0.0128819137079861	-0.0836730111284722	0	0.787	0.493	-0.0128819137079861	-0.0836730111284722	long	20000	A20	2160	720	0	300	0.2	DIAG	LAT
59	2	-0.0162662180722223	-0.0747464334027782	0	0.728	0.522	-0.0162662180722223	-0.0747464334027782	long	20000	A20	2160	720	0	300	0.2	DIAG	LAT
60	3	-0.0160680911951389	-0.0947569286805552	0	0.774	0.417	-0.0160680911951389	-0.0947569286805552	long	20000	A20	2160	720	0	300	0.2	DIAG	LAT
61	1	-0.0243582394124999	0.0427017763888889	0	0.579	0.724	-0.0243582394124999	0.0427017763888889	long	20000	A21	2160	720	0	300	0.2	DIAG	LAT
62	2	-0.0378548998355903	-0.0635150484375	0	0.406	0.62	-0.0378548998355903	-0.0635150484375	long	20000	A21	2160	720	0	300	0.2	DIAG	LAT
63	3	-0.0385282049986111	-0.0472433590625	0	0.388	0.714	-0.0385282049986111	-0.0472433590625	long	20000	A21	2160	720	0	300	0.2	DIAG	LAT
64	1	0.110902888231944	0.0482814124999999	0	0.039	0.747	0.110902888231944	0.0482814124999999	long	20000	A22	2160	720	0	300	0.2	DIAG	LAT
65	2	0.170293546598958	0.4113133246875	0	0	0.002	0.170293546598958	0.4113133246875	long	20000	A22	2160	720	0	300	0.2	DIAG	LAT
66	3	0.169008529923958	0.449183236163195	0	0.001	0	0.169008529923958	0.449183236163195	long	20000	A22	2160	720	0	300	0.2	DIAG	LAT
67	1	-0.0304700985840277	-0.242028014444445	0	0.515	0.056	-0.0304700985840277	-0.242028014444445	long	20000	A23	2160	720	0	300	0.2	DIAG	LAT
68	2	-0.114981357892188	-0.827234528125	0	0.011	0	-0.114981357892188	-0.827234528125	long	20000	A23	2160	720	0	300	0.2	DIAG	LAT
69	3	-0.110255767181944	-0.697979021892361	0	0.008	0	-0.110255767181944	-0.697979021892361	long	20000	A23	2160	720	0	300	0.2	DIAG	LAT
70	1	0.00272762949979168	-0.165495554930556	0	0.952	0.186	0.00272762949979168	-0.165495554930556	long	20000	A24	2160	720	0	300	0.2	DIAG	LAT
71	2	0.0787559679147569	0.455444887552083	0	0.114	0.001	0.0787559679147569	0.455444887552083	long	20000	A24	2160	720	0	300	0.2	DIAG	LAT
72	3	0.0788246728590278	0.385117073038194	0	0.095	0.001	0.0788246728590278	0.385117073038194	long	20000	A24	2160	720	0	300	0.2	DIAG	LAT
73	1	-0.0174454150780209	0.0141412179340277	0	0.713	0.907	-0.0174454150780209	0.0141412179340277	long	20000	A25	2160	720	0	300	0.2	DIAG	LAT
74	2	-0.0165540649887153	0.0631678232291667	0	0.761	0.58	-0.0165540649887153	0.0631678232291667	long	20000	A25	2160	720	0	300	0.2	DIAG	LAT
75	3	-0.0190222427017361	0.00399730868055556	0	0.729	0.975	-0.0190222427017361	0.00399730868055556	long	20000	A25	2160	720	0	300	0.2	DIAG	LAT
76	1	-0.0572911662019097	-0.0858257392708335	0	0.216	0.498	-0.0572911662019097	-0.0858257392708335	long	20000	A26	2160	720	0	300	0.2	DIAG	LAT
77	2	0.111418506430208	1.18834557982639	0	0.019	0	0.111418506430208	1.18834557982639	long	20000	A26	2160	720	0	300	0.2	DIAG	LAT
78	3	0.112086806194271	1.13102741668403	0	0.02	0	0.112086806194271	1.13102741668403	long	20000	A26	2160	720	0	300	0.2	DIAG	LAT
79	1	0.0232244175179167	-0.0718556886284723	0	0.638	0.587	0.0232244175179167	-0.0718556886284723	long	20000	A27	2160	720	0	300	0.2	DIAG	LAT
80	2	0.0915069380947917	0.498057497604166	0	0.058	0	0.0915069380947917	0.498057497604166	long	20000	A27	2160	720	0	300	0.2	DIAG	LAT
81	3	0.0949791497595486	0.449672573038194	0	0.043	0	0.0949791497595486	0.449672573038194	long	20000	A27	2160	720	0	300	0.2	DIAG	LAT
82	1	-0.00184277988654512	0.072141177517361	0	0.961	0.564	-0.00184277988654512	0.072141177517361	long	20000	A28	2160	720	0	300	0.2	DIAG	LAT
83	2	0.129961838581771	0.901145731371528	0	0.012	0	0.129961838581771	0.901145731371528	long	20000	A28	2160	720	0	300	0.2	DIAG	LAT
84	3	0.130284261906597	0.902046051354166	0	0.006	0	0.130284261906597	0.902046051354166	long	20000	A28	2160	720	0	300	0.2	DIAG	LAT
85	1	0.101288068078472	-0.0531364097916667	0	0.031	0.665	0.101288068078472	-0.0531364097916667	long	20000	A29	2160	720	0	300	0.2	DIAG	LAT
86	2	0.0744410497539929	-0.243253601059028	0	0.099	0.045	0.0744410497539929	-0.243253601059028	long	20000	A29	2160	720	0	300	0.2	DIAG	LAT
87	3	0.078182810191493	-0.201587700399306	0	0.109	0.105	0.078182810191493	-0.201587700399306	long	20000	A29	2160	720	0	300	0.2	DIAG	LAT
88	1	0.0351688471783333	-0.0772616869791666	0	0.448	0.557	0.0351688471783333	-0.0772616869791666	long	20000	A30	2160	720	0	300	0.2	DIAG	LAT
89	2	0.0601744341763889	0.0734606842013888	0	0.176	0.542	0.0601744341763889	0.0734606842013888	long	20000	A30	2160	720	0	300	0.2	DIAG	LAT
90	3	0.0602784242184027	0.101858516857639	0	0.168	0.417	0.0602784242184027	0.101858516857639	long	20000	A30	2160	720	0	300	0.2	DIAG	LAT
91	1	-0.000491781492187536	0.0160836867013892	0	0.991	0.91	-0.000491781492187536	0.0160836867013892	long	20000	A31	2160	720	0	300	0.2	DIAG	LAT
92	2	-0.00639362217100698	0.113842079357639	0	0.891	0.407	-0.00639362217100698	0.113842079357639	long	20000	A31	2160	720	0	300	0.2	DIAG	LAT
93	3	-0.00315566665729162	0.0647687390451386	0	0.949	0.636	-0.00315566665729162	0.0647687390451386	long	20000	A31	2160	720	0	300	0.2	DIAG	LAT
94	1	-0.042724852759375	0.0521449069618059	0	0.413	0.672	-0.042724852759375	0.0521449069618059	long	20000	A32	2160	720	0	300	0.2	DIAG	LAT
95	2	-0.07711960996375	-0.220775566892361	0	0.116	0.066	-0.07711960996375	-0.220775566892361	long	20000	A32	2160	720	0	300	0.2	DIAG	LAT
96	3	-0.0783861329125001	-0.202541227413194	0	0.14	0.089	-0.0783861329125001	-0.202541227413194	long	20000	A32	2160	720	0	300	0.2	DIAG	LAT
97	1	0.0125863794244098	-0.213906178142361	0	0.819	0.09	0.0125863794244098	-0.213906178142361	long	20000	A33	2160	720	0	300	0.2	DIAG	LAT
98	2	0.055287395813368	0.117392433628472	0	0.251	0.35	0.055287395813368	0.117392433628472	long	20000	A33	2160	720	0	300	0.2	DIAG	LAT
99	3	0.0544094287519096	0.100976638559028	0	0.27	0.416	0.0544094287519096	0.100976638559028	long	20000	A33	2160	720	0	300	0.2	DIAG	LAT
100	1	0.0113012764204861	0.279539580104167	0	0.823	0.053	0.0113012764204861	0.279539580104167	long	20000	A34	2160	720	0	300	0.2	DIAG	LAT
101	2	-0.0403107719057292	-0.279055990277778	0	0.403	0.047	-0.0403107719057292	-0.279055990277778	long	20000	A34	2160	720	0	300	0.2	DIAG	LAT
102	3	-0.040445278008889	-0.261540783819444	0	0.372	0.059	-0.040445278008889	-0.261540783819444	long	20000	A34	2160	720	0	300	0.2	DIAG	LAT
103	1	0.0129105019576389	0.133022917378472	0	0.804	0.304	0.0129105019576389	0.133022917378472	long	20000	A35	2160	720	0	300	0.2	DIAG	LAT
104	2	0.135214909345139	0.793360896736111	0	0.017	0	0.135214909345139	0.793360896736111	long	20000	A35	2160	720	0	300	0.2	DIAG	LAT
105	3	0.135608641853125	0.793881218454861	0	0.012	0	0.135608641853125	0.793881218454861	long	20000	A35	2160	720	0	300	0.2	DIAG	LAT
106	1	0.0184168861737848	-0.0178687819097222	0	0.688	0.892	0.0184168861737848	-0.0178687819097222	long	20000	A36	2160	720	0	300	0.2	DIAG	LAT
107	2	0.00995310397447913	-0.0615298680902777	0	0.827	0.618	0.00995310397447913	-0.0615298680902777	long	20000	A36	2160	720	0	300	0.2	DIAG	LAT
108	3	0.0128190930534722	-0.0545874376562502	0	0.778	0.675	0.0128190930534722	-0.0545874376562502	long	20000	A36	2160	720	0	300	0.2	DIAG	LAT
109	1	-0.0913522323784653	0.032242551875	0	0.03	0.802	-0.0913522323784653	0.032242551875	long	20000	A37	2160	720	0	300	0.2	DIAG	LAT
110	2	-0.0695991790078994	0.121380990052083	0	0.106	0.36	-0.0695991790078994	0.121380990052083	long	20000	A37	2160	720	0	300	0.2	DIAG	LAT
111	3	-0.062705020175521	0.140601330572917	0	0.131	0.274	-0.062705020175521	0.140601330572917	long	20000	A37	2160	720	0	300	0.2	DIAG	LAT
112	1	-0.0350301343123264	-0.149204385347222	0	0.488	0.255	-0.0350301343123264	-0.149204385347222	long	20000	A38	2160	720	0	300	0.2	DIAG	LAT
113	2	-0.0243550976182292	-0.0806100712326389	0	0.636	0.504	-0.0243550976182292	-0.0806100712326389	long	20000	A38	2160	720	0	300	0.2	DIAG	LAT
114	3	-0.0225530787991319	-0.0568767513194446	0	0.623	0.661	-0.0225530787991319	-0.0568767513194446	long	20000	A38	2160	720	0	300	0.2	DIAG	LAT
115	1	0.0387380792685763	0.030491865920139	0	0.386	0.843	0.0387380792685763	0.030491865920139	long	20000	A39	2160	720	0	300	0.2	DIAG	LAT
116	2	0.0368599502663194	-0.185691541093749	0	0.419	0.198	0.0368599502663194	-0.185691541093749	long	20000	A39	2160	720	0	300	0.2	DIAG	LAT
117	3	0.0321646678163194	-0.165529298871529	0	0.499	0.234	0.0321646678163194	-0.165529298871529	long	20000	A39	2160	720	0	300	0.2	DIAG	LAT
118	1	-0.105189531220833	0.176757369340278	0	0.043	0.177	-0.105189531220833	0.176757369340278	long	20000	A40	2160	720	0	300	0.2	DIAG	LAT
119	2	-0.0960710412119793	0.113186939913194	0	0.067	0.36	-0.0960710412119793	0.113186939913194	long	20000	A40	2160	720	0	300	0.2	DIAG	LAT
120	3	-0.0954744586022569	0.119428094010417	0	0.06	0.307	-0.0954744586022569	0.119428094010417	long	20000	A40	2160	720	0	300	0.2	DIAG	LAT
121	1	-0.029059162715625	0.0331546390972218	0	0.436	0.813	-0.029059162715625	0.0331546390972218	long	20000	A41	2160	720	0	300	0.2	DIAG	LAT
122	2	-0.1120596236975	-0.672686703854168	0	0.001	0	-0.1120596236975	-0.672686703854168	long	20000	A41	2160	720	0	300	0.2	DIAG	LAT
123	3	-0.111519101981944	-0.649680158315973	0	0.006	0	-0.111519101981944	-0.649680158315973	long	20000	A41	2160	720	0	300	0.2	DIAG	LAT
124	1	0.00120061497677089	-0.00400439437499996	0	0.981	0.978	0.00120061497677089	-0.00400439437499996	long	20000	A42	2160	720	0	300	0.2	DIAG	LAT
125	2	0.0337753462920138	0.1958687865625	0	0.473	0.119	0.0337753462920138	0.1958687865625	long	20000	A42	2160	720	0	300	0.2	DIAG	LAT
126	3	0.0304396110614931	0.231487295642361	0	0.53	0.076	0.0304396110614931	0.231487295642361	long	20000	A42	2160	720	0	300	0.2	DIAG	LAT
127	1	0.0160364202989583	0.0735299442881945	0	0.739	0.571	0.0160364202989583	0.0735299442881945	long	20000	A43	2160	720	0	300	0.2	DIAG	LAT
128	2	0.0881779119704862	0.698756081319445	0	0.045	0	0.0881779119704862	0.698756081319445	long	20000	A43	2160	720	0	300	0.2	DIAG	LAT
129	3	0.0876171933277778	0.619695983229167	0	0.045	0	0.0876171933277778	0.619695983229167	long	20000	A43	2160	720	0	300	0.2	DIAG	LAT
130	1	0.0611351266858162	0.00700720947916667	0	0.226	0.957	0.0611351266858162	0.00700720947916667	long	20000	A44	2160	720	0	300	0.2	DIAG	LAT
131	2	0.15339281908	0.61739025185764	0	0.001	0	0.15339281908	0.61739025185764	long	20000	A44	2160	720	0	300	0.2	DIAG	LAT
132	3	0.157427194147396	0.651467502361111	0	0.001	0	0.157427194147396	0.651467502361111	long	20000	A44	2160	720	0	300	0.2	DIAG	LAT
133	1	0.0281970435944445	-0.0629627075868056	0	0.587	0.631	0.0281970435944445	-0.0629627075868056	long	20000	A45	2160	720	0	300	0.2	DIAG	LAT
134	2	0.139442188900695	0.802462919809028	0	0.006	0	0.139442188900695	0.802462919809028	long	20000	A45	2160	720	0	300	0.2	DIAG	LAT
135	3	0.143855416653813	0.842258917690973	0	0.002	0	0.143855416653813	0.842258917690973	long	20000	A45	2160	720	0	300	0.2	DIAG	LAT
136	1	0.0260826518609375	0.0367151629166667	0	0.619	0.786	0.0260826518609375	0.0367151629166667	long	20000	A46	2160	720	0	300	0.2	DIAG	LAT
137	2	-0.0328662499936285	-0.302235001979167	0	0.504	0.024	-0.0328662499936285	-0.302235001979167	long	20000	A46	2160	720	0	300	0.2	DIAG	LAT
138	3	-0.0379418508173612	-0.351102619461805	0	0.431	0.004	-0.0379418508173612	-0.351102619461805	long	20000	A46	2160	720	0	300	0.2	DIAG	LAT
139	1	0.0615449248642187	0.3130942009375	0	0.153	0.027	0.0615449248642187	0.3130942009375	long	20000	A47	2160	720	0	300	0.2	DIAG	LAT
140	2	0.174395012471701	1.10212748458333	0	0	0	0.174395012471701	1.10212748458333	long	20000	A47	2160	720	0	300	0.2	DIAG	LAT
141	3	0.163999185572049	1.22437101972222	0	0.001	0	0.163999185572049	1.22437101972222	long	20000	A47	2160	720	0	300	0.2	DIAG	LAT
142	1	-0.0124649629779513	0.1209108265625	0	0.785	0.315	-0.0124649629779513	0.1209108265625	long	20000	A48	2160	720	0	300	0.2	DIAG	LAT
143	2	0.015619692080382	0.380502601753472	0	0.768	0.002	0.015619692080382	0.380502601753472	long	20000	A48	2160	720	0	300	0.2	DIAG	LAT
144	3	0.0117547799602431	0.414972030434028	0	0.802	0	0.0117547799602431	0.414972030434028	long	20000	A48	2160	720	0	300	0.2	DIAG	LAT
145	1	-0.0731886918872916	-0.0131861064409722	0	0.104	0.914	-0.0731886918872916	-0.0131861064409722	long	20000	A49	2160	720	0	300	0.2	DIAG	LAT
146	2	0.0181734003096181	0.718469224826389	0	0.653	0	0.0181734003096181	0.718469224826389	long	20000	A49	2160	720	0	300	0.2	DIAG	LAT
147	3	0.0176094844822049	0.725869042118056	0	0.668	0	0.0176094844822049	0.725869042118056	long	20000	A49	2160	720	0	300	0.2	DIAG	LAT
148	1	0.0289385132818924	-0.292889900538195	0	0.509	0.022	0.0289385132818924	-0.292889900538195	long	20000	A50	2160	720	0	300	0.2	DIAG	LAT
149	2	0.0394063397240973	-0.186494603732639	0	0.342	0.156	0.0394063397240973	-0.186494603732639	long	20000	A50	2160	720	0	300	0.2	DIAG	LAT
150	3	0.0358367154555556	-0.0904019915625	0	0.384	0.475	0.0358367154555556	-0.0904019915625	long	20000	A50	2160	720	0	300	0.2	DIAG	LAT
151	1	-0.0535823428050347	-0.00218343156250002	0	0.299	0.986	-0.0535823428050347	-0.00218343156250002	long	20000	A51	2160	720	0	300	0.2	DIAG	LAT
152	2	-0.125623167498438	-0.427864826128472	0	0.011	0	-0.125623167498438	-0.427864826128472	long	20000	A51	2160	720	0	300	0.2	DIAG	LAT
153	3	-0.123381250619444	-0.415282389774306	0	0.008	0	-0.123381250619444	-0.415282389774306	long	20000	A51	2160	720	0	300	0.2	DIAG	LAT
154	1	0.0633047438630902	-0.0212464170833334	0	0.197	0.855	0.0633047438630902	-0.0212464170833334	long	20000	A52	2160	720	0	300	0.2	DIAG	LAT
155	2	0.184173879823698	0.777013982152778	0	0	0	0.184173879823698	0.777013982152778	long	20000	A52	2160	720	0	300	0.2	DIAG	LAT
156	3	0.186518573244271	0.812396957361111	0	0	0	0.186518573244271	0.812396957361111	long	20000	A52	2160	720	0	300	0.2	DIAG	LAT
157	1	0.0255838626173266	-0.00718070906249998	0	0.599	0.963	0.0255838626173266	-0.00718070906249998	long	20000	A53	2160	720	0	300	0.2	DIAG	LAT
158	2	0.0919961085269099	0.288052925972222	0	0.054	0.015	0.0919961085269099	0.288052925972222	long	20000	A53	2160	720	0	300	0.2	DIAG	LAT
159	3	0.0891361729829862	0.256221916909722	0	0.076	0.033	0.0891361729829862	0.256221916909722	long	20000	A53	2160	720	0	300	0.2	DIAG	LAT
160	1	0.017498633658507	0.230951534444444	0	0.699	0.084	0.017498633658507	0.230951534444444	long	20000	A54	2160	720	0	300	0.2	DIAG	LAT
161	2	-0.0510526845600698	-0.284916548159723	0	0.286	0.025	-0.0510526845600698	-0.284916548159723	long	20000	A54	2160	720	0	300	0.2	DIAG	LAT
162	3	-0.0489829929260416	-0.252542992986111	0	0.29	0.051	-0.0489829929260416	-0.252542992986111	long	20000	A54	2160	720	0	300	0.2	DIAG	LAT
163	1	-0.0653862605879864	-0.0824452274479168	0	0.118	0.537	-0.0653862605879864	-0.0824452274479168	long	20000	A55	2160	720	0	300	0.2	DIAG	LAT
164	2	-0.0147507497290973	0.331192079288195	0	0.718	0.006	-0.0147507497290973	0.331192079288195	long	20000	A55	2160	720	0	300	0.2	DIAG	LAT
165	3	-0.0162250021796876	0.2341785209375	0	0.681	0.056	-0.0162250021796876	0.2341785209375	long	20000	A55	2160	720	0	300	0.2	DIAG	LAT
166	1	-0.0116220733154514	0.103060908194444	0	0.814	0.406	-0.0116220733154514	0.103060908194444	long	20000	A56	2160	720	0	300	0.2	DIAG	LAT
167	2	0.0214864804606493	0.300307982934028	0	0.649	0.015	0.0214864804606493	0.300307982934028	long	20000	A56	2160	720	0	300	0.2	DIAG	LAT
168	3	0.0189558527946181	0.343371377239583	0	0.676	0.005	0.0189558527946181	0.343371377239583	long	20000	A56	2160	720	0	300	0.2	DIAG	LAT
169	1	0.0221661391552083	0.0925423374826389	0	0.628	0.471	0.0221661391552083	0.0925423374826389	long	20000	A57	2160	720	0	300	0.2	DIAG	LAT
170	2	0.0763004506465278	0.521271368211806	0	0.079	0.001	0.0763004506465278	0.521271368211806	long	20000	A57	2160	720	0	300	0.2	DIAG	LAT
171	3	0.0751819300072917	0.44582917921875	0	0.112	0	0.0751819300072917	0.44582917921875	long	20000	A57	2160	720	0	300	0.2	DIAG	LAT
172	1	0.0339640164152777	0.114533097881944	0	0.437	0.385	0.0339640164152777	0.114533097881944	long	20000	A58	2160	720	0	300	0.2	DIAG	LAT
173	2	-0.0708255423131944	-0.73068366640625	0	0.108	0	-0.0708255423131944	-0.73068366640625	long	20000	A58	2160	720	0	300	0.2	DIAG	LAT
174	3	-0.077323968701389	-0.754824076371528	0	0.087	0	-0.077323968701389	-0.754824076371528	long	20000	A58	2160	720	0	300	0.2	DIAG	LAT
175	1	0.00822912280243058	0.126356791006944	0	0.869	0.364	0.00822912280243058	0.126356791006944	long	20000	A59	2160	720	0	300	0.2	DIAG	LAT
176	2	0.146757498040399	0.814277176875	0	0	0	0.146757498040399	0.814277176875	long	20000	A59	2160	720	0	300	0.2	DIAG	LAT
177	3	0.148654914174184	0.841898584409721	0	0.001	0	0.148654914174184	0.841898584409721	long	20000	A59	2160	720	0	300	0.2	DIAG	LAT
178	1	0.0135281662325868	-0.1359938659375	0	0.765	0.283	0.0135281662325868	-0.1359938659375	long	20000	A60	2160	720	0	300	0.2	DIAG	LAT
179	2	-0.0406059166041668	-0.424375501753472	0	0.397	0.002	-0.0406059166041668	-0.424375501753472	long	20000	A60	2160	720	0	300	0.2	DIAG	LAT
180	3	-0.0362866515334722	-0.298787544704862	0	0.449	0.028	-0.0362866515334722	-0.298787544704862	long	20000	A60	2160	720	0	300	0.2	DIAG	LAT
181	1	-0.0450484941102431	0.122245882395833	0	0.361	0.394	-0.0450484941102431	0.122245882395833	long	20000	A61	2160	720	0	300	0.2	DIAG	LAT
182	2	-0.0178091975581251	0.356391401979167	0	0.733	0.004	-0.0178091975581251	0.356391401979167	long	20000	A61	2160	720	0	300	0.2	DIAG	LAT
183	3	-0.0129434108876736	0.270471405659722	0	0.792	0.047	-0.0129434108876736	0.270471405659722	long	20000	A61	2160	720	0	300	0.2	DIAG	LAT
184	1	0.0245457466274306	0.0224742798437501	0	0.554	0.847	0.0245457466274306	0.0224742798437501	long	20000	A62	2160	720	0	300	0.2	DIAG	LAT
185	2	0.0560639034258681	0.207433897795139	0	0.225	0.129	0.0560639034258681	0.207433897795139	long	20000	A62	2160	720	0	300	0.2	DIAG	LAT
186	3	0.0594840707506945	0.287982738038195	0	0.189	0.024	0.0594840707506945	0.287982738038195	long	20000	A62	2160	720	0	300	0.2	DIAG	LAT
187	1	0.0234234603130208	0.138121906336806	0	0.621	0.256	0.0234234603130208	0.138121906336806	long	20000	A63	2160	720	0	300	0.2	DIAG	LAT
188	2	0.0263920108144097	0.106877521614583	0	0.551	0.375	0.0263920108144097	0.106877521614583	long	20000	A63	2160	720	0	300	0.2	DIAG	LAT
189	3	0.0298377341793403	0.11717435640625	0	0.503	0.331	0.0298377341793403	0.11717435640625	long	20000	A63	2160	720	0	300	0.2	DIAG	LAT
190	1	-0.0106523042618055	0.0107845875520836	0	0.836	0.936	-0.0106523042618055	0.0107845875520836	long	20000	A64	2160	720	0	300	0.2	DIAG	LAT
191	2	-0.0338980896289932	-0.228224660625	0	0.518	0.069	-0.0338980896289932	-0.228224660625	long	20000	A64	2160	720	0	300	0.2	DIAG	LAT
192	3	-0.0314929290996528	-0.225577102152778	0	0.57	0.073	-0.0314929290996528	-0.225577102152778	long	20000	A64	2160	720	0	300	0.2	DIAG	LAT
193	1	0.0594061127361111	0.0667771502951388	0	0.256	0.634	0.0594061127361111	0.0667771502951388	long	20000	A65	2160	720	0	300	0.2	DIAG	LAT
194	2	0.10743216473125	0.451551063072917	0	0.026	0.001	0.10743216473125	0.451551063072917	long	20000	A65	2160	720	0	300	0.2	DIAG	LAT
195	3	0.110528472626041	0.399892735590277	0	0.027	0	0.110528472626041	0.399892735590277	long	20000	A65	2160	720	0	300	0.2	DIAG	LAT
196	1	0.0304738293628472	0.326767189548611	0	0.527	0.017	0.0304738293628472	0.326767189548611	long	20000	A66	2160	720	0	300	0.2	DIAG	LAT
197	2	-0.0366626567311634	-0.33143996484375	0	0.424	0.013	-0.0366626567311634	-0.33143996484375	long	20000	A66	2160	720	0	300	0.2	DIAG	LAT
198	3	-0.0331090870557466	-0.349661321840277	0	0.498	0.003	-0.0331090870557466	-0.349661321840277	long	20000	A66	2160	720	0	300	0.2	DIAG	LAT
199	1	-0.0276520063125349	0.138088786527778	0	0.564	0.305	-0.0276520063125349	0.138088786527778	long	20000	A67	2160	720	0	300	0.2	DIAG	LAT
200	2	-0.0897656269519095	-0.284077301510416	0	0.066	0.016	-0.0897656269519095	-0.284077301510416	long	20000	A67	2160	720	0	300	0.2	DIAG	LAT
201	3	-0.0875978248859896	-0.240953046874999	0	0.063	0.062	-0.0875978248859896	-0.240953046874999	long	20000	A67	2160	720	0	300	0.2	DIAG	LAT
202	1	0.0673654186138889	-0.0409848500173612	0	0.183	0.752	0.0673654186138889	-0.0409848500173612	long	20000	A68	2160	720	0	300	0.2	DIAG	LAT
203	2	0.203669325848611	1.03111489739583	0	0	0	0.203669325848611	1.03111489739583	long	20000	A68	2160	720	0	300	0.2	DIAG	LAT
204	3	0.196238278135764	0.990501271996527	0	0	0	0.196238278135764	0.990501271996527	long	20000	A68	2160	720	0	300	0.2	DIAG	LAT
205	1	-0.0750871958347222	-0.0129914903645834	0	0.136	0.908	-0.0750871958347222	-0.0129914903645834	long	20000	A69	2160	720	0	300	0.2	DIAG	LAT
206	2	0.0956702678880208	1.18136636269097	0	0.056	0	0.0956702678880208	1.18136636269097	long	20000	A69	2160	720	0	300	0.2	DIAG	LAT
207	3	0.0977402111883682	1.22871756333333	0	0.039	0	0.0977402111883682	1.22871756333333	long	20000	A69	2160	720	0	300	0.2	DIAG	LAT
208	1	-0.00467481984201387	0.022456470121528	0	0.909	0.867	-0.00467481984201387	0.022456470121528	long	20000	A70	2160	720	0	300	0.2	DIAG	LAT
209	2	0.0526155316234375	0.441625456875	0	0.206	0.001	0.0526155316234375	0.441625456875	long	20000	A70	2160	720	0	300	0.2	DIAG	LAT
210	3	0.0529871706835069	0.494796701215278	0	0.217	0	0.0529871706835069	0.494796701215278	long	20000	A70	2160	720	0	300	0.2	DIAG	LAT
211	1	-0.0270990628175347	-0.0564860830902777	0	0.534	0.664	-0.0270990628175347	-0.0564860830902777	long	20000	A71	2160	720	0	300	0.2	DIAG	LAT
212	2	0.00357400124461809	0.233686964791667	0	0.941	0.067	0.00357400124461809	0.233686964791667	long	20000	A71	2160	720	0	300	0.2	DIAG	LAT
213	3	0.00395618556820841	0.355038819496528	0	0.93	0.003	0.00395618556820841	0.355038819496528	long	20000	A71	2160	720	0	300	0.2	DIAG	LAT
214	1	0.0128012658567708	0.158697948802083	0	0.807	0.257	0.0128012658567708	0.158697948802083	long	20000	A72	2160	720	0	300	0.2	DIAG	LAT
215	2	0.0624197569444444	0.529619060746528	0	0.204	0	0.0624197569444444	0.529619060746528	long	20000	A72	2160	720	0	300	0.2	DIAG	LAT
216	3	0.0620511142359376	0.525310303454861	0	0.2	0	0.0620511142359376	0.525310303454861	long	20000	A72	2160	720	0	300	0.2	DIAG	LAT
217	1	-0.0999096840755208	0.0230659051041667	0	0.026	0.86	-0.0999096840755208	0.0230659051041667	long	20000	A73	2160	720	0	300	0.2	DIAG	LAT
218	2	0.0124741127616319	0.828949596076389	0	0.779	0	0.0124741127616319	0.828949596076389	long	20000	A73	2160	720	0	300	0.2	DIAG	LAT
219	3	0.0135530655564236	0.820880404982639	0	0.768	0	0.0135530655564236	0.820880404982639	long	20000	A73	2160	720	0	300	0.2	DIAG	LAT
220	1	0.0117503375034722	-0.176974251666666	0	0.793	0.197	0.0117503375034722	-0.176974251666666	long	20000	A74	2160	720	0	300	0.2	DIAG	LAT
221	2	0.16225796503316	1.10536205720486	0	0	0	0.16225796503316	1.10536205720486	long	20000	A74	2160	720	0	300	0.2	DIAG	LAT
222	3	0.160895274397917	1.08571515953125	0	0	0	0.160895274397917	1.08571515953125	long	20000	A74	2160	720	0	300	0.2	DIAG	LAT
223	1	0.0124506367924305	-0.0414597037152779	0	0.802	0.751	0.0124506367924305	-0.0414597037152779	long	20000	A75	2160	720	0	300	0.2	DIAG	LAT
224	2	0.135335346811979	0.973238175434027	0	0.01	0	0.135335346811979	0.973238175434027	long	20000	A75	2160	720	0	300	0.2	DIAG	LAT
225	3	0.140064664103299	1.0059600234375	0	0.011	0	0.140064664103299	1.0059600234375	long	20000	A75	2160	720	0	300	0.2	DIAG	LAT
226	1	-0.033942502558125	-0.0124388271701389	0	0.493	0.932	-0.033942502558125	-0.0124388271701389	long	20000	A76	2160	720	0	300	0.2	DIAG	LAT
227	2	0.0095820381782986	0.4411697778125	0	0.851	0.002	0.0095820381782986	0.4411697778125	long	20000	A76	2160	720	0	300	0.2	DIAG	LAT
228	3	0.00621259819461805	0.380162602465278	0	0.91	0.008	0.00621259819461805	0.380162602465278	long	20000	A76	2160	720	0	300	0.2	DIAG	LAT
229	1	-0.0164698932162847	0.0813907879513889	0	0.758	0.552	-0.0164698932162847	0.0813907879513889	long	20000	A77	2160	720	0	300	0.2	DIAG	LAT
230	2	-0.0183966900055555	0.00572755362847251	0	0.682	0.97	-0.0183966900055555	0.00572755362847251	long	20000	A77	2160	720	0	300	0.2	DIAG	LAT
231	3	-0.00668879921614594	0.132882785625	0	0.897	0.308	-0.00668879921614594	0.132882785625	long	20000	A77	2160	720	0	300	0.2	DIAG	LAT
232	1	-0.0245918408211805	0.145327884982639	0	0.559	0.283	-0.0245918408211805	0.145327884982639	long	20000	A78	2160	720	0	300	0.2	DIAG	LAT
233	2	-0.045010149753993	0.0142282807291667	0	0.266	0.895	-0.045010149753993	0.0142282807291667	long	20000	A78	2160	720	0	300	0.2	DIAG	LAT
234	3	-0.0451925029574651	0.00245297380208331	0	0.27	0.981	-0.0451925029574651	0.00245297380208331	long	20000	A78	2160	720	0	300	0.2	DIAG	LAT
235	1	-0.0394332040994791	-0.00699214881944453	0	0.39	0.955	-0.0394332040994791	-0.00699214881944453	long	20000	A79	2160	720	0	300	0.2	DIAG	LAT
236	2	-0.114034625337014	-0.495977448663194	0	0.007	0	-0.114034625337014	-0.495977448663194	long	20000	A79	2160	720	0	300	0.2	DIAG	LAT
237	3	-0.111459478288368	-0.522655316128472	0	0.017	0	-0.111459478288368	-0.522655316128472	long	20000	A79	2160	720	0	300	0.2	DIAG	LAT
238	1	0.0136728155934549	-0.135674046076389	0	0.777	0.297	0.0136728155934549	-0.135674046076389	long	20000	A80	2160	720	0	300	0.2	DIAG	LAT
239	2	0.0729239525386285	0.542831275590278	0	0.114	0	0.0729239525386285	0.542831275590278	long	20000	A80	2160	720	0	300	0.2	DIAG	LAT
240	3	0.0728402633687847	0.523395294739584	0	0.125	0.001	0.0728402633687847	0.523395294739584	long	20000	A80	2160	720	0	300	0.2	DIAG	LAT
241	1	0.00422715699809022	0.118200181006944	0	0.915	0.377	0.00422715699809022	0.118200181006944	long	20000	A81	2160	720	0	300	0.2	DIAG	LAT
242	2	0.0595493706571007	0.480894452708333	0	0.144	0	0.0595493706571007	0.480894452708333	long	20000	A81	2160	720	0	300	0.2	DIAG	LAT
243	3	0.0587256483015624	0.492707054375	0	0.179	0	0.0587256483015624	0.492707054375	long	20000	A81	2160	720	0	300	0.2	DIAG	LAT
244	1	-0.00897054197593754	-0.059320032326389	0	0.887	0.63	-0.00897054197593754	-0.059320032326389	long	20000	A82	2160	720	0	300	0.2	DIAG	LAT
245	2	0.111465802314722	0.901632662256945	0	0.028	0	0.111465802314722	0.901632662256945	long	20000	A82	2160	720	0	300	0.2	DIAG	LAT
246	3	0.109055912724305	0.94149675203125	0	0.033	0	0.109055912724305	0.94149675203125	long	20000	A82	2160	720	0	300	0.2	DIAG	LAT
247	1	-0.0405941918413194	0.142439742048611	0	0.399	0.265	-0.0405941918413194	0.142439742048611	long	20000	A83	2160	720	0	300	0.2	DIAG	LAT
248	2	-0.0904880836369444	-0.112137322829861	0	0.05	0.375	-0.0904880836369444	-0.112137322829861	long	20000	A83	2160	720	0	300	0.2	DIAG	LAT
249	3	-0.0924429567289934	-0.0858359424826383	0	0.056	0.487	-0.0924429567289934	-0.0858359424826383	long	20000	A83	2160	720	0	300	0.2	DIAG	LAT
250	1	-0.0586039733029514	-0.156200512916667	0	0.188	0.238	-0.0586039733029514	-0.156200512916667	long	20000	A84	2160	720	0	300	0.2	DIAG	LAT
251	2	0.00652258935416668	0.473835395763889	0	0.882	0	0.00652258935416668	0.473835395763889	long	20000	A84	2160	720	0	300	0.2	DIAG	LAT
252	3	0.00588378580381939	0.285890925989583	0	0.879	0.02	0.00588378580381939	0.285890925989583	long	20000	A84	2160	720	0	300	0.2	DIAG	LAT
253	1	-0.0351672778660417	0.0119585208680555	0	0.416	0.922	-0.0351672778660417	0.0119585208680555	long	20000	A85	2160	720	0	300	0.2	DIAG	LAT
254	2	-0.132973676248281	-0.821032687430556	0	0.003	0	-0.132973676248281	-0.821032687430556	long	20000	A85	2160	720	0	300	0.2	DIAG	LAT
255	3	-0.140864031867882	-0.710992160069444	0	0	0	-0.140864031867882	-0.710992160069444	long	20000	A85	2160	720	0	300	0.2	DIAG	LAT
256	1	-0.000508700264079896	0.0449971257986111	0	0.994	0.722	-0.000508700264079896	0.0449971257986111	long	20000	A86	2160	720	0	300	0.2	DIAG	LAT
257	2	-0.0330538056836806	-0.115686726267361	0	0.489	0.306	-0.0330538056836806	-0.115686726267361	long	20000	A86	2160	720	0	300	0.2	DIAG	LAT
258	3	-0.0347608079494792	-0.0940865473437502	0	0.458	0.414	-0.0347608079494792	-0.0940865473437502	long	20000	A86	2160	720	0	300	0.2	DIAG	LAT
259	1	-0.00430094533385414	-0.130753980190972	0	0.932	0.364	-0.00430094533385414	-0.130753980190972	long	20000	A87	2160	720	0	300	0.2	DIAG	LAT
260	2	0.0318292499505209	0.0859338043750002	0	0.501	0.583	0.0318292499505209	0.0859338043750002	long	20000	A87	2160	720	0	300	0.2	DIAG	LAT
261	3	0.03457051651	0.0894934894270835	0	0.473	0.514	0.03457051651	0.0894934894270835	long	20000	A87	2160	720	0	300	0.2	DIAG	LAT
262	1	0.0144727248062499	-0.031691219861111	0	0.776	0.802	0.0144727248062499	-0.031691219861111	long	20000	A88	2160	720	0	300	0.2	DIAG	LAT
263	2	-0.0613371979135416	-0.558413458420139	0	0.196	0	-0.0613371979135416	-0.558413458420139	long	20000	A88	2160	720	0	300	0.2	DIAG	LAT
264	3	-0.060195961846007	-0.555497099739584	0	0.227	0	-0.060195961846007	-0.555497099739584	long	20000	A88	2160	720	0	300	0.2	DIAG	LAT
265	1	0.0128168230965625	0.0450953206944442	0	0.799	0.752	0.0128168230965625	0.0450953206944442	long	20000	A89	2160	720	0	300	0.2	DIAG	LAT
266	2	-0.00126258888229168	-0.153085451579862	0	0.983	0.236	-0.00126258888229168	-0.153085451579862	long	20000	A89	2160	720	0	300	0.2	DIAG	LAT
267	3	-0.00398053152760419	-0.0764576446354166	0	0.94	0.568	-0.00398053152760419	-0.0764576446354166	long	20000	A89	2160	720	0	300	0.2	DIAG	LAT
268	1	0.0765762994586111	0.0571099615972221	0	0.107	0.663	0.0765762994586111	0.0571099615972221	long	20000	A90	2160	720	0	300	0.2	DIAG	LAT
269	2	0.169355735109757	0.743070731250001	0	0	0	0.169355735109757	0.743070731250001	long	20000	A90	2160	720	0	300	0.2	DIAG	LAT
270	3	0.1640271586625	0.68347156203125	0	0	0	0.1640271586625	0.68347156203125	long	20000	A90	2160	720	0	300	0.2	DIAG	LAT
271	1	-0.0108786803267361	0.0551278298611114	0	0.774	0.703	-0.0108786803267361	0.0551278298611114	long	20000	A91	2160	720	0	300	0.2	DIAG	LAT
272	2	-0.0424303552746528	-0.234455711284722	0	0.337	0.059	-0.0424303552746528	-0.234455711284722	long	20000	A91	2160	720	0	300	0.2	DIAG	LAT
273	3	-0.0377541209744792	-0.234017918611111	0	0.375	0.063	-0.0377541209744792	-0.234017918611111	long	20000	A91	2160	720	0	300	0.2	DIAG	LAT
274	1	-0.0121378536001736	0.179290439357639	0	0.781	0.16	-0.0121378536001736	0.179290439357639	long	20000	A92	2160	720	0	300	0.2	DIAG	LAT
275	2	-0.0129519414157986	0.15711951828125	0	0.769	0.221	-0.0129519414157986	0.15711951828125	long	20000	A92	2160	720	0	300	0.2	DIAG	LAT
276	3	-0.0134805047071528	0.14845518875	0	0.756	0.252	-0.0134805047071528	0.14845518875	long	20000	A92	2160	720	0	300	0.2	DIAG	LAT
277	1	-0.0291251484810764	-0.095711588142361	0	0.58	0.462	-0.0291251484810764	-0.095711588142361	long	20000	A93	2160	720	0	300	0.2	DIAG	LAT
278	2	-0.0212723123996528	-0.0215949319097223	0	0.683	0.877	-0.0212723123996528	-0.0215949319097223	long	20000	A93	2160	720	0	300	0.2	DIAG	LAT
279	3	-0.0215609294182292	-0.0303700086458334	0	0.644	0.823	-0.0215609294182292	-0.0303700086458334	long	20000	A93	2160	720	0	300	0.2	DIAG	LAT
280	1	-0.0414087270534722	-0.0052988110069444	0	0.323	0.964	-0.0414087270534722	-0.0052988110069444	long	20000	A94	2160	720	0	300	0.2	DIAG	LAT
281	2	-0.0727752845184027	-0.287417431753473	0	0.087	0.02	-0.0727752845184027	-0.287417431753473	long	20000	A94	2160	720	0	300	0.2	DIAG	LAT
282	3	-0.0719615389706076	-0.264714279201389	0	0.094	0.022	-0.0719615389706076	-0.264714279201389	long	20000	A94	2160	720	0	300	0.2	DIAG	LAT
283	1	0.0451059231431944	0.163519235972222	0	0.313	0.179	0.0451059231431944	0.163519235972222	long	20000	A95	2160	720	0	300	0.2	DIAG	LAT
284	2	0.0139576419819444	0.0748355676215278	0	0.751	0.543	0.0139576419819444	0.0748355676215278	long	20000	A95	2160	720	0	300	0.2	DIAG	LAT
285	3	0.0113646126985069	0.067633465954861	0	0.789	0.601	0.0113646126985069	0.067633465954861	long	20000	A95	2160	720	0	300	0.2	DIAG	LAT
286	1	0.0366546258126736	-0.208446471579861	0	0.4	0.109	0.0366546258126736	-0.208446471579861	long	20000	A96	2160	720	0	300	0.2	DIAG	LAT
287	2	0.0241736288668403	-0.233974907135417	0	0.585	0.082	0.0241736288668403	-0.233974907135417	long	20000	A96	2160	720	0	300	0.2	DIAG	LAT
288	3	0.0282717452013889	-0.223170675729166	0	0.515	0.105	0.0282717452013889	-0.223170675729166	long	20000	A96	2160	720	0	300	0.2	DIAG	LAT
289	1	-0.0718550013555556	-0.00803291970486151	0	0.146	0.948	-0.0718550013555556	-0.00803291970486151	long	20000	A97	2160	720	0	300	0.2	DIAG	LAT
290	2	0.0510713795447916	0.889600290434029	0	0.294	0	0.0510713795447916	0.889600290434029	long	20000	A97	2160	720	0	300	0.2	DIAG	LAT
291	3	0.0440446182770833	0.842874930677082	0	0.362	0	0.0440446182770833	0.842874930677082	long	20000	A97	2160	720	0	300	0.2	DIAG	LAT
292	1	0.0244994561202082	0.0884567699305556	0	0.576	0.492	0.0244994561202082	0.0884567699305556	long	20000	A98	2160	720	0	300	0.2	DIAG	LAT
293	2	-0.043608639786979	-0.442290478489584	0	0.328	0	-0.043608639786979	-0.442290478489584	long	20000	A98	2160	720	0	300	0.2	DIAG	LAT
294	3	-0.0463758079031252	-0.443520205850695	0	0.285	0	-0.0463758079031252	-0.443520205850695	long	20000	A98	2160	720	0	300	0.2	DIAG	LAT
295	1	-0.072193258096632	-0.0821770319097223	0	0.089	0.533	-0.072193258096632	-0.0821770319097223	long	20000	A99	2160	720	0	300	0.2	DIAG	LAT
296	2	-0.0999357185647079	-0.392476037708333	0	0.026	0.005	-0.0999357185647079	-0.392476037708333	long	20000	A99	2160	720	0	300	0.2	DIAG	LAT
297	3	-0.0965205310157987	-0.248896169913195	0	0.029	0.039	-0.0965205310157987	-0.248896169913195	long	20000	A99	2160	720	0	300	0.2	DIAG	LAT
298	1	-0.0400236250872048	-0.209530704670139	0	0.446	0.112	-0.0400236250872048	-0.209530704670139	long	20000	A100	2160	720	0	300	0.2	DIAG	LAT
299	2	-0.060897732681514	-0.272585039010417	0	0.213	0.042	-0.060897732681514	-0.272585039010417	long	20000	A100	2160	720	0	300	0.2	DIAG	LAT
300	3	-0.0581312926608505	-0.320433895104166	0	0.234	0.012	-0.0581312926608505	-0.320433895104166	long	20000	A100	2160	720	0	300	0.2	DIAG	LAT
