	V1	num	avg_r2	lowerci	upperci
1	1	100	0.0644504921355589	0.0564800880967606	0.0724208961743571
2	2	100	0.116674796686335	0.115928046201568	0.117421547171101
3	3	100	0.242232345961049	0.241366869324627	0.243097822597471
4	4	100	0.242453175286683	0.241588487060756	0.24331786351261
5	5	100	0.242721843355887	0.24185226658897	0.243591420122805
6	6	100	0.278461577217463	0.274089629699688	0.282833524735237
7	7	100	0.308034867357064	0.306430217969579	0.309639516744549
8	8	100	0.339306647193462	0.333336546940648	0.345276747446276
9	9	100	0.37834523912879	0.371427593657848	0.385262884599732
10	10	100	0.414997436867098	0.412326077500601	0.417668796233595
11	11	100	0.417377029702491	0.414795798365412	0.41995826103957
12	12	100	0.419526991288326	0.416995569865092	0.42205841271156
13	13	100	0.430156867958328	0.426662050773739	0.433651685142917
14	14	100	0.438746736833514	0.435017882000878	0.442475591666149
15	15	100	0.45014768188216	0.446168491153698	0.454126872610622
16	16	100	0.461752897967083	0.458291358750824	0.465214437183341
17	17	100	0.466667655211387	0.463209321417041	0.470125989005732
18	18	100	0.471855597771115	0.468537307938632	0.475173887603598
19	19	100	0.47756622806567	0.474456820564003	0.480675635567338
20	20	100	0.485594192595181	0.482039074362753	0.489149310827609
21	21	100	0.497340636332012	0.493134391126752	0.501546881537272
22	22	100	0.509642685831961	0.50504115364314	0.514244218020782
23	23	100	0.522949582003455	0.518097680985598	0.527801483021311
24	24	100	0.538032003708675	0.53332097421656	0.54274303320079
25	25	100	0.550128769138921	0.545566079266409	0.554691459011434
26	26	100	0.558248358986632	0.553527744495588	0.562968973477677
27	27	100	0.567790921602685	0.563042532473553	0.572539310731818
28	28	100	0.576409908875109	0.57131702520087	0.581502792549349
29	29	100	0.585138184161969	0.579939097267771	0.590337271056167
30	30	100	0.597769596060684	0.592158845664449	0.603380346456919
31	31	100	0.608136990942648	0.602660412478077	0.61361356940722
32	32	100	0.620297373873729	0.614923160472329	0.625671587275129
33	33	100	0.628487684736202	0.623317474160627	0.633657895311777
34	34	100	0.635784474193444	0.630662599557627	0.640906348829261
35	35	100	0.642563523031558	0.637626334977031	0.647500711086085
36	36	100	0.646611549071238	0.641845360535487	0.651377737606989
37	37	100	0.650223459140838	0.645543818951602	0.654903099330073
38	38	100	0.653591715121269	0.649131941700586	0.658051488541951
39	39	100	0.657117073063337	0.652719055535709	0.661515090590966
40	40	100	0.659624068629156	0.65524883374521	0.663999303513102
41	41	100	0.661861438559044	0.657495279015154	0.666227598102934
42	42	100	0.664056196209141	0.659741289685519	0.668371102732764
43	43	100	0.665949107654531	0.661772900090778	0.670125315218284
44	44	100	0.667784924017052	0.663745932009387	0.671823916024716
45	45	100	0.669330491704837	0.665361302796123	0.67329968061355
46	46	100	0.671028742118381	0.667073692187328	0.674983792049434
47	47	100	0.672855350582134	0.669022348031285	0.676688353132983
48	48	100	0.674700501212866	0.6709085468488	0.678492455576931
49	49	100	0.676396212629264	0.672718220271342	0.680074204987187
50	50	100	0.677772822936082	0.674118641144449	0.681427004727714
51	51	100	0.679141432363283	0.675495872048835	0.682786992677732
52	52	100	0.680229070259033	0.676612457108809	0.683845683409256
53	53	100	0.681435604216494	0.677874724481345	0.684996483951643
54	54	100	0.682729849765039	0.679162214014609	0.686297485515469
55	55	100	0.684003645930478	0.680457715944883	0.687549575916073
56	56	100	0.685049050325346	0.681555931295134	0.688542169355558
57	57	100	0.686304861374664	0.682933964238123	0.689675758511206
58	58	100	0.68747908983528	0.684114939190513	0.690843240480047
59	59	100	0.688564808179406	0.685246989470132	0.69188262688868
60	60	100	0.689716662859364	0.686457297563878	0.692976028154851
61	61	100	0.690812884199651	0.687568853895478	0.694056914503824
62	62	100	0.691761596922167	0.688533360908568	0.694989832935765
63	63	100	0.692917600202744	0.689743053164579	0.69609214724091
64	64	100	0.693964415968481	0.690787731248231	0.697141100688732
65	65	100	0.694902697932411	0.691746702282691	0.698058693582132
66	66	100	0.69578509691677	0.692627168132212	0.698943025701329
67	67	100	0.696933158575602	0.693823544927733	0.700042772223471
68	68	100	0.697904469922977	0.694801083699469	0.701007856146486
69	69	100	0.698674855306991	0.695580934867157	0.701768775746825
70	70	100	0.69962867448267	0.696531590717912	0.702725758247428
71	71	100	0.700730862975515	0.697710719225388	0.703751006725642
72	72	100	0.701529157254746	0.6984733336092	0.704584980900292
73	73	100	0.702426548031706	0.699388782689867	0.705464313373546
74	74	100	0.703212318123357	0.700137950693674	0.70628668555304
75	75	100	0.703903516563966	0.70087041887323	0.706936614254702
76	76	100	0.704809228789364	0.701777664025921	0.707840793552807
77	77	100	0.705506578810216	0.702474876377823	0.708538281242609
78	78	100	0.706343481075381	0.703291413963976	0.709395548186786
79	79	100	0.706989527187142	0.703980408392973	0.709998645981312
80	80	100	0.707606286503017	0.70460613058488	0.710606442421154
81	81	100	0.70831488875422	0.705337424297833	0.711292353210607
82	82	100	0.708807172314653	0.705819128647642	0.711795215981665
83	83	100	0.709611804283138	0.706637817116399	0.712585791449876
84	84	100	0.710629167184949	0.707618630648778	0.713639703721119
85	85	100	0.711242273544967	0.708244884625937	0.714239662463997
86	86	100	0.712003619802794	0.709054116740488	0.7149531228651
87	87	100	0.712879185023912	0.709938089020185	0.71582028102764
88	88	100	0.713730704790525	0.710825701841159	0.716635707739891
89	89	100	0.714472264337129	0.711594905974707	0.71734962269955
90	90	100	0.715107862604605	0.712264206502221	0.717951518706989
91	91	100	0.715989330793663	0.713142000498385	0.71883666108894
92	92	100	0.716744967890837	0.713863554044736	0.719626381736937
93	93	100	0.71757195816136	0.714689031730362	0.720454884592359
94	94	100	0.718208630589547	0.715320246970644	0.721097014208451
95	95	100	0.718951981738848	0.716054034223722	0.721849929253974
96	96	100	0.719776218821879	0.716846862956568	0.72270557468719
97	97	100	0.720498742695111	0.717570979761541	0.723426505628681
98	98	100	0.72122587031413	0.718320198704182	0.724131541924078
99	99	100	0.722076413926372	0.719208966882846	0.724943860969898
100	100	100	0.722617516519331	0.71973816794445	0.725496865094211
101	101	100	0.723201109404971	0.720345354030295	0.726056864779647
102	102	100	0.723870195844947	0.72100145142326	0.726738940266634
103	103	100	0.724437760427272	0.721581195750346	0.727294325104198
104	104	100	0.725064872064137	0.722237443059807	0.727892301068467
105	105	100	0.725700336720498	0.72287667127162	0.728524002169376
106	106	100	0.726275259307868	0.723448825462565	0.72910169315317
107	107	100	0.726751558212922	0.723945172160817	0.729557944265027
108	108	100	0.727286918432285	0.724477864113836	0.730095972750733
109	109	100	0.727820168174011	0.725036599774908	0.730603736573114
110	110	100	0.728441841211112	0.725621961039834	0.731261721382391
111	111	100	0.72927909802252	0.726461392990517	0.732096803054522
112	112	100	0.729788090234256	0.726986469633717	0.732589710834795
113	113	100	0.73036469545517	0.727580875388838	0.733148515521502
114	114	100	0.730839544577808	0.728059365729599	0.733619723426017
115	115	100	0.731545813541869	0.72876590102581	0.734325726057928
116	116	100	0.732119531343655	0.729331911074104	0.734907151613206
117	117	100	0.732599731876102	0.729801178886488	0.735398284865715
118	118	100	0.733272164641311	0.730459061018603	0.736085268264018
119	119	100	0.733882048038994	0.731084336187894	0.736679759890094
120	120	100	0.734387896551839	0.73158658697772	0.737189206125958
121	121	100	0.735010173019373	0.732259033906011	0.737761312132736
122	122	100	0.735492670619534	0.732715992063023	0.738269349176046
123	123	100	0.735863931100401	0.733098044624398	0.738629817576404
124	124	100	0.736498189373895	0.73373814118069	0.739258237567101
125	125	100	0.737054481878938	0.734321829343195	0.739787134414681
126	126	100	0.737528050182772	0.734798291385961	0.740257808979582
127	127	100	0.738037757607141	0.735328724257097	0.740746790957186
128	128	100	0.738599210050889	0.735918580734076	0.741279839367702
129	129	100	0.739170449765154	0.736474805131955	0.741866094398352
130	130	100	0.73979342839117	0.737124280862888	0.742462575919451
131	131	100	0.740355370643635	0.737708246596357	0.743002494690912
132	132	100	0.740807338793583	0.738154014829397	0.743460662757769
133	133	100	0.741504590066101	0.738871970023764	0.744137210108439
134	134	100	0.742176380603345	0.739575928086934	0.744776833119756
135	135	100	0.742752471921663	0.740181548398174	0.745323395445151
136	136	100	0.743247904924671	0.740695696756327	0.745800113093015
137	137	100	0.743904254834993	0.741345776092141	0.746462733577845
138	138	100	0.744430548086713	0.741877617182604	0.746983478990821
139	139	100	0.745196237408552	0.742658507094547	0.747733967722557
140	140	100	0.745669308565608	0.74314557130155	0.748193045829667
141	141	100	0.746200601401807	0.743679076903589	0.748722125900025
142	142	100	0.746664606956084	0.744118128627161	0.749211085285007
143	143	100	0.747286369454177	0.744748172653768	0.749824566254586
144	144	100	0.747818747852356	0.745310655030513	0.750326840674199
145	145	100	0.748251530852514	0.74573385404772	0.750769207657308
146	146	100	0.748835564425474	0.746325420196538	0.75134570865441
147	147	100	0.749319707501182	0.746788515665471	0.751850899336894
148	148	100	0.749995191460289	0.747504704082258	0.752485678838319
149	149	100	0.750438222875425	0.747941646006582	0.752934799744269
150	150	100	0.750909819046496	0.748419426906959	0.753400211186032
151	151	100	0.751276418009128	0.748795146513229	0.753757689505028
152	152	100	0.751691422917551	0.749233793754063	0.754149052081039
153	153	100	0.752307657075157	0.74983199007168	0.754783324078634
154	154	100	0.752759426147881	0.750261146695916	0.755257705599847
155	155	100	0.753269649304634	0.750783106625005	0.755756191984263
156	156	100	0.753823447431703	0.751326692031547	0.756320202831859
157	157	100	0.754338676588988	0.751843029334167	0.756834323843809
158	158	100	0.754772982556284	0.752275504193556	0.757270460919013
159	159	100	0.755163136216824	0.752656314736087	0.757669957697561
160	160	100	0.755587421588362	0.753084807719655	0.758090035457069
161	161	100	0.755951583764305	0.753459818922708	0.758443348605902
162	162	100	0.756503460252188	0.754024184938133	0.758982735566243
163	163	100	0.75695454458247	0.754484279158299	0.759424810006642
164	164	100	0.757374395964021	0.754903962853167	0.759844829074875
165	165	100	0.757827157363689	0.755356591359649	0.760297723367729
166	166	100	0.758223147521319	0.755766004011572	0.760680291031066
167	167	100	0.758732720070439	0.756287081464237	0.761178358676641
168	168	100	0.759211863500632	0.756786239064114	0.761637487937149
169	169	100	0.759678716249545	0.757257055864889	0.762100376634202
170	170	100	0.760118374761113	0.757682703657107	0.762554045865119
171	171	100	0.760520967054239	0.758088569604618	0.76295336450386
172	172	100	0.760946352898375	0.758512636160251	0.763380069636498
173	173	100	0.761332317729219	0.758898861723817	0.76376577373462
174	174	100	0.761789944062938	0.759369936680464	0.764209951445412
175	175	100	0.762176430860296	0.759752563770886	0.764600297949706
176	176	100	0.762643306342685	0.76022792471704	0.765058687968329
177	177	100	0.763037775648223	0.76062159566898	0.765453955627466
178	178	100	0.763417959637366	0.760981780577973	0.765854138696759
179	179	100	0.763814423086279	0.76138307118315	0.766245774989408
180	180	100	0.764212361436859	0.761785015065045	0.766639707808673
181	181	100	0.764702163065365	0.7622848635942	0.76711946253653
182	182	100	0.765192605330167	0.762788121129437	0.767597089530898
183	183	100	0.765646819618997	0.763255248763231	0.768038390474763
184	184	100	0.766056143066978	0.763666533134084	0.768445752999873
185	185	100	0.766415571610712	0.764050773093805	0.768780370127618
186	186	100	0.766850432333368	0.764489449475717	0.769211415191019
187	187	100	0.767249167749838	0.764899107272755	0.76959922822692
188	188	100	0.767694564190153	0.765353119212051	0.770036009168255
189	189	100	0.768106063353118	0.765760631901387	0.770451494804849
190	190	100	0.768518589900072	0.766152296601895	0.77088488319825
191	191	100	0.768953746686833	0.766596008545882	0.771311484827784
192	192	100	0.769390029526553	0.767025284943051	0.771754774110054
193	193	100	0.769847355745275	0.76748813459414	0.772206576896409
194	194	100	0.77010079015861	0.767743451833212	0.772458128484007
195	195	100	0.770478085762865	0.768134165455765	0.772822006069966
196	196	100	0.770823314419952	0.768483555499727	0.773163073340178
197	197	100	0.771248301087389	0.768906901275525	0.773589700899253
198	198	100	0.771547212605722	0.769210831651273	0.773883593560171
199	199	100	0.771948908679584	0.769629651876108	0.774268165483059
200	200	100	0.772350496099651	0.770034126396434	0.774666865802869
201	201	100	0.772804887518824	0.770516453902524	0.775093321135124
202	202	100	0.773134515543851	0.770859803806163	0.775409227281539
203	203	100	0.773508905980015	0.771232362794161	0.77578544916587
204	204	100	0.774011297444031	0.771722318958623	0.776300275929439
205	205	100	0.774350972032181	0.772063717085108	0.776638226979254
206	206	100	0.774640849133835	0.772357551512125	0.776924146755546
207	207	100	0.775052825283055	0.77277774940093	0.777327901165179
208	208	100	0.775495599796256	0.773238357214246	0.777752842378266
209	209	100	0.775860717807504	0.773620338782572	0.778101096832436
210	210	100	0.776213687854129	0.773980740341838	0.77844663536642
211	211	100	0.776601824679366	0.774379302276696	0.778824347082035
212	212	100	0.777016821295645	0.774805837426237	0.779227805165053
213	213	100	0.777459846315646	0.775254495122286	0.779665197509006
214	214	100	0.777869063372833	0.775662246726197	0.78007588001947
215	215	100	0.778218477920964	0.7760152976559	0.780421658186028
216	216	100	0.778598964395978	0.776380812903701	0.780817115888255
217	217	100	0.778921852211705	0.776721188764551	0.781122515658859
218	218	100	0.779446404216013	0.77727203216111	0.781620776270916
219	219	100	0.779724180788801	0.7775514548804	0.781896906697202
220	220	100	0.780029527006677	0.777857851036141	0.782201202977214
221	221	100	0.780376003544513	0.778207310234073	0.782544696854954
222	222	100	0.780809741467517	0.778651105028	0.782968377907034
223	223	100	0.78114337122608	0.778977200880187	0.783309541571974
224	224	100	0.781449955934526	0.779285552070044	0.783614359799007
225	225	100	0.781827568609699	0.779687095935085	0.783968041284312
226	226	100	0.78219101805959	0.780058543097221	0.784323493021959
227	227	100	0.782486278066773	0.780342583710353	0.784629972423192
228	228	100	0.782837248537151	0.780677060015461	0.78499743705884
229	229	100	0.783275300477879	0.781106144586046	0.785444456369712
230	230	100	0.783689938209041	0.781530256975198	0.785849619442884
231	231	100	0.784051187508853	0.781899389658718	0.786202985358988
232	232	100	0.784528259675625	0.782385257905279	0.786671261445971
233	233	100	0.784940925152055	0.782802286699885	0.787079563604225
234	234	100	0.78533604376478	0.783220457925325	0.787451629604235
235	235	100	0.785621429161239	0.783512260801965	0.787730597520513
236	236	100	0.786032804430811	0.783935112915139	0.788130495946482
237	237	100	0.786449411982586	0.784349862671212	0.788548961293961
238	238	100	0.786718040392874	0.784625951081865	0.788810129703883
239	239	100	0.787080878637051	0.784992044989569	0.789169712284534
240	240	100	0.787505191027723	0.785422533120705	0.789587848934742
241	241	100	0.787883659079844	0.785798803825081	0.789968514334606
242	242	100	0.788210246124639	0.786125604327238	0.79029488792204
243	243	100	0.788497812324896	0.786411519293046	0.790584105356747
244	244	100	0.788890746413571	0.786803239104554	0.790978253722587
245	245	100	0.789170356503592	0.787068907456959	0.791271805550226
246	246	100	0.789535919404465	0.78744177234154	0.79163006646739
247	247	100	0.789894646692342	0.787796044104904	0.791993249279779
248	248	100	0.79023818706697	0.788153704259329	0.792322669874611
249	249	100	0.790586309317248	0.788505110592931	0.792667508041565
250	250	100	0.790951769880542	0.788875614397247	0.793027925363837
251	251	100	0.791239617190104	0.789173067437987	0.79330616694222
252	252	100	0.791574575583903	0.789507906325443	0.793641244842362
253	253	100	0.791903240450823	0.789841685129711	0.793964795771934
254	254	100	0.792216590389361	0.790164597102612	0.79426858367611
255	255	100	0.792528714625849	0.790470273465852	0.794587155785847
256	256	100	0.792850342474242	0.790816894050126	0.794883790898358
257	257	100	0.79322933469532	0.791213666170875	0.795245003219765
258	258	100	0.793569093172857	0.791560135238734	0.795578051106979
259	259	100	0.793867332058582	0.791865540685528	0.795869123431635
260	260	100	0.794238807044839	0.79222646026299	0.796251153826687
261	261	100	0.794623441454219	0.792645518388367	0.796601364520071
262	262	100	0.794887719766777	0.792906504959815	0.796868934573738
263	263	100	0.795272122761815	0.793262874539256	0.797281370984373
264	264	100	0.795592337253046	0.793602184332241	0.797582490173851
265	265	100	0.795859696246852	0.793876805804823	0.797842586688881
266	266	100	0.796172720119522	0.794183789149378	0.798161651089666
267	267	100	0.796568598927881	0.794593734407273	0.798543463448489
268	268	100	0.796884491924185	0.794923099404911	0.79884588444346
269	269	100	0.797189866848953	0.795241783676678	0.799137950021228
270	270	100	0.797453528538012	0.795507281817025	0.799399775259
271	271	100	0.797700233479814	0.795757218933008	0.79964324802662
272	272	100	0.79805022497895	0.796118404276993	0.799982045680908
273	273	100	0.798396644936812	0.796460843020802	0.800332446852822
274	274	100	0.798724275766659	0.79678874855056	0.800659802982758
275	275	100	0.799046880519536	0.797107964954984	0.800985796084088
276	276	100	0.799355702804216	0.797419631489079	0.801291774119352
277	277	100	0.799667018371151	0.797736414809497	0.801597621932805
278	278	100	0.799926696018078	0.797995047668247	0.801858344367908
279	279	100	0.800310172164593	0.798388222548129	0.802232121781057
280	280	100	0.8005559783093	0.798637832828028	0.802474123790571
281	281	100	0.800815008981953	0.798901349362503	0.802728668601404
282	282	100	0.801137174184081	0.799228214215935	0.803046134152227
283	283	100	0.801409993096481	0.799498401343841	0.80332158484912
284	284	100	0.801780584239505	0.799894016198284	0.803667152280726
285	285	100	0.802039597164875	0.800163407176067	0.803915787153684
286	286	100	0.802357177253847	0.800490976012	0.804223378495694
287	287	100	0.802645461666811	0.800790937699784	0.804499985633839
288	288	100	0.802980704986966	0.801130493378556	0.804830916595376
289	289	100	0.803335319386752	0.801486600540778	0.805184038232726
290	290	100	0.803664921825257	0.801819492436156	0.805510351214359
291	291	100	0.803982702538206	0.802157045291977	0.805808359784435
292	292	100	0.804256809162656	0.802437615011249	0.806076003314062
293	293	100	0.804571779738027	0.802755957778758	0.806387601697297
294	294	100	0.804898206577044	0.803093182991969	0.806703230162118
295	295	100	0.805187585891054	0.803379638279825	0.806995533502283
296	296	100	0.805508580357515	0.803698535334214	0.807318625380816
297	297	100	0.805776448233916	0.803974949517778	0.807577946950054
298	298	100	0.806040705866833	0.804245454061664	0.807835957672003
299	299	100	0.80630928357203	0.804525165955779	0.808093401188282
300	300	100	0.806700547517477	0.804915663565926	0.808485431469028
301	301	100	0.806987791433512	0.805205094824868	0.808770488042157
302	302	100	0.807266112580246	0.805475764777822	0.809056460382669
303	303	100	0.807614003839728	0.805827933301207	0.809400074378249
304	304	100	0.807884388723295	0.80610186298115	0.809666914465439
305	305	100	0.808178846448428	0.806401237083721	0.809956455813135
306	306	100	0.808470620624331	0.806685729836471	0.810255511412191
307	307	100	0.808818221154058	0.807025736232728	0.810610706075387
308	308	100	0.809149490092368	0.807353493365631	0.810945486819106
309	309	100	0.809448940921022	0.807665375744278	0.811232506097767
310	310	100	0.809718112417492	0.807930037232591	0.811506187602393
311	311	100	0.809980509011914	0.808203303069898	0.81175771495393
312	312	100	0.810273336821538	0.8085019579316	0.812044715711476
313	313	100	0.810622809376375	0.808858917037557	0.812386701715194
314	314	100	0.810969409481499	0.809213951697833	0.812724867265166
315	315	100	0.811224247143674	0.809465377677033	0.812983116610315
316	316	100	0.81155229613097	0.809772585438345	0.813332006823596
317	317	100	0.811831622283185	0.810061743181155	0.813601501385215
318	318	100	0.812118554744647	0.810346195935165	0.813890913554129
319	319	100	0.812469939057017	0.810705649868779	0.814234228245255
320	320	100	0.812762175091292	0.811011551021904	0.81451279916068
321	321	100	0.813018793997274	0.811272809485954	0.814764778508594
322	322	100	0.813258297738696	0.811505222685458	0.815011372791933
323	323	100	0.813572290532834	0.811811853305488	0.81533272776018
324	324	100	0.813865700690776	0.812112098036845	0.815619303344708
325	325	100	0.814185531940334	0.812443552834884	0.815927511045785
326	326	100	0.814474355744753	0.812712160617617	0.816236550871889
327	327	100	0.814753987371661	0.812984121308585	0.816523853434737
328	328	100	0.815054645712004	0.813282184200892	0.816827107223116
329	329	100	0.815296037051554	0.813510823255637	0.817081250847471
330	330	100	0.81556608198648	0.813781000204206	0.817351163768754
331	331	100	0.815835532177211	0.814046059605843	0.817625004748579
332	332	100	0.816133642189571	0.814352885834674	0.817914398544468
333	333	100	0.816376514254865	0.814605111051029	0.818147917458701
334	334	100	0.816675007483118	0.814904753228706	0.818445261737531
335	335	100	0.816962344981332	0.815181280220909	0.818743409741755
336	336	100	0.817238914654374	0.815461438041977	0.819016391266772
337	337	100	0.817566596938404	0.815795076117925	0.819338117758883
338	338	100	0.817888485632324	0.816114030312184	0.819662940952464
339	339	100	0.818243808560578	0.816487982464197	0.819999634656959
340	340	100	0.818480272330855	0.816718874444475	0.820241670217235
341	341	100	0.818793401396444	0.817022514559385	0.820564288233502
342	342	100	0.819040221139288	0.817269897735726	0.82081054454285
343	343	100	0.819277980777608	0.81751169790115	0.821044263654067
344	344	100	0.819537580471453	0.817780306332601	0.821294854610305
345	345	100	0.819772167560997	0.818010520354007	0.821533814767986
346	346	100	0.820083661926261	0.818323306398703	0.82184401745382
347	347	100	0.820362429325351	0.818619085349889	0.822105773300813
348	348	100	0.82063824137554	0.818891197318623	0.822385285432457
349	349	100	0.820867521904254	0.819123086202305	0.822611957606203
350	350	100	0.821141654477005	0.819401416013161	0.822881892940849
351	351	100	0.821505091146592	0.819786074334568	0.823224107958616
352	352	100	0.821787860279212	0.820075074828182	0.823500645730242
353	353	100	0.82203842618458	0.820331740696254	0.823745111672906
354	354	100	0.822370813679949	0.820670856847941	0.824070770511957
355	355	100	0.822625997949423	0.820920016643301	0.824331979255544
356	356	100	0.82288657893534	0.821182770878407	0.824590386992273
357	357	100	0.823165494960293	0.821466817512911	0.824864172407674
358	358	100	0.823453632334533	0.821761285172926	0.825145979496139
359	359	100	0.82376982761335	0.822078954035698	0.825460701191002
360	360	100	0.824036411639034	0.822352996033375	0.825719827244692
361	361	100	0.824261802080292	0.822578544778511	0.825945059382073
362	362	100	0.824579433265522	0.822897694062941	0.826261172468104
363	363	100	0.824845095387909	0.82315983941819	0.826530351357628
364	364	100	0.825157051044192	0.823483512797645	0.826830589290738
365	365	100	0.825506719829696	0.82382236737916	0.827191072280233
366	366	100	0.825778118660153	0.82409722258278	0.827459014737526
367	367	100	0.826021231287736	0.824332322517591	0.827710140057881
368	368	100	0.826244379778052	0.824549336929944	0.827939422626161
369	369	100	0.826493378879619	0.824806159162521	0.828180598596716
370	370	100	0.826748131715975	0.82506419360194	0.82843206983001
371	371	100	0.827066450658741	0.825379902012905	0.828752999304577
372	372	100	0.827280279881696	0.825592227648707	0.828968332114686
373	373	100	0.827547218165868	0.825855440579284	0.829238995752452
374	374	100	0.827800895371875	0.826107190802141	0.829494599941608
375	375	100	0.828107504159539	0.826414501872265	0.829800506446813
376	376	100	0.828399945869167	0.826722124470185	0.830077767268148
377	377	100	0.828638756182443	0.826961440899603	0.830316071465282
378	378	100	0.828893019708856	0.827216507731963	0.830569531685748
379	379	100	0.829149889366344	0.827471567663533	0.830828211069154
380	380	100	0.829359080584006	0.827689196907619	0.831028964260393
381	381	100	0.829710480048433	0.82803711500804	0.831383845088826
382	382	100	0.829952582667616	0.828283879865349	0.831621285469884
383	383	100	0.830154321737629	0.828482856670094	0.831825786805165
384	384	100	0.830388149625262	0.828714442822755	0.832061856427768
385	385	100	0.830623367887372	0.828943299250942	0.832303436523801
386	386	100	0.830844454907845	0.829169579519442	0.832519330296247
387	387	100	0.831104766882551	0.829421142928443	0.832788390836659
388	388	100	0.831322875070632	0.829646221392366	0.832999528748899
389	389	100	0.831559641313818	0.8298966806038	0.833222602023835
390	390	100	0.831861845650532	0.830202906047041	0.833520785254023
391	391	100	0.832175351564451	0.830523160039047	0.833827543089855
392	392	100	0.832388817817974	0.830742126950939	0.83403550868501
393	393	100	0.83258312686421	0.830929762988865	0.834236490739555
394	394	100	0.832761664729501	0.831107020504896	0.834416308954105
395	395	100	0.833036037310696	0.831393837538818	0.834678237082574
396	396	100	0.833312840660916	0.83166482631921	0.834960855002624
397	397	100	0.833531489440679	0.831890453611829	0.83517252526953
398	398	100	0.833715482132191	0.832072867357538	0.835358096906845
399	399	100	0.83396442612157	0.832333715707105	0.835595136536035
400	400	100	0.834242625389831	0.832615502501129	0.835869748278532
401	401	100	0.834539644939297	0.832919601253255	0.83615968862534
402	402	100	0.834755533613344	0.833126345351368	0.83638472187532
403	403	100	0.835042851102355	0.833405174902948	0.836680527301761
404	404	100	0.835255553692495	0.833619454012281	0.836891653372709
405	405	100	0.835479314967603	0.833845448721692	0.837113181213514
406	406	100	0.835729416468306	0.834102579373262	0.83735625356335
407	407	100	0.835905751754067	0.834285309918901	0.837526193589233
408	408	100	0.836146237854348	0.834518857690885	0.83777361801781
409	409	100	0.836351233375291	0.834731551032294	0.837970915718288
410	410	100	0.836589316170644	0.834960344527628	0.838218287813659
411	411	100	0.8368587942612	0.835231107640697	0.838486480881704
412	412	100	0.837074781046037	0.835452494330253	0.838697067761822
413	413	100	0.837398962773811	0.835772625255514	0.839025300292108
414	414	100	0.837650352341719	0.836026014346119	0.839274690337319
415	415	100	0.837932192312448	0.836324944149406	0.83953944047549
416	416	100	0.838207196003755	0.836613421366578	0.839800970640933
417	417	100	0.838464164132182	0.83687205175912	0.840056276505244
418	418	100	0.838720700040376	0.837128294900096	0.840313105180657
419	419	100	0.839003553593351	0.837415103190044	0.840592003996658
420	420	100	0.839200844611264	0.837605283445479	0.84079640577705
421	421	100	0.839450296342976	0.837862315396517	0.841038277289436
422	422	100	0.839677050747629	0.838090989622717	0.841263111872541
423	423	100	0.839922991362369	0.838337137112688	0.841508845612051
424	424	100	0.840156195801129	0.838573472074264	0.841738919527995
425	425	100	0.840397179960366	0.838811570821282	0.841982789099449
426	426	100	0.840582670187516	0.83899751387467	0.842167826500362
427	427	100	0.840805128415073	0.839223318150302	0.842386938679845
428	428	100	0.84104830014402	0.839466242504641	0.842630357783399
429	429	100	0.84127064002079	0.83970028071325	0.842840999328329
430	430	100	0.841493395648868	0.839923772113502	0.843063019184234
431	431	100	0.841737233078963	0.840164336876637	0.843310129281288
432	432	100	0.841949875158848	0.840367074588063	0.843532675729632
433	433	100	0.842183390188868	0.840608107323128	0.843758673054607
434	434	100	0.842378164959109	0.840803038931541	0.843953290986677
435	435	100	0.842571325015758	0.840991695210557	0.844150954820959
436	436	100	0.842813765976447	0.841236446754777	0.844391085198116
437	437	100	0.843079157934188	0.841511209286343	0.844647106582032
438	438	100	0.843406151504367	0.841832991137531	0.844979311871203
439	439	100	0.843692228916392	0.842114214551719	0.845270243281065
440	440	100	0.843945089546639	0.842364215971261	0.845525963122017
441	441	100	0.844183757059271	0.842604866159334	0.845762647959208
442	442	100	0.844421648848137	0.842851314611771	0.845991983084503
443	443	100	0.844640439820512	0.843068025137736	0.846212854503288
444	444	100	0.844833002457648	0.843260269312839	0.846405735602456
445	445	100	0.845069323989279	0.843500621397865	0.846638026580694
446	446	100	0.845334785500511	0.843767028443342	0.846902542557679
447	447	100	0.845584053496108	0.84401617992763	0.847151927064587
448	448	100	0.845882993672395	0.84431700934422	0.84744897800057
449	449	100	0.846068455344095	0.844507247903767	0.847629662784424
450	450	100	0.846281003447333	0.844720861816216	0.847841145078449
451	451	100	0.84654151249361	0.844985431233041	0.848097593754179
452	452	100	0.846781647579749	0.845222514403858	0.84834078075564
453	453	100	0.846995370719452	0.845439574435661	0.848551167003244
454	454	100	0.847198939336426	0.845644088595989	0.848753790076863
455	455	100	0.847423545702721	0.84586578084608	0.848981310559363
456	456	100	0.847665004299419	0.846105735138997	0.849224273459842
457	457	100	0.847864207982068	0.84631192730124	0.849416488662896
458	458	100	0.848100381867029	0.846555761514889	0.849645002219169
459	459	100	0.848336642311542	0.846810389691151	0.849862894931933
460	460	100	0.848567361199521	0.847041416623897	0.850093305775145
461	461	100	0.848814057467457	0.847288534725958	0.850339580208956
462	462	100	0.849040643959912	0.847506385649645	0.850574902270179
463	463	100	0.84926601711983	0.847733481033678	0.850798553205982
464	464	100	0.84952828459333	0.848002940112566	0.851053629074094
465	465	100	0.849761990186856	0.848234150527462	0.85128982984625
466	466	100	0.849978787826087	0.8484519573185	0.851505618333674
467	467	100	0.850234352347767	0.848713203997786	0.851755500697749
468	468	100	0.85047198800784	0.848948869238254	0.851995106777427
469	469	100	0.85074465204545	0.84922276203303	0.852266542057871
470	470	100	0.850996274562159	0.84946997775942	0.852522571364898
471	471	100	0.851267213995191	0.849742431595142	0.852791996395241
472	472	100	0.851505218223213	0.849980654772346	0.85302978167408
473	473	100	0.851801138442306	0.850276696164789	0.853325580719823
474	474	100	0.852037086207641	0.850504878030326	0.853569294384957
475	475	100	0.852251480567718	0.850733054047484	0.853769907087951
476	476	100	0.852491463256443	0.850975779434968	0.854007147077919
477	477	100	0.852723779638225	0.851212685973566	0.854234873302884
478	478	100	0.852973036870478	0.851467714658668	0.854478359082288
479	479	100	0.853201629440834	0.85169641017852	0.854706848703149
480	480	100	0.853427024524035	0.851921460141099	0.854932588906971
481	481	100	0.853659876454538	0.852155025269711	0.855164727639365
482	482	100	0.853948457108854	0.85244830640452	0.855448607813187
483	483	100	0.854186191215238	0.852683713991673	0.855688668438802
484	484	100	0.854362871285156	0.852862302086698	0.855863440483614
485	485	100	0.854569996893339	0.853076560766106	0.856063433020571
486	486	100	0.854788939493769	0.85328613347671	0.856291745510829
487	487	100	0.855074875424275	0.853577964492758	0.856571786355792
488	488	100	0.855295197931904	0.853800635463153	0.856789760400656
489	489	100	0.855486252925829	0.853990062502161	0.856982443349498
490	490	100	0.855686378369055	0.854189258395259	0.857183498342851
491	491	100	0.855961895048468	0.854480107984527	0.857443682112409
492	492	100	0.856189264036978	0.854697422256532	0.857681105817424
493	493	100	0.856403817489517	0.854902042086732	0.857905592892303
494	494	100	0.856602894161897	0.855101700898988	0.858104087424805
495	495	100	0.856764207422942	0.85526676311965	0.858261651726233
496	496	100	0.856972550477735	0.855472339620289	0.858472761335181
497	497	100	0.857179345107195	0.855676764475641	0.858681925738749
498	498	100	0.85741827096511	0.855921774286669	0.858914767643552
499	499	100	0.857598267082968	0.856103432627469	0.859093101538467
500	500	100	0.857769327010213	0.856272826702235	0.85926582731819
501	501	100	0.858005420697059	0.856509343630536	0.859501497763582
502	502	100	0.858231061328208	0.856731169305494	0.859730953350922
503	503	100	0.858442675858004	0.856940188388316	0.859945163327693
504	504	100	0.858657497170969	0.857151329470388	0.860163664871549
505	505	100	0.858840160157808	0.85733454397189	0.860345776343725
506	506	100	0.859015364265586	0.857517168368288	0.860513560162884
507	507	100	0.859234973516224	0.857739996749707	0.860729950282741
508	508	100	0.859481538422362	0.857990808350845	0.86097226849388
509	509	100	0.859665758421246	0.858166447728353	0.861165069114138
510	510	100	0.859901816014034	0.85839617707289	0.861407454955178
511	511	100	0.860092338048089	0.858584853995289	0.86159982210089
512	512	100	0.860390284903296	0.858880689855463	0.861899879951129
513	513	100	0.860571739476783	0.859064252228182	0.862079226725384
514	514	100	0.860740210746497	0.859232553469833	0.86224786802316
515	515	100	0.860951152523997	0.859443858092679	0.862458446955316
516	516	100	0.861155611693029	0.859648818613364	0.862662404772694
517	517	100	0.861365492295826	0.859864301843876	0.862866682747776
518	518	100	0.861605951649919	0.860100377757544	0.863111525542294
519	519	100	0.861825185912867	0.860323790271477	0.863326581554257
520	520	100	0.86202129598476	0.860524702626203	0.863517889343318
521	521	100	0.86219791847861	0.860690872415509	0.863704964541711
522	522	100	0.862379499923171	0.860875160935554	0.863883838910788
523	523	100	0.862593036326096	0.861090080649223	0.864095992002968
524	524	100	0.86275590318268	0.861255220616066	0.864256585749295
525	525	100	0.862972154420812	0.861466324358857	0.864477984482768
526	526	100	0.863157008786553	0.861653488150132	0.864660529422975
527	527	100	0.86337375596405	0.861872065247363	0.864875446680736
528	528	100	0.863573806529049	0.862070869432774	0.865076743625323
529	529	100	0.863800577915202	0.862304554065571	0.865296601764833
530	530	100	0.864046913579671	0.862563720832919	0.865530106326424
531	531	100	0.864264686406593	0.862789635293501	0.865739737519686
532	532	100	0.864508359676115	0.863038086059407	0.865978633292822
533	533	100	0.864675128375757	0.863202779487355	0.86614747726416
534	534	100	0.86492789745469	0.863448473571042	0.866407321338337
535	535	100	0.865140338681517	0.863665554462039	0.866615122900995
536	536	100	0.865292908056418	0.863825480803428	0.866760335309408
537	537	100	0.865533571857395	0.864068677083611	0.866998466631178
538	538	100	0.865685993465483	0.864225489032789	0.867146497898176
539	539	100	0.865908567768989	0.864451531126342	0.867365604411636
540	540	100	0.86607310908265	0.864613740820773	0.867532477344527
541	541	100	0.866338445513171	0.864892771868606	0.867784119157737
542	542	100	0.866594844374283	0.865166557085191	0.868023131663376
543	543	100	0.866907022048785	0.865487593259857	0.868326450837714
544	544	100	0.867130331611668	0.865710072411768	0.868550590811568
545	545	100	0.867302510312846	0.865884553747687	0.868720466878004
546	546	100	0.867496474113137	0.866087995525576	0.868904952700699
547	547	100	0.867694682146297	0.866273419712725	0.869115944579869
548	548	100	0.867871594644892	0.866457027556529	0.869286161733254
549	549	100	0.868035531472817	0.866623435225595	0.869447627720038
550	550	100	0.868248271217379	0.866832374402099	0.869664168032658
551	551	100	0.868444043360591	0.867027580180997	0.869860506540185
552	552	100	0.868640808418031	0.867230884379712	0.87005073245635
553	553	100	0.868863518595319	0.867451042381314	0.870275994809323
554	554	100	0.869061450318587	0.867647865060769	0.870475035576404
555	555	100	0.869242093831003	0.867829323391995	0.87065486427001
556	556	100	0.869391499164292	0.867975965707682	0.870807032620903
557	557	100	0.869546915556976	0.868130772528917	0.870963058585035
558	558	100	0.869729867322366	0.868312563221771	0.87114717142296
559	559	100	0.8698782812663	0.868463399486168	0.871293163046433
560	560	100	0.870063444011378	0.868646567878015	0.87148032014474
561	561	100	0.870308742391081	0.868895734234068	0.871721750548095
562	562	100	0.870506491596462	0.86910158366323	0.871911399529695
563	563	100	0.870729058152556	0.869336745482318	0.872121370822795
564	564	100	0.870911237362967	0.869525684844287	0.872296789881648
565	565	100	0.87112837085527	0.869750045457891	0.872506696252648
566	566	100	0.871306041011066	0.869935959119931	0.872676122902201
567	567	100	0.871505639808957	0.870141750661779	0.872869528956136
568	568	100	0.871705980103752	0.870351078561639	0.873060881645865
569	569	100	0.871891070308165	0.870547281043491	0.873234859572839
570	570	100	0.872099631343293	0.87076907198294	0.873430190703646
571	571	100	0.872331697929165	0.870996084386131	0.873667311472198
572	572	100	0.872570209168306	0.871237090654554	0.873903327682058
573	573	100	0.872757730041959	0.871428423364658	0.87408703671926
574	574	100	0.872965346153677	0.871636368997281	0.874294323310073
575	575	100	0.873202158584733	0.871873975057152	0.874530342112313
576	576	100	0.873370456372991	0.872051753321382	0.874689159424599
577	577	100	0.873573612946882	0.872263471255792	0.874883754637971
578	578	100	0.873776516307266	0.872472622767192	0.87508040984734
579	579	100	0.873973470958977	0.872676375023142	0.875270566894813
580	580	100	0.874181108732645	0.872887824632749	0.87547439283254
581	581	100	0.874429214598431	0.873127394804618	0.875731034392245
582	582	100	0.874634983229359	0.873326830491771	0.875943135966947
583	583	100	0.874843010726901	0.873534121046189	0.876151900407614
584	584	100	0.875015272017582	0.873701344511029	0.876329199524134
585	585	100	0.875183133170141	0.873867517451118	0.876498748889164
586	586	100	0.875355455336687	0.87404053088582	0.876670379787553
587	587	100	0.875522719198114	0.874207088340272	0.876838350055956
588	588	100	0.875683756684638	0.874371035819062	0.876996477550213
589	589	100	0.875940725370746	0.874643397996616	0.877238052744876
590	590	100	0.876161817908117	0.874868449509969	0.877455186306264
591	591	100	0.876344187155773	0.875059023418278	0.877629350893268
592	592	100	0.876578487305115	0.875302269526743	0.877854705083487
593	593	100	0.87672903092868	0.875455837223397	0.878002224633962
594	594	100	0.876911515872747	0.875639731870347	0.878183299875147
595	595	100	0.877075663102032	0.875804177029049	0.878347149175015
596	596	100	0.877322811991192	0.876049152104745	0.87859647187764
597	597	100	0.877507006552527	0.87623421436036	0.878779798744693
598	598	100	0.877671527153034	0.876395266688763	0.878947787617305
599	599	100	0.877872459351048	0.876605320365674	0.879139598336423
600	600	100	0.878033535124838	0.876765390172709	0.879301680076966
601	601	100	0.878215099539826	0.876952671965321	0.87947752711433
602	602	100	0.878429977102314	0.877176996392878	0.879682957811749
603	603	100	0.878624063364046	0.877374421890584	0.879873704837508
604	604	100	0.878819887993103	0.87757521966408	0.880064556322126
605	605	100	0.879033576226085	0.877792279399048	0.880274873053122
606	606	100	0.879250121577633	0.878019987160158	0.880480255995107
607	607	100	0.879434301001481	0.878204744722969	0.880663857279993
608	608	100	0.879623204888667	0.878390253084873	0.880856156692461
609	609	100	0.879843339024384	0.878608445874262	0.881078232174507
610	610	100	0.880041646637822	0.878810643210146	0.881272650065497
611	611	100	0.88022628720429	0.87899417444503	0.881458399963551
612	612	100	0.880474495377679	0.879258887122508	0.881690103632851
613	613	100	0.8807138058355	0.87950689633613	0.88192071533487
614	614	100	0.880926503892391	0.879718234134185	0.882134773650596
615	615	100	0.881101567296373	0.879894709373173	0.882308425219574
616	616	100	0.881286632689912	0.880083121597964	0.88249014378186
617	617	100	0.881532343668979	0.880333505452461	0.882731181885498
618	618	100	0.88171045751519	0.880510307510305	0.882910607520075
619	619	100	0.881936229501812	0.880739135177938	0.883133323825686
620	620	100	0.882123670633009	0.880924290885585	0.883323050380433
621	621	100	0.882349861231141	0.881150466170538	0.883549256291744
622	622	100	0.882518484409094	0.881313340143458	0.88372362867473
623	623	100	0.882720631134268	0.881515196645472	0.883926065623065
624	624	100	0.882907644191328	0.881697070735156	0.8841182176475
625	625	100	0.883107635772549	0.881893386711395	0.884321884833703
626	626	100	0.883295275309486	0.882080527409967	0.884510023209004
627	627	100	0.883502024188772	0.882291719195954	0.88471232918159
628	628	100	0.883671338270434	0.882462510872663	0.884880165668206
629	629	100	0.883837798437718	0.882626032296829	0.885049564578607
630	630	100	0.883993653086356	0.882779925351276	0.885207380821436
631	631	100	0.884186674050616	0.882979040876447	0.885394307224785
632	632	100	0.884390755867398	0.883179011448209	0.885602500286587
633	633	100	0.88454384037779	0.883331564882607	0.885756115872972
634	634	100	0.884731974624179	0.883511754275146	0.885952194973212
635	635	100	0.884905322023473	0.883685927985997	0.886124716060948
636	636	100	0.885076750291308	0.883855961375792	0.886297539206824
637	637	100	0.885278919100531	0.884058788944674	0.886499049256389
638	638	100	0.885460501748305	0.884231691117486	0.886689312379124
639	639	100	0.885672865614437	0.884444967362696	0.886900763866178
640	640	100	0.885894520530369	0.884670575381019	0.88711846567972
641	641	100	0.886093451396275	0.884875352739685	0.887311550052865
642	642	100	0.886308659381926	0.88508816091145	0.887529157852402
643	643	100	0.886495262946047	0.885290266271312	0.887700259620783
644	644	100	0.886722323161202	0.885514054533517	0.887930591788888
645	645	100	0.886938371186013	0.885731453004325	0.888145289367701
646	646	100	0.887131857703475	0.885936559968679	0.88832715543827
647	647	100	0.887352772737575	0.886160497185797	0.888545048289352
648	648	100	0.887551035323364	0.886350987146994	0.888751083499735
649	649	100	0.887702069245889	0.886500223776428	0.888903914715349
650	650	100	0.887913682308317	0.886719831190115	0.889107533426519
651	651	100	0.888195063787221	0.886996093840564	0.889394033733879
652	652	100	0.888431495793251	0.887232529587045	0.889630461999458
653	653	100	0.888623531406891	0.887418894790027	0.889828168023755
654	654	100	0.888794558642281	0.887579109139325	0.890010008145237
655	655	100	0.888959491509446	0.887740560127211	0.89017842289168
656	656	100	0.88914010147113	0.887927282327541	0.890352920614719
657	657	100	0.889293346054267	0.888082084304508	0.890504607804026
658	658	100	0.88944702111973	0.888236292026303	0.890657750213157
659	659	100	0.889588903758951	0.888376281904175	0.890801525613727
660	660	100	0.889769904709406	0.888552877982382	0.89098693143643
661	661	100	0.889925319698392	0.888707175211249	0.891143464185535
662	662	100	0.890155354977356	0.888931530046607	0.891379179908105
663	663	100	0.890310221173586	0.889091419010163	0.891529023337008
664	664	100	0.890509513829778	0.889294069892117	0.89172495776744
665	665	100	0.89070733125524	0.889483232497237	0.891931430013244
666	666	100	0.89085164002268	0.889627372271298	0.892075907774062
667	667	100	0.891020698109428	0.889791302247538	0.892250093971317
668	668	100	0.891227700467738	0.890001546572696	0.89245385436278
669	669	100	0.891431802504723	0.890204126904227	0.89265947810522
670	670	100	0.891602353549753	0.890379452546205	0.892825254553302
671	671	100	0.891737311545393	0.89051841952657	0.892956203564216
672	672	100	0.891927238115722	0.890693745992653	0.893160730238792
673	673	100	0.892105204663502	0.890872022681174	0.89333838664583
674	674	100	0.892311363845852	0.891084518548169	0.893538209143534
675	675	100	0.892503070140205	0.891276248549648	0.893729891730763
676	676	100	0.892704657172185	0.891480577559855	0.893928736784514
677	677	100	0.892858203613045	0.891643888444791	0.894072518781298
678	678	100	0.893039561926941	0.891826611486439	0.894252512367443
679	679	100	0.893223600688225	0.892010804978673	0.894436396397776
680	680	100	0.893410275859326	0.892198431047623	0.89462212067103
681	681	100	0.893604665490481	0.892394928254659	0.894814402726303
682	682	100	0.893797054773177	0.892590341798622	0.895003767747732
683	683	100	0.893976194992074	0.892769687542259	0.895182702441888
684	684	100	0.894258082368	0.89305573598036	0.895460428755641
685	685	100	0.894457081659662	0.893248770840344	0.895665392478979
686	686	100	0.894648618631206	0.89343879504846	0.895858442213952
687	687	100	0.894831862055196	0.893627711291905	0.896036012818488
688	688	100	0.894978250940454	0.893771847021604	0.896184654859303
689	689	100	0.895146218572583	0.893943212169563	0.896349224975602
690	690	100	0.895390293862096	0.894184831641181	0.896595756083012
691	691	100	0.89552721046002	0.894322577198137	0.896731843721904
692	692	100	0.895696090033066	0.894489173281717	0.896903006784415
693	693	100	0.895858052291866	0.894646746926815	0.897069357656918
694	694	100	0.895982600643934	0.894772216881351	0.897192984406517
695	695	100	0.896142962558313	0.894930102419352	0.897355822697274
696	696	100	0.896357235983835	0.895136655737644	0.897577816230027
697	697	100	0.896506164078054	0.895280808294692	0.897731519861417
698	698	100	0.896646153729393	0.895417760778481	0.897874546680304
699	699	100	0.896798623113939	0.895575225906063	0.898022020321814
700	700	100	0.89696969116998	0.895746550521788	0.898192831818172
701	701	100	0.897145580379118	0.895923153100964	0.898368007657272
702	702	100	0.897325508564191	0.896107938931445	0.898543078196937
703	703	100	0.897510895388719	0.89629994026609	0.898721850511349
704	704	100	0.897704871254352	0.896496040834396	0.898913701674307
705	705	100	0.897895860915378	0.896697109096985	0.899094612733771
706	706	100	0.898053560048365	0.896853035016806	0.899254085079924
707	707	100	0.898228196469568	0.89703490926514	0.899421483673996
708	708	100	0.89836501511007	0.897169220870328	0.899560809349812
709	709	100	0.89856232389459	0.897363010045599	0.899761637743581
710	710	100	0.898745599881344	0.897546184826186	0.899945014936502
711	711	100	0.898924123710631	0.897727772290334	0.900120475130927
712	712	100	0.899080224967807	0.89788937648422	0.900271073451393
713	713	100	0.899202088070435	0.898011851555162	0.900392324585708
714	714	100	0.899342530223391	0.898153148102795	0.900531912343986
715	715	100	0.89950577010324	0.898316073171859	0.900695467034621
716	716	100	0.899678389988519	0.898483518081432	0.900873261895606
717	717	100	0.899820377200639	0.89862874776261	0.901012006638668
718	718	100	0.900011819175116	0.898828877584235	0.901194760765997
719	719	100	0.900192843602999	0.899012528497483	0.901373158708514
720	720	100	0.900389303815885	0.899206729115303	0.901571878516466
721	721	100	0.900550527631632	0.899368776996935	0.901732278266329
722	722	100	0.900736385600514	0.899560107239615	0.901912663961413
723	723	100	0.90093722427022	0.899771581254045	0.902102867286395
724	724	100	0.901129710770384	0.89997132644628	0.902288095094489
725	725	100	0.901296667222178	0.900136739301572	0.902456595142783
726	726	100	0.901442797001331	0.900283882272071	0.902601711730591
727	727	100	0.901615816918942	0.900464147493261	0.902767486344623
728	728	100	0.901783913854316	0.900629485534258	0.902938342174374
729	729	100	0.901928212841052	0.900776440917427	0.903079984764677
730	730	100	0.902108450977452	0.900955077501606	0.903261824453297
731	731	100	0.902257375142052	0.901100777513292	0.903413972770813
732	732	100	0.902457317552062	0.901311692434309	0.903602942669815
733	733	100	0.902626024229976	0.901490393625693	0.90376165483426
734	734	100	0.902812718389601	0.901685656625334	0.903939780153867
735	735	100	0.902982979671661	0.901855907079278	0.904110052264045
736	736	100	0.903147546382505	0.902027080837969	0.904268011927042
737	737	100	0.903306587530453	0.902183476469981	0.904429698590926
738	738	100	0.903463991288254	0.902337370909571	0.904590611666938
739	739	100	0.903701261029685	0.902587963008298	0.904814559051072
740	740	100	0.903889455296338	0.902773548101315	0.905005362491362
741	741	100	0.904104173106082	0.902987785782269	0.905220560429896
742	742	100	0.904312935904144	0.903206165576174	0.905419706232114
743	743	100	0.904503472344249	0.903397921347532	0.905609023340965
744	744	100	0.904676101413254	0.903570361255364	0.905781841571143
745	745	100	0.904849904697572	0.903746515934477	0.905953293460666
746	746	100	0.905068236867969	0.903956923441173	0.906179550294766
747	747	100	0.905258385068606	0.904161960730767	0.906354809406446
748	748	100	0.905408658540705	0.904317682164819	0.90649963491659
749	749	100	0.905521821711871	0.904429340746765	0.906614302676977
750	750	100	0.905731569081201	0.90464631260777	0.906816825554631
751	751	100	0.905880219350459	0.904795479647547	0.906964959053371
752	752	100	0.906078257941075	0.904995455985231	0.907161059896919
753	753	100	0.906215363965559	0.905135055336431	0.907295672594687
754	754	100	0.906401630607444	0.905329139110826	0.907474122104062
755	755	100	0.906591011517017	0.905517804349843	0.907664218684191
756	756	100	0.906756813460948	0.905678546624198	0.907835080297697
757	757	100	0.906913000056075	0.905840257938136	0.907985742174013
758	758	100	0.907075913346517	0.906004055243127	0.908147771449907
759	759	100	0.907260599272269	0.906189986083684	0.908331212460854
760	760	100	0.90747088337605	0.906397491428359	0.908544275323741
761	761	100	0.907668658452183	0.906589574217931	0.908747742686434
762	762	100	0.907856340361868	0.906773970697778	0.908938710025958
763	763	100	0.907982075909825	0.906901254349459	0.909062897470191
764	764	100	0.908140685895038	0.907061984628213	0.909219387161863
765	765	100	0.908290154745309	0.907215621237944	0.909364688252674
766	766	100	0.908456012861898	0.907383707951377	0.909528317772419
767	767	100	0.908637613872119	0.907565568154906	0.909709659589332
768	768	100	0.908833825700527	0.907763290710015	0.909904360691039
769	769	100	0.909026603445708	0.907952492844045	0.91010071404737
770	770	100	0.909168532654656	0.908095701572891	0.910241363736421
771	771	100	0.909339459843897	0.908269998156173	0.910408921531622
772	772	100	0.909465287576411	0.908391826897214	0.910538748255608
773	773	100	0.909661689486137	0.908596652176655	0.910726726795618
774	774	100	0.909827387552576	0.908758460072623	0.91089631503253
775	775	100	0.910018561354674	0.908950704621686	0.911086418087662
776	776	100	0.910170493254543	0.909103925692421	0.911237060816665
777	777	100	0.91033697570925	0.909266191196741	0.91140776022176
778	778	100	0.910509270442461	0.909444541818528	0.911573999066394
779	779	100	0.910661957406431	0.90960211152095	0.911721803291913
780	780	100	0.91078280098636	0.90972782913495	0.911837772837769
781	781	100	0.910972935214014	0.90991992632115	0.912025944106879
782	782	100	0.911098586699945	0.910045438149919	0.912151735249971
783	783	100	0.911249276107667	0.910192711003629	0.912305841211705
784	784	100	0.91142229385065	0.910366898079977	0.912477689621322
785	785	100	0.911635068279725	0.910586090295881	0.912684046263569
786	786	100	0.911833727529449	0.910790647685089	0.912876807373809
787	787	100	0.912024624797237	0.910995680797675	0.9130535687968
788	788	100	0.912172688404548	0.911143328578072	0.913202048231025
789	789	100	0.912377450642826	0.911352668872156	0.913402232413495
790	790	100	0.912526867186392	0.911500708580554	0.913553025792231
791	791	100	0.912694313839433	0.911672947261621	0.913715680417245
792	792	100	0.912867680026545	0.911845511499461	0.913889848553629
793	793	100	0.913004031282868	0.91197409956474	0.914033963000997
794	794	100	0.913192912303943	0.912170431101168	0.914215393506718
795	795	100	0.91333011355108	0.912309947564495	0.914350279537665
796	796	100	0.913474122434908	0.91245898039875	0.914489264471066
797	797	100	0.91361738161144	0.912596124911338	0.914638638311543
798	798	100	0.913796980661149	0.912778479203654	0.914815482118644
799	799	100	0.91396473627139	0.912940292101695	0.914989180441086
800	800	100	0.914151779851655	0.913126318985685	0.915177240717625
801	801	100	0.914277503214733	0.913255927482893	0.915299078946572
802	802	100	0.914437840853118	0.913417875247344	0.915457806458892
803	803	100	0.914607116822107	0.91359230420746	0.915621929436754
804	804	100	0.914752434284056	0.913738966741533	0.915765901826578
805	805	100	0.91489396038912	0.913880172197945	0.915907748580295
806	806	100	0.915046566508023	0.914031307761297	0.916061825254749
807	807	100	0.915202717847617	0.914192223712215	0.916213211983018
808	808	100	0.915390664597984	0.914381378342042	0.916399950853927
809	809	100	0.915560810942595	0.914554461349772	0.916567160535419
810	810	100	0.915730100246443	0.914723618364457	0.91673658212843
811	811	100	0.915884046229658	0.914881117510955	0.916886974948362
812	812	100	0.91603077530332	0.915027666542188	0.917033884064452
813	813	100	0.916196566893631	0.915201940887017	0.917191192900244
814	814	100	0.916330346337297	0.915331747219153	0.917328945455442
815	815	100	0.916496236000147	0.915509576748521	0.917482895251773
816	816	100	0.916631918575786	0.915639307174947	0.917624529976625
817	817	100	0.916794758279966	0.915803841261055	0.917785675298876
818	818	100	0.916969877320917	0.915987248052773	0.917952506589061
819	819	100	0.917113273853575	0.91613208692567	0.918094460781481
820	820	100	0.917259350134674	0.916281073015665	0.918237627253682
821	821	100	0.917420839377609	0.916441909932667	0.91839976882255
822	822	100	0.917548869873127	0.916572188967469	0.918525550778785
823	823	100	0.917714382419996	0.916736865635525	0.918691899204467
824	824	100	0.917846973763098	0.916875429515924	0.918818518010273
825	825	100	0.918016461821882	0.917062303295328	0.918970620348436
826	826	100	0.918170051634358	0.917211804828223	0.919128298440492
827	827	100	0.918308307751133	0.917353152425716	0.91926346307655
828	828	100	0.918482724114947	0.917523984139321	0.919441464090573
829	829	100	0.918621042839904	0.917658375121285	0.919583710558522
830	830	100	0.918791577448452	0.917830135949753	0.919753018947151
831	831	100	0.918972129319468	0.918007381020183	0.919936877618752
832	832	100	0.919119150565459	0.918153060641144	0.920085240489773
833	833	100	0.919274415033241	0.918300473472166	0.920248356594315
834	834	100	0.919431161358356	0.9184536931951	0.920408629521611
835	835	100	0.91958504835977	0.918613087846721	0.920557008872819
836	836	100	0.919735995326004	0.918762407826966	0.920709582825042
837	837	100	0.919891462547102	0.91891659900078	0.920866326093424
838	838	100	0.920048401538077	0.919072397071522	0.921024406004632
839	839	100	0.920174665782587	0.919198788027382	0.921150543537791
840	840	100	0.920312670428421	0.919339189896591	0.92128615096025
841	841	100	0.920457864526485	0.919482614380769	0.9214331146722
842	842	100	0.920581404326692	0.919605067934125	0.92155774071926
843	843	100	0.9208234581179	0.919842689692565	0.921804226543235
844	844	100	0.920987757343385	0.920007781395095	0.921967733291675
845	845	100	0.921138918989333	0.920157786014432	0.922120051964233
846	846	100	0.921311346997226	0.920328251035541	0.922294442958911
847	847	100	0.921497063675733	0.920531250767476	0.92246287658399
848	848	100	0.921660444262109	0.920698287337667	0.922622601186551
849	849	100	0.921810331821995	0.920853553373031	0.922767110270958
850	850	100	0.921970421403622	0.921018363393278	0.922922479413966
851	851	100	0.922136056784636	0.92118856378162	0.923083549787652
852	852	100	0.92229734403259	0.921356862898439	0.923237825166741
853	853	100	0.922429302643775	0.921492378849594	0.923366226437956
854	854	100	0.922616129586235	0.921682047494122	0.923550211678348
855	855	100	0.922778770114262	0.921836493920515	0.92372104630801
856	856	100	0.922950652129929	0.922002598158567	0.923898706101291
857	857	100	0.923074798032923	0.922129035018017	0.924020561047829
858	858	100	0.923271511804021	0.922328766978022	0.92421425663002
859	859	100	0.923412630638966	0.922473549477197	0.924351711800735
860	860	100	0.92359098322523	0.922657994514515	0.924523971935945
861	861	100	0.923725976740361	0.922794016720983	0.92465793675974
862	862	100	0.923868583743215	0.922940342695827	0.924796824790602
863	863	100	0.924048732796356	0.923127576655177	0.924969888937535
864	864	100	0.924199386425549	0.923278284390993	0.925120488460104
865	865	100	0.924364322044794	0.923434660222529	0.925293983867059
866	866	100	0.924550549398276	0.923616045555415	0.925485053241138
867	867	100	0.924669099597227	0.923735216626757	0.925602982567697
868	868	100	0.924861698876801	0.923937000963644	0.925786396789958
869	869	100	0.925027367114081	0.924105662529739	0.925949071698423
870	870	100	0.925175701348326	0.92426013160452	0.926091271092133
871	871	100	0.925349389075921	0.924444075066013	0.926254703085829
872	872	100	0.925490206443649	0.92458493385821	0.926395479029088
873	873	100	0.925645616939733	0.924741378968349	0.926549854911118
874	874	100	0.925809879297568	0.924905213945206	0.92671454464993
875	875	100	0.925979437273248	0.925084071007775	0.926874803538721
876	876	100	0.926112574572639	0.925220817017801	0.927004332127476
877	877	100	0.926231163650313	0.925334552546736	0.927127774753891
878	878	100	0.926429363077127	0.925534586406528	0.927324139747725
879	879	100	0.926558548645936	0.925662468713131	0.927454628578742
880	880	100	0.926759729107845	0.925871210038966	0.927648248176722
881	881	100	0.926926201841277	0.926035507226175	0.927816896456379
882	882	100	0.92706205631343	0.926177107888193	0.927947004738667
883	883	100	0.927189204419202	0.926302789289638	0.928075619548766
884	884	100	0.927375005402173	0.926494504918368	0.928255505885978
885	885	100	0.927589060771426	0.926722618283374	0.928455503259478
886	886	100	0.927742192733881	0.926871381609744	0.928613003858019
887	887	100	0.927879700031738	0.927013117650659	0.928746282412817
888	888	100	0.928041071903006	0.927176688707979	0.928905455098032
889	889	100	0.928168634288033	0.927298290555341	0.929038978020725
890	890	100	0.928327980391832	0.927461438920428	0.929194521863235
891	891	100	0.92849394894858	0.927627330448941	0.92936056744822
892	892	100	0.928658938603824	0.927794109166997	0.929523768040651
893	893	100	0.928809997428022	0.927946972506558	0.929673022349487
894	894	100	0.928951591907709	0.928086816377001	0.929816367438417
895	895	100	0.929122097378375	0.928257616898604	0.929986577858145
896	896	100	0.929283963178137	0.928417996241381	0.930149930114893
897	897	100	0.929475721376593	0.928617324078802	0.930334118674384
898	898	100	0.929688533013767	0.928832400299401	0.930544665728133
899	899	100	0.929852430836766	0.928999219732113	0.930705641941419
900	900	100	0.929982665689566	0.929132679668893	0.930832651710239
901	901	100	0.930154352894053	0.929305604226656	0.93100310156145
902	902	100	0.930306876510264	0.929454175042722	0.931159577977806
903	903	100	0.930436016184055	0.929584685086675	0.931287347281435
904	904	100	0.930613798752858	0.929761608845135	0.93146598866058
905	905	100	0.930785097377784	0.929937748875268	0.931632445880301
906	906	100	0.930940595097119	0.930086390718324	0.931794799475913
907	907	100	0.931075568275852	0.930221956024528	0.931929180527176
908	908	100	0.931241653345185	0.930392934660874	0.932090372029496
909	909	100	0.931384197438615	0.930538727574499	0.93222966730273
910	910	100	0.931514271892509	0.930669007752308	0.93235953603271
911	911	100	0.931725577711547	0.930883897141676	0.932567258281417
912	912	100	0.931866446866668	0.93102298455247	0.932709909180866
913	913	100	0.932009375788679	0.93116988653627	0.932848865041087
914	914	100	0.932142027737184	0.931299089308275	0.932984966166092
915	915	100	0.932292778765398	0.931444206963217	0.933141350567578
916	916	100	0.932503012712256	0.931650733826027	0.933355291598485
917	917	100	0.932651831912521	0.93180271279401	0.933500951031032
918	918	100	0.932785980563561	0.931946743209896	0.933625217917226
919	919	100	0.932913902221833	0.932074912345429	0.933752892098236
920	920	100	0.933059177230498	0.932219861285012	0.933898493175984
921	921	100	0.933206165697752	0.93236322453863	0.934049106856873
922	922	100	0.933360836242499	0.932518882381452	0.934202790103546
923	923	100	0.933525654720565	0.932687290542264	0.934364018898866
924	924	100	0.933659665999577	0.932823625787479	0.934495706211675
925	925	100	0.933826150287573	0.932993652184191	0.934658648390954
926	926	100	0.933979889926154	0.933148428683547	0.934811351168761
927	927	100	0.934127905912389	0.933301328702794	0.934954483121984
928	928	100	0.934303969690482	0.933479368784725	0.93512857059624
929	929	100	0.934440746683432	0.933626810786476	0.935254682580387
930	930	100	0.934591128480121	0.93377090364461	0.935411353315632
931	931	100	0.9347340732186	0.933912340591458	0.935555805845741
932	932	100	0.934881860335644	0.934062847616782	0.935700873054506
933	933	100	0.93500732593411	0.934185663688509	0.935828988179711
934	934	100	0.935159342456919	0.934333257932537	0.935985426981301
935	935	100	0.935278341612754	0.93445051913698	0.936106164088528
936	936	100	0.935450539602296	0.934618191865509	0.936282887339083
937	937	100	0.935563589440586	0.934731334682129	0.936395844199043
938	938	100	0.935719337538353	0.934887291589645	0.936551383487061
939	939	100	0.935874817175032	0.935041334510873	0.93670829983919
940	940	100	0.935998107361529	0.9351687761339	0.936827438589157
941	941	100	0.936163210776183	0.935341040469834	0.936985381082532
942	942	100	0.936313561332893	0.935490920448447	0.937136202217339
943	943	100	0.936451588103803	0.935629396394502	0.937273779813104
944	944	100	0.936596563644589	0.935775194620861	0.937417932668316
945	945	100	0.936758985940749	0.935935646047733	0.937582325833765
946	946	100	0.93692690033485	0.936098963953099	0.9377548367166
947	947	100	0.937082937657819	0.936255467292161	0.937910408023476
948	948	100	0.937235525465036	0.936406300163175	0.938064750766897
949	949	100	0.937380762462781	0.936554950648312	0.93820657427725
950	950	100	0.937520733702752	0.93670064324021	0.938340824165294
951	951	100	0.937676187342206	0.936859831295602	0.93849254338881
952	952	100	0.937823222309363	0.937008772832696	0.93863767178603
953	953	100	0.937957012408092	0.93713973891437	0.938774285901814
954	954	100	0.938098441650691	0.937277414433403	0.938919468867979
955	955	100	0.938234326274113	0.937412760019101	0.939055892529126
956	956	100	0.938366335677024	0.937543614755146	0.939189056598901
957	957	100	0.938505928236906	0.937689045371912	0.939322811101901
958	958	100	0.93867284813507	0.937866184822881	0.939479511447258
959	959	100	0.938812457109036	0.938001702623417	0.939623211594656
960	960	100	0.938966875252975	0.9381647047455	0.939769045760451
961	961	100	0.939084964303107	0.938281344725993	0.939888583880221
962	962	100	0.939226248731668	0.938428277908445	0.940024219554892
963	963	100	0.939423001414986	0.938630529672499	0.940215473157473
964	964	100	0.939550458129053	0.938756936335065	0.940343979923041
965	965	100	0.939708064830194	0.938926466356043	0.940489663304346
966	966	100	0.939857942017515	0.939076136782403	0.940639747252626
967	967	100	0.939979164920558	0.939192969555436	0.94076536028568
968	968	100	0.940112853916179	0.939320885162197	0.940904822670162
969	969	100	0.940296642566924	0.939507375890176	0.941085909243673
970	970	100	0.940409889835425	0.939622127712492	0.941197651958357
971	971	100	0.940535088640576	0.939744585036749	0.941325592244403
972	972	100	0.940686375258882	0.939901895152558	0.941470855365206
973	973	100	0.940862635031774	0.940081796237115	0.941643473826434
974	974	100	0.941064947988054	0.940282743544147	0.94184715243196
975	975	100	0.941238637836651	0.940463778244921	0.942013497428381
976	976	100	0.941357716239024	0.940581793759313	0.942133638718735
977	977	100	0.94149517016668	0.940723194898494	0.942267145434866
978	978	100	0.941617578597035	0.940846618388388	0.942388538805682
979	979	100	0.941729679449111	0.94096024959883	0.942499109299392
980	980	100	0.941839082737623	0.941078206911793	0.942599958563453
981	981	100	0.941952132195557	0.941191689009481	0.942712575381633
982	982	100	0.942105145102896	0.94134477114993	0.942865519055861
983	983	100	0.942278812008669	0.941514487530022	0.943043136487317
984	984	100	0.942400619872796	0.941630491919839	0.943170747825752
985	985	100	0.942558610322389	0.941787394491547	0.943329826153231
986	986	100	0.942693839520612	0.941919556706697	0.943468122334527
987	987	100	0.942789128764417	0.942015811547507	0.943562445981328
988	988	100	0.942938936679717	0.942166226391009	0.943711646968426
989	989	100	0.943063505035858	0.942289990851742	0.943837019219974
990	990	100	0.94321125749509	0.942442999142984	0.943979515847196
991	991	100	0.943383785970152	0.942619666099174	0.94414790584113
992	992	100	0.943551462013904	0.94278719235104	0.944315731676767
993	993	100	0.943682599417136	0.94291909670031	0.944446102133962
994	994	100	0.943872891892216	0.943114165435121	0.94463161834931
995	995	100	0.944028603491165	0.943275090642033	0.944782116340298
996	996	100	0.944153839762685	0.943393675063131	0.944914004462239
997	997	100	0.944319526199125	0.943563675424767	0.945075376973482
998	998	100	0.944505204826063	0.943750420843051	0.945259988809074
999	999	100	0.944651341424363	0.943901290170984	0.945401392677742
1000	1000	100	0.944788778611018	0.944037074950539	0.945540482271496
1001	1001	100	0.944966956305312	0.944218247395995	0.945715665214629
1002	1002	100	0.94510902399117	0.944359169440966	0.945858878541374
1003	1003	100	0.945243277879337	0.944493227944487	0.945993327814187
1004	1004	100	0.945391960344266	0.944642814367878	0.946141106320654
1005	1005	100	0.945528590477599	0.944783976803097	0.946273204152102
1006	1006	100	0.945682003510283	0.944933154062973	0.946430852957593
1007	1007	100	0.945832624460889	0.945094768935475	0.946570479986302
1008	1008	100	0.945955656693126	0.945216895443102	0.946694417943151
1009	1009	100	0.94611975011272	0.945377906684605	0.946861593540836
1010	1010	100	0.946265553088606	0.94552421413235	0.947006892044861
1011	1011	100	0.946387280066673	0.945645390707131	0.947129169426216
1012	1012	100	0.946529601278808	0.945782805209264	0.947276397348352
1013	1013	100	0.946671244430662	0.94592761236754	0.947414876493785
1014	1014	100	0.946831405931189	0.946088128003819	0.947574683858558
1015	1015	100	0.946955358368714	0.946217065306121	0.947693651431307
1016	1016	100	0.947109533372814	0.946365884501861	0.947853182243766
1017	1017	100	0.947257350085079	0.946514049952735	0.948000650217424
1018	1018	100	0.947390682768417	0.946651239677009	0.948130125859824
1019	1019	100	0.947542614275069	0.946803204942433	0.948282023607706
1020	1020	100	0.947718797369549	0.946973340669614	0.948464254069485
1021	1021	100	0.947807449329762	0.947059659272067	0.948555239387457
1022	1022	100	0.947955173275819	0.947205001494995	0.948705345056642
1023	1023	100	0.948106917309599	0.947354729571367	0.94885910504783
1024	1024	100	0.948253194742228	0.947502218898072	0.949004170586385
1025	1025	100	0.948398899221403	0.947651097337776	0.949146701105029
1026	1026	100	0.948533875723472	0.947786405670066	0.949281345776877
1027	1027	100	0.948660968281481	0.947920410045203	0.949401526517759
1028	1028	100	0.948843786062947	0.94809587746363	0.949591694662264
1029	1029	100	0.948985675977273	0.948236853359614	0.949734498594932
1030	1030	100	0.949114975091774	0.948371628356095	0.949858321827452
1031	1031	100	0.949255340990545	0.94851621418816	0.949994467792931
1032	1032	100	0.949400538040157	0.948658175325044	0.950142900755271
1033	1033	100	0.949528384838388	0.948793107692969	0.950263661983808
1034	1034	100	0.949687550531519	0.948948320794184	0.950426780268854
1035	1035	100	0.949849602549618	0.949110168208186	0.950589036891049
1036	1036	100	0.949989411762505	0.949242011735919	0.950736811789092
1037	1037	100	0.950156895680853	0.949398885446907	0.9509149059148
1038	1038	100	0.950299284507701	0.949545275194253	0.951053293821149
1039	1039	100	0.950443157012964	0.949689391033249	0.951196922992679
1040	1040	100	0.950590434590967	0.949841393492399	0.951339475689534
1041	1041	100	0.950704681574734	0.949956674919934	0.951452688229534
1042	1042	100	0.950819382697416	0.950073881698486	0.951564883696346
1043	1043	100	0.950928853925452	0.950180521706345	0.951677186144559
1044	1044	100	0.951104339354452	0.950357415951098	0.951851262757805
1045	1045	100	0.95123271211499	0.950494237397655	0.951971186832326
1046	1046	100	0.951371290352477	0.950632413292554	0.9521101674124
1047	1047	100	0.951492831376957	0.950755950157394	0.952229712596519
1048	1048	100	0.951623545484388	0.950892864311928	0.952354226656849
1049	1049	100	0.951779008332007	0.951053105001484	0.952504911662531
1050	1050	100	0.951923074046397	0.951191725933862	0.952654422158931
1051	1051	100	0.952064486192559	0.951333115023327	0.952795857361791
1052	1052	100	0.952220625109744	0.951490896577097	0.95295035364239
1053	1053	100	0.952333364166655	0.951602769082158	0.953063959251152
1054	1054	100	0.952442904950064	0.951715143127483	0.953170666772645
1055	1055	100	0.952630745548202	0.951906142345818	0.953355348750586
1056	1056	100	0.952782616010182	0.952055456517595	0.953509775502769
1057	1057	100	0.952906524472946	0.952188961247272	0.95362408769862
1058	1058	100	0.953063964552142	0.95234240040279	0.953785528701493
1059	1059	100	0.953163921136139	0.952441673057401	0.953886169214878
1060	1060	100	0.953287648609876	0.952561282233774	0.954014014985978
1061	1061	100	0.953422521024685	0.952696903962295	0.954148138087075
1062	1062	100	0.953533983775092	0.952809659865486	0.954258307684697
1063	1063	100	0.953666649023975	0.952946824049498	0.954386473998452
1064	1064	100	0.953793042064137	0.95307464335201	0.954511440776265
1065	1065	100	0.953947100041603	0.953236866761687	0.954657333321518
1066	1066	100	0.954088656036059	0.95337588363597	0.954801428436148
1067	1067	100	0.954223886048154	0.953513077795763	0.954934694300546
1068	1068	100	0.954335390769861	0.953631924058219	0.955038857481503
1069	1069	100	0.954498745159091	0.95379371795225	0.955203772365932
1070	1070	100	0.954634517792173	0.9539313989933	0.955337636591046
1071	1071	100	0.954774484094076	0.954071910117896	0.955477058070255
1072	1072	100	0.954906850351734	0.954204486518779	0.955609214184689
1073	1073	100	0.955067124426711	0.954367099866701	0.955767148986721
1074	1074	100	0.955200038503287	0.954504302794126	0.955895774212449
1075	1075	100	0.955340927832253	0.954649643833528	0.956032211830978
1076	1076	100	0.955468387155454	0.954777740898263	0.956159033412645
1077	1077	100	0.955602073921053	0.954910926204542	0.956293221637563
1078	1078	100	0.955774389531748	0.955085740589531	0.956463038473964
1079	1079	100	0.955941127368614	0.955250271197905	0.956631983539323
1080	1080	100	0.956040205554516	0.955353559698919	0.956726851410112
1081	1081	100	0.956171412593208	0.955486919432249	0.956855905754167
1082	1082	100	0.956323796441179	0.955642957929048	0.957004634953309
1083	1083	100	0.956479833240642	0.955803017276151	0.957156649205134
1084	1084	100	0.95659024552454	0.955914925545112	0.957265565503968
1085	1085	100	0.956756077022918	0.956074815289078	0.957437338756758
1086	1086	100	0.956878424797922	0.956200357789245	0.957556491806599
1087	1087	100	0.957018425719527	0.956340455701962	0.957696395737093
1088	1088	100	0.957125276464113	0.956444337260885	0.957806215667341
1089	1089	100	0.957235749621551	0.956554007503986	0.957917491739116
1090	1090	100	0.957401852136079	0.95672296144647	0.958080742825689
1091	1091	100	0.957502205472915	0.956819358409537	0.958185052536294
1092	1092	100	0.957633176010717	0.956954556444311	0.958311795577122
1093	1093	100	0.957774675981525	0.957101452839267	0.958447899123783
1094	1094	100	0.957928857698897	0.957260619249622	0.958597096148171
1095	1095	100	0.958054875379317	0.957383890554922	0.958725860203713
1096	1096	100	0.958164616079876	0.957493697522512	0.95883553463724
1097	1097	100	0.958326240337604	0.95764943023801	0.959003050437198
1098	1098	100	0.958459000728299	0.957781121790505	0.959136879666094
1099	1099	100	0.958577678736486	0.95790231547302	0.959253041999953
1100	1100	100	0.95871003801292	0.95803818364762	0.959381892378221
1101	1101	100	0.958877316142059	0.958206539779428	0.959548092504691
1102	1102	100	0.959002831998374	0.958333189923197	0.959672474073551
1103	1103	100	0.959147935521017	0.958482355593596	0.959813515448437
1104	1104	100	0.959273611995648	0.958611918889961	0.959935305101336
1105	1105	100	0.959418635844187	0.958761185176153	0.960076086512221
1106	1106	100	0.959572892890849	0.958916285653077	0.960229500128621
1107	1107	100	0.959737135940095	0.959079969748822	0.960394302131367
1108	1108	100	0.959888037685926	0.959233148435018	0.960542926936833
1109	1109	100	0.960052320954596	0.95940291063391	0.960701731275281
1110	1110	100	0.960187803776448	0.959542645273311	0.960832962279585
1111	1111	100	0.960374865072442	0.959731266155532	0.961018463989353
1112	1112	100	0.960575648087258	0.95991707311971	0.961234223054807
1113	1113	100	0.960720442719961	0.960062782619726	0.961378102820196
1114	1114	100	0.960904024687022	0.960238038763491	0.961570010610554
1115	1115	100	0.961054438942267	0.960387775903496	0.961721101981037
1116	1116	100	0.961217550064275	0.960560746319264	0.961874353809285
1117	1117	100	0.961347926905917	0.960689609824754	0.962006243987081
1118	1118	100	0.961460510318669	0.960807448604796	0.962113572032542
1119	1119	100	0.961593791589239	0.960946355630537	0.962241227547941
1120	1120	100	0.961761221525461	0.961121570073539	0.962400872977384
1121	1121	100	0.961887579067141	0.961245474881374	0.962529683252908
1122	1122	100	0.962022187252715	0.961378530424759	0.96266584408067
1123	1123	100	0.962181906622346	0.961536614412458	0.962827198832233
1124	1124	100	0.96229847915453	0.9616527989412	0.96294415936786
1125	1125	100	0.962438928215528	0.961794927902691	0.963082928528365
1126	1126	100	0.962569605508701	0.961925255452696	0.963213955564706
1127	1127	100	0.962709141893579	0.962066824782689	0.963351459004468
1128	1128	100	0.962813384362054	0.962170467958402	0.963456300765707
1129	1129	100	0.962966984219773	0.962323421255395	0.963610547184152
1130	1130	100	0.963098727652753	0.962463688750006	0.963733766555499
1131	1131	100	0.963262628689493	0.962623478320319	0.963901779058667
1132	1132	100	0.963338301647926	0.96269806267524	0.963978540620612
1133	1133	100	0.963527199881551	0.962881803666503	0.964172596096599
1134	1134	100	0.963660980019141	0.963019203688285	0.964302756349997
1135	1135	100	0.963791949989666	0.963150681963358	0.964433218015974
1136	1136	100	0.963947749057882	0.963302054858	0.964593443257765
1137	1137	100	0.964094060004486	0.96344113286259	0.964746987146383
1138	1138	100	0.964222982156829	0.963576053870063	0.964869910443594
1139	1139	100	0.964364114700412	0.963719978449785	0.965008250951039
1140	1140	100	0.964481871099621	0.96383936176874	0.965124380430502
1141	1141	100	0.964606636413632	0.963961018609744	0.965252254217521
1142	1142	100	0.964735015616505	0.964085984003883	0.965384047229128
1143	1143	100	0.964869262169503	0.964222265912011	0.965516258426995
1144	1144	100	0.965014835885193	0.964371443759159	0.965658228011226
1145	1145	100	0.965142051069702	0.96449737221298	0.965786729926424
1146	1146	100	0.965248738392265	0.964603539852228	0.965893936932303
1147	1147	100	0.96535617954755	0.964715604284402	0.965996754810697
1148	1148	100	0.965474716467494	0.964841458072466	0.966107974862522
1149	1149	100	0.965598092903946	0.964970722448078	0.966225463359814
1150	1150	100	0.965720855658113	0.965090994064021	0.966350717252206
1151	1151	100	0.965846244676009	0.965226526074002	0.966465963278016
1152	1152	100	0.965961603944038	0.965341256817304	0.966581951070772
1153	1153	100	0.966065175256442	0.965449860153084	0.966680490359799
1154	1154	100	0.966164330341536	0.965552932789855	0.966775727893216
1155	1155	100	0.966281576056804	0.965668113224255	0.966895038889352
1156	1156	100	0.966445778599166	0.965833951658962	0.96705760553937
1157	1157	100	0.966560764015112	0.965945884893252	0.967175643136971
1158	1158	100	0.966711492768	0.966102028126824	0.967320957409177
1159	1159	100	0.966845224716851	0.966236486228252	0.967453963205449
1160	1160	100	0.967008004059956	0.966399240068506	0.967616768051407
1161	1161	100	0.967146978989648	0.966540524987802	0.967753432991495
1162	1162	100	0.967247105883898	0.966640520043293	0.967853691724504
1163	1163	100	0.967361863264811	0.966754810149922	0.967968916379699
1164	1164	100	0.967520704130688	0.966919494468945	0.968121913792432
1165	1165	100	0.967616149660545	0.967013956677486	0.968218342643604
1166	1166	100	0.967740796013242	0.967141301760319	0.968340290266165
1167	1167	100	0.967906601697334	0.967306776136148	0.968506427258521
1168	1168	100	0.968065738539065	0.967455987286183	0.968675489791947
1169	1169	100	0.9681699133217	0.967558440889194	0.968781385754206
1170	1170	100	0.968281801172221	0.967667639786168	0.968895962558275
1171	1171	100	0.968425741253308	0.967812862384352	0.969038620122263
1172	1172	100	0.968593852617276	0.96798173202589	0.969205973208662
1173	1173	100	0.96871327251264	0.968107452654265	0.969319092371015
1174	1174	100	0.968858034978702	0.968253576865322	0.969462493092081
1175	1175	100	0.968976931311504	0.968370187446832	0.969583675176177
1176	1176	100	0.96912485823795	0.968517360020809	0.969732356455091
1177	1177	100	0.969235450128472	0.968627715828242	0.969843184428703
1178	1178	100	0.969347131991942	0.96873972779527	0.969954536188614
1179	1179	100	0.969503268567706	0.968903357281635	0.970103179853777
1180	1180	100	0.969619791986011	0.969019366392691	0.97022021757933
1181	1181	100	0.969739168661523	0.969137908720396	0.970340428602651
1182	1182	100	0.969864300201306	0.969264980329294	0.970463620073317
1183	1183	100	0.970016480587158	0.969421589986499	0.970611371187817
1184	1184	100	0.970147324520257	0.969550884234641	0.970743764805872
1185	1185	100	0.970255413661531	0.969658795763767	0.970852031559296
1186	1186	100	0.970365779158568	0.969775520302257	0.970956038014878
1187	1187	100	0.970503415461557	0.969912399734777	0.971094431188337
1188	1188	100	0.970599940812848	0.970011846947066	0.97118803467863
1189	1189	100	0.97071711093965	0.970125431355789	0.971308790523512
1190	1190	100	0.97083834975016	0.97025289001638	0.971423809483941
1191	1191	100	0.970963851007082	0.970381978144939	0.971545723869226
1192	1192	100	0.971103079735442	0.970520303412836	0.971685856058048
1193	1193	100	0.971224892999725	0.97064211375012	0.971807672249331
1194	1194	100	0.971371945832466	0.970795887228217	0.971948004436717
1195	1195	100	0.971502670581303	0.970936470429821	0.972068870732786
1196	1196	100	0.971614729989951	0.971049721289697	0.972179738690206
1197	1197	100	0.971746323928867	0.971183261328162	0.972309386529572
1198	1198	100	0.971869198866642	0.9713066194828	0.972431778250484
1199	1199	100	0.971964587901449	0.971397611792481	0.972531564010417
1200	1200	100	0.972086965785265	0.971527734491776	0.972646197078754
1201	1201	100	0.97220402401061	0.971648484814686	0.972759563206534
1202	1202	100	0.972308854702048	0.971755651231708	0.972862058172389
1203	1203	100	0.972418935224369	0.971870565164271	0.972967305284467
1204	1204	100	0.972545529475562	0.971996982295362	0.973094076655762
1205	1205	100	0.972678205447337	0.972130376630967	0.973226034263708
1206	1206	100	0.972850690749675	0.972313950652967	0.973387430846382
1207	1207	100	0.972977893353601	0.972444567534243	0.973511219172959
1208	1208	100	0.973127766603167	0.972592783303045	0.973662749903289
1209	1209	100	0.973239133813751	0.972703446501815	0.973774821125686
1210	1210	100	0.973393293385198	0.972858519185815	0.973928067584582
1211	1211	100	0.973526967214599	0.972992701540861	0.974061232888338
1212	1212	100	0.973634853846	0.973098590644264	0.974171117047736
1213	1213	100	0.97375179734486	0.97321085681511	0.974292737874609
1214	1214	100	0.973890013978935	0.973349501732467	0.974430526225403
1215	1215	100	0.974019842365542	0.973477501861812	0.974562182869272
1216	1216	100	0.974154367458884	0.973610138429553	0.974698596488216
1217	1217	100	0.974285242673518	0.973748479122576	0.97482200622446
1218	1218	100	0.974427396308339	0.973892220586056	0.974962572030622
1219	1219	100	0.974557991188541	0.974027795620956	0.975088186756125
1220	1220	100	0.974664821646564	0.97413680087004	0.975192842423087
1221	1221	100	0.974787371362503	0.974265476039604	0.975309266685402
1222	1222	100	0.97493045955139	0.97441965068883	0.97544126841395
1223	1223	100	0.975076004244261	0.974562228157093	0.975589780331428
1224	1224	100	0.975201498360922	0.974684533605225	0.975718463116619
1225	1225	100	0.97532897408681	0.974810578720191	0.975847369453429
1226	1226	100	0.975439629370261	0.974923582491957	0.975955676248565
1227	1227	100	0.975526598858722	0.975012037710948	0.976041160006496
1228	1228	100	0.975640561982815	0.975129417864463	0.976151706101166
1229	1229	100	0.975777603196491	0.97526510055169	0.976290105841291
1230	1230	100	0.975905322203367	0.975395434934788	0.976415209471946
1231	1231	100	0.976025730154167	0.975522395602581	0.976529064705754
1232	1232	100	0.976158330172751	0.975654013600708	0.976662646744794
1233	1233	100	0.976253973189019	0.975748297028639	0.976759649349399
1234	1234	100	0.976367135285142	0.97586113277854	0.976873137791745
1235	1235	100	0.976500602518781	0.975998754143259	0.977002450894303
1236	1236	100	0.976586786687538	0.976088759567488	0.977084813807588
1237	1237	100	0.976701331965259	0.976206306939018	0.9771963569915
1238	1238	100	0.976817125768449	0.976325636396204	0.977308615140694
1239	1239	100	0.97694865931995	0.976462083560904	0.977435235078995
1240	1240	100	0.977061283464303	0.976575064285256	0.977547502643351
1241	1241	100	0.977190737764965	0.976701836650034	0.977679638879897
1242	1242	100	0.977315523673576	0.976827996112629	0.977803051234523
1243	1243	100	0.977445703249415	0.976964086025508	0.977927320473322
1244	1244	100	0.977586258965415	0.977107106599374	0.978065411331457
1245	1245	100	0.977714953872622	0.977239180384503	0.978190727360742
1246	1246	100	0.977852960405972	0.977385070652686	0.978320850159258
1247	1247	100	0.977971439615987	0.977503726483781	0.978439152748192
1248	1248	100	0.97807679353304	0.977610528364219	0.978543058701862
1249	1249	100	0.978194056184207	0.977728152296564	0.97865996007185
1250	1250	100	0.978302451444877	0.977843483275909	0.978761419613846
1251	1251	100	0.978426529257894	0.977970733011174	0.978882325504615
1252	1252	100	0.978538642435617	0.978082077446741	0.978995207424492
1253	1253	100	0.978692247930042	0.978239474108095	0.979145021751989
1254	1254	100	0.978805197312191	0.978356739235754	0.979253655388629
1255	1255	100	0.978903997397485	0.978456495433514	0.979351499361455
1256	1256	100	0.979016537081986	0.978571457031576	0.979461617132396
1257	1257	100	0.979129184500258	0.978683279903088	0.979575089097427
1258	1258	100	0.97925616392143	0.978805766386527	0.979706561456334
1259	1259	100	0.979363798878992	0.978909788926244	0.979817808831739
1260	1260	100	0.979458278017585	0.979006413698474	0.979910142336696
1261	1261	100	0.979603641215823	0.979153038095166	0.98005424433648
1262	1262	100	0.979725829729164	0.979276849872208	0.980174809586121
1263	1263	100	0.979839090080158	0.979387360408748	0.980290819751567
1264	1264	100	0.979949832396675	0.979495590777731	0.980404074015618
1265	1265	100	0.980081705121615	0.97962638540803	0.9805370248352
1266	1266	100	0.980201989734512	0.979747577670235	0.980656401798787
1267	1267	100	0.98032147063311	0.979870330620007	0.980772610646214
1268	1268	100	0.980419685543326	0.979968880751652	0.980870490335001
1269	1269	100	0.980545747948669	0.980095097810602	0.980996398086736
1270	1270	100	0.980666300033904	0.980217194963186	0.981115405104623
1271	1271	100	0.980772498728132	0.980324676541109	0.981220320915155
1272	1272	100	0.980868439111038	0.980421866056967	0.98131501216511
1273	1273	100	0.981042852294156	0.980598404813852	0.981487299774459
1274	1274	100	0.981166866601991	0.980728485901968	0.981605247302013
1275	1275	100	0.981297422079603	0.980871506426825	0.981723337732381
1276	1276	100	0.981397844797137	0.980971134048099	0.981824555546175
1277	1277	100	0.981515861687538	0.981093994437937	0.98193772893714
1278	1278	100	0.981661255896136	0.981240546221162	0.982081965571111
1279	1279	100	0.981779091387142	0.981357090256388	0.982201092517895
1280	1280	100	0.981884346054847	0.981458257205202	0.982310434904491
1281	1281	100	0.982010398716281	0.981586917468061	0.982433879964501
1282	1282	100	0.982139141637971	0.981713192570605	0.982565090705338
1283	1283	100	0.982248730491115	0.981827857114551	0.982669603867681
1284	1284	100	0.982356063053726	0.981930774838275	0.982781351269178
1285	1285	100	0.982459997651798	0.982036115245118	0.982883880058478
1286	1286	100	0.982573668559655	0.982151642492381	0.98299569462693
1287	1287	100	0.982694587420932	0.982275715335968	0.983113459505897
1288	1288	100	0.982820690058428	0.982404214380176	0.98323716573668
1289	1289	100	0.982931578684638	0.982518765705496	0.98334439166378
1290	1290	100	0.983040159293935	0.982628475449747	0.983451843138123
1291	1291	100	0.9831758042239	0.982771319178483	0.983580289269316
1292	1292	100	0.983288341020562	0.982887321039141	0.983689361001984
1293	1293	100	0.983404091197779	0.982995097368439	0.983813085027118
1294	1294	100	0.98353600321356	0.983126076270599	0.983945930156521
1295	1295	100	0.983648218576929	0.983245078700498	0.984051358453359
1296	1296	100	0.983776476546598	0.983377298425804	0.984175654667392
1297	1297	100	0.98390409982411	0.98350291656971	0.984305283078509
1298	1298	100	0.984062745080768	0.983667374307659	0.984458115853878
1299	1299	100	0.984185076805997	0.983795102158596	0.984575051453397
1300	1300	100	0.98429272880154	0.983902003992314	0.984683453610766
1301	1301	100	0.984408212681088	0.98401488506471	0.984801540297466
1302	1302	100	0.98452399257675	0.984131427191112	0.984916557962388
1303	1303	100	0.984635223488645	0.984246758165337	0.985023688811954
1304	1304	100	0.984772045121795	0.98438857491498	0.985155515328609
1305	1305	100	0.984908768286106	0.984525759931173	0.98529177664104
1306	1306	100	0.984998586965441	0.984616110438317	0.985381063492564
1307	1307	100	0.985117094696241	0.984736883268423	0.98549730612406
1308	1308	100	0.985217704091272	0.984836761857276	0.985598646325267
1309	1309	100	0.98531433367037	0.984942261973348	0.985686405367391
1310	1310	100	0.98542464081822	0.985053371322145	0.985795910314295
1311	1311	100	0.985562932626379	0.985197193420226	0.985928671832532
1312	1312	100	0.985659275426631	0.985295567789669	0.986022983063593
1313	1313	100	0.985770082300746	0.985411638582923	0.986128526018568
1314	1314	100	0.985882649939442	0.985527704208136	0.986237595670748
1315	1315	100	0.986045727153062	0.985699427509307	0.986392026796817
1316	1316	100	0.986158164932201	0.985809167904841	0.986507161959561
1317	1317	100	0.986263323146192	0.985914902583533	0.986611743708851
1318	1318	100	0.986346157552968	0.986000762560496	0.98669155254544
1319	1319	100	0.986454416347153	0.986104015953495	0.986804816740811
1320	1320	100	0.986604354116098	0.986257706902216	0.98695100132998
1321	1321	100	0.986705253341712	0.98636100518924	0.987049501494184
1322	1322	100	0.986815355287822	0.986473957138556	0.987156753437087
1323	1323	100	0.986958370014668	0.986621151459551	0.987295588569785
1324	1324	100	0.987093736548613	0.986758547768483	0.987428925328743
1325	1325	100	0.987218701251871	0.986885400749526	0.987552001754216
1326	1326	100	0.987338135763246	0.987004448199083	0.987671823327408
1327	1327	100	0.987457178982254	0.987123713707036	0.987790644257471
1328	1328	100	0.987588401544028	0.987254062695797	0.987922740392258
1329	1329	100	0.987707376147574	0.987374395004414	0.988040357290734
1330	1330	100	0.987832152722254	0.987497925437715	0.988166380006792
1331	1331	100	0.987947704210505	0.987616309578881	0.988279098842129
1332	1332	100	0.988075860923393	0.987748234152079	0.988403487694708
1333	1333	100	0.988214607005543	0.987889003376256	0.98854021063483
1334	1334	100	0.988345370423504	0.988021273391274	0.988669467455734
1335	1335	100	0.98846837129288	0.988147529009928	0.988789213575831
1336	1336	100	0.98860996643828	0.988291309147077	0.988928623729483
1337	1337	100	0.988728915018518	0.988419264372322	0.989038565664714
1338	1338	100	0.98884457035471	0.988531830993415	0.989157309716005
1339	1339	100	0.988975669700456	0.988665518375983	0.989285821024929
1340	1340	100	0.98909662616917	0.988792127610098	0.989401124728241
1341	1341	100	0.989223166049882	0.988922385032085	0.989523947067679
1342	1342	100	0.989342143177618	0.989040430790602	0.989643855564634
1343	1343	100	0.989439048100391	0.989135606524188	0.989742489676593
1344	1344	100	0.989535165707205	0.989233389453163	0.989836941961247
1345	1345	100	0.989664278990297	0.989361322255304	0.98996723572529
1346	1346	100	0.989760305766137	0.989459103318171	0.990061508214103
1347	1347	100	0.989901228260182	0.989600942638208	0.990201513882155
1348	1348	100	0.989989847713066	0.989692437183153	0.990287258242978
1349	1349	100	0.990107502597811	0.989807858503246	0.990407146692377
1350	1350	100	0.99019278733688	0.989893635126306	0.990491939547455
1351	1351	100	0.990311476623302	0.990013742350091	0.990609210896512
1352	1352	100	0.990425353230239	0.990134205118517	0.990716501341961
1353	1353	100	0.990530101227949	0.990249281837704	0.990810920618193
1354	1354	100	0.990644608888659	0.99036324137362	0.990925976403699
1355	1355	100	0.990768459856282	0.990488005002372	0.991048914710193
1356	1356	100	0.99088222747533	0.990605300216202	0.991159154734457
1357	1357	100	0.99099534494847	0.990718896075075	0.991271793821866
1358	1358	100	0.99112145756733	0.990844925145706	0.991397989988954
1359	1359	100	0.991235239356187	0.99095625820278	0.991514220509595
1360	1360	100	0.991371325175145	0.991091320987389	0.991651329362901
1361	1361	100	0.991477036473601	0.991198036766948	0.991756036180256
1362	1362	100	0.991588455189946	0.991312292766452	0.991864617613439
1363	1363	100	0.991696524037799	0.99142088261786	0.991972165457737
1364	1364	100	0.991790239242429	0.991515740832046	0.992064737652811
1365	1365	100	0.991889731807732	0.991611298781685	0.992168164833779
1366	1366	100	0.991988941722462	0.991708753824149	0.992269129620774
1367	1367	100	0.9920952245781	0.991815951396142	0.992374497760057
1368	1368	100	0.992217300127557	0.991943714270433	0.99249088598468
1369	1369	100	0.992341033361121	0.992069433748593	0.992612632973649
1370	1370	100	0.992450811401872	0.99218046951486	0.992721153288883
1371	1371	100	0.992592491966607	0.992330563252265	0.992854420680949
1372	1372	100	0.992688538015057	0.992430238675141	0.992946837354972
1373	1373	100	0.992797701456644	0.992545112295195	0.993050290618093
1374	1374	100	0.992890927043192	0.992644058992303	0.993137795094082
1375	1375	100	0.993041323265342	0.992794933467721	0.993287713062963
1376	1376	100	0.99314107061648	0.992900002327916	0.993382138905044
1377	1377	100	0.993237847261246	0.992998524643847	0.993477169878645
1378	1378	100	0.993342498517607	0.993104802543901	0.993580194491312
1379	1379	100	0.993441707811722	0.993200042571712	0.993683373051732
1380	1380	100	0.993524471046917	0.993285421043034	0.9937635210508
1381	1381	100	0.993634905094362	0.993400457397535	0.993869352791189
1382	1382	100	0.99371405656293	0.993479768435125	0.993948344690735
1383	1383	100	0.993811111331101	0.993578810071263	0.994043412590939
1384	1384	100	0.993936671092521	0.993711384850215	0.994161957334827
1385	1385	100	0.994057656787571	0.993831959727335	0.994283353847807
1386	1386	100	0.994168838068358	0.993948895175733	0.994388780960984
1387	1387	100	0.994312744150186	0.994096961957607	0.994528526342765
1388	1388	100	0.994428502237343	0.994218106545718	0.994638897928968
1389	1389	100	0.994522133753338	0.994315472234666	0.99472879527201
1390	1390	100	0.994630609809878	0.994425171208225	0.994836048411532
1391	1391	100	0.994732770675652	0.99452873483755	0.994936806513754
1392	1392	100	0.994835000348202	0.994629442975017	0.995040557721387
1393	1393	100	0.994953565931598	0.994751172113195	0.995155959750002
1394	1394	100	0.995067473976824	0.994869021913367	0.995265926040281
1395	1395	100	0.995191847545551	0.994994161762133	0.995389533328968
1396	1396	100	0.995316069773848	0.995119983145737	0.995512156401959
1397	1397	100	0.995435657723488	0.995237973235856	0.99563334221112
1398	1398	100	0.995545174407742	0.995348045266205	0.995742303549279
1399	1399	100	0.995660795436426	0.995465046881145	0.995856543991707
1400	1400	100	0.995761516609329	0.995566406067063	0.995956627151595
1401	1401	100	0.995857714484302	0.995662056323289	0.996053372645316
1402	1402	100	0.995974751282528	0.995791401504849	0.996158101060207
1403	1403	100	0.996075910185896	0.995896089369467	0.996255731002324
1404	1404	100	0.996208125226827	0.99603600070872	0.996380249744935
1405	1405	100	0.996320919912898	0.996154979780361	0.996486860045434
1406	1406	100	0.99644008806979	0.996274530594804	0.996605645544776
1407	1407	100	0.996556157430642	0.996393742127063	0.99671857273422
1408	1408	100	0.996666687109301	0.996505189092187	0.996828185126416
1409	1409	100	0.99676499993035	0.996603921970233	0.996926077890466
1410	1410	100	0.996882709170243	0.996727986662681	0.997037431677805
1411	1411	100	0.996985941889434	0.996831277104657	0.99714060667421
1412	1412	100	0.997091008359217	0.99693814317838	0.997243873540054
1413	1413	100	0.997191303520745	0.99704381754029	0.9973387895012
1414	1414	100	0.997293904784012	0.9971446616046	0.997443147963424
1415	1415	100	0.997400710077144	0.997252226567907	0.997549193586381
1416	1416	100	0.997494041227716	0.997347310750879	0.997640771704553
1417	1417	100	0.997601299764211	0.997459561771089	0.997743037757332
1418	1418	100	0.997712232617629	0.997572685308948	0.99785177992631
1419	1419	100	0.99781870594516	0.997680942930713	0.997956468959608
1420	1420	100	0.997936541317586	0.997803495257987	0.998069587377185
1421	1421	100	0.998066837938586	0.997937678134435	0.998195997742736
1422	1422	100	0.998159758955245	0.998035966083637	0.998283551826853
1423	1423	100	0.998278573681527	0.998159680184586	0.998397467178467
1424	1424	100	0.998381118204916	0.998268530237407	0.998493706172425
1425	1425	100	0.998492772881096	0.998387005594908	0.998598540167284
1426	1426	100	0.998617642890766	0.998514439697598	0.998720846083933
1427	1427	100	0.998745694992015	0.998649167101296	0.998842222882734
1428	1428	100	0.998841709157797	0.998747780023183	0.998935638292411
1429	1429	100	0.998928407092993	0.99883786265091	0.999018951535075
1430	1430	100	0.999021189295138	0.998935907334389	0.999106471255888
1431	1431	100	0.999119065475245	0.99903898193442	0.99919914901607
1432	1432	100	0.999225453780711	0.999152248703265	0.999298658858157
1433	1433	100	0.999342698076507	0.999275728475136	0.999409667677878
1434	1434	100	0.999457337731993	0.99939842417647	0.999516251287516
1435	1435	100	0.999572062230096	0.999518895132521	0.999625229327671
1436	1436	100	0.999669934938539	0.99962401723802	0.999715852639059
1437	1437	100	0.999799254997682	0.999759835348371	0.999838674646994
1438	1438	100	0.999896382253578	0.999867075864991	0.999925688642165
1439	1439	100	1	1	1
