	c-q	nc-q	true-q	c-p	nc-p	c-bias	nc-bias	type	L	rep	config	gwas_size	test_size	h2	ts	num_causal	env
1	0.05585557221	0.05585557221	0	0.105	0.093	0.05585557221	0.05585557221	1	300	A14	C1	1000	100	0	0.5	300	0
2	0.049791633355	0.049791633355	0	0.13	0.118	0.049791633355	0.049791633355	FGr	300	A14	C1	1000	100	0	0.5	300	0
3	0.0542923774100001	0.05429237741	0	0.093	0.095	0.0542923774100001	0.05429237741	NoCorrection	300	A14	C1	1000	100	0	0.5	300	0
4	0.051940100705	0.051940100705	0	0.127	0.095	0.051940100705	0.051940100705	ID	300	A14	C1	1000	100	0	0.5	300	0
5	-0.0278651847650001	-0.027865184765	0	0.402	0.432	-0.0278651847650001	-0.027865184765	1	300	A14	C1	1000	100	0	0.5	300	0.1
6	0.00638931602499995	0.0063893160249999	0	0.831	0.865	0.00638931602499995	0.0063893160249999	FGr	300	A14	C1	1000	100	0	0.5	300	0.1
7	0.000489155909999863	0.000489155910000099	0	0.99	0.985	0.000489155909999863	0.000489155910000099	NoCorrection	300	A14	C1	1000	100	0	0.5	300	0.1
8	-0.0278679657149999	-0.0278679657150001	0	0.433	0.411	-0.0278679657149999	-0.0278679657150001	ID	300	A14	C1	1000	100	0	0.5	300	0.1
9	-0.02582945454	-0.0258294545400001	0	0.512	0.522	-0.02582945454	-0.0258294545400001	1	300	A14	C1	1000	100	0	0.5	300	0.5
10	0.0957570853525	0.0957570853525	0	0.028	0.025	0.0957570853525	0.0957570853525	FGr	300	A14	C1	1000	100	0	0.5	300	0.5
11	0.15364784237	0.15364784237	0	0.001	0.002	0.15364784237	0.15364784237	NoCorrection	300	A14	C1	1000	100	0	0.5	300	0.5
12	-0.04807924698	-0.04807924698	0	0.218	0.207	-0.04807924698	-0.04807924698	ID	300	A14	C1	1000	100	0	0.5	300	0.5
13	-0.017093939223	-0.017093939223	0	0.646	0.68	-0.017093939223	-0.017093939223	1	300	A14	C1	1000	100	0	0.5	300	1
14	0.22398956	0.22398956	0	0	0	0.22398956	0.22398956	FGr	300	A14	C1	1000	100	0	0.5	300	1
15	0.3093735864	0.3093735864	0	0	0	0.3093735864	0.3093735864	NoCorrection	300	A14	C1	1000	100	0	0.5	300	1
16	-0.020172296774	-0.020172296774	0	0.617	0.589	-0.020172296774	-0.020172296774	ID	300	A14	C1	1000	100	0	0.5	300	1
17	-0.012695222135	0.0905642810000001	0	0.749	0.117	-0.012695222135	0.0905642810000001	1	1000	A14	C1	1000	100	0	0.5	300	0
18	-0.03165887073	0.0309004580000001	0	0.402	0.595	-0.03165887073	0.0309004580000001	FGr	1000	A14	C1	1000	100	0	0.5	300	0
19	-0.03743323704	0.019754527	0	0.351	0.729	-0.03743323704	0.019754527	NoCorrection	1000	A14	C1	1000	100	0	0.5	300	0
20	-0.01189366548	0.0924513955	0	0.769	0.131	-0.01189366548	0.0924513955	ID	1000	A14	C1	1000	100	0	0.5	300	0
21	-0.00233457196	0.0497827595000001	0	0.955	0.471	-0.00233457196	0.0497827595000001	1	1000	A14	C1	1000	100	0	0.5	300	0.1
22	0.0173526775	0.0803788469999999	0	0.702	0.231	0.0173526775	0.0803788469999999	FGr	1000	A14	C1	1000	100	0	0.5	300	0.1
23	0.03547130511	0.116518306	0	0.387	0.071	0.03547130511	0.116518306	NoCorrection	1000	A14	C1	1000	100	0	0.5	300	0.1
24	0.01372955741	0.0703883570000001	0	0.746	0.292	0.01372955741	0.0703883570000001	ID	1000	A14	C1	1000	100	0	0.5	300	0.1
25	0.00609105013999998	0.029372842	0	0.862	0.624	0.00609105013999998	0.029372842	1	1000	A14	C1	1000	100	0	0.5	300	0.5
26	0.108689290195	0.344472689	0	0.006	0	0.108689290195	0.344472689	FGr	1000	A14	C1	1000	100	0	0.5	300	0.5
27	0.2226465506	0.6418194935	0	0	0	0.2226465506	0.6418194935	NoCorrection	1000	A14	C1	1000	100	0	0.5	300	0.5
28	0.00276302037249998	0.042389667	0	0.956	0.487	0.00276302037249998	0.042389667	ID	1000	A14	C1	1000	100	0	0.5	300	0.5
29	-0.02450377253	0.0141295865	0	0.506	0.831	-0.02450377253	0.0141295865	1	1000	A14	C1	1000	100	0	0.5	300	1
30	0.1667457267	0.552471923	0	0	0	0.1667457267	0.552471923	FGr	1000	A14	C1	1000	100	0	0.5	300	1
31	0.37954191385	1.04649776	0	0	0	0.37954191385	1.04649776	NoCorrection	1000	A14	C1	1000	100	0	0.5	300	1
32	-0.02186222297	-0.0141172964999998	0	0.559	0.842	-0.02186222297	-0.0141172964999998	ID	1000	A14	C1	1000	100	0	0.5	300	1
33	-0.00961471724000006	0.0768363165	0	0.801	0.448	-0.00961471724000006	0.0768363165	1	10000	A14	C1	1000	100	0	0.5	300	0
34	-0.00706174527499996	0.117666169	0	0.848	0.239	-0.00706174527499996	0.117666169	FGr	10000	A14	C1	1000	100	0	0.5	300	0
35	-0.04999539451	-0.134050253	0	0.224	0.22	-0.04999539451	-0.134050253	NoCorrection	10000	A14	C1	1000	100	0	0.5	300	0
36	-0.0157579260350001	0.0595362455	0	0.707	0.543	-0.0157579260350001	0.0595362455	ID	10000	A14	C1	1000	100	0	0.5	300	0
37	0.024425581695	0.1003274	0	0.556	0.252	0.024425581695	0.1003274	1	10000	A14	C1	1000	100	0	0.5	300	0.1
38	0.0183124204150001	0.0599681700000001	0	0.68	0.517	0.0183124204150001	0.0599681700000001	FGr	10000	A14	C1	1000	100	0	0.5	300	0.1
39	0.0303666464499999	0.140528	0	0.442	0.114	0.0303666464499999	0.140528	NoCorrection	10000	A14	C1	1000	100	0	0.5	300	0.1
40	0.02583892087	0.10097872	0	0.544	0.273	0.02583892087	0.10097872	ID	10000	A14	C1	1000	100	0	0.5	300	0.1
41	0.0341497653405	0.0720966484999999	0	0.382	0.452	0.0341497653405	0.0720966484999999	1	10000	A14	C1	1000	100	0	0.5	300	0.5
42	0.050046197232	0.147802502	0	0.203	0.13	0.050046197232	0.147802502	FGr	10000	A14	C1	1000	100	0	0.5	300	0.5
43	0.249378165995	1.186549525	0	0	0	0.249378165995	1.186549525	NoCorrection	10000	A14	C1	1000	100	0	0.5	300	0.5
44	0.03071315234	0.048744671	0	0.451	0.618	0.03071315234	0.048744671	ID	10000	A14	C1	1000	100	0	0.5	300	0.5
45	-0.00035986354999999	-0.00484139999999989	0	0.989	0.956	-0.00035986354999999	-0.00484139999999989	1	10000	A14	C1	1000	100	0	0.5	300	1
46	0.04055321404	0.11203119	0	0.323	0.307	0.04055321404	0.11203119	FGr	10000	A14	C1	1000	100	0	0.5	300	1
47	0.40752549683	2.07059982	0	0	0	0.40752549683	2.07059982	NoCorrection	10000	A14	C1	1000	100	0	0.5	300	1
48	-0.00246564239	-0.0239223900000001	0	0.952	0.844	-0.00246564239	-0.0239223900000001	ID	10000	A14	C1	1000	100	0	0.5	300	1
49	0.00142893199039	0.00142893199038999	0	0.952	0.964	0.00142893199039	0.00142893199038999	1	300	A14	C1	1000	1000	0	0.5	300	0
50	0.016366175508	0.016366175508	0	0.517	0.547	0.016366175508	0.016366175508	FGr	300	A14	C1	1000	1000	0	0.5	300	0
51	0.0088632856725	0.00886328567249998	0	0.748	0.737	0.0088632856725	0.00886328567249998	NoCorrection	300	A14	C1	1000	1000	0	0.5	300	0
52	-0.00428095606750001	-0.0042809560675	0	0.864	0.877	-0.00428095606750001	-0.0042809560675	ID	300	A14	C1	1000	1000	0	0.5	300	0
53	-0.0196357307475001	-0.0196357307475001	0	0.429	0.447	-0.0196357307475001	-0.0196357307475001	1	300	A14	C1	1000	1000	0	0.5	300	0.1
54	0.024609410018	0.0246094100180001	0	0.342	0.373	0.024609410018	0.0246094100180001	FGr	300	A14	C1	1000	1000	0	0.5	300	0.1
55	0.029281542668	0.0292815426679999	0	0.28	0.281	0.029281542668	0.0292815426679999	NoCorrection	300	A14	C1	1000	1000	0	0.5	300	0.1
56	-0.0119193102700001	-0.0119193102700001	0	0.653	0.648	-0.0119193102700001	-0.0119193102700001	ID	300	A14	C1	1000	1000	0	0.5	300	0.1
57	0.0107268449148	0.0107268449148	0	0.694	0.697	0.0107268449148	0.0107268449148	1	300	A14	C1	1000	1000	0	0.5	300	0.5
58	0.057400848691	0.057400848691	0	0.06	0.047	0.057400848691	0.057400848691	FGr	300	A14	C1	1000	1000	0	0.5	300	0.5
59	0.073373638363	0.073373638363	0	0.016	0.022	0.073373638363	0.073373638363	NoCorrection	300	A14	C1	1000	1000	0	0.5	300	0.5
60	-0.00622720271500008	-0.00622720271500003	0	0.834	0.817	-0.00622720271500008	-0.00622720271500003	ID	300	A14	C1	1000	1000	0	0.5	300	0.5
61	0.00256746485750006	0.00256746485750002	0	0.946	0.918	0.00256746485750006	0.00256746485750002	1	300	A14	C1	1000	1000	0	0.5	300	1
62	0.1616797469605	0.1616797469605	0	0	0	0.1616797469605	0.1616797469605	FGr	300	A14	C1	1000	1000	0	0.5	300	1
63	0.2016560921934	0.2016560921934	0	0	0	0.2016560921934	0.2016560921934	NoCorrection	300	A14	C1	1000	1000	0	0.5	300	1
64	-0.00148393062550001	-0.0014839306255	0	0.948	0.962	-0.00148393062550001	-0.0014839306255	ID	300	A14	C1	1000	1000	0	0.5	300	1
65	-0.00601395053700007	0.0415333107499994	0	0.827	0.32	-0.00601395053700007	0.0415333107499994	1	1000	A14	C1	1000	1000	0	0.5	300	0
66	0.00958395258949995	0.0816914855	0	0.745	0.069	0.00958395258949995	0.0816914855	FGr	1000	A14	C1	1000	1000	0	0.5	300	0
67	0.0294867672725	0.132276568750001	0	0.283	0.004	0.0294867672725	0.132276568750001	NoCorrection	1000	A14	C1	1000	1000	0	0.5	300	0
68	0.0024789853348	0.0701931269000002	0	0.924	0.105	0.0024789853348	0.0701931269000002	ID	1000	A14	C1	1000	1000	0	0.5	300	0
69	0.0308274647200001	0.0386144093500001	0	0.23	0.367	0.0308274647200001	0.0386144093500001	1	1000	A14	C1	1000	1000	0	0.5	300	0.1
70	0.0559289991164999	0.0754086797499999	0	0.031	0.076	0.0559289991164999	0.0754086797499999	FGr	1000	A14	C1	1000	1000	0	0.5	300	0.1
71	0.0658885487013998	0.09544258975	0	0.014	0.021	0.0658885487013998	0.09544258975	NoCorrection	1000	A14	C1	1000	1000	0	0.5	300	0.1
72	0.0298768062085002	0.0328380718	0	0.249	0.433	0.0298768062085002	0.0328380718	ID	1000	A14	C1	1000	1000	0	0.5	300	0.1
73	-0.029920909599	0.0325224383	0	0.325	0.496	-0.029920909599	0.0325224383	1	1000	A14	C1	1000	1000	0	0.5	300	0.5
74	0.0300485216059999	0.14202804675	0	0.34	0.002	0.0300485216059999	0.14202804675	FGr	1000	A14	C1	1000	1000	0	0.5	300	0.5
75	0.1589446419465	0.47263477495	0	0	0	0.1589446419465	0.47263477495	NoCorrection	1000	A14	C1	1000	1000	0	0.5	300	0.5
76	-0.0366029276280001	-0.0087607913	0	0.213	0.847	-0.0366029276280001	-0.0087607913	ID	1000	A14	C1	1000	1000	0	0.5	300	0.5
77	-0.03260734518914	-0.0763388617999999	0	0.266	0.11	-0.03260734518914	-0.0763388617999999	1	1000	A14	C1	1000	1000	0	0.5	300	1
78	0.0698028710154999	0.1637402324	0	0.026	0.001	0.0698028710154999	0.1637402324	FGr	1000	A14	C1	1000	1000	0	0.5	300	1
79	0.2884092718645	0.7337913803	0	0	0	0.2884092718645	0.7337913803	NoCorrection	1000	A14	C1	1000	1000	0	0.5	300	1
80	-0.0366965597849999	-0.0911498102000002	0	0.207	0.044	-0.0366965597849999	-0.0911498102000002	ID	1000	A14	C1	1000	1000	0	0.5	300	1
81	-0.03020372645	0.11740402775	0	0.254	0.1	-0.03020372645	0.11740402775	1	10000	A14	C1	1000	1000	0	0.5	300	0
82	-0.018723669986	0.1990658179	0	0.452	0.004	-0.018723669986	0.1990658179	FGr	10000	A14	C1	1000	1000	0	0.5	300	0
83	-0.0208546588321	0.17122254	0	0.405	0.013	-0.0208546588321	0.17122254	NoCorrection	10000	A14	C1	1000	1000	0	0.5	300	0
84	-0.02442171877875	0.1535887176	0	0.317	0.025	-0.02442171877875	0.1535887176	ID	10000	A14	C1	1000	1000	0	0.5	300	0
85	-0.00362141065049992	-0.0120695435999999	0	0.875	0.846	-0.00362141065049992	-0.0120695435999999	1	10000	A14	C1	1000	1000	0	0.5	300	0.1
86	-0.0123112381089999	-0.0621229447000001	0	0.588	0.4	-0.0123112381089999	-0.0621229447000001	FGr	10000	A14	C1	1000	1000	0	0.5	300	0.1
87	0.0290987466399998	0.1954059331	0	0.211	0.008	0.0290987466399998	0.1954059331	NoCorrection	10000	A14	C1	1000	1000	0	0.5	300	0.1
88	-0.00225234713400005	-0.0112356203	0	0.924	0.872	-0.00225234713400005	-0.0112356203	ID	10000	A14	C1	1000	1000	0	0.5	300	0.1
89	-0.00897773127249998	0.0461628290500001	0	0.706	0.497	-0.00897773127249998	0.0461628290500001	1	10000	A14	C1	1000	1000	0	0.5	300	0.5
90	0.0122428188971	0.1733599186	0	0.601	0.015	0.0122428188971	0.1733599186	FGr	10000	A14	C1	1000	1000	0	0.5	300	0.5
91	0.172485481053	1.1241032175	0	0	0	0.172485481053	1.1241032175	NoCorrection	10000	A14	C1	1000	1000	0	0.5	300	0.5
92	-0.0038793658153	0.0746783416499999	0	0.89	0.303	-0.0038793658153	0.0746783416499999	ID	10000	A14	C1	1000	1000	0	0.5	300	0.5
93	-0.0143928352359999	-0.015661231	0	0.594	0.808	-0.0143928352359999	-0.015661231	1	10000	A14	C1	1000	1000	0	0.5	300	1
94	0.00591735693250002	0.153510476	0	0.807	0.022	0.00591735693250002	0.153510476	FGr	10000	A14	C1	1000	1000	0	0.5	300	1
95	0.3201558087778	2.03760057	0	0	0	0.3201558087778	2.03760057	NoCorrection	10000	A14	C1	1000	1000	0	0.5	300	1
96	-0.013980712795	-0.0167130835	0	0.624	0.806	-0.013980712795	-0.0167130835	ID	10000	A14	C1	1000	1000	0	0.5	300	1
97	-0.0229804544357499	-0.02298045443575	0	0.395	0.383	-0.0229804544357499	-0.02298045443575	1	300	A14	C1	1000	10000	0	0.5	300	0
98	-0.0311490050773503	-0.0311490050773504	0	0.251	0.24	-0.0311490050773503	-0.0311490050773504	FGr	300	A14	C1	1000	10000	0	0.5	300	0
99	-0.0127258977247999	-0.0127258977247999	0	0.637	0.628	-0.0127258977247999	-0.0127258977247999	NoCorrection	300	A14	C1	1000	10000	0	0.5	300	0
100	-0.0153678139286702	-0.0153678139286702	0	0.567	0.569	-0.0153678139286702	-0.0153678139286702	ID	300	A14	C1	1000	10000	0	0.5	300	0
101	-0.00251774456804995	-0.00251774456804994	0	0.904	0.915	-0.00251774456804995	-0.00251774456804994	1	300	A14	C1	1000	10000	0	0.5	300	0.1
102	0.03814454700475	0.03814454700475	0	0.102	0.123	0.03814454700475	0.03814454700475	FGr	300	A14	C1	1000	10000	0	0.5	300	0.1
103	0.069271915172515	0.069271915172515	0	0.007	0.005	0.069271915172515	0.069271915172515	NoCorrection	300	A14	C1	1000	10000	0	0.5	300	0.1
104	0.000761240497800006	0.000761240497800023	0	0.975	0.972	0.000761240497800006	0.000761240497800023	ID	300	A14	C1	1000	10000	0	0.5	300	0.1
105	0.0160748262047999	0.0160748262048	0	0.568	0.584	0.0160748262047999	0.0160748262048	1	300	A14	C1	1000	10000	0	0.5	300	0.5
106	0.1125221591779	0.1125221591779	0	0.001	0	0.1125221591779	0.1125221591779	FGr	300	A14	C1	1000	10000	0	0.5	300	0.5
107	0.242344369714001	0.242344369714001	0	0	0	0.242344369714001	0.242344369714001	NoCorrection	300	A14	C1	1000	10000	0	0.5	300	0.5
108	0.0017446189117	0.00174461891169998	0	0.962	0.941	0.0017446189117	0.00174461891169998	ID	300	A14	C1	1000	10000	0	0.5	300	0.5
109	0.0096683749134001	0.0096683749134001	0	0.716	0.731	0.0096683749134001	0.0096683749134001	1	300	A14	C1	1000	10000	0	0.5	300	1
110	0.19836592066025	0.19836592066025	0	0	0	0.19836592066025	0.19836592066025	FGr	300	A14	C1	1000	10000	0	0.5	300	1
111	0.3762262857915	0.3762262857915	0	0	0	0.3762262857915	0.3762262857915	NoCorrection	300	A14	C1	1000	10000	0	0.5	300	1
112	0.00910603814344986	0.00910603814344985	0	0.758	0.73	0.00910603814344986	0.00910603814344985	ID	300	A14	C1	1000	10000	0	0.5	300	1
113	-0.000132201959069999	0.06521679461	0	0.997	0.158	-0.000132201959069999	0.06521679461	1	1000	A14	C1	1000	10000	0	0.5	300	0
114	-0.00535412748313501	0.0524898658650005	0	0.832	0.245	-0.00535412748313501	0.0524898658650005	FGr	1000	A14	C1	1000	10000	0	0.5	300	0
115	0.014651762563	0.0827189987050008	0	0.581	0.049	0.014651762563	0.0827189987050008	NoCorrection	1000	A14	C1	1000	10000	0	0.5	300	0
116	-0.0092454721435	0.04895078519	0	0.739	0.272	-0.0092454721435	0.04895078519	ID	1000	A14	C1	1000	10000	0	0.5	300	0
117	-0.0511664973362001	-0.00675914570500001	0	0.05	0.868	-0.0511664973362001	-0.00675914570500001	1	1000	A14	C1	1000	10000	0	0.5	300	0.1
118	-0.0136602313702501	0.075287196545	0	0.617	0.069	-0.0136602313702501	0.075287196545	FGr	1000	A14	C1	1000	10000	0	0.5	300	0.1
119	0.0241391488465001	0.188780248635	0	0.407	0	0.0241391488465001	0.188780248635	NoCorrection	1000	A14	C1	1000	10000	0	0.5	300	0.1
120	-0.0494192254637	-0.0100946863800001	0	0.074	0.805	-0.0494192254637	-0.0100946863800001	ID	1000	A14	C1	1000	10000	0	0.5	300	0.1
121	-0.00290653499159001	-0.00754252006499967	0	0.916	0.877	-0.00290653499159001	-0.00754252006499967	1	1000	A14	C1	1000	10000	0	0.5	300	0.5
122	0.0520339640783399	0.12181406597	0	0.06	0.008	0.0520339640783399	0.12181406597	FGr	1000	A14	C1	1000	10000	0	0.5	300	0.5
123	0.1687298044613	0.416752539350001	0	0	0	0.1687298044613	0.416752539350001	NoCorrection	1000	A14	C1	1000	10000	0	0.5	300	0.5
124	-0.0246099048193	-0.0592178474850004	0	0.359	0.15	-0.0246099048193	-0.0592178474850004	ID	1000	A14	C1	1000	10000	0	0.5	300	0.5
125	-0.0205659825264	0.0895320979749998	0	0.513	0.061	-0.0205659825264	0.0895320979749998	1	1000	A14	C1	1000	10000	0	0.5	300	1
126	0.0940551684626001	0.35254758902	0	0.002	0	0.0940551684626001	0.35254758902	FGr	1000	A14	C1	1000	10000	0	0.5	300	1
127	0.3077822302223	0.842256821825001	0	0	0	0.3077822302223	0.842256821825001	NoCorrection	1000	A14	C1	1000	10000	0	0.5	300	1
128	-0.027394636389	0.0803321071650002	0	0.392	0.105	-0.027394636389	0.0803321071650002	ID	1000	A14	C1	1000	10000	0	0.5	300	1
129	0.0256677222437505	-0.0196748095450024	0	0.311	0.779	0.0256677222437505	-0.0196748095450024	1	10000	A14	C1	1000	10000	0	0.5	300	0
130	0.0179324303574	-0.116206976285001	0	0.479	0.082	0.0179324303574	-0.116206976285001	FGr	10000	A14	C1	1000	10000	0	0.5	300	0
131	-0.02243602043025	-0.35646518173	0	0.399	0	-0.02243602043025	-0.35646518173	NoCorrection	10000	A14	C1	1000	10000	0	0.5	300	0
132	0.0221360684727005	-0.0556812792449976	0	0.399	0.41	0.0221360684727005	-0.0556812792449976	ID	10000	A14	C1	1000	10000	0	0.5	300	0
133	-0.0266105508997749	0.0596971765099991	0	0.276	0.37	-0.0266105508997749	0.0596971765099991	1	10000	A14	C1	1000	10000	0	0.5	300	0.1
134	-0.0168885075820999	0.1167218185	0	0.478	0.075	-0.0168885075820999	0.1167218185	FGr	10000	A14	C1	1000	10000	0	0.5	300	0.1
135	0.0159584206823	0.300662687305	0	0.514	0	0.0159584206823	0.300662687305	NoCorrection	10000	A14	C1	1000	10000	0	0.5	300	0.1
136	-0.02758435575229	0.0575876267149997	0	0.287	0.382	-0.02758435575229	0.0575876267149997	ID	10000	A14	C1	1000	10000	0	0.5	300	0.1
137	-0.00788744775869998	-0.00533583870000004	0	0.799	0.935	-0.00788744775869998	-0.00533583870000004	1	10000	A14	C1	1000	10000	0	0.5	300	0.5
138	0.00443435328747503	0.0749480218999998	0	0.899	0.298	0.00443435328747503	0.0749480218999998	FGr	10000	A14	C1	1000	10000	0	0.5	300	0.5
139	0.15316546160798	0.980061111449998	0	0	0	0.15316546160798	0.980061111449998	NoCorrection	10000	A14	C1	1000	10000	0	0.5	300	0.5
140	0.00146559625285	0.0664298708999997	0	0.972	0.36	0.00146559625285	0.0664298708999997	ID	10000	A14	C1	1000	10000	0	0.5	300	0.5
141	0.0329661995357721	-0.0448230402000002	0	0.167	0.486	0.0329661995357721	-0.0448230402000002	1	10000	A14	C1	1000	10000	0	0.5	300	1
142	0.0453357219538	0.0372786478550003	0	0.045	0.569	0.0453357219538	0.0372786478550003	FGr	10000	A14	C1	1000	10000	0	0.5	300	1
143	0.3713238276616	1.89030434815	0	0	0	0.3713238276616	1.89030434815	NoCorrection	10000	A14	C1	1000	10000	0	0.5	300	1
144	0.0363038472745	-0.0460043294999998	0	0.103	0.488	0.0363038472745	-0.0460043294999998	ID	10000	A14	C1	1000	10000	0	0.5	300	1
145	-0.0084583829135	-0.0084583829135	0	0.512	0.508	-0.0084583829135	-0.0084583829135	1	300	A14	C1	10000	100	0	0.5	300	0
146	-0.0072484813595	-0.0072484813595	0	0.58	0.58	-0.0072484813595	-0.0072484813595	FGr	300	A14	C1	10000	100	0	0.5	300	0
147	-0.00337330235225	-0.00337330235225	0	0.787	0.811	-0.00337330235225	-0.00337330235225	NoCorrection	300	A14	C1	10000	100	0	0.5	300	0
148	-0.00824868880349999	-0.00824868880350001	0	0.54	0.539	-0.00824868880349999	-0.00824868880350001	ID	300	A14	C1	10000	100	0	0.5	300	0
149	-0.0081287220004	-0.00812872200039999	0	0.495	0.478	-0.0081287220004	-0.00812872200039999	1	300	A14	C1	10000	100	0	0.5	300	0.1
150	0.001997129681	0.001997129681	0	0.875	0.861	0.001997129681	0.001997129681	FGr	300	A14	C1	10000	100	0	0.5	300	0.1
151	0.01131508975	0.01131508975	0	0.345	0.347	0.01131508975	0.01131508975	NoCorrection	300	A14	C1	10000	100	0	0.5	300	0.1
152	-0.016565304885	-0.016565304885	0	0.187	0.175	-0.016565304885	-0.016565304885	ID	300	A14	C1	10000	100	0	0.5	300	0.1
153	-0.00422074904200001	-0.00422074904200001	0	0.765	0.746	-0.00422074904200001	-0.00422074904200001	1	300	A14	C1	10000	100	0	0.5	300	0.5
154	0.14440124563	0.14440124563	0	0	0	0.14440124563	0.14440124563	FGr	300	A14	C1	10000	100	0	0.5	300	0.5
155	0.18192778085	0.18192778085	0	0	0	0.18192778085	0.18192778085	NoCorrection	300	A14	C1	10000	100	0	0.5	300	0.5
156	-0.00674693523450001	-0.00674693523449999	0	0.647	0.601	-0.00674693523450001	-0.00674693523449999	ID	300	A14	C1	10000	100	0	0.5	300	0.5
157	0.00795023949	0.00795023949000002	0	0.539	0.541	0.00795023949	0.00795023949000002	1	300	A14	C1	10000	100	0	0.5	300	1
158	0.29805211761	0.29805211761	0	0	0	0.29805211761	0.29805211761	FGr	300	A14	C1	10000	100	0	0.5	300	1
159	0.382766914285	0.382766914285	0	0	0	0.382766914285	0.382766914285	NoCorrection	300	A14	C1	10000	100	0	0.5	300	1
160	0.010651936952	0.010651936952	0	0.407	0.416	0.010651936952	0.010651936952	ID	300	A14	C1	10000	100	0	0.5	300	1
161	-0.01131032965	0.0227675585	0	0.32	0.264	-0.01131032965	0.0227675585	1	1000	A14	C1	10000	100	0	0.5	300	0
162	-0.011012760163	0.023643294	0	0.318	0.234	-0.011012760163	0.023643294	FGr	1000	A14	C1	10000	100	0	0.5	300	0
163	3.72656149999989e-05	0.05158636	0	0.996	0.012	3.72656149999989e-05	0.05158636	NoCorrection	1000	A14	C1	10000	100	0	0.5	300	0
164	-0.012805270651	0.0156965735	0	0.25	0.418	-0.012805270651	0.0156965735	ID	1000	A14	C1	10000	100	0	0.5	300	0
165	0.008674328255	-0.0151804905	0	0.516	0.453	0.008674328255	-0.0151804905	1	1000	A14	C1	10000	100	0	0.5	300	0.1
166	0.02819987875265	0.036823392	0	0.064	0.089	0.02819987875265	0.036823392	FGr	1000	A14	C1	10000	100	0	0.5	300	0.1
167	0.05314929102	0.113032066	0	0.003	0	0.05314929102	0.113032066	NoCorrection	1000	A14	C1	10000	100	0	0.5	300	0.1
168	0.00403148988749999	-0.0279074165	0	0.768	0.163	0.00403148988749999	-0.0279074165	ID	1000	A14	C1	10000	100	0	0.5	300	0.1
169	-0.000296899158000004	0.00385431250000002	0	0.979	0.855	-0.000296899158000004	0.00385431250000002	1	1000	A14	C1	10000	100	0	0.5	300	0.5
170	0.08209827027	0.2160553495	0	0	0	0.08209827027	0.2160553495	FGr	1000	A14	C1	10000	100	0	0.5	300	0.5
171	0.1770394331475	0.483544409	0	0	0	0.1770394331475	0.483544409	NoCorrection	1000	A14	C1	10000	100	0	0.5	300	0.5
172	-0.001232643275	-0.00477908350000001	0	0.914	0.81	-0.001232643275	-0.00477908350000001	ID	1000	A14	C1	10000	100	0	0.5	300	0.5
173	-0.0093429012075	0.0117138825	0	0.503	0.586	-0.0093429012075	0.0117138825	1	1000	A14	C1	10000	100	0	0.5	300	1
174	0.157189549335	0.460956481	0	0	0	0.157189549335	0.460956481	FGr	1000	A14	C1	10000	100	0	0.5	300	1
175	0.354558769215	0.959675687	0	0	0	0.354558769215	0.959675687	NoCorrection	1000	A14	C1	10000	100	0	0.5	300	1
176	-0.008256221947	0.002398288	0	0.517	0.917	-0.008256221947	0.002398288	ID	1000	A14	C1	10000	100	0	0.5	300	1
177	0.00984977848500001	-0.0291403745000001	0	0.392	0.342	0.00984977848500001	-0.0291403745000001	1	10000	A14	C1	10000	100	0	0.5	300	0
178	0.00988491355499999	-0.0290299324999999	0	0.372	0.375	0.00988491355499999	-0.0290299324999999	FGr	10000	A14	C1	10000	100	0	0.5	300	0
179	0.009209592135	-0.029875076	0	0.409	0.356	0.009209592135	-0.029875076	NoCorrection	10000	A14	C1	10000	100	0	0.5	300	0
180	0.010082939	-0.028058613	0	0.354	0.377	0.010082939	-0.028058613	ID	10000	A14	C1	10000	100	0	0.5	300	0
181	0.01488627803	0.0123468345	0	0.229	0.692	0.01488627803	0.0123468345	1	10000	A14	C1	10000	100	0	0.5	300	0.1
182	0.01767691656	0.0317677565	0	0.172	0.321	0.01767691656	0.0317677565	FGr	10000	A14	C1	10000	100	0	0.5	300	0.1
183	0.057329455825	0.2547289515	0	0	0	0.057329455825	0.2547289515	NoCorrection	10000	A14	C1	10000	100	0	0.5	300	0.1
184	0.015891517605	0.0179320195	0	0.187	0.569	0.015891517605	0.0179320195	ID	10000	A14	C1	10000	100	0	0.5	300	0.1
185	0.00505614716999999	-0.00547378700000001	0	0.682	0.864	0.00505614716999999	-0.00547378700000001	1	10000	A14	C1	10000	100	0	0.5	300	0.5
186	0.019934367995	0.088767022	0	0.134	0.011	0.019934367995	0.088767022	FGr	10000	A14	C1	10000	100	0	0.5	300	0.5
187	0.173268396065	1.033404393	0	0	0	0.173268396065	1.033404393	NoCorrection	10000	A14	C1	10000	100	0	0.5	300	0.5
188	0.004321089085635	-0.00231173449999999	0	0.775	0.947	0.004321089085635	-0.00231173449999999	ID	10000	A14	C1	10000	100	0	0.5	300	0.5
189	0.00785894257499999	0.0257335729999999	0	0.539	0.417	0.00785894257499999	0.0257335729999999	1	10000	A14	C1	10000	100	0	0.5	300	1
190	0.03593000502	0.235669299	0	0.007	0	0.03593000502	0.235669299	FGr	10000	A14	C1	10000	100	0	0.5	300	1
191	0.332110522495	1.84029132	0	0	0	0.332110522495	1.84029132	NoCorrection	10000	A14	C1	10000	100	0	0.5	300	1
192	0.00564292411999999	0.0174621615	0	0.635	0.583	0.00564292411999999	0.0174621615	ID	10000	A14	C1	10000	100	0	0.5	300	1
193	0.000378019179399999	0.00037801917939999	0	0.965	0.965	0.000378019179399999	0.00037801917939999	1	300	A14	C1	10000	1000	0	0.5	300	0
194	0.00174903677889001	0.00174903677888999	0	0.863	0.843	0.00174903677889001	0.00174903677888999	FGr	300	A14	C1	10000	1000	0	0.5	300	0
195	0.00654697340449999	0.00654697340449999	0	0.427	0.464	0.00654697340449999	0.00654697340449999	NoCorrection	300	A14	C1	10000	1000	0	0.5	300	0
196	0.000140735454800042	0.000140735454800029	0	0.99	0.993	0.000140735454800042	0.000140735454800029	ID	300	A14	C1	10000	1000	0	0.5	300	0
197	0.0027585644985	0.0027585644985	0	0.737	0.769	0.0027585644985	0.0027585644985	1	300	A14	C1	10000	1000	0	0.5	300	0.1
198	0.025548526989725	0.025548526989725	0	0.005	0.003	0.025548526989725	0.025548526989725	FGr	300	A14	C1	10000	1000	0	0.5	300	0.1
199	0.02924721169185	0.02924721169185	0	0.002	0	0.02924721169185	0.02924721169185	NoCorrection	300	A14	C1	10000	1000	0	0.5	300	0.1
200	0.0080679594399	0.0080679594399	0	0.352	0.371	0.0080679594399	0.0080679594399	ID	300	A14	C1	10000	1000	0	0.5	300	0.1
201	-0.000102976633650029	-0.000102976633650026	0	0.989	0.991	-0.000102976633650029	-0.000102976633650026	1	300	A14	C1	10000	1000	0	0.5	300	0.5
202	0.0960324662460002	0.0960324662460001	0	0	0	0.0960324662460002	0.0960324662460001	FGr	300	A14	C1	10000	1000	0	0.5	300	0.5
203	0.1472470561185	0.1472470561185	0	0	0	0.1472470561185	0.1472470561185	NoCorrection	300	A14	C1	10000	1000	0	0.5	300	0.5
204	-0.00484194716045	-0.00484194716045	0	0.485	0.506	-0.00484194716045	-0.00484194716045	ID	300	A14	C1	10000	1000	0	0.5	300	0.5
205	-0.0103925433875	-0.0103925433875	0	0.199	0.225	-0.0103925433875	-0.0103925433875	1	300	A14	C1	10000	1000	0	0.5	300	1
206	0.192584688093	0.192584688093	0	0	0	0.192584688093	0.192584688093	FGr	300	A14	C1	10000	1000	0	0.5	300	1
207	0.3020060481092	0.3020060481092	0	0	0	0.3020060481092	0.3020060481092	NoCorrection	300	A14	C1	10000	1000	0	0.5	300	1
208	-0.0104518868872	-0.0104518868872	0	0.21	0.184	-0.0104518868872	-0.0104518868872	ID	300	A14	C1	10000	1000	0	0.5	300	1
209	0.00222178993249998	0.00472736475000001	0	0.798	0.728	0.00222178993249998	0.00472736475000001	1	1000	A14	C1	10000	1000	0	0.5	300	0
210	-0.00206301362700004	-0.0064195486	0	0.786	0.64	-0.00206301362700004	-0.0064195486	FGr	1000	A14	C1	10000	1000	0	0.5	300	0
211	0.00046202045429997	-0.000370154349999996	0	0.965	0.978	0.00046202045429997	-0.000370154349999996	NoCorrection	1000	A14	C1	10000	1000	0	0.5	300	0
212	0.00197460896874998	0.0044843279	0	0.804	0.747	0.00197460896874998	0.0044843279	ID	1000	A14	C1	10000	1000	0	0.5	300	0
213	0.00199203696209996	-0.00496920605000013	0	0.809	0.73	0.00199203696209996	-0.00496920605000013	1	1000	A14	C1	10000	1000	0	0.5	300	0.1
214	0.0162158089949	0.0384947708499999	0	0.042	0.003	0.0162158089949	0.0384947708499999	FGr	1000	A14	C1	10000	1000	0	0.5	300	0.1
215	0.0448159755775	0.10545332395	0	0	0	0.0448159755775	0.10545332395	NoCorrection	1000	A14	C1	10000	1000	0	0.5	300	0.1
216	0.00322325651299998	-0.000832033600000073	0	0.684	0.956	0.00322325651299998	-0.000832033600000073	ID	1000	A14	C1	10000	1000	0	0.5	300	0.1
217	-0.00700334859714992	0.0131251142	0	0.458	0.35	-0.00700334859714992	0.0131251142	1	1000	A14	C1	10000	1000	0	0.5	300	0.5
218	0.047713059885	0.1658542844	0	0	0	0.047713059885	0.1658542844	FGr	1000	A14	C1	10000	1000	0	0.5	300	0.5
219	0.1521544371695	0.4480712111	0	0	0	0.1521544371695	0.4480712111	NoCorrection	1000	A14	C1	10000	1000	0	0.5	300	0.5
220	-0.00267270044300004	0.0207412942500003	0	0.773	0.133	-0.00267270044300004	0.0207412942500003	ID	1000	A14	C1	10000	1000	0	0.5	300	0.5
221	0.0116802073325	0.0172726548	0	0.151	0.185	0.0116802073325	0.0172726548	1	1000	A14	C1	10000	1000	0	0.5	300	1
222	0.12009400701065	0.29233343195	0	0	0	0.12009400701065	0.29233343195	FGr	1000	A14	C1	10000	1000	0	0.5	300	1
223	0.3307054102422	0.8685103304	0	0	0	0.3307054102422	0.8685103304	NoCorrection	1000	A14	C1	10000	1000	0	0.5	300	1
224	0.01522063501865	0.0265815374	0	0.053	0.046	0.01522063501865	0.0265815374	ID	1000	A14	C1	10000	1000	0	0.5	300	1
225	-0.00448017734550002	-0.0061259461	0	0.666	0.815	-0.00448017734550002	-0.0061259461	1	10000	A14	C1	10000	1000	0	0.5	300	0
226	-0.00364192206900002	0.000770932000000014	0	0.73	0.975	-0.00364192206900002	0.000770932000000014	FGr	10000	A14	C1	10000	1000	0	0.5	300	0
227	0.00547449673055001	0.0444199155499999	0	0.57	0.054	0.00547449673055001	0.0444199155499999	NoCorrection	10000	A14	C1	10000	1000	0	0.5	300	0
228	-0.00379615416999999	-0.0030801895	0	0.728	0.907	-0.00379615416999999	-0.0030801895	ID	10000	A14	C1	10000	1000	0	0.5	300	0
229	-0.0103362325384999	-0.0210140241500001	0	0.287	0.327	-0.0103362325384999	-0.0210140241500001	1	10000	A14	C1	10000	1000	0	0.5	300	0.1
230	-0.0105875576685	-0.0290859976999997	0	0.268	0.206	-0.0105875576685	-0.0290859976999997	FGr	10000	A14	C1	10000	1000	0	0.5	300	0.1
231	0.022031081594	0.16995874975	0	0.027	0	0.022031081594	0.16995874975	NoCorrection	10000	A14	C1	10000	1000	0	0.5	300	0.1
232	-0.0118376721345	-0.033165641	0	0.217	0.155	-0.0118376721345	-0.033165641	ID	10000	A14	C1	10000	1000	0	0.5	300	0.1
233	0.018058544981675	-0.01260825975	0	0.016	0.571	0.018058544981675	-0.01260825975	1	10000	A14	C1	10000	1000	0	0.5	300	0.5
234	0.0279179552734	0.05218432795	0	0	0.013	0.0279179552734	0.05218432795	FGr	10000	A14	C1	10000	1000	0	0.5	300	0.5
235	0.200318822158	1.0000354787	0	0	0	0.200318822158	1.0000354787	NoCorrection	10000	A14	C1	10000	1000	0	0.5	300	0.5
236	0.0183228663042	-0.00551072894999998	0	0.024	0.798	0.0183228663042	-0.00551072894999998	ID	10000	A14	C1	10000	1000	0	0.5	300	0.5
237	0.00439024000635001	0.0265224610000001	0	0.624	0.25	0.00439024000635001	0.0265224610000001	1	10000	A14	C1	10000	1000	0	0.5	300	1
238	0.02328311421315	0.11980784615	0	0.012	0	0.02328311421315	0.11980784615	FGr	10000	A14	C1	10000	1000	0	0.5	300	1
239	0.3536975492115	1.849466026	0	0	0	0.3536975492115	1.849466026	NoCorrection	10000	A14	C1	10000	1000	0	0.5	300	1
240	0.00471294926850001	0.01746978565	0	0.61	0.438	0.00471294926850001	0.01746978565	ID	10000	A14	C1	10000	1000	0	0.5	300	1
241	-0.00973492991240007	-0.00973492991240006	0	0.231	0.235	-0.00973492991240007	-0.00973492991240006	1	300	A14	C1	10000	10000	0	0.5	300	0
242	-0.016239864749534	-0.016239864749534	0	0.041	0.058	-0.016239864749534	-0.016239864749534	FGr	300	A14	C1	10000	10000	0	0.5	300	0
243	-0.00958503614489998	-0.00958503614489998	0	0.251	0.215	-0.00958503614489998	-0.00958503614489998	NoCorrection	300	A14	C1	10000	10000	0	0.5	300	0
244	-0.01153261007765	-0.01153261007765	0	0.178	0.171	-0.01153261007765	-0.01153261007765	ID	300	A14	C1	10000	10000	0	0.5	300	0
245	0.00269209328801001	0.00269209328801002	0	0.743	0.759	0.00269209328801001	0.00269209328801002	1	300	A14	C1	10000	10000	0	0.5	300	0.1
246	0.0235493208963299	0.0235493208963299	0	0.004	0.006	0.0235493208963299	0.0235493208963299	FGr	300	A14	C1	10000	10000	0	0.5	300	0.1
247	0.03581088024634	0.03581088024634	0	0	0	0.03581088024634	0.03581088024634	NoCorrection	300	A14	C1	10000	10000	0	0.5	300	0.1
248	0.00118564790430006	0.00118564790430006	0	0.877	0.894	0.00118564790430006	0.00118564790430006	ID	300	A14	C1	10000	10000	0	0.5	300	0.1
249	0.02934642259142	0.02934642259142	0	0	0.001	0.02934642259142	0.02934642259142	1	300	A14	C1	10000	10000	0	0.5	300	0.5
250	0.12747538993735	0.12747538993735	0	0	0	0.12747538993735	0.12747538993735	FGr	300	A14	C1	10000	10000	0	0.5	300	0.5
251	0.19135090890585	0.19135090890585	0	0	0	0.19135090890585	0.19135090890585	NoCorrection	300	A14	C1	10000	10000	0	0.5	300	0.5
252	0.0300325425978401	0.0300325425978401	0	0	0	0.0300325425978401	0.0300325425978401	ID	300	A14	C1	10000	10000	0	0.5	300	0.5
253	-0.000454772979556989	-0.000454772979556991	0	0.961	0.969	-0.000454772979556989	-0.000454772979556991	1	300	A14	C1	10000	10000	0	0.5	300	1
254	0.19772680678055	0.19772680678055	0	0	0	0.19772680678055	0.19772680678055	FGr	300	A14	C1	10000	10000	0	0.5	300	1
255	0.311516378416155	0.311516378416155	0	0	0	0.311516378416155	0.311516378416155	NoCorrection	300	A14	C1	10000	10000	0	0.5	300	1
256	0.00227225766620001	0.00227225766620001	0	0.765	0.786	0.00227225766620001	0.00227225766620001	ID	300	A14	C1	10000	10000	0	0.5	300	1
257	-0.01436207991457	-0.0145503229100003	0	0.13	0.32	-0.01436207991457	-0.0145503229100003	1	1000	A14	C1	10000	10000	0	0.5	300	0
258	-0.00890009195324999	-0.00499700286499979	0	0.318	0.736	-0.00890009195324999	-0.00499700286499979	FGr	1000	A14	C1	10000	10000	0	0.5	300	0
259	-0.00381625546958001	0.0032165881949999	0	0.64	0.819	-0.00381625546958001	0.0032165881949999	NoCorrection	1000	A14	C1	10000	10000	0	0.5	300	0
260	-0.01464004457731	-0.0159613484850003	0	0.116	0.266	-0.01464004457731	-0.0159613484850003	ID	1000	A14	C1	10000	10000	0	0.5	300	0
261	0.00670917314960002	-0.0143704023800002	0	0.347	0.262	0.00670917314960002	-0.0143704023800002	1	1000	A14	C1	10000	10000	0	0.5	300	0.1
262	0.0225048906655	0.023112724755	0	0.003	0.077	0.0225048906655	0.023112724755	FGr	1000	A14	C1	10000	10000	0	0.5	300	0.1
263	0.05595342421605	0.097151234825	0	0	0	0.05595342421605	0.097151234825	NoCorrection	1000	A14	C1	10000	10000	0	0.5	300	0.1
264	0.00734583488109995	-0.0142930475150001	0	0.342	0.241	0.00734583488109995	-0.0142930475150001	ID	1000	A14	C1	10000	10000	0	0.5	300	0.1
265	-0.00713016547769995	-0.00790665091499997	0	0.375	0.588	-0.00713016547769995	-0.00790665091499997	1	1000	A14	C1	10000	10000	0	0.5	300	0.5
266	0.0661074944599505	0.15400757184	0	0	0	0.0661074944599505	0.15400757184	FGr	1000	A14	C1	10000	10000	0	0.5	300	0.5
267	0.200884598872101	0.464339284285	0	0	0	0.200884598872101	0.464339284285	NoCorrection	1000	A14	C1	10000	10000	0	0.5	300	0.5
268	-0.00273813091715019	0.00481086695	0	0.73	0.716	-0.00273813091715019	0.00481086695	ID	1000	A14	C1	10000	10000	0	0.5	300	0.5
269	-0.00336963339685979	-0.000489892630000069	0	0.671	0.968	-0.00336963339685979	-0.000489892630000069	1	1000	A14	C1	10000	10000	0	0.5	300	1
270	0.1257155325319	0.278630759265	0	0	0	0.1257155325319	0.278630759265	FGr	1000	A14	C1	10000	10000	0	0.5	300	1
271	0.3598123708263	0.811350765514999	0	0	0	0.3598123708263	0.811350765514999	NoCorrection	1000	A14	C1	10000	10000	0	0.5	300	1
272	-0.00216778114384992	-0.000672951585000017	0	0.793	0.954	-0.00216778114384992	-0.000672951585000017	ID	1000	A14	C1	10000	10000	0	0.5	300	1
273	0.0114310949633499	-0.0220665546350001	0	0.226	0.313	0.0114310949633499	-0.0220665546350001	1	10000	A14	C1	10000	10000	0	0.5	300	0
274	0.01200333460318	-0.0195062074400001	0	0.206	0.384	0.01200333460318	-0.0195062074400001	FGr	10000	A14	C1	10000	10000	0	0.5	300	0
275	0.0223227500454323	0.0892294198750002	0	0.027	0	0.0223227500454323	0.0892294198750002	NoCorrection	10000	A14	C1	10000	10000	0	0.5	300	0
276	0.0120537456830199	-0.0185146033500003	0	0.226	0.421	0.0120537456830199	-0.0185146033500003	ID	10000	A14	C1	10000	10000	0	0.5	300	0
277	-0.00661355142635001	-0.02335424847	0	0.357	0.255	-0.00661355142635001	-0.02335424847	1	10000	A14	C1	10000	10000	0	0.5	300	0.1
278	-0.006674945515	-0.0266917209249999	0	0.349	0.194	-0.006674945515	-0.0266917209249999	FGr	10000	A14	C1	10000	10000	0	0.5	300	0.1
279	0.00971862952862399	0.0778925043199998	0	0.181	0.001	0.00971862952862399	0.0778925043199998	NoCorrection	10000	A14	C1	10000	10000	0	0.5	300	0.1
280	-0.00569331622745001	-0.01686642917	0	0.485	0.412	-0.00569331622745001	-0.01686642917	ID	10000	A14	C1	10000	10000	0	0.5	300	0.1
281	0.0152553105107201	0.0207864832850001	0	0.057	0.333	0.0152553105107201	0.0207864832850001	1	10000	A14	C1	10000	10000	0	0.5	300	0.5
282	0.0212216887029503	0.0580475692850001	0	0.011	0.003	0.0212216887029503	0.0580475692850001	FGr	10000	A14	C1	10000	10000	0	0.5	300	0.5
283	0.15923431326825	0.964850944585001	0	0	0	0.15923431326825	0.964850944585001	NoCorrection	10000	A14	C1	10000	10000	0	0.5	300	0.5
284	0.01414377758569	0.0106654059700005	0	0.083	0.608	0.01414377758569	0.0106654059700005	ID	10000	A14	C1	10000	10000	0	0.5	300	0.5
285	0.00357664932534999	-0.027915457975	0	0.643	0.219	0.00357664932534999	-0.027915457975	1	10000	A14	C1	10000	10000	0	0.5	300	1
286	0.01593454341447	0.04786198744	0	0.055	0.022	0.01593454341447	0.04786198744	FGr	10000	A14	C1	10000	10000	0	0.5	300	1
287	0.3014281177255	1.98868141285	0	0	0	0.3014281177255	1.98868141285	NoCorrection	10000	A14	C1	10000	10000	0	0.5	300	1
288	0.0024575678284	-0.0396459706050001	0	0.75	0.073	0.0024575678284	-0.0396459706050001	ID	10000	A14	C1	10000	10000	0	0.5	300	1
289	0.06603217682	0.06603217682	0	0.089	0.086	0.06603217682	0.06603217682	1	300	A14	C2	1000	100	0	0.5	300	0
290	0.07106853559	0.07106853559	0	0.069	0.06	0.07106853559	0.07106853559	FGr	300	A14	C2	1000	100	0	0.5	300	0
291	0.071078156905	0.071078156905	0	0.063	0.064	0.071078156905	0.071078156905	NoCorrection	300	A14	C2	1000	100	0	0.5	300	0
292	0.068175709664	0.068175709664	0	0.065	0.076	0.068175709664	0.068175709664	ID	300	A14	C2	1000	100	0	0.5	300	0
293	0.00143008574499996	0.00143008574500001	0	0.963	0.97	0.00143008574499996	0.00143008574500001	1	300	A14	C2	1000	100	0	0.5	300	0.1
294	0.005574284055	0.00557428405500001	0	0.878	0.854	0.005574284055	0.00557428405500001	FGr	300	A14	C2	1000	100	0	0.5	300	0.1
295	0.00596462837749996	0.00596462837750001	0	0.847	0.846	0.00596462837749996	0.00596462837750001	NoCorrection	300	A14	C2	1000	100	0	0.5	300	0.1
296	0.00615462710500005	0.00615462710500001	0	0.861	0.833	0.00615462710500005	0.00615462710500001	ID	300	A14	C2	1000	100	0	0.5	300	0.1
297	0.036865994415	0.036865994415	0	0.318	0.349	0.036865994415	0.036865994415	1	300	A14	C2	1000	100	0	0.5	300	0.5
298	-0.00390406255000004	-0.00390406254999999	0	0.916	0.932	-0.00390406255000004	-0.00390406254999999	FGr	300	A14	C2	1000	100	0	0.5	300	0.5
299	-0.0035882692	-0.00358826919999998	0	0.929	0.946	-0.0035882692	-0.00358826919999998	NoCorrection	300	A14	C2	1000	100	0	0.5	300	0.5
300	0.0154161469	0.0154161469	0	0.733	0.684	0.0154161469	0.0154161469	ID	300	A14	C2	1000	100	0	0.5	300	0.5
301	0.06980496568	0.06980496568	0	0.037	0.03	0.06980496568	0.06980496568	1	300	A14	C2	1000	100	0	0.5	300	1
302	0.00175326493999997	0.00175326494000003	0	0.973	0.97	0.00175326493999997	0.00175326494000003	FGr	300	A14	C2	1000	100	0	0.5	300	1
303	0.00356164303	0.00356164303000001	0	0.949	0.939	0.00356164303	0.00356164303000001	NoCorrection	300	A14	C2	1000	100	0	0.5	300	1
304	0.03867353629	0.03867353629	0	0.219	0.213	0.03867353629	0.03867353629	ID	300	A14	C2	1000	100	0	0.5	300	1
305	-0.0176442435	-0.079527479	0	0.616	0.177	-0.0176442435	-0.079527479	1	1000	A14	C2	1000	100	0	0.5	300	0
306	-0.0175246903249999	-0.080682204	0	0.62	0.167	-0.0175246903249999	-0.080682204	FGr	1000	A14	C2	1000	100	0	0.5	300	0
307	-0.0175057818750001	-0.0821609040000001	0	0.631	0.15	-0.0175057818750001	-0.0821609040000001	NoCorrection	1000	A14	C2	1000	100	0	0.5	300	0
308	-0.01572019475	-0.0990009045	0	0.639	0.086	-0.01572019475	-0.0990009045	ID	1000	A14	C2	1000	100	0	0.5	300	0
309	0.00353527071500005	0.0380417365	0	0.911	0.521	0.00353527071500005	0.0380417365	1	1000	A14	C2	1000	100	0	0.5	300	0.1
310	-0.00404934734500001	0.042942813	0	0.908	0.472	-0.00404934734500001	0.042942813	FGr	1000	A14	C2	1000	100	0	0.5	300	0.1
311	-0.00368755812	0.044607632	0	0.918	0.473	-0.00368755812	0.044607632	NoCorrection	1000	A14	C2	1000	100	0	0.5	300	0.1
312	0.00099148131500006	0.022315636	0	0.975	0.67	0.00099148131500006	0.022315636	ID	1000	A14	C2	1000	100	0	0.5	300	0.1
313	-0.00329313222499999	-0.032486009	0	0.926	0.586	-0.00329313222499999	-0.032486009	1	1000	A14	C2	1000	100	0	0.5	300	0.5
314	-0.0201265063699999	-0.0436435035	0	0.636	0.513	-0.0201265063699999	-0.0436435035	FGr	1000	A14	C2	1000	100	0	0.5	300	0.5
315	-0.0197055546499999	-0.0360612160000001	0	0.667	0.59	-0.0197055546499999	-0.0360612160000001	NoCorrection	1000	A14	C2	1000	100	0	0.5	300	0.5
316	-0.00626638539000002	-0.041096668	0	0.856	0.479	-0.00626638539000002	-0.041096668	ID	1000	A14	C2	1000	100	0	0.5	300	0.5
317	0.0529046300100001	0.129964269	0	0.112	0.014	0.0529046300100001	0.129964269	1	1000	A14	C2	1000	100	0	0.5	300	1
318	0.0242285507	0.109352182	0	0.605	0.171	0.0242285507	0.109352182	FGr	1000	A14	C2	1000	100	0	0.5	300	1
319	0.0243097960500001	0.1093778905	0	0.591	0.174	0.0243097960500001	0.1093778905	NoCorrection	1000	A14	C2	1000	100	0	0.5	300	1
320	0.04846525235	0.080676067	0	0.128	0.109	0.04846525235	0.080676067	ID	1000	A14	C2	1000	100	0	0.5	300	1
321	-0.06696793216	-0.076594502	0	0.085	0.364	-0.06696793216	-0.076594502	1	10000	A14	C2	1000	100	0	0.5	300	0
322	-0.069927663705	-0.0683429640000002	0	0.052	0.441	-0.069927663705	-0.0683429640000002	FGr	10000	A14	C2	1000	100	0	0.5	300	0
323	-0.069735919305	-0.0700309790000001	0	0.044	0.433	-0.069735919305	-0.0700309790000001	NoCorrection	10000	A14	C2	1000	100	0	0.5	300	0
324	-0.0670311119	-0.0740315010000002	0	0.081	0.441	-0.0670311119	-0.0740315010000002	ID	10000	A14	C2	1000	100	0	0.5	300	0
325	0.00814568066500003	-0.09684558	0	0.837	0.31	0.00814568066500003	-0.09684558	1	10000	A14	C2	1000	100	0	0.5	300	0.1
326	0.00167753459999998	-0.14227022	0	0.959	0.158	0.00167753459999998	-0.14227022	FGr	10000	A14	C2	1000	100	0	0.5	300	0.1
327	0.00166669726999996	-0.118510545	0	0.946	0.225	0.00166669726999996	-0.118510545	NoCorrection	10000	A14	C2	1000	100	0	0.5	300	0.1
328	0.00805904798499995	-0.104743935	0	0.835	0.297	0.00805904798499995	-0.104743935	ID	10000	A14	C2	1000	100	0	0.5	300	0.1
329	-0.00279606429500009	0.0654878929999999	0	0.931	0.476	-0.00279606429500009	0.0654878929999999	1	10000	A14	C2	1000	100	0	0.5	300	0.5
330	-0.02904956854	0.014886655	0	0.432	0.891	-0.02904956854	0.014886655	FGr	10000	A14	C2	1000	100	0	0.5	300	0.5
331	-0.0288924038	-0.023833445	0	0.438	0.795	-0.0288924038	-0.023833445	NoCorrection	10000	A14	C2	1000	100	0	0.5	300	0.5
332	-0.00474287475500001	0.0516433735	0	0.903	0.561	-0.00474287475500001	0.0516433735	ID	10000	A14	C2	1000	100	0	0.5	300	0.5
333	-0.0625695137750001	0.0924627300000001	0	0.082	0.311	-0.0625695137750001	0.0924627300000001	1	10000	A14	C2	1000	100	0	0.5	300	1
334	-0.11717728285	0.17007638	0	0.013	0.253	-0.11717728285	0.17007638	FGr	10000	A14	C2	1000	100	0	0.5	300	1
335	-0.116993726186	0.169656635	0	0.023	0.248	-0.116993726186	0.169656635	NoCorrection	10000	A14	C2	1000	100	0	0.5	300	1
336	-0.0658332188300001	0.0364631395	0	0.084	0.704	-0.0658332188300001	0.0364631395	ID	10000	A14	C2	1000	100	0	0.5	300	1
337	0.029313918072	0.029313918072	0	0.145	0.125	0.029313918072	0.029313918072	1	300	A14	C2	1000	1000	0	0.5	300	0
338	0.0294787534316	0.0294787534316	0	0.132	0.159	0.0294787534316	0.0294787534316	FGr	300	A14	C2	1000	1000	0	0.5	300	0
339	0.0293137572349998	0.0293137572349998	0	0.144	0.137	0.0293137572349998	0.0293137572349998	NoCorrection	300	A14	C2	1000	1000	0	0.5	300	0
340	0.028240427566	0.0282404275659999	0	0.157	0.137	0.028240427566	0.0282404275659999	ID	300	A14	C2	1000	1000	0	0.5	300	0
341	0.0236087633765	0.0236087633765	0	0.242	0.257	0.0236087633765	0.0236087633765	1	300	A14	C2	1000	1000	0	0.5	300	0.1
342	0.0249614676649999	0.0249614676649999	0	0.219	0.199	0.0249614676649999	0.0249614676649999	FGr	300	A14	C2	1000	1000	0	0.5	300	0.1
343	0.0240240306315001	0.0240240306315	0	0.246	0.233	0.0240240306315001	0.0240240306315	NoCorrection	300	A14	C2	1000	1000	0	0.5	300	0.1
344	0.0225459309167	0.0225459309167	0	0.281	0.276	0.0225459309167	0.0225459309167	ID	300	A14	C2	1000	1000	0	0.5	300	0.1
345	0.012525174036	0.012525174036	0	0.572	0.549	0.012525174036	0.012525174036	1	300	A14	C2	1000	1000	0	0.5	300	0.5
346	0.0145255285170002	0.0145255285170001	0	0.537	0.524	0.0145255285170002	0.0145255285170001	FGr	300	A14	C2	1000	1000	0	0.5	300	0.5
347	0.0154208335427998	0.0154208335427998	0	0.485	0.501	0.0154208335427998	0.0154208335427998	NoCorrection	300	A14	C2	1000	1000	0	0.5	300	0.5
348	0.00958807052350024	0.00958807052350021	0	0.601	0.647	0.00958807052350024	0.00958807052350021	ID	300	A14	C2	1000	1000	0	0.5	300	0.5
349	0.027949322718	0.027949322718	0	0.27	0.266	0.027949322718	0.027949322718	1	300	A14	C2	1000	1000	0	0.5	300	1
350	0.0338508961484999	0.0338508961485	0	0.282	0.294	0.0338508961484999	0.0338508961485	FGr	300	A14	C2	1000	1000	0	0.5	300	1
351	0.0341364203249999	0.034136420325	0	0.289	0.296	0.0341364203249999	0.034136420325	NoCorrection	300	A14	C2	1000	1000	0	0.5	300	1
352	0.0227414617585	0.0227414617585	0	0.31	0.348	0.0227414617585	0.0227414617585	ID	300	A14	C2	1000	1000	0	0.5	300	1
353	-0.021910681198	-0.0168734136999998	0	0.266	0.606	-0.021910681198	-0.0168734136999998	1	1000	A14	C2	1000	1000	0	0.5	300	0
354	-0.0220827339763998	-0.0145460007500001	0	0.26	0.635	-0.0220827339763998	-0.0145460007500001	FGr	1000	A14	C2	1000	1000	0	0.5	300	0
355	-0.0217074527765499	-0.01445022005	0	0.28	0.659	-0.0217074527765499	-0.01445022005	NoCorrection	1000	A14	C2	1000	1000	0	0.5	300	0
356	-0.0219173156929001	-0.0150456816000002	0	0.285	0.65	-0.0219173156929001	-0.0150456816000002	ID	1000	A14	C2	1000	1000	0	0.5	300	0
357	0.02689441741925	0.00653783469999995	0	0.206	0.832	0.02689441741925	0.00653783469999995	1	1000	A14	C2	1000	1000	0	0.5	300	0.1
358	0.0265900244729999	-0.00406264734999998	0	0.201	0.886	0.0265900244729999	-0.00406264734999998	FGr	1000	A14	C2	1000	1000	0	0.5	300	0.1
359	0.026708564436	-0.00544040454999999	0	0.204	0.858	0.026708564436	-0.00544040454999999	NoCorrection	1000	A14	C2	1000	1000	0	0.5	300	0.1
360	0.0261357239285	0.00723439264999971	0	0.208	0.83	0.0261357239285	0.00723439264999971	ID	1000	A14	C2	1000	1000	0	0.5	300	0.1
361	0.00320112086	-0.0196870478000001	0	0.892	0.573	0.00320112086	-0.0196870478000001	1	1000	A14	C2	1000	1000	0	0.5	300	0.5
362	0.0025867482505	-0.0256365095999998	0	0.918	0.491	0.0025867482505	-0.0256365095999998	FGr	1000	A14	C2	1000	1000	0	0.5	300	0.5
363	0.00357206576350002	-0.0249757489000002	0	0.857	0.501	0.00357206576350002	-0.0249757489000002	NoCorrection	1000	A14	C2	1000	1000	0	0.5	300	0.5
364	0.00115682575030002	-0.00363011410000006	0	0.955	0.918	0.00115682575030002	-0.00363011410000006	ID	1000	A14	C2	1000	1000	0	0.5	300	0.5
365	0.00206358959049996	0.03957080445	0	0.902	0.261	0.00206358959049996	0.03957080445	1	1000	A14	C2	1000	1000	0	0.5	300	1
366	0.00362179633899999	-0.0470668975499999	0	0.927	0.385	0.00362179633899999	-0.0470668975499999	FGr	1000	A14	C2	1000	1000	0	0.5	300	1
367	0.00240463498950004	-0.0542538815	0	0.958	0.287	0.00240463498950004	-0.0542538815	NoCorrection	1000	A14	C2	1000	1000	0	0.5	300	1
368	-0.002824393645	0.0245736060000003	0	0.91	0.487	-0.002824393645	0.0245736060000003	ID	1000	A14	C2	1000	1000	0	0.5	300	1
369	-0.00138463878100001	-0.0127561208	0	0.949	0.828	-0.00138463878100001	-0.0127561208	1	10000	A14	C2	1000	1000	0	0.5	300	0
370	-0.00279688470499998	0.00965458570000005	0	0.903	0.871	-0.00279688470499998	0.00965458570000005	FGr	10000	A14	C2	1000	1000	0	0.5	300	0
371	-0.00134438795000001	-0.00646589834999994	0	0.942	0.915	-0.00134438795000001	-0.00646589834999994	NoCorrection	10000	A14	C2	1000	1000	0	0.5	300	0
372	-0.00154258264900001	-0.01488518665	0	0.946	0.801	-0.00154258264900001	-0.01488518665	ID	10000	A14	C2	1000	1000	0	0.5	300	0
373	0.0324107939395	0.0165212357999998	0	0.169	0.766	0.0324107939395	0.0165212357999998	1	10000	A14	C2	1000	1000	0	0.5	300	0.1
374	0.031586114557	0.00684281149999986	0	0.156	0.898	0.031586114557	0.00684281149999986	FGr	10000	A14	C2	1000	1000	0	0.5	300	0.1
375	0.031922639478	-0.00259638739999976	0	0.166	0.961	0.031922639478	-0.00259638739999976	NoCorrection	10000	A14	C2	1000	1000	0	0.5	300	0.1
376	0.03226047046	0.0118872929999999	0	0.164	0.824	0.03226047046	0.0118872929999999	ID	10000	A14	C2	1000	1000	0	0.5	300	0.1
377	0.00062044807599999	-0.1138845703	0	0.977	0.031	0.00062044807599999	-0.1138845703	1	10000	A14	C2	1000	1000	0	0.5	300	0.5
378	0.00433671438550001	-0.080770016	0	0.862	0.186	0.00433671438550001	-0.080770016	FGr	10000	A14	C2	1000	1000	0	0.5	300	0.5
379	0.00451275921800001	-0.0867972805	0	0.857	0.16	0.00451275921800001	-0.0867972805	NoCorrection	10000	A14	C2	1000	1000	0	0.5	300	0.5
380	0.000587990590000014	-0.0952917762999999	0	0.975	0.083	0.000587990590000014	-0.0952917762999999	ID	10000	A14	C2	1000	1000	0	0.5	300	0.5
381	0.0118521901009999	0.0768208181500004	0	0.595	0.154	0.0118521901009999	0.0768208181500004	1	10000	A14	C2	1000	1000	0	0.5	300	1
382	0.02197674987375	0.0170335215000007	0	0.499	0.843	0.02197674987375	0.0170335215000007	FGr	10000	A14	C2	1000	1000	0	0.5	300	1
383	0.0215810417	0.0292194810000003	0	0.493	0.729	0.0215810417	0.0292194810000003	NoCorrection	10000	A14	C2	1000	1000	0	0.5	300	1
384	0.0118217981730001	0.0528213329499999	0	0.596	0.346	0.0118217981730001	0.0528213329499999	ID	10000	A14	C2	1000	1000	0	0.5	300	1
385	-0.00492488330520025	-0.00492488330520022	0	0.829	0.8	-0.00492488330520025	-0.00492488330520022	1	300	A14	C2	1000	10000	0	0.5	300	0
386	-0.00439851401479987	-0.00439851401479986	0	0.828	0.82	-0.00439851401479987	-0.00439851401479986	FGr	300	A14	C2	1000	10000	0	0.5	300	0
387	-0.00414000032729946	-0.00414000032729947	0	0.826	0.828	-0.00414000032729946	-0.00414000032729947	NoCorrection	300	A14	C2	1000	10000	0	0.5	300	0
388	-0.00492212630924982	-0.00492212630924979	0	0.814	0.836	-0.00492212630924982	-0.00492212630924979	ID	300	A14	C2	1000	10000	0	0.5	300	0
389	0.01473174598505	0.01473174598505	0	0.409	0.444	0.01473174598505	0.01473174598505	1	300	A14	C2	1000	10000	0	0.5	300	0.1
390	0.01279060539372	0.01279060539372	0	0.449	0.471	0.01279060539372	0.01279060539372	FGr	300	A14	C2	1000	10000	0	0.5	300	0.1
391	0.0128433919199	0.0128433919199	0	0.471	0.463	0.0128433919199	0.0128433919199	NoCorrection	300	A14	C2	1000	10000	0	0.5	300	0.1
392	0.0154394308235	0.0154394308235	0	0.407	0.397	0.0154394308235	0.0154394308235	ID	300	A14	C2	1000	10000	0	0.5	300	0.1
393	0.02093026892288	0.02093026892288	0	0.323	0.37	0.02093026892288	0.02093026892288	1	300	A14	C2	1000	10000	0	0.5	300	0.5
394	0.0121340423055	0.0121340423055	0	0.624	0.606	0.0121340423055	0.0121340423055	FGr	300	A14	C2	1000	10000	0	0.5	300	0.5
395	0.01205692522172	0.0120569252217199	0	0.607	0.619	0.01205692522172	0.0120569252217199	NoCorrection	300	A14	C2	1000	10000	0	0.5	300	0.5
396	0.0178832566206501	0.0178832566206501	0	0.403	0.39	0.0178832566206501	0.0178832566206501	ID	300	A14	C2	1000	10000	0	0.5	300	0.5
397	0.00528410686445013	0.00528410686445009	0	0.797	0.775	0.00528410686445013	0.00528410686445009	1	300	A14	C2	1000	10000	0	0.5	300	1
398	-0.0176768625376006	-0.0176768625376006	0	0.515	0.524	-0.0176768625376006	-0.0176768625376006	FGr	300	A14	C2	1000	10000	0	0.5	300	1
399	-0.0176295534621498	-0.0176295534621498	0	0.518	0.548	-0.0176295534621498	-0.0176295534621498	NoCorrection	300	A14	C2	1000	10000	0	0.5	300	1
400	-0.00319709090925	-0.00319709090924999	0	0.863	0.871	-0.00319709090925	-0.00319709090924999	ID	300	A14	C2	1000	10000	0	0.5	300	1
401	0.0254086899877502	0.017419911585	0	0.211	0.58	0.0254086899877502	0.017419911585	1	1000	A14	C2	1000	10000	0	0.5	300	0
402	0.0250482750655004	0.0181864227400001	0	0.206	0.54	0.0250482750655004	0.0181864227400001	FGr	1000	A14	C2	1000	10000	0	0.5	300	0
403	0.0250340933450002	0.0176038879149999	0	0.209	0.561	0.0250340933450002	0.0176038879149999	NoCorrection	1000	A14	C2	1000	10000	0	0.5	300	0
404	0.0248748408764996	0.023538634895	0	0.234	0.449	0.0248748408764996	0.023538634895	ID	1000	A14	C2	1000	10000	0	0.5	300	0
405	-0.0119219743900501	-0.0277725121100001	0	0.511	0.365	-0.0119219743900501	-0.0277725121100001	1	1000	A14	C2	1000	10000	0	0.5	300	0.1
406	-0.0137020109810002	-0.0230712458599997	0	0.495	0.467	-0.0137020109810002	-0.0230712458599997	FGr	1000	A14	C2	1000	10000	0	0.5	300	0.1
407	-0.0138413261695	-0.0249281894049995	0	0.446	0.439	-0.0138413261695	-0.0249281894049995	NoCorrection	1000	A14	C2	1000	10000	0	0.5	300	0.1
408	-0.0112406662675501	-0.0147647244000007	0	0.582	0.644	-0.0112406662675501	-0.0147647244000007	ID	1000	A14	C2	1000	10000	0	0.5	300	0.1
409	0.00570084745649936	-0.0297577424350001	0	0.755	0.362	0.00570084745649936	-0.0297577424350001	1	1000	A14	C2	1000	10000	0	0.5	300	0.5
410	-0.00504782293930038	-0.0644033559450011	0	0.837	0.089	-0.00504782293930038	-0.0644033559450011	FGr	1000	A14	C2	1000	10000	0	0.5	300	0.5
411	-0.00501412064970006	-0.0605383830800006	0	0.836	0.094	-0.00501412064970006	-0.0605383830800006	NoCorrection	1000	A14	C2	1000	10000	0	0.5	300	0.5
412	0.0052866663076498	-0.0208726056599999	0	0.775	0.498	0.0052866663076498	-0.0208726056599999	ID	1000	A14	C2	1000	10000	0	0.5	300	0.5
413	0.0206491640795499	-0.00454048727500023	0	0.282	0.866	0.0206491640795499	-0.00454048727500023	1	1000	A14	C2	1000	10000	0	0.5	300	1
414	0.00279400720100007	-0.0667631239899979	0	0.93	0.121	0.00279400720100007	-0.0667631239899979	FGr	1000	A14	C2	1000	10000	0	0.5	300	1
415	0.0036111988625011	-0.0685235703450024	0	0.898	0.096	0.0036111988625011	-0.0685235703450024	NoCorrection	1000	A14	C2	1000	10000	0	0.5	300	1
416	0.0208125232477502	-0.0162899653800001	0	0.241	0.576	0.0208125232477502	-0.0162899653800001	ID	1000	A14	C2	1000	10000	0	0.5	300	1
417	0.00553685333710002	-0.004039830675	0	0.776	0.943	0.00553685333710002	-0.004039830675	1	10000	A14	C2	1000	10000	0	0.5	300	0
418	0.00511465814367499	0.0103339054749998	0	0.782	0.829	0.00511465814367499	0.0103339054749998	FGr	10000	A14	C2	1000	10000	0	0.5	300	0
419	0.00511444237858	0.010177790975	0	0.784	0.825	0.00511444237858	0.010177790975	NoCorrection	10000	A14	C2	1000	10000	0	0.5	300	0
420	0.0053912896193	0.00929981412499995	0	0.775	0.852	0.0053912896193	0.00929981412499995	ID	10000	A14	C2	1000	10000	0	0.5	300	0
421	0.0023819628377501	0.0283946579550002	0	0.908	0.56	0.0023819628377501	0.0283946579550002	1	10000	A14	C2	1000	10000	0	0.5	300	0.1
422	0.00199522157987002	0.023421193065	0	0.889	0.622	0.00199522157987002	0.023421193065	FGr	10000	A14	C2	1000	10000	0	0.5	300	0.1
423	0.00188562216803	0.02412091313	0	0.908	0.596	0.00188562216803	0.02412091313	NoCorrection	10000	A14	C2	1000	10000	0	0.5	300	0.1
424	0.00239719074057505	0.034905476835	0	0.899	0.475	0.00239719074057505	0.034905476835	ID	10000	A14	C2	1000	10000	0	0.5	300	0.1
425	0.00173097199134964	0.0673907007849994	0	0.93	0.232	0.00173097199134964	0.0673907007849994	1	10000	A14	C2	1000	10000	0	0.5	300	0.5
426	-0.00396986495454042	0.1124274294	0	0.875	0.072	-0.00396986495454042	0.1124274294	FGr	10000	A14	C2	1000	10000	0	0.5	300	0.5
427	-0.00369505280700005	0.08573472645	0	0.872	0.17	-0.00369505280700005	0.08573472645	NoCorrection	10000	A14	C2	1000	10000	0	0.5	300	0.5
428	0.00188007647664999	0.0728206336599996	0	0.932	0.184	0.00188007647664999	0.0728206336599996	ID	10000	A14	C2	1000	10000	0	0.5	300	0.5
429	-0.00280317788500001	-0.035344104235	0	0.888	0.445	-0.00280317788500001	-0.035344104235	1	10000	A14	C2	1000	10000	0	0.5	300	1
430	-0.0133607254538999	-0.0102701498999988	0	0.679	0.892	-0.0133607254538999	-0.0102701498999988	FGr	10000	A14	C2	1000	10000	0	0.5	300	1
431	-0.0132038935195001	-0.00649730234999768	0	0.681	0.916	-0.0132038935195001	-0.00649730234999768	NoCorrection	10000	A14	C2	1000	10000	0	0.5	300	1
432	-0.00255657961839998	-0.0144166797	0	0.876	0.744	-0.00255657961839998	-0.0144166797	ID	10000	A14	C2	1000	10000	0	0.5	300	1
433	0.02618724963	0.02618724963	0	0.012	0.018	0.02618724963	0.02618724963	1	300	A14	C2	10000	100	0	0.5	300	0
434	0.02570232255	0.02570232255	0	0.016	0.013	0.02570232255	0.02570232255	FGr	300	A14	C2	10000	100	0	0.5	300	0
435	0.02579679651595	0.02579679651595	0	0.016	0.014	0.02579679651595	0.02579679651595	NoCorrection	300	A14	C2	10000	100	0	0.5	300	0
436	0.025826992333	0.025826992333	0	0.009	0.014	0.025826992333	0.025826992333	ID	300	A14	C2	10000	100	0	0.5	300	0
437	0.024155729105	0.024155729105	0	0.038	0.036	0.024155729105	0.024155729105	1	300	A14	C2	10000	100	0	0.5	300	0.1
438	0.024795080795	0.024795080795	0	0.036	0.037	0.024795080795	0.024795080795	FGr	300	A14	C2	10000	100	0	0.5	300	0.1
439	0.02476029999	0.02476029999	0	0.033	0.044	0.02476029999	0.02476029999	NoCorrection	300	A14	C2	10000	100	0	0.5	300	0.1
440	0.023549644785	0.023549644785	0	0.058	0.04	0.023549644785	0.023549644785	ID	300	A14	C2	10000	100	0	0.5	300	0.1
441	-0.00625893306900001	-0.006258933069	0	0.586	0.593	-0.00625893306900001	-0.006258933069	1	300	A14	C2	10000	100	0	0.5	300	0.5
442	0.000945178264999997	0.000945178265000002	0	0.965	0.956	0.000945178264999997	0.000945178265000002	FGr	300	A14	C2	10000	100	0	0.5	300	0.5
443	0.00081814513500001	0.000818145135000008	0	0.966	0.975	0.00081814513500001	0.000818145135000008	NoCorrection	300	A14	C2	10000	100	0	0.5	300	0.5
444	-0.0064143528775	-0.0064143528775	0	0.597	0.585	-0.0064143528775	-0.0064143528775	ID	300	A14	C2	10000	100	0	0.5	300	0.5
445	-0.01570828892	-0.01570828892	0	0.202	0.185	-0.01570828892	-0.01570828892	1	300	A14	C2	10000	100	0	0.5	300	1
446	-0.000958831363249981	-0.000958831363249986	0	0.985	0.981	-0.000958831363249981	-0.000958831363249986	FGr	300	A14	C2	10000	100	0	0.5	300	1
447	-0.00108223653999997	-0.00108223654000001	0	0.985	0.975	-0.00108223653999997	-0.00108223654000001	NoCorrection	300	A14	C2	10000	100	0	0.5	300	1
448	-0.016415141952	-0.016415141952	0	0.112	0.152	-0.016415141952	-0.016415141952	ID	300	A14	C2	10000	100	0	0.5	300	1
449	0.00774325661149999	-0.0248278155	0	0.396	0.116	0.00774325661149999	-0.0248278155	1	1000	A14	C2	10000	100	0	0.5	300	0
450	0.00741524032200001	-0.025529458	0	0.432	0.092	0.00741524032200001	-0.025529458	FGr	1000	A14	C2	10000	100	0	0.5	300	0
451	0.007384941742	-0.025200472	0	0.409	0.099	0.007384941742	-0.025200472	NoCorrection	1000	A14	C2	10000	100	0	0.5	300	0
452	0.00765711573830001	-0.0261741305	0	0.421	0.084	0.00765711573830001	-0.0261741305	ID	1000	A14	C2	10000	100	0	0.5	300	0
453	0.000736640802000013	-0.001983715	0	0.944	0.925	0.000736640802000013	-0.001983715	1	1000	A14	C2	10000	100	0	0.5	300	0.1
454	-2.21177849999976e-05	-0.0049571685	0	1	0.762	-2.21177849999976e-05	-0.0049571685	FGr	1000	A14	C2	10000	100	0	0.5	300	0.1
455	-1.40070750000099e-05	-0.0039190685	0	1	0.81	-1.40070750000099e-05	-0.0039190685	NoCorrection	1000	A14	C2	10000	100	0	0.5	300	0.1
456	0.000974087795000007	-0.011123866	0	0.928	0.557	0.000974087795000007	-0.011123866	ID	1000	A14	C2	10000	100	0	0.5	300	0.1
457	-0.011656005187	-0.0477852185	0	0.322	0.008	-0.011656005187	-0.0477852185	1	1000	A14	C2	10000	100	0	0.5	300	0.5
458	-0.017452586775	-0.0456403705	0	0.401	0.139	-0.017452586775	-0.0456403705	FGr	1000	A14	C2	10000	100	0	0.5	300	0.5
459	-0.017528751575	-0.0452589555	0	0.408	0.18	-0.017528751575	-0.0452589555	NoCorrection	1000	A14	C2	10000	100	0	0.5	300	0.5
460	-0.0115889616	-0.044876054	0	0.304	0.021	-0.0115889616	-0.044876054	ID	1000	A14	C2	10000	100	0	0.5	300	0.5
461	0.00954476282299999	0.00943557250000002	0	0.441	0.587	0.00954476282299999	0.00943557250000002	1	1000	A14	C2	10000	100	0	0.5	300	1
462	-0.00237824549	0.0150883630000001	0	0.954	0.789	-0.00237824549	0.0150883630000001	FGr	1000	A14	C2	10000	100	0	0.5	300	1
463	-0.00246693695000004	0.0128242935	0	0.938	0.817	-0.00246693695000004	0.0128242935	NoCorrection	1000	A14	C2	10000	100	0	0.5	300	1
464	0.00950300204200001	0.0038235745	0	0.409	0.84	0.00950300204200001	0.0038235745	ID	1000	A14	C2	10000	100	0	0.5	300	1
465	0.01253528741	0.049405829	0	0.264	0.079	0.01253528741	0.049405829	1	10000	A14	C2	10000	100	0	0.5	300	0
466	0.0135726394055	0.054606172	0	0.218	0.066	0.0135726394055	0.054606172	FGr	10000	A14	C2	10000	100	0	0.5	300	0
467	0.01356396686887	0.0545903855	0	0.225	0.054	0.01356396686887	0.0545903855	NoCorrection	10000	A14	C2	10000	100	0	0.5	300	0
468	0.0125490835485	0.0485553665	0	0.235	0.085	0.0125490835485	0.0485553665	ID	10000	A14	C2	10000	100	0	0.5	300	0
469	-0.01196225577	0.00224054850000002	0	0.335	0.94	-0.01196225577	0.00224054850000002	1	10000	A14	C2	10000	100	0	0.5	300	0.1
470	-0.0086498186175	-0.0408156535	0	0.499	0.169	-0.0086498186175	-0.0408156535	FGr	10000	A14	C2	10000	100	0	0.5	300	0.1
471	-0.0086398938085	-0.0404680295	0	0.547	0.183	-0.0086398938085	-0.0404680295	NoCorrection	10000	A14	C2	10000	100	0	0.5	300	0.1
472	-0.011981695624	0.002103575	0	0.319	0.947	-0.011981695624	0.002103575	ID	10000	A14	C2	10000	100	0	0.5	300	0.1
473	-0.000852904828545002	0.0415034305	0	0.956	0.124	-0.000852904828545002	0.0415034305	1	10000	A14	C2	10000	100	0	0.5	300	0.5
474	0.01951189135	-0.0588906095	0	0.42	0.315	0.01951189135	-0.0588906095	FGr	10000	A14	C2	10000	100	0	0.5	300	0.5
475	0.01945328284	-0.0525646805	0	0.432	0.35	0.01945328284	-0.0525646805	NoCorrection	10000	A14	C2	10000	100	0	0.5	300	0.5
476	-0.0011430708675	0.0394461669999999	0	0.926	0.139	-0.0011430708675	0.0394461669999999	ID	10000	A14	C2	10000	100	0	0.5	300	0.5
477	0.01006352186	-0.008861906	0	0.363	0.741	0.01006352186	-0.008861906	1	10000	A14	C2	10000	100	0	0.5	300	1
478	0.047746307725	-0.0911266199999999	0	0.281	0.292	0.047746307725	-0.0911266199999999	FGr	10000	A14	C2	10000	100	0	0.5	300	1
479	0.04773029992	-0.09110238	0	0.221	0.286	0.04773029992	-0.09110238	NoCorrection	10000	A14	C2	10000	100	0	0.5	300	1
480	0.0099710732315	-0.0128356505	0	0.356	0.633	0.0099710732315	-0.0128356505	ID	10000	A14	C2	10000	100	0	0.5	300	1
481	0.00404356575179998	0.00404356575179999	0	0.516	0.555	0.00404356575179998	0.00404356575179999	1	300	A14	C2	10000	1000	0	0.5	300	0
482	0.00338972770685	0.00338972770685	0	0.626	0.648	0.00338972770685	0.00338972770685	FGr	300	A14	C2	10000	1000	0	0.5	300	0
483	0.00331958880260001	0.0033195888026	0	0.655	0.605	0.00331958880260001	0.0033195888026	NoCorrection	300	A14	C2	10000	1000	0	0.5	300	0
484	0.00376758313334999	0.00376758313334999	0	0.58	0.569	0.00376758313334999	0.00376758313334999	ID	300	A14	C2	10000	1000	0	0.5	300	0
485	0.0035362698005	0.0035362698005	0	0.585	0.551	0.0035362698005	0.0035362698005	1	300	A14	C2	10000	1000	0	0.5	300	0.1
486	0.00259099740400001	0.00259099740400001	0	0.709	0.679	0.00259099740400001	0.00259099740400001	FGr	300	A14	C2	10000	1000	0	0.5	300	0.1
487	0.00268326307350001	0.00268326307350001	0	0.67	0.669	0.00268326307350001	0.00268326307350001	NoCorrection	300	A14	C2	10000	1000	0	0.5	300	0.1
488	0.004366641778295	0.004366641778295	0	0.478	0.492	0.004366641778295	0.004366641778295	ID	300	A14	C2	10000	1000	0	0.5	300	0.1
489	0.00156444167899998	0.00156444167899998	0	0.81	0.839	0.00156444167899998	0.00156444167899998	1	300	A14	C2	10000	1000	0	0.5	300	0.5
490	-0.00361775092980001	-0.0036177509298	0	0.8	0.807	-0.00361775092980001	-0.0036177509298	FGr	300	A14	C2	10000	1000	0	0.5	300	0.5
491	-0.00355089794199996	-0.00355089794199998	0	0.788	0.798	-0.00355089794199996	-0.00355089794199998	NoCorrection	300	A14	C2	10000	1000	0	0.5	300	0.5
492	0.00463266194350004	0.00463266194350005	0	0.468	0.466	0.00463266194350004	0.00463266194350005	ID	300	A14	C2	10000	1000	0	0.5	300	0.5
493	-0.018401761304	-0.018401761304	0	0.011	0.012	-0.018401761304	-0.018401761304	1	300	A14	C2	10000	1000	0	0.5	300	1
494	-0.0276837586407	-0.0276837586407	0	0.257	0.252	-0.0276837586407	-0.0276837586407	FGr	300	A14	C2	10000	1000	0	0.5	300	1
495	-0.0274788400556999	-0.0274788400556999	0	0.279	0.266	-0.0274788400556999	-0.0274788400556999	NoCorrection	300	A14	C2	10000	1000	0	0.5	300	1
496	-0.0116693800945001	-0.0116693800945	0	0.119	0.111	-0.0116693800945001	-0.0116693800945	ID	300	A14	C2	10000	1000	0	0.5	300	1
497	0.0071358571435	0.00827367644999999	0	0.247	0.393	0.0071358571435	0.00827367644999999	1	1000	A14	C2	10000	1000	0	0.5	300	0
498	0.00553184340324999	0.0058825201	0	0.403	0.563	0.00553184340324999	0.0058825201	FGr	1000	A14	C2	10000	1000	0	0.5	300	0
499	0.00559638772999999	0.00493255155000001	0	0.382	0.594	0.00559638772999999	0.00493255155000001	NoCorrection	1000	A14	C2	10000	1000	0	0.5	300	0
500	0.0065722754785	0.00836203270000001	0	0.308	0.384	0.0065722754785	0.00836203270000001	ID	1000	A14	C2	10000	1000	0	0.5	300	0
501	0.00519751090065	0.00425403100000001	0	0.328	0.684	0.00519751090065	0.00425403100000001	1	1000	A14	C2	10000	1000	0	0.5	300	0.1
502	0.0069533829105	0.0117850124	0	0.221	0.269	0.0069533829105	0.0117850124	FGr	1000	A14	C2	10000	1000	0	0.5	300	0.1
503	0.00707570019199999	0.0126694735	0	0.221	0.231	0.00707570019199999	0.0126694735	NoCorrection	1000	A14	C2	10000	1000	0	0.5	300	0.1
504	0.0051313725785	0.0046583101	0	0.361	0.646	0.0051313725785	0.0046583101	ID	1000	A14	C2	10000	1000	0	0.5	300	0.1
505	-0.00698240255184999	-0.01495470125	0	0.241	0.193	-0.00698240255184999	-0.01495470125	1	1000	A14	C2	10000	1000	0	0.5	300	0.5
506	0.005556955833	-0.0045247317999998	0	0.634	0.806	0.005556955833	-0.0045247317999998	FGr	1000	A14	C2	10000	1000	0	0.5	300	0.5
507	0.00568658902949999	-0.00487359874999983	0	0.63	0.792	0.00568658902949999	-0.00487359874999983	NoCorrection	1000	A14	C2	10000	1000	0	0.5	300	0.5
508	-0.0074080361165	-0.01186365935	0	0.217	0.27	-0.0074080361165	-0.01186365935	ID	1000	A14	C2	10000	1000	0	0.5	300	0.5
509	-0.00245513948950002	-0.00649541825000004	0	0.674	0.524	-0.00245513948950002	-0.00649541825000004	1	1000	A14	C2	10000	1000	0	0.5	300	1
510	0.024778259896	-0.000163578049999962	0	0.255	0.998	0.024778259896	-0.000163578049999962	FGr	1000	A14	C2	10000	1000	0	0.5	300	1
511	0.0248885836355499	-5.87158999999161e-05	0	0.23	0.999	0.0248885836355499	-5.87158999999161e-05	NoCorrection	1000	A14	C2	10000	1000	0	0.5	300	1
512	-0.00197824112399993	-0.00134752320000001	0	0.706	0.882	-0.00197824112399993	-0.00134752320000001	ID	1000	A14	C2	10000	1000	0	0.5	300	1
513	0.000804858394500014	0.02023063685	0	0.888	0.226	0.000804858394500014	0.02023063685	1	10000	A14	C2	10000	1000	0	0.5	300	0
514	0.000890058797699949	0.0180617269500001	0	0.853	0.296	0.000890058797699949	0.0180617269500001	FGr	10000	A14	C2	10000	1000	0	0.5	300	0
515	0.000720927096000013	0.0170487369	0	0.901	0.338	0.000720927096000013	0.0170487369	NoCorrection	10000	A14	C2	10000	1000	0	0.5	300	0
516	0.000823744106999971	0.0211742280999999	0	0.897	0.215	0.000823744106999971	0.0211742280999999	ID	10000	A14	C2	10000	1000	0	0.5	300	0
517	0.00556963798395003	-0.00781237719999999	0	0.336	0.623	0.00556963798395003	-0.00781237719999999	1	10000	A14	C2	10000	1000	0	0.5	300	0.1
518	0.00665241165790001	-0.0123332713000003	0	0.302	0.511	0.00665241165790001	-0.0123332713000003	FGr	10000	A14	C2	10000	1000	0	0.5	300	0.1
519	0.00660582647475003	-0.0130330965000001	0	0.319	0.474	0.00660582647475003	-0.0130330965000001	NoCorrection	10000	A14	C2	10000	1000	0	0.5	300	0.1
520	0.00551259029390001	-0.00872593874999992	0	0.367	0.575	0.00551259029390001	-0.00872593874999992	ID	10000	A14	C2	10000	1000	0	0.5	300	0.1
521	0.0034795896805	-0.0493243516000001	0	0.61	0.003	0.0034795896805	-0.0493243516000001	1	10000	A14	C2	10000	1000	0	0.5	300	0.5
522	0.00905744049600005	-0.05616339225	0	0.527	0.071	0.00905744049600005	-0.05616339225	FGr	10000	A14	C2	10000	1000	0	0.5	300	0.5
523	0.00950903231100006	-0.0549370139000001	0	0.484	0.1	0.00950903231100006	-0.0549370139000001	NoCorrection	10000	A14	C2	10000	1000	0	0.5	300	0.5
524	0.003010816172	-0.0391509422500001	0	0.656	0.017	0.003010816172	-0.0391509422500001	ID	10000	A14	C2	10000	1000	0	0.5	300	0.5
525	0.00246734506199998	0.0154446624	0	0.675	0.378	0.00246734506199998	0.0154446624	1	10000	A14	C2	10000	1000	0	0.5	300	1
526	0.0139621444635	-0.0301736215000001	0	0.558	0.631	0.0139621444635	-0.0301736215000001	FGr	10000	A14	C2	10000	1000	0	0.5	300	1
527	0.0144983965825	-0.0291517930000002	0	0.548	0.63	0.0144983965825	-0.0291517930000002	NoCorrection	10000	A14	C2	10000	1000	0	0.5	300	1
528	0.00155225806750002	0.01428619205	0	0.803	0.38	0.00155225806750002	0.01428619205	ID	10000	A14	C2	10000	1000	0	0.5	300	1
529	0.000117893872107578	0.000117893872107582	0	0.991	0.988	0.000117893872107578	0.000117893872107582	1	300	A14	C2	10000	10000	0	0.5	300	0
530	0.000249285123574855	0.000249285123574831	0	0.97	0.969	0.000249285123574855	0.000249285123574831	FGr	300	A14	C2	10000	10000	0	0.5	300	0
531	0.000257470060645192	0.000257470060645207	0	0.96	0.963	0.000257470060645192	0.000257470060645207	NoCorrection	300	A14	C2	10000	10000	0	0.5	300	0
532	0.000108780720890012	0.000108780720890001	0	0.979	0.987	0.000108780720890012	0.000108780720890001	ID	300	A14	C2	10000	10000	0	0.5	300	0
533	-0.0101216635950002	-0.0101216635950002	0	0.061	0.069	-0.0101216635950002	-0.0101216635950002	1	300	A14	C2	10000	10000	0	0.5	300	0.1
534	-0.0106081443538999	-0.0106081443538999	0	0.04	0.056	-0.0106081443538999	-0.0106081443538999	FGr	300	A14	C2	10000	10000	0	0.5	300	0.1
535	-0.0106108831294	-0.0106108831294001	0	0.049	0.046	-0.0106108831294	-0.0106108831294001	NoCorrection	300	A14	C2	10000	10000	0	0.5	300	0.1
536	-0.0102961615233501	-0.0102961615233501	0	0.066	0.048	-0.0102961615233501	-0.0102961615233501	ID	300	A14	C2	10000	10000	0	0.5	300	0.1
537	0.000260537838850004	0.000260537838850003	0	0.966	0.977	0.000260537838850004	0.000260537838850003	1	300	A14	C2	10000	10000	0	0.5	300	0.5
538	-0.00255085944810022	-0.00255085944810019	0	0.818	0.776	-0.00255085944810022	-0.00255085944810019	FGr	300	A14	C2	10000	10000	0	0.5	300	0.5
539	-0.00257459463780006	-0.00257459463780006	0	0.809	0.822	-0.00257459463780006	-0.00257459463780006	NoCorrection	300	A14	C2	10000	10000	0	0.5	300	0.5
540	-0.000651711627599979	-0.000651711627599985	0	0.894	0.922	-0.000651711627599979	-0.000651711627599985	ID	300	A14	C2	10000	10000	0	0.5	300	0.5
541	-0.0040648940109998	-0.00406489401099981	0	0.505	0.493	-0.0040648940109998	-0.00406489401099981	1	300	A14	C2	10000	10000	0	0.5	300	1
542	-0.00998549251750085	-0.00998549251750082	0	0.644	0.553	-0.00998549251750085	-0.00998549251750082	FGr	300	A14	C2	10000	10000	0	0.5	300	1
543	-0.00998886334655006	-0.00998886334655015	0	0.598	0.569	-0.00998886334655006	-0.00998886334655015	NoCorrection	300	A14	C2	10000	10000	0	0.5	300	1
544	-0.00615588797684993	-0.00615588797684992	0	0.254	0.254	-0.00615588797684993	-0.00615588797684992	ID	300	A14	C2	10000	10000	0	0.5	300	1
545	-0.00308381009901795	0.0132940794949999	0	0.652	0.246	-0.00308381009901795	0.0132940794949999	1	1000	A14	C2	10000	10000	0	0.5	300	0
546	-0.00331835968927504	0.0131000473349999	0	0.648	0.243	-0.00331835968927504	0.0131000473349999	FGr	1000	A14	C2	10000	10000	0	0.5	300	0
547	-0.00326635659746009	0.0129862991049998	0	0.639	0.266	-0.00326635659746009	0.0129862991049998	NoCorrection	1000	A14	C2	10000	10000	0	0.5	300	0
548	-0.00363790714784003	0.012120937805	0	0.621	0.284	-0.00363790714784003	0.012120937805	ID	1000	A14	C2	10000	10000	0	0.5	300	0
549	0.00568522859365496	0.00846687211000001	0	0.48	0.445	0.00568522859365496	0.00846687211000001	1	1000	A14	C2	10000	10000	0	0.5	300	0.1
550	0.00868228310445878	0.01081386228	0	0.275	0.368	0.00868228310445878	0.01081386228	FGr	1000	A14	C2	10000	10000	0	0.5	300	0.1
551	0.00874671357767001	0.009578285855	0	0.265	0.413	0.00874671357767001	0.009578285855	NoCorrection	1000	A14	C2	10000	10000	0	0.5	300	0.1
552	0.00559284363969996	0.00981554045	0	0.498	0.382	0.00559284363969996	0.00981554045	ID	1000	A14	C2	10000	10000	0	0.5	300	0.1
553	0.00175284117779498	-0.00653357589999998	0	0.806	0.478	0.00175284117779498	-0.00653357589999998	1	1000	A14	C2	10000	10000	0	0.5	300	0.5
554	0.01987738993245	0.0390312806649999	0	0.166	0.069	0.01987738993245	0.0390312806649999	FGr	1000	A14	C2	10000	10000	0	0.5	300	0.5
555	0.020177981618215	0.0387184359749999	0	0.178	0.08	0.020177981618215	0.0387184359749999	NoCorrection	1000	A14	C2	10000	10000	0	0.5	300	0.5
556	0.00248575174960997	-0.00297643065999996	0	0.715	0.758	0.00248575174960997	-0.00297643065999996	ID	1000	A14	C2	10000	10000	0	0.5	300	0.5
557	-0.00489626097364987	0.00116135059499998	0	0.47	0.89	-0.00489626097364987	0.00116135059499998	1	1000	A14	C2	10000	10000	0	0.5	300	1
558	0.0297858797472	0.0772429103200006	0	0.238	0.051	0.0297858797472	0.0772429103200006	FGr	1000	A14	C2	10000	10000	0	0.5	300	1
559	0.03018954448025	0.07285416713	0	0.245	0.062	0.03018954448025	0.07285416713	NoCorrection	1000	A14	C2	10000	10000	0	0.5	300	1
560	-0.00316540255874995	0.00311155133	0	0.644	0.758	-0.00316540255874995	0.00311155133	ID	1000	A14	C2	10000	10000	0	0.5	300	1
561	-0.01258512193515	0.0108984554300003	0	0.027	0.47	-0.01258512193515	0.0108984554300003	1	10000	A14	C2	10000	10000	0	0.5	300	0
562	-0.01259608648365	0.00996864667500006	0	0.029	0.508	-0.01259608648365	0.00996864667500006	FGr	10000	A14	C2	10000	10000	0	0.5	300	0
563	-0.0126093591327	0.00912679612500009	0	0.026	0.531	-0.0126093591327	0.00912679612500009	NoCorrection	10000	A14	C2	10000	10000	0	0.5	300	0
564	-0.0125510405364	0.00525567385500038	0	0.025	0.729	-0.0125510405364	0.00525567385500038	ID	10000	A14	C2	10000	10000	0	0.5	300	0
565	-0.00197020700132005	-0.00918582946499983	0	0.721	0.557	-0.00197020700132005	-0.00918582946499983	1	10000	A14	C2	10000	10000	0	0.5	300	0.1
566	-0.00146651599324983	-0.0115916059450001	0	0.793	0.451	-0.00146651599324983	-0.0115916059450001	FGr	10000	A14	C2	10000	10000	0	0.5	300	0.1
567	-0.00144540435290007	-0.0116505462500001	0	0.821	0.461	-0.00144540435290007	-0.0116505462500001	NoCorrection	10000	A14	C2	10000	10000	0	0.5	300	0.1
568	-0.00197768701762992	-0.0081863990900001	0	0.725	0.614	-0.00197768701762992	-0.0081863990900001	ID	10000	A14	C2	10000	10000	0	0.5	300	0.1
569	-0.00604614800640005	0.00126078912999996	0	0.298	0.939	-0.00604614800640005	0.00126078912999996	1	10000	A14	C2	10000	10000	0	0.5	300	0.5
570	-0.00285427842705011	-0.0338805894150011	0	0.821	0.266	-0.00285427842705011	-0.0338805894150011	FGr	10000	A14	C2	10000	10000	0	0.5	300	0.5
571	-0.00287153274574992	-0.0353177740800014	0	0.805	0.224	-0.00287153274574992	-0.0353177740800014	NoCorrection	10000	A14	C2	10000	10000	0	0.5	300	0.5
572	-0.00595968587489003	0.00331487556499996	0	0.323	0.844	-0.00595968587489003	0.00331487556499996	ID	10000	A14	C2	10000	10000	0	0.5	300	0.5
573	-0.00168590589530001	-0.000645275590000017	0	0.745	0.972	-0.00168590589530001	-0.000645275590000017	1	10000	A14	C2	10000	10000	0	0.5	300	1
574	0.00409600531199971	0.0212035066000001	0	0.819	0.663	0.00409600531199971	0.0212035066000001	FGr	10000	A14	C2	10000	10000	0	0.5	300	1
575	0.00398374510085008	0.0223250534500002	0	0.819	0.671	0.00398374510085008	0.0223250534500002	NoCorrection	10000	A14	C2	10000	10000	0	0.5	300	1
576	-0.00156549367095002	0.00609205933500015	0	0.777	0.689	-0.00156549367095002	0.00609205933500015	ID	10000	A14	C2	10000	10000	0	0.5	300	1
