	c-q	nc-q	true-q	c-p	nc-p	c-bias	nc-bias	type	L	rep	config	gwas_size	test_size	h2	ts	num_causal	env
1	0.011932072444	0.011932072444	0	0.785	0.767	0.011932072444	0.011932072444	1	300	A16	C1	1000	100	0	0.5	300	0
2	0.00845208468	0.00845208468	0	0.844	0.821	0.00845208468	0.00845208468	FGr	300	A16	C1	1000	100	0	0.5	300	0
3	0.03446786328	0.03446786328	0	0.385	0.389	0.03446786328	0.03446786328	NoCorrection	300	A16	C1	1000	100	0	0.5	300	0
4	0.02806846435	0.02806846435	0	0.496	0.481	0.02806846435	0.02806846435	ID	300	A16	C1	1000	100	0	0.5	300	0
5	0.04615620069	0.04615620069	0	0.217	0.199	0.04615620069	0.04615620069	1	300	A16	C1	1000	100	0	0.5	300	0.01
6	0.030246584181	0.030246584181	0	0.407	0.397	0.030246584181	0.030246584181	FGr	300	A16	C1	1000	100	0	0.5	300	0.01
7	0.04556257633	0.04556257633	0	0.192	0.196	0.04556257633	0.04556257633	NoCorrection	300	A16	C1	1000	100	0	0.5	300	0.01
8	0.055584632454	0.055584632454	0	0.139	0.129	0.055584632454	0.055584632454	ID	300	A16	C1	1000	100	0	0.5	300	0.01
9	0.02317445063	0.0231744506300001	0	0.555	0.535	0.02317445063	0.0231744506300001	1	300	A16	C1	1000	100	0	0.5	300	0.03
10	0.000132605245499922	0.000132605245499975	0	0.996	0.995	0.000132605245499922	0.000132605245499975	FGr	300	A16	C1	1000	100	0	0.5	300	0.03
11	0.00331876664499997	0.003318766645	0	0.915	0.927	0.00331876664499997	0.003318766645	NoCorrection	300	A16	C1	1000	100	0	0.5	300	0.03
12	0.00394736468649999	0.00394736468650005	0	0.912	0.922	0.00394736468649999	0.00394736468650005	ID	300	A16	C1	1000	100	0	0.5	300	0.03
13	0.00117638126499998	0.00117638126499996	0	0.977	0.982	0.00117638126499998	0.00117638126499996	1	300	A16	C1	1000	100	0	0.5	300	0.1
14	0.056212499225	0.0562124992250001	0	0.188	0.161	0.056212499225	0.0562124992250001	FGr	300	A16	C1	1000	100	0	0.5	300	0.1
15	0.066875298501	0.0668752985009999	0	0.116	0.1	0.066875298501	0.0668752985009999	NoCorrection	300	A16	C1	1000	100	0	0.5	300	0.1
16	0.00748795071999996	0.00748795071999999	0	0.849	0.856	0.00748795071999996	0.00748795071999999	ID	300	A16	C1	1000	100	0	0.5	300	0.1
17	0.05056659516	0.083928273	0	0.199	0.175	0.05056659516	0.083928273	1	1000	A16	C1	1000	100	0	0.5	300	0
18	0.06011826473	0.108717384	0	0.143	0.079	0.06011826473	0.108717384	FGr	1000	A16	C1	1000	100	0	0.5	300	0
19	0.0630344151	0.1288791715	0	0.109	0.04	0.0630344151	0.1288791715	NoCorrection	1000	A16	C1	1000	100	0	0.5	300	0
20	0.04494240937	0.0724821335	0	0.27	0.26	0.04494240937	0.0724821335	ID	1000	A16	C1	1000	100	0	0.5	300	0
21	-0.01599812585	0.0508015405	0	0.627	0.412	-0.01599812585	0.0508015405	1	1000	A16	C1	1000	100	0	0.5	300	0.01
22	0.01141813187	0.126843919	0	0.739	0.037	0.01141813187	0.126843919	FGr	1000	A16	C1	1000	100	0	0.5	300	0.01
23	0.031260688245	0.1629161675	0	0.362	0.008	0.031260688245	0.1629161675	NoCorrection	1000	A16	C1	1000	100	0	0.5	300	0.01
24	-0.012674977725	0.0602722635	0	0.716	0.329	-0.012674977725	0.0602722635	ID	1000	A16	C1	1000	100	0	0.5	300	0.01
25	0.00602917777	0.0973685129999999	0	0.88	0.111	0.00602917777	0.0973685129999999	1	1000	A16	C1	1000	100	0	0.5	300	0.03
26	0.008041967015	0.107118972	0	0.853	0.114	0.008041967015	0.107118972	FGr	1000	A16	C1	1000	100	0	0.5	300	0.03
27	0.00561053547899996	0.097240713	0	0.889	0.12	0.00561053547899996	0.097240713	NoCorrection	1000	A16	C1	1000	100	0	0.5	300	0.03
28	0.00275608571500006	0.0826589125	0	0.94	0.207	0.00275608571500006	0.0826589125	ID	1000	A16	C1	1000	100	0	0.5	300	0.03
29	0.00311969174000002	0.107649933	0	0.943	0.101	0.00311969174000002	0.107649933	1	1000	A16	C1	1000	100	0	0.5	300	0.1
30	0.036827728675	0.1638240185	0	0.298	0.01	0.036827728675	0.1638240185	FGr	1000	A16	C1	1000	100	0	0.5	300	0.1
31	0.04591774422	0.1825537265	0	0.203	0.004	0.04591774422	0.1825537265	NoCorrection	1000	A16	C1	1000	100	0	0.5	300	0.1
32	0.00166100756999998	0.1153092245	0	0.957	0.062	0.00166100756999998	0.1153092245	ID	1000	A16	C1	1000	100	0	0.5	300	0.1
33	-0.05151966218	0.0279515575000001	0	0.178	0.794	-0.05151966218	0.0279515575000001	1	10000	A16	C1	1000	100	0	0.5	300	0
34	-0.046894553963	0.0283794670000002	0	0.243	0.776	-0.046894553963	0.0283794670000002	FGr	10000	A16	C1	1000	100	0	0.5	300	0
35	-0.09845758346	-0.188721662	0	0.007	0.049	-0.09845758346	-0.188721662	NoCorrection	10000	A16	C1	1000	100	0	0.5	300	0
36	-0.05508497895	0.0106389564999999	0	0.152	0.908	-0.05508497895	0.0106389564999999	ID	10000	A16	C1	1000	100	0	0.5	300	0
37	0.012772582275	-0.1235467505	0	0.723	0.175	0.012772582275	-0.1235467505	1	10000	A16	C1	1000	100	0	0.5	300	0.01
38	0.01324040066	-0.1325383745	0	0.751	0.14	0.01324040066	-0.1325383745	FGr	10000	A16	C1	1000	100	0	0.5	300	0.01
39	0.03619687803	-0.0251429680000002	0	0.353	0.784	0.03619687803	-0.0251429680000002	NoCorrection	10000	A16	C1	1000	100	0	0.5	300	0.01
40	0.017473733349	-0.0824565109999998	0	0.659	0.389	0.017473733349	-0.0824565109999998	ID	10000	A16	C1	1000	100	0	0.5	300	0.01
41	0.0118562294649999	-0.0263284150000001	0	0.769	0.796	0.0118562294649999	-0.0263284150000001	1	10000	A16	C1	1000	100	0	0.5	300	0.03
42	0.029740044095	0.058082435	0	0.464	0.591	0.029740044095	0.058082435	FGr	10000	A16	C1	1000	100	0	0.5	300	0.03
43	-0.00648927728	-0.0911321314999999	0	0.862	0.331	-0.00648927728	-0.0911321314999999	NoCorrection	10000	A16	C1	1000	100	0	0.5	300	0.03
44	0.01566972575	-0.00302215999999985	0	0.697	0.983	0.01566972575	-0.00302215999999985	ID	10000	A16	C1	1000	100	0	0.5	300	0.03
45	-0.055261379755	0.05331623	0	0.201	0.606	-0.055261379755	0.05331623	1	10000	A16	C1	1000	100	0	0.5	300	0.1
46	-0.04611433262	0.0790240275	0	0.274	0.408	-0.04611433262	0.0790240275	FGr	10000	A16	C1	1000	100	0	0.5	300	0.1
47	-0.023401702009	0.2268243275	0	0.554	0.021	-0.023401702009	0.2268243275	NoCorrection	10000	A16	C1	1000	100	0	0.5	300	0.1
48	-0.0554162961	0.060673118	0	0.161	0.527	-0.0554162961	0.060673118	ID	10000	A16	C1	1000	100	0	0.5	300	0.1
49	-0.0142461952428	-0.0142461952427999	0	0.573	0.597	-0.0142461952428	-0.0142461952427999	1	300	A16	C1	1000	1000	0	0.5	300	0
50	0.00518248714200004	0.00518248714200001	0	0.853	0.845	0.00518248714200004	0.00518248714200001	FGr	300	A16	C1	1000	1000	0	0.5	300	0
51	0.0207632491385	0.0207632491385	0	0.407	0.423	0.0207632491385	0.0207632491385	NoCorrection	300	A16	C1	1000	1000	0	0.5	300	0
52	0.006628551747	0.006628551747	0	0.797	0.802	0.006628551747	0.006628551747	ID	300	A16	C1	1000	1000	0	0.5	300	0
53	0.0262979717749999	0.0262979717749999	0	0.251	0.249	0.0262979717749999	0.0262979717749999	1	300	A16	C1	1000	1000	0	0.5	300	0.01
54	0.022875387105	0.022875387105	0	0.32	0.31	0.022875387105	0.022875387105	FGr	300	A16	C1	1000	1000	0	0.5	300	0.01
55	0.017618184004	0.017618184004	0	0.459	0.463	0.017618184004	0.017618184004	NoCorrection	300	A16	C1	1000	1000	0	0.5	300	0.01
56	0.0233097601470001	0.0233097601470001	0	0.322	0.306	0.0233097601470001	0.0233097601470001	ID	300	A16	C1	1000	1000	0	0.5	300	0.01
57	-0.001800320298	-0.001800320298	0	0.937	0.955	-0.001800320298	-0.001800320298	1	300	A16	C1	1000	1000	0	0.5	300	0.03
58	0.010532969132	0.010532969132	0	0.7	0.697	0.010532969132	0.010532969132	FGr	300	A16	C1	1000	1000	0	0.5	300	0.03
59	-0.0172783102585	-0.0172783102585	0	0.528	0.537	-0.0172783102585	-0.0172783102585	NoCorrection	300	A16	C1	1000	1000	0	0.5	300	0.03
60	0.00276192574845	0.00276192574845	0	0.925	0.914	0.00276192574845	0.00276192574845	ID	300	A16	C1	1000	1000	0	0.5	300	0.03
61	-0.0252538868900003	-0.0252538868900003	0	0.374	0.341	-0.0252538868900003	-0.0252538868900003	1	300	A16	C1	1000	1000	0	0.5	300	0.1
62	-0.0317329302229999	-0.031732930223	0	0.256	0.265	-0.0317329302229999	-0.031732930223	FGr	300	A16	C1	1000	1000	0	0.5	300	0.1
63	-0.0386361865020002	-0.0386361865020002	0	0.136	0.167	-0.0386361865020002	-0.0386361865020002	NoCorrection	300	A16	C1	1000	1000	0	0.5	300	0.1
64	-0.0209033137649998	-0.0209033137649999	0	0.45	0.471	-0.0209033137649998	-0.0209033137649999	ID	300	A16	C1	1000	1000	0	0.5	300	0.1
65	0.0133436241669999	-0.0387877637999999	0	0.7	0.42	0.0133436241669999	-0.0387877637999999	1	1000	A16	C1	1000	1000	0	0.5	300	0
66	0.0227852551400001	-0.01941962675	0	0.475	0.663	0.0227852551400001	-0.01941962675	FGr	1000	A16	C1	1000	1000	0	0.5	300	0
67	0.0271756958935	-0.00724244355000003	0	0.401	0.879	0.0271756958935	-0.00724244355000003	NoCorrection	1000	A16	C1	1000	1000	0	0.5	300	0
68	0.019772033438	-0.02646850295	0	0.546	0.578	0.019772033438	-0.02646850295	ID	1000	A16	C1	1000	1000	0	0.5	300	0
69	-7.25002348999477e-05	-0.01840830505	0	1	0.706	-7.25002348999477e-05	-0.01840830505	1	1000	A16	C1	1000	1000	0	0.5	300	0.01
70	0.016725894715	0.0300912147499999	0	0.614	0.565	0.016725894715	0.0300912147499999	FGr	1000	A16	C1	1000	1000	0	0.5	300	0.01
71	0.0136402694609999	0.0223801074500002	0	0.636	0.651	0.0136402694609999	0.0223801074500002	NoCorrection	1000	A16	C1	1000	1000	0	0.5	300	0.01
72	-0.00704816127400013	-0.03156169935	0	0.823	0.511	-0.00704816127400013	-0.03156169935	ID	1000	A16	C1	1000	1000	0	0.5	300	0.01
73	-0.00933217468400019	-0.00125717975000002	0	0.742	0.98	-0.00933217468400019	-0.00125717975000002	1	1000	A16	C1	1000	1000	0	0.5	300	0.03
74	-0.0112719479414998	-0.0074092688	0	0.678	0.881	-0.0112719479414998	-0.0074092688	FGr	1000	A16	C1	1000	1000	0	0.5	300	0.03
75	-0.0297118414005	-0.0489358185	0	0.276	0.306	-0.0297118414005	-0.0489358185	NoCorrection	1000	A16	C1	1000	1000	0	0.5	300	0.03
76	-0.0174711541005	-0.01698799825	0	0.524	0.738	-0.0174711541005	-0.01698799825	ID	1000	A16	C1	1000	1000	0	0.5	300	0.03
77	0.0164214664135	0.0474213382500002	0	0.634	0.331	0.0164214664135	0.0474213382500002	1	1000	A16	C1	1000	1000	0	0.5	300	0.1
78	0.0146252863300001	0.0358419386999995	0	0.657	0.467	0.0146252863300001	0.0358419386999995	FGr	1000	A16	C1	1000	1000	0	0.5	300	0.1
79	0.0348142968575	0.10091542895	0	0.313	0.039	0.0348142968575	0.10091542895	NoCorrection	1000	A16	C1	1000	1000	0	0.5	300	0.1
80	-0.000830398696000045	-0.00468036005000013	0	0.985	0.929	-0.000830398696000045	-0.00468036005000013	ID	1000	A16	C1	1000	1000	0	0.5	300	0.1
81	0.04247740827635	0.02076188345	0	0.129	0.793	0.04247740827635	0.02076188345	1	10000	A16	C1	1000	1000	0	0.5	300	0
82	0.0407930465206001	0.00792688829999987	0	0.168	0.912	0.0407930465206001	0.00792688829999987	FGr	10000	A16	C1	1000	1000	0	0.5	300	0
83	0.0417688152427	0.0199465122	0	0.143	0.765	0.0417688152427	0.0199465122	NoCorrection	10000	A16	C1	1000	1000	0	0.5	300	0
84	0.0421112003259999	0.0210311870499997	0	0.134	0.783	0.0421112003259999	0.0210311870499997	ID	10000	A16	C1	1000	1000	0	0.5	300	0
85	-0.0447495349574999	0.0644909015000001	0	0.143	0.447	-0.0447495349574999	0.0644909015000001	1	10000	A16	C1	1000	1000	0	0.5	300	0.01
86	-0.046470019735	0.026378296	0	0.117	0.749	-0.046470019735	0.026378296	FGr	10000	A16	C1	1000	1000	0	0.5	300	0.01
87	-0.0608071084416501	-0.06212455325	0	0.05	0.461	-0.0608071084416501	-0.06212455325	NoCorrection	10000	A16	C1	1000	1000	0	0.5	300	0.01
88	-0.0421820150590002	0.0763587254999999	0	0.171	0.33	-0.0421820150590002	0.0763587254999999	ID	10000	A16	C1	1000	1000	0	0.5	300	0.01
89	0.039462820475	-0.0210153319999997	0	0.113	0.749	0.039462820475	-0.0210153319999997	1	10000	A16	C1	1000	1000	0	0.5	300	0.03
90	0.0378264214010999	-0.0363548180999999	0	0.148	0.629	0.0378264214010999	-0.0363548180999999	FGr	10000	A16	C1	1000	1000	0	0.5	300	0.03
91	0.0310571289599999	-0.0901390309000003	0	0.203	0.188	0.0310571289599999	-0.0901390309000003	NoCorrection	10000	A16	C1	1000	1000	0	0.5	300	0.03
92	0.0387255261017	-0.0253265129000001	0	0.127	0.743	0.0387255261017	-0.0253265129000001	ID	10000	A16	C1	1000	1000	0	0.5	300	0.03
93	-0.016917838294	0.0721391745000002	0	0.512	0.33	-0.016917838294	0.0721391745000002	1	10000	A16	C1	1000	1000	0	0.5	300	0.1
94	-0.018608225855	0.0686907334999998	0	0.461	0.381	-0.018608225855	0.0686907334999998	FGr	10000	A16	C1	1000	1000	0	0.5	300	0.1
95	0.00226132788949997	0.1675511305	0	0.919	0.02	0.00226132788949997	0.1675511305	NoCorrection	10000	A16	C1	1000	1000	0	0.5	300	0.1
96	-0.016764655705	0.0752173245	0	0.509	0.289	-0.016764655705	0.0752173245	ID	10000	A16	C1	1000	1000	0	0.5	300	0.1
97	-0.0102076656158	-0.0102076656158	0	0.721	0.693	-0.0102076656158	-0.0102076656158	1	300	A16	C1	1000	10000	0	0.5	300	0
98	-0.0214048182318399	-0.02140481823184	0	0.429	0.435	-0.0214048182318399	-0.02140481823184	FGr	300	A16	C1	1000	10000	0	0.5	300	0
99	0.00093518489149991	0.000935184891499893	0	0.971	0.975	0.00093518489149991	0.000935184891499893	NoCorrection	300	A16	C1	1000	10000	0	0.5	300	0
100	-0.000552288548000013	-0.000552288548000021	0	0.982	0.982	-0.000552288548000013	-0.000552288548000021	ID	300	A16	C1	1000	10000	0	0.5	300	0
101	-0.019291194742	-0.0192911947419998	0	0.466	0.474	-0.019291194742	-0.0192911947419998	1	300	A16	C1	1000	10000	0	0.5	300	0.01
102	-0.0530112577677252	-0.0530112577677253	0	0.045	0.061	-0.0530112577677252	-0.0530112577677253	FGr	300	A16	C1	1000	10000	0	0.5	300	0.01
103	-0.045834144274	-0.045834144274	0	0.098	0.096	-0.045834144274	-0.045834144274	NoCorrection	300	A16	C1	1000	10000	0	0.5	300	0.01
104	-0.0421653897088502	-0.0421653897088502	0	0.119	0.124	-0.0421653897088502	-0.0421653897088502	ID	300	A16	C1	1000	10000	0	0.5	300	0.01
105	-0.0207388662563001	-0.0207388662563002	0	0.439	0.44	-0.0207388662563001	-0.0207388662563002	1	300	A16	C1	1000	10000	0	0.5	300	0.03
106	-0.00858279538108982	-0.00858279538108981	0	0.725	0.73	-0.00858279538108982	-0.00858279538108981	FGr	300	A16	C1	1000	10000	0	0.5	300	0.03
107	-3.97261567500539e-05	-3.97261567500713e-05	0	0.999	0.999	-3.97261567500539e-05	-3.97261567500713e-05	NoCorrection	300	A16	C1	1000	10000	0	0.5	300	0.03
108	-0.0341063271064995	-0.0341063271064995	0	0.186	0.181	-0.0341063271064995	-0.0341063271064995	ID	300	A16	C1	1000	10000	0	0.5	300	0.03
109	0.0524336641152499	0.0524336641152499	0	0.052	0.077	0.0524336641152499	0.0524336641152499	1	300	A16	C1	1000	10000	0	0.5	300	0.1
110	0.0566306336476749	0.0566306336476749	0	0.042	0.05	0.0566306336476749	0.0566306336476749	FGr	300	A16	C1	1000	10000	0	0.5	300	0.1
111	0.0543930109217502	0.0543930109217503	0	0.043	0.042	0.0543930109217502	0.0543930109217503	NoCorrection	300	A16	C1	1000	10000	0	0.5	300	0.1
112	0.0363954263645999	0.0363954263645999	0	0.182	0.174	0.0363954263645999	0.0363954263645999	ID	300	A16	C1	1000	10000	0	0.5	300	0.1
113	0.00225283967334526	0.0560813582600012	0	0.916	0.186	0.00225283967334526	0.0560813582600012	1	1000	A16	C1	1000	10000	0	0.5	300	0
114	0.0224701369636496	0.102509893805001	0	0.318	0.015	0.0224701369636496	0.102509893805001	FGr	1000	A16	C1	1000	10000	0	0.5	300	0
115	0.00751009463524956	0.0686577862199984	0	0.716	0.109	0.00751009463524956	0.0686577862199984	NoCorrection	1000	A16	C1	1000	10000	0	0.5	300	0
116	0.00778201017406007	0.0730822103249996	0	0.741	0.102	0.00778201017406007	0.0730822103249996	ID	1000	A16	C1	1000	10000	0	0.5	300	0
117	-0.00639278727015003	0.0353801606550002	0	0.757	0.385	-0.00639278727015003	0.0353801606550002	1	1000	A16	C1	1000	10000	0	0.5	300	0.01
118	-0.0185249211639249	0.00624158488999994	0	0.436	0.878	-0.0185249211639249	0.00624158488999994	FGr	1000	A16	C1	1000	10000	0	0.5	300	0.01
119	-0.00953956204601951	0.0271415037350001	0	0.692	0.542	-0.00953956204601951	0.0271415037350001	NoCorrection	1000	A16	C1	1000	10000	0	0.5	300	0.01
120	-0.00866398526370013	0.0286536291850001	0	0.725	0.528	-0.00866398526370013	0.0286536291850001	ID	1000	A16	C1	1000	10000	0	0.5	300	0.01
121	0.0220154841797999	0.02441675899	0	0.419	0.526	0.0220154841797999	0.02441675899	1	1000	A16	C1	1000	10000	0	0.5	300	0.03
122	0.0298734465624003	0.0571781047799998	0	0.239	0.167	0.0298734465624003	0.0571781047799998	FGr	1000	A16	C1	1000	10000	0	0.5	300	0.03
123	0.0425702929858499	0.0871505646250001	0	0.119	0.037	0.0425702929858499	0.0871505646250001	NoCorrection	1000	A16	C1	1000	10000	0	0.5	300	0.03
124	0.0245575232053999	0.0361453609850002	0	0.34	0.382	0.0245575232053999	0.0361453609850002	ID	1000	A16	C1	1000	10000	0	0.5	300	0.03
125	0.0525923405755999	0.0368434960250002	0	0.026	0.319	0.0525923405755999	0.0368434960250002	1	1000	A16	C1	1000	10000	0	0.5	300	0.1
126	0.0539834128905499	0.0420846461250003	0	0.018	0.283	0.0539834128905499	0.0420846461250003	FGr	1000	A16	C1	1000	10000	0	0.5	300	0.1
127	0.0557296471727499	0.0479977311999998	0	0.012	0.186	0.0557296471727499	0.0479977311999998	NoCorrection	1000	A16	C1	1000	10000	0	0.5	300	0.1
128	0.0418240668696498	0.0143078394149998	0	0.098	0.728	0.0418240668696498	0.0143078394149998	ID	1000	A16	C1	1000	10000	0	0.5	300	0.1
129	-0.0837671074511001	0.00869933969999999	0	0.004	0.901	-0.0837671074511001	0.00869933969999999	1	10000	A16	C1	1000	10000	0	0.5	300	0
130	-0.0952283853893001	-0.0606349652000001	0	0.002	0.359	-0.0952283853893001	-0.0606349652000001	FGr	10000	A16	C1	1000	10000	0	0.5	300	0
131	-0.0961212086711001	-0.0688785147999998	0	0.001	0.326	-0.0961212086711001	-0.0688785147999998	NoCorrection	10000	A16	C1	1000	10000	0	0.5	300	0
132	-0.0858381031516498	-0.01611722545	0	0.005	0.823	-0.0858381031516498	-0.01611722545	ID	10000	A16	C1	1000	10000	0	0.5	300	0
133	0.00955301459905001	-0.11075056684	0	0.724	0.099	0.00955301459905001	-0.11075056684	1	10000	A16	C1	1000	10000	0	0.5	300	0.01
134	0.0131558367573901	-0.0695837200800001	0	0.638	0.322	0.0131558367573901	-0.0695837200800001	FGr	10000	A16	C1	1000	10000	0	0.5	300	0.01
135	0.00310297847289997	-0.13263777491	0	0.905	0.049	0.00310297847289997	-0.13263777491	NoCorrection	10000	A16	C1	1000	10000	0	0.5	300	0.01
136	0.01037831705	-0.10213187349	0	0.691	0.146	0.01037831705	-0.10213187349	ID	10000	A16	C1	1000	10000	0	0.5	300	0.01
137	-0.0159694186593996	0.0658489005200002	0	0.557	0.349	-0.0159694186593996	0.0658489005200002	1	10000	A16	C1	1000	10000	0	0.5	300	0.03
138	-0.00341257831039531	0.13041967805	0	0.876	0.077	-0.00341257831039531	0.13041967805	FGr	10000	A16	C1	1000	10000	0	0.5	300	0.03
139	0.00359038232003037	0.137679125325	0	0.882	0.056	0.00359038232003037	0.137679125325	NoCorrection	10000	A16	C1	1000	10000	0	0.5	300	0.03
140	-0.0116504583756706	0.0780231852750002	0	0.646	0.254	-0.0116504583756706	0.0780231852750002	ID	10000	A16	C1	1000	10000	0	0.5	300	0.03
141	0.0133473642989996	0.0409894259900002	0	0.699	0.541	0.0133473642989996	0.0409894259900002	1	10000	A16	C1	1000	10000	0	0.5	300	0.1
142	0.0142388239290754	0.0486512755350002	0	0.652	0.452	0.0142388239290754	0.0486512755350002	FGr	10000	A16	C1	1000	10000	0	0.5	300	0.1
143	0.0560201138059996	0.238659218900001	0	0.049	0	0.0560201138059996	0.238659218900001	NoCorrection	10000	A16	C1	1000	10000	0	0.5	300	0.1
144	0.0119520600972504	0.0421192351399999	0	0.699	0.514	0.0119520600972504	0.0421192351399999	ID	10000	A16	C1	1000	10000	0	0.5	300	0.1
145	-0.00636530884	-0.00636530884000001	0	0.589	0.617	-0.00636530884	-0.00636530884000001	1	300	A16	C1	10000	100	0	0.5	300	0
146	-0.010809959629	-0.010809959629	0	0.37	0.357	-0.010809959629	-0.010809959629	FGr	300	A16	C1	10000	100	0	0.5	300	0
147	-0.0140579085422	-0.0140579085422	0	0.231	0.25	-0.0140579085422	-0.0140579085422	NoCorrection	300	A16	C1	10000	100	0	0.5	300	0
148	-0.005210376639	-0.005210376639	0	0.661	0.667	-0.005210376639	-0.005210376639	ID	300	A16	C1	10000	100	0	0.5	300	0
149	-0.000338939045000007	-0.000338939044999996	0	0.975	0.988	-0.000338939045000007	-0.000338939044999996	1	300	A16	C1	10000	100	0	0.5	300	0.01
150	-0.00349450819999999	-0.0034945082	0	0.794	0.778	-0.00349450819999999	-0.0034945082	FGr	300	A16	C1	10000	100	0	0.5	300	0.01
151	-0.000816962755000016	-0.000816962754999992	0	0.942	0.95	-0.000816962755000016	-0.000816962754999992	NoCorrection	300	A16	C1	10000	100	0	0.5	300	0.01
152	-0.001050312365	-0.001050312365	0	0.926	0.934	-0.001050312365	-0.001050312365	ID	300	A16	C1	10000	100	0	0.5	300	0.01
153	-0.00762664425899998	-0.007626644259	0	0.458	0.463	-0.00762664425899998	-0.007626644259	1	300	A16	C1	10000	100	0	0.5	300	0.03
154	-0.00514023735950001	-0.00514023735949999	0	0.617	0.641	-0.00514023735950001	-0.00514023735949999	FGr	300	A16	C1	10000	100	0	0.5	300	0.03
155	-0.00171172682	-0.00171172682	0	0.855	0.88	-0.00171172682	-0.00171172682	NoCorrection	300	A16	C1	10000	100	0	0.5	300	0.03
156	-0.00924793666299999	-0.00924793666299998	0	0.386	0.396	-0.00924793666299999	-0.00924793666299998	ID	300	A16	C1	10000	100	0	0.5	300	0.03
157	-0.000495431438	-0.000495431438000001	0	0.971	0.973	-0.000495431438	-0.000495431438000001	1	300	A16	C1	10000	100	0	0.5	300	0.1
158	0.0337277119935	0.0337277119935	0	0.021	0.012	0.0337277119935	0.0337277119935	FGr	300	A16	C1	10000	100	0	0.5	300	0.1
159	0.036733847495	0.036733847495	0	0.009	0.009	0.036733847495	0.036733847495	NoCorrection	300	A16	C1	10000	100	0	0.5	300	0.1
160	0.0065433975	0.0065433975	0	0.61	0.631	0.0065433975	0.0065433975	ID	300	A16	C1	10000	100	0	0.5	300	0.1
161	0.006716856775	0.0267037425	0	0.578	0.163	0.006716856775	0.0267037425	1	1000	A16	C1	10000	100	0	0.5	300	0
162	0.0118116664225	0.0346500065	0	0.308	0.084	0.0118116664225	0.0346500065	FGr	1000	A16	C1	10000	100	0	0.5	300	0
163	0.023291419528	0.07326021	0	0.059	0	0.023291419528	0.07326021	NoCorrection	1000	A16	C1	10000	100	0	0.5	300	0
164	0.0072254903735	0.0264510495	0	0.525	0.174	0.0072254903735	0.0264510495	ID	1000	A16	C1	10000	100	0	0.5	300	0
165	-0.00416820142	-0.00121267499999999	0	0.722	0.967	-0.00416820142	-0.00121267499999999	1	1000	A16	C1	10000	100	0	0.5	300	0.01
166	0.00321708615200001	0.028466399	0	0.802	0.195	0.00321708615200001	0.028466399	FGr	1000	A16	C1	10000	100	0	0.5	300	0.01
167	0.00390372573900003	0.030508954	0	0.749	0.181	0.00390372573900003	0.030508954	NoCorrection	1000	A16	C1	10000	100	0	0.5	300	0.01
168	-0.00317099241600001	0.00395567100000005	0	0.783	0.866	-0.00317099241600001	0.00395567100000005	ID	1000	A16	C1	10000	100	0	0.5	300	0.01
169	0.00432136315750001	-0.016173305	0	0.723	0.462	0.00432136315750001	-0.016173305	1	1000	A16	C1	10000	100	0	0.5	300	0.03
170	0.008923742705	-0.00534017449999999	0	0.479	0.798	0.008923742705	-0.00534017449999999	FGr	1000	A16	C1	10000	100	0	0.5	300	0.03
171	0.01913861266	0.029929449	0	0.132	0.155	0.01913861266	0.029929449	NoCorrection	1000	A16	C1	10000	100	0	0.5	300	0.03
172	0.0033394027135	-0.0218134105	0	0.791	0.302	0.0033394027135	-0.0218134105	ID	1000	A16	C1	10000	100	0	0.5	300	0.03
173	0.00223963278700001	0.00631195650000002	0	0.844	0.752	0.00223963278700001	0.00631195650000002	1	1000	A16	C1	10000	100	0	0.5	300	0.1
174	0.00267948729699999	0.0083415445	0	0.817	0.701	0.00267948729699999	0.0083415445	FGr	1000	A16	C1	10000	100	0	0.5	300	0.1
175	0.01879585019	0.050609578	0	0.138	0.01	0.01879585019	0.050609578	NoCorrection	1000	A16	C1	10000	100	0	0.5	300	0.1
176	-0.000870628164999995	-0.0060222065	0	0.95	0.766	-0.000870628164999995	-0.0060222065	ID	1000	A16	C1	10000	100	0	0.5	300	0.1
177	0.01259655156	-0.020802853	0	0.319	0.514	0.01259655156	-0.020802853	1	10000	A16	C1	10000	100	0	0.5	300	0
178	0.018125175765	0.00579405749999998	0	0.147	0.874	0.018125175765	0.00579405749999998	FGr	10000	A16	C1	10000	100	0	0.5	300	0
179	0.021466741003	0.0166335415	0	0.091	0.574	0.021466741003	0.0166335415	NoCorrection	10000	A16	C1	10000	100	0	0.5	300	0
180	0.013375434145	-0.0231276775	0	0.274	0.434	0.013375434145	-0.0231276775	ID	10000	A16	C1	10000	100	0	0.5	300	0
181	0.0121700441385	-0.030915084	0	0.346	0.335	0.0121700441385	-0.030915084	1	10000	A16	C1	10000	100	0	0.5	300	0.01
182	0.00979150790849999	-0.04427125	0	0.468	0.175	0.00979150790849999	-0.04427125	FGr	10000	A16	C1	10000	100	0	0.5	300	0.01
183	0.00847308630000002	-0.047286338	0	0.537	0.124	0.00847308630000002	-0.047286338	NoCorrection	10000	A16	C1	10000	100	0	0.5	300	0.01
184	0.0133376957765	-0.020151837	0	0.306	0.539	0.0133376957765	-0.020151837	ID	10000	A16	C1	10000	100	0	0.5	300	0.01
185	0.00783635978025	-0.042588058	0	0.597	0.159	0.00783635978025	-0.042588058	1	10000	A16	C1	10000	100	0	0.5	300	0.03
186	0.013130908465	-0.021477855	0	0.315	0.481	0.013130908465	-0.021477855	FGr	10000	A16	C1	10000	100	0	0.5	300	0.03
187	0.0245622476515	0.0450820395	0	0.057	0.136	0.0245622476515	0.0450820395	NoCorrection	10000	A16	C1	10000	100	0	0.5	300	0.03
188	0.009336563944	-0.034037519	0	0.47	0.243	0.009336563944	-0.034037519	ID	10000	A16	C1	10000	100	0	0.5	300	0.03
189	-0.00964054908900001	0.0229633655	0	0.458	0.452	-0.00964054908900001	0.0229633655	1	10000	A16	C1	10000	100	0	0.5	300	0.1
190	0.00126897905400001	0.083102715	0	0.927	0.008	0.00126897905400001	0.083102715	FGr	10000	A16	C1	10000	100	0	0.5	300	0.1
191	0.037375013921	0.269693681	0	0.014	0	0.037375013921	0.269693681	NoCorrection	10000	A16	C1	10000	100	0	0.5	300	0.1
192	-0.007550748795	0.028122636	0	0.576	0.349	-0.007550748795	0.028122636	ID	10000	A16	C1	10000	100	0	0.5	300	0.1
193	0.01849959614505	0.01849959614505	0	0.061	0.053	0.01849959614505	0.01849959614505	1	300	A16	C1	10000	1000	0	0.5	300	0
194	0.0246546868900001	0.0246546868900001	0	0.014	0.01	0.0246546868900001	0.0246546868900001	FGr	300	A16	C1	10000	1000	0	0.5	300	0
195	0.02642970473872	0.02642970473872	0	0.004	0.003	0.02642970473872	0.02642970473872	NoCorrection	300	A16	C1	10000	1000	0	0.5	300	0
196	0.024147597747	0.024147597747	0	0.014	0.015	0.024147597747	0.024147597747	ID	300	A16	C1	10000	1000	0	0.5	300	0
197	-0.000992683122400001	-0.000992683122399992	0	0.931	0.917	-0.000992683122400001	-0.000992683122399992	1	300	A16	C1	10000	1000	0	0.5	300	0.01
198	0.00786076563899998	0.00786076563899999	0	0.405	0.395	0.00786076563899998	0.00786076563899999	FGr	300	A16	C1	10000	1000	0	0.5	300	0.01
199	0.00488987429150001	0.00488987429150002	0	0.589	0.587	0.00488987429150001	0.00488987429150002	NoCorrection	300	A16	C1	10000	1000	0	0.5	300	0.01
200	0.00337790132200001	0.003377901322	0	0.713	0.695	0.00337790132200001	0.003377901322	ID	300	A16	C1	10000	1000	0	0.5	300	0.01
201	-0.00388909222604999	-0.00388909222605	0	0.681	0.695	-0.00388909222604999	-0.00388909222605	1	300	A16	C1	10000	1000	0	0.5	300	0.03
202	-0.01042853119385	-0.01042853119385	0	0.268	0.271	-0.01042853119385	-0.01042853119385	FGr	300	A16	C1	10000	1000	0	0.5	300	0.03
203	0.00308368805200001	0.003083688052	0	0.74	0.755	0.00308368805200001	0.003083688052	NoCorrection	300	A16	C1	10000	1000	0	0.5	300	0.03
204	-0.00545175563530001	-0.0054517556353	0	0.555	0.583	-0.00545175563530001	-0.0054517556353	ID	300	A16	C1	10000	1000	0	0.5	300	0.03
205	-0.00501017346500001	-0.005010173465	0	0.609	0.567	-0.00501017346500001	-0.005010173465	1	300	A16	C1	10000	1000	0	0.5	300	0.1
206	0.0246369505945	0.0246369505945	0	0.017	0.019	0.0246369505945	0.0246369505945	FGr	300	A16	C1	10000	1000	0	0.5	300	0.1
207	0.0412662716925001	0.0412662716925	0	0	0	0.0412662716925001	0.0412662716925	NoCorrection	300	A16	C1	10000	1000	0	0.5	300	0.1
208	-0.00513459574248501	-0.005134595742485	0	0.601	0.566	-0.00513459574248501	-0.005134595742485	ID	300	A16	C1	10000	1000	0	0.5	300	0.1
209	0.0023947116077	-0.000352209349999962	0	0.769	0.984	0.0023947116077	-0.000352209349999962	1	1000	A16	C1	10000	1000	0	0.5	300	0
210	0.000525070011800012	-0.00184807734999998	0	0.947	0.916	0.000525070011800012	-0.00184807734999998	FGr	1000	A16	C1	10000	1000	0	0.5	300	0
211	-0.00278597729404998	-0.00769303765000002	0	0.706	0.597	-0.00278597729404998	-0.00769303765000002	NoCorrection	1000	A16	C1	10000	1000	0	0.5	300	0
212	0.00598486099509999	0.00694611889999994	0	0.44	0.643	0.00598486099509999	0.00694611889999994	ID	1000	A16	C1	10000	1000	0	0.5	300	0
213	0.0046432505677	0.0224477595	0	0.582	0.137	0.0046432505677	0.0224477595	1	1000	A16	C1	10000	1000	0	0.5	300	0.01
214	0.00558585989394999	0.0257819403	0	0.479	0.086	0.00558585989394999	0.0257819403	FGr	1000	A16	C1	10000	1000	0	0.5	300	0.01
215	0.02091144042745	0.0618039084	0	0.015	0	0.02091144042745	0.0618039084	NoCorrection	1000	A16	C1	10000	1000	0	0.5	300	0.01
216	0.00374656130525	0.02086821535	0	0.645	0.18	0.00374656130525	0.02086821535	ID	1000	A16	C1	10000	1000	0	0.5	300	0.01
217	0.00593088772630001	0.01008541545	0	0.492	0.482	0.00593088772630001	0.01008541545	1	1000	A16	C1	10000	1000	0	0.5	300	0.03
218	0.0120491761903	0.0220766572500001	0	0.159	0.136	0.0120491761903	0.0220766572500001	FGr	1000	A16	C1	10000	1000	0	0.5	300	0.03
219	0.0135881111161	0.0242916599	0	0.112	0.08	0.0135881111161	0.0242916599	NoCorrection	1000	A16	C1	10000	1000	0	0.5	300	0.03
220	0.00688034925794999	0.0125691810000001	0	0.438	0.416	0.00688034925794999	0.0125691810000001	ID	1000	A16	C1	10000	1000	0	0.5	300	0.03
221	-0.00367539942464999	-0.0048560556	0	0.683	0.763	-0.00367539942464999	-0.0048560556	1	1000	A16	C1	10000	1000	0	0.5	300	0.1
222	0.0075622513235	0.02226766295	0	0.411	0.166	0.0075622513235	0.02226766295	FGr	1000	A16	C1	10000	1000	0	0.5	300	0.1
223	0.0393275940955	0.08929866115	0	0	0	0.0393275940955	0.08929866115	NoCorrection	1000	A16	C1	10000	1000	0	0.5	300	0.1
224	-0.00277997029219	-0.0025046174	0	0.77	0.862	-0.00277997029219	-0.0025046174	ID	1000	A16	C1	10000	1000	0	0.5	300	0.1
225	0.00280445070420499	0.0417050448499999	0	0.696	0.046	0.00280445070420499	0.0417050448499999	1	10000	A16	C1	10000	1000	0	0.5	300	0
226	0.0040944266986	0.0438097771	0	0.619	0.032	0.0040944266986	0.0438097771	FGr	10000	A16	C1	10000	1000	0	0.5	300	0
227	0.009618035803	0.07664488085	0	0.213	0	0.009618035803	0.07664488085	NoCorrection	10000	A16	C1	10000	1000	0	0.5	300	0
228	0.00112520489499999	0.02840150575	0	0.885	0.17	0.00112520489499999	0.02840150575	ID	10000	A16	C1	10000	1000	0	0.5	300	0
229	0.00845276689864499	-0.0208892020000001	0	0.346	0.387	0.00845276689864499	-0.0208892020000001	1	10000	A16	C1	10000	1000	0	0.5	300	0.01
230	0.0085529611288	-0.0207967715999999	0	0.309	0.373	0.0085529611288	-0.0207967715999999	FGr	10000	A16	C1	10000	1000	0	0.5	300	0.01
231	0.00701085077076001	-0.02759160895	0	0.413	0.214	0.00701085077076001	-0.02759160895	NoCorrection	10000	A16	C1	10000	1000	0	0.5	300	0.01
232	0.00798403128911001	-0.02450924265	0	0.387	0.285	0.00798403128911001	-0.02450924265	ID	10000	A16	C1	10000	1000	0	0.5	300	0.01
233	0.0021449792441	0.01216468375	0	0.832	0.568	0.0021449792441	0.01216468375	1	10000	A16	C1	10000	1000	0	0.5	300	0.03
234	-0.001034836868	-0.00405330280000004	0	0.904	0.848	-0.001034836868	-0.00405330280000004	FGr	10000	A16	C1	10000	1000	0	0.5	300	0.03
235	0.00779701519	0.0298669679	0	0.392	0.159	0.00779701519	0.0298669679	NoCorrection	10000	A16	C1	10000	1000	0	0.5	300	0.03
236	0.000601598733349999	0.00494206445000001	0	0.942	0.813	0.000601598733349999	0.00494206445000001	ID	10000	A16	C1	10000	1000	0	0.5	300	0.03
237	0.00593748150319997	-0.00287502684999997	0	0.485	0.906	0.00593748150319997	-0.00287502684999997	1	10000	A16	C1	10000	1000	0	0.5	300	0.1
238	0.00775630734734999	0.0199080668499999	0	0.364	0.427	0.00775630734734999	0.0199080668499999	FGr	10000	A16	C1	10000	1000	0	0.5	300	0.1
239	0.041216643413	0.203283923	0	0	0	0.041216643413	0.203283923	NoCorrection	10000	A16	C1	10000	1000	0	0.5	300	0.1
240	0.00774120705305	0.01685809205	0	0.341	0.493	0.00774120705305	0.01685809205	ID	10000	A16	C1	10000	1000	0	0.5	300	0.1
241	-0.00193841182423005	-0.00193841182423003	0	0.817	0.825	-0.00193841182423005	-0.00193841182423003	1	300	A16	C1	10000	10000	0	0.5	300	0
242	0.00333981952834998	0.00333981952834999	0	0.69	0.692	0.00333981952834998	0.00333981952834999	FGr	300	A16	C1	10000	10000	0	0.5	300	0
243	0.00153506140660986	0.00153506140660987	0	0.855	0.855	0.00153506140660986	0.00153506140660987	NoCorrection	300	A16	C1	10000	10000	0	0.5	300	0
244	-0.00596567405374997	-0.00596567405374996	0	0.49	0.486	-0.00596567405374997	-0.00596567405374996	ID	300	A16	C1	10000	10000	0	0.5	300	0
245	0.00721460074849995	0.00721460074849994	0	0.359	0.382	0.00721460074849995	0.00721460074849994	1	300	A16	C1	10000	10000	0	0.5	300	0.01
246	0.0124573997411698	0.0124573997411698	0	0.11	0.134	0.0124573997411698	0.0124573997411698	FGr	300	A16	C1	10000	10000	0	0.5	300	0.01
247	0.012435888896685	0.012435888896685	0	0.116	0.123	0.012435888896685	0.012435888896685	NoCorrection	300	A16	C1	10000	10000	0	0.5	300	0.01
248	0.0103257217549001	0.0103257217549001	0	0.193	0.187	0.0103257217549001	0.0103257217549001	ID	300	A16	C1	10000	10000	0	0.5	300	0.01
249	0.00545963691120991	0.00545963691120991	0	0.515	0.523	0.00545963691120991	0.00545963691120991	1	300	A16	C1	10000	10000	0	0.5	300	0.03
250	0.0130059190659499	0.0130059190659499	0	0.125	0.116	0.0130059190659499	0.0130059190659499	FGr	300	A16	C1	10000	10000	0	0.5	300	0.03
251	0.0168648570816998	0.0168648570816998	0	0.043	0.053	0.0168648570816998	0.0168648570816998	NoCorrection	300	A16	C1	10000	10000	0	0.5	300	0.03
252	0.00477008108049997	0.00477008108049997	0	0.574	0.582	0.00477008108049997	0.00477008108049997	ID	300	A16	C1	10000	10000	0	0.5	300	0.03
253	-0.00402700630616999	-0.00402700630616998	0	0.597	0.621	-0.00402700630616999	-0.00402700630616998	1	300	A16	C1	10000	10000	0	0.5	300	0.1
254	0.0134050747203499	0.0134050747203499	0	0.098	0.086	0.0134050747203499	0.0134050747203499	FGr	300	A16	C1	10000	10000	0	0.5	300	0.1
255	0.02114866378277	0.02114866378277	0	0.014	0.018	0.02114866378277	0.02114866378277	NoCorrection	300	A16	C1	10000	10000	0	0.5	300	0.1
256	-0.0114500071777549	-0.0114500071777549	0	0.124	0.137	-0.0114500071777549	-0.0114500071777549	ID	300	A16	C1	10000	10000	0	0.5	300	0.1
257	-0.00106585453350012	-0.00664576423999991	0	0.889	0.587	-0.00106585453350012	-0.00664576423999991	1	1000	A16	C1	10000	10000	0	0.5	300	0
258	-0.00678720539384998	-0.0177224618650001	0	0.418	0.149	-0.00678720539384998	-0.0177224618650001	FGr	1000	A16	C1	10000	10000	0	0.5	300	0
259	-0.0105549148851998	-0.0256890788299999	0	0.193	0.045	-0.0105549148851998	-0.0256890788299999	NoCorrection	1000	A16	C1	10000	10000	0	0.5	300	0
260	-0.00451577732910001	-0.01278189527	0	0.616	0.288	-0.00451577732910001	-0.01278189527	ID	1000	A16	C1	10000	10000	0	0.5	300	0
261	-0.00909286250284996	-0.022238962755	0	0.283	0.086	-0.00909286250284996	-0.022238962755	1	1000	A16	C1	10000	10000	0	0.5	300	0.01
262	-0.00728796589200495	-0.019448664135	0	0.4	0.12	-0.00728796589200495	-0.019448664135	FGr	1000	A16	C1	10000	10000	0	0.5	300	0.01
263	0.000119372761839981	-0.00339063654000009	0	0.989	0.793	0.000119372761839981	-0.00339063654000009	NoCorrection	1000	A16	C1	10000	10000	0	0.5	300	0.01
264	-0.012516680005175	-0.02529963283	0	0.134	0.065	-0.012516680005175	-0.02529963283	ID	1000	A16	C1	10000	10000	0	0.5	300	0.01
265	-0.0110931077151903	-0.0111229988650001	0	0.16	0.396	-0.0110931077151903	-0.0111229988650001	1	1000	A16	C1	10000	10000	0	0.5	300	0.03
266	-0.00394878776248196	0.00529516444500008	0	0.615	0.668	-0.00394878776248196	0.00529516444500008	FGr	1000	A16	C1	10000	10000	0	0.5	300	0.03
267	-0.00448374812254506	0.0026663457550001	0	0.594	0.853	-0.00448374812254506	0.0026663457550001	NoCorrection	1000	A16	C1	10000	10000	0	0.5	300	0.03
268	-0.0139390834968001	-0.0157305987950001	0	0.104	0.234	-0.0139390834968001	-0.0157305987950001	ID	1000	A16	C1	10000	10000	0	0.5	300	0.03
269	-0.0104728083535001	0.000454805994999955	0	0.264	0.983	-0.0104728083535001	0.000454805994999955	1	1000	A16	C1	10000	10000	0	0.5	300	0.1
270	0.00509974810042996	0.031633197035	0	0.608	0.03	0.00509974810042996	0.031633197035	FGr	1000	A16	C1	10000	10000	0	0.5	300	0.1
271	0.021559379341045	0.068974297935	0	0.023	0	0.021559379341045	0.068974297935	NoCorrection	1000	A16	C1	10000	10000	0	0.5	300	0.1
272	-0.00812943326256021	0.00527865507000005	0	0.395	0.686	-0.00812943326256021	0.00527865507000005	ID	1000	A16	C1	10000	10000	0	0.5	300	0.1
273	0.00689949581327001	-0.01030328396	0	0.401	0.616	0.00689949581327001	-0.01030328396	1	10000	A16	C1	10000	10000	0	0.5	300	0
274	0.00734757544886	-0.00840721718499995	0	0.356	0.681	0.00734757544886	-0.00840721718499995	FGr	10000	A16	C1	10000	10000	0	0.5	300	0
275	0.01198017223827	0.0217950180800003	0	0.132	0.275	0.01198017223827	0.0217950180800003	NoCorrection	10000	A16	C1	10000	10000	0	0.5	300	0
276	0.00567033880794999	-0.0168101372650001	0	0.481	0.419	0.00567033880794999	-0.0168101372650001	ID	10000	A16	C1	10000	10000	0	0.5	300	0
277	-0.00983785785710001	0.00401356850999998	0	0.213	0.86	-0.00983785785710001	0.00401356850999998	1	10000	A16	C1	10000	10000	0	0.5	300	0.01
278	-0.00857872956388002	0.00909310296000004	0	0.27	0.682	-0.00857872956388002	0.00909310296000004	FGr	10000	A16	C1	10000	10000	0	0.5	300	0.01
279	-0.00742552992444997	0.0110747862649997	0	0.364	0.595	-0.00742552992444997	0.0110747862649997	NoCorrection	10000	A16	C1	10000	10000	0	0.5	300	0.01
280	-0.00886312809244999	0.00778808110500019	0	0.259	0.714	-0.00886312809244999	0.00778808110500019	ID	10000	A16	C1	10000	10000	0	0.5	300	0.01
281	0.00174583269639485	-0.02883910165	0	0.844	0.134	0.00174583269639485	-0.02883910165	1	10000	A16	C1	10000	10000	0	0.5	300	0.03
282	0.0021270657788253	-0.022200703095	0	0.814	0.244	0.0021270657788253	-0.022200703095	FGr	10000	A16	C1	10000	10000	0	0.5	300	0.03
283	0.0168678515641503	0.0692535427499994	0	0.04	0	0.0168678515641503	0.0692535427499994	NoCorrection	10000	A16	C1	10000	10000	0	0.5	300	0.03
284	0.00264336955310497	-0.0202843231249999	0	0.755	0.254	0.00264336955310497	-0.0202843231249999	ID	10000	A16	C1	10000	10000	0	0.5	300	0.03
285	0.015096503934217	0.01512814241	0	0.087	0.481	0.015096503934217	0.01512814241	1	10000	A16	C1	10000	10000	0	0.5	300	0.1
286	0.0152392448717	0.0224079974	0	0.097	0.276	0.0152392448717	0.0224079974	FGr	10000	A16	C1	10000	10000	0	0.5	300	0.1
287	0.040810177985895	0.18730701813	0	0	0	0.040810177985895	0.18730701813	NoCorrection	10000	A16	C1	10000	10000	0	0.5	300	0.1
288	0.0149272532546696	0.01545018908	0	0.093	0.462	0.0149272532546696	0.01545018908	ID	10000	A16	C1	10000	10000	0	0.5	300	0.1
289	-0.08265818714	-0.08265818714	0	0.019	0.022	-0.08265818714	-0.08265818714	1	300	A16	C2	1000	100	0	0.5	300	0
290	-0.08344705295	-0.08344705295	0	0.017	0.014	-0.08344705295	-0.08344705295	FGr	300	A16	C2	1000	100	0	0.5	300	0
291	-0.08391194425	-0.08391194425	0	0.013	0.017	-0.08391194425	-0.08391194425	NoCorrection	300	A16	C2	1000	100	0	0.5	300	0
292	-0.084572111125	-0.084572111125	0	0.019	0.02	-0.084572111125	-0.084572111125	ID	300	A16	C2	1000	100	0	0.5	300	0
293	-0.00318406693	-0.00318406692999997	0	0.938	0.936	-0.00318406693	-0.00318406692999997	1	300	A16	C2	1000	100	0	0.5	300	0.01
294	-0.00452147758	-0.00452147757999998	0	0.894	0.902	-0.00452147758	-0.00452147757999998	FGr	300	A16	C2	1000	100	0	0.5	300	0.01
295	-0.00397390683599997	-0.00397390683599999	0	0.914	0.918	-0.00397390683599997	-0.00397390683599999	NoCorrection	300	A16	C2	1000	100	0	0.5	300	0.01
296	-0.00231626319500001	-0.00231626319499999	0	0.952	0.95	-0.00231626319500001	-0.00231626319499999	ID	300	A16	C2	1000	100	0	0.5	300	0.01
297	-0.00382291427	-0.00382291426999998	0	0.917	0.921	-0.00382291427	-0.00382291426999998	1	300	A16	C2	1000	100	0	0.5	300	0.03
298	-0.00367835544999998	-0.00367835544999999	0	0.924	0.923	-0.00367835544999998	-0.00367835544999999	FGr	300	A16	C2	1000	100	0	0.5	300	0.03
299	-0.00330120016000003	-0.00330120015999998	0	0.933	0.919	-0.00330120016000003	-0.00330120015999998	NoCorrection	300	A16	C2	1000	100	0	0.5	300	0.03
300	-0.00451816693	-0.00451816693	0	0.896	0.882	-0.00451816693	-0.00451816693	ID	300	A16	C2	1000	100	0	0.5	300	0.03
301	0.008791078571	0.00879107857100001	0	0.801	0.799	0.008791078571	0.00879107857100001	1	300	A16	C2	1000	100	0	0.5	300	0.1
302	0.011169491294	0.011169491294	0	0.751	0.75	0.011169491294	0.011169491294	FGr	300	A16	C2	1000	100	0	0.5	300	0.1
303	0.00992925607999995	0.00992925607999995	0	0.771	0.759	0.00992925607999995	0.00992925607999995	NoCorrection	300	A16	C2	1000	100	0	0.5	300	0.1
304	0.00701286033600001	0.00701286033599997	0	0.835	0.835	0.00701286033600001	0.00701286033599997	ID	300	A16	C2	1000	100	0	0.5	300	0.1
305	-0.02642069721	-0.096490732	0	0.434	0.107	-0.02642069721	-0.096490732	1	1000	A16	C2	1000	100	0	0.5	300	0
306	-0.027271931705	-0.1146862985	0	0.408	0.058	-0.027271931705	-0.1146862985	FGr	1000	A16	C2	1000	100	0	0.5	300	0
307	-0.026504780375	-0.1139513235	0	0.41	0.055	-0.026504780375	-0.1139513235	NoCorrection	1000	A16	C2	1000	100	0	0.5	300	0
308	-0.0266146504499999	-0.10208369	0	0.412	0.103	-0.0266146504499999	-0.10208369	ID	1000	A16	C2	1000	100	0	0.5	300	0
309	-0.0346653127	-0.0945294834999999	0	0.295	0.114	-0.0346653127	-0.0945294834999999	1	1000	A16	C2	1000	100	0	0.5	300	0.01
310	-0.03523487613	-0.0588224624999999	0	0.293	0.321	-0.03523487613	-0.0588224624999999	FGr	1000	A16	C2	1000	100	0	0.5	300	0.01
311	-0.03414000122	-0.0535004855	0	0.306	0.357	-0.03414000122	-0.0535004855	NoCorrection	1000	A16	C2	1000	100	0	0.5	300	0.01
312	-0.03460490469	-0.1065815585	0	0.292	0.083	-0.03460490469	-0.1065815585	ID	1000	A16	C2	1000	100	0	0.5	300	0.01
313	-0.015516298805	0.0281775255	0	0.626	0.616	-0.015516298805	0.0281775255	1	1000	A16	C2	1000	100	0	0.5	300	0.03
314	-0.016118903475	0.02468979	0	0.619	0.618	-0.016118903475	0.02468979	FGr	1000	A16	C2	1000	100	0	0.5	300	0.03
315	-0.015151747791	0.023990044	0	0.613	0.649	-0.015151747791	0.023990044	NoCorrection	1000	A16	C2	1000	100	0	0.5	300	0.03
316	-0.015461490815	0.043180201	0	0.638	0.451	-0.015461490815	0.043180201	ID	1000	A16	C2	1000	100	0	0.5	300	0.03
317	0.0111897191225	-0.104935448	0	0.762	0.083	0.0111897191225	-0.104935448	1	1000	A16	C2	1000	100	0	0.5	300	0.1
318	0.0121457205675	-0.0749413049999999	0	0.733	0.216	0.0121457205675	-0.0749413049999999	FGr	1000	A16	C2	1000	100	0	0.5	300	0.1
319	0.011528380225	-0.0727028499999999	0	0.777	0.234	0.011528380225	-0.0727028499999999	NoCorrection	1000	A16	C2	1000	100	0	0.5	300	0.1
320	0.0111142002000001	-0.0869347275	0	0.768	0.136	0.0111142002000001	-0.0869347275	ID	1000	A16	C2	1000	100	0	0.5	300	0.1
321	0.01871892595	0.105161645	0	0.57	0.23	0.01871892595	0.105161645	1	10000	A16	C2	1000	100	0	0.5	300	0
322	0.02245174964	0.1190457315	0	0.469	0.181	0.02245174964	0.1190457315	FGr	10000	A16	C2	1000	100	0	0.5	300	0
323	0.02232633409	0.1187847705	0	0.505	0.175	0.02232633409	0.1187847705	NoCorrection	10000	A16	C2	1000	100	0	0.5	300	0
324	0.01909744131	0.1052671	0	0.576	0.234	0.01909744131	0.1052671	ID	10000	A16	C2	1000	100	0	0.5	300	0
325	-0.00947316158999993	0.017833225	0	0.797	0.846	-0.00947316158999993	0.017833225	1	10000	A16	C2	1000	100	0	0.5	300	0.01
326	-0.00067321484000006	0.0435014300000001	0	0.99	0.627	-0.00067321484000006	0.0435014300000001	FGr	10000	A16	C2	1000	100	0	0.5	300	0.01
327	-0.000751509230000176	0.05931218	0	0.981	0.493	-0.000751509230000176	0.05931218	NoCorrection	10000	A16	C2	1000	100	0	0.5	300	0.01
328	-0.0117021437499999	0.005944085	0	0.729	0.928	-0.0117021437499999	0.005944085	ID	10000	A16	C2	1000	100	0	0.5	300	0.01
329	0.00463229540500002	-0.0245261255	0	0.907	0.765	0.00463229540500002	-0.0245261255	1	10000	A16	C2	1000	100	0	0.5	300	0.03
330	0.00106312245000001	0.00339069450000002	0	0.976	0.965	0.00106312245000001	0.00339069450000002	FGr	10000	A16	C2	1000	100	0	0.5	300	0.03
331	0.000852736399999958	-0.00112003599999995	0	0.979	0.993	0.000852736399999958	-0.00112003599999995	NoCorrection	10000	A16	C2	1000	100	0	0.5	300	0.03
332	0.00486554308499999	-0.014520004	0	0.907	0.883	0.00486554308499999	-0.014520004	ID	10000	A16	C2	1000	100	0	0.5	300	0.03
333	0.00925134149499998	0.0526985495	0	0.806	0.512	0.00925134149499998	0.0526985495	1	10000	A16	C2	1000	100	0	0.5	300	0.1
334	0.0137045022	0.0312918444999999	0	0.711	0.7	0.0137045022	0.0312918444999999	FGr	10000	A16	C2	1000	100	0	0.5	300	0.1
335	0.013817508565	0.0201805754999999	0	0.713	0.796	0.013817508565	0.0201805754999999	NoCorrection	10000	A16	C2	1000	100	0	0.5	300	0.1
336	0.00905205695000007	0.0313253074999998	0	0.801	0.715	0.00905205695000007	0.0313253074999998	ID	10000	A16	C2	1000	100	0	0.5	300	0.1
337	-0.0147237620539999	-0.014723762054	0	0.449	0.444	-0.0147237620539999	-0.014723762054	1	300	A16	C2	1000	1000	0	0.5	300	0
338	-0.0125206312170001	-0.0125206312170001	0	0.533	0.513	-0.0125206312170001	-0.0125206312170001	FGr	300	A16	C2	1000	1000	0	0.5	300	0
339	-0.0125981043224999	-0.0125981043225	0	0.509	0.502	-0.0125981043224999	-0.0125981043225	NoCorrection	300	A16	C2	1000	1000	0	0.5	300	0
340	-0.0119985334700001	-0.0119985334700002	0	0.548	0.522	-0.0119985334700001	-0.0119985334700002	ID	300	A16	C2	1000	1000	0	0.5	300	0
341	0.0184302614025	0.0184302614025	0	0.25	0.26	0.0184302614025	0.0184302614025	1	300	A16	C2	1000	1000	0	0.5	300	0.01
342	0.0183241730135	0.0183241730135001	0	0.243	0.271	0.0183241730135	0.0183241730135001	FGr	300	A16	C2	1000	1000	0	0.5	300	0.01
343	0.018287881631	0.018287881631	0	0.281	0.249	0.018287881631	0.018287881631	NoCorrection	300	A16	C2	1000	1000	0	0.5	300	0.01
344	0.0183784646405001	0.0183784646405001	0	0.245	0.256	0.0183784646405001	0.0183784646405001	ID	300	A16	C2	1000	1000	0	0.5	300	0.01
345	0.00464203492050001	0.0046420349205	0	0.788	0.801	0.00464203492050001	0.0046420349205	1	300	A16	C2	1000	1000	0	0.5	300	0.03
346	0.00422864404349998	0.00422864404349999	0	0.816	0.791	0.00422864404349998	0.00422864404349999	FGr	300	A16	C2	1000	1000	0	0.5	300	0.03
347	0.00402668663989998	0.00402668663990001	0	0.812	0.813	0.00402668663989998	0.00402668663990001	NoCorrection	300	A16	C2	1000	1000	0	0.5	300	0.03
348	0.0029319346178	0.00293193461779999	0	0.882	0.872	0.0029319346178	0.00293193461779999	ID	300	A16	C2	1000	1000	0	0.5	300	0.03
349	0.0195878644320001	0.0195878644320001	0	0.3	0.286	0.0195878644320001	0.0195878644320001	1	300	A16	C2	1000	1000	0	0.5	300	0.1
350	0.0198879860354999	0.0198879860354999	0	0.275	0.304	0.0198879860354999	0.0198879860354999	FGr	300	A16	C2	1000	1000	0	0.5	300	0.1
351	0.019917192349	0.0199171923490002	0	0.271	0.276	0.019917192349	0.0199171923490002	NoCorrection	300	A16	C2	1000	1000	0	0.5	300	0.1
352	0.019020293643	0.0190202936429996	0	0.3	0.306	0.019020293643	0.0190202936429996	ID	300	A16	C2	1000	1000	0	0.5	300	0.1
353	-0.008025462869	-0.0684421536000002	0	0.719	0.04	-0.008025462869	-0.0684421536000002	1	1000	A16	C2	1000	1000	0	0.5	300	0
354	-0.00686366723959999	-0.0658018569499998	0	0.737	0.048	-0.00686366723959999	-0.0658018569499998	FGr	1000	A16	C2	1000	1000	0	0.5	300	0
355	-0.00765088495010001	-0.0677818993499998	0	0.712	0.04	-0.00765088495010001	-0.0677818993499998	NoCorrection	1000	A16	C2	1000	1000	0	0.5	300	0
356	-0.00829532196295	-0.0675253152999999	0	0.691	0.043	-0.00829532196295	-0.0675253152999999	ID	1000	A16	C2	1000	1000	0	0.5	300	0
357	0.0055286232099999	-0.0193934940500001	0	0.785	0.532	0.0055286232099999	-0.0193934940500001	1	1000	A16	C2	1000	1000	0	0.5	300	0.01
358	0.00394689681299994	-0.0230164335999999	0	0.85	0.488	0.00394689681299994	-0.0230164335999999	FGr	1000	A16	C2	1000	1000	0	0.5	300	0.01
359	0.00480325464899973	-0.0220663548500001	0	0.817	0.5	0.00480325464899973	-0.0220663548500001	NoCorrection	1000	A16	C2	1000	1000	0	0.5	300	0.01
360	0.0047704069155	-0.02216315345	0	0.81	0.482	0.0047704069155	-0.02216315345	ID	1000	A16	C2	1000	1000	0	0.5	300	0.01
361	0.00847433160550004	-0.0117842284999999	0	0.659	0.717	0.00847433160550004	-0.0117842284999999	1	1000	A16	C2	1000	1000	0	0.5	300	0.03
362	0.0055549087583	-0.0141900863999999	0	0.787	0.684	0.0055549087583	-0.0141900863999999	FGr	1000	A16	C2	1000	1000	0	0.5	300	0.03
363	0.00713982984280006	-0.0120880879000001	0	0.713	0.696	0.00713982984280006	-0.0120880879000001	NoCorrection	1000	A16	C2	1000	1000	0	0.5	300	0.03
364	0.00808829527699998	-0.01574195525	0	0.665	0.612	0.00808829527699998	-0.01574195525	ID	1000	A16	C2	1000	1000	0	0.5	300	0.03
365	-0.00567037034000001	-0.01089871965	0	0.757	0.773	-0.00567037034000001	-0.01089871965	1	1000	A16	C2	1000	1000	0	0.5	300	0.1
366	-0.0048958256618	-0.0074995783	0	0.779	0.84	-0.0048958256618	-0.0074995783	FGr	1000	A16	C2	1000	1000	0	0.5	300	0.1
367	-0.003604001285	-0.00604493405	0	0.833	0.872	-0.003604001285	-0.00604493405	NoCorrection	1000	A16	C2	1000	1000	0	0.5	300	0.1
368	-0.0050214508955	-0.00960278005000004	0	0.789	0.789	-0.0050214508955	-0.00960278005000004	ID	1000	A16	C2	1000	1000	0	0.5	300	0.1
369	0.00558955660445	-0.0044169421999999	0	0.771	0.941	0.00558955660445	-0.0044169421999999	1	10000	A16	C2	1000	1000	0	0.5	300	0
370	0.002959696684	0.0355086700999997	0	0.867	0.529	0.002959696684	0.0355086700999997	FGr	10000	A16	C2	1000	1000	0	0.5	300	0
371	0.00524600490049999	0.0148120712999998	0	0.801	0.763	0.00524600490049999	0.0148120712999998	NoCorrection	10000	A16	C2	1000	1000	0	0.5	300	0
372	0.0056248772405	0.00662175800000008	0	0.774	0.904	0.0056248772405	0.00662175800000008	ID	10000	A16	C2	1000	1000	0	0.5	300	0
373	0.00845793582025015	-0.01980425615	0	0.709	0.74	0.00845793582025015	-0.01980425615	1	10000	A16	C2	1000	1000	0	0.5	300	0.01
374	0.00869527304100007	-0.04090706315	0	0.672	0.44	0.00869527304100007	-0.04090706315	FGr	10000	A16	C2	1000	1000	0	0.5	300	0.01
375	0.00791077760799989	-0.04773952705	0	0.721	0.385	0.00791077760799989	-0.04773952705	NoCorrection	10000	A16	C2	1000	1000	0	0.5	300	0.01
376	0.00839776986300008	-0.0270958396500001	0	0.72	0.656	0.00839776986300008	-0.0270958396500001	ID	10000	A16	C2	1000	1000	0	0.5	300	0.01
377	0.00111361761599998	0.03904765395	0	0.957	0.452	0.00111361761599998	0.03904765395	1	10000	A16	C2	1000	1000	0	0.5	300	0.03
378	0.00232063610749996	0.02451476575	0	0.936	0.641	0.00232063610749996	0.02451476575	FGr	10000	A16	C2	1000	1000	0	0.5	300	0.03
379	0.00137461890649998	0.0389799155999999	0	0.953	0.471	0.00137461890649998	0.0389799155999999	NoCorrection	10000	A16	C2	1000	1000	0	0.5	300	0.03
380	0.00112826894499997	0.03908541765	0	0.965	0.469	0.00112826894499997	0.03908541765	ID	10000	A16	C2	1000	1000	0	0.5	300	0.03
381	0.0282448309019999	-0.04926870065	0	0.138	0.41	0.0282448309019999	-0.04926870065	1	10000	A16	C2	1000	1000	0	0.5	300	0.1
382	0.0284527621484999	-0.05702839795	0	0.117	0.322	0.0284527621484999	-0.05702839795	FGr	10000	A16	C2	1000	1000	0	0.5	300	0.1
383	0.0278630225317499	-0.0459499819	0	0.128	0.41	0.0278630225317499	-0.0459499819	NoCorrection	10000	A16	C2	1000	1000	0	0.5	300	0.1
384	0.0281710843680001	-0.0510829813	0	0.116	0.395	0.0281710843680001	-0.0510829813	ID	10000	A16	C2	1000	1000	0	0.5	300	0.1
385	0.01782930410432	0.01782930410432	0	0.344	0.35	0.01782930410432	0.01782930410432	1	300	A16	C2	1000	10000	0	0.5	300	0
386	0.0171108166377001	0.0171108166377001	0	0.402	0.38	0.0171108166377001	0.0171108166377001	FGr	300	A16	C2	1000	10000	0	0.5	300	0
387	0.0170435530081999	0.0170435530081999	0	0.38	0.388	0.0170435530081999	0.0170435530081999	NoCorrection	300	A16	C2	1000	10000	0	0.5	300	0
388	0.0169575589325001	0.0169575589325001	0	0.371	0.373	0.0169575589325001	0.0169575589325001	ID	300	A16	C2	1000	10000	0	0.5	300	0
389	-0.0068477999495992	-0.00684779994959925	0	0.727	0.699	-0.0068477999495992	-0.00684779994959925	1	300	A16	C2	1000	10000	0	0.5	300	0.01
390	-0.00703145960893025	-0.00703145960893014	0	0.705	0.714	-0.00703145960893025	-0.00703145960893014	FGr	300	A16	C2	1000	10000	0	0.5	300	0.01
391	-0.00702235168515027	-0.00702235168515031	0	0.69	0.716	-0.00702235168515027	-0.00702235168515031	NoCorrection	300	A16	C2	1000	10000	0	0.5	300	0.01
392	-0.00690086122425008	-0.00690086122425004	0	0.733	0.71	-0.00690086122425008	-0.00690086122425004	ID	300	A16	C2	1000	10000	0	0.5	300	0.01
393	0.0094950004426502	0.00949500044265016	0	0.556	0.568	0.0094950004426502	0.00949500044265016	1	300	A16	C2	1000	10000	0	0.5	300	0.03
394	0.00938412240289999	0.00938412240290001	0	0.592	0.59	0.00938412240289999	0.00938412240290001	FGr	300	A16	C2	1000	10000	0	0.5	300	0.03
395	0.00937998101390004	0.00937998101390005	0	0.588	0.576	0.00937998101390004	0.00937998101390005	NoCorrection	300	A16	C2	1000	10000	0	0.5	300	0.03
396	0.00977142720889007	0.00977142720889005	0	0.546	0.559	0.00977142720889007	0.00977142720889005	ID	300	A16	C2	1000	10000	0	0.5	300	0.03
397	-0.01536554154856	-0.01536554154856	0	0.399	0.392	-0.01536554154856	-0.01536554154856	1	300	A16	C2	1000	10000	0	0.5	300	0.1
398	-0.0148572479691	-0.0148572479691	0	0.402	0.38	-0.0148572479691	-0.0148572479691	FGr	300	A16	C2	1000	10000	0	0.5	300	0.1
399	-0.0147163950721	-0.0147163950721	0	0.42	0.396	-0.0147163950721	-0.0147163950721	NoCorrection	300	A16	C2	1000	10000	0	0.5	300	0.1
400	-0.0147759018109	-0.0147759018109	0	0.398	0.402	-0.0147759018109	-0.0147759018109	ID	300	A16	C2	1000	10000	0	0.5	300	0.1
401	-0.00604355520402989	-0.0479502272449997	0	0.746	0.135	-0.00604355520402989	-0.0479502272449997	1	1000	A16	C2	1000	10000	0	0.5	300	0
402	-0.00581561000349994	-0.0456216525149997	0	0.747	0.13	-0.00581561000349994	-0.0456216525149997	FGr	1000	A16	C2	1000	10000	0	0.5	300	0
403	-0.00587178160800002	-0.0450141682300001	0	0.738	0.132	-0.00587178160800002	-0.0450141682300001	NoCorrection	1000	A16	C2	1000	10000	0	0.5	300	0
404	-0.0058729574574999	-0.0438683655650005	0	0.777	0.164	-0.0058729574574999	-0.0438683655650005	ID	1000	A16	C2	1000	10000	0	0.5	300	0
405	0.00243068450478529	0.0110405651650001	0	0.897	0.74	0.00243068450478529	0.0110405651650001	1	1000	A16	C2	1000	10000	0	0.5	300	0.01
406	0.00303524425470032	0.00931650173999998	0	0.884	0.782	0.00303524425470032	0.00931650173999998	FGr	1000	A16	C2	1000	10000	0	0.5	300	0.01
407	0.00249804098126492	0.0119232052200002	0	0.91	0.708	0.00249804098126492	0.0119232052200002	NoCorrection	1000	A16	C2	1000	10000	0	0.5	300	0.01
408	0.00255996089157475	0.0123602921849998	0	0.895	0.684	0.00255996089157475	0.0123602921849998	ID	1000	A16	C2	1000	10000	0	0.5	300	0.01
409	-0.00249176589524954	-0.0033011657449997	0	0.883	0.918	-0.00249176589524954	-0.0033011657449997	1	1000	A16	C2	1000	10000	0	0.5	300	0.03
410	-0.00276965641079971	-0.00342474842500061	0	0.864	0.932	-0.00276965641079971	-0.00342474842500061	FGr	1000	A16	C2	1000	10000	0	0.5	300	0.03
411	-0.00234473387462012	-0.00713255259999972	0	0.887	0.808	-0.00234473387462012	-0.00713255259999972	NoCorrection	1000	A16	C2	1000	10000	0	0.5	300	0.03
412	-0.00255208092110028	-0.00156668817999997	0	0.879	0.944	-0.00255208092110028	-0.00156668817999997	ID	1000	A16	C2	1000	10000	0	0.5	300	0.03
413	0.0341592145872501	0.03750280548	0	0.099	0.215	0.0341592145872501	0.03750280548	1	1000	A16	C2	1000	10000	0	0.5	300	0.1
414	0.03492473828	0.0347205130349998	0	0.071	0.308	0.03492473828	0.0347205130349998	FGr	1000	A16	C2	1000	10000	0	0.5	300	0.1
415	0.03473613760675	0.0341030766650004	0	0.088	0.259	0.03473613760675	0.0341030766650004	NoCorrection	1000	A16	C2	1000	10000	0	0.5	300	0.1
416	0.0340434340313001	0.039734599395	0	0.089	0.241	0.0340434340313001	0.039734599395	ID	1000	A16	C2	1000	10000	0	0.5	300	0.1
417	-0.0187138041793998	0.00676876588500295	0	0.303	0.908	-0.0187138041793998	0.00676876588500295	1	10000	A16	C2	1000	10000	0	0.5	300	0
418	-0.0204156459786398	0.0294502749499991	0	0.288	0.579	-0.0204156459786398	0.0294502749499991	FGr	10000	A16	C2	1000	10000	0	0.5	300	0
419	-0.0201368186663496	0.0316028061999979	0	0.227	0.548	-0.0201368186663496	0.0316028061999979	NoCorrection	10000	A16	C2	1000	10000	0	0.5	300	0
420	-0.0189472606834501	-8.34599749997343e-05	0	0.27	0.999	-0.0189472606834501	-8.34599749997343e-05	ID	10000	A16	C2	1000	10000	0	0.5	300	0
421	0.00743993801480027	0.0259633404499996	0	0.724	0.612	0.00743993801480027	0.0259633404499996	1	10000	A16	C2	1000	10000	0	0.5	300	0.01
422	0.00787816480735	0.0330752951300002	0	0.701	0.496	0.00787816480735	0.0330752951300002	FGr	10000	A16	C2	1000	10000	0	0.5	300	0.01
423	0.00700702660650039	0.0224005020049998	0	0.725	0.648	0.00700702660650039	0.0224005020049998	NoCorrection	10000	A16	C2	1000	10000	0	0.5	300	0.01
424	0.00734492553185038	0.0245806951700005	0	0.742	0.627	0.00734492553185038	0.0245806951700005	ID	10000	A16	C2	1000	10000	0	0.5	300	0.01
425	-0.00838519718046996	0.040515196139999	0	0.637	0.343	-0.00838519718046996	0.040515196139999	1	10000	A16	C2	1000	10000	0	0.5	300	0.03
426	-0.00722833585929006	0.0297137394450007	0	0.674	0.501	-0.00722833585929006	0.0297137394450007	FGr	10000	A16	C2	1000	10000	0	0.5	300	0.03
427	-0.00711866262460002	0.0321707071450011	0	0.649	0.471	-0.00711866262460002	0.0321707071450011	NoCorrection	10000	A16	C2	1000	10000	0	0.5	300	0.03
428	-0.00815065606174994	0.046806880680002	0	0.626	0.262	-0.00815065606174994	0.046806880680002	ID	10000	A16	C2	1000	10000	0	0.5	300	0.03
429	-0.0020157664084496	-0.0103939105800008	0	0.903	0.845	-0.0020157664084496	-0.0103939105800008	1	10000	A16	C2	1000	10000	0	0.5	300	0.1
430	0.00148634286789974	0.00450402570000133	0	0.946	0.941	0.00148634286789974	0.00450402570000133	FGr	10000	A16	C2	1000	10000	0	0.5	300	0.1
431	0.00100671301229978	0.00527591420999886	0	0.962	0.908	0.00100671301229978	0.00527591420999886	NoCorrection	10000	A16	C2	1000	10000	0	0.5	300	0.1
432	-0.00159925596935022	-0.0136772030750018	0	0.93	0.766	-0.00159925596935022	-0.0136772030750018	ID	10000	A16	C2	1000	10000	0	0.5	300	0.1
433	-0.00588186202700001	-0.005881862027	0	0.601	0.621	-0.00588186202700001	-0.005881862027	1	300	A16	C2	10000	100	0	0.5	300	0
434	-0.00605985760550001	-0.00605985760549999	0	0.594	0.593	-0.00605985760550001	-0.00605985760549999	FGr	300	A16	C2	10000	100	0	0.5	300	0
435	-0.006079113171	-0.006079113171	0	0.589	0.563	-0.006079113171	-0.006079113171	NoCorrection	300	A16	C2	10000	100	0	0.5	300	0
436	-0.006034205522	-0.006034205522	0	0.578	0.574	-0.006034205522	-0.006034205522	ID	300	A16	C2	10000	100	0	0.5	300	0
437	0.00514994946	0.00514994946	0	0.583	0.581	0.00514994946	0.00514994946	1	300	A16	C2	10000	100	0	0.5	300	0.01
438	0.0043275472175	0.0043275472175	0	0.607	0.646	0.0043275472175	0.0043275472175	FGr	300	A16	C2	10000	100	0	0.5	300	0.01
439	0.004344060319	0.004344060319	0	0.643	0.661	0.004344060319	0.004344060319	NoCorrection	300	A16	C2	10000	100	0	0.5	300	0.01
440	0.004521462815	0.004521462815	0	0.639	0.631	0.004521462815	0.004521462815	ID	300	A16	C2	10000	100	0	0.5	300	0.01
441	0.0114264694146	0.0114264694146	0	0.253	0.25	0.0114264694146	0.0114264694146	1	300	A16	C2	10000	100	0	0.5	300	0.03
442	0.0101505051525	0.0101505051525	0	0.32	0.311	0.0101505051525	0.0101505051525	FGr	300	A16	C2	10000	100	0	0.5	300	0.03
443	0.0101460167575	0.0101460167575	0	0.302	0.331	0.0101460167575	0.0101460167575	NoCorrection	300	A16	C2	10000	100	0	0.5	300	0.03
444	0.010587133136	0.010587133136	0	0.306	0.325	0.010587133136	0.010587133136	ID	300	A16	C2	10000	100	0	0.5	300	0.03
445	-0.000773990840000003	-0.00077399084	0	0.928	0.928	-0.000773990840000003	-0.00077399084	1	300	A16	C2	10000	100	0	0.5	300	0.1
446	-0.00551156283899999	-0.005511562839	0	0.601	0.644	-0.00551156283899999	-0.005511562839	FGr	300	A16	C2	10000	100	0	0.5	300	0.1
447	-0.0054954459265	-0.0054954459265	0	0.635	0.609	-0.0054954459265	-0.0054954459265	NoCorrection	300	A16	C2	10000	100	0	0.5	300	0.1
448	-0.00169838400899999	-0.00169838400899999	0	0.876	0.854	-0.00169838400899999	-0.00169838400899999	ID	300	A16	C2	10000	100	0	0.5	300	0.1
449	0.007201813341	0.00768048949999999	0	0.587	0.655	0.007201813341	0.00768048949999999	1	1000	A16	C2	10000	100	0	0.5	300	0
450	0.007981163439	0.00912740300000001	0	0.496	0.609	0.007981163439	0.00912740300000001	FGr	1000	A16	C2	10000	100	0	0.5	300	0
451	0.00804308957600001	0.00852401399999999	0	0.496	0.615	0.00804308957600001	0.00852401399999999	NoCorrection	1000	A16	C2	10000	100	0	0.5	300	0
452	0.007554096835	0.00589871399999999	0	0.526	0.729	0.007554096835	0.00589871399999999	ID	1000	A16	C2	10000	100	0	0.5	300	0
453	-0.00452391281	-0.00413923049999999	0	0.698	0.833	-0.00452391281	-0.00413923049999999	1	1000	A16	C2	10000	100	0	0.5	300	0.01
454	-0.003888014036	0.00510987499999999	0	0.743	0.792	-0.003888014036	0.00510987499999999	FGr	1000	A16	C2	10000	100	0	0.5	300	0.01
455	-0.00414932198800001	0.001473615	0	0.706	0.94	-0.00414932198800001	0.001473615	NoCorrection	1000	A16	C2	10000	100	0	0.5	300	0.01
456	-0.00416006343299999	0.001002655	0	0.722	0.959	-0.00416006343299999	0.001002655	ID	1000	A16	C2	10000	100	0	0.5	300	0.01
457	0.005419115355	-9.54364999999813e-05	0	0.635	0.991	0.005419115355	-9.54364999999813e-05	1	1000	A16	C2	10000	100	0	0.5	300	0.03
458	0.0037500396675	-0.00241434449999999	0	0.75	0.89	0.0037500396675	-0.00241434449999999	FGr	1000	A16	C2	10000	100	0	0.5	300	0.03
459	0.004053888855	-0.00337931650000001	0	0.65	0.84	0.004053888855	-0.00337931650000001	NoCorrection	1000	A16	C2	10000	100	0	0.5	300	0.03
460	0.00509339892999999	-0.00127230099999998	0	0.62	0.947	0.00509339892999999	-0.00127230099999998	ID	1000	A16	C2	10000	100	0	0.5	300	0.03
461	-0.013971463264	-0.00380775199999999	0	0.166	0.809	-0.013971463264	-0.00380775199999999	1	1000	A16	C2	10000	100	0	0.5	300	0.1
462	-0.016491491935	-0.021366257	0	0.139	0.189	-0.016491491935	-0.021366257	FGr	1000	A16	C2	10000	100	0	0.5	300	0.1
463	-0.016895114549	-0.0230767815	0	0.131	0.181	-0.016895114549	-0.0230767815	NoCorrection	1000	A16	C2	10000	100	0	0.5	300	0.1
464	-0.01402942162	-0.0065986505	0	0.176	0.689	-0.01402942162	-0.0065986505	ID	1000	A16	C2	10000	100	0	0.5	300	0.1
465	0.00164508801500002	0.007996303	0	0.872	0.755	0.00164508801500002	0.007996303	1	10000	A16	C2	10000	100	0	0.5	300	0
466	0.00184347156599999	-0.00895538550000001	0	0.862	0.768	0.00184347156599999	-0.00895538550000001	FGr	10000	A16	C2	10000	100	0	0.5	300	0
467	0.00170989213000001	-0.0045616705	0	0.87	0.885	0.00170989213000001	-0.0045616705	NoCorrection	10000	A16	C2	10000	100	0	0.5	300	0
468	0.00180757045000001	-0.0023901545	0	0.858	0.931	0.00180757045000001	-0.0023901545	ID	10000	A16	C2	10000	100	0	0.5	300	0
469	-0.0104411955255	-0.0776889035	0	0.281	0.004	-0.0104411955255	-0.0776889035	1	10000	A16	C2	10000	100	0	0.5	300	0.01
470	-0.0100799713868	-0.0699976985	0	0.298	0.011	-0.0100799713868	-0.0699976985	FGr	10000	A16	C2	10000	100	0	0.5	300	0.01
471	-0.010189418148	-0.06947344	0	0.279	0.012	-0.010189418148	-0.06947344	NoCorrection	10000	A16	C2	10000	100	0	0.5	300	0.01
472	-0.01046007374085	-0.0753194175	0	0.274	0.004	-0.01046007374085	-0.0753194175	ID	10000	A16	C2	10000	100	0	0.5	300	0.01
473	0.002431415845	-0.016695744	0	0.815	0.548	0.002431415845	-0.016695744	1	10000	A16	C2	10000	100	0	0.5	300	0.03
474	0.0011914466459	-0.00324132499999998	0	0.896	0.895	0.0011914466459	-0.00324132499999998	FGr	10000	A16	C2	10000	100	0	0.5	300	0.03
475	0.00113411468400002	-0.00426074600000001	0	0.922	0.894	0.00113411468400002	-0.00426074600000001	NoCorrection	10000	A16	C2	10000	100	0	0.5	300	0.03
476	0.00251968504499998	-0.0183965885	0	0.807	0.533	0.00251968504499998	-0.0183965885	ID	10000	A16	C2	10000	100	0	0.5	300	0.03
477	0.011929624261	-0.028615887	0	0.276	0.312	0.011929624261	-0.028615887	1	10000	A16	C2	10000	100	0	0.5	300	0.1
478	0.00859218243249996	-0.00721984249999994	0	0.486	0.811	0.00859218243249996	-0.00721984249999994	FGr	10000	A16	C2	10000	100	0	0.5	300	0.1
479	0.00870574577850003	-0.00311701849999996	0	0.462	0.913	0.00870574577850003	-0.00311701849999996	NoCorrection	10000	A16	C2	10000	100	0	0.5	300	0.1
480	0.0120472631825	-0.028398172	0	0.273	0.349	0.0120472631825	-0.028398172	ID	10000	A16	C2	10000	100	0	0.5	300	0.1
481	-0.00553826551099997	-0.00553826551099998	0	0.461	0.483	-0.00553826551099997	-0.00553826551099998	1	300	A16	C2	10000	1000	0	0.5	300	0
482	-0.00644345859630003	-0.00644345859630001	0	0.369	0.382	-0.00644345859630003	-0.00644345859630001	FGr	300	A16	C2	10000	1000	0	0.5	300	0
483	-0.00650373116709996	-0.00650373116709995	0	0.343	0.387	-0.00650373116709996	-0.00650373116709995	NoCorrection	300	A16	C2	10000	1000	0	0.5	300	0
484	-0.00635573988625	-0.00635573988625001	0	0.403	0.38	-0.00635573988625	-0.00635573988625001	ID	300	A16	C2	10000	1000	0	0.5	300	0
485	0.000282637455249999	0.00028263745525	0	0.965	0.968	0.000282637455249999	0.00028263745525	1	300	A16	C2	10000	1000	0	0.5	300	0.01
486	0.00100015550549999	0.0010001555055	0	0.854	0.851	0.00100015550549999	0.0010001555055	FGr	300	A16	C2	10000	1000	0	0.5	300	0.01
487	0.00105057803359999	0.00105057803359999	0	0.857	0.876	0.00105057803359999	0.00105057803359999	NoCorrection	300	A16	C2	10000	1000	0	0.5	300	0.01
488	0.000348903858149993	0.000348903858149997	0	0.952	0.944	0.000348903858149993	0.000348903858149997	ID	300	A16	C2	10000	1000	0	0.5	300	0.01
489	0.00575550908514	0.00575550908514001	0	0.328	0.305	0.00575550908514	0.00575550908514001	1	300	A16	C2	10000	1000	0	0.5	300	0.03
490	0.00692033379088999	0.00692033379088998	0	0.228	0.218	0.00692033379088999	0.00692033379088998	FGr	300	A16	C2	10000	1000	0	0.5	300	0.03
491	0.00681526038865003	0.00681526038865003	0	0.249	0.245	0.00681526038865003	0.00681526038865003	NoCorrection	300	A16	C2	10000	1000	0	0.5	300	0.03
492	0.00569096206349993	0.00569096206349994	0	0.298	0.309	0.00569096206349993	0.00569096206349994	ID	300	A16	C2	10000	1000	0	0.5	300	0.03
493	0.000145503547309973	0.000145503547309962	0	0.977	0.972	0.000145503547309973	0.000145503547309962	1	300	A16	C2	10000	1000	0	0.5	300	0.1
494	0.0034333835005	0.00343338350050001	0	0.63	0.6	0.0034333835005	0.00343338350050001	FGr	300	A16	C2	10000	1000	0	0.5	300	0.1
495	0.00338903617830002	0.00338903617830002	0	0.607	0.624	0.00338903617830002	0.00338903617830002	NoCorrection	300	A16	C2	10000	1000	0	0.5	300	0.1
496	-0.000226090059614999	-0.000226090059615008	0	0.973	0.969	-0.000226090059614999	-0.000226090059615008	ID	300	A16	C2	10000	1000	0	0.5	300	0.1
497	0.00338336920030004	0.01379972415	0	0.574	0.187	0.00338336920030004	0.01379972415	1	1000	A16	C2	10000	1000	0	0.5	300	0
498	0.00349321947860001	0.0149646853	0	0.557	0.159	0.00349321947860001	0.0149646853	FGr	1000	A16	C2	10000	1000	0	0.5	300	0
499	0.00322333871755002	0.01513779735	0	0.588	0.139	0.00322333871755002	0.01513779735	NoCorrection	1000	A16	C2	10000	1000	0	0.5	300	0
500	0.00336772653349992	0.0127488236000001	0	0.581	0.22	0.00336772653349992	0.0127488236000001	ID	1000	A16	C2	10000	1000	0	0.5	300	0
501	-0.00329180906	-0.00350060395	0	0.609	0.726	-0.00329180906	-0.00350060395	1	1000	A16	C2	10000	1000	0	0.5	300	0.01
502	-0.00324462767200001	-0.00315371104999999	0	0.63	0.742	-0.00324462767200001	-0.00315371104999999	FGr	1000	A16	C2	10000	1000	0	0.5	300	0.01
503	-0.00325045950799999	-0.00315467510000001	0	0.632	0.738	-0.00325045950799999	-0.00315467510000001	NoCorrection	1000	A16	C2	10000	1000	0	0.5	300	0.01
504	-0.00320687666484999	-0.00325579055	0	0.625	0.739	-0.00320687666484999	-0.00325579055	ID	1000	A16	C2	10000	1000	0	0.5	300	0.01
505	-0.000882325354099941	0.00347625955	0	0.876	0.73	-0.000882325354099941	0.00347625955	1	1000	A16	C2	10000	1000	0	0.5	300	0.03
506	-0.000797340837750018	0.00297528880000001	0	0.886	0.738	-0.000797340837750018	0.00297528880000001	FGr	1000	A16	C2	10000	1000	0	0.5	300	0.03
507	-0.00101791286354999	0.00243449775	0	0.877	0.814	-0.00101791286354999	0.00243449775	NoCorrection	1000	A16	C2	10000	1000	0	0.5	300	0.03
508	-0.000901411165764882	0.0029572627	0	0.862	0.744	-0.000901411165764882	0.0029572627	ID	1000	A16	C2	10000	1000	0	0.5	300	0.03
509	0.0019762019252	-0.00457158585000001	0	0.735	0.645	0.0019762019252	-0.00457158585000001	1	1000	A16	C2	10000	1000	0	0.5	300	0.1
510	0.00182171859349995	-0.00272698159999998	0	0.792	0.775	0.00182171859349995	-0.00272698159999998	FGr	1000	A16	C2	10000	1000	0	0.5	300	0.1
511	0.00178950961499999	-0.00271922865000001	0	0.777	0.797	0.00178950961499999	-0.00271922865000001	NoCorrection	1000	A16	C2	10000	1000	0	0.5	300	0.1
512	0.00213744258079999	-0.00362743525	0	0.75	0.685	0.00213744258079999	-0.00362743525	ID	1000	A16	C2	10000	1000	0	0.5	300	0.1
513	0.00077606007050001	-0.02111073855	0	0.915	0.225	0.00077606007050001	-0.02111073855	1	10000	A16	C2	10000	1000	0	0.5	300	0
514	0.000648451949650003	-0.0196262775999999	0	0.919	0.241	0.000648451949650003	-0.0196262775999999	FGr	10000	A16	C2	10000	1000	0	0.5	300	0
515	0.000641556534599996	-0.02116332295	0	0.919	0.191	0.000641556534599996	-0.02116332295	NoCorrection	10000	A16	C2	10000	1000	0	0.5	300	0
516	0.000738812149599998	-0.020407192	0	0.928	0.217	0.000738812149599998	-0.020407192	ID	10000	A16	C2	10000	1000	0	0.5	300	0
517	-0.00491636606410004	0.0175080332	0	0.477	0.316	-0.00491636606410004	0.0175080332	1	10000	A16	C2	10000	1000	0	0.5	300	0.01
518	-0.00472581717100001	0.0190069138	0	0.513	0.3	-0.00472581717100001	0.0190069138	FGr	10000	A16	C2	10000	1000	0	0.5	300	0.01
519	-0.00471747998049999	0.0174655027	0	0.485	0.326	-0.00471747998049999	0.0174655027	NoCorrection	10000	A16	C2	10000	1000	0	0.5	300	0.01
520	-0.00489832331122996	0.0177691894	0	0.479	0.329	-0.00489832331122996	0.0177691894	ID	10000	A16	C2	10000	1000	0	0.5	300	0.01
521	-0.00835423338150001	0.022685735	0	0.231	0.182	-0.00835423338150001	0.022685735	1	10000	A16	C2	10000	1000	0	0.5	300	0.03
522	-0.00743741061899999	0.0275054054	0	0.271	0.089	-0.00743741061899999	0.0275054054	FGr	10000	A16	C2	10000	1000	0	0.5	300	0.03
523	-0.00743637339850002	0.02713985235	0	0.285	0.096	-0.00743637339850002	0.02713985235	NoCorrection	10000	A16	C2	10000	1000	0	0.5	300	0.03
524	-0.00831787697399999	0.0275262111	0	0.247	0.091	-0.00831787697399999	0.0275262111	ID	10000	A16	C2	10000	1000	0	0.5	300	0.03
525	-0.00566183928074999	-0.01305195235	0	0.465	0.461	-0.00566183928074999	-0.01305195235	1	10000	A16	C2	10000	1000	0	0.5	300	0.1
526	-0.0034864303337	-0.0217889826	0	0.639	0.23	-0.0034864303337	-0.0217889826	FGr	10000	A16	C2	10000	1000	0	0.5	300	0.1
527	-0.00348966926215	-0.0216643635	0	0.652	0.213	-0.00348966926215	-0.0216643635	NoCorrection	10000	A16	C2	10000	1000	0	0.5	300	0.1
528	-0.0056283255892	-0.01203111945	0	0.464	0.479	-0.0056283255892	-0.01203111945	ID	10000	A16	C2	10000	1000	0	0.5	300	0.1
529	-0.00840976806055	-0.00840976806055	0	0.208	0.179	-0.00840976806055	-0.00840976806055	1	300	A16	C2	10000	10000	0	0.5	300	0
530	-0.00827341797851499	-0.00827341797851499	0	0.207	0.223	-0.00827341797851499	-0.00827341797851499	FGr	300	A16	C2	10000	10000	0	0.5	300	0
531	-0.00826936658104999	-0.00826936658104999	0	0.185	0.215	-0.00826936658104999	-0.00826936658104999	NoCorrection	300	A16	C2	10000	10000	0	0.5	300	0
532	-0.00844879926010001	-0.00844879926010001	0	0.189	0.218	-0.00844879926010001	-0.00844879926010001	ID	300	A16	C2	10000	10000	0	0.5	300	0
533	0.00203151164349999	0.00203151164349997	0	0.724	0.732	0.00203151164349999	0.00203151164349997	1	300	A16	C2	10000	10000	0	0.5	300	0.01
534	0.00201798076475026	0.00201798076475024	0	0.721	0.739	0.00201798076475026	0.00201798076475024	FGr	300	A16	C2	10000	10000	0	0.5	300	0.01
535	0.00202355120810011	0.00202355120810011	0	0.733	0.743	0.00202355120810011	0.00202355120810011	NoCorrection	300	A16	C2	10000	10000	0	0.5	300	0.01
536	0.00211964515202993	0.00211964515202995	0	0.71	0.715	0.00211964515202993	0.00211964515202995	ID	300	A16	C2	10000	10000	0	0.5	300	0.01
537	-0.0033001408253	-0.00330014082530002	0	0.597	0.61	-0.0033001408253	-0.00330014082530002	1	300	A16	C2	10000	10000	0	0.5	300	0.03
538	-0.003132633681475	-0.00313263368147501	0	0.609	0.633	-0.003132633681475	-0.00313263368147501	FGr	300	A16	C2	10000	10000	0	0.5	300	0.03
539	-0.00310720720683	-0.00310720720682999	0	0.643	0.645	-0.00310720720683	-0.00310720720682999	NoCorrection	300	A16	C2	10000	10000	0	0.5	300	0.03
540	-0.003392712694765	-0.00339271269476499	0	0.633	0.611	-0.003392712694765	-0.00339271269476499	ID	300	A16	C2	10000	10000	0	0.5	300	0.03
541	0.0100720979239501	0.0100720979239501	0	0.123	0.123	0.0100720979239501	0.0100720979239501	1	300	A16	C2	10000	10000	0	0.5	300	0.1
542	0.0109197517028002	0.0109197517028002	0	0.101	0.089	0.0109197517028002	0.0109197517028002	FGr	300	A16	C2	10000	10000	0	0.5	300	0.1
543	0.01091240577275	0.01091240577275	0	0.101	0.107	0.01091240577275	0.01091240577275	NoCorrection	300	A16	C2	10000	10000	0	0.5	300	0.1
544	0.00961572998396998	0.00961572998396997	0	0.124	0.143	0.00961572998396998	0.00961572998396997	ID	300	A16	C2	10000	10000	0	0.5	300	0.1
545	-0.00731461158982004	-0.00101795387999997	0	0.229	0.916	-0.00731461158982004	-0.00101795387999997	1	1000	A16	C2	10000	10000	0	0.5	300	0
546	-0.00730456737340995	-0.000557652920000064	0	0.215	0.964	-0.00730456737340995	-0.000557652920000064	FGr	1000	A16	C2	10000	10000	0	0.5	300	0
547	-0.00724915474626001	-0.000524267509999966	0	0.237	0.955	-0.00724915474626001	-0.000524267509999966	NoCorrection	1000	A16	C2	10000	10000	0	0.5	300	0
548	-0.00729770380548996	-0.00179228352499988	0	0.26	0.871	-0.00729770380548996	-0.00179228352499988	ID	1000	A16	C2	10000	10000	0	0.5	300	0
549	-0.00137052808093501	-0.00425004709499999	0	0.813	0.699	-0.00137052808093501	-0.00425004709499999	1	1000	A16	C2	10000	10000	0	0.5	300	0.01
550	-0.001410149769845	-0.00375043327000032	0	0.837	0.708	-0.001410149769845	-0.00375043327000032	FGr	1000	A16	C2	10000	10000	0	0.5	300	0.01
551	-0.00139189349466451	-0.00394329037999972	0	0.85	0.734	-0.00139189349466451	-0.00394329037999972	NoCorrection	1000	A16	C2	10000	10000	0	0.5	300	0.01
552	-0.00141668896238999	-0.00467020813500017	0	0.851	0.682	-0.00141668896238999	-0.00467020813500017	ID	1000	A16	C2	10000	10000	0	0.5	300	0.01
553	-0.00212179471484994	-0.00544931277499936	0	0.724	0.549	-0.00212179471484994	-0.00544931277499936	1	1000	A16	C2	10000	10000	0	0.5	300	0.03
554	-0.00211818291613993	-0.00510832739499988	0	0.726	0.555	-0.00211818291613993	-0.00510832739499988	FGr	1000	A16	C2	10000	10000	0	0.5	300	0.03
555	-0.0021974822664699	-0.00623279850000009	0	0.713	0.563	-0.0021974822664699	-0.00623279850000009	NoCorrection	1000	A16	C2	10000	10000	0	0.5	300	0.03
556	-0.00214708272458003	-0.00605907654999978	0	0.719	0.523	-0.00214708272458003	-0.00605907654999978	ID	1000	A16	C2	10000	10000	0	0.5	300	0.03
557	0.00203126374270001	0.0108121883200001	0	0.78	0.272	0.00203126374270001	0.0108121883200001	1	1000	A16	C2	10000	10000	0	0.5	300	0.1
558	0.00182620540406	0.00808767228500002	0	0.8	0.478	0.00182620540406	0.00808767228500002	FGr	1000	A16	C2	10000	10000	0	0.5	300	0.1
559	0.00183935159958	0.00683658934499994	0	0.803	0.526	0.00183935159958	0.00683658934499994	NoCorrection	1000	A16	C2	10000	10000	0	0.5	300	0.1
560	0.00199833592115001	0.0100062376499999	0	0.746	0.316	0.00199833592115001	0.0100062376499999	ID	1000	A16	C2	10000	10000	0	0.5	300	0.1
561	0.00275519633849998	0.019078049115	0	0.611	0.165	0.00275519633849998	0.019078049115	1	10000	A16	C2	10000	10000	0	0.5	300	0
562	0.00314656992109999	0.01135889507	0	0.56	0.439	0.00314656992109999	0.01135889507	FGr	10000	A16	C2	10000	10000	0	0.5	300	0
563	0.00316112146785	0.0124210762350001	0	0.563	0.378	0.00316112146785	0.0124210762350001	NoCorrection	10000	A16	C2	10000	10000	0	0.5	300	0
564	0.00273387580675	0.01887181765	0	0.594	0.185	0.00273387580675	0.01887181765	ID	10000	A16	C2	10000	10000	0	0.5	300	0
565	-0.00308077375002	-0.0142694523	0	0.606	0.309	-0.00308077375002	-0.0142694523	1	10000	A16	C2	10000	10000	0	0.5	300	0.01
566	-0.00241980712539999	-0.0028642618350003	0	0.666	0.843	-0.00241980712539999	-0.0028642618350003	FGr	10000	A16	C2	10000	10000	0	0.5	300	0.01
567	-0.00242733557125002	-0.0013049563249998	0	0.678	0.937	-0.00242733557125002	-0.0013049563249998	NoCorrection	10000	A16	C2	10000	10000	0	0.5	300	0.01
568	-0.00311090055716996	-0.0144611433050001	0	0.577	0.345	-0.00311090055716996	-0.0144611433050001	ID	10000	A16	C2	10000	10000	0	0.5	300	0.01
569	-0.00134017885510002	0.00819834638999975	0	0.817	0.569	-0.00134017885510002	0.00819834638999975	1	10000	A16	C2	10000	10000	0	0.5	300	0.03
570	-0.00113667482039505	0.00961152488000008	0	0.832	0.476	-0.00113667482039505	0.00961152488000008	FGr	10000	A16	C2	10000	10000	0	0.5	300	0.03
571	-0.00112206319277	0.00913798466499995	0	0.832	0.508	-0.00112206319277	0.00913798466499995	NoCorrection	10000	A16	C2	10000	10000	0	0.5	300	0.03
572	-0.00146775189523002	0.00925146169999973	0	0.798	0.514	-0.00146775189523002	0.00925146169999973	ID	10000	A16	C2	10000	10000	0	0.5	300	0.03
573	0.00776413125747503	0.00100126463500005	0	0.188	0.939	0.00776413125747503	0.00100126463500005	1	10000	A16	C2	10000	10000	0	0.5	300	0.1
574	0.009025980098355	-0.00677194031999989	0	0.186	0.657	0.009025980098355	-0.00677194031999989	FGr	10000	A16	C2	10000	10000	0	0.5	300	0.1
575	0.00902289756488991	-0.00676800138499997	0	0.194	0.666	0.00902289756488991	-0.00676800138499997	NoCorrection	10000	A16	C2	10000	10000	0	0.5	300	0.1
576	0.00770743749510496	-0.00159419606000014	0	0.208	0.945	0.00770743749510496	-0.00159419606000014	ID	10000	A16	C2	10000	10000	0	0.5	300	0.1
