	c-q	nc-q	true-q	c-p	nc-p	c-bias	nc-bias	type	L	rep	config	gwas_size	test_size	h2	ts	num_causal	env
1	-0.00854926744	-0.00854926743999999	0	0.827	0.829	-0.00854926744	-0.00854926743999999	1	300	A13	C1	1000	100	0	0.5	300	0
2	-0.020210419105	-0.020210419105	0	0.646	0.63	-0.020210419105	-0.020210419105	FGr	300	A13	C1	1000	100	0	0.5	300	0
3	-0.027504465848	-0.027504465848	0	0.469	0.47	-0.027504465848	-0.027504465848	NoCorrection	300	A13	C1	1000	100	0	0.5	300	0
4	-0.02514598949	-0.02514598949	0	0.534	0.519	-0.02514598949	-0.02514598949	ID	300	A13	C1	1000	100	0	0.5	300	0
5	0.032177441845	0.032177441845	0	0.373	0.381	0.032177441845	0.032177441845	1	300	A13	C1	1000	100	0	0.5	300	0.01
6	0.02553801766	0.02553801766	0	0.458	0.487	0.02553801766	0.02553801766	FGr	300	A13	C1	1000	100	0	0.5	300	0.01
7	0.02409742251	0.02409742251	0	0.518	0.496	0.02409742251	0.02409742251	NoCorrection	300	A13	C1	1000	100	0	0.5	300	0.01
8	0.022965457455	0.022965457455	0	0.538	0.542	0.022965457455	0.022965457455	ID	300	A13	C1	1000	100	0	0.5	300	0.01
9	0.07538076667	0.07538076667	0	0.043	0.05	0.07538076667	0.07538076667	1	300	A13	C1	1000	100	0	0.5	300	0.03
10	0.052397614855	0.052397614855	0	0.179	0.171	0.052397614855	0.052397614855	FGr	300	A13	C1	1000	100	0	0.5	300	0.03
11	0.057311351845	0.057311351845	0	0.131	0.161	0.057311351845	0.057311351845	NoCorrection	300	A13	C1	1000	100	0	0.5	300	0.03
12	0.054053488445	0.054053488445	0	0.184	0.172	0.054053488445	0.054053488445	ID	300	A13	C1	1000	100	0	0.5	300	0.03
13	0.03382923769	0.03382923769	0	0.36	0.373	0.03382923769	0.03382923769	1	300	A13	C1	1000	100	0	0.5	300	0.1
14	0.086587572886	0.086587572886	0	0.031	0.012	0.086587572886	0.086587572886	FGr	300	A13	C1	1000	100	0	0.5	300	0.1
15	0.10260994882	0.10260994882	0	0.01	0.004	0.10260994882	0.10260994882	NoCorrection	300	A13	C1	1000	100	0	0.5	300	0.1
16	0.053718111525	0.053718111525	0	0.15	0.174	0.053718111525	0.053718111525	ID	300	A13	C1	1000	100	0	0.5	300	0.1
17	0.0170098287839999	-0.0652823009999999	0	0.672	0.34	0.0170098287839999	-0.0652823009999999	1	1000	A13	C1	1000	100	0	0.5	300	0
18	0.00612058752500006	-0.0902593815	0	0.866	0.173	0.00612058752500006	-0.0902593815	FGr	1000	A13	C1	1000	100	0	0.5	300	0
19	-0.000930654829999957	-0.1106756905	0	0.984	0.091	-0.000930654829999957	-0.1106756905	NoCorrection	1000	A13	C1	1000	100	0	0.5	300	0
20	0.019604743055	-0.0553961354999999	0	0.626	0.396	0.019604743055	-0.0553961354999999	ID	1000	A13	C1	1000	100	0	0.5	300	0
21	-0.01662201673	-0.00464897099999988	0	0.687	0.957	-0.01662201673	-0.00464897099999988	1	1000	A13	C1	1000	100	0	0.5	300	0.01
22	0.01463991672	0.0683057214999999	0	0.745	0.333	0.01463991672	0.0683057214999999	FGr	1000	A13	C1	1000	100	0	0.5	300	0.01
23	0.00874011998	0.056763529	0	0.812	0.375	0.00874011998	0.056763529	NoCorrection	1000	A13	C1	1000	100	0	0.5	300	0.01
24	-0.00529195664999996	0.0177331304999999	0	0.898	0.802	-0.00529195664999996	0.0177331304999999	ID	1000	A13	C1	1000	100	0	0.5	300	0.01
25	0.02086234518	0.00992097000000001	0	0.655	0.885	0.02086234518	0.00992097000000001	1	1000	A13	C1	1000	100	0	0.5	300	0.03
26	0.03347594375	0.031338311	0	0.448	0.643	0.03347594375	0.031338311	FGr	1000	A13	C1	1000	100	0	0.5	300	0.03
27	0.067131475675	0.1015232295	0	0.162	0.145	0.067131475675	0.1015232295	NoCorrection	1000	A13	C1	1000	100	0	0.5	300	0.03
28	0.0214874469825	0.00708274450000004	0	0.628	0.895	0.0214874469825	0.00708274450000004	ID	1000	A13	C1	1000	100	0	0.5	300	0.03
29	0.014668677915	-0.026000514	0	0.724	0.674	0.014668677915	-0.026000514	1	1000	A13	C1	1000	100	0	0.5	300	0.1
30	0.02518190538	-0.0127381075	0	0.518	0.823	0.02518190538	-0.0127381075	FGr	1000	A13	C1	1000	100	0	0.5	300	0.1
31	0.047749787775	0.045245324	0	0.262	0.452	0.047749787775	0.045245324	NoCorrection	1000	A13	C1	1000	100	0	0.5	300	0.1
32	0.00869799803779999	-0.0419753255	0	0.833	0.476	0.00869799803779999	-0.0419753255	ID	1000	A13	C1	1000	100	0	0.5	300	0.1
33	-0.074709363355	-0.052634395	0	0.124	0.639	-0.074709363355	-0.052634395	1	10000	A13	C1	1000	100	0	0.5	300	0
34	-0.0868341952615	-0.1464621305	0	0.05	0.163	-0.0868341952615	-0.1464621305	FGr	10000	A13	C1	1000	100	0	0.5	300	0
35	-0.11356732132	-0.289426465	0	0.014	0.007	-0.11356732132	-0.289426465	NoCorrection	10000	A13	C1	1000	100	0	0.5	300	0
36	-0.07196181434	-0.036771295	0	0.126	0.731	-0.07196181434	-0.036771295	ID	10000	A13	C1	1000	100	0	0.5	300	0
37	-0.024326129595	-0.11548492	0	0.584	0.296	-0.024326129595	-0.11548492	1	10000	A13	C1	1000	100	0	0.5	300	0.01
38	-0.02830904699	-0.113154243	0	0.526	0.299	-0.02830904699	-0.113154243	FGr	10000	A13	C1	1000	100	0	0.5	300	0.01
39	-0.09154904028	-0.47697027	0	0.039	0	-0.09154904028	-0.47697027	NoCorrection	10000	A13	C1	1000	100	0	0.5	300	0.01
40	-0.027734512364	-0.117856735	0	0.522	0.281	-0.027734512364	-0.117856735	ID	10000	A13	C1	1000	100	0	0.5	300	0.01
41	0.035762541	0.075952851	0	0.365	0.436	0.035762541	0.075952851	1	10000	A13	C1	1000	100	0	0.5	300	0.03
42	0.0522138590845	0.1361992095	0	0.168	0.163	0.0522138590845	0.1361992095	FGr	10000	A13	C1	1000	100	0	0.5	300	0.03
43	0.00029285116499999	-0.157295441	0	0.992	0.116	0.00029285116499999	-0.157295441	NoCorrection	10000	A13	C1	1000	100	0	0.5	300	0.03
44	0.03540599505	0.080268165	0	0.343	0.423	0.03540599505	0.080268165	ID	10000	A13	C1	1000	100	0	0.5	300	0.03
45	-0.00783379173499999	0.072752909	0	0.853	0.437	-0.00783379173499999	0.072752909	1	10000	A13	C1	1000	100	0	0.5	300	0.1
46	-0.000523280044999996	0.098585874	0	0.988	0.307	-0.000523280044999996	0.098585874	FGr	10000	A13	C1	1000	100	0	0.5	300	0.1
47	0.02491000835	0.2122520265	0	0.543	0.023	0.02491000835	0.2122520265	NoCorrection	10000	A13	C1	1000	100	0	0.5	300	0.1
48	-0.00490016731250001	0.077194661	0	0.911	0.448	-0.00490016731250001	0.077194661	ID	10000	A13	C1	1000	100	0	0.5	300	0.1
49	0.01274337935375	0.01274337935375	0	0.7	0.676	0.01274337935375	0.01274337935375	1	300	A13	C1	1000	1000	0	0.5	300	0
50	0.00290306655499989	0.00290306655499993	0	0.916	0.927	0.00290306655499989	0.00290306655499993	FGr	300	A13	C1	1000	1000	0	0.5	300	0
51	0.0162080575695	0.0162080575694999	0	0.598	0.579	0.0162080575695	0.0162080575694999	NoCorrection	300	A13	C1	1000	1000	0	0.5	300	0
52	0.0118500615769999	0.011850061577	0	0.712	0.703	0.0118500615769999	0.011850061577	ID	300	A13	C1	1000	1000	0	0.5	300	0
53	0.0540338040925	0.0540338040925	0	0.043	0.044	0.0540338040925	0.0540338040925	1	300	A13	C1	1000	1000	0	0.5	300	0.01
54	0.032152484062	0.032152484062	0	0.214	0.231	0.032152484062	0.032152484062	FGr	300	A13	C1	1000	1000	0	0.5	300	0.01
55	0.02780882172475	0.02780882172475	0	0.298	0.279	0.02780882172475	0.02780882172475	NoCorrection	300	A13	C1	1000	1000	0	0.5	300	0.01
56	0.0422334720630001	0.042233472063	0	0.109	0.114	0.0422334720630001	0.042233472063	ID	300	A13	C1	1000	1000	0	0.5	300	0.01
57	-0.0148376725345	-0.0148376725345	0	0.587	0.6	-0.0148376725345	-0.0148376725345	1	300	A13	C1	1000	1000	0	0.5	300	0.03
58	-0.0565368211295	-0.0565368211295	0	0.045	0.055	-0.0565368211295	-0.0565368211295	FGr	300	A13	C1	1000	1000	0	0.5	300	0.03
59	-0.050307621063	-0.050307621063	0	0.07	0.085	-0.050307621063	-0.050307621063	NoCorrection	300	A13	C1	1000	1000	0	0.5	300	0.03
60	-0.051140049089	-0.051140049089	0	0.077	0.083	-0.051140049089	-0.051140049089	ID	300	A13	C1	1000	1000	0	0.5	300	0.03
61	0.02671041154965	0.0267104115496499	0	0.369	0.347	0.02671041154965	0.0267104115496499	1	300	A13	C1	1000	1000	0	0.5	300	0.1
62	0.0300337353239998	0.0300337353239998	0	0.284	0.282	0.0300337353239998	0.0300337353239998	FGr	300	A13	C1	1000	1000	0	0.5	300	0.1
63	0.062100119794	0.0621001197940001	0	0.028	0.026	0.062100119794	0.0621001197940001	NoCorrection	300	A13	C1	1000	1000	0	0.5	300	0.1
64	0.0215016544040002	0.0215016544040001	0	0.442	0.466	0.0215016544040002	0.0215016544040001	ID	300	A13	C1	1000	1000	0	0.5	300	0.1
65	0.0116132038039	-0.0366069538	0	0.624	0.416	0.0116132038039	-0.0366069538	1	1000	A13	C1	1000	1000	0	0.5	300	0
66	0.00583204294700006	-0.0368751152	0	0.812	0.404	0.00583204294700006	-0.0368751152	FGr	1000	A13	C1	1000	1000	0	0.5	300	0
67	-0.0251880025224997	-0.17038319035	0	0.317	0	-0.0251880025224997	-0.17038319035	NoCorrection	1000	A13	C1	1000	1000	0	0.5	300	0
68	0.00554038264760008	-0.04598588465	0	0.821	0.266	0.00554038264760008	-0.04598588465	ID	1000	A13	C1	1000	1000	0	0.5	300	0
69	-0.034084584628	-0.0202772225	0	0.2	0.667	-0.034084584628	-0.0202772225	1	1000	A13	C1	1000	1000	0	0.5	300	0.01
70	-0.019402268087	0.0303921598000001	0	0.48	0.514	-0.019402268087	0.0303921598000001	FGr	1000	A13	C1	1000	1000	0	0.5	300	0.01
71	-0.0087905872655	0.0749625848	0	0.726	0.093	-0.0087905872655	0.0749625848	NoCorrection	1000	A13	C1	1000	1000	0	0.5	300	0.01
72	-0.0303426326635	-0.00302414204999992	0	0.254	0.932	-0.0303426326635	-0.00302414204999992	ID	1000	A13	C1	1000	1000	0	0.5	300	0.01
73	-0.023901951085	0.0198084355000001	0	0.365	0.709	-0.023901951085	0.0198084355000001	1	1000	A13	C1	1000	1000	0	0.5	300	0.03
74	-0.0164354142276	0.04961768155	0	0.554	0.337	-0.0164354142276	0.04961768155	FGr	1000	A13	C1	1000	1000	0	0.5	300	0.03
75	-0.0054566764100001	0.0777028062	0	0.846	0.123	-0.0054566764100001	0.0777028062	NoCorrection	1000	A13	C1	1000	1000	0	0.5	300	0.03
76	-0.020844339643	0.02982309605	0	0.481	0.595	-0.020844339643	0.02982309605	ID	1000	A13	C1	1000	1000	0	0.5	300	0.03
77	0.0134818545485001	-0.00979947279999998	0	0.599	0.815	0.0134818545485001	-0.00979947279999998	1	1000	A13	C1	1000	1000	0	0.5	300	0.1
78	0.00931461126649998	-0.0181838535500003	0	0.744	0.685	0.00931461126649998	-0.0181838535500003	FGr	1000	A13	C1	1000	1000	0	0.5	300	0.1
79	0.015777086206	0.00286226309999997	0	0.53	0.943	0.015777086206	0.00286226309999997	NoCorrection	1000	A13	C1	1000	1000	0	0.5	300	0.1
80	0.00222037092800007	-0.0442483883500001	0	0.933	0.357	0.00222037092800007	-0.0442483883500001	ID	1000	A13	C1	1000	1000	0	0.5	300	0.1
81	-0.0224302132410001	-0.1377034277	0	0.438	0.077	-0.0224302132410001	-0.1377034277	1	10000	A13	C1	1000	1000	0	0.5	300	0
82	-0.0132192804289998	-0.0745748778999999	0	0.643	0.313	-0.0132192804289998	-0.0745748778999999	FGr	10000	A13	C1	1000	1000	0	0.5	300	0
83	0.000262645950000026	-8.69080000000371e-05	0	0.989	0.998	0.000262645950000026	-8.69080000000371e-05	NoCorrection	10000	A13	C1	1000	1000	0	0.5	300	0
84	-0.021359321559	-0.135149386	0	0.444	0.073	-0.021359321559	-0.135149386	ID	10000	A13	C1	1000	1000	0	0.5	300	0
85	-0.017837908182	-0.0904073214499994	0	0.54	0.191	-0.017837908182	-0.0904073214499994	1	10000	A13	C1	1000	1000	0	0.5	300	0.01
86	-0.0265420367865	-0.1242900876	0	0.371	0.085	-0.0265420367865	-0.1242900876	FGr	10000	A13	C1	1000	1000	0	0.5	300	0.01
87	-0.00647659285170003	-0.0242303444499999	0	0.831	0.731	-0.00647659285170003	-0.0242303444499999	NoCorrection	10000	A13	C1	1000	1000	0	0.5	300	0.01
88	-0.022696120795	-0.1047463514	0	0.442	0.146	-0.022696120795	-0.1047463514	ID	10000	A13	C1	1000	1000	0	0.5	300	0.01
89	0.0632411647645001	0.07356532985	0	0.022	0.317	0.0632411647645001	0.07356532985	1	10000	A13	C1	1000	1000	0	0.5	300	0.03
90	0.0618706701910002	0.04249198035	0	0.03	0.548	0.0618706701910002	0.04249198035	FGr	10000	A13	C1	1000	1000	0	0.5	300	0.03
91	0.0783973422499998	0.20281673995	0	0.002	0.005	0.0783973422499998	0.20281673995	NoCorrection	10000	A13	C1	1000	1000	0	0.5	300	0.03
92	0.0660240654070001	0.091346131	0	0.025	0.213	0.0660240654070001	0.091346131	ID	10000	A13	C1	1000	1000	0	0.5	300	0.03
93	-0.0134623070595	0.0408824678999998	0	0.6	0.583	-0.0134623070595	0.0408824678999998	1	10000	A13	C1	1000	1000	0	0.5	300	0.1
94	-0.0152780292985001	0.04921570475	0	0.561	0.478	-0.0152780292985001	0.04921570475	FGr	10000	A13	C1	1000	1000	0	0.5	300	0.1
95	0.048668342648	0.347897894500001	0	0.067	0	0.048668342648	0.347897894500001	NoCorrection	10000	A13	C1	1000	1000	0	0.5	300	0.1
96	-0.0154730193573	0.0333970223999992	0	0.55	0.647	-0.0154730193573	0.0333970223999992	ID	10000	A13	C1	1000	1000	0	0.5	300	0.1
97	0.0673995925703996	0.0673995925703997	0	0.025	0.02	0.0673995925703996	0.0673995925703997	1	300	A13	C1	1000	10000	0	0.5	300	0
98	0.0892309547437996	0.0892309547437995	0	0.001	0.002	0.0892309547437996	0.0892309547437995	FGr	300	A13	C1	1000	10000	0	0.5	300	0
99	0.1017883886181	0.1017883886181	0	0	0	0.1017883886181	0.1017883886181	NoCorrection	300	A13	C1	1000	10000	0	0.5	300	0
100	0.04761667946427	0.04761667946427	0	0.085	0.098	0.04761667946427	0.04761667946427	ID	300	A13	C1	1000	10000	0	0.5	300	0
101	0.00291098533029997	0.00291098533029996	0	0.922	0.911	0.00291098533029997	0.00291098533029996	1	300	A13	C1	1000	10000	0	0.5	300	0.01
102	-0.0257347026391001	-0.0257347026391001	0	0.328	0.342	-0.0257347026391001	-0.0257347026391001	FGr	300	A13	C1	1000	10000	0	0.5	300	0.01
103	0.00633244852799989	0.00633244852799988	0	0.81	0.826	0.00633244852799989	0.00633244852799988	NoCorrection	300	A13	C1	1000	10000	0	0.5	300	0.01
104	-0.00294904094529996	-0.00294904094529994	0	0.907	0.913	-0.00294904094529996	-0.00294904094529994	ID	300	A13	C1	1000	10000	0	0.5	300	0.01
105	0.00694571031925005	0.00694571031925004	0	0.816	0.827	0.00694571031925005	0.00694571031925004	1	300	A13	C1	1000	10000	0	0.5	300	0.03
106	0.0339312188115	0.0339312188115	0	0.249	0.252	0.0339312188115	0.0339312188115	FGr	300	A13	C1	1000	10000	0	0.5	300	0.03
107	0.055260569091	0.055260569091	0	0.067	0.071	0.055260569091	0.055260569091	NoCorrection	300	A13	C1	1000	10000	0	0.5	300	0.03
108	0.0100524118935001	0.0100524118935001	0	0.777	0.737	0.0100524118935001	0.0100524118935001	ID	300	A13	C1	1000	10000	0	0.5	300	0.03
109	0.03343936649885	0.0334393664988501	0	0.187	0.148	0.03343936649885	0.0334393664988501	1	300	A13	C1	1000	10000	0	0.5	300	0.1
110	0.0716911583014501	0.0716911583014501	0	0.004	0.006	0.0716911583014501	0.0716911583014501	FGr	300	A13	C1	1000	10000	0	0.5	300	0.1
111	0.0849449518419999	0.0849449518419999	0	0.001	0	0.0849449518419999	0.0849449518419999	NoCorrection	300	A13	C1	1000	10000	0	0.5	300	0.1
112	0.0530118468983001	0.0530118468983001	0	0.025	0.026	0.0530118468983001	0.0530118468983001	ID	300	A13	C1	1000	10000	0	0.5	300	0.1
113	0.00602074258040006	0.0623698701999998	0	0.819	0.147	0.00602074258040006	0.0623698701999998	1	1000	A13	C1	1000	10000	0	0.5	300	0
114	-0.00840372857100072	0.00602868224500039	0	0.729	0.885	-0.00840372857100072	0.00602868224500039	FGr	1000	A13	C1	1000	10000	0	0.5	300	0
115	-0.0207058108425196	-0.027298137	0	0.383	0.525	-0.0207058108425196	-0.027298137	NoCorrection	1000	A13	C1	1000	10000	0	0.5	300	0
116	0.0138422521603496	0.0833582661999996	0	0.584	0.044	0.0138422521603496	0.0833582661999996	ID	1000	A13	C1	1000	10000	0	0.5	300	0
117	0.00871458372959976	0.0294733585899997	0	0.706	0.44	0.00871458372959976	0.0294733585899997	1	1000	A13	C1	1000	10000	0	0.5	300	0.01
118	-0.00324359717265008	-0.0043203426	0	0.895	0.913	-0.00324359717265008	-0.0043203426	FGr	1000	A13	C1	1000	10000	0	0.5	300	0.01
119	0.01229166985825	0.0355769325950001	0	0.607	0.345	0.01229166985825	0.0355769325950001	NoCorrection	1000	A13	C1	1000	10000	0	0.5	300	0.01
120	-0.00223928976292551	0.00117664918500003	0	0.903	0.984	-0.00223928976292551	0.00117664918500003	ID	1000	A13	C1	1000	10000	0	0.5	300	0.01
121	0.00291092724981988	-0.0119805297300002	0	0.893	0.798	0.00291092724981988	-0.0119805297300002	1	1000	A13	C1	1000	10000	0	0.5	300	0.03
122	-0.0125301005195997	-0.0574556342450004	0	0.597	0.188	-0.0125301005195997	-0.0574556342450004	FGr	1000	A13	C1	1000	10000	0	0.5	300	0.03
123	0.00556613339474989	-0.00898578576500036	0	0.826	0.838	0.00556613339474989	-0.00898578576500036	NoCorrection	1000	A13	C1	1000	10000	0	0.5	300	0.03
124	-0.00600184195559993	-0.0376565162750001	0	0.815	0.393	-0.00600184195559993	-0.0376565162750001	ID	1000	A13	C1	1000	10000	0	0.5	300	0.03
125	0.0183445318875494	0.00258005836500184	0	0.464	0.955	0.0183445318875494	0.00258005836500184	1	1000	A13	C1	1000	10000	0	0.5	300	0.1
126	0.0308641779197996	0.0274648461200001	0	0.211	0.545	0.0308641779197996	0.0274648461200001	FGr	1000	A13	C1	1000	10000	0	0.5	300	0.1
127	0.0446365898524998	0.0558002446349982	0	0.076	0.193	0.0446365898524998	0.0558002446349982	NoCorrection	1000	A13	C1	1000	10000	0	0.5	300	0.1
128	0.0108251125549999	-0.019023711269998	0	0.69	0.65	0.0108251125549999	-0.019023711269998	ID	1000	A13	C1	1000	10000	0	0.5	300	0.1
129	0.00783496698559999	-0.0276540378799998	0	0.754	0.644	0.00783496698559999	-0.0276540378799998	1	10000	A13	C1	1000	10000	0	0.5	300	0
130	0.0118051048133	0.00294822305999941	0	0.635	0.97	0.0118051048133	0.00294822305999941	FGr	10000	A13	C1	1000	10000	0	0.5	300	0
131	0.00621994338846999	-0.033791349985	0	0.813	0.583	0.00621994338846999	-0.033791349985	NoCorrection	10000	A13	C1	1000	10000	0	0.5	300	0
132	0.00577082311114999	-0.0412654851400001	0	0.821	0.492	0.00577082311114999	-0.0412654851400001	ID	10000	A13	C1	1000	10000	0	0.5	300	0
133	0.0811405804734001	-0.0049620829099996	0	0.007	0.948	0.0811405804734001	-0.0049620829099996	1	10000	A13	C1	1000	10000	0	0.5	300	0.01
134	0.0816276088720997	-0.0017836088699997	0	0.004	0.979	0.0816276088720997	-0.0017836088699997	FGr	10000	A13	C1	1000	10000	0	0.5	300	0.01
135	0.0791197092175001	-0.00663977113000017	0	0.002	0.924	0.0791197092175001	-0.00663977113000017	NoCorrection	10000	A13	C1	1000	10000	0	0.5	300	0.01
136	0.08242677128416	-0.00108119968999974	0	0.006	0.985	0.08242677128416	-0.00108119968999974	ID	10000	A13	C1	1000	10000	0	0.5	300	0.01
137	0.00124619509405002	0.00824805823000006	0	0.971	0.904	0.00124619509405002	0.00824805823000006	1	10000	A13	C1	1000	10000	0	0.5	300	0.03
138	-0.00612173514189996	-0.021624685445	0	0.862	0.745	-0.00612173514189996	-0.021624685445	FGr	10000	A13	C1	1000	10000	0	0.5	300	0.03
139	0.00691764868750002	0.04353555707	0	0.822	0.477	0.00691764868750002	0.04353555707	NoCorrection	10000	A13	C1	1000	10000	0	0.5	300	0.03
140	-0.0052368055022499	-0.0169060408099998	0	0.862	0.807	-0.0052368055022499	-0.0169060408099998	ID	10000	A13	C1	1000	10000	0	0.5	300	0.03
141	-0.0165661619019502	0.0593754301500002	0	0.52	0.357	-0.0165661619019502	0.0593754301500002	1	10000	A13	C1	1000	10000	0	0.5	300	0.1
142	-0.0217917172888	0.0419055638600005	0	0.406	0.506	-0.0217917172888	0.0419055638600005	FGr	10000	A13	C1	1000	10000	0	0.5	300	0.1
143	0.0462709995356502	0.35515343334	0	0.069	0	0.0462709995356502	0.35515343334	NoCorrection	10000	A13	C1	1000	10000	0	0.5	300	0.1
144	-0.0177016554711903	0.0653968718549999	0	0.487	0.323	-0.0177016554711903	0.0653968718549999	ID	10000	A13	C1	1000	10000	0	0.5	300	0.1
145	-0.000568111434999978	-0.000568111435	0	0.963	0.957	-0.000568111434999978	-0.000568111435	1	300	A13	C1	10000	100	0	0.5	300	0
146	0.016891538171	0.016891538171	0	0.154	0.14	0.016891538171	0.016891538171	FGr	300	A13	C1	10000	100	0	0.5	300	0
147	0.0109768875525	0.0109768875525	0	0.322	0.317	0.0109768875525	0.0109768875525	NoCorrection	300	A13	C1	10000	100	0	0.5	300	0
148	0.00729599155962	0.00729599155961999	0	0.508	0.545	0.00729599155962	0.00729599155961999	ID	300	A13	C1	10000	100	0	0.5	300	0
149	-0.019642390252	-0.019642390252	0	0.128	0.145	-0.019642390252	-0.019642390252	1	300	A13	C1	10000	100	0	0.5	300	0.01
150	-0.025746210175	-0.025746210175	0	0.059	0.042	-0.025746210175	-0.025746210175	FGr	300	A13	C1	10000	100	0	0.5	300	0.01
151	-0.020099266009	-0.020099266009	0	0.122	0.104	-0.020099266009	-0.020099266009	NoCorrection	300	A13	C1	10000	100	0	0.5	300	0.01
152	-0.02746797553975	-0.02746797553975	0	0.03	0.035	-0.02746797553975	-0.02746797553975	ID	300	A13	C1	10000	100	0	0.5	300	0.01
153	0.00196902392850002	0.00196902392850001	0	0.871	0.883	0.00196902392850002	0.00196902392850001	1	300	A13	C1	10000	100	0	0.5	300	0.03
154	0.00631249802500001	0.00631249802500001	0	0.627	0.629	0.00631249802500001	0.00631249802500001	FGr	300	A13	C1	10000	100	0	0.5	300	0.03
155	0.00833498247999999	0.00833498248000002	0	0.519	0.506	0.00833498247999999	0.00833498248000002	NoCorrection	300	A13	C1	10000	100	0	0.5	300	0.03
156	0.000841110129999988	0.000841110129999992	0	0.942	0.948	0.000841110129999988	0.000841110129999992	ID	300	A13	C1	10000	100	0	0.5	300	0.03
157	0.00330031826440001	0.0033003182644	0	0.808	0.814	0.00330031826440001	0.0033003182644	1	300	A13	C1	10000	100	0	0.5	300	0.1
158	0.023070812405	0.023070812405	0	0.072	0.086	0.023070812405	0.023070812405	FGr	300	A13	C1	10000	100	0	0.5	300	0.1
159	0.0348225659635	0.0348225659635	0	0.008	0.005	0.0348225659635	0.0348225659635	NoCorrection	300	A13	C1	10000	100	0	0.5	300	0.1
160	-0.001189113775	-0.00118911377500001	0	0.933	0.946	-0.001189113775	-0.00118911377500001	ID	300	A13	C1	10000	100	0	0.5	300	0.1
161	-0.00274652382799999	0.006366808	0	0.852	0.747	-0.00274652382799999	0.006366808	1	1000	A13	C1	10000	100	0	0.5	300	0
162	-0.00611022703000001	-0.000169736000000002	0	0.649	0.992	-0.00611022703000001	-0.000169736000000002	FGr	1000	A13	C1	10000	100	0	0.5	300	0
163	-0.00260845321600002	0.008464453	0	0.865	0.679	-0.00260845321600002	0.008464453	NoCorrection	1000	A13	C1	10000	100	0	0.5	300	0
164	-0.00374060650000001	0.00432037700000002	0	0.785	0.829	-0.00374060650000001	0.00432037700000002	ID	1000	A13	C1	10000	100	0	0.5	300	0
165	-0.00860380233499999	-0.02416935	0	0.487	0.213	-0.00860380233499999	-0.02416935	1	1000	A13	C1	10000	100	0	0.5	300	0.01
166	0.00693234959850002	0.0216911565	0	0.581	0.253	0.00693234959850002	0.0216911565	FGr	1000	A13	C1	10000	100	0	0.5	300	0.01
167	0.00845444150799999	0.028696109	0	0.501	0.122	0.00845444150799999	0.028696109	NoCorrection	1000	A13	C1	10000	100	0	0.5	300	0.01
168	-0.00566638584499998	-0.0167734315	0	0.65	0.39	-0.00566638584499998	-0.0167734315	ID	1000	A13	C1	10000	100	0	0.5	300	0.01
169	0.00904957592999999	9.76064999999976e-05	0	0.531	0.997	0.00904957592999999	9.76064999999976e-05	1	1000	A13	C1	10000	100	0	0.5	300	0.03
170	0.01295275104	0.00966688249999999	0	0.352	0.63	0.01295275104	0.00966688249999999	FGr	1000	A13	C1	10000	100	0	0.5	300	0.03
171	0.01030201143	0.007320165	0	0.444	0.745	0.01030201143	0.007320165	NoCorrection	1000	A13	C1	10000	100	0	0.5	300	0.03
172	0.013285472178	0.00895653249999999	0	0.346	0.676	0.013285472178	0.00895653249999999	ID	1000	A13	C1	10000	100	0	0.5	300	0.03
173	0.000322515955000016	0.026163947	0	0.98	0.224	0.000322515955000016	0.026163947	1	1000	A13	C1	10000	100	0	0.5	300	0.1
174	0.016164404717	0.067879367	0	0.198	0.003	0.016164404717	0.067879367	FGr	1000	A13	C1	10000	100	0	0.5	300	0.1
175	0.038260421277	0.117083828	0	0.005	0	0.038260421277	0.117083828	NoCorrection	1000	A13	C1	10000	100	0	0.5	300	0.1
176	-0.00114030302000001	0.021599029	0	0.924	0.317	-0.00114030302000001	0.021599029	ID	1000	A13	C1	10000	100	0	0.5	300	0.1
177	0.0014554770685	0.00817684999999996	0	0.899	0.783	0.0014554770685	0.00817684999999996	1	10000	A13	C1	10000	100	0	0.5	300	0
178	-0.000723036640000009	-0.00503919450000002	0	0.946	0.879	-0.000723036640000009	-0.00503919450000002	FGr	10000	A13	C1	10000	100	0	0.5	300	0
179	-0.0012694738	-0.0101185195	0	0.914	0.752	-0.0012694738	-0.0101185195	NoCorrection	10000	A13	C1	10000	100	0	0.5	300	0
180	0.0012132197625	0.0044068445	0	0.911	0.884	0.0012132197625	0.0044068445	ID	10000	A13	C1	10000	100	0	0.5	300	0
181	0.016353017435	-0.00512164550000004	0	0.163	0.866	0.016353017435	-0.00512164550000004	1	10000	A13	C1	10000	100	0	0.5	300	0.01
182	0.0122055190575	-0.04195354	0	0.275	0.178	0.0122055190575	-0.04195354	FGr	10000	A13	C1	10000	100	0	0.5	300	0.01
183	0.01236092801625	-0.042365354	0	0.277	0.181	0.01236092801625	-0.042365354	NoCorrection	10000	A13	C1	10000	100	0	0.5	300	0.01
184	0.01697559118575	-0.0020580225	0	0.164	0.958	0.01697559118575	-0.0020580225	ID	10000	A13	C1	10000	100	0	0.5	300	0.01
185	0.00698319757	0.00663122249999999	0	0.59	0.843	0.00698319757	0.00663122249999999	1	10000	A13	C1	10000	100	0	0.5	300	0.03
186	0.009134635185	0.0270290945000001	0	0.462	0.405	0.009134635185	0.0270290945000001	FGr	10000	A13	C1	10000	100	0	0.5	300	0.03
187	0.013079351695	0.0524677685	0	0.294	0.078	0.013079351695	0.0524677685	NoCorrection	10000	A13	C1	10000	100	0	0.5	300	0.03
188	0.00755433388899999	0.00669073949999997	0	0.553	0.842	0.00755433388899999	0.00669073949999997	ID	10000	A13	C1	10000	100	0	0.5	300	0.03
189	0.004376470172	0.0467186095	0	0.765	0.121	0.004376470172	0.0467186095	1	10000	A13	C1	10000	100	0	0.5	300	0.1
190	0.00825306563	0.060801672	0	0.539	0.062	0.00825306563	0.060801672	FGr	10000	A13	C1	10000	100	0	0.5	300	0.1
191	0.0374356565	0.2420044305	0	0.008	0	0.0374356565	0.2420044305	NoCorrection	10000	A13	C1	10000	100	0	0.5	300	0.1
192	0.00422561760800002	0.0406293655	0	0.74	0.189	0.00422561760800002	0.0406293655	ID	10000	A13	C1	10000	100	0	0.5	300	0.1
193	0.009471314581	0.00947131458100001	0	0.29	0.28	0.009471314581	0.00947131458100001	1	300	A13	C1	10000	1000	0	0.5	300	0
194	0.0013644377875	0.0013644377875	0	0.882	0.883	0.0013644377875	0.0013644377875	FGr	300	A13	C1	10000	1000	0	0.5	300	0
195	0.0046948719773	0.0046948719773	0	0.572	0.567	0.0046948719773	0.0046948719773	NoCorrection	300	A13	C1	10000	1000	0	0.5	300	0
196	0.01041103101815	0.01041103101815	0	0.258	0.227	0.01041103101815	0.01041103101815	ID	300	A13	C1	10000	1000	0	0.5	300	0
197	0.00434200236569997	0.00434200236569997	0	0.614	0.623	0.00434200236569997	0.00434200236569997	1	300	A13	C1	10000	1000	0	0.5	300	0.01
198	0.00172767557680002	0.0017276755768	0	0.83	0.819	0.00172767557680002	0.0017276755768	FGr	300	A13	C1	10000	1000	0	0.5	300	0.01
199	0.00726532414750003	0.00726532414750003	0	0.411	0.358	0.00726532414750003	0.00726532414750003	NoCorrection	300	A13	C1	10000	1000	0	0.5	300	0.01
200	-0.00114499401650001	-0.00114499401650001	0	0.913	0.898	-0.00114499401650001	-0.00114499401650001	ID	300	A13	C1	10000	1000	0	0.5	300	0.01
201	-0.00409475227449997	-0.00409475227449997	0	0.666	0.675	-0.00409475227449997	-0.00409475227449997	1	300	A13	C1	10000	1000	0	0.5	300	0.03
202	0.00190498749600008	0.00190498749600008	0	0.853	0.831	0.00190498749600008	0.00190498749600008	FGr	300	A13	C1	10000	1000	0	0.5	300	0.03
203	0.015366375811	0.015366375811	0	0.112	0.113	0.015366375811	0.015366375811	NoCorrection	300	A13	C1	10000	1000	0	0.5	300	0.03
204	0.004166522056	0.00416652205599999	0	0.641	0.657	0.004166522056	0.00416652205599999	ID	300	A13	C1	10000	1000	0	0.5	300	0.03
205	-0.0023910543605	-0.0023910543605	0	0.771	0.768	-0.0023910543605	-0.0023910543605	1	300	A13	C1	10000	1000	0	0.5	300	0.1
206	0.0213637253359	0.0213637253359	0	0.011	0.016	0.0213637253359	0.0213637253359	FGr	300	A13	C1	10000	1000	0	0.5	300	0.1
207	0.0404933317575	0.0404933317575	0	0	0	0.0404933317575	0.0404933317575	NoCorrection	300	A13	C1	10000	1000	0	0.5	300	0.1
208	-0.00507586715049999	-0.0050758671505	0	0.533	0.538	-0.00507586715049999	-0.0050758671505	ID	300	A13	C1	10000	1000	0	0.5	300	0.1
209	0.005212439936	-8.25181500000141e-05	0	0.544	0.992	0.005212439936	-8.25181500000141e-05	1	1000	A13	C1	10000	1000	0	0.5	300	0
210	-0.00498292727314	-0.0243058509	0	0.593	0.068	-0.00498292727314	-0.0243058509	FGr	1000	A13	C1	10000	1000	0	0.5	300	0
211	-0.00835068056520001	-0.03396724365	0	0.326	0.017	-0.00835068056520001	-0.03396724365	NoCorrection	1000	A13	C1	10000	1000	0	0.5	300	0
212	0.0051368178085	-0.00057730995	0	0.568	0.966	0.0051368178085	-0.00057730995	ID	1000	A13	C1	10000	1000	0	0.5	300	0
213	0.007945033018	0.0101798395	0	0.46	0.506	0.007945033018	0.0101798395	1	1000	A13	C1	10000	1000	0	0.5	300	0.01
214	0.0115868510795	0.01742038495	0	0.226	0.264	0.0115868510795	0.01742038495	FGr	1000	A13	C1	10000	1000	0	0.5	300	0.01
215	0.0165378348264	0.0300479115	0	0.111	0.059	0.0165378348264	0.0300479115	NoCorrection	1000	A13	C1	10000	1000	0	0.5	300	0.01
216	0.00953348052449998	0.0137980354	0	0.345	0.365	0.00953348052449998	0.0137980354	ID	1000	A13	C1	10000	1000	0	0.5	300	0.01
217	0.0046892025168	-0.01761434185	0	0.531	0.184	0.0046892025168	-0.01761434185	1	1000	A13	C1	10000	1000	0	0.5	300	0.03
218	0.009887462886042	-0.00110649205000001	0	0.208	0.934	0.009887462886042	-0.00110649205000001	FGr	1000	A13	C1	10000	1000	0	0.5	300	0.03
219	0.0210835628121	0.028002792	0	0.014	0.036	0.0210835628121	0.028002792	NoCorrection	1000	A13	C1	10000	1000	0	0.5	300	0.03
220	0.0031091215293	-0.02033532475	0	0.678	0.11	0.0031091215293	-0.02033532475	ID	1000	A13	C1	10000	1000	0	0.5	300	0.03
221	0.00537475218780001	0.00817671569999996	0	0.544	0.523	0.00537475218780001	0.00817671569999996	1	1000	A13	C1	10000	1000	0	0.5	300	0.1
222	0.016678534993	0.03625299155	0	0.074	0.012	0.016678534993	0.03625299155	FGr	1000	A13	C1	10000	1000	0	0.5	300	0.1
223	0.049538011939	0.1144197507	0	0	0	0.049538011939	0.1144197507	NoCorrection	1000	A13	C1	10000	1000	0	0.5	300	0.1
224	0.0045834226575	0.00447630079999998	0	0.625	0.723	0.0045834226575	0.00447630079999998	ID	1000	A13	C1	10000	1000	0	0.5	300	0.1
225	0.00851425830040005	0.000341877849999846	0	0.335	0.99	0.00851425830040005	0.000341877849999846	1	10000	A13	C1	10000	1000	0	0.5	300	0
226	0.0123879658764999	0.02897399235	0	0.165	0.2	0.0123879658764999	0.02897399235	FGr	10000	A13	C1	10000	1000	0	0.5	300	0
227	0.0090570142827	0.00561178934999993	0	0.287	0.796	0.0090570142827	0.00561178934999993	NoCorrection	10000	A13	C1	10000	1000	0	0.5	300	0
228	0.00850437401179999	0.000334427949999871	0	0.347	0.99	0.00850437401179999	0.000334427949999871	ID	10000	A13	C1	10000	1000	0	0.5	300	0
229	-0.00657669394649999	0.00318584164999997	0	0.44	0.887	-0.00657669394649999	0.00318584164999997	1	10000	A13	C1	10000	1000	0	0.5	300	0.01
230	-0.00560677750949998	0.00873800060000002	0	0.516	0.696	-0.00560677750949998	0.00873800060000002	FGr	10000	A13	C1	10000	1000	0	0.5	300	0.01
231	0.00352217898225	0.0447852013	0	0.693	0.055	0.00352217898225	0.0447852013	NoCorrection	10000	A13	C1	10000	1000	0	0.5	300	0.01
232	-0.00780383213749994	-0.00944939579999998	0	0.408	0.676	-0.00780383213749994	-0.00944939579999998	ID	10000	A13	C1	10000	1000	0	0.5	300	0.01
233	-0.0068378220634	-0.02994952455	0	0.467	0.15	-0.0068378220634	-0.02994952455	1	10000	A13	C1	10000	1000	0	0.5	300	0.03
234	-0.01363194533795	-0.0658079392	0	0.156	0.005	-0.01363194533795	-0.0658079392	FGr	10000	A13	C1	10000	1000	0	0.5	300	0.03
235	-0.00419971174285	-0.01296232345	0	0.681	0.534	-0.00419971174285	-0.01296232345	NoCorrection	10000	A13	C1	10000	1000	0	0.5	300	0.03
236	-0.0069681120037	-0.0300475057	0	0.475	0.144	-0.0069681120037	-0.0300475057	ID	10000	A13	C1	10000	1000	0	0.5	300	0.03
237	-0.00477913010399999	0.00398651125	0	0.59	0.849	-0.00477913010399999	0.00398651125	1	10000	A13	C1	10000	1000	0	0.5	300	0.1
238	-0.00227208699579997	0.0168644884999999	0	0.823	0.485	-0.00227208699579997	0.0168644884999999	FGr	10000	A13	C1	10000	1000	0	0.5	300	0.1
239	0.04155942726544	0.1892174733	0	0	0	0.04155942726544	0.1892174733	NoCorrection	10000	A13	C1	10000	1000	0	0.5	300	0.1
240	-0.00441156079600002	0.00663328050000004	0	0.593	0.775	-0.00441156079600002	0.00663328050000004	ID	10000	A13	C1	10000	1000	0	0.5	300	0.1
241	-0.00516057087575005	-0.00516057087575005	0	0.565	0.57	-0.00516057087575005	-0.00516057087575005	1	300	A13	C1	10000	10000	0	0.5	300	0
242	-0.00300132757780009	-0.00300132757780007	0	0.757	0.729	-0.00300132757780009	-0.00300132757780007	FGr	300	A13	C1	10000	10000	0	0.5	300	0
243	-0.00208493064840003	-0.0020849306484	0	0.849	0.83	-0.00208493064840003	-0.0020849306484	NoCorrection	300	A13	C1	10000	10000	0	0.5	300	0
244	-0.000400988901850094	-0.000400988901850111	0	0.963	0.974	-0.000400988901850094	-0.000400988901850111	ID	300	A13	C1	10000	10000	0	0.5	300	0
245	0.00106930293981429	0.00106930293981427	0	0.892	0.892	0.00106930293981429	0.00106930293981427	1	300	A13	C1	10000	10000	0	0.5	300	0.01
246	0.00108411591282003	0.00108411591282001	0	0.894	0.886	0.00108411591282003	0.00108411591282001	FGr	300	A13	C1	10000	10000	0	0.5	300	0.01
247	-0.00403237947470011	-0.00403237947470012	0	0.622	0.621	-0.00403237947470011	-0.00403237947470012	NoCorrection	300	A13	C1	10000	10000	0	0.5	300	0.01
248	0.00245344858131008	0.00245344858131006	0	0.759	0.759	0.00245344858131008	0.00245344858131006	ID	300	A13	C1	10000	10000	0	0.5	300	0.01
249	-0.00553416489849986	-0.00553416489849988	0	0.537	0.539	-0.00553416489849986	-0.00553416489849988	1	300	A13	C1	10000	10000	0	0.5	300	0.03
250	-0.00776194727090013	-0.00776194727090013	0	0.398	0.378	-0.00776194727090013	-0.00776194727090013	FGr	300	A13	C1	10000	10000	0	0.5	300	0.03
251	0.00221445813455	0.00221445813455001	0	0.777	0.786	0.00221445813455	0.00221445813455001	NoCorrection	300	A13	C1	10000	10000	0	0.5	300	0.03
252	-0.00874172148126005	-0.00874172148126005	0	0.329	0.331	-0.00874172148126005	-0.00874172148126005	ID	300	A13	C1	10000	10000	0	0.5	300	0.03
253	-0.01001750601038	-0.01001750601038	0	0.2	0.209	-0.01001750601038	-0.01001750601038	1	300	A13	C1	10000	10000	0	0.5	300	0.1
254	0.00937641536395001	0.00937641536395001	0	0.244	0.249	0.00937641536395001	0.00937641536395001	FGr	300	A13	C1	10000	10000	0	0.5	300	0.1
255	0.02837585918941	0.02837585918941	0	0.001	0	0.02837585918941	0.02837585918941	NoCorrection	300	A13	C1	10000	10000	0	0.5	300	0.1
256	-0.01367567998365	-0.01367567998365	0	0.084	0.077	-0.01367567998365	-0.01367567998365	ID	300	A13	C1	10000	10000	0	0.5	300	0.1
257	-0.0158223046388501	-0.0164086168200001	0	0.021	0.23	-0.0158223046388501	-0.0164086168200001	1	1000	A13	C1	10000	10000	0	0.5	300	0
258	-0.0167024944241001	-0.019168067135	0	0.017	0.131	-0.0167024944241001	-0.019168067135	FGr	1000	A13	C1	10000	10000	0	0.5	300	0
259	-0.00898594416679997	-0.00158761846	0	0.199	0.9	-0.00898594416679997	-0.00158761846	NoCorrection	1000	A13	C1	10000	10000	0	0.5	300	0
260	-0.0191931739841858	-0.026838704945	0	0.013	0.037	-0.0191931739841858	-0.026838704945	ID	1000	A13	C1	10000	10000	0	0.5	300	0
261	-0.000671901957559936	0.00741240930500001	0	0.944	0.629	-0.000671901957559936	0.00741240930500001	1	1000	A13	C1	10000	10000	0	0.5	300	0.01
262	0.00217128308769001	0.01547612873	0	0.829	0.259	0.00217128308769001	0.01547612873	FGr	1000	A13	C1	10000	10000	0	0.5	300	0.01
263	-0.00496675459374997	-0.002453770865	0	0.573	0.865	-0.00496675459374997	-0.002453770865	NoCorrection	1000	A13	C1	10000	10000	0	0.5	300	0.01
264	-0.000426220156359797	0.00934024662000001	0	0.964	0.496	-0.000426220156359797	0.00934024662000001	ID	1000	A13	C1	10000	10000	0	0.5	300	0.01
265	-0.00742450746655004	0.00841977366499983	0	0.392	0.53	-0.00742450746655004	0.00841977366499983	1	1000	A13	C1	10000	10000	0	0.5	300	0.03
266	-0.00184698548703997	0.0226574101049999	0	0.823	0.068	-0.00184698548703997	0.0226574101049999	FGr	1000	A13	C1	10000	10000	0	0.5	300	0.03
267	0.00234398750600002	0.0322590900099997	0	0.757	0.017	0.00234398750600002	0.0322590900099997	NoCorrection	1000	A13	C1	10000	10000	0	0.5	300	0.03
268	-0.00666895495001004	0.0107638117200001	0	0.412	0.396	-0.00666895495001004	0.0107638117200001	ID	1000	A13	C1	10000	10000	0	0.5	300	0.03
269	-0.00820696931021607	-0.00949831644000001	0	0.351	0.494	-0.00820696931021607	-0.00949831644000001	1	1000	A13	C1	10000	10000	0	0.5	300	0.1
270	-0.00108980296369998	0.00330872449999989	0	0.907	0.835	-0.00108980296369998	0.00330872449999989	FGr	1000	A13	C1	10000	10000	0	0.5	300	0.1
271	0.033664548018454	0.0913186638249999	0	0.002	0	0.033664548018454	0.0913186638249999	NoCorrection	1000	A13	C1	10000	10000	0	0.5	300	0.1
272	-0.00580716361109999	-0.00579314582999997	0	0.531	0.671	-0.00580716361109999	-0.00579314582999997	ID	1000	A13	C1	10000	10000	0	0.5	300	0.1
273	0.00863073949249999	-0.03367914166	0	0.33	0.11	0.00863073949249999	-0.03367914166	1	10000	A13	C1	10000	10000	0	0.5	300	0
274	0.00881391012949	-0.0317349659900004	0	0.314	0.122	0.00881391012949	-0.0317349659900004	FGr	10000	A13	C1	10000	10000	0	0.5	300	0
275	0.00367007270390001	-0.0733823663649995	0	0.647	0	0.00367007270390001	-0.0733823663649995	NoCorrection	10000	A13	C1	10000	10000	0	0.5	300	0
276	0.00976683154726101	-0.0256944885449999	0	0.277	0.191	0.00976683154726101	-0.0256944885449999	ID	10000	A13	C1	10000	10000	0	0.5	300	0
277	0.0131293191419499	0.00453978755999999	0	0.121	0.823	0.0131293191419499	0.00453978755999999	1	10000	A13	C1	10000	10000	0	0.5	300	0.01
278	0.0130489440937499	0.00456029903000001	0	0.131	0.81	0.0130489440937499	0.00456029903000001	FGr	10000	A13	C1	10000	10000	0	0.5	300	0.01
279	0.0178738988955601	0.03918180514	0	0.032	0.03	0.0178738988955601	0.03918180514	NoCorrection	10000	A13	C1	10000	10000	0	0.5	300	0.01
280	0.0126659580057501	0.003736814075	0	0.148	0.862	0.0126659580057501	0.003736814075	ID	10000	A13	C1	10000	10000	0	0.5	300	0.01
281	-0.000898624915425037	-0.00541318222999997	0	0.919	0.77	-0.000898624915425037	-0.00541318222999997	1	10000	A13	C1	10000	10000	0	0.5	300	0.03
282	-0.00226905715040506	-0.0137665637649997	0	0.767	0.49	-0.00226905715040506	-0.0137665637649997	FGr	10000	A13	C1	10000	10000	0	0.5	300	0.03
283	0.0143129658995851	0.10015947477	0	0.107	0	0.0143129658995851	0.10015947477	NoCorrection	10000	A13	C1	10000	10000	0	0.5	300	0.03
284	-0.00209962150114997	-0.00990260871500025	0	0.81	0.61	-0.00209962150114997	-0.00990260871500025	ID	10000	A13	C1	10000	10000	0	0.5	300	0.03
285	0.0016139486658052	0.00568212647499993	0	0.849	0.787	0.0016139486658052	0.00568212647499993	1	10000	A13	C1	10000	10000	0	0.5	300	0.1
286	0.00493374847137012	0.0259076793700001	0	0.544	0.239	0.00493374847137012	0.0259076793700001	FGr	10000	A13	C1	10000	10000	0	0.5	300	0.1
287	0.04358741363257	0.247142560990001	0	0	0	0.04358741363257	0.247142560990001	NoCorrection	10000	A13	C1	10000	10000	0	0.5	300	0.1
288	0.00175502367047486	0.00506156836999991	0	0.815	0.82	0.00175502367047486	0.00506156836999991	ID	10000	A13	C1	10000	10000	0	0.5	300	0.1
289	-0.01231149775	-0.01231149775	0	0.714	0.705	-0.01231149775	-0.01231149775	1	300	A13	C2	1000	100	0	0.5	300	0
290	-0.01264862076	-0.01264862076	0	0.712	0.729	-0.01264862076	-0.01264862076	FGr	300	A13	C2	1000	100	0	0.5	300	0
291	-0.01146596758	-0.0114659675799999	0	0.75	0.734	-0.01146596758	-0.0114659675799999	NoCorrection	300	A13	C2	1000	100	0	0.5	300	0
292	-0.011233901157	-0.011233901157	0	0.753	0.724	-0.011233901157	-0.011233901157	ID	300	A13	C2	1000	100	0	0.5	300	0
293	0.011736634371	0.0117366343709999	0	0.749	0.72	0.011736634371	0.0117366343709999	1	300	A13	C2	1000	100	0	0.5	300	0.01
294	0.01529865145	0.0152986514499999	0	0.659	0.67	0.01529865145	0.0152986514499999	FGr	300	A13	C2	1000	100	0	0.5	300	0.01
295	0.01460600173	0.01460600173	0	0.679	0.685	0.01460600173	0.01460600173	NoCorrection	300	A13	C2	1000	100	0	0.5	300	0.01
296	0.015006870685	0.015006870685	0	0.692	0.671	0.015006870685	0.015006870685	ID	300	A13	C2	1000	100	0	0.5	300	0.01
297	-0.0113242921125	-0.0113242921125	0	0.756	0.711	-0.0113242921125	-0.0113242921125	1	300	A13	C2	1000	100	0	0.5	300	0.03
298	-0.011711983785	-0.011711983785	0	0.737	0.723	-0.011711983785	-0.011711983785	FGr	300	A13	C2	1000	100	0	0.5	300	0.03
299	-0.011485674565	-0.011485674565	0	0.745	0.728	-0.011485674565	-0.011485674565	NoCorrection	300	A13	C2	1000	100	0	0.5	300	0.03
300	-0.011755260505	-0.011755260505	0	0.74	0.715	-0.011755260505	-0.011755260505	ID	300	A13	C2	1000	100	0	0.5	300	0.03
301	-0.01130711972	-0.01130711972	0	0.752	0.74	-0.01130711972	-0.01130711972	1	300	A13	C2	1000	100	0	0.5	300	0.1
302	-0.00431065630000004	-0.00431065629999995	0	0.901	0.894	-0.00431065630000004	-0.00431065629999995	FGr	300	A13	C2	1000	100	0	0.5	300	0.1
303	-0.00495160857999999	-0.00495160858000004	0	0.892	0.88	-0.00495160857999999	-0.00495160858000004	NoCorrection	300	A13	C2	1000	100	0	0.5	300	0.1
304	-0.00452563407500002	-0.00452563407500004	0	0.892	0.921	-0.00452563407500002	-0.00452563407500004	ID	300	A13	C2	1000	100	0	0.5	300	0.1
305	-0.00206427535900001	-0.051833425	0	0.953	0.401	-0.00206427535900001	-0.051833425	1	1000	A13	C2	1000	100	0	0.5	300	0
306	-0.00332263437299999	-0.05164919	0	0.914	0.405	-0.00332263437299999	-0.05164919	FGr	1000	A13	C2	1000	100	0	0.5	300	0
307	-0.0019892691	-0.0471436005	0	0.951	0.484	-0.0019892691	-0.0471436005	NoCorrection	1000	A13	C2	1000	100	0	0.5	300	0
308	-0.00212124939999999	-0.051490128	0	0.958	0.382	-0.00212124939999999	-0.051490128	ID	1000	A13	C2	1000	100	0	0.5	300	0
309	0.00137067958800002	0.0161425070000001	0	0.949	0.78	0.00137067958800002	0.0161425070000001	1	1000	A13	C2	1000	100	0	0.5	300	0.01
310	0.000224500404999991	0.0251001865	0	0.996	0.652	0.000224500404999991	0.0251001865	FGr	1000	A13	C2	1000	100	0	0.5	300	0.01
311	0.00165977963500003	0.0349663805	0	0.945	0.561	0.00165977963500003	0.0349663805	NoCorrection	1000	A13	C2	1000	100	0	0.5	300	0.01
312	0.00245503940999999	0.0247640725	0	0.94	0.68	0.00245503940999999	0.0247640725	ID	1000	A13	C2	1000	100	0	0.5	300	0.01
313	-0.003982737707	0.070692292	0	0.903	0.205	-0.003982737707	0.070692292	1	1000	A13	C2	1000	100	0	0.5	300	0.03
314	-0.003535933355	0.089637274	0	0.907	0.146	-0.003535933355	0.089637274	FGr	1000	A13	C2	1000	100	0	0.5	300	0.03
315	-0.00367909380000001	0.083024551	0	0.905	0.145	-0.00367909380000001	0.083024551	NoCorrection	1000	A13	C2	1000	100	0	0.5	300	0.03
316	-0.003799511995	0.0825302675000001	0	0.911	0.145	-0.003799511995	0.0825302675000001	ID	1000	A13	C2	1000	100	0	0.5	300	0.03
317	-0.01073987847	-0.02135003	0	0.737	0.703	-0.01073987847	-0.02135003	1	1000	A13	C2	1000	100	0	0.5	300	0.1
318	-0.00966301007799993	-0.0291951875	0	0.814	0.605	-0.00966301007799993	-0.0291951875	FGr	1000	A13	C2	1000	100	0	0.5	300	0.1
319	-0.0103027260949999	-0.027307295	0	0.768	0.676	-0.0103027260949999	-0.027307295	NoCorrection	1000	A13	C2	1000	100	0	0.5	300	0.1
320	-0.01025221301	-0.0321222005	0	0.773	0.598	-0.01025221301	-0.0321222005	ID	1000	A13	C2	1000	100	0	0.5	300	0.1
321	-0.01049871495	0.0798513259999999	0	0.748	0.368	-0.01049871495	0.0798513259999999	1	10000	A13	C2	1000	100	0	0.5	300	0
322	-0.00919624070000004	0.1094556815	0	0.784	0.211	-0.00919624070000004	0.1094556815	FGr	10000	A13	C2	1000	100	0	0.5	300	0
323	-0.00920260624499997	0.100460699	0	0.78	0.238	-0.00920260624499997	0.100460699	NoCorrection	10000	A13	C2	1000	100	0	0.5	300	0
324	-0.01043121696	0.0826880635	0	0.777	0.335	-0.01043121696	0.0826880635	ID	10000	A13	C2	1000	100	0	0.5	300	0
325	-0.051556333585	0.103826645	0	0.172	0.27	-0.051556333585	0.103826645	1	10000	A13	C2	1000	100	0	0.5	300	0.01
326	-0.0533493849850001	0.132303155	0	0.159	0.148	-0.0533493849850001	0.132303155	FGr	10000	A13	C2	1000	100	0	0.5	300	0.01
327	-0.0533135703050001	0.145712806	0	0.131	0.104	-0.0533135703050001	0.145712806	NoCorrection	10000	A13	C2	1000	100	0	0.5	300	0.01
328	-0.05170358767	0.0963416575	0	0.159	0.27	-0.05170358767	0.0963416575	ID	10000	A13	C2	1000	100	0	0.5	300	0.01
329	0.028137889845	0.0132133129999999	0	0.429	0.896	0.028137889845	0.0132133129999999	1	10000	A13	C2	1000	100	0	0.5	300	0.03
330	0.025006710096	-0.0420615339999999	0	0.519	0.662	0.025006710096	-0.0420615339999999	FGr	10000	A13	C2	1000	100	0	0.5	300	0.03
331	0.02496329777	-0.0389751899999999	0	0.515	0.661	0.02496329777	-0.0389751899999999	NoCorrection	10000	A13	C2	1000	100	0	0.5	300	0.03
332	0.027541970603	0.00673173600000002	0	0.471	0.933	0.027541970603	0.00673173600000002	ID	10000	A13	C2	1000	100	0	0.5	300	0.03
333	0.00967049531499998	-0.049574195	0	0.734	0.517	0.00967049531499998	-0.049574195	1	10000	A13	C2	1000	100	0	0.5	300	0.1
334	0.0030973585384	0.0100091595	0	0.904	0.901	0.0030973585384	0.0100091595	FGr	10000	A13	C2	1000	100	0	0.5	300	0.1
335	0.00311161386	0.00730473299999999	0	0.919	0.941	0.00311161386	0.00730473299999999	NoCorrection	10000	A13	C2	1000	100	0	0.5	300	0.1
336	0.008815113441	-0.0800813640000001	0	0.757	0.311	0.008815113441	-0.0800813640000001	ID	10000	A13	C2	1000	100	0	0.5	300	0.1
337	0.000926150765000112	0.000926150764999863	0	0.971	0.961	0.000926150765000112	0.000926150764999863	1	300	A13	C2	1000	1000	0	0.5	300	0
338	0.000360165575999629	0.000360165575999573	0	0.988	0.986	0.000360165575999629	0.000360165575999573	FGr	300	A13	C2	1000	1000	0	0.5	300	0
339	0.00039203269300039	0.000392032693000436	0	0.99	0.988	0.00039203269300039	0.000392032693000436	NoCorrection	300	A13	C2	1000	1000	0	0.5	300	0
340	0.00108739562149987	0.00108739562149987	0	0.969	0.947	0.00108739562149987	0.00108739562149987	ID	300	A13	C2	1000	1000	0	0.5	300	0
341	-0.0193444439925	-0.0193444439925001	0	0.355	0.305	-0.0193444439925	-0.0193444439925001	1	300	A13	C2	1000	1000	0	0.5	300	0.01
342	-0.019570173465	-0.019570173465	0	0.313	0.324	-0.019570173465	-0.019570173465	FGr	300	A13	C2	1000	1000	0	0.5	300	0.01
343	-0.019408242675	-0.019408242675	0	0.354	0.325	-0.019408242675	-0.019408242675	NoCorrection	300	A13	C2	1000	1000	0	0.5	300	0.01
344	-0.0196390001345	-0.0196390001345	0	0.318	0.326	-0.0196390001345	-0.0196390001345	ID	300	A13	C2	1000	1000	0	0.5	300	0.01
345	0.00341805039549994	0.00341805039549997	0	0.882	0.87	0.00341805039549994	0.00341805039549997	1	300	A13	C2	1000	1000	0	0.5	300	0.03
346	0.00359123785400009	0.00359123785400006	0	0.868	0.873	0.00359123785400009	0.00359123785400006	FGr	300	A13	C2	1000	1000	0	0.5	300	0.03
347	0.00353791275519999	0.0035379127552	0	0.855	0.834	0.00353791275519999	0.0035379127552	NoCorrection	300	A13	C2	1000	1000	0	0.5	300	0.03
348	0.00318641680319999	0.00318641680320003	0	0.879	0.889	0.00318641680319999	0.00318641680320003	ID	300	A13	C2	1000	1000	0	0.5	300	0.03
349	-0.0214395814330002	-0.0214395814330002	0	0.332	0.303	-0.0214395814330002	-0.0214395814330002	1	300	A13	C2	1000	1000	0	0.5	300	0.1
350	-0.0209442844929999	-0.020944284493	0	0.309	0.334	-0.0209442844929999	-0.020944284493	FGr	300	A13	C2	1000	1000	0	0.5	300	0.1
351	-0.0206668719950001	-0.0206668719950001	0	0.308	0.336	-0.0206668719950001	-0.0206668719950001	NoCorrection	300	A13	C2	1000	1000	0	0.5	300	0.1
352	-0.02160207194393	-0.0216020719439301	0	0.295	0.297	-0.02160207194393	-0.0216020719439301	ID	300	A13	C2	1000	1000	0	0.5	300	0.1
353	-0.03201803362	-0.0318361589500002	0	0.118	0.362	-0.03201803362	-0.0318361589500002	1	1000	A13	C2	1000	1000	0	0.5	300	0
354	-0.0327864937148	-0.0238870870499999	0	0.132	0.523	-0.0327864937148	-0.0238870870499999	FGr	1000	A13	C2	1000	1000	0	0.5	300	0
355	-0.032651836575	-0.0299741007499998	0	0.141	0.408	-0.032651836575	-0.0299741007499998	NoCorrection	1000	A13	C2	1000	1000	0	0.5	300	0
356	-0.0325629428849999	-0.0292933341000002	0	0.145	0.425	-0.0325629428849999	-0.0292933341000002	ID	1000	A13	C2	1000	1000	0	0.5	300	0
357	-0.011970731386	-0.0245097791000003	0	0.597	0.485	-0.011970731386	-0.0245097791000003	1	1000	A13	C2	1000	1000	0	0.5	300	0.01
358	-0.0132095723819999	-0.0265875089000003	0	0.552	0.423	-0.0132095723819999	-0.0265875089000003	FGr	1000	A13	C2	1000	1000	0	0.5	300	0.01
359	-0.0124469566855	-0.0276496546	0	0.562	0.431	-0.0124469566855	-0.0276496546	NoCorrection	1000	A13	C2	1000	1000	0	0.5	300	0.01
360	-0.0107301817420001	-0.0302154584999998	0	0.648	0.383	-0.0107301817420001	-0.0302154584999998	ID	1000	A13	C2	1000	1000	0	0.5	300	0.01
361	-0.00480699365690002	0.00757151639999999	0	0.846	0.793	-0.00480699365690002	0.00757151639999999	1	1000	A13	C2	1000	1000	0	0.5	300	0.03
362	-0.0045662796659	0.0053572555	0	0.836	0.853	-0.0045662796659	0.0053572555	FGr	1000	A13	C2	1000	1000	0	0.5	300	0.03
363	-0.00459363449549996	0.00617492130000001	0	0.861	0.862	-0.00459363449549996	0.00617492130000001	NoCorrection	1000	A13	C2	1000	1000	0	0.5	300	0.03
364	-0.00359003847850002	0.01497485925	0	0.89	0.625	-0.00359003847850002	0.01497485925	ID	1000	A13	C2	1000	1000	0	0.5	300	0.03
365	-0.00504069055049991	0.01965138215	0	0.825	0.583	-0.00504069055049991	0.01965138215	1	1000	A13	C2	1000	1000	0	0.5	300	0.1
366	-0.00551034308850003	0.00834902844999998	0	0.827	0.786	-0.00551034308850003	0.00834902844999998	FGr	1000	A13	C2	1000	1000	0	0.5	300	0.1
367	-0.00549882945499992	0.00835405915000019	0	0.813	0.807	-0.00549882945499992	0.00835405915000019	NoCorrection	1000	A13	C2	1000	1000	0	0.5	300	0.1
368	-0.00486975839399993	0.0198278626000001	0	0.836	0.58	-0.00486975839399993	0.0198278626000001	ID	1000	A13	C2	1000	1000	0	0.5	300	0.1
369	0.0187462884831999	-0.0797713010000002	0	0.314	0.116	0.0187462884831999	-0.0797713010000002	1	10000	A13	C2	1000	1000	0	0.5	300	0
370	0.0188234568687	-0.0708465149500002	0	0.325	0.142	0.0188234568687	-0.0708465149500002	FGr	10000	A13	C2	1000	1000	0	0.5	300	0
371	0.0188299391507001	-0.0718798314999999	0	0.298	0.15	0.0188299391507001	-0.0718798314999999	NoCorrection	10000	A13	C2	1000	1000	0	0.5	300	0
372	0.0186501190253	-0.07623512805	0	0.33	0.129	0.0186501190253	-0.07623512805	ID	10000	A13	C2	1000	1000	0	0.5	300	0
373	0.0165014786205	0.0415277723499999	0	0.335	0.426	0.0165014786205	0.0415277723499999	1	10000	A13	C2	1000	1000	0	0.5	300	0.01
374	0.0157654109135	0.00465186980000001	0	0.35	0.913	0.0157654109135	0.00465186980000001	FGr	10000	A13	C2	1000	1000	0	0.5	300	0.01
375	0.0157654381902	0.00490341865000018	0	0.353	0.923	0.0157654381902	0.00490341865000018	NoCorrection	10000	A13	C2	1000	1000	0	0.5	300	0.01
376	0.0166728988346	0.0553983462999997	0	0.318	0.28	0.0166728988346	0.0553983462999997	ID	10000	A13	C2	1000	1000	0	0.5	300	0.01
377	0.0259662641170001	0.00241191549999987	0	0.135	0.97	0.0259662641170001	0.00241191549999987	1	10000	A13	C2	1000	1000	0	0.5	300	0.03
378	0.0257968846875002	-0.00163383589999986	0	0.138	0.979	0.0257968846875002	-0.00163383589999986	FGr	10000	A13	C2	1000	1000	0	0.5	300	0.03
379	0.0257631859910001	-0.00135621499999999	0	0.134	0.983	0.0257631859910001	-0.00135621499999999	NoCorrection	10000	A13	C2	1000	1000	0	0.5	300	0.03
380	0.0259139620747999	-0.0047237315999998	0	0.13	0.947	0.0259139620747999	-0.0047237315999998	ID	10000	A13	C2	1000	1000	0	0.5	300	0.03
381	0.0206027809289499	0.00401153675000026	0	0.37	0.94	0.0206027809289499	0.00401153675000026	1	10000	A13	C2	1000	1000	0	0.5	300	0.1
382	0.0194643645242501	-0.0156832393000003	0	0.384	0.773	0.0194643645242501	-0.0156832393000003	FGr	10000	A13	C2	1000	1000	0	0.5	300	0.1
383	0.0194452797219999	-0.0114966167999996	0	0.39	0.836	0.0194452797219999	-0.0114966167999996	NoCorrection	10000	A13	C2	1000	1000	0	0.5	300	0.1
384	0.020685843695	0.00538846330000001	0	0.356	0.919	0.020685843695	0.00538846330000001	ID	10000	A13	C2	1000	1000	0	0.5	300	0.1
385	0.0133373805131702	0.0133373805131702	0	0.552	0.552	0.0133373805131702	0.0133373805131702	1	300	A13	C2	1000	10000	0	0.5	300	0
386	0.0138047978675502	0.0138047978675502	0	0.54	0.538	0.0138047978675502	0.0138047978675502	FGr	300	A13	C2	1000	10000	0	0.5	300	0
387	0.0139315830309998	0.0139315830309998	0	0.504	0.549	0.0139315830309998	0.0139315830309998	NoCorrection	300	A13	C2	1000	10000	0	0.5	300	0
388	0.0140253130181998	0.0140253130181998	0	0.524	0.521	0.0140253130181998	0.0140253130181998	ID	300	A13	C2	1000	10000	0	0.5	300	0
389	-0.0155583617454038	-0.0155583617454038	0	0.459	0.451	-0.0155583617454038	-0.0155583617454038	1	300	A13	C2	1000	10000	0	0.5	300	0.01
390	-0.01578889209739	-0.01578889209739	0	0.436	0.435	-0.01578889209739	-0.01578889209739	FGr	300	A13	C2	1000	10000	0	0.5	300	0.01
391	-0.0156908691524575	-0.0156908691524575	0	0.452	0.443	-0.0156908691524575	-0.0156908691524575	NoCorrection	300	A13	C2	1000	10000	0	0.5	300	0.01
392	-0.0155944728293	-0.0155944728293	0	0.435	0.422	-0.0155944728293	-0.0155944728293	ID	300	A13	C2	1000	10000	0	0.5	300	0.01
393	-0.00799057675279996	-0.00799057675279997	0	0.681	0.687	-0.00799057675279996	-0.00799057675279997	1	300	A13	C2	1000	10000	0	0.5	300	0.03
394	-0.00762612380796013	-0.00762612380796011	0	0.685	0.713	-0.00762612380796013	-0.00762612380796011	FGr	300	A13	C2	1000	10000	0	0.5	300	0.03
395	-0.00737545808894987	-0.00737545808894988	0	0.688	0.701	-0.00737545808894987	-0.00737545808894988	NoCorrection	300	A13	C2	1000	10000	0	0.5	300	0.03
396	-0.00752356595925007	-0.00752356595925012	0	0.727	0.71	-0.00752356595925007	-0.00752356595925012	ID	300	A13	C2	1000	10000	0	0.5	300	0.03
397	-0.0209643241889	-0.0209643241889	0	0.357	0.367	-0.0209643241889	-0.0209643241889	1	300	A13	C2	1000	10000	0	0.5	300	0.1
398	-0.0200196138158501	-0.0200196138158501	0	0.352	0.374	-0.0200196138158501	-0.0200196138158501	FGr	300	A13	C2	1000	10000	0	0.5	300	0.1
399	-0.01990930858315	-0.01990930858315	0	0.359	0.393	-0.01990930858315	-0.01990930858315	NoCorrection	300	A13	C2	1000	10000	0	0.5	300	0.1
400	-0.0199658264830702	-0.0199658264830702	0	0.383	0.372	-0.0199658264830702	-0.0199658264830702	ID	300	A13	C2	1000	10000	0	0.5	300	0.1
401	-0.02655067066055	-0.0283155989650008	0	0.162	0.314	-0.02655067066055	-0.0283155989650008	1	1000	A13	C2	1000	10000	0	0.5	300	0
402	-0.0276360518632848	-0.0293706301900002	0	0.123	0.301	-0.0276360518632848	-0.0293706301900002	FGr	1000	A13	C2	1000	10000	0	0.5	300	0
403	-0.0276788459611993	-0.0249975552450003	0	0.127	0.378	-0.0276788459611993	-0.0249975552450003	NoCorrection	1000	A13	C2	1000	10000	0	0.5	300	0
404	-0.0270296802393493	-0.02857017413	0	0.135	0.336	-0.0270296802393493	-0.02857017413	ID	1000	A13	C2	1000	10000	0	0.5	300	0
405	-0.0337032011648497	0.0191771477350003	0	0.091	0.547	-0.0337032011648497	0.0191771477350003	1	1000	A13	C2	1000	10000	0	0.5	300	0.01
406	-0.0344848948461502	0.0191196161000001	0	0.086	0.538	-0.0344848948461502	0.0191196161000001	FGr	1000	A13	C2	1000	10000	0	0.5	300	0.01
407	-0.0345009538453505	0.019271771065	0	0.096	0.538	-0.0345009538453505	0.019271771065	NoCorrection	1000	A13	C2	1000	10000	0	0.5	300	0.01
408	-0.0349133600386493	0.0192985667900003	0	0.085	0.571	-0.0349133600386493	0.0192985667900003	ID	1000	A13	C2	1000	10000	0	0.5	300	0.01
409	-0.0127997318864196	-0.047999972745	0	0.491	0.134	-0.0127997318864196	-0.047999972745	1	1000	A13	C2	1000	10000	0	0.5	300	0.03
410	-0.0110406619029	-0.0460022919800007	0	0.541	0.148	-0.0110406619029	-0.0460022919800007	FGr	1000	A13	C2	1000	10000	0	0.5	300	0.03
411	-0.0110969298772003	-0.0410508758149997	0	0.536	0.187	-0.0110969298772003	-0.0410508758149997	NoCorrection	1000	A13	C2	1000	10000	0	0.5	300	0.03
412	-0.0138737275729997	-0.04407430181	0	0.443	0.194	-0.0138737275729997	-0.04407430181	ID	1000	A13	C2	1000	10000	0	0.5	300	0.03
413	-0.0216612083401999	-0.0141604084950001	0	0.301	0.631	-0.0216612083401999	-0.0141604084950001	1	1000	A13	C2	1000	10000	0	0.5	300	0.1
414	-0.0202575220390502	-0.0169999543449999	0	0.308	0.557	-0.0202575220390502	-0.0169999543449999	FGr	1000	A13	C2	1000	10000	0	0.5	300	0.1
415	-0.0203015129945504	-0.00959673326499993	0	0.314	0.744	-0.0203015129945504	-0.00959673326499993	NoCorrection	1000	A13	C2	1000	10000	0	0.5	300	0.1
416	-0.0212485830531005	-0.0156615974199999	0	0.306	0.601	-0.0212485830531005	-0.0156615974199999	ID	1000	A13	C2	1000	10000	0	0.5	300	0.1
417	-0.0154909571671206	0.0125563926449999	0	0.434	0.838	-0.0154909571671206	0.0125563926449999	1	10000	A13	C2	1000	10000	0	0.5	300	0
418	-0.0160415527322498	0.00978452134499993	0	0.411	0.831	-0.0160415527322498	0.00978452134499993	FGr	10000	A13	C2	1000	10000	0	0.5	300	0
419	-0.0156343316600001	0.016093640465	0	0.418	0.725	-0.0156343316600001	0.016093640465	NoCorrection	10000	A13	C2	1000	10000	0	0.5	300	0
420	-0.0155826480696265	0.0151855338500003	0	0.421	0.76	-0.0155826480696265	0.0151855338500003	ID	10000	A13	C2	1000	10000	0	0.5	300	0
421	-0.0449565694269497	-0.0789534177500007	0	0.046	0.142	-0.0449565694269497	-0.0789534177500007	1	10000	A13	C2	1000	10000	0	0.5	300	0.01
422	-0.04424773446785	-0.0993970114	0	0.048	0.07	-0.04424773446785	-0.0993970114	FGr	10000	A13	C2	1000	10000	0	0.5	300	0.01
423	-0.04419306489325	-0.101339886	0	0.059	0.065	-0.04419306489325	-0.101339886	NoCorrection	10000	A13	C2	1000	10000	0	0.5	300	0.01
424	-0.0446809220181002	-0.082812308500001	0	0.044	0.119	-0.0446809220181002	-0.082812308500001	ID	10000	A13	C2	1000	10000	0	0.5	300	0.01
425	-0.00806565387694995	-0.0907097167449997	0	0.696	0.065	-0.00806565387694995	-0.0907097167449997	1	10000	A13	C2	1000	10000	0	0.5	300	0.03
426	-0.00797391867475008	-0.0816076064350011	0	0.679	0.084	-0.00797391867475008	-0.0816076064350011	FGr	10000	A13	C2	1000	10000	0	0.5	300	0.03
427	-0.00784118710964998	-0.0859605010049998	0	0.712	0.067	-0.00784118710964998	-0.0859605010049998	NoCorrection	10000	A13	C2	1000	10000	0	0.5	300	0.03
428	-0.00810757312189997	-0.0950758329799989	0	0.692	0.061	-0.00810757312189997	-0.0950758329799989	ID	10000	A13	C2	1000	10000	0	0.5	300	0.03
429	-0.00650199347056004	0.0291258456900008	0	0.744	0.536	-0.00650199347056004	0.0291258456900008	1	10000	A13	C2	1000	10000	0	0.5	300	0.1
430	-0.00777765091520003	0.0406031054749996	0	0.658	0.393	-0.00777765091520003	0.0406031054749996	FGr	10000	A13	C2	1000	10000	0	0.5	300	0.1
431	-0.00739608891369998	0.0368921389599999	0	0.688	0.455	-0.00739608891369998	0.0368921389599999	NoCorrection	10000	A13	C2	1000	10000	0	0.5	300	0.1
432	-0.00693680738914999	0.0344434926550003	0	0.726	0.487	-0.00693680738914999	0.0344434926550003	ID	10000	A13	C2	1000	10000	0	0.5	300	0.1
433	-0.0116858793558	-0.0116858793558	0	0.258	0.243	-0.0116858793558	-0.0116858793558	1	300	A13	C2	10000	100	0	0.5	300	0
434	-0.0125797196905	-0.0125797196905	0	0.26	0.226	-0.0125797196905	-0.0125797196905	FGr	300	A13	C2	10000	100	0	0.5	300	0
435	-0.0123222296895	-0.0123222296895	0	0.262	0.257	-0.0123222296895	-0.0123222296895	NoCorrection	300	A13	C2	10000	100	0	0.5	300	0
436	-0.012065400156	-0.012065400156	0	0.245	0.287	-0.012065400156	-0.012065400156	ID	300	A13	C2	10000	100	0	0.5	300	0
437	-0.01117568284376	-0.01117568284376	0	0.287	0.281	-0.01117568284376	-0.01117568284376	1	300	A13	C2	10000	100	0	0.5	300	0.01
438	-0.010994759585	-0.010994759585	0	0.288	0.306	-0.010994759585	-0.010994759585	FGr	300	A13	C2	10000	100	0	0.5	300	0.01
439	-0.010836417065	-0.010836417065	0	0.301	0.273	-0.010836417065	-0.010836417065	NoCorrection	300	A13	C2	10000	100	0	0.5	300	0.01
440	-0.01078769806	-0.01078769806	0	0.317	0.309	-0.01078769806	-0.01078769806	ID	300	A13	C2	10000	100	0	0.5	300	0.01
441	-0.00646604813499999	-0.00646604813500001	0	0.569	0.566	-0.00646604813499999	-0.00646604813500001	1	300	A13	C2	10000	100	0	0.5	300	0.03
442	-0.00651857722	-0.00651857722000001	0	0.587	0.549	-0.00651857722	-0.00651857722000001	FGr	300	A13	C2	10000	100	0	0.5	300	0.03
443	-0.006463876155	-0.006463876155	0	0.561	0.57	-0.006463876155	-0.006463876155	NoCorrection	300	A13	C2	10000	100	0	0.5	300	0.03
444	-0.0063637075765	-0.0063637075765	0	0.572	0.564	-0.0063637075765	-0.0063637075765	ID	300	A13	C2	10000	100	0	0.5	300	0.03
445	0.018192233084	0.018192233084	0	0.095	0.096	0.018192233084	0.018192233084	1	300	A13	C2	10000	100	0	0.5	300	0.1
446	0.01872671345	0.01872671345	0	0.08	0.093	0.01872671345	0.01872671345	FGr	300	A13	C2	10000	100	0	0.5	300	0.1
447	0.019160839096	0.019160839096	0	0.095	0.089	0.019160839096	0.019160839096	NoCorrection	300	A13	C2	10000	100	0	0.5	300	0.1
448	0.0175108141937	0.0175108141937	0	0.107	0.113	0.0175108141937	0.0175108141937	ID	300	A13	C2	10000	100	0	0.5	300	0.1
449	0.0123668893865	0.016436897	0	0.195	0.402	0.0123668893865	0.016436897	1	1000	A13	C2	10000	100	0	0.5	300	0
450	0.0122685736895	0.017033653	0	0.202	0.372	0.0122685736895	0.017033653	FGr	1000	A13	C2	10000	100	0	0.5	300	0
451	0.012249541112	0.0166535285	0	0.216	0.398	0.012249541112	0.0166535285	NoCorrection	1000	A13	C2	10000	100	0	0.5	300	0
452	0.012020933185	0.0164576275	0	0.216	0.423	0.012020933185	0.0164576275	ID	1000	A13	C2	10000	100	0	0.5	300	0
453	0.000194601225499993	0.014721552	0	0.985	0.371	0.000194601225499993	0.014721552	1	1000	A13	C2	10000	100	0	0.5	300	0.01
454	0.000232615784999995	0.012975458	0	0.98	0.433	0.000232615784999995	0.012975458	FGr	1000	A13	C2	10000	100	0	0.5	300	0.01
455	0.000208709411999991	0.01407991	0	0.982	0.362	0.000208709411999991	0.01407991	NoCorrection	1000	A13	C2	10000	100	0	0.5	300	0.01
456	0.000267363819499994	0.0154706215	0	0.976	0.337	0.000267363819499994	0.0154706215	ID	1000	A13	C2	10000	100	0	0.5	300	0.01
457	-0.00187162319950001	-0.0460386095	0	0.834	0.011	-0.00187162319950001	-0.0460386095	1	1000	A13	C2	10000	100	0	0.5	300	0.03
458	-0.00423913048500001	-0.0447021185	0	0.629	0.018	-0.00423913048500001	-0.0447021185	FGr	1000	A13	C2	10000	100	0	0.5	300	0.03
459	-0.00425761468999999	-0.044929494	0	0.643	0.025	-0.00425761468999999	-0.044929494	NoCorrection	1000	A13	C2	10000	100	0	0.5	300	0.03
460	-0.001554641701	-0.0453563035	0	0.885	0.015	-0.001554641701	-0.0453563035	ID	1000	A13	C2	10000	100	0	0.5	300	0.03
461	0.00159718966000002	0.00458659	0	0.85	0.772	0.00159718966000002	0.00458659	1	1000	A13	C2	10000	100	0	0.5	300	0.1
462	-0.00296678379000001	-0.001579638	0	0.773	0.93	-0.00296678379000001	-0.001579638	FGr	1000	A13	C2	10000	100	0	0.5	300	0.1
463	-0.00296454434000002	-0.00173736600000001	0	0.763	0.925	-0.00296454434000002	-0.00173736600000001	NoCorrection	1000	A13	C2	10000	100	0	0.5	300	0.1
464	0.00233082557309999	0.010001789	0	0.82	0.544	0.00233082557309999	0.010001789	ID	1000	A13	C2	10000	100	0	0.5	300	0.1
465	0.00505552189	-0.0354904855	0	0.71	0.176	0.00505552189	-0.0354904855	1	10000	A13	C2	10000	100	0	0.5	300	0
466	0.004899701056	-0.018194224	0	0.69	0.454	0.004899701056	-0.018194224	FGr	10000	A13	C2	10000	100	0	0.5	300	0
467	0.004935724009	-0.0192832225	0	0.715	0.448	0.004935724009	-0.0192832225	NoCorrection	10000	A13	C2	10000	100	0	0.5	300	0
468	0.00509415139999998	-0.043418148	0	0.712	0.075	0.00509415139999998	-0.043418148	ID	10000	A13	C2	10000	100	0	0.5	300	0
469	-0.01218707552	0.00496153100000002	0	0.343	0.849	-0.01218707552	0.00496153100000002	1	10000	A13	C2	10000	100	0	0.5	300	0.01
470	-0.012024081935	0.00832583299999998	0	0.335	0.782	-0.012024081935	0.00832583299999998	FGr	10000	A13	C2	10000	100	0	0.5	300	0.01
471	-0.012000450825	-0.000884316000000007	0	0.328	0.976	-0.012000450825	-0.000884316000000007	NoCorrection	10000	A13	C2	10000	100	0	0.5	300	0.01
472	-0.012159938455	-0.00139755549999999	0	0.326	0.971	-0.012159938455	-0.00139755549999999	ID	10000	A13	C2	10000	100	0	0.5	300	0.01
473	-0.009120481583	0.00851520500000009	0	0.353	0.749	-0.009120481583	0.00851520500000009	1	10000	A13	C2	10000	100	0	0.5	300	0.03
474	-0.00937250048649999	0.0272585685	0	0.371	0.307	-0.00937250048649999	0.0272585685	FGr	10000	A13	C2	10000	100	0	0.5	300	0.03
475	-0.009339443315	0.0263825825	0	0.369	0.326	-0.009339443315	0.0263825825	NoCorrection	10000	A13	C2	10000	100	0	0.5	300	0.03
476	-0.009075036335	0.00396975949999997	0	0.354	0.866	-0.009075036335	0.00396975949999997	ID	10000	A13	C2	10000	100	0	0.5	300	0.03
477	0.00158108745999998	-0.00493053599999999	0	0.877	0.875	0.00158108745999998	-0.00493053599999999	1	10000	A13	C2	10000	100	0	0.5	300	0.1
478	0.000873460250000042	0.015684723	0	0.939	0.61	0.000873460250000042	0.015684723	FGr	10000	A13	C2	10000	100	0	0.5	300	0.1
479	0.000945303029999978	0.016238252	0	0.935	0.601	0.000945303029999978	0.016238252	NoCorrection	10000	A13	C2	10000	100	0	0.5	300	0.1
480	0.0017191335428	-0.00939010300000001	0	0.868	0.705	0.0017191335428	-0.00939010300000001	ID	10000	A13	C2	10000	100	0	0.5	300	0.1
481	-0.000608392589199988	-0.000608392589199983	0	0.934	0.93	-0.000608392589199988	-0.000608392589199983	1	300	A13	C2	10000	1000	0	0.5	300	0
482	-0.000308139856950017	-0.00030813985695001	0	0.959	0.97	-0.000308139856950017	-0.00030813985695001	FGr	300	A13	C2	10000	1000	0	0.5	300	0
483	-0.000314174339699991	-0.00031417433969999	0	0.964	0.965	-0.000314174339699991	-0.00031417433969999	NoCorrection	300	A13	C2	10000	1000	0	0.5	300	0
484	-0.000500088519050018	-0.000500088519050016	0	0.942	0.959	-0.000500088519050018	-0.000500088519050016	ID	300	A13	C2	10000	1000	0	0.5	300	0
485	0.002636175919	0.00263617591900002	0	0.675	0.672	0.002636175919	0.00263617591900002	1	300	A13	C2	10000	1000	0	0.5	300	0.01
486	0.00278813720350002	0.00278813720350002	0	0.665	0.648	0.00278813720350002	0.00278813720350002	FGr	300	A13	C2	10000	1000	0	0.5	300	0.01
487	0.00278535259099999	0.00278535259099998	0	0.671	0.679	0.00278535259099999	0.00278535259099998	NoCorrection	300	A13	C2	10000	1000	0	0.5	300	0.01
488	0.00280837359485002	0.00280837359485002	0	0.638	0.657	0.00280837359485002	0.00280837359485002	ID	300	A13	C2	10000	1000	0	0.5	300	0.01
489	1.51755377999825e-05	1.51755377999958e-05	0	1	0.997	1.51755377999825e-05	1.51755377999958e-05	1	300	A13	C2	10000	1000	0	0.5	300	0.03
490	0.000655355523999997	0.000655355523999989	0	0.914	0.905	0.000655355523999997	0.000655355523999989	FGr	300	A13	C2	10000	1000	0	0.5	300	0.03
491	0.000659849279999991	0.000659849279999982	0	0.919	0.904	0.000659849279999991	0.000659849279999982	NoCorrection	300	A13	C2	10000	1000	0	0.5	300	0.03
492	9.72875234999904e-05	9.72875234999856e-05	0	0.992	0.989	9.72875234999904e-05	9.72875234999856e-05	ID	300	A13	C2	10000	1000	0	0.5	300	0.03
493	0.0035073914235	0.0035073914235	0	0.537	0.547	0.0035073914235	0.0035073914235	1	300	A13	C2	10000	1000	0	0.5	300	0.1
494	0.00549339621699998	0.00549339621699999	0	0.391	0.397	0.00549339621699998	0.00549339621699999	FGr	300	A13	C2	10000	1000	0	0.5	300	0.1
495	0.0054840194685	0.0054840194685	0	0.365	0.39	0.0054840194685	0.0054840194685	NoCorrection	300	A13	C2	10000	1000	0	0.5	300	0.1
496	0.00385483618275	0.00385483618275	0	0.492	0.516	0.00385483618275	0.00385483618275	ID	300	A13	C2	10000	1000	0	0.5	300	0.1
497	0.00402988898105998	0.0120945362	0	0.463	0.241	0.00402988898105998	0.0120945362	1	1000	A13	C2	10000	1000	0	0.5	300	0
498	0.00232836836580001	0.01101962645	0	0.656	0.257	0.00232836836580001	0.01101962645	FGr	1000	A13	C2	10000	1000	0	0.5	300	0
499	0.0024118359015	0.01105431515	0	0.657	0.256	0.0024118359015	0.01105431515	NoCorrection	1000	A13	C2	10000	1000	0	0.5	300	0
500	0.00361041974379998	0.01103807675	0	0.522	0.274	0.00361041974379998	0.01103807675	ID	1000	A13	C2	10000	1000	0	0.5	300	0
501	-0.00604440196650002	-0.02944680245	0	0.42	0.022	-0.00604440196650002	-0.02944680245	1	1000	A13	C2	10000	1000	0	0.5	300	0.01
502	-0.00547124464449999	-0.02936261965	0	0.48	0.032	-0.00547124464449999	-0.02936261965	FGr	1000	A13	C2	10000	1000	0	0.5	300	0.01
503	-0.00567033169085003	-0.03061485465	0	0.498	0.023	-0.00567033169085003	-0.03061485465	NoCorrection	1000	A13	C2	10000	1000	0	0.5	300	0.01
504	-0.00635061530771002	-0.02778291085	0	0.411	0.05	-0.00635061530771002	-0.02778291085	ID	1000	A13	C2	10000	1000	0	0.5	300	0.01
505	-0.00247897584310006	-0.0222531096	0	0.695	0.021	-0.00247897584310006	-0.0222531096	1	1000	A13	C2	10000	1000	0	0.5	300	0.03
506	-0.000620321364999994	-0.0193040107	0	0.925	0.065	-0.000620321364999994	-0.0193040107	FGr	1000	A13	C2	10000	1000	0	0.5	300	0.03
507	-0.000700272131499981	-0.0201664132000001	0	0.922	0.057	-0.000700272131499981	-0.0201664132000001	NoCorrection	1000	A13	C2	10000	1000	0	0.5	300	0.03
508	-0.00278920465325005	-0.02211333245	0	0.686	0.031	-0.00278920465325005	-0.02211333245	ID	1000	A13	C2	10000	1000	0	0.5	300	0.03
509	0.000734428740099982	-0.014742313	0	0.904	0.149	0.000734428740099982	-0.014742313	1	1000	A13	C2	10000	1000	0	0.5	300	0.1
510	0.00523837451750002	-0.01240840975	0	0.398	0.265	0.00523837451750002	-0.01240840975	FGr	1000	A13	C2	10000	1000	0	0.5	300	0.1
511	0.005215732204	-0.0124100304	0	0.406	0.265	0.005215732204	-0.0124100304	NoCorrection	1000	A13	C2	10000	1000	0	0.5	300	0.1
512	-4.53266405000367e-05	-0.0133506148	0	0.994	0.173	-4.53266405000367e-05	-0.0133506148	ID	1000	A13	C2	10000	1000	0	0.5	300	0.1
513	0.00891770386391002	0.02370987315	0	0.191	0.135	0.00891770386391002	0.02370987315	1	10000	A13	C2	10000	1000	0	0.5	300	0
514	0.0086285596955	0.0184039451	0	0.223	0.257	0.0086285596955	0.0184039451	FGr	10000	A13	C2	10000	1000	0	0.5	300	0
515	0.0085385833945	0.0204904575	0	0.202	0.196	0.0085385833945	0.0204904575	NoCorrection	10000	A13	C2	10000	1000	0	0.5	300	0
516	0.00892626775630001	0.0254438068	0	0.178	0.106	0.00892626775630001	0.0254438068	ID	10000	A13	C2	10000	1000	0	0.5	300	0
517	0.00153668130500001	-0.00820211340000004	0	0.817	0.617	0.00153668130500001	-0.00820211340000004	1	10000	A13	C2	10000	1000	0	0.5	300	0.01
518	0.0018532101405	0.000982597649999998	0	0.736	0.963	0.0018532101405	0.000982597649999998	FGr	10000	A13	C2	10000	1000	0	0.5	300	0.01
519	0.0018080798957	-0.000135126899999995	0	0.75	0.99	0.0018080798957	-0.000135126899999995	NoCorrection	10000	A13	C2	10000	1000	0	0.5	300	0.01
520	0.001597651208	-0.00498225304999999	0	0.796	0.772	0.001597651208	-0.00498225304999999	ID	10000	A13	C2	10000	1000	0	0.5	300	0.01
521	-0.0051197777595	0.015353811	0	0.429	0.316	-0.0051197777595	0.015353811	1	10000	A13	C2	10000	1000	0	0.5	300	0.03
522	-0.00514038786814999	0.0120398765000001	0	0.445	0.424	-0.00514038786814999	0.0120398765000001	FGr	10000	A13	C2	10000	1000	0	0.5	300	0.03
523	-0.00509364947000001	0.0157581039499999	0	0.431	0.336	-0.00509364947000001	0.0157581039499999	NoCorrection	10000	A13	C2	10000	1000	0	0.5	300	0.03
524	-0.00504739478639992	0.0144103476	0	0.48	0.377	-0.00504739478639992	0.0144103476	ID	10000	A13	C2	10000	1000	0	0.5	300	0.03
525	-0.00434854007449997	0.0150712893	0	0.438	0.345	-0.00434854007449997	0.0150712893	1	10000	A13	C2	10000	1000	0	0.5	300	0.1
526	-0.00589400776949993	0.00678868009999999	0	0.273	0.687	-0.00589400776949993	0.00678868009999999	FGr	10000	A13	C2	10000	1000	0	0.5	300	0.1
527	-0.00591341991600002	0.00431995615000001	0	0.274	0.79	-0.00591341991600002	0.00431995615000001	NoCorrection	10000	A13	C2	10000	1000	0	0.5	300	0.1
528	-0.00432886394022495	0.012464201	0	0.442	0.434	-0.00432886394022495	0.012464201	ID	10000	A13	C2	10000	1000	0	0.5	300	0.1
529	0.00267608550699999	0.00267608550699998	0	0.669	0.636	0.00267608550699999	0.00267608550699998	1	300	A13	C2	10000	10000	0	0.5	300	0
530	0.00513423580695002	0.00513423580695003	0	0.398	0.399	0.00513423580695002	0.00513423580695003	FGr	300	A13	C2	10000	10000	0	0.5	300	0
531	0.00482273750215996	0.00482273750215996	0	0.408	0.413	0.00482273750215996	0.00482273750215996	NoCorrection	300	A13	C2	10000	10000	0	0.5	300	0
532	0.00319243015415988	0.00319243015415987	0	0.6	0.588	0.00319243015415988	0.00319243015415987	ID	300	A13	C2	10000	10000	0	0.5	300	0
533	-0.00244353599919	-0.00244353599919	0	0.705	0.708	-0.00244353599919	-0.00244353599919	1	300	A13	C2	10000	10000	0	0.5	300	0.01
534	-0.001991263213125	-0.001991263213125	0	0.753	0.739	-0.001991263213125	-0.001991263213125	FGr	300	A13	C2	10000	10000	0	0.5	300	0.01
535	-0.00185718109234998	-0.00185718109234998	0	0.772	0.776	-0.00185718109234998	-0.00185718109234998	NoCorrection	300	A13	C2	10000	10000	0	0.5	300	0.01
536	-0.00102842497575301	-0.00102842497575302	0	0.874	0.866	-0.00102842497575301	-0.00102842497575302	ID	300	A13	C2	10000	10000	0	0.5	300	0.01
537	-0.00480769738724999	-0.00480769738725	0	0.46	0.459	-0.00480769738724999	-0.00480769738725	1	300	A13	C2	10000	10000	0	0.5	300	0.03
538	-0.0061560615817	-0.00615606158170001	0	0.356	0.351	-0.0061560615817	-0.00615606158170001	FGr	300	A13	C2	10000	10000	0	0.5	300	0.03
539	-0.00608156935088	-0.00608156935088	0	0.349	0.331	-0.00608156935088	-0.00608156935088	NoCorrection	300	A13	C2	10000	10000	0	0.5	300	0.03
540	-0.00501196761009999	-0.00501196761009999	0	0.442	0.489	-0.00501196761009999	-0.00501196761009999	ID	300	A13	C2	10000	10000	0	0.5	300	0.03
541	0.00712979702496497	0.00712979702496496	0	0.216	0.236	0.00712979702496497	0.00712979702496496	1	300	A13	C2	10000	10000	0	0.5	300	0.1
542	0.00404222834641996	0.00404222834641997	0	0.463	0.511	0.00404222834641996	0.00404222834641997	FGr	300	A13	C2	10000	10000	0	0.5	300	0.1
543	0.00442857226810001	0.0044285722681	0	0.442	0.468	0.00442857226810001	0.0044285722681	NoCorrection	300	A13	C2	10000	10000	0	0.5	300	0.1
544	0.00777559143829503	0.00777559143829503	0	0.205	0.181	0.00777559143829503	0.00777559143829503	ID	300	A13	C2	10000	10000	0	0.5	300	0.1
545	0.00517212268400007	0.00659177896000035	0	0.343	0.458	0.00517212268400007	0.00659177896000035	1	1000	A13	C2	10000	10000	0	0.5	300	0
546	0.00522804164265005	0.00620282457499995	0	0.34	0.505	0.00522804164265005	0.00620282457499995	FGr	1000	A13	C2	10000	10000	0	0.5	300	0
547	0.00522625441866003	0.0068240409599999	0	0.322	0.443	0.00522625441866003	0.0068240409599999	NoCorrection	1000	A13	C2	10000	10000	0	0.5	300	0
548	0.00516364022849995	0.00574960780999979	0	0.323	0.524	0.00516364022849995	0.00574960780999979	ID	1000	A13	C2	10000	10000	0	0.5	300	0
549	-0.00501041784643213	-0.00637006476999998	0	0.518	0.532	-0.00501041784643213	-0.00637006476999998	1	1000	A13	C2	10000	10000	0	0.5	300	0.01
550	-0.00479031878660009	-0.008797113195	0	0.491	0.416	-0.00479031878660009	-0.008797113195	FGr	1000	A13	C2	10000	10000	0	0.5	300	0.01
551	-0.00478859235501798	-0.00904296417499997	0	0.543	0.371	-0.00478859235501798	-0.00904296417499997	NoCorrection	1000	A13	C2	10000	10000	0	0.5	300	0.01
552	-0.00491548286296995	-0.00712178000000001	0	0.522	0.471	-0.00491548286296995	-0.00712178000000001	ID	1000	A13	C2	10000	10000	0	0.5	300	0.01
553	0.00192877172496007	-0.00117652618999992	0	0.827	0.918	0.00192877172496007	-0.00117652618999992	1	1000	A13	C2	10000	10000	0	0.5	300	0.03
554	0.00184511310653998	-0.0019257494849999	0	0.834	0.877	0.00184511310653998	-0.0019257494849999	FGr	1000	A13	C2	10000	10000	0	0.5	300	0.03
555	0.00184479644250997	-0.0019634389400002	0	0.818	0.855	0.00184479644250997	-0.0019634389400002	NoCorrection	1000	A13	C2	10000	10000	0	0.5	300	0.03
556	0.00192551661482999	-0.00030887286999989	0	0.809	0.978	0.00192551661482999	-0.00030887286999989	ID	1000	A13	C2	10000	10000	0	0.5	300	0.03
557	0.000463724187599961	-0.00253926109000003	0	0.941	0.794	0.000463724187599961	-0.00253926109000003	1	1000	A13	C2	10000	10000	0	0.5	300	0.1
558	0.00011219769650002	-0.00347721058499997	0	0.987	0.708	0.00011219769650002	-0.00347721058499997	FGr	1000	A13	C2	10000	10000	0	0.5	300	0.1
559	0.00011017291529996	-0.0041175381999998	0	0.995	0.695	0.00011017291529996	-0.0041175381999998	NoCorrection	1000	A13	C2	10000	10000	0	0.5	300	0.1
560	0.000332702309610059	-0.00222137672499992	0	0.952	0.811	0.000332702309610059	-0.00222137672499992	ID	1000	A13	C2	10000	10000	0	0.5	300	0.1
561	-0.0110884635417	0.00576227700000029	0	0.048	0.688	-0.0110884635417	0.00576227700000029	1	10000	A13	C2	10000	10000	0	0.5	300	0
562	-0.009804413573215	0.00967009417000007	0	0.099	0.532	-0.009804413573215	0.00967009417000007	FGr	10000	A13	C2	10000	10000	0	0.5	300	0
563	-0.009794101149305	0.00977711645500003	0	0.102	0.535	-0.009794101149305	0.00977711645500003	NoCorrection	10000	A13	C2	10000	10000	0	0.5	300	0
564	-0.01102028152075	0.00667379516500017	0	0.061	0.664	-0.01102028152075	0.00667379516500017	ID	10000	A13	C2	10000	10000	0	0.5	300	0
565	-0.00877456081368003	0.010193146675	0	0.148	0.507	-0.00877456081368003	0.010193146675	1	10000	A13	C2	10000	10000	0	0.5	300	0.01
566	-0.0105079343000451	0.0136320297099996	0	0.087	0.349	-0.0105079343000451	0.0136320297099996	FGr	10000	A13	C2	10000	10000	0	0.5	300	0.01
567	-0.0105300311402501	0.0140138652650002	0	0.099	0.364	-0.0105300311402501	0.0140138652650002	NoCorrection	10000	A13	C2	10000	10000	0	0.5	300	0.01
568	-0.00873587438236997	0.0102003259749999	0	0.15	0.495	-0.00873587438236997	0.0102003259749999	ID	10000	A13	C2	10000	10000	0	0.5	300	0.01
569	0.00276370335875505	0.00852002357500011	0	0.672	0.601	0.00276370335875505	0.00852002357500011	1	10000	A13	C2	10000	10000	0	0.5	300	0.03
570	0.00289699746684495	0.00641919063000005	0	0.678	0.7	0.00289699746684495	0.00641919063000005	FGr	10000	A13	C2	10000	10000	0	0.5	300	0.03
571	0.00290074082415003	0.00579097230499997	0	0.653	0.727	0.00290074082415003	0.00579097230499997	NoCorrection	10000	A13	C2	10000	10000	0	0.5	300	0.03
572	0.00268423760390009	0.0059965992700007	0	0.663	0.704	0.00268423760390009	0.0059965992700007	ID	10000	A13	C2	10000	10000	0	0.5	300	0.03
573	-0.0049278388308	-0.0145329933249999	0	0.45	0.364	-0.0049278388308	-0.0145329933249999	1	10000	A13	C2	10000	10000	0	0.5	300	0.1
574	-0.00833431775364003	-0.0122349273100001	0	0.233	0.451	-0.00833431775364003	-0.0122349273100001	FGr	10000	A13	C2	10000	10000	0	0.5	300	0.1
575	-0.00833733254854996	-0.0139276940400007	0	0.238	0.41	-0.00833733254854996	-0.0139276940400007	NoCorrection	10000	A13	C2	10000	10000	0	0.5	300	0.1
576	-0.00508714619186001	-0.0140387096499996	0	0.44	0.384	-0.00508714619186001	-0.0140387096499996	ID	10000	A13	C2	10000	10000	0	0.5	300	0.1
