	c-q	nc-q	true-q	c-p	nc-p	c-bias	nc-bias	type	L	rep	config	gwas_size	test_size	h2	ts	num_causal	env
1	-0.02747704292	-0.02747704292	0	0.503	0.498	-0.02747704292	-0.02747704292	1	300	A17	C1	1000	100	0	0.5	300	0
2	-0.02445106685	-0.02445106685	0	0.514	0.538	-0.02445106685	-0.02445106685	FGr	300	A17	C1	1000	100	0	0.5	300	0
3	-0.03098407287	-0.03098407287	0	0.411	0.406	-0.03098407287	-0.03098407287	NoCorrection	300	A17	C1	1000	100	0	0.5	300	0
4	-0.02844210649	-0.02844210649	0	0.462	0.472	-0.02844210649	-0.02844210649	ID	300	A17	C1	1000	100	0	0.5	300	0
5	0.01646582603	0.01646582603	0	0.647	0.662	0.01646582603	0.01646582603	1	300	A17	C1	1000	100	0	0.5	300	0.01
6	-0.010099164405	-0.010099164405	0	0.789	0.796	-0.010099164405	-0.010099164405	FGr	300	A17	C1	1000	100	0	0.5	300	0.01
7	-0.010449149395	-0.010449149395	0	0.776	0.781	-0.010449149395	-0.010449149395	NoCorrection	300	A17	C1	1000	100	0	0.5	300	0.01
8	0.00694096064999999	0.00694096064999999	0	0.875	0.858	0.00694096064999999	0.00694096064999999	ID	300	A17	C1	1000	100	0	0.5	300	0.01
9	-0.000911445373000028	-0.000911445372999979	0	0.976	0.983	-0.000911445373000028	-0.000911445372999979	1	300	A17	C1	1000	100	0	0.5	300	0.03
10	-0.00276875793499999	-0.00276875793500003	0	0.933	0.931	-0.00276875793499999	-0.00276875793500003	FGr	300	A17	C1	1000	100	0	0.5	300	0.03
11	-0.00724898327	-0.00724898327000001	0	0.853	0.859	-0.00724898327	-0.00724898327000001	NoCorrection	300	A17	C1	1000	100	0	0.5	300	0.03
12	-0.014401733539	-0.014401733539	0	0.704	0.705	-0.014401733539	-0.014401733539	ID	300	A17	C1	1000	100	0	0.5	300	0.03
13	0.0056564656	0.0056564656	0	0.872	0.909	0.0056564656	0.0056564656	1	300	A17	C1	1000	100	0	0.5	300	0.1
14	-0.01407845068	-0.01407845068	0	0.703	0.726	-0.01407845068	-0.01407845068	FGr	300	A17	C1	1000	100	0	0.5	300	0.1
15	-0.00586203886499999	-0.00586203886499999	0	0.897	0.883	-0.00586203886499999	-0.00586203886499999	NoCorrection	300	A17	C1	1000	100	0	0.5	300	0.1
16	-0.02405842098	-0.0240584209800001	0	0.525	0.533	-0.02405842098	-0.0240584209800001	ID	300	A17	C1	1000	100	0	0.5	300	0.1
17	0.036969281155	-0.09109625	0	0.311	0.15	0.036969281155	-0.09109625	1	1000	A17	C1	1000	100	0	0.5	300	0
18	0.01784887161	-0.1242108295	0	0.595	0.037	0.01784887161	-0.1242108295	FGr	1000	A17	C1	1000	100	0	0.5	300	0
19	0.0104045528450001	-0.136232459	0	0.801	0.019	0.0104045528450001	-0.136232459	NoCorrection	1000	A17	C1	1000	100	0	0.5	300	0
20	0.029362961626	-0.1201824595	0	0.414	0.05	0.029362961626	-0.1201824595	ID	1000	A17	C1	1000	100	0	0.5	300	0
21	0.05406690094	-0.0765165844999999	0	0.219	0.287	0.05406690094	-0.0765165844999999	1	1000	A17	C1	1000	100	0	0.5	300	0.01
22	0.05040685019	-0.0999469224999999	0	0.223	0.169	0.05040685019	-0.0999469224999999	FGr	1000	A17	C1	1000	100	0	0.5	300	0.01
23	0.01842577784	-0.1631348735	0	0.682	0.03	0.01842577784	-0.1631348735	NoCorrection	1000	A17	C1	1000	100	0	0.5	300	0.01
24	0.05165801015	-0.085165979	0	0.26	0.223	0.05165801015	-0.085165979	ID	1000	A17	C1	1000	100	0	0.5	300	0.01
25	-0.07067923749	-0.02258634	0	0.048	0.73	-0.07067923749	-0.02258634	1	1000	A17	C1	1000	100	0	0.5	300	0.03
26	-0.043494925633	0.041860995	0	0.236	0.495	-0.043494925633	0.041860995	FGr	1000	A17	C1	1000	100	0	0.5	300	0.03
27	-0.028527639855	0.0607732715	0	0.419	0.336	-0.028527639855	0.0607732715	NoCorrection	1000	A17	C1	1000	100	0	0.5	300	0.03
28	-0.066235645225	-0.011848081	0	0.067	0.876	-0.066235645225	-0.011848081	ID	1000	A17	C1	1000	100	0	0.5	300	0.03
29	-0.042200185465	0.040745383	0	0.33	0.542	-0.042200185465	0.040745383	1	1000	A17	C1	1000	100	0	0.5	300	0.1
30	-0.0560829923	-0.00554412550000017	0	0.156	0.945	-0.0560829923	-0.00554412550000017	FGr	1000	A17	C1	1000	100	0	0.5	300	0.1
31	-0.01809468609	0.105676733	0	0.646	0.126	-0.01809468609	0.105676733	NoCorrection	1000	A17	C1	1000	100	0	0.5	300	0.1
32	-0.054087129515	0.00906023749999994	0	0.199	0.907	-0.054087129515	0.00906023749999994	ID	1000	A17	C1	1000	100	0	0.5	300	0.1
33	-0.050070811615	0.1082553335	0	0.145	0.223	-0.050070811615	0.1082553335	1	10000	A17	C1	1000	100	0	0.5	300	0
34	-0.0420157378	0.104115099	0	0.232	0.255	-0.0420157378	0.104115099	FGr	10000	A17	C1	1000	100	0	0.5	300	0
35	-0.06543377173	-0.057365368	0	0.063	0.528	-0.06543377173	-0.057365368	NoCorrection	10000	A17	C1	1000	100	0	0.5	300	0
36	-0.0457660529000001	0.1017442835	0	0.213	0.272	-0.0457660529000001	0.1017442835	ID	10000	A17	C1	1000	100	0	0.5	300	0
37	0.032680797625	0.043995285	0	0.365	0.628	0.032680797625	0.043995285	1	10000	A17	C1	1000	100	0	0.5	300	0.01
38	0.022214967896	-0.0580675705	0	0.556	0.51	0.022214967896	-0.0580675705	FGr	10000	A17	C1	1000	100	0	0.5	300	0.01
39	0.00533896066	-0.13328077	0	0.895	0.148	0.00533896066	-0.13328077	NoCorrection	10000	A17	C1	1000	100	0	0.5	300	0.01
40	0.031500665455	0.0063081950000001	0	0.393	0.944	0.031500665455	0.0063081950000001	ID	10000	A17	C1	1000	100	0	0.5	300	0.01
41	0.0092888964	0.0412950350000001	0	0.824	0.687	0.0092888964	0.0412950350000001	1	10000	A17	C1	1000	100	0	0.5	300	0.03
42	0.00602302065000003	0.0359087215	0	0.886	0.746	0.00602302065000003	0.0359087215	FGr	10000	A17	C1	1000	100	0	0.5	300	0.03
43	-0.002783241056	-0.0455684789999997	0	0.938	0.668	-0.002783241056	-0.0455684789999997	NoCorrection	10000	A17	C1	1000	100	0	0.5	300	0.03
44	0.00591091043000001	0.02198025	0	0.887	0.816	0.00591091043000001	0.02198025	ID	10000	A17	C1	1000	100	0	0.5	300	0.03
45	-0.0396515781040001	-0.0246020219999999	0	0.216	0.796	-0.0396515781040001	-0.0246020219999999	1	10000	A17	C1	1000	100	0	0.5	300	0.1
46	-0.027967939225	0.146938198	0	0.411	0.11	-0.027967939225	0.146938198	FGr	10000	A17	C1	1000	100	0	0.5	300	0.1
47	0.00223738263500002	0.2949311875	0	0.947	0.002	0.00223738263500002	0.2949311875	NoCorrection	10000	A17	C1	1000	100	0	0.5	300	0.1
48	-0.040089077625	-0.0209236005	0	0.244	0.818	-0.040089077625	-0.0209236005	ID	10000	A17	C1	1000	100	0	0.5	300	0.1
49	0.0206506181465	0.0206506181465	0	0.488	0.48	0.0206506181465	0.0206506181465	1	300	A17	C1	1000	1000	0	0.5	300	0
50	0.000407494361000024	0.000407494361000006	0	0.989	0.988	0.000407494361000024	0.000407494361000006	FGr	300	A17	C1	1000	1000	0	0.5	300	0
51	-0.00961276826349999	-0.0096127682635	0	0.709	0.741	-0.00961276826349999	-0.0096127682635	NoCorrection	300	A17	C1	1000	1000	0	0.5	300	0
52	0.02978738158055	0.02978738158055	0	0.294	0.289	0.02978738158055	0.02978738158055	ID	300	A17	C1	1000	1000	0	0.5	300	0
53	-0.021796126012	-0.021796126012	0	0.464	0.431	-0.021796126012	-0.021796126012	1	300	A17	C1	1000	1000	0	0.5	300	0.01
54	-0.0166442190426	-0.0166442190426	0	0.555	0.559	-0.0166442190426	-0.0166442190426	FGr	300	A17	C1	1000	1000	0	0.5	300	0.01
55	0.0179477475535	0.0179477475535	0	0.524	0.554	0.0179477475535	0.0179477475535	NoCorrection	300	A17	C1	1000	1000	0	0.5	300	0.01
56	-0.012812481583	-0.012812481583	0	0.64	0.664	-0.012812481583	-0.012812481583	ID	300	A17	C1	1000	1000	0	0.5	300	0.01
57	0.00217992703850001	0.0021799270385	0	0.939	0.953	0.00217992703850001	0.0021799270385	1	300	A17	C1	1000	1000	0	0.5	300	0.03
58	0.0139908948562	0.0139908948562	0	0.677	0.661	0.0139908948562	0.0139908948562	FGr	300	A17	C1	1000	1000	0	0.5	300	0.03
59	0.025393048076	0.025393048076	0	0.437	0.457	0.025393048076	0.025393048076	NoCorrection	300	A17	C1	1000	1000	0	0.5	300	0.03
60	-0.0190821215260001	-0.0190821215260001	0	0.576	0.552	-0.0190821215260001	-0.0190821215260001	ID	300	A17	C1	1000	1000	0	0.5	300	0.03
61	-0.05876585718895	-0.05876585718895	0	0.046	0.049	-0.05876585718895	-0.05876585718895	1	300	A17	C1	1000	1000	0	0.5	300	0.1
62	-0.052719513752	-0.052719513752	0	0.085	0.076	-0.052719513752	-0.052719513752	FGr	300	A17	C1	1000	1000	0	0.5	300	0.1
63	-0.0363439148804999	-0.0363439148804999	0	0.207	0.205	-0.0363439148804999	-0.0363439148804999	NoCorrection	300	A17	C1	1000	1000	0	0.5	300	0.1
64	-0.0485720013515	-0.0485720013515	0	0.102	0.099	-0.0485720013515	-0.0485720013515	ID	300	A17	C1	1000	1000	0	0.5	300	0.1
65	-0.00146271053200001	-0.0440888278499999	0	0.962	0.339	-0.00146271053200001	-0.0440888278499999	1	1000	A17	C1	1000	1000	0	0.5	300	0
66	0.0425822622110001	0.05198093705	0	0.185	0.244	0.0425822622110001	0.05198093705	FGr	1000	A17	C1	1000	1000	0	0.5	300	0
67	0.0626524618699998	0.103337609	0	0.047	0.037	0.0626524618699998	0.103337609	NoCorrection	1000	A17	C1	1000	1000	0	0.5	300	0
68	-0.00150262680100005	-0.04180627605	0	0.967	0.345	-0.00150262680100005	-0.04180627605	ID	1000	A17	C1	1000	1000	0	0.5	300	0
69	-0.015794902026	-0.0252442465	0	0.636	0.597	-0.015794902026	-0.0252442465	1	1000	A17	C1	1000	1000	0	0.5	300	0.01
70	-0.0308642957425001	-0.0611700938	0	0.346	0.186	-0.0308642957425001	-0.0611700938	FGr	1000	A17	C1	1000	1000	0	0.5	300	0.01
71	-0.0522891502561001	-0.11979116135	0	0.11	0.011	-0.0522891502561001	-0.11979116135	NoCorrection	1000	A17	C1	1000	1000	0	0.5	300	0.01
72	-0.0244820398474999	-0.0473928256	0	0.474	0.329	-0.0244820398474999	-0.0473928256	ID	1000	A17	C1	1000	1000	0	0.5	300	0.01
73	0.018568793305	-0.0177502345	0	0.532	0.698	0.018568793305	-0.0177502345	1	1000	A17	C1	1000	1000	0	0.5	300	0.03
74	0.0157078818375	-0.0164892921	0	0.609	0.698	0.0157078818375	-0.0164892921	FGr	1000	A17	C1	1000	1000	0	0.5	300	0.03
75	0.042113816508	0.03422043255	0	0.142	0.439	0.042113816508	0.03422043255	NoCorrection	1000	A17	C1	1000	1000	0	0.5	300	0.03
76	0.0288326392535	0.00526724425000001	0	0.351	0.913	0.0288326392535	0.00526724425000001	ID	1000	A17	C1	1000	1000	0	0.5	300	0.03
77	0.0312899102300001	0.0591956438999999	0	0.307	0.207	0.0312899102300001	0.0591956438999999	1	1000	A17	C1	1000	1000	0	0.5	300	0.1
78	0.026950016498	0.0562488728000002	0	0.38	0.208	0.026950016498	0.0562488728000002	FGr	1000	A17	C1	1000	1000	0	0.5	300	0.1
79	0.053342225735	0.0943631776500001	0	0.073	0.046	0.053342225735	0.0943631776500001	NoCorrection	1000	A17	C1	1000	1000	0	0.5	300	0.1
80	0.029936322835	0.0515219213499998	0	0.315	0.279	0.029936322835	0.0515219213499998	ID	1000	A17	C1	1000	1000	0	0.5	300	0.1
81	-0.000824309085499932	-0.0594978649500001	0	0.97	0.377	-0.000824309085499932	-0.0594978649500001	1	10000	A17	C1	1000	1000	0	0.5	300	0
82	-0.00750689813850003	-0.0886597714999999	0	0.772	0.171	-0.00750689813850003	-0.0886597714999999	FGr	10000	A17	C1	1000	1000	0	0.5	300	0
83	-0.00252678332449985	-0.0703159321999998	0	0.922	0.243	-0.00252678332449985	-0.0703159321999998	NoCorrection	10000	A17	C1	1000	1000	0	0.5	300	0
84	-0.00304215696799997	-0.0718282877500008	0	0.905	0.27	-0.00304215696799997	-0.0718282877500008	ID	10000	A17	C1	1000	1000	0	0.5	300	0
85	-0.00367144082299994	0.0714212618499997	0	0.899	0.357	-0.00367144082299994	0.0714212618499997	1	10000	A17	C1	1000	1000	0	0.5	300	0.01
86	-0.00277118054799986	0.0748986311500002	0	0.923	0.324	-0.00277118054799986	0.0748986311500002	FGr	10000	A17	C1	1000	1000	0	0.5	300	0.01
87	-0.000618473203000358	0.0838094484999991	0	0.988	0.253	-0.000618473203000358	0.0838094484999991	NoCorrection	10000	A17	C1	1000	1000	0	0.5	300	0.01
88	-0.00165853590699996	0.0696331313999998	0	0.944	0.358	-0.00165853590699996	0.0696331313999998	ID	10000	A17	C1	1000	1000	0	0.5	300	0.01
89	0.00779318528900001	-0.04868619125	0	0.742	0.479	0.00779318528900001	-0.04868619125	1	10000	A17	C1	1000	1000	0	0.5	300	0.03
90	0.00767805856049998	-0.04083338475	0	0.752	0.549	0.00767805856049998	-0.04083338475	FGr	10000	A17	C1	1000	1000	0	0.5	300	0.03
91	0.0230304171837	0.0718302759	0	0.369	0.333	0.0230304171837	0.0718302759	NoCorrection	10000	A17	C1	1000	1000	0	0.5	300	0.03
92	0.00441828515149996	-0.074657472	0	0.864	0.323	0.00441828515149996	-0.074657472	ID	10000	A17	C1	1000	1000	0	0.5	300	0.03
93	-0.0115496666629998	-0.0958685095000001	0	0.643	0.185	-0.0115496666629998	-0.0958685095000001	1	10000	A17	C1	1000	1000	0	0.5	300	0.1
94	-0.0159131755005001	-0.12326497875	0	0.526	0.077	-0.0159131755005001	-0.12326497875	FGr	10000	A17	C1	1000	1000	0	0.5	300	0.1
95	0.0452712796461001	0.31782076125	0	0.087	0	0.0452712796461001	0.31782076125	NoCorrection	10000	A17	C1	1000	1000	0	0.5	300	0.1
96	-0.0151723578631999	-0.12013968525	0	0.566	0.099	-0.0151723578631999	-0.12013968525	ID	10000	A17	C1	1000	1000	0	0.5	300	0.1
97	-0.00445956560985038	-0.00445956560985033	0	0.846	0.83	-0.00445956560985038	-0.00445956560985033	1	300	A17	C1	1000	10000	0	0.5	300	0
98	-0.0138999512282004	-0.0138999512282004	0	0.601	0.587	-0.0138999512282004	-0.0138999512282004	FGr	300	A17	C1	1000	10000	0	0.5	300	0
99	-0.0117558745845999	-0.0117558745845999	0	0.612	0.671	-0.0117558745845999	-0.0117558745845999	NoCorrection	300	A17	C1	1000	10000	0	0.5	300	0
100	0.0013204168041496	0.00132041680414964	0	0.959	0.963	0.0013204168041496	0.00132041680414964	ID	300	A17	C1	1000	10000	0	0.5	300	0
101	-0.00517239139779992	-0.00517239139779994	0	0.853	0.863	-0.00517239139779992	-0.00517239139779994	1	300	A17	C1	1000	10000	0	0.5	300	0.01
102	-0.0110402474976004	-0.0110402474976004	0	0.706	0.714	-0.0110402474976004	-0.0110402474976004	FGr	300	A17	C1	1000	10000	0	0.5	300	0.01
103	-0.0135461355216996	-0.0135461355216996	0	0.637	0.664	-0.0135461355216996	-0.0135461355216996	NoCorrection	300	A17	C1	1000	10000	0	0.5	300	0.01
104	-0.01467015605885	-0.01467015605885	0	0.638	0.639	-0.01467015605885	-0.01467015605885	ID	300	A17	C1	1000	10000	0	0.5	300	0.01
105	-0.00458518361854993	-0.00458518361854993	0	0.884	0.887	-0.00458518361854993	-0.00458518361854993	1	300	A17	C1	1000	10000	0	0.5	300	0.03
106	0.0260381342056149	0.026038134205615	0	0.364	0.37	0.0260381342056149	0.026038134205615	FGr	300	A17	C1	1000	10000	0	0.5	300	0.03
107	0.0269297238884001	0.0269297238884001	0	0.338	0.342	0.0269297238884001	0.0269297238884001	NoCorrection	300	A17	C1	1000	10000	0	0.5	300	0.03
108	0.0137349536684501	0.0137349536684501	0	0.652	0.666	0.0137349536684501	0.0137349536684501	ID	300	A17	C1	1000	10000	0	0.5	300	0.03
109	-0.00495083887769994	-0.00495083887769994	0	0.839	0.856	-0.00495083887769994	-0.00495083887769994	1	300	A17	C1	1000	10000	0	0.5	300	0.1
110	0.01880911008665	0.01880911008665	0	0.462	0.469	0.01880911008665	0.01880911008665	FGr	300	A17	C1	1000	10000	0	0.5	300	0.1
111	0.0209621934886499	0.0209621934886499	0	0.372	0.391	0.0209621934886499	0.0209621934886499	NoCorrection	300	A17	C1	1000	10000	0	0.5	300	0.1
112	-0.01147061312044	-0.01147061312044	0	0.67	0.673	-0.01147061312044	-0.01147061312044	ID	300	A17	C1	1000	10000	0	0.5	300	0.1
113	-0.0152465962166506	0.00893969153000001	0	0.493	0.822	-0.0152465962166506	0.00893969153000001	1	1000	A17	C1	1000	10000	0	0.5	300	0
114	-0.0215599495137103	0.00267233382999967	0	0.342	0.951	-0.0215599495137103	0.00267233382999967	FGr	1000	A17	C1	1000	10000	0	0.5	300	0
115	-0.0266257038796503	-0.011649057145	0	0.229	0.774	-0.0266257038796503	-0.011649057145	NoCorrection	1000	A17	C1	1000	10000	0	0.5	300	0
116	-0.0249327280538492	-0.00340696686499976	0	0.311	0.951	-0.0249327280538492	-0.00340696686499976	ID	1000	A17	C1	1000	10000	0	0.5	300	0
117	0.0593889566761999	-0.0449001433700009	0	0.033	0.317	0.0593889566761999	-0.0449001433700009	1	1000	A17	C1	1000	10000	0	0.5	300	0.01
118	0.0554353891344996	-0.0463737841650014	0	0.052	0.309	0.0554353891344996	-0.0463737841650014	FGr	1000	A17	C1	1000	10000	0	0.5	300	0.01
119	0.0703339981600003	-0.025112562790001	0	0.015	0.581	0.0703339981600003	-0.025112562790001	NoCorrection	1000	A17	C1	1000	10000	0	0.5	300	0.01
120	0.0524389369520002	-0.0651039138100005	0	0.048	0.149	0.0524389369520002	-0.0651039138100005	ID	1000	A17	C1	1000	10000	0	0.5	300	0.01
121	-0.0310040442206501	-0.0881072233500002	0	0.225	0.032	-0.0310040442206501	-0.0881072233500002	1	1000	A17	C1	1000	10000	0	0.5	300	0.03
122	-0.0316131459843503	-0.085130114365	0	0.209	0.041	-0.0316131459843503	-0.085130114365	FGr	1000	A17	C1	1000	10000	0	0.5	300	0.03
123	-0.00545975410094493	0.0211773698100001	0	0.832	0.615	-0.00545975410094493	0.0211773698100001	NoCorrection	1000	A17	C1	1000	10000	0	0.5	300	0.03
124	-0.0282307345259001	-0.0816227965000001	0	0.268	0.043	-0.0282307345259001	-0.0816227965000001	ID	1000	A17	C1	1000	10000	0	0.5	300	0.03
125	-0.00418572356799999	-0.0196662613899997	0	0.881	0.648	-0.00418572356799999	-0.0196662613899997	1	1000	A17	C1	1000	10000	0	0.5	300	0.1
126	0.0161232010348	0.0432648795449992	0	0.557	0.307	0.0161232010348	0.0432648795449992	FGr	1000	A17	C1	1000	10000	0	0.5	300	0.1
127	0.0307773760367	0.0904324082299993	0	0.248	0.026	0.0307773760367	0.0904324082299993	NoCorrection	1000	A17	C1	1000	10000	0	0.5	300	0.1
128	0.00451359611600003	0.000389273065000221	0	0.847	0.991	0.00451359611600003	0.000389273065000221	ID	1000	A17	C1	1000	10000	0	0.5	300	0.1
129	-0.00268023758260014	0.1592885464	0	0.929	0.01	-0.00268023758260014	0.1592885464	1	10000	A17	C1	1000	10000	0	0.5	300	0
130	-0.00235431267853497	0.1595391531	0	0.939	0.012	-0.00235431267853497	0.1595391531	FGr	10000	A17	C1	1000	10000	0	0.5	300	0
131	0.00335346007114986	0.188032040835	0	0.904	0.003	0.00335346007114986	0.188032040835	NoCorrection	10000	A17	C1	1000	10000	0	0.5	300	0
132	-0.00453154058295985	0.15039201308	0	0.877	0.011	-0.00453154058295985	0.15039201308	ID	10000	A17	C1	1000	10000	0	0.5	300	0
133	0.03038182769277	-0.0805446685349999	0	0.212	0.208	0.03038182769277	-0.0805446685349999	1	10000	A17	C1	1000	10000	0	0.5	300	0.01
134	0.0314001731428	-0.0741162996550001	0	0.224	0.25	0.0314001731428	-0.0741162996550001	FGr	10000	A17	C1	1000	10000	0	0.5	300	0.01
135	0.02645569408175	-0.0824338197399998	0	0.281	0.208	0.02645569408175	-0.0824338197399998	NoCorrection	10000	A17	C1	1000	10000	0	0.5	300	0.01
136	0.030300028531215	-0.0806203265700001	0	0.236	0.207	0.030300028531215	-0.0806203265700001	ID	10000	A17	C1	1000	10000	0	0.5	300	0.01
137	0.0426562677297893	-0.0783003743899993	0	0.098	0.15	0.0426562677297893	-0.0783003743899993	1	10000	A17	C1	1000	10000	0	0.5	300	0.03
138	0.0532440482803999	-0.0204066505750002	0	0.031	0.722	0.0532440482803999	-0.0204066505750002	FGr	10000	A17	C1	1000	10000	0	0.5	300	0.03
139	0.0308757798717996	-0.117329865245	0	0.221	0.04	0.0308757798717996	-0.117329865245	NoCorrection	10000	A17	C1	1000	10000	0	0.5	300	0.03
140	0.0437426044479999	-0.0686234202700007	0	0.069	0.221	0.0437426044479999	-0.0686234202700007	ID	10000	A17	C1	1000	10000	0	0.5	300	0.03
141	0.0126441770301	0.0468245823599992	0	0.578	0.452	0.0126441770301	0.0468245823599992	1	10000	A17	C1	1000	10000	0	0.5	300	0.1
142	0.0149151235051499	0.0521659445200008	0	0.549	0.423	0.0149151235051499	0.0521659445200008	FGr	10000	A17	C1	1000	10000	0	0.5	300	0.1
143	0.0510895119660001	0.281079276515	0	0.033	0	0.0510895119660001	0.281079276515	NoCorrection	10000	A17	C1	1000	10000	0	0.5	300	0.1
144	0.0135908014675	0.0476200708050003	0	0.577	0.465	0.0135908014675	0.0476200708050003	ID	10000	A17	C1	1000	10000	0	0.5	300	0.1
145	-0.00994886456	-0.00994886456	0	0.414	0.44	-0.00994886456	-0.00994886456	1	300	A17	C1	10000	100	0	0.5	300	0
146	-0.009569531025	-0.009569531025	0	0.428	0.418	-0.009569531025	-0.009569531025	FGr	300	A17	C1	10000	100	0	0.5	300	0
147	-0.008158217056	-0.008158217056	0	0.514	0.526	-0.008158217056	-0.008158217056	NoCorrection	300	A17	C1	10000	100	0	0.5	300	0
148	-0.01215534977	-0.01215534977	0	0.331	0.335	-0.01215534977	-0.01215534977	ID	300	A17	C1	10000	100	0	0.5	300	0
149	-0.00498688001500001	-0.00498688001499999	0	0.705	0.701	-0.00498688001500001	-0.00498688001499999	1	300	A17	C1	10000	100	0	0.5	300	0.01
150	0.00285022320549998	0.00285022320549996	0	0.836	0.84	0.00285022320549998	0.00285022320549996	FGr	300	A17	C1	10000	100	0	0.5	300	0.01
151	0.00236160527050001	0.00236160527049999	0	0.868	0.858	0.00236160527050001	0.00236160527049999	NoCorrection	300	A17	C1	10000	100	0	0.5	300	0.01
152	-0.005450928298645	-0.005450928298645	0	0.676	0.691	-0.005450928298645	-0.005450928298645	ID	300	A17	C1	10000	100	0	0.5	300	0.01
153	0.014696906604	0.014696906604	0	0.32	0.331	0.014696906604	0.014696906604	1	300	A17	C1	10000	100	0	0.5	300	0.03
154	0.027091419055	0.027091419055	0	0.056	0.051	0.027091419055	0.027091419055	FGr	300	A17	C1	10000	100	0	0.5	300	0.03
155	0.027550771795	0.027550771795	0	0.06	0.049	0.027550771795	0.027550771795	NoCorrection	300	A17	C1	10000	100	0	0.5	300	0.03
156	0.015520142445	0.015520142445	0	0.331	0.276	0.015520142445	0.015520142445	ID	300	A17	C1	10000	100	0	0.5	300	0.03
157	0.01461126293	0.01461126293	0	0.231	0.241	0.01461126293	0.01461126293	1	300	A17	C1	10000	100	0	0.5	300	0.1
158	0.055247306342	0.055247306342	0	0	0	0.055247306342	0.055247306342	FGr	300	A17	C1	10000	100	0	0.5	300	0.1
159	0.06494006317275	0.06494006317275	0	0	0	0.06494006317275	0.06494006317275	NoCorrection	300	A17	C1	10000	100	0	0.5	300	0.1
160	0.0234783855175	0.0234783855175	0	0.068	0.058	0.0234783855175	0.0234783855175	ID	300	A17	C1	10000	100	0	0.5	300	0.1
161	0.00745531822950002	-0.00325765550000002	0	0.533	0.882	0.00745531822950002	-0.00325765550000002	1	1000	A17	C1	10000	100	0	0.5	300	0
162	0.00654092472900002	-0.00933526799999999	0	0.585	0.658	0.00654092472900002	-0.00933526799999999	FGr	1000	A17	C1	10000	100	0	0.5	300	0
163	0.00246041999549999	-0.015118716	0	0.837	0.467	0.00246041999549999	-0.015118716	NoCorrection	1000	A17	C1	10000	100	0	0.5	300	0
164	0.00550151127900001	-0.0106812905	0	0.63	0.624	0.00550151127900001	-0.0106812905	ID	1000	A17	C1	10000	100	0	0.5	300	0
165	0.016824400435	-0.0106607145	0	0.131	0.572	0.016824400435	-0.0106607145	1	1000	A17	C1	10000	100	0	0.5	300	0.01
166	0.020971455076	0.00379334450000001	0	0.068	0.842	0.020971455076	0.00379334450000001	FGr	1000	A17	C1	10000	100	0	0.5	300	0.01
167	0.0226392086255	0.00817181250000001	0	0.043	0.632	0.0226392086255	0.00817181250000001	NoCorrection	1000	A17	C1	10000	100	0	0.5	300	0.01
168	0.015312462021	-0.009637589	0	0.172	0.599	0.015312462021	-0.009637589	ID	1000	A17	C1	10000	100	0	0.5	300	0.01
169	0.009853139775	-0.01790862	0	0.498	0.399	0.009853139775	-0.01790862	1	1000	A17	C1	10000	100	0	0.5	300	0.03
170	0.0146429370175	-0.010192752	0	0.291	0.605	0.0146429370175	-0.010192752	FGr	1000	A17	C1	10000	100	0	0.5	300	0.03
171	0.0146062121125	-0.0102169515	0	0.289	0.61	0.0146062121125	-0.0102169515	NoCorrection	1000	A17	C1	10000	100	0	0.5	300	0.03
172	0.00945816864	-0.018358063	0	0.509	0.365	0.00945816864	-0.018358063	ID	1000	A17	C1	10000	100	0	0.5	300	0.03
173	-0.01395619388	-0.0170786515	0	0.274	0.392	-0.01395619388	-0.0170786515	1	1000	A17	C1	10000	100	0	0.5	300	0.1
174	0.00615468663625	0.052981231	0	0.64	0.01	0.00615468663625	0.052981231	FGr	1000	A17	C1	10000	100	0	0.5	300	0.1
175	0.01894534296975	0.081650331	0	0.184	0.001	0.01894534296975	0.081650331	NoCorrection	1000	A17	C1	10000	100	0	0.5	300	0.1
176	-0.0153809527415	-0.024144103	0	0.247	0.248	-0.0153809527415	-0.024144103	ID	1000	A17	C1	10000	100	0	0.5	300	0.1
177	-0.03505985048	0.026121786	0	0.007	0.422	-0.03505985048	0.026121786	1	10000	A17	C1	10000	100	0	0.5	300	0
178	-0.037143113835	0.010402456	0	0.002	0.753	-0.037143113835	0.010402456	FGr	10000	A17	C1	10000	100	0	0.5	300	0
179	-0.036984569955	0.00766862099999999	0	0.011	0.822	-0.036984569955	0.00766862099999999	NoCorrection	10000	A17	C1	10000	100	0	0.5	300	0
180	-0.03579690284	0.0239650315	0	0.007	0.495	-0.03579690284	0.0239650315	ID	10000	A17	C1	10000	100	0	0.5	300	0
181	-0.00849092903900001	-0.010528544	0	0.495	0.758	-0.00849092903900001	-0.010528544	1	10000	A17	C1	10000	100	0	0.5	300	0.01
182	-0.011406971195	-0.0217228145	0	0.395	0.476	-0.011406971195	-0.0217228145	FGr	10000	A17	C1	10000	100	0	0.5	300	0.01
183	-0.00758358296600001	-0.0110482125	0	0.546	0.727	-0.00758358296600001	-0.0110482125	NoCorrection	10000	A17	C1	10000	100	0	0.5	300	0.01
184	-0.009882466885	-0.0173056065	0	0.459	0.584	-0.009882466885	-0.0173056065	ID	10000	A17	C1	10000	100	0	0.5	300	0.01
185	-0.00376339422200002	-0.008400095	0	0.768	0.789	-0.00376339422200002	-0.008400095	1	10000	A17	C1	10000	100	0	0.5	300	0.03
186	0.00316910075425	0.043373477	0	0.814	0.17	0.00316910075425	0.043373477	FGr	10000	A17	C1	10000	100	0	0.5	300	0.03
187	0.00640909571000001	0.0573673975	0	0.592	0.061	0.00640909571000001	0.0573673975	NoCorrection	10000	A17	C1	10000	100	0	0.5	300	0.03
188	-0.00276330879500001	-0.00470250149999999	0	0.807	0.876	-0.00276330879500001	-0.00470250149999999	ID	10000	A17	C1	10000	100	0	0.5	300	0.03
189	0.00806941818300001	-0.06166385	0	0.548	0.039	0.00806941818300001	-0.06166385	1	10000	A17	C1	10000	100	0	0.5	300	0.1
190	0.00938376671099998	-0.0436551535	0	0.456	0.144	0.00938376671099998	-0.0436551535	FGr	10000	A17	C1	10000	100	0	0.5	300	0.1
191	0.042499293278	0.1568351685	0	0.001	0	0.042499293278	0.1568351685	NoCorrection	10000	A17	C1	10000	100	0	0.5	300	0.1
192	0.0081173236185	-0.0614806925	0	0.52	0.049	0.0081173236185	-0.0614806925	ID	10000	A17	C1	10000	100	0	0.5	300	0.1
193	-0.00515875077676001	-0.00515875077676001	0	0.54	0.516	-0.00515875077676001	-0.00515875077676001	1	300	A17	C1	10000	1000	0	0.5	300	0
194	-0.0105053300994	-0.0105053300994	0	0.198	0.209	-0.0105053300994	-0.0105053300994	FGr	300	A17	C1	10000	1000	0	0.5	300	0
195	-0.0170056962399	-0.0170056962399	0	0.035	0.037	-0.0170056962399	-0.0170056962399	NoCorrection	300	A17	C1	10000	1000	0	0.5	300	0
196	-0.00864367046	-0.00864367045999999	0	0.304	0.298	-0.00864367046	-0.00864367045999999	ID	300	A17	C1	10000	1000	0	0.5	300	0
197	-0.000822186078999986	-0.000822186078999986	0	0.925	0.925	-0.000822186078999986	-0.000822186078999986	1	300	A17	C1	10000	1000	0	0.5	300	0.01
198	-0.0047924301195	-0.00479243011950002	0	0.558	0.547	-0.0047924301195	-0.00479243011950002	FGr	300	A17	C1	10000	1000	0	0.5	300	0.01
199	-0.00209386130065002	-0.00209386130065003	0	0.78	0.8	-0.00209386130065002	-0.00209386130065003	NoCorrection	300	A17	C1	10000	1000	0	0.5	300	0.01
200	-0.00470913453399997	-0.00470913453399999	0	0.55	0.545	-0.00470913453399997	-0.00470913453399999	ID	300	A17	C1	10000	1000	0	0.5	300	0.01
201	-0.00355251939299999	-0.00355251939299999	0	0.65	0.648	-0.00355251939299999	-0.00355251939299999	1	300	A17	C1	10000	1000	0	0.5	300	0.03
202	0.00337161995255006	0.00337161995255006	0	0.651	0.672	0.00337161995255006	0.00337161995255006	FGr	300	A17	C1	10000	1000	0	0.5	300	0.03
203	0.00517898594340004	0.00517898594340003	0	0.541	0.54	0.00517898594340004	0.00517898594340003	NoCorrection	300	A17	C1	10000	1000	0	0.5	300	0.03
204	-0.00605128972925002	-0.00605128972925003	0	0.461	0.441	-0.00605128972925002	-0.00605128972925003	ID	300	A17	C1	10000	1000	0	0.5	300	0.03
205	0.010289158399725	0.010289158399725	0	0.249	0.235	0.010289158399725	0.010289158399725	1	300	A17	C1	10000	1000	0	0.5	300	0.1
206	0.02867711573575	0.02867711573575	0	0.004	0.001	0.02867711573575	0.02867711573575	FGr	300	A17	C1	10000	1000	0	0.5	300	0.1
207	0.0395575024115	0.0395575024115	0	0	0	0.0395575024115	0.0395575024115	NoCorrection	300	A17	C1	10000	1000	0	0.5	300	0.1
208	0.004115439107	0.004115439107	0	0.639	0.645	0.004115439107	0.004115439107	ID	300	A17	C1	10000	1000	0	0.5	300	0.1
209	-0.00181769619325	-0.0153315896999999	0	0.831	0.264	-0.00181769619325	-0.0153315896999999	1	1000	A17	C1	10000	1000	0	0.5	300	0
210	-0.000380150924650012	-0.0144062651000001	0	0.968	0.293	-0.000380150924650012	-0.0144062651000001	FGr	1000	A17	C1	10000	1000	0	0.5	300	0
211	-0.000994590341049945	-0.0144128125500001	0	0.909	0.277	-0.000994590341049945	-0.0144128125500001	NoCorrection	1000	A17	C1	10000	1000	0	0.5	300	0
212	0.00125468465645001	-0.01220644205	0	0.867	0.37	0.00125468465645001	-0.01220644205	ID	1000	A17	C1	10000	1000	0	0.5	300	0
213	-0.0121578737545	-0.0129300142	0	0.117	0.323	-0.0121578737545	-0.0129300142	1	1000	A17	C1	10000	1000	0	0.5	300	0.01
214	-0.00505159141155001	0.00266774644999995	0	0.481	0.839	-0.00505159141155001	0.00266774644999995	FGr	1000	A17	C1	10000	1000	0	0.5	300	0.01
215	-0.00475182137664999	0.00355552950000001	0	0.48	0.791	-0.00475182137664999	0.00355552950000001	NoCorrection	1000	A17	C1	10000	1000	0	0.5	300	0.01
216	-0.00734614870575004	-0.00401633409999997	0	0.355	0.753	-0.00734614870575004	-0.00401633409999997	ID	1000	A17	C1	10000	1000	0	0.5	300	0.01
217	-0.00265325116839999	-0.01080587755	0	0.76	0.398	-0.00265325116839999	-0.01080587755	1	1000	A17	C1	10000	1000	0	0.5	300	0.03
218	0.00349153476109997	0.0047757176	0	0.693	0.683	0.00349153476109997	0.0047757176	FGr	1000	A17	C1	10000	1000	0	0.5	300	0.03
219	0.0116383893185	0.03054569315	0	0.176	0.01	0.0116383893185	0.03054569315	NoCorrection	1000	A17	C1	10000	1000	0	0.5	300	0.03
220	0.000352625261000018	0.001161599	0	0.964	0.931	0.000352625261000018	0.001161599	ID	1000	A17	C1	10000	1000	0	0.5	300	0.03
221	-0.00632803267135001	0.0105988138	0	0.505	0.466	-0.00632803267135001	0.0105988138	1	1000	A17	C1	10000	1000	0	0.5	300	0.1
222	-0.00410115361332496	0.0181370369000001	0	0.653	0.222	-0.00410115361332496	0.0181370369000001	FGr	1000	A17	C1	10000	1000	0	0.5	300	0.1
223	0.0177084676615	0.0601521223	0	0.055	0	0.0177084676615	0.0601521223	NoCorrection	1000	A17	C1	10000	1000	0	0.5	300	0.1
224	-0.00781934372479502	0.00761030489999999	0	0.424	0.649	-0.00781934372479502	0.00761030489999999	ID	1000	A17	C1	10000	1000	0	0.5	300	0.1
225	-0.00998326369810001	0.0258257757	0	0.255	0.257	-0.00998326369810001	0.0258257757	1	10000	A17	C1	10000	1000	0	0.5	300	0
226	-0.0121016162475	0.0154770665000001	0	0.153	0.489	-0.0121016162475	0.0154770665000001	FGr	10000	A17	C1	10000	1000	0	0.5	300	0
227	-0.0167017606491	-0.02261537355	0	0.049	0.295	-0.0167017606491	-0.02261537355	NoCorrection	10000	A17	C1	10000	1000	0	0.5	300	0
228	-0.0098677362266	0.0269818495499999	0	0.27	0.224	-0.0098677362266	0.0269818495499999	ID	10000	A17	C1	10000	1000	0	0.5	300	0
229	-0.0079627218683	-0.0116746739999998	0	0.328	0.611	-0.0079627218683	-0.0116746739999998	1	10000	A17	C1	10000	1000	0	0.5	300	0.01
230	-0.00526738719215	0.01570915995	0	0.529	0.505	-0.00526738719215	0.01570915995	FGr	10000	A17	C1	10000	1000	0	0.5	300	0.01
231	-0.0144212571455	-0.03890015275	0	0.077	0.096	-0.0144212571455	-0.03890015275	NoCorrection	10000	A17	C1	10000	1000	0	0.5	300	0.01
232	-0.00759554791537499	-0.0113837138999999	0	0.363	0.653	-0.00759554791537499	-0.0113837138999999	ID	10000	A17	C1	10000	1000	0	0.5	300	0.01
233	0.013093506392	-0.000894278200000012	0	0.119	0.971	0.013093506392	-0.000894278200000012	1	10000	A17	C1	10000	1000	0	0.5	300	0.03
234	0.012962513128	-0.00270775604999995	0	0.119	0.9	0.012962513128	-0.00270775604999995	FGr	10000	A17	C1	10000	1000	0	0.5	300	0.03
235	0.01140152845151	-0.01447659185	0	0.166	0.531	0.01140152845151	-0.01447659185	NoCorrection	10000	A17	C1	10000	1000	0	0.5	300	0.03
236	0.01300661086415	-0.000976874200000037	0	0.127	0.964	0.01300661086415	-0.000976874200000037	ID	10000	A17	C1	10000	1000	0	0.5	300	0.03
237	-0.016375487109166	0.00520292439999989	0	0.048	0.83	-0.016375487109166	0.00520292439999989	1	10000	A17	C1	10000	1000	0	0.5	300	0.1
238	-0.013900096214545	0.0228920001500001	0	0.075	0.306	-0.013900096214545	0.0228920001500001	FGr	10000	A17	C1	10000	1000	0	0.5	300	0.1
239	0.01184740638475	0.12286759835	0	0.151	0	0.01184740638475	0.12286759835	NoCorrection	10000	A17	C1	10000	1000	0	0.5	300	0.1
240	-0.01625582220275	0.00533298859999997	0	0.043	0.839	-0.01625582220275	0.00533298859999997	ID	10000	A17	C1	10000	1000	0	0.5	300	0.1
241	0.00788102424700501	0.00788102424700501	0	0.375	0.383	0.00788102424700501	0.00788102424700501	1	300	A17	C1	10000	10000	0	0.5	300	0
242	0.00733480100151502	0.00733480100151501	0	0.413	0.387	0.00733480100151502	0.00733480100151501	FGr	300	A17	C1	10000	10000	0	0.5	300	0
243	0.00547097853269999	0.00547097853269998	0	0.536	0.532	0.00547097853269999	0.00547097853269998	NoCorrection	300	A17	C1	10000	10000	0	0.5	300	0
244	0.00706147692316497	0.00706147692316495	0	0.421	0.407	0.00706147692316497	0.00706147692316495	ID	300	A17	C1	10000	10000	0	0.5	300	0
245	-0.00170897841935003	-0.00170897841935004	0	0.82	0.816	-0.00170897841935003	-0.00170897841935004	1	300	A17	C1	10000	10000	0	0.5	300	0.01
246	0.01689560662107	0.01689560662107	0	0.026	0.043	0.01689560662107	0.01689560662107	FGr	300	A17	C1	10000	10000	0	0.5	300	0.01
247	0.01447224089255	0.01447224089255	0	0.055	0.055	0.01447224089255	0.01447224089255	NoCorrection	300	A17	C1	10000	10000	0	0.5	300	0.01
248	0.00793309094035004	0.00793309094035004	0	0.283	0.273	0.00793309094035004	0.00793309094035004	ID	300	A17	C1	10000	10000	0	0.5	300	0.01
249	0.00182308770665001	0.00182308770665001	0	0.833	0.833	0.00182308770665001	0.00182308770665001	1	300	A17	C1	10000	10000	0	0.5	300	0.03
250	0.01047541186325	0.01047541186325	0	0.194	0.187	0.01047541186325	0.01047541186325	FGr	300	A17	C1	10000	10000	0	0.5	300	0.03
251	0.016571385133715	0.016571385133715	0	0.035	0.038	0.016571385133715	0.016571385133715	NoCorrection	300	A17	C1	10000	10000	0	0.5	300	0.03
252	0.00194612728338997	0.00194612728338997	0	0.804	0.816	0.00194612728338997	0.00194612728338997	ID	300	A17	C1	10000	10000	0	0.5	300	0.03
253	0.00150208124817	0.00150208124817	0	0.829	0.827	0.00150208124817	0.00150208124817	1	300	A17	C1	10000	10000	0	0.5	300	0.1
254	0.021759739930165	0.021759739930165	0	0.004	0.005	0.021759739930165	0.021759739930165	FGr	300	A17	C1	10000	10000	0	0.5	300	0.1
255	0.03540519976339	0.03540519976339	0	0	0	0.03540519976339	0.03540519976339	NoCorrection	300	A17	C1	10000	10000	0	0.5	300	0.1
256	-0.00194816753385002	-0.00194816753385002	0	0.791	0.788	-0.00194816753385002	-0.00194816753385002	ID	300	A17	C1	10000	10000	0	0.5	300	0.1
257	0.0101144856449501	0.016590694635	0	0.239	0.236	0.0101144856449501	0.016590694635	1	1000	A17	C1	10000	10000	0	0.5	300	0
258	0.0155749398723999	0.02838859139	0	0.059	0.036	0.0155749398723999	0.02838859139	FGr	1000	A17	C1	10000	10000	0	0.5	300	0
259	0.0122069432789599	0.0220056758949999	0	0.129	0.101	0.0122069432789599	0.0220056758949999	NoCorrection	1000	A17	C1	10000	10000	0	0.5	300	0
260	0.0106270497014481	0.01752652445	0	0.2	0.178	0.0106270497014481	0.01752652445	ID	1000	A17	C1	10000	10000	0	0.5	300	0
261	0.00145425749096997	-0.00564601819000005	0	0.869	0.646	0.00145425749096997	-0.00564601819000005	1	1000	A17	C1	10000	10000	0	0.5	300	0.01
262	0.00701758091032498	0.00855900972500003	0	0.398	0.49	0.00701758091032498	0.00855900972500003	FGr	1000	A17	C1	10000	10000	0	0.5	300	0.01
263	0.01342100882705	0.02929950889	0	0.107	0.015	0.01342100882705	0.02929950889	NoCorrection	1000	A17	C1	10000	10000	0	0.5	300	0.01
264	0.00418515665076498	0.00214031471999996	0	0.6	0.863	0.00418515665076498	0.00214031471999996	ID	1000	A17	C1	10000	10000	0	0.5	300	0.01
265	0.00691187373730903	-0.00486784169999996	0	0.408	0.732	0.00691187373730903	-0.00486784169999996	1	1000	A17	C1	10000	10000	0	0.5	300	0.03
266	0.01003599544673	0.002248562605	0	0.247	0.875	0.01003599544673	0.002248562605	FGr	1000	A17	C1	10000	10000	0	0.5	300	0.03
267	0.01343257335471	0.00971778027999999	0	0.132	0.493	0.01343257335471	0.00971778027999999	NoCorrection	1000	A17	C1	10000	10000	0	0.5	300	0.03
268	0.00793031199979994	-0.00196925240500002	0	0.377	0.878	0.00793031199979994	-0.00196925240500002	ID	1000	A17	C1	10000	10000	0	0.5	300	0.03
269	0.00110952682219999	-0.011007989765	0	0.872	0.348	0.00110952682219999	-0.011007989765	1	1000	A17	C1	10000	10000	0	0.5	300	0.1
270	0.0101513071598	0.0211832540450001	0	0.208	0.069	0.0101513071598	0.0211832540450001	FGr	1000	A17	C1	10000	10000	0	0.5	300	0.1
271	0.036309160339348	0.0834561238599999	0	0	0	0.036309160339348	0.0834561238599999	NoCorrection	1000	A17	C1	10000	10000	0	0.5	300	0.1
272	0.000267589039779987	-0.01332771668	0	0.972	0.291	0.000267589039779987	-0.01332771668	ID	1000	A17	C1	10000	10000	0	0.5	300	0.1
273	-0.00592208271710001	-0.0202207031599998	0	0.475	0.358	-0.00592208271710001	-0.0202207031599998	1	10000	A17	C1	10000	10000	0	0.5	300	0
274	-0.0073192875989125	-0.0402577986849999	0	0.427	0.074	-0.0073192875989125	-0.0402577986849999	FGr	10000	A17	C1	10000	10000	0	0.5	300	0
275	-0.0100977527613	-0.0656741707549999	0	0.244	0.002	-0.0100977527613	-0.0656741707549999	NoCorrection	10000	A17	C1	10000	10000	0	0.5	300	0
276	-0.00607915880835999	-0.0237904648949998	0	0.475	0.327	-0.00607915880835999	-0.0237904648949998	ID	10000	A17	C1	10000	10000	0	0.5	300	0
277	0.00337029306080004	-0.0144484347849999	0	0.699	0.511	0.00337029306080004	-0.0144484347849999	1	10000	A17	C1	10000	10000	0	0.5	300	0.01
278	0.00378202269660001	-0.00876377184500001	0	0.647	0.687	0.00378202269660001	-0.00876377184500001	FGr	10000	A17	C1	10000	10000	0	0.5	300	0.01
279	0.00734240302110003	0.00834676349999998	0	0.392	0.678	0.00734240302110003	0.00834676349999998	NoCorrection	10000	A17	C1	10000	10000	0	0.5	300	0.01
280	0.00373764101139996	-0.01007055577	0	0.655	0.659	0.00373764101139996	-0.01007055577	ID	10000	A17	C1	10000	10000	0	0.5	300	0.01
281	-0.01139871636262	-0.00640448577499951	0	0.21	0.771	-0.01139871636262	-0.00640448577499951	1	10000	A17	C1	10000	10000	0	0.5	300	0.03
282	-0.01316799698577	-0.0152190198699999	0	0.162	0.47	-0.01316799698577	-0.0152190198699999	FGr	10000	A17	C1	10000	10000	0	0.5	300	0.03
283	-0.00656622623864999	0.0157005166549999	0	0.462	0.435	-0.00656622623864999	0.0157005166549999	NoCorrection	10000	A17	C1	10000	10000	0	0.5	300	0.03
284	-0.011267832495679	-0.00628656906000025	0	0.228	0.743	-0.011267832495679	-0.00628656906000025	ID	10000	A17	C1	10000	10000	0	0.5	300	0.03
285	0.00203728886722817	0.00229654181500007	0	0.796	0.923	0.00203728886722817	0.00229654181500007	1	10000	A17	C1	10000	10000	0	0.5	300	0.1
286	0.00201237183028003	0.00378636262499991	0	0.819	0.856	0.00201237183028003	0.00378636262499991	FGr	10000	A17	C1	10000	10000	0	0.5	300	0.1
287	0.02588543740815	0.135456906400001	0	0.004	0	0.02588543740815	0.135456906400001	NoCorrection	10000	A17	C1	10000	10000	0	0.5	300	0.1
288	0.00175605057512014	0.00141819689499977	0	0.846	0.95	0.00175605057512014	0.00141819689499977	ID	10000	A17	C1	10000	10000	0	0.5	300	0.1
289	-0.04494392468	-0.0449439246799999	0	0.19	0.191	-0.04494392468	-0.0449439246799999	1	300	A17	C2	1000	100	0	0.5	300	0
290	-0.0428641369359999	-0.042864136936	0	0.219	0.215	-0.0428641369359999	-0.042864136936	FGr	300	A17	C2	1000	100	0	0.5	300	0
291	-0.0436791108510001	-0.0436791108510001	0	0.196	0.195	-0.0436791108510001	-0.0436791108510001	NoCorrection	300	A17	C2	1000	100	0	0.5	300	0
292	-0.0423087132750001	-0.042308713275	0	0.195	0.165	-0.0423087132750001	-0.042308713275	ID	300	A17	C2	1000	100	0	0.5	300	0
293	-0.051323405387	-0.051323405387	0	0.117	0.107	-0.051323405387	-0.051323405387	1	300	A17	C2	1000	100	0	0.5	300	0.01
294	-0.0492948001000001	-0.0492948001	0	0.114	0.113	-0.0492948001000001	-0.0492948001	FGr	300	A17	C2	1000	100	0	0.5	300	0.01
295	-0.050212730455	-0.050212730455	0	0.097	0.09	-0.050212730455	-0.050212730455	NoCorrection	300	A17	C2	1000	100	0	0.5	300	0.01
296	-0.050335055115	-0.050335055115	0	0.106	0.106	-0.050335055115	-0.050335055115	ID	300	A17	C2	1000	100	0	0.5	300	0.01
297	-0.025203813398	-0.025203813398	0	0.419	0.403	-0.025203813398	-0.025203813398	1	300	A17	C2	1000	100	0	0.5	300	0.03
298	-0.02205952692	-0.02205952692	0	0.485	0.479	-0.02205952692	-0.02205952692	FGr	300	A17	C2	1000	100	0	0.5	300	0.03
299	-0.024072097895	-0.0240720978949999	0	0.436	0.454	-0.024072097895	-0.0240720978949999	NoCorrection	300	A17	C2	1000	100	0	0.5	300	0.03
300	-0.020789683345	-0.020789683345	0	0.513	0.504	-0.020789683345	-0.020789683345	ID	300	A17	C2	1000	100	0	0.5	300	0.03
301	0.03280931431	0.03280931431	0	0.383	0.398	0.03280931431	0.03280931431	1	300	A17	C2	1000	100	0	0.5	300	0.1
302	0.03240607287	0.03240607287	0	0.421	0.405	0.03240607287	0.03240607287	FGr	300	A17	C2	1000	100	0	0.5	300	0.1
303	0.031580927165	0.031580927165	0	0.414	0.422	0.031580927165	0.031580927165	NoCorrection	300	A17	C2	1000	100	0	0.5	300	0.1
304	0.031757783535	0.031757783535	0	0.424	0.411	0.031757783535	0.031757783535	ID	300	A17	C2	1000	100	0	0.5	300	0.1
305	-0.000828994067500002	0.0123356695	0	0.985	0.792	-0.000828994067500002	0.0123356695	1	1000	A17	C2	1000	100	0	0.5	300	0
306	0.00616907144500003	0.0254951545	0	0.846	0.622	0.00616907144500003	0.0254951545	FGr	1000	A17	C2	1000	100	0	0.5	300	0
307	0.00726133677999998	0.0103871925	0	0.827	0.86	0.00726133677999998	0.0103871925	NoCorrection	1000	A17	C2	1000	100	0	0.5	300	0
308	-0.0020244289679	0.014720836	0	0.958	0.778	-0.0020244289679	0.014720836	ID	1000	A17	C2	1000	100	0	0.5	300	0
309	-0.00574214539599999	-0.0754911595	0	0.882	0.234	-0.00574214539599999	-0.0754911595	1	1000	A17	C2	1000	100	0	0.5	300	0.01
310	-0.00937400871000003	-0.0717446655	0	0.802	0.248	-0.00937400871000003	-0.0717446655	FGr	1000	A17	C2	1000	100	0	0.5	300	0.01
311	-0.00852173396000003	-0.0748799855000001	0	0.834	0.223	-0.00852173396000003	-0.0748799855000001	NoCorrection	1000	A17	C2	1000	100	0	0.5	300	0.01
312	-0.00670688470000007	-0.0749124885	0	0.876	0.22	-0.00670688470000007	-0.0749124885	ID	1000	A17	C2	1000	100	0	0.5	300	0.01
313	-0.011631154445	-0.0713386335	0	0.705	0.198	-0.011631154445	-0.0713386335	1	1000	A17	C2	1000	100	0	0.5	300	0.03
314	-0.00846205605000001	-0.082044434	0	0.801	0.135	-0.00846205605000001	-0.082044434	FGr	1000	A17	C2	1000	100	0	0.5	300	0.03
315	-0.00884474936599996	-0.0839458135	0	0.794	0.132	-0.00884474936599996	-0.0839458135	NoCorrection	1000	A17	C2	1000	100	0	0.5	300	0.03
316	-0.01594576301	-0.080447889	0	0.597	0.144	-0.01594576301	-0.080447889	ID	1000	A17	C2	1000	100	0	0.5	300	0.03
317	0.00620349348499999	-0.0540673395	0	0.839	0.312	0.00620349348499999	-0.0540673395	1	1000	A17	C2	1000	100	0	0.5	300	0.1
318	0.013896649315	-0.0607470195	0	0.7	0.245	0.013896649315	-0.0607470195	FGr	1000	A17	C2	1000	100	0	0.5	300	0.1
319	0.01367551413	-0.061103034	0	0.715	0.262	0.01367551413	-0.061103034	NoCorrection	1000	A17	C2	1000	100	0	0.5	300	0.1
320	0.00170345740999997	-0.060827403	0	0.949	0.255	0.00170345740999997	-0.060827403	ID	1000	A17	C2	1000	100	0	0.5	300	0.1
321	-0.009685957282	-0.04916061	0	0.784	0.583	-0.009685957282	-0.04916061	1	10000	A17	C2	1000	100	0	0.5	300	0
322	-0.00282571599259999	0.000846109999999847	0	0.936	0.993	-0.00282571599259999	0.000846109999999847	FGr	10000	A17	C2	1000	100	0	0.5	300	0
323	-0.00325543174999999	0.0192848299999999	0	0.943	0.842	-0.00325543174999999	0.0192848299999999	NoCorrection	10000	A17	C2	1000	100	0	0.5	300	0
324	-0.008876754185	-0.0432163650000001	0	0.785	0.69	-0.008876754185	-0.0432163650000001	ID	10000	A17	C2	1000	100	0	0.5	300	0
325	0.0135298415955	0.00143431999999994	0	0.726	0.985	0.0135298415955	0.00143431999999994	1	10000	A17	C2	1000	100	0	0.5	300	0.01
326	0.011714826965	-0.00493087500000004	0	0.767	0.957	0.011714826965	-0.00493087500000004	FGr	10000	A17	C2	1000	100	0	0.5	300	0.01
327	0.011987001305	0.01034757	0	0.754	0.89	0.011987001305	0.01034757	NoCorrection	10000	A17	C2	1000	100	0	0.5	300	0.01
328	0.0132638797449999	-0.000868459999999989	0	0.727	0.993	0.0132638797449999	-0.000868459999999989	ID	10000	A17	C2	1000	100	0	0.5	300	0.01
329	0.027288942315	0.1029496145	0	0.44	0.204	0.027288942315	0.1029496145	1	10000	A17	C2	1000	100	0	0.5	300	0.03
330	0.030004772115	0.103789966	0	0.385	0.193	0.030004772115	0.103789966	FGr	10000	A17	C2	1000	100	0	0.5	300	0.03
331	0.0296997278	0.120917318	0	0.375	0.146	0.0296997278	0.120917318	NoCorrection	10000	A17	C2	1000	100	0	0.5	300	0.03
332	0.02807061461	0.109485023	0	0.436	0.191	0.02807061461	0.109485023	ID	10000	A17	C2	1000	100	0	0.5	300	0.03
333	0.01790099418	0.162566092	0	0.635	0.066	0.01790099418	0.162566092	1	10000	A17	C2	1000	100	0	0.5	300	0.1
334	0.012354502815	0.091845851	0	0.747	0.327	0.012354502815	0.091845851	FGr	10000	A17	C2	1000	100	0	0.5	300	0.1
335	0.01191807867	0.0931605825	0	0.739	0.312	0.01191807867	0.0931605825	NoCorrection	10000	A17	C2	1000	100	0	0.5	300	0.1
336	0.01750467146	0.15962367	0	0.626	0.099	0.01750467146	0.15962367	ID	10000	A17	C2	1000	100	0	0.5	300	0.1
337	-0.00790241349099996	-0.00790241349099998	0	0.708	0.726	-0.00790241349099996	-0.00790241349099998	1	300	A17	C2	1000	1000	0	0.5	300	0
338	-0.00775371498050002	-0.0077537149805	0	0.745	0.723	-0.00775371498050002	-0.0077537149805	FGr	300	A17	C2	1000	1000	0	0.5	300	0
339	-0.00732098184000004	-0.00732098184000008	0	0.747	0.744	-0.00732098184000004	-0.00732098184000008	NoCorrection	300	A17	C2	1000	1000	0	0.5	300	0
340	-0.00567105387299988	-0.00567105387299991	0	0.798	0.781	-0.00567105387299988	-0.00567105387299991	ID	300	A17	C2	1000	1000	0	0.5	300	0
341	-0.0301354988690001	-0.0301354988690001	0	0.08	0.07	-0.0301354988690001	-0.0301354988690001	1	300	A17	C2	1000	1000	0	0.5	300	0.01
342	-0.0295440328319999	-0.0295440328319999	0	0.096	0.078	-0.0295440328319999	-0.0295440328319999	FGr	300	A17	C2	1000	1000	0	0.5	300	0.01
343	-0.0293700117685	-0.0293700117685	0	0.068	0.092	-0.0293700117685	-0.0293700117685	NoCorrection	300	A17	C2	1000	1000	0	0.5	300	0.01
344	-0.0328983138635001	-0.0328983138635001	0	0.058	0.06	-0.0328983138635001	-0.0328983138635001	ID	300	A17	C2	1000	1000	0	0.5	300	0.01
345	-0.008838338686	-0.00883833868599999	0	0.737	0.735	-0.008838338686	-0.00883833868599999	1	300	A17	C2	1000	1000	0	0.5	300	0.03
346	-0.00694637242450001	-0.0069463724245	0	0.752	0.806	-0.00694637242450001	-0.0069463724245	FGr	300	A17	C2	1000	1000	0	0.5	300	0.03
347	-0.0076030809795	-0.00760308097949998	0	0.75	0.749	-0.0076030809795	-0.00760308097949998	NoCorrection	300	A17	C2	1000	1000	0	0.5	300	0.03
348	-0.008859242988	-0.008859242988	0	0.7	0.707	-0.008859242988	-0.008859242988	ID	300	A17	C2	1000	1000	0	0.5	300	0.03
349	0.0332392072450002	0.0332392072450002	0	0.117	0.107	0.0332392072450002	0.0332392072450002	1	300	A17	C2	1000	1000	0	0.5	300	0.1
350	0.0385247058643999	0.0385247058644	0	0.071	0.071	0.0385247058643999	0.0385247058644	FGr	300	A17	C2	1000	1000	0	0.5	300	0.1
351	0.0385046407069999	0.038504640707	0	0.082	0.065	0.0385046407069999	0.038504640707	NoCorrection	300	A17	C2	1000	1000	0	0.5	300	0.1
352	0.032958967626	0.032958967626	0	0.131	0.112	0.032958967626	0.032958967626	ID	300	A17	C2	1000	1000	0	0.5	300	0.1
353	-0.0115826839240001	0.00262831100000005	0	0.548	0.927	-0.0115826839240001	0.00262831100000005	1	1000	A17	C2	1000	1000	0	0.5	300	0
354	-0.011536969163	0.00159210989999995	0	0.583	0.962	-0.011536969163	0.00159210989999995	FGr	1000	A17	C2	1000	1000	0	0.5	300	0
355	-0.0112754009459999	0.00798343935000001	0	0.581	0.814	-0.0112754009459999	0.00798343935000001	NoCorrection	1000	A17	C2	1000	1000	0	0.5	300	0
356	-0.0120519788255	-0.000796445100000009	0	0.574	0.97	-0.0120519788255	-0.000796445100000009	ID	1000	A17	C2	1000	1000	0	0.5	300	0
357	-0.0040062587115	-0.0335936446	0	0.869	0.376	-0.0040062587115	-0.0335936446	1	1000	A17	C2	1000	1000	0	0.5	300	0.01
358	-0.0042943781185	-0.0337507884000001	0	0.841	0.338	-0.0042943781185	-0.0337507884000001	FGr	1000	A17	C2	1000	1000	0	0.5	300	0.01
359	-0.0042670614565	-0.0335710866	0	0.851	0.397	-0.0042670614565	-0.0335710866	NoCorrection	1000	A17	C2	1000	1000	0	0.5	300	0.01
360	-0.00329848785350002	-0.0369450748	0	0.886	0.311	-0.00329848785350002	-0.0369450748	ID	1000	A17	C2	1000	1000	0	0.5	300	0.01
361	0.027757445253	-0.0125501378	0	0.17	0.687	0.027757445253	-0.0125501378	1	1000	A17	C2	1000	1000	0	0.5	300	0.03
362	0.02720232940975	-0.0117164628	0	0.202	0.689	0.02720232940975	-0.0117164628	FGr	1000	A17	C2	1000	1000	0	0.5	300	0.03
363	0.0271111952620001	-0.0106845201	0	0.201	0.723	0.0271111952620001	-0.0106845201	NoCorrection	1000	A17	C2	1000	1000	0	0.5	300	0.03
364	0.0276693004554999	-0.0112907062	0	0.164	0.738	0.0276693004554999	-0.0112907062	ID	1000	A17	C2	1000	1000	0	0.5	300	0.03
365	0.00478515043399983	-0.03581427395	0	0.825	0.341	0.00478515043399983	-0.03581427395	1	1000	A17	C2	1000	1000	0	0.5	300	0.1
366	0.00162648103350008	-0.027314756	0	0.956	0.432	0.00162648103350008	-0.027314756	FGr	1000	A17	C2	1000	1000	0	0.5	300	0.1
367	0.00181512422050002	-0.02913146435	0	0.933	0.411	0.00181512422050002	-0.02913146435	NoCorrection	1000	A17	C2	1000	1000	0	0.5	300	0.1
368	0.00450495117099994	-0.03445481195	0	0.844	0.359	0.00450495117099994	-0.03445481195	ID	1000	A17	C2	1000	1000	0	0.5	300	0.1
369	-0.00872195613549998	-0.0612365463000001	0	0.628	0.227	-0.00872195613549998	-0.0612365463000001	1	10000	A17	C2	1000	1000	0	0.5	300	0
370	-0.00903562330399997	-0.0497249459999996	0	0.64	0.318	-0.00903562330399997	-0.0497249459999996	FGr	10000	A17	C2	1000	1000	0	0.5	300	0
371	-0.00897379679425	-0.0485299309	0	0.65	0.343	-0.00897379679425	-0.0485299309	NoCorrection	10000	A17	C2	1000	1000	0	0.5	300	0
372	-0.00892365697299989	-0.0546530147500001	0	0.624	0.309	-0.00892365697299989	-0.0546530147500001	ID	10000	A17	C2	1000	1000	0	0.5	300	0
373	-0.021020042505	-0.0497124717	0	0.265	0.312	-0.021020042505	-0.0497124717	1	10000	A17	C2	1000	1000	0	0.5	300	0.01
374	-0.0196392761185	-0.0673164429499999	0	0.315	0.193	-0.0196392761185	-0.0673164429499999	FGr	10000	A17	C2	1000	1000	0	0.5	300	0.01
375	-0.018994381004	-0.0649048732000002	0	0.321	0.189	-0.018994381004	-0.0649048732000002	NoCorrection	10000	A17	C2	1000	1000	0	0.5	300	0.01
376	-0.0209948989399999	-0.0533076060500001	0	0.293	0.272	-0.0209948989399999	-0.0533076060500001	ID	10000	A17	C2	1000	1000	0	0.5	300	0.01
377	0.00156642605349996	0.00662637220000021	0	0.943	0.899	0.00156642605349996	0.00662637220000021	1	10000	A17	C2	1000	1000	0	0.5	300	0.03
378	0.00307775486150048	-0.0175662448999999	0	0.892	0.739	0.00307775486150048	-0.0175662448999999	FGr	10000	A17	C2	1000	1000	0	0.5	300	0.03
379	0.00312060211200014	-0.0107767551000001	0	0.875	0.823	0.00312060211200014	-0.0107767551000001	NoCorrection	10000	A17	C2	1000	1000	0	0.5	300	0.03
380	0.00158032159249985	0.00492392784999987	0	0.934	0.93	0.00158032159249985	0.00492392784999987	ID	10000	A17	C2	1000	1000	0	0.5	300	0.03
381	0.000450100636000053	-0.00800606964999996	0	0.983	0.888	0.000450100636000053	-0.00800606964999996	1	10000	A17	C2	1000	1000	0	0.5	300	0.1
382	-0.000718492674899805	-0.000301251799999986	0	0.968	0.993	-0.000718492674899805	-0.000301251799999986	FGr	10000	A17	C2	1000	1000	0	0.5	300	0.1
383	-0.000420773203999985	-0.02216350745	0	0.989	0.69	-0.000420773203999985	-0.02216350745	NoCorrection	10000	A17	C2	1000	1000	0	0.5	300	0.1
384	0.000495714725750009	-0.00700505354999999	0	0.978	0.905	0.000495714725750009	-0.00700505354999999	ID	10000	A17	C2	1000	1000	0	0.5	300	0.1
385	0.0251327868654	0.0251327868654	0	0.166	0.139	0.0251327868654	0.0251327868654	1	300	A17	C2	1000	10000	0	0.5	300	0
386	0.0258398086334195	0.0258398086334195	0	0.15	0.14	0.0258398086334195	0.0258398086334195	FGr	300	A17	C2	1000	10000	0	0.5	300	0
387	0.0245809087781503	0.0245809087781504	0	0.171	0.18	0.0245809087781503	0.0245809087781504	NoCorrection	300	A17	C2	1000	10000	0	0.5	300	0
388	0.02498267473345	0.02498267473345	0	0.168	0.154	0.02498267473345	0.02498267473345	ID	300	A17	C2	1000	10000	0	0.5	300	0
389	0.02228050634775	0.02228050634775	0	0.317	0.297	0.02228050634775	0.02228050634775	1	300	A17	C2	1000	10000	0	0.5	300	0.01
390	0.0210797370107498	0.0210797370107498	0	0.317	0.321	0.0210797370107498	0.0210797370107498	FGr	300	A17	C2	1000	10000	0	0.5	300	0.01
391	0.0223529578516001	0.0223529578516001	0	0.287	0.309	0.0223529578516001	0.0223529578516001	NoCorrection	300	A17	C2	1000	10000	0	0.5	300	0.01
392	0.0230701443455998	0.0230701443455998	0	0.286	0.255	0.0230701443455998	0.0230701443455998	ID	300	A17	C2	1000	10000	0	0.5	300	0.01
393	0.00691702313347492	0.0069170231334749	0	0.675	0.669	0.00691702313347492	0.0069170231334749	1	300	A17	C2	1000	10000	0	0.5	300	0.03
394	0.00881643222853234	0.00881643222853237	0	0.594	0.606	0.00881643222853234	0.00881643222853237	FGr	300	A17	C2	1000	10000	0	0.5	300	0.03
395	0.00703834665669985	0.00703834665669983	0	0.675	0.677	0.00703834665669985	0.00703834665669983	NoCorrection	300	A17	C2	1000	10000	0	0.5	300	0.03
396	0.00698855554685011	0.00698855554685009	0	0.69	0.696	0.00698855554685011	0.00698855554685009	ID	300	A17	C2	1000	10000	0	0.5	300	0.03
397	0.00267928266310005	0.00267928266310008	0	0.882	0.912	0.00267928266310005	0.00267928266310008	1	300	A17	C2	1000	10000	0	0.5	300	0.1
398	0.00254431938175	0.00254431938175001	0	0.91	0.896	0.00254431938175	0.00254431938175001	FGr	300	A17	C2	1000	10000	0	0.5	300	0.1
399	0.00210496887799992	0.0021049688779999	0	0.916	0.902	0.00210496887799992	0.0021049688779999	NoCorrection	300	A17	C2	1000	10000	0	0.5	300	0.1
400	0.00211168737470017	0.00211168737470016	0	0.921	0.922	0.00211168737470017	0.00211168737470016	ID	300	A17	C2	1000	10000	0	0.5	300	0.1
401	-0.01591972929765	0.0118001474550001	0	0.423	0.707	-0.01591972929765	0.0118001474550001	1	1000	A17	C2	1000	10000	0	0.5	300	0
402	-0.0165988322184048	0.00628122245000006	0	0.413	0.851	-0.0165988322184048	0.00628122245000006	FGr	1000	A17	C2	1000	10000	0	0.5	300	0
403	-0.015707144528795	0.010877299445	0	0.377	0.695	-0.015707144528795	0.010877299445	NoCorrection	1000	A17	C2	1000	10000	0	0.5	300	0
404	-0.0153435681703502	0.00969910281499999	0	0.388	0.741	-0.0153435681703502	0.00969910281499999	ID	1000	A17	C2	1000	10000	0	0.5	300	0
405	-0.0168111166603008	0.00110828957999986	0	0.36	0.97	-0.0168111166603008	0.00110828957999986	1	1000	A17	C2	1000	10000	0	0.5	300	0.01
406	-0.0164134095502052	-0.000894444130000312	0	0.351	0.97	-0.0164134095502052	-0.000894444130000312	FGr	1000	A17	C2	1000	10000	0	0.5	300	0.01
407	-0.01710231345155	-0.000714507069999883	0	0.33	0.984	-0.01710231345155	-0.000714507069999883	NoCorrection	1000	A17	C2	1000	10000	0	0.5	300	0.01
408	-0.0173725742249998	-0.00348607265000004	0	0.338	0.904	-0.0173725742249998	-0.00348607265000004	ID	1000	A17	C2	1000	10000	0	0.5	300	0.01
409	0.0239949199432997	0.00102492973499959	0	0.305	0.973	0.0239949199432997	0.00102492973499959	1	1000	A17	C2	1000	10000	0	0.5	300	0.03
410	0.0226242657327347	0.00263640678500042	0	0.314	0.927	0.0226242657327347	0.00263640678500042	FGr	1000	A17	C2	1000	10000	0	0.5	300	0.03
411	0.0230639061638502	0.00417755830500015	0	0.302	0.9	0.0230639061638502	0.00417755830500015	NoCorrection	1000	A17	C2	1000	10000	0	0.5	300	0.03
412	0.0235880392651253	0.000968522670000314	0	0.303	0.973	0.0235880392651253	0.000968522670000314	ID	1000	A17	C2	1000	10000	0	0.5	300	0.03
413	-0.0192505984839995	-0.041862647605	0	0.244	0.106	-0.0192505984839995	-0.041862647605	1	1000	A17	C2	1000	10000	0	0.5	300	0.1
414	-0.0171893144421502	-0.03522213094	0	0.283	0.18	-0.0171893144421502	-0.03522213094	FGr	1000	A17	C2	1000	10000	0	0.5	300	0.1
415	-0.0177361293144244	-0.034133492435	0	0.288	0.184	-0.0177361293144244	-0.034133492435	NoCorrection	1000	A17	C2	1000	10000	0	0.5	300	0.1
416	-0.0184473159097497	-0.0394358616099998	0	0.266	0.122	-0.0184473159097497	-0.0394358616099998	ID	1000	A17	C2	1000	10000	0	0.5	300	0.1
417	-0.0184356719055508	-0.0114286062099999	0	0.351	0.8	-0.0184356719055508	-0.0114286062099999	1	10000	A17	C2	1000	10000	0	0.5	300	0
418	-0.01889533724605	-0.0127063572350001	0	0.342	0.774	-0.01889533724605	-0.0127063572350001	FGr	10000	A17	C2	1000	10000	0	0.5	300	0
419	-0.0179104820103499	-0.0069556537550001	0	0.333	0.882	-0.0179104820103499	-0.0069556537550001	NoCorrection	10000	A17	C2	1000	10000	0	0.5	300	0
420	-0.0183949092378002	-0.0083752947150004	0	0.361	0.858	-0.0183949092378002	-0.0083752947150004	ID	10000	A17	C2	1000	10000	0	0.5	300	0
421	0.007863945386145	0.0145668295099992	0	0.665	0.742	0.007863945386145	0.0145668295099992	1	10000	A17	C2	1000	10000	0	0.5	300	0.01
422	0.0082789548312	0.00443138807000055	0	0.674	0.934	0.0082789548312	0.00443138807000055	FGr	10000	A17	C2	1000	10000	0	0.5	300	0.01
423	0.00914749316245	0.0273276621	0	0.634	0.525	0.00914749316245	0.0273276621	NoCorrection	10000	A17	C2	1000	10000	0	0.5	300	0.01
424	0.0077878927916	0.0115504445550001	0	0.704	0.798	0.0077878927916	0.0115504445550001	ID	10000	A17	C2	1000	10000	0	0.5	300	0.01
425	0.0221931788423998	0.0338062744350003	0	0.229	0.543	0.0221931788423998	0.0338062744350003	1	10000	A17	C2	1000	10000	0	0.5	300	0.03
426	0.0225023082908996	0.0441079616000005	0	0.236	0.36	0.0225023082908996	0.0441079616000005	FGr	10000	A17	C2	1000	10000	0	0.5	300	0.03
427	0.0231292621203499	0.0235216985900013	0	0.218	0.667	0.0231292621203499	0.0235216985900013	NoCorrection	10000	A17	C2	1000	10000	0	0.5	300	0.03
428	0.0225797653262498	0.0334573871799998	0	0.227	0.507	0.0225797653262498	0.0334573871799998	ID	10000	A17	C2	1000	10000	0	0.5	300	0.03
429	-0.0049574767107503	0.0936996722650011	0	0.776	0.04	-0.0049574767107503	0.0936996722650011	1	10000	A17	C2	1000	10000	0	0.5	300	0.1
430	-0.00612794439244984	0.0932706550000001	0	0.731	0.041	-0.00612794439244984	0.0932706550000001	FGr	10000	A17	C2	1000	10000	0	0.5	300	0.1
431	-0.0059618418416503	0.08976554277	0	0.734	0.047	-0.0059618418416503	0.08976554277	NoCorrection	10000	A17	C2	1000	10000	0	0.5	300	0.1
432	-0.00484470418470009	0.110513088139999	0	0.788	0.015	-0.00484470418470009	0.110513088139999	ID	10000	A17	C2	1000	10000	0	0.5	300	0.1
433	-0.00597218546500001	-0.00597218546499999	0	0.562	0.568	-0.00597218546500001	-0.00597218546499999	1	300	A17	C2	10000	100	0	0.5	300	0
434	-0.006254358489	-0.00625435848900001	0	0.606	0.595	-0.006254358489	-0.00625435848900001	FGr	300	A17	C2	10000	100	0	0.5	300	0
435	-0.00615880603050001	-0.00615880603050001	0	0.555	0.6	-0.00615880603050001	-0.00615880603050001	NoCorrection	300	A17	C2	10000	100	0	0.5	300	0
436	-0.00617767408899999	-0.00617767408899999	0	0.599	0.582	-0.00617767408899999	-0.00617767408899999	ID	300	A17	C2	10000	100	0	0.5	300	0
437	0.0085723555375	0.00857235553749999	0	0.526	0.519	0.0085723555375	0.00857235553749999	1	300	A17	C2	10000	100	0	0.5	300	0.01
438	0.00863379612549999	0.00863379612550001	0	0.527	0.512	0.00863379612549999	0.00863379612550001	FGr	300	A17	C2	10000	100	0	0.5	300	0.01
439	0.00855966220600001	0.00855966220600002	0	0.512	0.523	0.00855966220600001	0.00855966220600002	NoCorrection	300	A17	C2	10000	100	0	0.5	300	0.01
440	0.008455679262	0.008455679262	0	0.51	0.493	0.008455679262	0.008455679262	ID	300	A17	C2	10000	100	0	0.5	300	0.01
441	0.0178889254165	0.0178889254165	0	0.132	0.125	0.0178889254165	0.0178889254165	1	300	A17	C2	10000	100	0	0.5	300	0.03
442	0.01771745122	0.01771745122	0	0.143	0.142	0.01771745122	0.01771745122	FGr	300	A17	C2	10000	100	0	0.5	300	0.03
443	0.017717226405	0.017717226405	0	0.14	0.128	0.017717226405	0.017717226405	NoCorrection	300	A17	C2	10000	100	0	0.5	300	0.03
444	0.017678614095	0.017678614095	0	0.123	0.152	0.017678614095	0.017678614095	ID	300	A17	C2	10000	100	0	0.5	300	0.03
445	-0.00687916187149999	-0.0068791618715	0	0.591	0.575	-0.00687916187149999	-0.0068791618715	1	300	A17	C2	10000	100	0	0.5	300	0.1
446	-0.00612380797	-0.00612380797	0	0.661	0.684	-0.00612380797	-0.00612380797	FGr	300	A17	C2	10000	100	0	0.5	300	0.1
447	-0.005940983295	-0.005940983295	0	0.681	0.673	-0.005940983295	-0.005940983295	NoCorrection	300	A17	C2	10000	100	0	0.5	300	0.1
448	-0.00666904719199999	-0.006669047192	0	0.607	0.585	-0.00666904719199999	-0.006669047192	ID	300	A17	C2	10000	100	0	0.5	300	0.1
449	0.0157995313815	0.00979233800000001	0	0.122	0.574	0.0157995313815	0.00979233800000001	1	1000	A17	C2	10000	100	0	0.5	300	0
450	0.014832968655	0.011636067	0	0.15	0.48	0.014832968655	0.011636067	FGr	1000	A17	C2	10000	100	0	0.5	300	0
451	0.0148295868	0.010938955	0	0.164	0.553	0.0148295868	0.010938955	NoCorrection	1000	A17	C2	10000	100	0	0.5	300	0
452	0.015045758767	0.00910914950000001	0	0.15	0.592	0.015045758767	0.00910914950000001	ID	1000	A17	C2	10000	100	0	0.5	300	0
453	-0.01204127895	-0.00534338150000001	0	0.285	0.754	-0.01204127895	-0.00534338150000001	1	1000	A17	C2	10000	100	0	0.5	300	0.01
454	-0.012946236215	-0.00654952650000001	0	0.252	0.72	-0.012946236215	-0.00654952650000001	FGr	1000	A17	C2	10000	100	0	0.5	300	0.01
455	-0.01292863846	-0.00809815950000001	0	0.242	0.651	-0.01292863846	-0.00809815950000001	NoCorrection	1000	A17	C2	10000	100	0	0.5	300	0.01
456	-0.011911388303	-0.00392603449999999	0	0.286	0.83	-0.011911388303	-0.00392603449999999	ID	1000	A17	C2	10000	100	0	0.5	300	0.01
457	-0.000957174427199969	0.0170978125	0	0.944	0.357	-0.000957174427199969	0.0170978125	1	1000	A17	C2	10000	100	0	0.5	300	0.03
458	-0.00313349118810001	0.0113801275	0	0.805	0.527	-0.00313349118810001	0.0113801275	FGr	1000	A17	C2	10000	100	0	0.5	300	0.03
459	-0.00313483250449998	0.011442109	0	0.801	0.516	-0.00313483250449998	0.011442109	NoCorrection	1000	A17	C2	10000	100	0	0.5	300	0.03
460	-0.000599353236499987	0.0171840105	0	0.961	0.348	-0.000599353236499987	0.0171840105	ID	1000	A17	C2	10000	100	0	0.5	300	0.03
461	0.00125645849530001	-0.026509018	0	0.893	0.112	0.00125645849530001	-0.026509018	1	1000	A17	C2	10000	100	0	0.5	300	0.1
462	-0.00241791642050001	-0.0318485045	0	0.809	0.075	-0.00241791642050001	-0.0318485045	FGr	1000	A17	C2	10000	100	0	0.5	300	0.1
463	-0.00242680581999999	-0.03121892	0	0.793	0.072	-0.00242680581999999	-0.03121892	NoCorrection	1000	A17	C2	10000	100	0	0.5	300	0.1
464	0.00110352089100001	-0.027171512	0	0.892	0.121	0.00110352089100001	-0.027171512	ID	1000	A17	C2	10000	100	0	0.5	300	0.1
465	-0.021893577973	-0.000312640499999993	0	0.043	0.992	-0.021893577973	-0.000312640499999993	1	10000	A17	C2	10000	100	0	0.5	300	0
466	-0.02150839232	-0.0054606975	0	0.061	0.842	-0.02150839232	-0.0054606975	FGr	10000	A17	C2	10000	100	0	0.5	300	0
467	-0.021493162365	-0.005395923	0	0.057	0.861	-0.021493162365	-0.005395923	NoCorrection	10000	A17	C2	10000	100	0	0.5	300	0
468	-0.021852260051	-0.000308319999999983	0	0.055	0.99	-0.021852260051	-0.000308319999999983	ID	10000	A17	C2	10000	100	0	0.5	300	0
469	-0.01490143643	0.027841237	0	0.243	0.307	-0.01490143643	0.027841237	1	10000	A17	C2	10000	100	0	0.5	300	0.01
470	-0.014908978899	0.028281492	0	0.243	0.257	-0.014908978899	0.028281492	FGr	10000	A17	C2	10000	100	0	0.5	300	0.01
471	-0.014872903751	0.0254305375	0	0.231	0.337	-0.014872903751	0.0254305375	NoCorrection	10000	A17	C2	10000	100	0	0.5	300	0.01
472	-0.014782889666	0.0236876775	0	0.268	0.377	-0.014782889666	0.0236876775	ID	10000	A17	C2	10000	100	0	0.5	300	0.01
473	0.00612864431894999	-0.00208278149999998	0	0.545	0.943	0.00612864431894999	-0.00208278149999998	1	10000	A17	C2	10000	100	0	0.5	300	0.03
474	0.004296123364	0.00637242349999999	0	0.69	0.825	0.004296123364	0.00637242349999999	FGr	10000	A17	C2	10000	100	0	0.5	300	0.03
475	0.0042414359465	0.00666091000000001	0	0.69	0.771	0.0042414359465	0.00666091000000001	NoCorrection	10000	A17	C2	10000	100	0	0.5	300	0.03
476	0.0059978891715	0.000480906000000003	0	0.55	0.992	0.0059978891715	0.000480906000000003	ID	10000	A17	C2	10000	100	0	0.5	300	0.03
477	0.000934455433999989	0.00453643000000002	0	0.933	0.858	0.000934455433999989	0.00453643000000002	1	10000	A17	C2	10000	100	0	0.5	300	0.1
478	-0.00219859987929	0.0168521214999999	0	0.86	0.571	-0.00219859987929	0.0168521214999999	FGr	10000	A17	C2	10000	100	0	0.5	300	0.1
479	-0.0022533738501	0.0117431615	0	0.847	0.673	-0.0022533738501	0.0117431615	NoCorrection	10000	A17	C2	10000	100	0	0.5	300	0.1
480	0.00102634211	0.00771403099999999	0	0.917	0.8	0.00102634211	0.00771403099999999	ID	10000	A17	C2	10000	100	0	0.5	300	0.1
481	0.00828150712410001	0.0082815071241	0	0.159	0.173	0.00828150712410001	0.0082815071241	1	300	A17	C2	10000	1000	0	0.5	300	0
482	0.008601754921325	0.008601754921325	0	0.13	0.14	0.008601754921325	0.008601754921325	FGr	300	A17	C2	10000	1000	0	0.5	300	0
483	0.00844072530585001	0.00844072530585	0	0.125	0.142	0.00844072530585001	0.00844072530585	NoCorrection	300	A17	C2	10000	1000	0	0.5	300	0
484	0.00845673519285	0.00845673519285	0	0.169	0.123	0.00845673519285	0.00845673519285	ID	300	A17	C2	10000	1000	0	0.5	300	0
485	0.00859489713640007	0.00859489713640007	0	0.192	0.187	0.00859489713640007	0.00859489713640007	1	300	A17	C2	10000	1000	0	0.5	300	0.01
486	0.00905217969125	0.00905217969125004	0	0.165	0.182	0.00905217969125	0.00905217969125004	FGr	300	A17	C2	10000	1000	0	0.5	300	0.01
487	0.00910533916600001	0.00910533916600002	0	0.173	0.178	0.00910533916600001	0.00910533916600002	NoCorrection	300	A17	C2	10000	1000	0	0.5	300	0.01
488	0.00920381235000001	0.00920381234999999	0	0.169	0.141	0.00920381235000001	0.00920381234999999	ID	300	A17	C2	10000	1000	0	0.5	300	0.01
489	-0.0036491954128	-0.0036491954128	0	0.539	0.534	-0.0036491954128	-0.0036491954128	1	300	A17	C2	10000	1000	0	0.5	300	0.03
490	-0.00366296083215	-0.00366296083215	0	0.519	0.534	-0.00366296083215	-0.00366296083215	FGr	300	A17	C2	10000	1000	0	0.5	300	0.03
491	-0.00369012066854999	-0.00369012066855	0	0.57	0.544	-0.00369012066854999	-0.00369012066855	NoCorrection	300	A17	C2	10000	1000	0	0.5	300	0.03
492	-0.0036128402515	-0.00361284025149999	0	0.58	0.535	-0.0036128402515	-0.00361284025149999	ID	300	A17	C2	10000	1000	0	0.5	300	0.03
493	0.004075265956635	0.004075265956635	0	0.578	0.582	0.004075265956635	0.004075265956635	1	300	A17	C2	10000	1000	0	0.5	300	0.1
494	0.0060525919901	0.0060525919901	0	0.408	0.421	0.0060525919901	0.0060525919901	FGr	300	A17	C2	10000	1000	0	0.5	300	0.1
495	0.0061135217335	0.00611352173349999	0	0.413	0.418	0.0061135217335	0.00611352173349999	NoCorrection	300	A17	C2	10000	1000	0	0.5	300	0.1
496	0.0037786463277	0.00377864632770001	0	0.596	0.601	0.0037786463277	0.00377864632770001	ID	300	A17	C2	10000	1000	0	0.5	300	0.1
497	-0.00152808537405	-0.0209979784	0	0.803	0.064	-0.00152808537405	-0.0209979784	1	1000	A17	C2	10000	1000	0	0.5	300	0
498	-0.00134886009675002	-0.0229446104000002	0	0.855	0.039	-0.00134886009675002	-0.0229446104000002	FGr	1000	A17	C2	10000	1000	0	0.5	300	0
499	-0.00137099481075	-0.02296126955	0	0.829	0.051	-0.00137099481075	-0.02296126955	NoCorrection	1000	A17	C2	10000	1000	0	0.5	300	0
500	-0.00150842987	-0.0227469618999999	0	0.839	0.035	-0.00150842987	-0.0227469618999999	ID	1000	A17	C2	10000	1000	0	0.5	300	0
501	0.00581515782990001	-0.00171211615	0	0.4	0.879	0.00581515782990001	-0.00171211615	1	1000	A17	C2	10000	1000	0	0.5	300	0.01
502	0.00583454670459994	0.000399532550000008	0	0.409	0.975	0.00583454670459994	0.000399532550000008	FGr	1000	A17	C2	10000	1000	0	0.5	300	0.01
503	0.00576708979100001	-9.65594500000016e-05	0	0.397	0.995	0.00576708979100001	-9.65594500000016e-05	NoCorrection	1000	A17	C2	10000	1000	0	0.5	300	0.01
504	0.00581969238299999	-0.000422665850000016	0	0.402	0.968	0.00581969238299999	-0.000422665850000016	ID	1000	A17	C2	10000	1000	0	0.5	300	0.01
505	0.00340507419300002	-0.00702020375000003	0	0.652	0.48	0.00340507419300002	-0.00702020375000003	1	1000	A17	C2	10000	1000	0	0.5	300	0.03
506	0.003264067603	-0.00556287929999999	0	0.644	0.585	0.003264067603	-0.00556287929999999	FGr	1000	A17	C2	10000	1000	0	0.5	300	0.03
507	0.0033122870265	-0.00625533400000001	0	0.639	0.53	0.0033122870265	-0.00625533400000001	NoCorrection	1000	A17	C2	10000	1000	0	0.5	300	0.03
508	0.0033950556515	-0.00679743605000007	0	0.62	0.524	0.0033950556515	-0.00679743605000007	ID	1000	A17	C2	10000	1000	0	0.5	300	0.03
509	-0.0067838035474	-0.000737204349999966	0	0.254	0.955	-0.0067838035474	-0.000737204349999966	1	1000	A17	C2	10000	1000	0	0.5	300	0.1
510	-0.00650603040295	0.0078974718	0	0.277	0.476	-0.00650603040295	0.0078974718	FGr	1000	A17	C2	10000	1000	0	0.5	300	0.1
511	-0.00642963663712501	0.00837234575000001	0	0.31	0.468	-0.00642963663712501	0.00837234575000001	NoCorrection	1000	A17	C2	10000	1000	0	0.5	300	0.1
512	-0.006967439604	0.000554281599999994	0	0.246	0.959	-0.006967439604	0.000554281599999994	ID	1000	A17	C2	10000	1000	0	0.5	300	0.1
513	-0.0058492166775	-0.02799040895	0	0.415	0.08	-0.0058492166775	-0.02799040895	1	10000	A17	C2	10000	1000	0	0.5	300	0
514	-0.00618482291599996	-0.0269263551499999	0	0.359	0.108	-0.00618482291599996	-0.0269263551499999	FGr	10000	A17	C2	10000	1000	0	0.5	300	0
515	-0.00609280539000004	-0.02891286155	0	0.381	0.087	-0.00609280539000004	-0.02891286155	NoCorrection	10000	A17	C2	10000	1000	0	0.5	300	0
516	-0.0058021228024	-0.0283859251500001	0	0.428	0.092	-0.0058021228024	-0.0283859251500001	ID	10000	A17	C2	10000	1000	0	0.5	300	0
517	0.00701943609499999	-0.00229768985000001	0	0.267	0.882	0.00701943609499999	-0.00229768985000001	1	10000	A17	C2	10000	1000	0	0.5	300	0.01
518	0.00665439229300001	0.0059152394	0	0.313	0.757	0.00665439229300001	0.0059152394	FGr	10000	A17	C2	10000	1000	0	0.5	300	0.01
519	0.00702679660344999	-0.00177585095000001	0	0.28	0.929	0.00702679660344999	-0.00177585095000001	NoCorrection	10000	A17	C2	10000	1000	0	0.5	300	0.01
520	0.00700771828949999	-0.00153820975	0	0.269	0.924	0.00700771828949999	-0.00153820975	ID	10000	A17	C2	10000	1000	0	0.5	300	0.01
521	0.0025510102321	0.00620085630000008	0	0.675	0.705	0.0025510102321	0.00620085630000008	1	10000	A17	C2	10000	1000	0	0.5	300	0.03
522	0.00243030397315002	0.01634594575	0	0.693	0.346	0.00243030397315002	0.01634594575	FGr	10000	A17	C2	10000	1000	0	0.5	300	0.03
523	0.00289606629569998	0.01861270555	0	0.613	0.289	0.00289606629569998	0.01861270555	NoCorrection	10000	A17	C2	10000	1000	0	0.5	300	0.03
524	0.0025053934065	0.00601305165000012	0	0.666	0.691	0.0025053934065	0.00601305165000012	ID	10000	A17	C2	10000	1000	0	0.5	300	0.03
525	-0.00191666730350002	-0.01825577065	0	0.761	0.24	-0.00191666730350002	-0.01825577065	1	10000	A17	C2	10000	1000	0	0.5	300	0.1
526	-0.00150314609190002	0.01251089275	0	0.821	0.483	-0.00150314609190002	0.01251089275	FGr	10000	A17	C2	10000	1000	0	0.5	300	0.1
527	-0.0011385115925	0.0139100164	0	0.853	0.418	-0.0011385115925	0.0139100164	NoCorrection	10000	A17	C2	10000	1000	0	0.5	300	0.1
528	-0.00194263693755003	-0.01340736325	0	0.754	0.415	-0.00194263693755003	-0.01340736325	ID	10000	A17	C2	10000	1000	0	0.5	300	0.1
529	-0.00565322767659997	-0.00565322767659996	0	0.319	0.31	-0.00565322767659997	-0.00565322767659996	1	300	A17	C2	10000	10000	0	0.5	300	0
530	-0.00535108179069005	-0.00535108179069005	0	0.345	0.336	-0.00535108179069005	-0.00535108179069005	FGr	300	A17	C2	10000	10000	0	0.5	300	0
531	-0.00536651613134999	-0.00536651613135	0	0.323	0.352	-0.00536651613134999	-0.00536651613135	NoCorrection	300	A17	C2	10000	10000	0	0.5	300	0
532	-0.00560210162295001	-0.00560210162295002	0	0.3	0.325	-0.00560210162295001	-0.00560210162295002	ID	300	A17	C2	10000	10000	0	0.5	300	0
533	-0.00654078061857018	-0.0065407806185702	0	0.353	0.339	-0.00654078061857018	-0.0065407806185702	1	300	A17	C2	10000	10000	0	0.5	300	0.01
534	-0.00641386000035005	-0.00641386000035005	0	0.341	0.344	-0.00641386000035005	-0.00641386000035005	FGr	300	A17	C2	10000	10000	0	0.5	300	0.01
535	-0.00640876634250984	-0.00640876634250984	0	0.355	0.339	-0.00640876634250984	-0.00640876634250984	NoCorrection	300	A17	C2	10000	10000	0	0.5	300	0.01
536	-0.0064062658699998	-0.00640626586999981	0	0.341	0.318	-0.0064062658699998	-0.00640626586999981	ID	300	A17	C2	10000	10000	0	0.5	300	0.01
537	-0.00990180770494994	-0.00990180770494992	0	0.151	0.15	-0.00990180770494994	-0.00990180770494992	1	300	A17	C2	10000	10000	0	0.5	300	0.03
538	-0.00962413176587984	-0.00962413176587984	0	0.153	0.124	-0.00962413176587984	-0.00962413176587984	FGr	300	A17	C2	10000	10000	0	0.5	300	0.03
539	-0.0096213406868849	-0.00962134068688488	0	0.135	0.135	-0.0096213406868849	-0.00962134068688488	NoCorrection	300	A17	C2	10000	10000	0	0.5	300	0.03
540	-0.00982967730898149	-0.00982967730898149	0	0.153	0.141	-0.00982967730898149	-0.00982967730898149	ID	300	A17	C2	10000	10000	0	0.5	300	0.03
541	-0.00835933730575012	-0.00835933730575013	0	0.189	0.211	-0.00835933730575012	-0.00835933730575013	1	300	A17	C2	10000	10000	0	0.5	300	0.1
542	-0.00737364312858986	-0.00737364312858985	0	0.284	0.281	-0.00737364312858986	-0.00737364312858985	FGr	300	A17	C2	10000	10000	0	0.5	300	0.1
543	-0.00734824073058024	-0.00734824073058019	0	0.288	0.276	-0.00734824073058024	-0.00734824073058019	NoCorrection	300	A17	C2	10000	10000	0	0.5	300	0.1
544	-0.00851809399523995	-0.00851809399523998	0	0.212	0.199	-0.00851809399523995	-0.00851809399523998	ID	300	A17	C2	10000	10000	0	0.5	300	0.1
545	0.00127125722565006	0.00571644393999994	0	0.839	0.532	0.00127125722565006	0.00571644393999994	1	1000	A17	C2	10000	10000	0	0.5	300	0
546	0.00129962627094993	0.00461904882	0	0.838	0.633	0.00129962627094993	0.00461904882	FGr	1000	A17	C2	10000	10000	0	0.5	300	0
547	0.00127215249882014	0.00438918426500002	0	0.834	0.634	0.00127215249882014	0.00438918426500002	NoCorrection	1000	A17	C2	10000	10000	0	0.5	300	0
548	0.00124030601766505	0.00308377583500003	0	0.843	0.769	0.00124030601766505	0.00308377583500003	ID	1000	A17	C2	10000	10000	0	0.5	300	0
549	0.00112254551580003	0.018127399895	0	0.866	0.069	0.00112254551580003	0.018127399895	1	1000	A17	C2	10000	10000	0	0.5	300	0.01
550	0.00122051356950006	0.019318579175	0	0.84	0.047	0.00122051356950006	0.019318579175	FGr	1000	A17	C2	10000	10000	0	0.5	300	0.01
551	0.00111982882810004	0.018458371135	0	0.842	0.064	0.00111982882810004	0.018458371135	NoCorrection	1000	A17	C2	10000	10000	0	0.5	300	0.01
552	0.00114599447175004	0.01767836867	0	0.84	0.08	0.00114599447175004	0.01767836867	ID	1000	A17	C2	10000	10000	0	0.5	300	0.01
553	0.01110962082363	-0.00286359721999959	0	0.06	0.752	0.01110962082363	-0.00286359721999959	1	1000	A17	C2	10000	10000	0	0.5	300	0.03
554	0.010986773120089	0.000445730930000066	0	0.068	0.967	0.010986773120089	0.000445730930000066	FGr	1000	A17	C2	10000	10000	0	0.5	300	0.03
555	0.01099351647163	0.000461063090000125	0	0.056	0.962	0.01099351647163	0.000461063090000125	NoCorrection	1000	A17	C2	10000	10000	0	0.5	300	0.03
556	0.0112214857557196	-0.00445474392999989	0	0.054	0.619	0.0112214857557196	-0.00445474392999989	ID	1000	A17	C2	10000	10000	0	0.5	300	0.03
557	-0.00298620760345	-0.00561950014500017	0	0.576	0.556	-0.00298620760345	-0.00561950014500017	1	1000	A17	C2	10000	10000	0	0.5	300	0.1
558	-0.00302163621360997	-0.00411041256999986	0	0.586	0.628	-0.00302163621360997	-0.00411041256999986	FGr	1000	A17	C2	10000	10000	0	0.5	300	0.1
559	-0.00303621950623	-0.00496157570500013	0	0.623	0.615	-0.00303621950623	-0.00496157570500013	NoCorrection	1000	A17	C2	10000	10000	0	0.5	300	0.1
560	-0.00282440143485012	-0.0044840365400003	0	0.601	0.606	-0.00282440143485012	-0.0044840365400003	ID	1000	A17	C2	10000	10000	0	0.5	300	0.1
561	0.0046163812591471	0.0242756389399999	0	0.495	0.078	0.0046163812591471	0.0242756389399999	1	10000	A17	C2	10000	10000	0	0.5	300	0
562	0.00474791913774993	0.0186182059500003	0	0.485	0.179	0.00474791913774993	0.0186182059500003	FGr	10000	A17	C2	10000	10000	0	0.5	300	0
563	0.0046615787585352	0.0146896638900001	0	0.511	0.324	0.0046615787585352	0.0146896638900001	NoCorrection	10000	A17	C2	10000	10000	0	0.5	300	0
564	0.00461559356542032	0.0237895893399999	0	0.508	0.102	0.00461559356542032	0.0237895893399999	ID	10000	A17	C2	10000	10000	0	0.5	300	0
565	-0.00146021871959	0.010489662615	0	0.807	0.475	-0.00146021871959	0.010489662615	1	10000	A17	C2	10000	10000	0	0.5	300	0.01
566	-0.00149955695495004	0.00922698006500007	0	0.841	0.547	-0.00149955695495004	0.00922698006500007	FGr	10000	A17	C2	10000	10000	0	0.5	300	0.01
567	-0.00152956148060002	0.0101563281449999	0	0.83	0.5	-0.00152956148060002	0.0101563281449999	NoCorrection	10000	A17	C2	10000	10000	0	0.5	300	0.01
568	-0.00144941975260002	0.00561801702500022	0	0.801	0.692	-0.00144941975260002	0.00561801702500022	ID	10000	A17	C2	10000	10000	0	0.5	300	0.01
569	-0.00146597031266001	-0.00474148085	0	0.802	0.757	-0.00146597031266001	-0.00474148085	1	10000	A17	C2	10000	10000	0	0.5	300	0.03
570	-0.0014662275367311	-0.00436046286500001	0	0.807	0.787	-0.0014662275367311	-0.00436046286500001	FGr	10000	A17	C2	10000	10000	0	0.5	300	0.03
571	-0.00151483712506495	-0.00360899206000001	0	0.787	0.802	-0.00151483712506495	-0.00360899206000001	NoCorrection	10000	A17	C2	10000	10000	0	0.5	300	0.03
572	-0.00146255746676496	-0.00811142371	0	0.811	0.569	-0.00146255746676496	-0.00811142371	ID	10000	A17	C2	10000	10000	0	0.5	300	0.03
573	0.00180337358840006	0.00916906369999995	0	0.775	0.574	0.00180337358840006	0.00916906369999995	1	10000	A17	C2	10000	10000	0	0.5	300	0.1
574	0.0015878057529378	-0.005074607025	0	0.775	0.799	0.0015878057529378	-0.005074607025	FGr	10000	A17	C2	10000	10000	0	0.5	300	0.1
575	0.00160785725249997	-0.00506467170999997	0	0.79	0.765	0.00160785725249997	-0.00506467170999997	NoCorrection	10000	A17	C2	10000	10000	0	0.5	300	0.1
576	0.00181411643100008	0.00928783120000003	0	0.743	0.54	0.00181411643100008	0.00928783120000003	ID	10000	A17	C2	10000	10000	0	0.5	300	0.1
