	c-q	nc-q	true-q	c-p	nc-p	c-bias	nc-bias	type	L	rep	config	gwas_size	test_size	h2	ts	num_causal	env
1	0.04042298593	0.04042298593	0	0.301	0.304	0.04042298593	0.04042298593	1	300	A1	C1	1000	100	0	0.5	300	0
2	0.06811587485	0.06811587485	0	0.115	0.101	0.06811587485	0.06811587485	FGr	300	A1	C1	1000	100	0	0.5	300	0
3	0.07044079066	0.07044079066	0	0.086	0.078	0.07044079066	0.07044079066	NoCorrection	300	A1	C1	1000	100	0	0.5	300	0
4	0.05630783504	0.0563078350400001	0	0.174	0.162	0.05630783504	0.0563078350400001	ID	300	A1	C1	1000	100	0	0.5	300	0
5	-0.04933722375	-0.04933722375	0	0.173	0.2	-0.04933722375	-0.04933722375	1	300	A1	C1	1000	100	0	0.5	300	0.01
6	-0.101517324335	-0.101517324335	0	0.003	0.009	-0.101517324335	-0.101517324335	FGr	300	A1	C1	1000	100	0	0.5	300	0.01
7	-0.095736876611	-0.095736876611	0	0.011	0.015	-0.095736876611	-0.095736876611	NoCorrection	300	A1	C1	1000	100	0	0.5	300	0.01
8	-0.059855272045	-0.059855272045	0	0.11	0.089	-0.059855272045	-0.059855272045	ID	300	A1	C1	1000	100	0	0.5	300	0.01
9	0.04368413705	0.0436841370499999	0	0.284	0.274	0.04368413705	0.0436841370499999	1	300	A1	C1	1000	100	0	0.5	300	0.03
10	0.046805592656	0.046805592656	0	0.257	0.212	0.046805592656	0.046805592656	FGr	300	A1	C1	1000	100	0	0.5	300	0.03
11	0.036305876525	0.036305876525	0	0.348	0.369	0.036305876525	0.036305876525	NoCorrection	300	A1	C1	1000	100	0	0.5	300	0.03
12	0.03050324788	0.03050324788	0	0.433	0.446	0.03050324788	0.03050324788	ID	300	A1	C1	1000	100	0	0.5	300	0.03
13	0.015674274815	0.015674274815	0	0.686	0.662	0.015674274815	0.015674274815	1	300	A1	C1	1000	100	0	0.5	300	0.1
14	0.0730256416245	0.0730256416245	0	0.072	0.053	0.0730256416245	0.0730256416245	FGr	300	A1	C1	1000	100	0	0.5	300	0.1
15	0.0817309013215	0.0817309013215	0	0.042	0.036	0.0817309013215	0.0817309013215	NoCorrection	300	A1	C1	1000	100	0	0.5	300	0.1
16	0.00789357983000004	0.00789357983000002	0	0.832	0.835	0.00789357983000004	0.00789357983000002	ID	300	A1	C1	1000	100	0	0.5	300	0.1
17	-0.00120400806499999	-0.00519157599999995	0	0.976	0.938	-0.00120400806499999	-0.00519157599999995	1	1000	A1	C1	1000	100	0	0.5	300	0
18	0.00780378915000004	-0.00363456150000001	0	0.877	0.96	0.00780378915000004	-0.00363456150000001	FGr	1000	A1	C1	1000	100	0	0.5	300	0
19	-0.0112245145804999	-0.0258798964999999	0	0.83	0.677	-0.0112245145804999	-0.0258798964999999	NoCorrection	1000	A1	C1	1000	100	0	0.5	300	0
20	-0.00203906715499995	-0.013134719	0	0.965	0.853	-0.00203906715499995	-0.013134719	ID	1000	A1	C1	1000	100	0	0.5	300	0
21	-0.01454685944	-0.0697025119999999	0	0.691	0.263	-0.01454685944	-0.0697025119999999	1	1000	A1	C1	1000	100	0	0.5	300	0.01
22	0.01076457536	-0.0105697229999999	0	0.774	0.87	0.01076457536	-0.0105697229999999	FGr	1000	A1	C1	1000	100	0	0.5	300	0.01
23	0.0271992175	0.0268195880000001	0	0.497	0.676	0.0271992175	0.0268195880000001	NoCorrection	1000	A1	C1	1000	100	0	0.5	300	0.01
24	-0.01193768607	-0.0617214355000001	0	0.787	0.361	-0.01193768607	-0.0617214355000001	ID	1000	A1	C1	1000	100	0	0.5	300	0.01
25	0.032578382965	0.0621506275000001	0	0.381	0.332	0.032578382965	0.0621506275000001	1	1000	A1	C1	1000	100	0	0.5	300	0.03
26	0.0295684444	0.0569689745	0	0.446	0.356	0.0295684444	0.0569689745	FGr	1000	A1	C1	1000	100	0	0.5	300	0.03
27	0.01205471644	0.00211781999999995	0	0.774	0.972	0.01205471644	0.00211781999999995	NoCorrection	1000	A1	C1	1000	100	0	0.5	300	0.03
28	0.035540011629	0.0714503804999999	0	0.353	0.257	0.035540011629	0.0714503804999999	ID	1000	A1	C1	1000	100	0	0.5	300	0.03
29	0.00555980765000001	-0.0779361825000002	0	0.903	0.273	0.00555980765000001	-0.0779361825000002	1	1000	A1	C1	1000	100	0	0.5	300	0.1
30	-0.000293929597000017	-0.0848207645000001	0	0.997	0.25	-0.000293929597000017	-0.0848207645000001	FGr	1000	A1	C1	1000	100	0	0.5	300	0.1
31	0.0325594369385	-0.0140087890000001	0	0.468	0.848	0.0325594369385	-0.0140087890000001	NoCorrection	1000	A1	C1	1000	100	0	0.5	300	0.1
32	-0.015765943589	-0.137026354	0	0.691	0.048	-0.015765943589	-0.137026354	ID	1000	A1	C1	1000	100	0	0.5	300	0.1
33	0.09279628692	-0.0018514875	0	0.017	0.992	0.09279628692	-0.0018514875	1	10000	A1	C1	1000	100	0	0.5	300	0
34	0.08935080695	-0.04254922	0	0.015	0.701	0.08935080695	-0.04254922	FGr	10000	A1	C1	1000	100	0	0.5	300	0
35	0.1048376618	0.0809385990000001	0	0.005	0.447	0.1048376618	0.0809385990000001	NoCorrection	10000	A1	C1	1000	100	0	0.5	300	0
36	0.0932378753100001	-0.000892543000000048	0	0.013	0.996	0.0932378753100001	-0.000892543000000048	ID	10000	A1	C1	1000	100	0	0.5	300	0
37	0.01726083602	0.204115485	0	0.692	0.037	0.01726083602	0.204115485	1	10000	A1	C1	1000	100	0	0.5	300	0.01
38	0.0267785751325	0.277942245	0	0.487	0.014	0.0267785751325	0.277942245	FGr	10000	A1	C1	1000	100	0	0.5	300	0.01
39	-0.015317871465	-0.18354668	0	0.719	0.068	-0.015317871465	-0.18354668	NoCorrection	10000	A1	C1	1000	100	0	0.5	300	0.01
40	0.01909341296	0.230767185	0	0.63	0.022	0.01909341296	0.230767185	ID	10000	A1	C1	1000	100	0	0.5	300	0.01
41	0.010103174484	0.0759793765	0	0.803	0.493	0.010103174484	0.0759793765	1	10000	A1	C1	1000	100	0	0.5	300	0.03
42	0.010533505305	0.0838053475	0	0.784	0.431	0.010533505305	0.0838053475	FGr	10000	A1	C1	1000	100	0	0.5	300	0.03
43	0.0194429890705	0.166694483	0	0.624	0.098	0.0194429890705	0.166694483	NoCorrection	10000	A1	C1	1000	100	0	0.5	300	0.03
44	0.01152828452	0.096718448	0	0.767	0.35	0.01152828452	0.096718448	ID	10000	A1	C1	1000	100	0	0.5	300	0.03
45	0.00487445240500002	0.0830289945	0	0.89	0.403	0.00487445240500002	0.0830289945	1	10000	A1	C1	1000	100	0	0.5	300	0.1
46	0.00156735877599997	0.053746553	0	0.979	0.618	0.00156735877599997	0.053746553	FGr	10000	A1	C1	1000	100	0	0.5	300	0.1
47	0.04943744733	0.47684643	0	0.176	0	0.04943744733	0.47684643	NoCorrection	10000	A1	C1	1000	100	0	0.5	300	0.1
48	0.00489197429999999	0.0744148175000002	0	0.883	0.459	0.00489197429999999	0.0744148175000002	ID	10000	A1	C1	1000	100	0	0.5	300	0.1
49	-0.020459662035	-0.020459662035	0	0.475	0.495	-0.020459662035	-0.020459662035	1	300	A1	C1	1000	1000	0	0.5	300	0
50	-0.0175093529706001	-0.0175093529706	0	0.552	0.505	-0.0175093529706001	-0.0175093529706	FGr	300	A1	C1	1000	1000	0	0.5	300	0
51	-0.01767757312144	-0.01767757312144	0	0.504	0.521	-0.01767757312144	-0.01767757312144	NoCorrection	300	A1	C1	1000	1000	0	0.5	300	0
52	-0.00954089157329999	-0.00954089157329998	0	0.732	0.711	-0.00954089157329999	-0.00954089157329998	ID	300	A1	C1	1000	1000	0	0.5	300	0
53	-0.00538358813749994	-0.00538358813749994	0	0.837	0.842	-0.00538358813749994	-0.00538358813749994	1	300	A1	C1	1000	1000	0	0.5	300	0.01
54	0.0706096591585	0.0706096591585	0	0.015	0.014	0.0706096591585	0.0706096591585	FGr	300	A1	C1	1000	1000	0	0.5	300	0.01
55	0.0916048320294999	0.0916048320295	0	0	0.001	0.0916048320294999	0.0916048320295	NoCorrection	300	A1	C1	1000	1000	0	0.5	300	0.01
56	0.025266498625	0.025266498625	0	0.356	0.373	0.025266498625	0.025266498625	ID	300	A1	C1	1000	1000	0	0.5	300	0.01
57	0.000206142480999866	0.000206142480999882	0	0.999	0.995	0.000206142480999866	0.000206142480999882	1	300	A1	C1	1000	1000	0	0.5	300	0.03
58	-0.0144965332530001	-0.0144965332530003	0	0.599	0.593	-0.0144965332530001	-0.0144965332530003	FGr	300	A1	C1	1000	1000	0	0.5	300	0.03
59	0.000854966370000276	0.000854966370000319	0	0.966	0.975	0.000854966370000276	0.000854966370000319	NoCorrection	300	A1	C1	1000	1000	0	0.5	300	0.03
60	-0.00824393664349963	-0.00824393664349971	0	0.756	0.756	-0.00824393664349963	-0.00824393664349971	ID	300	A1	C1	1000	1000	0	0.5	300	0.03
61	-0.026842814078	-0.026842814078	0	0.296	0.285	-0.026842814078	-0.026842814078	1	300	A1	C1	1000	1000	0	0.5	300	0.1
62	0.00719479405899999	0.00719479405899999	0	0.771	0.759	0.00719479405899999	0.00719479405899999	FGr	300	A1	C1	1000	1000	0	0.5	300	0.1
63	0.00341981700699998	0.00341981700699996	0	0.9	0.914	0.00341981700699998	0.00341981700699996	NoCorrection	300	A1	C1	1000	1000	0	0.5	300	0.1
64	-0.00730515847	-0.00730515847	0	0.767	0.78	-0.00730515847	-0.00730515847	ID	300	A1	C1	1000	1000	0	0.5	300	0.1
65	-0.00569096582350025	0.0371916195000001	0	0.856	0.401	-0.00569096582350025	0.0371916195000001	1	1000	A1	C1	1000	1000	0	0.5	300	0
66	-0.00665517153934984	0.0323756964	0	0.846	0.481	-0.00665517153934984	0.0323756964	FGr	1000	A1	C1	1000	1000	0	0.5	300	0
67	-0.00296148296900007	0.0429415714	0	0.935	0.326	-0.00296148296900007	0.0429415714	NoCorrection	1000	A1	C1	1000	1000	0	0.5	300	0
68	-0.0164189049281502	0.00615632779999993	0	0.601	0.903	-0.0164189049281502	0.00615632779999993	ID	1000	A1	C1	1000	1000	0	0.5	300	0
69	0.0309339268534	0.06417860255	0	0.311	0.111	0.0309339268534	0.06417860255	1	1000	A1	C1	1000	1000	0	0.5	300	0.01
70	0.0241178745083002	0.0538962881000001	0	0.436	0.194	0.0241178745083002	0.0538962881000001	FGr	1000	A1	C1	1000	1000	0	0.5	300	0.01
71	0.02828099747575	0.0603917452499999	0	0.337	0.141	0.02828099747575	0.0603917452499999	NoCorrection	1000	A1	C1	1000	1000	0	0.5	300	0.01
72	0.0255428840994999	0.057263249	0	0.413	0.147	0.0255428840994999	0.057263249	ID	1000	A1	C1	1000	1000	0	0.5	300	0.01
73	-0.0172557102435	-0.0570606034	0	0.57	0.195	-0.0172557102435	-0.0570606034	1	1000	A1	C1	1000	1000	0	0.5	300	0.03
74	0.00450629794039999	0.01438924805	0	0.891	0.762	0.00450629794039999	0.01438924805	FGr	1000	A1	C1	1000	1000	0	0.5	300	0.03
75	0.0162648475175	0.0362951612000001	0	0.593	0.394	0.0162648475175	0.0362951612000001	NoCorrection	1000	A1	C1	1000	1000	0	0.5	300	0.03
76	0.00631907888700001	0.0133916049999999	0	0.838	0.757	0.00631907888700001	0.0133916049999999	ID	1000	A1	C1	1000	1000	0	0.5	300	0.03
77	0.0284619903931	-0.00454404914999992	0	0.28	0.92	0.0284619903931	-0.00454404914999992	1	1000	A1	C1	1000	1000	0	0.5	300	0.1
78	0.048350943931	0.0471894856	0	0.075	0.283	0.048350943931	0.0471894856	FGr	1000	A1	C1	1000	1000	0	0.5	300	0.1
79	0.065520692111	0.0989571734499999	0	0.007	0.033	0.065520692111	0.0989571734499999	NoCorrection	1000	A1	C1	1000	1000	0	0.5	300	0.1
80	0.03534688722565	0.00607202575000002	0	0.198	0.892	0.03534688722565	0.00607202575000002	ID	1000	A1	C1	1000	1000	0	0.5	300	0.1
81	-0.00894617730149999	0.11463390585	0	0.754	0.139	-0.00894617730149999	0.11463390585	1	10000	A1	C1	1000	1000	0	0.5	300	0
82	-0.0133087011825	0.0995064965	0	0.668	0.189	-0.0133087011825	0.0995064965	FGr	10000	A1	C1	1000	1000	0	0.5	300	0
83	-0.0511350629435	-0.2203213025	0	0.075	0.006	-0.0511350629435	-0.2203213025	NoCorrection	10000	A1	C1	1000	1000	0	0.5	300	0
84	-0.00732211551450001	0.126078171	0	0.808	0.085	-0.00732211551450001	0.126078171	ID	10000	A1	C1	1000	1000	0	0.5	300	0
85	0.0252261410705	0.026993212	0	0.347	0.737	0.0252261410705	0.026993212	1	10000	A1	C1	1000	1000	0	0.5	300	0.01
86	0.0288759648240001	0.0658862375000001	0	0.291	0.383	0.0288759648240001	0.0658862375000001	FGr	10000	A1	C1	1000	1000	0	0.5	300	0.01
87	0.0145817489585001	-0.0351409755	0	0.592	0.638	0.0145817489585001	-0.0351409755	NoCorrection	10000	A1	C1	1000	1000	0	0.5	300	0.01
88	0.0248439556820001	0.014884831	0	0.351	0.844	0.0248439556820001	0.014884831	ID	10000	A1	C1	1000	1000	0	0.5	300	0.01
89	-0.0127386882400001	-0.0311749390000003	0	0.623	0.663	-0.0127386882400001	-0.0311749390000003	1	10000	A1	C1	1000	1000	0	0.5	300	0.03
90	-0.0178193837915	-0.0696804175000001	0	0.499	0.342	-0.0178193837915	-0.0696804175000001	FGr	10000	A1	C1	1000	1000	0	0.5	300	0.03
91	0.0311799869203499	0.209257121	0	0.242	0.003	0.0311799869203499	0.209257121	NoCorrection	10000	A1	C1	1000	1000	0	0.5	300	0.03
92	-0.0146494959785	-0.0484296299999997	0	0.616	0.486	-0.0146494959785	-0.0484296299999997	ID	10000	A1	C1	1000	1000	0	0.5	300	0.03
93	-0.0101814940925001	-0.00780263169999981	0	0.714	0.92	-0.0101814940925001	-0.00780263169999981	1	10000	A1	C1	1000	1000	0	0.5	300	0.1
94	-0.00218265743600003	0.0470916509999999	0	0.944	0.49	-0.00218265743600003	0.0470916509999999	FGr	10000	A1	C1	1000	1000	0	0.5	300	0.1
95	0.0115177285074999	0.107058741900001	0	0.692	0.14	0.0115177285074999	0.107058741900001	NoCorrection	10000	A1	C1	1000	1000	0	0.5	300	0.1
96	-0.0111258044025	-0.0191027601999994	0	0.694	0.811	-0.0111258044025	-0.0191027601999994	ID	10000	A1	C1	1000	1000	0	0.5	300	0.1
97	0.0201691068618001	0.0201691068618001	0	0.458	0.466	0.0201691068618001	0.0201691068618001	1	300	A1	C1	1000	10000	0	0.5	300	0
98	0.0240553403295998	0.0240553403295999	0	0.351	0.35	0.0240553403295998	0.0240553403295999	FGr	300	A1	C1	1000	10000	0	0.5	300	0
99	0.0108403867994999	0.0108403867994999	0	0.703	0.694	0.0108403867994999	0.0108403867994999	NoCorrection	300	A1	C1	1000	10000	0	0.5	300	0
100	0.0106792656024994	0.0106792656024995	0	0.65	0.711	0.0106792656024994	0.0106792656024995	ID	300	A1	C1	1000	10000	0	0.5	300	0
101	-0.00711827462339996	-0.0071182746233999	0	0.765	0.739	-0.00711827462339996	-0.0071182746233999	1	300	A1	C1	1000	10000	0	0.5	300	0.01
102	-0.0121537726948998	-0.0121537726948998	0	0.58	0.594	-0.0121537726948998	-0.0121537726948998	FGr	300	A1	C1	1000	10000	0	0.5	300	0.01
103	-0.0329602560373001	-0.0329602560373001	0	0.166	0.157	-0.0329602560373001	-0.0329602560373001	NoCorrection	300	A1	C1	1000	10000	0	0.5	300	0.01
104	-0.00969398377997996	-0.00969398377997994	0	0.669	0.667	-0.00969398377997996	-0.00969398377997994	ID	300	A1	C1	1000	10000	0	0.5	300	0.01
105	0.0136040743723496	0.0136040743723496	0	0.602	0.604	0.0136040743723496	0.0136040743723496	1	300	A1	C1	1000	10000	0	0.5	300	0.03
106	0.0374253252943495	0.0374253252943496	0	0.158	0.127	0.0374253252943495	0.0374253252943496	FGr	300	A1	C1	1000	10000	0	0.5	300	0.03
107	0.0278555268473599	0.0278555268473599	0	0.247	0.251	0.0278555268473599	0.0278555268473599	NoCorrection	300	A1	C1	1000	10000	0	0.5	300	0.03
108	-0.00287345033602539	-0.00287345033602536	0	0.918	0.916	-0.00287345033602539	-0.00287345033602536	ID	300	A1	C1	1000	10000	0	0.5	300	0.03
109	0.00777156029819981	0.00777156029819978	0	0.75	0.773	0.00777156029819981	0.00777156029819978	1	300	A1	C1	1000	10000	0	0.5	300	0.1
110	0.0617330550878002	0.0617330550878002	0	0.013	0.014	0.0617330550878002	0.0617330550878002	FGr	300	A1	C1	1000	10000	0	0.5	300	0.1
111	0.09200886960374	0.09200886960374	0	0	0	0.09200886960374	0.09200886960374	NoCorrection	300	A1	C1	1000	10000	0	0.5	300	0.1
112	0.0163510023502003	0.0163510023502003	0	0.513	0.496	0.0163510023502003	0.0163510023502003	ID	300	A1	C1	1000	10000	0	0.5	300	0.1
113	0.00466672721975007	0.00320617835500002	0	0.841	0.945	0.00466672721975007	0.00320617835500002	1	1000	A1	C1	1000	10000	0	0.5	300	0
114	-0.00222485650430027	-0.00642495498000015	0	0.935	0.868	-0.00222485650430027	-0.00642495498000015	FGr	1000	A1	C1	1000	10000	0	0.5	300	0
115	0.010569570766301	0.0202191303600002	0	0.672	0.629	0.010569570766301	0.0202191303600002	NoCorrection	1000	A1	C1	1000	10000	0	0.5	300	0
116	0.00232018317900038	-0.000991620724999591	0	0.916	0.975	0.00232018317900038	-0.000991620724999591	ID	1000	A1	C1	1000	10000	0	0.5	300	0
117	0.03041562556635	0.0689065314200007	0	0.323	0.123	0.03041562556635	0.0689065314200007	1	1000	A1	C1	1000	10000	0	0.5	300	0.01
118	0.000210773569199815	-0.0249714653100008	0	0.992	0.594	0.000210773569199815	-0.0249714653100008	FGr	1000	A1	C1	1000	10000	0	0.5	300	0.01
119	-0.000373626061850731	-0.0254136652949996	0	0.989	0.589	-0.000373626061850731	-0.0254136652949996	NoCorrection	1000	A1	C1	1000	10000	0	0.5	300	0.01
120	0.0175507647337502	0.0341632604950001	0	0.584	0.432	0.0175507647337502	0.0341632604950001	ID	1000	A1	C1	1000	10000	0	0.5	300	0.01
121	0.0180185677428998	0.025188364055	0	0.463	0.576	0.0180185677428998	0.025188364055	1	1000	A1	C1	1000	10000	0	0.5	300	0.03
122	0.00598109491930005	0.00108607668500002	0	0.8	0.982	0.00598109491930005	0.00108607668500002	FGr	1000	A1	C1	1000	10000	0	0.5	300	0.03
123	0.00125281749269976	-0.0177981810499998	0	0.954	0.711	0.00125281749269976	-0.0177981810499998	NoCorrection	1000	A1	C1	1000	10000	0	0.5	300	0.03
124	0.0144117819391	0.0238406814299999	0	0.549	0.603	0.0144117819391	0.0238406814299999	ID	1000	A1	C1	1000	10000	0	0.5	300	0.03
125	-0.00200384892666872	0.0106482063999996	0	0.947	0.805	-0.00200384892666872	0.0106482063999996	1	1000	A1	C1	1000	10000	0	0.5	300	0.1
126	-0.00649735879939972	0.00310183649500058	0	0.818	0.935	-0.00649735879939972	0.00310183649500058	FGr	1000	A1	C1	1000	10000	0	0.5	300	0.1
127	0.0134976601009404	0.0429416661800004	0	0.654	0.326	0.0134976601009404	0.0429416661800004	NoCorrection	1000	A1	C1	1000	10000	0	0.5	300	0.1
128	-0.00531856446015003	0.00879502005499995	0	0.877	0.851	-0.00531856446015003	0.00879502005499995	ID	1000	A1	C1	1000	10000	0	0.5	300	0.1
129	-0.0647142446629	0.0778012902449988	0	0	0.215	-0.0647142446629	0.0778012902449988	1	10000	A1	C1	1000	10000	0	0.5	300	0
130	-0.0739681550783001	0.0344781277199999	0	0	0.605	-0.0739681550783001	0.0344781277199999	FGr	10000	A1	C1	1000	10000	0	0.5	300	0
131	-0.0646222520710499	0.0740369473249995	0	0.003	0.255	-0.0646222520710499	0.0740369473249995	NoCorrection	10000	A1	C1	1000	10000	0	0.5	300	0
132	-0.0646371649748	0.0778397948949991	0	0	0.242	-0.0646371649748	0.0778397948949991	ID	10000	A1	C1	1000	10000	0	0.5	300	0
133	0.01844065538565	0.0798680058550007	0	0.483	0.238	0.01844065538565	0.0798680058550007	1	10000	A1	C1	1000	10000	0	0.5	300	0.01
134	0.0219992406202	0.118348338214999	0	0.405	0.075	0.0219992406202	0.118348338214999	FGr	10000	A1	C1	1000	10000	0	0.5	300	0.01
135	0.0563071122357	0.3073129661	0	0.035	0	0.0563071122357	0.3073129661	NoCorrection	10000	A1	C1	1000	10000	0	0.5	300	0.01
136	0.01935066002915	0.0878995048849997	0	0.453	0.182	0.01935066002915	0.0878995048849997	ID	10000	A1	C1	1000	10000	0	0.5	300	0.01
137	0.0165407499431999	-0.00875914837500017	0	0.516	0.904	0.0165407499431999	-0.00875914837500017	1	10000	A1	C1	1000	10000	0	0.5	300	0.03
138	0.0177448833999999	-0.00232195044000026	0	0.444	0.979	0.0177448833999999	-0.00232195044000026	FGr	10000	A1	C1	1000	10000	0	0.5	300	0.03
139	0.0392230013730251	0.1048253542	0	0.125	0.134	0.0392230013730251	0.1048253542	NoCorrection	10000	A1	C1	1000	10000	0	0.5	300	0.03
140	0.0168543304515	-0.00498117708000024	0	0.505	0.943	0.0168543304515	-0.00498117708000024	ID	10000	A1	C1	1000	10000	0	0.5	300	0.03
141	-0.0139115437864102	-0.0590020400999967	0	0.619	0.427	-0.0139115437864102	-0.0590020400999967	1	10000	A1	C1	1000	10000	0	0.5	300	0.1
142	-0.00879711902679985	-0.0362312225500023	0	0.769	0.64	-0.00879711902679985	-0.0362312225500023	FGr	10000	A1	C1	1000	10000	0	0.5	300	0.1
143	0.0124506948599999	0.116840990575	0	0.659	0.099	0.0124506948599999	0.116840990575	NoCorrection	10000	A1	C1	1000	10000	0	0.5	300	0.1
144	-0.00891362982290009	-0.0294874906000015	0	0.753	0.678	-0.00891362982290009	-0.0294874906000015	ID	10000	A1	C1	1000	10000	0	0.5	300	0.1
145	-0.005275398695	-0.00527539869499999	0	0.644	0.626	-0.005275398695	-0.00527539869499999	1	300	A1	C1	10000	100	0	0.5	300	0
146	0.003235329155	0.003235329155	0	0.801	0.763	0.003235329155	0.003235329155	FGr	300	A1	C1	10000	100	0	0.5	300	0
147	0.0036940941432	0.00369409414319999	0	0.773	0.732	0.0036940941432	0.00369409414319999	NoCorrection	300	A1	C1	10000	100	0	0.5	300	0
148	-0.0016403941935	-0.00164039419350001	0	0.891	0.901	-0.0016403941935	-0.00164039419350001	ID	300	A1	C1	10000	100	0	0.5	300	0
149	-0.001320304611915	-0.001320304611915	0	0.915	0.906	-0.001320304611915	-0.001320304611915	1	300	A1	C1	10000	100	0	0.5	300	0.01
150	-0.00200673515499999	-0.00200673515499999	0	0.869	0.865	-0.00200673515499999	-0.00200673515499999	FGr	300	A1	C1	10000	100	0	0.5	300	0.01
151	-0.00309879912999999	-0.00309879913	0	0.815	0.791	-0.00309879912999999	-0.00309879913	NoCorrection	300	A1	C1	10000	100	0	0.5	300	0.01
152	-0.0034714332275	-0.0034714332275	0	0.771	0.788	-0.0034714332275	-0.0034714332275	ID	300	A1	C1	10000	100	0	0.5	300	0.01
153	-0.0292362959212	-0.0292362959212	0	0.014	0.012	-0.0292362959212	-0.0292362959212	1	300	A1	C1	10000	100	0	0.5	300	0.03
154	-0.0240763142395	-0.0240763142395	0	0.046	0.042	-0.0240763142395	-0.0240763142395	FGr	300	A1	C1	10000	100	0	0.5	300	0.03
155	-0.0219268373305	-0.0219268373305	0	0.058	0.053	-0.0219268373305	-0.0219268373305	NoCorrection	300	A1	C1	10000	100	0	0.5	300	0.03
156	-0.03277851875	-0.03277851875	0	0.002	0.004	-0.03277851875	-0.03277851875	ID	300	A1	C1	10000	100	0	0.5	300	0.03
157	0.00668006728200001	0.00668006728199999	0	0.562	0.585	0.00668006728200001	0.00668006728199999	1	300	A1	C1	10000	100	0	0.5	300	0.1
158	0.037223288040605	0.037223288040605	0	0.003	0.008	0.037223288040605	0.037223288040605	FGr	300	A1	C1	10000	100	0	0.5	300	0.1
159	0.04216925647	0.04216925647	0	0.003	0.002	0.04216925647	0.04216925647	NoCorrection	300	A1	C1	10000	100	0	0.5	300	0.1
160	0.009088508135	0.009088508135	0	0.406	0.424	0.009088508135	0.009088508135	ID	300	A1	C1	10000	100	0	0.5	300	0.1
161	-0.021063047285	0.0163229385	0	0.07	0.413	-0.021063047285	0.0163229385	1	1000	A1	C1	10000	100	0	0.5	300	0
162	-0.018509940644	0.0235411495	0	0.109	0.215	-0.018509940644	0.0235411495	FGr	1000	A1	C1	10000	100	0	0.5	300	0
163	-0.02354184109	0.0102545145	0	0.046	0.607	-0.02354184109	0.0102545145	NoCorrection	1000	A1	C1	10000	100	0	0.5	300	0
164	-0.0218704573015	0.0135487785	0	0.06	0.467	-0.0218704573015	0.0135487785	ID	1000	A1	C1	10000	100	0	0.5	300	0
165	-0.0051777762402	-0.0121480695	0	0.673	0.549	-0.0051777762402	-0.0121480695	1	1000	A1	C1	10000	100	0	0.5	300	0.01
166	-0.000574293288499999	-0.00410890000000001	0	0.971	0.807	-0.000574293288499999	-0.00410890000000001	FGr	1000	A1	C1	10000	100	0	0.5	300	0.01
167	0.002244912875	0.00396764250000001	0	0.849	0.832	0.002244912875	0.00396764250000001	NoCorrection	1000	A1	C1	10000	100	0	0.5	300	0.01
168	-0.0063493672645	-0.01507686	0	0.591	0.419	-0.0063493672645	-0.01507686	ID	1000	A1	C1	10000	100	0	0.5	300	0.01
169	0.016330757215	-0.012548155	0	0.186	0.525	0.016330757215	-0.012548155	1	1000	A1	C1	10000	100	0	0.5	300	0.03
170	0.019140989917	-0.00295872049999998	0	0.098	0.883	0.019140989917	-0.00295872049999998	FGr	1000	A1	C1	10000	100	0	0.5	300	0.03
171	0.03152572653895	0.0281743445	0	0.005	0.164	0.03152572653895	0.0281743445	NoCorrection	1000	A1	C1	10000	100	0	0.5	300	0.03
172	0.013407382837	-0.0158203745	0	0.248	0.411	0.013407382837	-0.0158203745	ID	1000	A1	C1	10000	100	0	0.5	300	0.03
173	0.004937044665	-0.0074269665	0	0.724	0.739	0.004937044665	-0.0074269665	1	1000	A1	C1	10000	100	0	0.5	300	0.1
174	0.022221240365	0.042140512	0	0.107	0.043	0.022221240365	0.042140512	FGr	1000	A1	C1	10000	100	0	0.5	300	0.1
175	0.0393121737995	0.0953473215	0	0.005	0	0.0393121737995	0.0953473215	NoCorrection	1000	A1	C1	10000	100	0	0.5	300	0.1
176	0.004061910426	-0.0095114305	0	0.756	0.642	0.004061910426	-0.0095114305	ID	1000	A1	C1	10000	100	0	0.5	300	0.1
177	0.00299086656499999	0.0127043345	0	0.782	0.658	0.00299086656499999	0.0127043345	1	10000	A1	C1	10000	100	0	0.5	300	0
178	0.00377071682500001	0.015401313	0	0.722	0.59	0.00377071682500001	0.015401313	FGr	10000	A1	C1	10000	100	0	0.5	300	0
179	0.018956041857	0.090090406	0	0.093	0.003	0.018956041857	0.090090406	NoCorrection	10000	A1	C1	10000	100	0	0.5	300	0
180	0.003835325675	0.01640128	0	0.729	0.591	0.003835325675	0.01640128	ID	10000	A1	C1	10000	100	0	0.5	300	0
181	0.0152323996575	0.0150274064999999	0	0.21	0.605	0.0152323996575	0.0150274064999999	1	10000	A1	C1	10000	100	0	0.5	300	0.01
182	0.01155307401	-0.011636495	0	0.342	0.696	0.01155307401	-0.011636495	FGr	10000	A1	C1	10000	100	0	0.5	300	0.01
183	0.002561237936	-0.06800626	0	0.837	0.039	0.002561237936	-0.06800626	NoCorrection	10000	A1	C1	10000	100	0	0.5	300	0.01
184	0.01596542813775	0.020267234	0	0.217	0.502	0.01596542813775	0.020267234	ID	10000	A1	C1	10000	100	0	0.5	300	0.01
185	-0.0270736153	0.010686875	0	0.022	0.75	-0.0270736153	0.010686875	1	10000	A1	C1	10000	100	0	0.5	300	0.03
186	-0.0263108018065	0.012347573	0	0.017	0.703	-0.0263108018065	0.012347573	FGr	10000	A1	C1	10000	100	0	0.5	300	0.03
187	-0.0173363583305	0.064591803	0	0.108	0.043	-0.0173363583305	0.064591803	NoCorrection	10000	A1	C1	10000	100	0	0.5	300	0.03
188	-0.02679910864	0.00893785449999999	0	0.016	0.77	-0.02679910864	0.00893785449999999	ID	10000	A1	C1	10000	100	0	0.5	300	0.03
189	0.00341459512	-0.024720125	0	0.801	0.437	0.00341459512	-0.024720125	1	10000	A1	C1	10000	100	0	0.5	300	0.1
190	0.0044063354565	-0.012454821	0	0.761	0.722	0.0044063354565	-0.012454821	FGr	10000	A1	C1	10000	100	0	0.5	300	0.1
191	0.04774133264	0.2495081655	0	0	0	0.04774133264	0.2495081655	NoCorrection	10000	A1	C1	10000	100	0	0.5	300	0.1
192	0.003953865255	-0.023439321	0	0.739	0.488	0.003953865255	-0.023439321	ID	10000	A1	C1	10000	100	0	0.5	300	0.1
193	0.009520717251	0.00952071725099998	0	0.289	0.307	0.009520717251	0.00952071725099998	1	300	A1	C1	10000	1000	0	0.5	300	0
194	0.00997526730290001	0.0099752673029	0	0.269	0.225	0.00997526730290001	0.0099752673029	FGr	300	A1	C1	10000	1000	0	0.5	300	0
195	0.00794639082359997	0.00794639082359997	0	0.35	0.371	0.00794639082359997	0.00794639082359997	NoCorrection	300	A1	C1	10000	1000	0	0.5	300	0
196	0.00374824743904999	0.00374824743905	0	0.679	0.673	0.00374824743904999	0.00374824743905	ID	300	A1	C1	10000	1000	0	0.5	300	0
197	0.00694514879887998	0.00694514879887998	0	0.502	0.476	0.00694514879887998	0.00694514879887998	1	300	A1	C1	10000	1000	0	0.5	300	0.01
198	0.00444150031899997	0.00444150031899999	0	0.648	0.661	0.00444150031899997	0.00444150031899999	FGr	300	A1	C1	10000	1000	0	0.5	300	0.01
199	0.00523989966900002	0.00523989966900003	0	0.595	0.592	0.00523989966900002	0.00523989966900003	NoCorrection	300	A1	C1	10000	1000	0	0.5	300	0.01
200	0.0017183654732	0.00171836547319999	0	0.868	0.865	0.0017183654732	0.00171836547319999	ID	300	A1	C1	10000	1000	0	0.5	300	0.01
201	-0.0054712014445	-0.00547120144450001	0	0.483	0.467	-0.0054712014445	-0.00547120144450001	1	300	A1	C1	10000	1000	0	0.5	300	0.03
202	-0.0051127704967	-0.0051127704967	0	0.523	0.492	-0.0051127704967	-0.0051127704967	FGr	300	A1	C1	10000	1000	0	0.5	300	0.03
203	0.000347808545750001	0.000347808545750003	0	0.953	0.955	0.000347808545750001	0.000347808545750003	NoCorrection	300	A1	C1	10000	1000	0	0.5	300	0.03
204	-0.007024895736	-0.007024895736	0	0.374	0.376	-0.007024895736	-0.007024895736	ID	300	A1	C1	10000	1000	0	0.5	300	0.03
205	0.00158176358749998	0.00158176358749999	0	0.885	0.882	0.00158176358749998	0.00158176358749999	1	300	A1	C1	10000	1000	0	0.5	300	0.1
206	0.0152358117885001	0.0152358117885	0	0.133	0.127	0.0152358117885001	0.0152358117885	FGr	300	A1	C1	10000	1000	0	0.5	300	0.1
207	0.031608226885	0.031608226885	0	0.003	0.002	0.031608226885	0.031608226885	NoCorrection	300	A1	C1	10000	1000	0	0.5	300	0.1
208	-0.00548387608649998	-0.00548387608649998	0	0.589	0.564	-0.00548387608649998	-0.00548387608649998	ID	300	A1	C1	10000	1000	0	0.5	300	0.1
209	0.00523221501300001	-0.007850629	0	0.577	0.585	0.00523221501300001	-0.007850629	1	1000	A1	C1	10000	1000	0	0.5	300	0
210	0.00832218583350002	-0.00404658519999998	0	0.365	0.787	0.00832218583350002	-0.00404658519999998	FGr	1000	A1	C1	10000	1000	0	0.5	300	0
211	0.010898698745	0.00277154330000002	0	0.239	0.85	0.010898698745	0.00277154330000002	NoCorrection	1000	A1	C1	10000	1000	0	0.5	300	0
212	0.00435344190444999	-0.0105727312000001	0	0.641	0.498	0.00435344190444999	-0.0105727312000001	ID	1000	A1	C1	10000	1000	0	0.5	300	0
213	-0.016931137874	-0.00933661199999999	0	0.047	0.506	-0.016931137874	-0.00933661199999999	1	1000	A1	C1	10000	1000	0	0.5	300	0.01
214	-0.01631375968	-0.00789670804999994	0	0.094	0.597	-0.01631375968	-0.00789670804999994	FGr	1000	A1	C1	10000	1000	0	0.5	300	0.01
215	-0.0209353321914499	-0.0168322014	0	0.023	0.246	-0.0209353321914499	-0.0168322014	NoCorrection	1000	A1	C1	10000	1000	0	0.5	300	0.01
216	-0.0142250292465499	-0.00520700004999998	0	0.167	0.707	-0.0142250292465499	-0.00520700004999998	ID	1000	A1	C1	10000	1000	0	0.5	300	0.01
217	-0.004105885516855	-0.02124099985	0	0.634	0.171	-0.004105885516855	-0.02124099985	1	1000	A1	C1	10000	1000	0	0.5	300	0.03
218	-0.006296050783505	-0.02477710405	0	0.493	0.095	-0.006296050783505	-0.02477710405	FGr	1000	A1	C1	10000	1000	0	0.5	300	0.03
219	0.0021034768292	-0.00266468620000004	0	0.808	0.855	0.0021034768292	-0.00266468620000004	NoCorrection	1000	A1	C1	10000	1000	0	0.5	300	0.03
220	-0.00656192746455	-0.02684708575	0	0.48	0.078	-0.00656192746455	-0.02684708575	ID	1000	A1	C1	10000	1000	0	0.5	300	0.03
221	0.0086048625189	0.00287045624999992	0	0.425	0.854	0.0086048625189	0.00287045624999992	1	1000	A1	C1	10000	1000	0	0.5	300	0.1
222	0.017536105848	0.0213630029499999	0	0.096	0.152	0.017536105848	0.0213630029499999	FGr	1000	A1	C1	10000	1000	0	0.5	300	0.1
223	0.039302143057	0.0715977599	0	0.001	0	0.039302143057	0.0715977599	NoCorrection	1000	A1	C1	10000	1000	0	0.5	300	0.1
224	0.00791021022640001	0.00283507329999994	0	0.448	0.846	0.00791021022640001	0.00283507329999994	ID	1000	A1	C1	10000	1000	0	0.5	300	0.1
225	0.00355404065365003	-0.01487243535	0	0.692	0.52	0.00355404065365003	-0.01487243535	1	10000	A1	C1	10000	1000	0	0.5	300	0
226	0.00409615518324998	-0.01270651185	0	0.626	0.582	0.00409615518324998	-0.01270651185	FGr	10000	A1	C1	10000	1000	0	0.5	300	0
227	0.011086844006	0.0597158606	0	0.185	0.005	0.011086844006	0.0597158606	NoCorrection	10000	A1	C1	10000	1000	0	0.5	300	0
228	0.00321538990295006	-0.01532496355	0	0.706	0.513	0.00321538990295006	-0.01532496355	ID	10000	A1	C1	10000	1000	0	0.5	300	0
229	-0.000515924126149984	-0.0251059675	0	0.935	0.244	-0.000515924126149984	-0.0251059675	1	10000	A1	C1	10000	1000	0	0.5	300	0.01
230	0.000193018000603997	-0.01302737815	0	0.977	0.569	0.000193018000603997	-0.01302737815	FGr	10000	A1	C1	10000	1000	0	0.5	300	0.01
231	-0.00499349655139998	-0.0586457998499999	0	0.55	0.004	-0.00499349655139998	-0.0586457998499999	NoCorrection	10000	A1	C1	10000	1000	0	0.5	300	0.01
232	0.000355842610649993	-0.00921690480000007	0	0.961	0.671	0.000355842610649993	-0.00921690480000007	ID	10000	A1	C1	10000	1000	0	0.5	300	0.01
233	-0.0154772593977501	0.0157389790500001	0	0.103	0.456	-0.0154772593977501	0.0157389790500001	1	10000	A1	C1	10000	1000	0	0.5	300	0.03
234	-0.0170637147989999	0.0145371163999999	0	0.063	0.543	-0.0170637147989999	0.0145371163999999	FGr	10000	A1	C1	10000	1000	0	0.5	300	0.03
235	-0.00329637912200007	0.1071337083	0	0.699	0	-0.00329637912200007	0.1071337083	NoCorrection	10000	A1	C1	10000	1000	0	0.5	300	0.03
236	-0.0156088464304	0.01730499745	0	0.1	0.458	-0.0156088464304	0.01730499745	ID	10000	A1	C1	10000	1000	0	0.5	300	0.03
237	-0.0092622834424	-0.03516152565	0	0.288	0.092	-0.0092622834424	-0.03516152565	1	10000	A1	C1	10000	1000	0	0.5	300	0.1
238	-0.00614146108249999	-0.0093361368	0	0.514	0.659	-0.00614146108249999	-0.0093361368	FGr	10000	A1	C1	10000	1000	0	0.5	300	0.1
239	0.019257826199	0.1977990686	0	0.056	0	0.019257826199	0.1977990686	NoCorrection	10000	A1	C1	10000	1000	0	0.5	300	0.1
240	-0.00842464645350002	-0.02527665925	0	0.336	0.198	-0.00842464645350002	-0.02527665925	ID	10000	A1	C1	10000	1000	0	0.5	300	0.1
241	-0.00868842143398506	-0.00868842143398505	0	0.31	0.3	-0.00868842143398506	-0.00868842143398505	1	300	A1	C1	10000	10000	0	0.5	300	0
242	-0.00520665294629995	-0.00520665294629994	0	0.526	0.544	-0.00520665294629995	-0.00520665294629994	FGr	300	A1	C1	10000	10000	0	0.5	300	0
243	-0.0027233950609501	-0.0027233950609501	0	0.747	0.733	-0.0027233950609501	-0.0027233950609501	NoCorrection	300	A1	C1	10000	10000	0	0.5	300	0
244	-0.00735421495063739	-0.00735421495063739	0	0.417	0.383	-0.00735421495063739	-0.00735421495063739	ID	300	A1	C1	10000	10000	0	0.5	300	0
245	-0.00221157789751503	-0.00221157789751504	0	0.736	0.772	-0.00221157789751503	-0.00221157789751504	1	300	A1	C1	10000	10000	0	0.5	300	0.01
246	0.00516946817554497	0.00516946817554497	0	0.498	0.463	0.00516946817554497	0.00516946817554497	FGr	300	A1	C1	10000	10000	0	0.5	300	0.01
247	0.000757746866039968	0.000757746866039959	0	0.911	0.928	0.000757746866039968	0.000757746866039959	NoCorrection	300	A1	C1	10000	10000	0	0.5	300	0.01
248	0.001708898535335	0.001708898535335	0	0.815	0.824	0.001708898535335	0.001708898535335	ID	300	A1	C1	10000	10000	0	0.5	300	0.01
249	-0.00496692945779995	-0.00496692945779996	0	0.568	0.562	-0.00496692945779995	-0.00496692945779996	1	300	A1	C1	10000	10000	0	0.5	300	0.03
250	-0.00551944390299978	-0.00551944390299976	0	0.501	0.544	-0.00551944390299978	-0.00551944390299976	FGr	300	A1	C1	10000	10000	0	0.5	300	0.03
251	-0.00420189717125005	-0.00420189717125005	0	0.619	0.625	-0.00420189717125005	-0.00420189717125005	NoCorrection	300	A1	C1	10000	10000	0	0.5	300	0.03
252	-0.00351052660199017	-0.00351052660199017	0	0.699	0.682	-0.00351052660199017	-0.00351052660199017	ID	300	A1	C1	10000	10000	0	0.5	300	0.03
253	0.000490479184399986	0.000490479184399979	0	0.949	0.954	0.000490479184399986	0.000490479184399979	1	300	A1	C1	10000	10000	0	0.5	300	0.1
254	0.0171234344079	0.0171234344079	0	0.045	0.036	0.0171234344079	0.0171234344079	FGr	300	A1	C1	10000	10000	0	0.5	300	0.1
255	0.0281374166845001	0.0281374166845001	0	0	0.001	0.0281374166845001	0.0281374166845001	NoCorrection	300	A1	C1	10000	10000	0	0.5	300	0.1
256	-0.000341492079550078	-0.000341492079550104	0	0.946	0.955	-0.000341492079550078	-0.000341492079550104	ID	300	A1	C1	10000	10000	0	0.5	300	0.1
257	-0.00381662972107	0.00960015096499992	0	0.622	0.466	-0.00381662972107	0.00960015096499992	1	1000	A1	C1	10000	10000	0	0.5	300	0
258	-0.00386946485390999	0.00922830124499987	0	0.644	0.487	-0.00386946485390999	0.00922830124499987	FGr	1000	A1	C1	10000	10000	0	0.5	300	0
259	-0.00435866031202201	0.0088310592949999	0	0.564	0.491	-0.00435866031202201	0.0088310592949999	NoCorrection	1000	A1	C1	10000	10000	0	0.5	300	0
260	-0.00580696566831	0.00659886512999998	0	0.488	0.651	-0.00580696566831	0.00659886512999998	ID	1000	A1	C1	10000	10000	0	0.5	300	0
261	0.00689039493385498	-0.0213601670750004	0	0.376	0.133	0.00689039493385498	-0.0213601670750004	1	1000	A1	C1	10000	10000	0	0.5	300	0.01
262	0.011328030905745	-0.00420408279999992	0	0.138	0.76	0.011328030905745	-0.00420408279999992	FGr	1000	A1	C1	10000	10000	0	0.5	300	0.01
263	0.010509165479905	-0.0054534724850002	0	0.169	0.67	0.010509165479905	-0.0054534724850002	NoCorrection	1000	A1	C1	10000	10000	0	0.5	300	0.01
264	0.00862845335564	-0.0122037056150004	0	0.266	0.398	0.00862845335564	-0.0122037056150004	ID	1000	A1	C1	10000	10000	0	0.5	300	0.01
265	0.00085819870755	-0.0171121362700001	0	0.922	0.225	0.00085819870755	-0.0171121362700001	1	1000	A1	C1	10000	10000	0	0.5	300	0.03
266	0.000877816634849979	-0.015984320425	0	0.908	0.262	0.000877816634849979	-0.015984320425	FGr	1000	A1	C1	10000	10000	0	0.5	300	0.03
267	0.0062645961531699	-0.000192995435000065	0	0.442	0.988	0.0062645961531699	-0.000192995435000065	NoCorrection	1000	A1	C1	10000	10000	0	0.5	300	0.03
268	-0.000633208225345071	-0.0237819128300004	0	0.941	0.086	-0.000633208225345071	-0.0237819128300004	ID	1000	A1	C1	10000	10000	0	0.5	300	0.03
269	0.000486943626189976	-0.021955275815	0	0.949	0.116	0.000486943626189976	-0.021955275815	1	1000	A1	C1	10000	10000	0	0.5	300	0.1
270	0.00964401703052004	0.00753077332999991	0	0.266	0.614	0.00964401703052004	0.00753077332999991	FGr	1000	A1	C1	10000	10000	0	0.5	300	0.1
271	0.0294559740156752	0.0781916185349999	0	0.004	0	0.0294559740156752	0.0781916185349999	NoCorrection	1000	A1	C1	10000	10000	0	0.5	300	0.1
272	0.00160045058673007	-0.019129901585	0	0.86	0.156	0.00160045058673007	-0.019129901585	ID	1000	A1	C1	10000	10000	0	0.5	300	0.1
273	0.00320750234896999	0.0267870542	0	0.647	0.185	0.00320750234896999	0.0267870542	1	10000	A1	C1	10000	10000	0	0.5	300	0
274	0.00261017945145002	0.0129737291149998	0	0.733	0.547	0.00261017945145002	0.0129737291149998	FGr	10000	A1	C1	10000	10000	0	0.5	300	0
275	0.01292437594565	0.07960404056	0	0.095	0	0.01292437594565	0.07960404056	NoCorrection	10000	A1	C1	10000	10000	0	0.5	300	0
276	0.00360025208035001	0.03139822294	0	0.642	0.117	0.00360025208035001	0.03139822294	ID	10000	A1	C1	10000	10000	0	0.5	300	0
277	-0.01608036077035	-0.00347745857000003	0	0.022	0.873	-0.01608036077035	-0.00347745857000003	1	10000	A1	C1	10000	10000	0	0.5	300	0.01
278	-0.017707400457395	-0.0143882708349999	0	0.015	0.478	-0.017707400457395	-0.0143882708349999	FGr	10000	A1	C1	10000	10000	0	0.5	300	0.01
279	-0.00717378794170003	0.0486149824199998	0	0.304	0.022	-0.00717378794170003	0.0486149824199998	NoCorrection	10000	A1	C1	10000	10000	0	0.5	300	0.01
280	-0.0163557894884501	-0.00417796337499995	0	0.036	0.832	-0.0163557894884501	-0.00417796337499995	ID	10000	A1	C1	10000	10000	0	0.5	300	0.01
281	0.000775055821599994	-0.00754732562000004	0	0.904	0.714	0.000775055821599994	-0.00754732562000004	1	10000	A1	C1	10000	10000	0	0.5	300	0.03
282	0.00293835719513499	0.00983504877500004	0	0.695	0.64	0.00293835719513499	0.00983504877500004	FGr	10000	A1	C1	10000	10000	0	0.5	300	0.03
283	0.00262226203132999	0.0113287785649998	0	0.712	0.587	0.00262226203132999	0.0113287785649998	NoCorrection	10000	A1	C1	10000	10000	0	0.5	300	0.03
284	0.00151880683970001	0.00383686971999997	0	0.865	0.859	0.00151880683970001	0.00383686971999997	ID	10000	A1	C1	10000	10000	0	0.5	300	0.03
285	0.02458413373885	-0.0346634303099994	0	0.004	0.106	0.02458413373885	-0.0346634303099994	1	10000	A1	C1	10000	10000	0	0.5	300	0.1
286	0.029397524066575	-0.00146251985000025	0	0	0.937	0.029397524066575	-0.00146251985000025	FGr	10000	A1	C1	10000	10000	0	0.5	300	0.1
287	0.0762783452452823	0.320744521545	0	0	0	0.0762783452452823	0.320744521545	NoCorrection	10000	A1	C1	10000	10000	0	0.5	300	0.1
288	0.0251017360811499	-0.0264517480550004	0	0.006	0.234	0.0251017360811499	-0.0264517480550004	ID	10000	A1	C1	10000	10000	0	0.5	300	0.1
289	0.0225253705149999	0.0225253705149999	0	0.5	0.459	0.0225253705149999	0.0225253705149999	1	300	A1	C2	1000	100	0	0.5	300	0
290	0.016969828655	0.016969828655	0	0.603	0.61	0.016969828655	0.016969828655	FGr	300	A1	C2	1000	100	0	0.5	300	0
291	0.0164717193	0.0164717193	0	0.638	0.646	0.0164717193	0.0164717193	NoCorrection	300	A1	C2	1000	100	0	0.5	300	0
292	0.01613401615	0.01613401615	0	0.606	0.64	0.01613401615	0.01613401615	ID	300	A1	C2	1000	100	0	0.5	300	0
293	0.03749829023	0.03749829023	0	0.308	0.291	0.03749829023	0.03749829023	1	300	A1	C2	1000	100	0	0.5	300	0.01
294	0.0360712849	0.0360712849	0	0.335	0.368	0.0360712849	0.0360712849	FGr	300	A1	C2	1000	100	0	0.5	300	0.01
295	0.0361768468200001	0.03617684682	0	0.337	0.35	0.0361768468200001	0.03617684682	NoCorrection	300	A1	C2	1000	100	0	0.5	300	0.01
296	0.035279890585	0.035279890585	0	0.358	0.356	0.035279890585	0.035279890585	ID	300	A1	C2	1000	100	0	0.5	300	0.01
297	-0.035375002065	-0.035375002065	0	0.24	0.24	-0.035375002065	-0.035375002065	1	300	A1	C2	1000	100	0	0.5	300	0.03
298	-0.03655733779	-0.0365573377900001	0	0.203	0.225	-0.03655733779	-0.0365573377900001	FGr	300	A1	C2	1000	100	0	0.5	300	0.03
299	-0.03626195585	-0.03626195585	0	0.221	0.215	-0.03626195585	-0.03626195585	NoCorrection	300	A1	C2	1000	100	0	0.5	300	0.03
300	-0.036432645236	-0.0364326452359999	0	0.202	0.2	-0.036432645236	-0.0364326452359999	ID	300	A1	C2	1000	100	0	0.5	300	0.03
301	-0.0246499103	-0.0246499103	0	0.42	0.442	-0.0246499103	-0.0246499103	1	300	A1	C2	1000	100	0	0.5	300	0.1
302	-0.019859760629	-0.019859760629	0	0.489	0.543	-0.019859760629	-0.019859760629	FGr	300	A1	C2	1000	100	0	0.5	300	0.1
303	-0.019413164705	-0.019413164705	0	0.543	0.533	-0.019413164705	-0.019413164705	NoCorrection	300	A1	C2	1000	100	0	0.5	300	0.1
304	-0.02878661265	-0.02878661265	0	0.379	0.358	-0.02878661265	-0.02878661265	ID	300	A1	C2	1000	100	0	0.5	300	0.1
305	0.02001909235	0.1090507435	0	0.63	0.047	0.02001909235	0.1090507435	1	1000	A1	C2	1000	100	0	0.5	300	0
306	0.0195906307445	0.110273596	0	0.649	0.057	0.0195906307445	0.110273596	FGr	1000	A1	C2	1000	100	0	0.5	300	0
307	0.0191582993309999	0.109687742	0	0.662	0.035	0.0191582993309999	0.109687742	NoCorrection	1000	A1	C2	1000	100	0	0.5	300	0
308	0.019534278571	0.114292425	0	0.651	0.056	0.019534278571	0.114292425	ID	1000	A1	C2	1000	100	0	0.5	300	0
309	-0.02004525787	0.021461787	0	0.524	0.704	-0.02004525787	0.021461787	1	1000	A1	C2	1000	100	0	0.5	300	0.01
310	-0.019922320825	-0.00147903900000004	0	0.515	0.976	-0.019922320825	-0.00147903900000004	FGr	1000	A1	C2	1000	100	0	0.5	300	0.01
311	-0.019266677139	0.00537761749999998	0	0.532	0.917	-0.019266677139	0.00537761749999998	NoCorrection	1000	A1	C2	1000	100	0	0.5	300	0.01
312	-0.019485669944	0.0127399745	0	0.514	0.812	-0.019485669944	0.0127399745	ID	1000	A1	C2	1000	100	0	0.5	300	0.01
313	0.082763537225	0.0471777530000001	0	0.021	0.449	0.082763537225	0.0471777530000001	1	1000	A1	C2	1000	100	0	0.5	300	0.03
314	0.082448730492	0.00583158799999999	0	0.017	0.923	0.082448730492	0.00583158799999999	FGr	1000	A1	C2	1000	100	0	0.5	300	0.03
315	0.08276556929	-0.0013783400000002	0	0.01	0.977	0.08276556929	-0.0013783400000002	NoCorrection	1000	A1	C2	1000	100	0	0.5	300	0.03
316	0.0833181087750001	0.0323632685000001	0	0.015	0.588	0.0833181087750001	0.0323632685000001	ID	1000	A1	C2	1000	100	0	0.5	300	0.03
317	0.02691086642	0.0173124770000001	0	0.433	0.755	0.02691086642	0.0173124770000001	1	1000	A1	C2	1000	100	0	0.5	300	0.1
318	0.02812562275	0.0650601734999999	0	0.405	0.256	0.02812562275	0.0650601734999999	FGr	1000	A1	C2	1000	100	0	0.5	300	0.1
319	0.0279210097475	0.0622203354999999	0	0.405	0.28	0.0279210097475	0.0622203354999999	NoCorrection	1000	A1	C2	1000	100	0	0.5	300	0.1
320	0.02822902352	0.0255416004999999	0	0.384	0.634	0.02822902352	0.0255416004999999	ID	1000	A1	C2	1000	100	0	0.5	300	0.1
321	0.0334547765	-0.0500264124999999	0	0.332	0.551	0.0334547765	-0.0500264124999999	1	10000	A1	C2	1000	100	0	0.5	300	0
322	0.03481134522	-0.0761260225	0	0.288	0.378	0.03481134522	-0.0761260225	FGr	10000	A1	C2	1000	100	0	0.5	300	0
323	0.034730062695	-0.0736638824999999	0	0.289	0.401	0.034730062695	-0.0736638824999999	NoCorrection	10000	A1	C2	1000	100	0	0.5	300	0
324	0.0329077521	-0.0240686265	0	0.302	0.764	0.0329077521	-0.0240686265	ID	10000	A1	C2	1000	100	0	0.5	300	0
325	0.012142598915	-0.00756545200000001	0	0.727	0.921	0.012142598915	-0.00756545200000001	1	10000	A1	C2	1000	100	0	0.5	300	0.01
326	0.012598928785	0.010758516	0	0.721	0.9	0.012598928785	0.010758516	FGr	10000	A1	C2	1000	100	0	0.5	300	0.01
327	0.01261998912	0.00107225399999991	0	0.715	0.99	0.01261998912	0.00107225399999991	NoCorrection	10000	A1	C2	1000	100	0	0.5	300	0.01
328	0.0123172219	0.010120291	0	0.736	0.908	0.0123172219	0.010120291	ID	10000	A1	C2	1000	100	0	0.5	300	0.01
329	-0.048398278184	-0.046647919	0	0.171	0.629	-0.048398278184	-0.046647919	1	10000	A1	C2	1000	100	0	0.5	300	0.03
330	-0.04742259821	-0.0509412395	0	0.158	0.58	-0.04742259821	-0.0509412395	FGr	10000	A1	C2	1000	100	0	0.5	300	0.03
331	-0.047328792294	-0.037079926	0	0.167	0.691	-0.047328792294	-0.037079926	NoCorrection	10000	A1	C2	1000	100	0	0.5	300	0.03
332	-0.048504695295	-0.0503704475	0	0.155	0.595	-0.048504695295	-0.0503704475	ID	10000	A1	C2	1000	100	0	0.5	300	0.03
333	0.0841483429	-0.0686221745000001	0	0.01	0.488	0.0841483429	-0.0686221745000001	1	10000	A1	C2	1000	100	0	0.5	300	0.1
334	0.08121456489	-0.0698455450000001	0	0.021	0.445	0.08121456489	-0.0698455450000001	FGr	10000	A1	C2	1000	100	0	0.5	300	0.1
335	0.081162262465	-0.0650992375	0	0.01	0.512	0.081162262465	-0.0650992375	NoCorrection	10000	A1	C2	1000	100	0	0.5	300	0.1
336	0.08470650595	-0.0498350875000001	0	0.005	0.62	0.08470650595	-0.0498350875000001	ID	10000	A1	C2	1000	100	0	0.5	300	0.1
337	-0.0250857734010501	-0.0250857734010501	0	0.225	0.208	-0.0250857734010501	-0.0250857734010501	1	300	A1	C2	1000	1000	0	0.5	300	0
338	-0.0232375547075	-0.0232375547075	0	0.243	0.255	-0.0232375547075	-0.0232375547075	FGr	300	A1	C2	1000	1000	0	0.5	300	0
339	-0.025109582316	-0.025109582316	0	0.24	0.225	-0.025109582316	-0.025109582316	NoCorrection	300	A1	C2	1000	1000	0	0.5	300	0
340	-0.0253109217169999	-0.025310921717	0	0.232	0.208	-0.0253109217169999	-0.025310921717	ID	300	A1	C2	1000	1000	0	0.5	300	0
341	-0.0157173133695	-0.0157173133695	0	0.556	0.551	-0.0157173133695	-0.0157173133695	1	300	A1	C2	1000	1000	0	0.5	300	0.01
342	-0.0148679351810001	-0.0148679351810001	0	0.573	0.534	-0.0148679351810001	-0.0148679351810001	FGr	300	A1	C2	1000	1000	0	0.5	300	0.01
343	-0.01569387655075	-0.01569387655075	0	0.579	0.536	-0.01569387655075	-0.01569387655075	NoCorrection	300	A1	C2	1000	1000	0	0.5	300	0.01
344	-0.0162573995989999	-0.0162573995989999	0	0.557	0.529	-0.0162573995989999	-0.0162573995989999	ID	300	A1	C2	1000	1000	0	0.5	300	0.01
345	0.00221834286099999	0.002218342861	0	0.903	0.917	0.00221834286099999	0.002218342861	1	300	A1	C2	1000	1000	0	0.5	300	0.03
346	-9.36504396500079e-05	-9.36504396499996e-05	0	0.994	0.993	-9.36504396500079e-05	-9.36504396499996e-05	FGr	300	A1	C2	1000	1000	0	0.5	300	0.03
347	0.002211635335	0.00221163533500001	0	0.901	0.911	0.002211635335	0.00221163533500001	NoCorrection	300	A1	C2	1000	1000	0	0.5	300	0.03
348	0.002034581442	0.002034581442	0	0.938	0.934	0.002034581442	0.002034581442	ID	300	A1	C2	1000	1000	0	0.5	300	0.03
349	-0.0358048359930001	-0.0358048359930001	0	0.093	0.093	-0.0358048359930001	-0.0358048359930001	1	300	A1	C2	1000	1000	0	0.5	300	0.1
350	-0.0363621545955	-0.0363621545955001	0	0.092	0.087	-0.0363621545955	-0.0363621545955001	FGr	300	A1	C2	1000	1000	0	0.5	300	0.1
351	-0.035433842059	-0.035433842059	0	0.082	0.102	-0.035433842059	-0.035433842059	NoCorrection	300	A1	C2	1000	1000	0	0.5	300	0.1
352	-0.035595175184	-0.035595175184	0	0.076	0.099	-0.035595175184	-0.035595175184	ID	300	A1	C2	1000	1000	0	0.5	300	0.1
353	-0.00367140365800014	-0.01681138905	0	0.851	0.581	-0.00367140365800014	-0.01681138905	1	1000	A1	C2	1000	1000	0	0.5	300	0
354	-0.00435309850999991	-0.01472268545	0	0.836	0.664	-0.00435309850999991	-0.01472268545	FGr	1000	A1	C2	1000	1000	0	0.5	300	0
355	-0.00332669770000001	-0.01764983995	0	0.856	0.614	-0.00332669770000001	-0.01764983995	NoCorrection	1000	A1	C2	1000	1000	0	0.5	300	0
356	-0.00353217955049998	-0.01449862005	0	0.84	0.668	-0.00353217955049998	-0.01449862005	ID	1000	A1	C2	1000	1000	0	0.5	300	0
357	-0.00702589071761491	0.00788149510000007	0	0.72	0.827	-0.00702589071761491	0.00788149510000007	1	1000	A1	C2	1000	1000	0	0.5	300	0.01
358	-0.005045809821	0.00116444225000003	0	0.797	0.981	-0.005045809821	0.00116444225000003	FGr	1000	A1	C2	1000	1000	0	0.5	300	0.01
359	-0.00658251568199998	0.00810209355000002	0	0.739	0.827	-0.00658251568199998	0.00810209355000002	NoCorrection	1000	A1	C2	1000	1000	0	0.5	300	0.01
360	-0.00684702656785013	-0.00189467069999999	0	0.74	0.958	-0.00684702656785013	-0.00189467069999999	ID	1000	A1	C2	1000	1000	0	0.5	300	0.01
361	-0.0229165556159601	0.0016813157500008	0	0.268	0.959	-0.0229165556159601	0.0016813157500008	1	1000	A1	C2	1000	1000	0	0.5	300	0.03
362	-0.0232466885299999	-0.00543982649999995	0	0.294	0.899	-0.0232466885299999	-0.00543982649999995	FGr	1000	A1	C2	1000	1000	0	0.5	300	0.03
363	-0.0234739522760751	-0.00289171169999964	0	0.269	0.934	-0.0234739522760751	-0.00289171169999964	NoCorrection	1000	A1	C2	1000	1000	0	0.5	300	0.03
364	-0.0230981780509999	0.00113888985000052	0	0.272	0.975	-0.0230981780509999	0.00113888985000052	ID	1000	A1	C2	1000	1000	0	0.5	300	0.03
365	0.0286640405820001	0.01137938895	0	0.247	0.745	0.0286640405820001	0.01137938895	1	1000	A1	C2	1000	1000	0	0.5	300	0.1
366	0.0291379879315	0.00201380255000003	0	0.194	0.96	0.0291379879315	0.00201380255000003	FGr	1000	A1	C2	1000	1000	0	0.5	300	0.1
367	0.0284011357409999	0.00374018800000001	0	0.217	0.928	0.0284011357409999	0.00374018800000001	NoCorrection	1000	A1	C2	1000	1000	0	0.5	300	0.1
368	0.028811409371	0.00684914319999999	0	0.251	0.836	0.028811409371	0.00684914319999999	ID	1000	A1	C2	1000	1000	0	0.5	300	0.1
369	0.0167179961610001	-0.0547348442499996	0	0.416	0.322	0.0167179961610001	-0.0547348442499996	1	10000	A1	C2	1000	1000	0	0.5	300	0
370	0.01765659231092	-0.0302778299500002	0	0.343	0.59	0.01765659231092	-0.0302778299500002	FGr	10000	A1	C2	1000	1000	0	0.5	300	0
371	0.017213486007	-0.0454485476500006	0	0.379	0.403	0.017213486007	-0.0454485476500006	NoCorrection	10000	A1	C2	1000	1000	0	0.5	300	0
372	0.016601427888	-0.0552013137499999	0	0.415	0.32	0.016601427888	-0.0552013137499999	ID	10000	A1	C2	1000	1000	0	0.5	300	0
373	0.0218445556169	0.06931867945	0	0.363	0.226	0.0218445556169	0.06931867945	1	10000	A1	C2	1000	1000	0	0.5	300	0.01
374	0.0217228169624999	0.0823001379500002	0	0.369	0.179	0.0217228169624999	0.0823001379500002	FGr	10000	A1	C2	1000	1000	0	0.5	300	0.01
375	0.022009690777	0.0738304770000001	0	0.33	0.228	0.022009690777	0.0738304770000001	NoCorrection	10000	A1	C2	1000	1000	0	0.5	300	0.01
376	0.0217914045661	0.0705130872000003	0	0.345	0.212	0.0217914045661	0.0705130872000003	ID	10000	A1	C2	1000	1000	0	0.5	300	0.01
377	0.0415522792584999	0.0239786833	0	0.036	0.683	0.0415522792584999	0.0239786833	1	10000	A1	C2	1000	1000	0	0.5	300	0.03
378	0.0430230023954999	0.0173737874500001	0	0.027	0.725	0.0430230023954999	0.0173737874500001	FGr	10000	A1	C2	1000	1000	0	0.5	300	0.03
379	0.0421243670366001	0.00744293735	0	0.021	0.884	0.0421243670366001	0.00744293735	NoCorrection	10000	A1	C2	1000	1000	0	0.5	300	0.03
380	0.0414544272210002	0.0218685947	0	0.017	0.685	0.0414544272210002	0.0218685947	ID	10000	A1	C2	1000	1000	0	0.5	300	0.03
381	0.0374957002391999	-0.09308402785	0	0.087	0.097	0.0374957002391999	-0.09308402785	1	10000	A1	C2	1000	1000	0	0.5	300	0.1
382	0.038601390342	-0.1048273775	0	0.063	0.06	0.038601390342	-0.1048273775	FGr	10000	A1	C2	1000	1000	0	0.5	300	0.1
383	0.0382841499935	-0.10619814765	0	0.072	0.044	0.0382841499935	-0.10619814765	NoCorrection	10000	A1	C2	1000	1000	0	0.5	300	0.1
384	0.0372833924292	-0.0989820311	0	0.075	0.072	0.0372833924292	-0.0989820311	ID	10000	A1	C2	1000	1000	0	0.5	300	0.1
385	0.00253311544235008	0.00253311544235008	0	0.891	0.892	0.00253311544235008	0.00253311544235008	1	300	A1	C2	1000	10000	0	0.5	300	0
386	0.00354892977844997	0.00354892977844998	0	0.845	0.842	0.00354892977844997	0.00354892977844998	FGr	300	A1	C2	1000	10000	0	0.5	300	0
387	0.00264505105100012	0.00264505105100012	0	0.867	0.887	0.00264505105100012	0.00264505105100012	NoCorrection	300	A1	C2	1000	10000	0	0.5	300	0
388	0.00158728224500013	0.00158728224500013	0	0.921	0.935	0.00158728224500013	0.00158728224500013	ID	300	A1	C2	1000	10000	0	0.5	300	0
389	0.00368818172326379	0.00368818172326372	0	0.838	0.825	0.00368818172326379	0.00368818172326372	1	300	A1	C2	1000	10000	0	0.5	300	0.01
390	0.00403285553349987	0.00403285553349988	0	0.813	0.811	0.00403285553349987	0.00403285553349988	FGr	300	A1	C2	1000	10000	0	0.5	300	0.01
391	0.00409490418900006	0.00409490418900002	0	0.81	0.806	0.00409490418900006	0.00409490418900002	NoCorrection	300	A1	C2	1000	10000	0	0.5	300	0.01
392	0.00358284643445003	0.00358284643444998	0	0.833	0.838	0.00358284643445003	0.00358284643444998	ID	300	A1	C2	1000	10000	0	0.5	300	0.01
393	0.0271068084746101	0.0271068084746101	0	0.133	0.097	0.0271068084746101	0.0271068084746101	1	300	A1	C2	1000	10000	0	0.5	300	0.03
394	0.02580487277979	0.02580487277979	0	0.176	0.165	0.02580487277979	0.02580487277979	FGr	300	A1	C2	1000	10000	0	0.5	300	0.03
395	0.0264242207592	0.0264242207592	0	0.156	0.126	0.0264242207592	0.0264242207592	NoCorrection	300	A1	C2	1000	10000	0	0.5	300	0.03
396	0.02698838320615	0.02698838320615	0	0.127	0.141	0.02698838320615	0.02698838320615	ID	300	A1	C2	1000	10000	0	0.5	300	0.03
397	0.013103924258	0.013103924258	0	0.498	0.488	0.013103924258	0.013103924258	1	300	A1	C2	1000	10000	0	0.5	300	0.1
398	0.0135177585979999	0.0135177585979999	0	0.432	0.475	0.0135177585979999	0.0135177585979999	FGr	300	A1	C2	1000	10000	0	0.5	300	0.1
399	0.0125310519136004	0.0125310519136004	0	0.445	0.471	0.0125310519136004	0.0125310519136004	NoCorrection	300	A1	C2	1000	10000	0	0.5	300	0.1
400	0.0159101619517997	0.0159101619517997	0	0.383	0.368	0.0159101619517997	0.0159101619517997	ID	300	A1	C2	1000	10000	0	0.5	300	0.1
401	-0.00977236076269993	-0.013034693775	0	0.537	0.637	-0.00977236076269993	-0.013034693775	1	1000	A1	C2	1000	10000	0	0.5	300	0
402	-0.01035016466952	-0.00791672872500003	0	0.547	0.782	-0.01035016466952	-0.00791672872500003	FGr	1000	A1	C2	1000	10000	0	0.5	300	0
403	-0.0100317611185751	-0.0136381856850001	0	0.534	0.609	-0.0100317611185751	-0.0136381856850001	NoCorrection	1000	A1	C2	1000	10000	0	0.5	300	0
404	-0.011001357500175	-0.00959153197499999	0	0.486	0.739	-0.011001357500175	-0.00959153197499999	ID	1000	A1	C2	1000	10000	0	0.5	300	0
405	-0.0153852105289999	-0.0527028614050001	0	0.39	0.091	-0.0153852105289999	-0.0527028614050001	1	1000	A1	C2	1000	10000	0	0.5	300	0.01
406	-0.0171102137721994	-0.056359304455	0	0.326	0.073	-0.0171102137721994	-0.056359304455	FGr	1000	A1	C2	1000	10000	0	0.5	300	0.01
407	-0.0172671430289995	-0.058930732645	0	0.354	0.074	-0.0172671430289995	-0.058930732645	NoCorrection	1000	A1	C2	1000	10000	0	0.5	300	0.01
408	-0.0150828773328499	-0.0515368506400001	0	0.445	0.095	-0.0150828773328499	-0.0515368506400001	ID	1000	A1	C2	1000	10000	0	0.5	300	0.01
409	-0.00822512978175003	-0.00563232362999991	0	0.678	0.865	-0.00822512978175003	-0.00563232362999991	1	1000	A1	C2	1000	10000	0	0.5	300	0.03
410	-0.00892013795949996	-0.00191853253499948	0	0.644	0.948	-0.00892013795949996	-0.00191853253499948	FGr	1000	A1	C2	1000	10000	0	0.5	300	0.03
411	-0.00899044053620005	-0.00436456354500013	0	0.645	0.901	-0.00899044053620005	-0.00436456354500013	NoCorrection	1000	A1	C2	1000	10000	0	0.5	300	0.03
412	-0.00815001827430009	-0.00460176154999843	0	0.69	0.887	-0.00815001827430009	-0.00460176154999843	ID	1000	A1	C2	1000	10000	0	0.5	300	0.03
413	0.00613340201505002	0.0307359259249999	0	0.782	0.352	0.00613340201505002	0.0307359259249999	1	1000	A1	C2	1000	10000	0	0.5	300	0.1
414	0.00398244773934995	0.0330397884050002	0	0.84	0.3	0.00398244773934995	0.0330397884050002	FGr	1000	A1	C2	1000	10000	0	0.5	300	0.1
415	0.00406698956839212	0.0328095192700002	0	0.828	0.333	0.00406698956839212	0.0328095192700002	NoCorrection	1000	A1	C2	1000	10000	0	0.5	300	0.1
416	0.00598685904697707	0.0278475578449999	0	0.791	0.382	0.00598685904697707	0.0278475578449999	ID	1000	A1	C2	1000	10000	0	0.5	300	0.1
417	0.000226738321640383	0.0497190523400006	0	0.99	0.302	0.000226738321640383	0.0497190523400006	1	10000	A1	C2	1000	10000	0	0.5	300	0
418	5.94232153998309e-05	0.0396042877149989	0	0.999	0.422	5.94232153998309e-05	0.0396042877149989	FGr	10000	A1	C2	1000	10000	0	0.5	300	0
419	0.00026839438505028	0.0567019751799994	0	0.987	0.246	0.00026839438505028	0.0567019751799994	NoCorrection	10000	A1	C2	1000	10000	0	0.5	300	0
420	0.000365859183199971	0.0645549041049999	0	0.98	0.206	0.000365859183199971	0.0645549041049999	ID	10000	A1	C2	1000	10000	0	0.5	300	0
421	0.0359843667211501	0.000426439280001308	0	0.072	0.991	0.0359843667211501	0.000426439280001308	1	10000	A1	C2	1000	10000	0	0.5	300	0.01
422	0.0360826589663001	-0.0235810374700007	0	0.075	0.595	0.0360826589663001	-0.0235810374700007	FGr	10000	A1	C2	1000	10000	0	0.5	300	0.01
423	0.0362008573740452	-0.021364602635	0	0.064	0.627	0.0362008573740452	-0.021364602635	NoCorrection	10000	A1	C2	1000	10000	0	0.5	300	0.01
424	0.0359843459710998	0.000318061310000973	0	0.081	0.997	0.0359843459710998	0.000318061310000973	ID	10000	A1	C2	1000	10000	0	0.5	300	0.01
425	0.0218334131393499	-0.0294219531050002	0	0.243	0.544	0.0218334131393499	-0.0294219531050002	1	10000	A1	C2	1000	10000	0	0.5	300	0.03
426	0.0221864457924487	-0.029346483815	0	0.263	0.525	0.0221864457924487	-0.029346483815	FGr	10000	A1	C2	1000	10000	0	0.5	300	0.03
427	0.0222119350346995	-0.0228740956599998	0	0.242	0.636	0.0222119350346995	-0.0228740956599998	NoCorrection	10000	A1	C2	1000	10000	0	0.5	300	0.03
428	0.0218414196809501	-0.0293185546950003	0	0.261	0.584	0.0218414196809501	-0.0293185546950003	ID	10000	A1	C2	1000	10000	0	0.5	300	0.03
429	0.0171388796438003	0.0417132897799993	0	0.373	0.388	0.0171388796438003	0.0417132897799993	1	10000	A1	C2	1000	10000	0	0.5	300	0.1
430	0.017053596713005	0.0353305020300003	0	0.416	0.439	0.017053596713005	0.0353305020300003	FGr	10000	A1	C2	1000	10000	0	0.5	300	0.1
431	0.0174168762462247	0.0387032252550002	0	0.39	0.381	0.0174168762462247	0.0387032252550002	NoCorrection	10000	A1	C2	1000	10000	0	0.5	300	0.1
432	0.0170294017360002	0.0433862761649986	0	0.372	0.32	0.0170294017360002	0.0433862761649986	ID	10000	A1	C2	1000	10000	0	0.5	300	0.1
433	0.003274919	0.00327491900000001	0	0.723	0.756	0.003274919	0.00327491900000001	1	300	A1	C2	10000	100	0	0.5	300	0
434	0.00324885798	0.00324885798	0	0.738	0.753	0.00324885798	0.00324885798	FGr	300	A1	C2	10000	100	0	0.5	300	0
435	0.00328637016999999	0.00328637017	0	0.726	0.745	0.00328637016999999	0.00328637017	NoCorrection	300	A1	C2	10000	100	0	0.5	300	0
436	0.003146057315	0.003146057315	0	0.784	0.764	0.003146057315	0.003146057315	ID	300	A1	C2	10000	100	0	0.5	300	0
437	-0.000501039455000012	-0.000501039455000004	0	0.957	0.969	-0.000501039455000012	-0.000501039455000004	1	300	A1	C2	10000	100	0	0.5	300	0.01
438	-0.000155739727999998	-0.000155739728000003	0	0.987	0.987	-0.000155739727999998	-0.000155739728000003	FGr	300	A1	C2	10000	100	0	0.5	300	0.01
439	-0.000152741413499999	-0.00015274141349999	0	0.99	0.982	-0.000152741413499999	-0.00015274141349999	NoCorrection	300	A1	C2	10000	100	0	0.5	300	0.01
440	-0.000378191386000006	-0.000378191385999997	0	0.966	0.972	-0.000378191386000006	-0.000378191385999997	ID	300	A1	C2	10000	100	0	0.5	300	0.01
441	0.00208050840500001	0.00208050840500001	0	0.818	0.816	0.00208050840500001	0.00208050840500001	1	300	A1	C2	10000	100	0	0.5	300	0.03
442	0.002490069185	0.002490069185	0	0.796	0.794	0.002490069185	0.002490069185	FGr	300	A1	C2	10000	100	0	0.5	300	0.03
443	0.0024264285	0.00242642849999999	0	0.783	0.804	0.0024264285	0.00242642849999999	NoCorrection	300	A1	C2	10000	100	0	0.5	300	0.03
444	0.0024395245	0.0024395245	0	0.798	0.784	0.0024395245	0.0024395245	ID	300	A1	C2	10000	100	0	0.5	300	0.03
445	0.00256472658269999	0.00256472658269999	0	0.793	0.767	0.00256472658269999	0.00256472658269999	1	300	A1	C2	10000	100	0	0.5	300	0.1
446	0.00344495059305001	0.00344495059305	0	0.738	0.739	0.00344495059305001	0.00344495059305	FGr	300	A1	C2	10000	100	0	0.5	300	0.1
447	0.00360821063300001	0.00360821063300002	0	0.725	0.731	0.00360821063300001	0.00360821063300002	NoCorrection	300	A1	C2	10000	100	0	0.5	300	0.1
448	0.00246803508	0.00246803508000001	0	0.804	0.766	0.00246803508	0.00246803508000001	ID	300	A1	C2	10000	100	0	0.5	300	0.1
449	-0.013311494686	0.00619068049999999	0	0.22	0.722	-0.013311494686	0.00619068049999999	1	1000	A1	C2	10000	100	0	0.5	300	0
450	-0.0136136700835	0.00408902750000001	0	0.219	0.802	-0.0136136700835	0.00408902750000001	FGr	1000	A1	C2	10000	100	0	0.5	300	0
451	-0.013575431367	0.004284036	0	0.204	0.817	-0.013575431367	0.004284036	NoCorrection	1000	A1	C2	10000	100	0	0.5	300	0
452	-0.0135032827235	0.00543290100000004	0	0.203	0.754	-0.0135032827235	0.00543290100000004	ID	1000	A1	C2	10000	100	0	0.5	300	0
453	-0.008745339431	-0.0262060915	0	0.474	0.149	-0.008745339431	-0.0262060915	1	1000	A1	C2	10000	100	0	0.5	300	0.01
454	-0.009180304208	-0.0283228525	0	0.422	0.09	-0.009180304208	-0.0283228525	FGr	1000	A1	C2	10000	100	0	0.5	300	0.01
455	-0.009241982895	-0.028381047	0	0.418	0.12	-0.009241982895	-0.028381047	NoCorrection	1000	A1	C2	10000	100	0	0.5	300	0.01
456	-0.009108657995	-0.0286485315	0	0.418	0.115	-0.009108657995	-0.0286485315	ID	1000	A1	C2	10000	100	0	0.5	300	0.01
457	-0.00622379499500001	-0.00289711499999999	0	0.528	0.866	-0.00622379499500001	-0.00289711499999999	1	1000	A1	C2	10000	100	0	0.5	300	0.03
458	-0.006793359908	0.000662357000000008	0	0.485	0.973	-0.006793359908	0.000662357000000008	FGr	1000	A1	C2	10000	100	0	0.5	300	0.03
459	-0.006761516753	0.000623266999999991	0	0.487	0.979	-0.006761516753	0.000623266999999991	NoCorrection	1000	A1	C2	10000	100	0	0.5	300	0.03
460	-0.005951980538	-8.59800000000155e-05	0	0.535	0.995	-0.005951980538	-8.59800000000155e-05	ID	1000	A1	C2	10000	100	0	0.5	300	0.03
461	-0.0119586340591	-0.0173656635	0	0.342	0.359	-0.0119586340591	-0.0173656635	1	1000	A1	C2	10000	100	0	0.5	300	0.1
462	-0.016126940185	-0.018705545	0	0.256	0.348	-0.016126940185	-0.018705545	FGr	1000	A1	C2	10000	100	0	0.5	300	0.1
463	-0.01589142141	-0.0180909945	0	0.241	0.375	-0.01589142141	-0.0180909945	NoCorrection	1000	A1	C2	10000	100	0	0.5	300	0.1
464	-0.0127281577785	-0.0130300175	0	0.317	0.505	-0.0127281577785	-0.0130300175	ID	1000	A1	C2	10000	100	0	0.5	300	0.1
465	-0.00367511616	0.0328560655	0	0.685	0.254	-0.00367511616	0.0328560655	1	10000	A1	C2	10000	100	0	0.5	300	0
466	-0.00226039779000001	0.0273408125	0	0.825	0.326	-0.00226039779000001	0.0273408125	FGr	10000	A1	C2	10000	100	0	0.5	300	0
467	-0.00230043696199999	0.027702776	0	0.799	0.328	-0.00230043696199999	0.027702776	NoCorrection	10000	A1	C2	10000	100	0	0.5	300	0
468	-0.003550911755	0.033802264	0	0.715	0.239	-0.003550911755	0.033802264	ID	10000	A1	C2	10000	100	0	0.5	300	0
469	-0.00901102957500001	0.042726583	0	0.358	0.128	-0.00901102957500001	0.042726583	1	10000	A1	C2	10000	100	0	0.5	300	0.01
470	-0.00861383210499999	0.0311192255	0	0.385	0.261	-0.00861383210499999	0.0311192255	FGr	10000	A1	C2	10000	100	0	0.5	300	0.01
471	-0.00852021014000001	0.024841671	0	0.4	0.339	-0.00852021014000001	0.024841671	NoCorrection	10000	A1	C2	10000	100	0	0.5	300	0.01
472	-0.00891191075100002	0.040179642	0	0.337	0.136	-0.00891191075100002	0.040179642	ID	10000	A1	C2	10000	100	0	0.5	300	0.01
473	-0.00580865067	0.000265519499999924	0	0.583	0.993	-0.00580865067	0.000265519499999924	1	10000	A1	C2	10000	100	0	0.5	300	0.03
474	-0.00888844960200001	-0.00814425699999998	0	0.384	0.787	-0.00888844960200001	-0.00814425699999998	FGr	10000	A1	C2	10000	100	0	0.5	300	0.03
475	-0.00876661397	-0.00248693449999991	0	0.394	0.932	-0.00876661397	-0.00248693449999991	NoCorrection	10000	A1	C2	10000	100	0	0.5	300	0.03
476	-0.0059892221475	0.000640256499999943	0	0.554	0.988	-0.0059892221475	0.000640256499999943	ID	10000	A1	C2	10000	100	0	0.5	300	0.03
477	-0.00527177727000001	-0.017532945	0	0.633	0.553	-0.00527177727000001	-0.017532945	1	10000	A1	C2	10000	100	0	0.5	300	0.1
478	-0.011997297924	0.0221807275	0	0.294	0.462	-0.011997297924	0.0221807275	FGr	10000	A1	C2	10000	100	0	0.5	300	0.1
479	-0.012033169897	0.021081942	0	0.308	0.512	-0.012033169897	0.021081942	NoCorrection	10000	A1	C2	10000	100	0	0.5	300	0.1
480	-0.00549593679710001	-0.01337136	0	0.617	0.653	-0.00549593679710001	-0.01337136	ID	10000	A1	C2	10000	100	0	0.5	300	0.1
481	-0.01285653719	-0.01285653719	0	0.039	0.047	-0.01285653719	-0.01285653719	1	300	A1	C2	10000	1000	0	0.5	300	0
482	-0.0127133192141	-0.0127133192141	0	0.032	0.039	-0.0127133192141	-0.0127133192141	FGr	300	A1	C2	10000	1000	0	0.5	300	0
483	-0.012731858091	-0.012731858091	0	0.045	0.046	-0.012731858091	-0.012731858091	NoCorrection	300	A1	C2	10000	1000	0	0.5	300	0
484	-0.012747881529262	-0.012747881529262	0	0.042	0.041	-0.012747881529262	-0.012747881529262	ID	300	A1	C2	10000	1000	0	0.5	300	0
485	0.00771570784229999	0.00771570784229999	0	0.249	0.264	0.00771570784229999	0.00771570784229999	1	300	A1	C2	10000	1000	0	0.5	300	0.01
486	0.00760443982409998	0.00760443982409997	0	0.24	0.237	0.00760443982409998	0.00760443982409997	FGr	300	A1	C2	10000	1000	0	0.5	300	0.01
487	0.00760024175840001	0.0076002417584	0	0.253	0.238	0.00760024175840001	0.0076002417584	NoCorrection	300	A1	C2	10000	1000	0	0.5	300	0.01
488	0.00759093420449991	0.00759093420449992	0	0.272	0.24	0.00759093420449991	0.00759093420449992	ID	300	A1	C2	10000	1000	0	0.5	300	0.01
489	-0.00374372880099998	-0.00374372880099998	0	0.538	0.541	-0.00374372880099998	-0.00374372880099998	1	300	A1	C2	10000	1000	0	0.5	300	0.03
490	-0.00290407920750001	-0.00290407920750001	0	0.644	0.657	-0.00290407920750001	-0.00290407920750001	FGr	300	A1	C2	10000	1000	0	0.5	300	0.03
491	-0.00290150957049994	-0.00290150957049994	0	0.643	0.663	-0.00290150957049994	-0.00290150957049994	NoCorrection	300	A1	C2	10000	1000	0	0.5	300	0.03
492	-0.00330635225345001	-0.00330635225345003	0	0.553	0.559	-0.00330635225345001	-0.00330635225345003	ID	300	A1	C2	10000	1000	0	0.5	300	0.03
493	0.0109130551945	0.0109130551945	0	0.087	0.119	0.0109130551945	0.0109130551945	1	300	A1	C2	10000	1000	0	0.5	300	0.1
494	0.011353544658	0.011353544658	0	0.106	0.091	0.011353544658	0.011353544658	FGr	300	A1	C2	10000	1000	0	0.5	300	0.1
495	0.0114053132285	0.0114053132285	0	0.097	0.091	0.0114053132285	0.0114053132285	NoCorrection	300	A1	C2	10000	1000	0	0.5	300	0.1
496	0.0109848751593	0.0109848751593	0	0.102	0.094	0.0109848751593	0.0109848751593	ID	300	A1	C2	10000	1000	0	0.5	300	0.1
497	-0.00538333732989897	-0.01043536245	0	0.438	0.304	-0.00538333732989897	-0.01043536245	1	1000	A1	C2	10000	1000	0	0.5	300	0
498	-0.00522896090540001	-0.0104830364	0	0.49	0.322	-0.00522896090540001	-0.0104830364	FGr	1000	A1	C2	10000	1000	0	0.5	300	0
499	-0.00516153357475001	-0.00877723990000001	0	0.466	0.416	-0.00516153357475001	-0.00877723990000001	NoCorrection	1000	A1	C2	10000	1000	0	0.5	300	0
500	-0.0051910566065	-0.00933978209999999	0	0.488	0.42	-0.0051910566065	-0.00933978209999999	ID	1000	A1	C2	10000	1000	0	0.5	300	0
501	-0.000897048878500016	0.00679249969999988	0	0.886	0.455	-0.000897048878500016	0.00679249969999988	1	1000	A1	C2	10000	1000	0	0.5	300	0.01
502	-0.00079518924149994	0.00484965004999989	0	0.909	0.592	-0.00079518924149994	0.00484965004999989	FGr	1000	A1	C2	10000	1000	0	0.5	300	0.01
503	-0.000707509875500101	0.00724314920000014	0	0.918	0.459	-0.000707509875500101	0.00724314920000014	NoCorrection	1000	A1	C2	10000	1000	0	0.5	300	0.01
504	-0.000734881068000028	0.00791143010000006	0	0.89	0.456	-0.000734881068000028	0.00791143010000006	ID	1000	A1	C2	10000	1000	0	0.5	300	0.01
505	-0.0031425222135	-0.0118595938	0	0.669	0.264	-0.0031425222135	-0.0118595938	1	1000	A1	C2	10000	1000	0	0.5	300	0.03
506	-0.0019644560075	-0.01209908525	0	0.781	0.269	-0.0019644560075	-0.01209908525	FGr	1000	A1	C2	10000	1000	0	0.5	300	0.03
507	-0.00194581807600003	-0.01116235915	0	0.777	0.291	-0.00194581807600003	-0.01116235915	NoCorrection	1000	A1	C2	10000	1000	0	0.5	300	0.03
508	-0.00295679635472997	-0.0133362685	0	0.698	0.202	-0.00295679635472997	-0.0133362685	ID	1000	A1	C2	10000	1000	0	0.5	300	0.03
509	0.00294003297525	0.00149846805	0	0.677	0.895	0.00294003297525	0.00149846805	1	1000	A1	C2	10000	1000	0	0.5	300	0.1
510	0.00559070167345	0.0026202423	0	0.425	0.792	0.00559070167345	0.0026202423	FGr	1000	A1	C2	10000	1000	0	0.5	300	0.1
511	0.005602020844005	0.00268002835	0	0.412	0.789	0.005602020844005	0.00268002835	NoCorrection	1000	A1	C2	10000	1000	0	0.5	300	0.1
512	0.00332719291856	0.0037058445	0	0.597	0.704	0.00332719291856	0.0037058445	ID	1000	A1	C2	10000	1000	0	0.5	300	0.1
513	0.00470675480260001	0.0398819465500001	0	0.54	0.01	0.00470675480260001	0.0398819465500001	1	10000	A1	C2	10000	1000	0	0.5	300	0
514	0.00456083100476	0.0358163801999998	0	0.552	0.036	0.00456083100476	0.0358163801999998	FGr	10000	A1	C2	10000	1000	0	0.5	300	0
515	0.00459297704099999	0.03658614575	0	0.52	0.024	0.00459297704099999	0.03658614575	NoCorrection	10000	A1	C2	10000	1000	0	0.5	300	0
516	0.00471039147929999	0.0414747261499999	0	0.511	0.01	0.00471039147929999	0.0414747261499999	ID	10000	A1	C2	10000	1000	0	0.5	300	0
517	-0.008094672415	-0.0178773429	0	0.207	0.263	-0.008094672415	-0.0178773429	1	10000	A1	C2	10000	1000	0	0.5	300	0.01
518	-0.00812450373045003	-0.00952229040000003	0	0.196	0.58	-0.00812450373045003	-0.00952229040000003	FGr	10000	A1	C2	10000	1000	0	0.5	300	0.01
519	-0.00808931082599999	-0.0138543232	0	0.199	0.387	-0.00808931082599999	-0.0138543232	NoCorrection	10000	A1	C2	10000	1000	0	0.5	300	0.01
520	-0.00810606773909997	-0.020005584	0	0.208	0.209	-0.00810606773909997	-0.020005584	ID	10000	A1	C2	10000	1000	0	0.5	300	0.01
521	0.00365315734495008	0.015300866	0	0.583	0.36	0.00365315734495008	0.015300866	1	10000	A1	C2	10000	1000	0	0.5	300	0.03
522	0.00377743751010006	0.0096658061	0	0.589	0.582	0.00377743751010006	0.0096658061	FGr	10000	A1	C2	10000	1000	0	0.5	300	0.03
523	0.00378116254649999	0.0096642040499999	0	0.57	0.571	0.00378116254649999	0.0096642040499999	NoCorrection	10000	A1	C2	10000	1000	0	0.5	300	0.03
524	0.00363800109481359	0.0137163999	0	0.595	0.452	0.00363800109481359	0.0137163999	ID	10000	A1	C2	10000	1000	0	0.5	300	0.03
525	0.0111879299045001	-0.0163770688	0	0.162	0.365	0.0111879299045001	-0.0163770688	1	10000	A1	C2	10000	1000	0	0.5	300	0.1
526	0.0114090246556	-0.04000359635	0	0.152	0.026	0.0114090246556	-0.04000359635	FGr	10000	A1	C2	10000	1000	0	0.5	300	0.1
527	0.0113822273787	-0.03852430855	0	0.149	0.039	0.0113822273787	-0.03852430855	NoCorrection	10000	A1	C2	10000	1000	0	0.5	300	0.1
528	0.0111753180978001	-0.01637594755	0	0.13	0.349	0.0111753180978001	-0.01637594755	ID	10000	A1	C2	10000	1000	0	0.5	300	0.1
529	0.00851984158547	0.00851984158546999	0	0.132	0.118	0.00851984158547	0.00851984158546999	1	300	A1	C2	10000	10000	0	0.5	300	0
530	0.00771865992600002	0.00771865992600002	0	0.168	0.163	0.00771865992600002	0.00771865992600002	FGr	300	A1	C2	10000	10000	0	0.5	300	0
531	0.00770814682410001	0.00770814682410001	0	0.177	0.186	0.00770814682410001	0.00770814682410001	NoCorrection	300	A1	C2	10000	10000	0	0.5	300	0
532	0.00811068055734001	0.00811068055734001	0	0.133	0.155	0.00811068055734001	0.00811068055734001	ID	300	A1	C2	10000	10000	0	0.5	300	0
533	-0.00388533186765001	-0.00388533186765001	0	0.499	0.492	-0.00388533186765001	-0.00388533186765001	1	300	A1	C2	10000	10000	0	0.5	300	0.01
534	-0.00629606498715001	-0.00629606498715001	0	0.248	0.245	-0.00629606498715001	-0.00629606498715001	FGr	300	A1	C2	10000	10000	0	0.5	300	0.01
535	-0.006536471202835	-0.006536471202835	0	0.259	0.235	-0.006536471202835	-0.006536471202835	NoCorrection	300	A1	C2	10000	10000	0	0.5	300	0.01
536	-0.00455520438965001	-0.00455520438965001	0	0.448	0.387	-0.00455520438965001	-0.00455520438965001	ID	300	A1	C2	10000	10000	0	0.5	300	0.01
537	-0.00281630113994001	-0.00281630113994003	0	0.624	0.619	-0.00281630113994001	-0.00281630113994003	1	300	A1	C2	10000	10000	0	0.5	300	0.03
538	-0.00586998150680495	-0.00586998150680494	0	0.313	0.334	-0.00586998150680495	-0.00586998150680494	FGr	300	A1	C2	10000	10000	0	0.5	300	0.03
539	-0.00599779119379993	-0.00599779119379994	0	0.313	0.318	-0.00599779119379993	-0.00599779119379994	NoCorrection	300	A1	C2	10000	10000	0	0.5	300	0.03
540	-0.0031448371004	-0.00314483710040001	0	0.623	0.598	-0.0031448371004	-0.00314483710040001	ID	300	A1	C2	10000	10000	0	0.5	300	0.03
541	0.000126050343549966	0.000126050343549972	0	0.981	0.988	0.000126050343549966	0.000126050343549972	1	300	A1	C2	10000	10000	0	0.5	300	0.1
542	-0.00390782287860006	-0.00390782287860006	0	0.55	0.543	-0.00390782287860006	-0.00390782287860006	FGr	300	A1	C2	10000	10000	0	0.5	300	0.1
543	-0.00419021306942498	-0.00419021306942497	0	0.511	0.508	-0.00419021306942498	-0.00419021306942497	NoCorrection	300	A1	C2	10000	10000	0	0.5	300	0.1
544	4.7287839589986e-05	4.72878395899883e-05	0	0.991	0.988	4.7287839589986e-05	4.72878395899883e-05	ID	300	A1	C2	10000	10000	0	0.5	300	0.1
545	0.002808779859	0.00753913735500019	0	0.632	0.405	0.002808779859	0.00753913735500019	1	1000	A1	C2	10000	10000	0	0.5	300	0
546	0.00233630496191096	0.0053549419849999	0	0.702	0.578	0.00233630496191096	0.0053549419849999	FGr	1000	A1	C2	10000	10000	0	0.5	300	0
547	0.00240064120414992	0.00546975628000011	0	0.682	0.559	0.00240064120414992	0.00546975628000011	NoCorrection	1000	A1	C2	10000	10000	0	0.5	300	0
548	0.00270266790165001	0.00738828636000009	0	0.676	0.439	0.00270266790165001	0.00738828636000009	ID	1000	A1	C2	10000	10000	0	0.5	300	0
549	-0.00035188580898003	0.0071822849849999	0	0.952	0.413	-0.00035188580898003	0.0071822849849999	1	1000	A1	C2	10000	10000	0	0.5	300	0.01
550	7.10802390499677e-05	0.0145393547900001	0	0.989	0.142	7.10802390499677e-05	0.0145393547900001	FGr	1000	A1	C2	10000	10000	0	0.5	300	0.01
551	-2.83791762199905e-05	0.013855210575	0	0.996	0.155	-2.83791762199905e-05	0.013855210575	NoCorrection	1000	A1	C2	10000	10000	0	0.5	300	0.01
552	-0.000145556742180023	0.0109948568400001	0	0.981	0.248	-0.000145556742180023	0.0109948568400001	ID	1000	A1	C2	10000	10000	0	0.5	300	0.01
553	-0.0026551784241651	0.018224866795	0	0.647	0.087	-0.0026551784241651	0.018224866795	1	1000	A1	C2	10000	10000	0	0.5	300	0.03
554	-0.00303939918380002	0.017027816915	0	0.621	0.109	-0.00303939918380002	0.017027816915	FGr	1000	A1	C2	10000	10000	0	0.5	300	0.03
555	-0.00297220121504009	0.0170922123	0	0.643	0.146	-0.00297220121504009	0.0170922123	NoCorrection	1000	A1	C2	10000	10000	0	0.5	300	0.03
556	-0.0027035816870002	0.0184425270449999	0	0.638	0.098	-0.0027035816870002	0.0184425270449999	ID	1000	A1	C2	10000	10000	0	0.5	300	0.03
557	0.00787232194724995	0.00214544223999998	0	0.209	0.811	0.00787232194724995	0.00214544223999998	1	1000	A1	C2	10000	10000	0	0.5	300	0.1
558	0.00705185417350003	0.00649612674500008	0	0.312	0.544	0.00705185417350003	0.00649612674500008	FGr	1000	A1	C2	10000	10000	0	0.5	300	0.1
559	0.00674156939470492	0.00471681328000005	0	0.317	0.637	0.00674156939470492	0.00471681328000005	NoCorrection	1000	A1	C2	10000	10000	0	0.5	300	0.1
560	0.007520657055	0.00346126084000003	0	0.225	0.666	0.007520657055	0.00346126084000003	ID	1000	A1	C2	10000	10000	0	0.5	300	0.1
561	0.00990395078801	0.0041872990449997	0	0.145	0.799	0.00990395078801	0.0041872990449997	1	10000	A1	C2	10000	10000	0	0.5	300	0
562	0.0104198875204	0.00399381445499989	0	0.143	0.803	0.0104198875204	0.00399381445499989	FGr	10000	A1	C2	10000	10000	0	0.5	300	0
563	0.01046868964655	0.00354132850000016	0	0.139	0.82	0.01046868964655	0.00354132850000016	NoCorrection	10000	A1	C2	10000	10000	0	0.5	300	0
564	0.00986999799257095	0.00496157867000009	0	0.141	0.748	0.00986999799257095	0.00496157867000009	ID	10000	A1	C2	10000	10000	0	0.5	300	0
565	0.00727602040240253	0.0126021296200001	0	0.259	0.4	0.00727602040240253	0.0126021296200001	1	10000	A1	C2	10000	10000	0	0.5	300	0.01
566	0.00676734586479999	0.01658009745	0	0.296	0.246	0.00676734586479999	0.01658009745	FGr	10000	A1	C2	10000	10000	0	0.5	300	0.01
567	0.00673311406669998	0.0134599785800001	0	0.293	0.375	0.00673311406669998	0.0134599785800001	NoCorrection	10000	A1	C2	10000	10000	0	0.5	300	0.01
568	0.00714580850361007	0.0128610931300001	0	0.254	0.414	0.00714580850361007	0.0128610931300001	ID	10000	A1	C2	10000	10000	0	0.5	300	0.01
569	-0.00417378576121979	-0.0132916225149998	0	0.525	0.427	-0.00417378576121979	-0.0132916225149998	1	10000	A1	C2	10000	10000	0	0.5	300	0.03
570	-0.00415737771710011	-0.0144360819199995	0	0.512	0.379	-0.00415737771710011	-0.0144360819199995	FGr	10000	A1	C2	10000	10000	0	0.5	300	0.03
571	-0.00418299522072002	-0.0104751109500002	0	0.529	0.528	-0.00418299522072002	-0.0104751109500002	NoCorrection	10000	A1	C2	10000	10000	0	0.5	300	0.03
572	-0.00410779866775004	-0.012175304385	0	0.549	0.465	-0.00410779866775004	-0.012175304385	ID	10000	A1	C2	10000	10000	0	0.5	300	0.03
573	-0.00155428719321999	0.014829108775	0	0.8	0.342	-0.00155428719321999	0.014829108775	1	10000	A1	C2	10000	10000	0	0.5	300	0.1
574	-0.00289157115953506	0.018996830535	0	0.65	0.22	-0.00289157115953506	0.018996830535	FGr	10000	A1	C2	10000	10000	0	0.5	300	0.1
575	-0.00287072590611507	0.016204772275	0	0.664	0.319	-0.00287072590611507	0.016204772275	NoCorrection	10000	A1	C2	10000	10000	0	0.5	300	0.1
576	-0.00159098514799997	0.016015484465	0	0.813	0.314	-0.00159098514799997	0.016015484465	ID	10000	A1	C2	10000	10000	0	0.5	300	0.1
