	c-q	nc-q	true-q	c-p	nc-p	c-bias	nc-bias	type	L	rep	config	gwas_size	test_size	h2	ts	num_causal	env
1	0.00646707829999999	0.00646707829999999	0	0.888	0.888	0.00646707829999999	0.00646707829999999	1	300	A10	C1	1000	100	0	0.5	300	0
2	0.04232233775	0.04232233775	0	0.331	0.366	0.04232233775	0.04232233775	FGr	300	A10	C1	1000	100	0	0.5	300	0
3	0.06206261124	0.06206261124	0	0.18	0.17	0.06206261124	0.06206261124	NoCorrection	300	A10	C1	1000	100	0	0.5	300	0
4	-0.012210541495	-0.012210541495	0	0.781	0.791	-0.012210541495	-0.012210541495	ID	300	A10	C1	1000	100	0	0.5	300	0
5	-0.050575589505	-0.050575589505	0	0.157	0.144	-0.050575589505	-0.050575589505	1	300	A10	C1	1000	100	0	0.5	300	0.1
6	0.0180005694645	0.0180005694645001	0	0.633	0.604	0.0180005694645	0.0180005694645001	FGr	300	A10	C1	1000	100	0	0.5	300	0.1
7	0.0316983802	0.0316983802	0	0.399	0.395	0.0316983802	0.0316983802	NoCorrection	300	A10	C1	1000	100	0	0.5	300	0.1
8	-0.02061162547	-0.02061162547	0	0.534	0.548	-0.02061162547	-0.02061162547	ID	300	A10	C1	1000	100	0	0.5	300	0.1
9	-0.01211157277	-0.01211157277	0	0.754	0.765	-0.01211157277	-0.01211157277	1	300	A10	C1	1000	100	0	0.5	300	0.5
10	0.099961412992	0.099961412992	0	0.014	0.013	0.099961412992	0.099961412992	FGr	300	A10	C1	1000	100	0	0.5	300	0.5
11	0.1930688579855	0.1930688579855	0	0	0	0.1930688579855	0.1930688579855	NoCorrection	300	A10	C1	1000	100	0	0.5	300	0.5
12	-0.01294641536	-0.01294641536	0	0.711	0.745	-0.01294641536	-0.01294641536	ID	300	A10	C1	1000	100	0	0.5	300	0.5
13	-0.02512636151	-0.02512636151	0	0.478	0.49	-0.02512636151	-0.02512636151	1	300	A10	C1	1000	100	0	0.5	300	1
14	0.190289823445	0.190289823445	0	0	0.002	0.190289823445	0.190289823445	FGr	300	A10	C1	1000	100	0	0.5	300	1
15	0.285232186465	0.285232186465	0	0	0	0.285232186465	0.285232186465	NoCorrection	300	A10	C1	1000	100	0	0.5	300	1
16	-0.05431372239	-0.05431372239	0	0.171	0.154	-0.05431372239	-0.05431372239	ID	300	A10	C1	1000	100	0	0.5	300	1
17	-0.00895508965249996	0.00595097400000005	0	0.804	0.928	-0.00895508965249996	0.00595097400000005	1	1000	A10	C1	1000	100	0	0.5	300	0
18	-0.0195666270299999	-0.0171793330000001	0	0.578	0.777	-0.0195666270299999	-0.0171793330000001	FGr	1000	A10	C1	1000	100	0	0.5	300	0
19	-0.0385524033	-0.048714958	0	0.266	0.471	-0.0385524033	-0.048714958	NoCorrection	1000	A10	C1	1000	100	0	0.5	300	0
20	-0.00558309257	0.0147835544999999	0	0.881	0.829	-0.00558309257	0.0147835544999999	ID	1000	A10	C1	1000	100	0	0.5	300	0
21	-0.036775019164	-0.0988233485	0	0.343	0.105	-0.036775019164	-0.0988233485	1	1000	A10	C1	1000	100	0	0.5	300	0.1
22	-0.03145352944	-0.064513617	0	0.412	0.268	-0.03145352944	-0.064513617	FGr	1000	A10	C1	1000	100	0	0.5	300	0.1
23	0.013492784705	0.041369819	0	0.735	0.496	0.013492784705	0.041369819	NoCorrection	1000	A10	C1	1000	100	0	0.5	300	0.1
24	-0.0400714672	-0.1095093985	0	0.31	0.069	-0.0400714672	-0.1095093985	ID	1000	A10	C1	1000	100	0	0.5	300	0.1
25	0.00305422615000001	0.078721245	0	0.945	0.178	0.00305422615000001	0.078721245	1	1000	A10	C1	1000	100	0	0.5	300	0.5
26	0.109674090455	0.387440102	0	0.01	0	0.109674090455	0.387440102	FGr	1000	A10	C1	1000	100	0	0.5	300	0.5
27	0.231026972455	0.6301558485	0	0	0	0.231026972455	0.6301558485	NoCorrection	1000	A10	C1	1000	100	0	0.5	300	0.5
28	0.019235759815	0.1254208585	0	0.607	0.044	0.019235759815	0.1254208585	ID	1000	A10	C1	1000	100	0	0.5	300	0.5
29	0.018469068785	0.0866438495	0	0.643	0.172	0.018469068785	0.0866438495	1	1000	A10	C1	1000	100	0	0.5	300	1
30	0.21549570967	0.4972819405	0	0	0	0.21549570967	0.4972819405	FGr	1000	A10	C1	1000	100	0	0.5	300	1
31	0.4426990653925	0.913539095	0	0	0	0.4426990653925	0.913539095	NoCorrection	1000	A10	C1	1000	100	0	0.5	300	1
32	0.02356133119	0.0754957675	0	0.549	0.238	0.02356133119	0.0754957675	ID	1000	A10	C1	1000	100	0	0.5	300	1
33	-0.069375185285	0.000699169999999998	0	0.11	0.999	-0.069375185285	0.000699169999999998	1	10000	A10	C1	1000	100	0	0.5	300	0
34	-0.063270288126	0.0263050575000001	0	0.137	0.796	-0.063270288126	0.0263050575000001	FGr	10000	A10	C1	1000	100	0	0.5	300	0
35	-0.067966331095	0.021841842	0	0.119	0.798	-0.067966331095	0.021841842	NoCorrection	10000	A10	C1	1000	100	0	0.5	300	0
36	-0.06479996068	0.010048934	0	0.124	0.918	-0.06479996068	0.010048934	ID	10000	A10	C1	1000	100	0	0.5	300	0
37	0.00131506381930002	-0.111785925	0	0.982	0.276	0.00131506381930002	-0.111785925	1	10000	A10	C1	1000	100	0	0.5	300	0.1
38	-0.00754857228499999	-0.1363505715	0	0.872	0.178	-0.00754857228499999	-0.1363505715	FGr	10000	A10	C1	1000	100	0	0.5	300	0.1
39	0.016701737495	-0.00264260899999999	0	0.694	0.979	0.016701737495	-0.00264260899999999	NoCorrection	10000	A10	C1	1000	100	0	0.5	300	0.1
40	0.00189489081600002	-0.1084837665	0	0.966	0.295	0.00189489081600002	-0.1084837665	ID	10000	A10	C1	1000	100	0	0.5	300	0.1
41	0.01430538833	0.114596217	0	0.701	0.284	0.01430538833	0.114596217	1	10000	A10	C1	1000	100	0	0.5	300	0.5
42	0.02911182423	0.2143308845	0	0.442	0.044	0.02911182423	0.2143308845	FGr	10000	A10	C1	1000	100	0	0.5	300	0.5
43	0.163112804985	1.20195996	0	0.002	0	0.163112804985	1.20195996	NoCorrection	10000	A10	C1	1000	100	0	0.5	300	0.5
44	0.0147003052500001	0.0906325154999999	0	0.672	0.393	0.0147003052500001	0.0906325154999999	ID	10000	A10	C1	1000	100	0	0.5	300	0.5
45	-0.094587282749	-0.0238875345	0	0.027	0.802	-0.094587282749	-0.0238875345	1	10000	A10	C1	1000	100	0	0.5	300	1
46	-0.06939705174	0.051489537	0	0.093	0.603	-0.06939705174	0.051489537	FGr	10000	A10	C1	1000	100	0	0.5	300	1
47	0.224147393495	1.638499695	0	0	0	0.224147393495	1.638499695	NoCorrection	10000	A10	C1	1000	100	0	0.5	300	1
48	-0.099666256905	0.00360936849999998	0	0.01	0.967	-0.099666256905	0.00360936849999998	ID	10000	A10	C1	1000	100	0	0.5	300	1
49	-0.00898273982249999	-0.00898273982250002	0	0.753	0.738	-0.00898273982249999	-0.00898273982250002	1	300	A10	C1	1000	1000	0	0.5	300	0
50	0.00591335790270001	0.00591335790269998	0	0.827	0.838	0.00591335790270001	0.00591335790269998	FGr	300	A10	C1	1000	1000	0	0.5	300	0
51	0.0150100388335	0.0150100388335	0	0.598	0.608	0.0150100388335	0.0150100388335	NoCorrection	300	A10	C1	1000	1000	0	0.5	300	0
52	0.0057841474115	0.0057841474115	0	0.837	0.844	0.0057841474115	0.0057841474115	ID	300	A10	C1	1000	1000	0	0.5	300	0
53	0.0362114825645	0.0362114825645	0	0.187	0.192	0.0362114825645	0.0362114825645	1	300	A10	C1	1000	1000	0	0.5	300	0.1
54	0.059642404573	0.059642404573	0	0.036	0.024	0.059642404573	0.059642404573	FGr	300	A10	C1	1000	1000	0	0.5	300	0.1
55	0.0604937523155	0.0604937523155	0	0.024	0.026	0.0604937523155	0.0604937523155	NoCorrection	300	A10	C1	1000	1000	0	0.5	300	0.1
56	0.025739423916	0.025739423916	0	0.336	0.343	0.025739423916	0.025739423916	ID	300	A10	C1	1000	1000	0	0.5	300	0.1
57	0.0142563377080003	0.0142563377080003	0	0.62	0.643	0.0142563377080003	0.0142563377080003	1	300	A10	C1	1000	1000	0	0.5	300	0.5
58	0.1203020142345	0.1203020142345	0	0	0	0.1203020142345	0.1203020142345	FGr	300	A10	C1	1000	1000	0	0.5	300	0.5
59	0.195634109395	0.195634109395	0	0	0	0.195634109395	0.195634109395	NoCorrection	300	A10	C1	1000	1000	0	0.5	300	0.5
60	0.00680305898529994	0.00680305898529995	0	0.821	0.797	0.00680305898529994	0.00680305898529995	ID	300	A10	C1	1000	1000	0	0.5	300	0.5
61	0.0207849735309999	0.0207849735309999	0	0.484	0.502	0.0207849735309999	0.0207849735309999	1	300	A10	C1	1000	1000	0	0.5	300	1
62	0.1733677352085	0.1733677352085	0	0	0	0.1733677352085	0.1733677352085	FGr	300	A10	C1	1000	1000	0	0.5	300	1
63	0.319744451085	0.319744451085	0	0	0	0.319744451085	0.319744451085	NoCorrection	300	A10	C1	1000	1000	0	0.5	300	1
64	-0.017240892374	-0.017240892374	0	0.544	0.546	-0.017240892374	-0.017240892374	ID	300	A10	C1	1000	1000	0	0.5	300	1
65	-0.0232721992700001	0.00680312234999987	0	0.392	0.897	-0.0232721992700001	0.00680312234999987	1	1000	A10	C1	1000	1000	0	0.5	300	0
66	-0.015080066467	0.0181149416999999	0	0.545	0.678	-0.015080066467	0.0181149416999999	FGr	1000	A10	C1	1000	1000	0	0.5	300	0
67	-0.031377317406	-0.0212538376499998	0	0.247	0.637	-0.031377317406	-0.0212538376499998	NoCorrection	1000	A10	C1	1000	1000	0	0.5	300	0
68	-0.02739260818195	-0.01234122455	0	0.301	0.8	-0.02739260818195	-0.01234122455	ID	1000	A10	C1	1000	1000	0	0.5	300	0
69	0.00743439056399994	0.0222138170999998	0	0.787	0.603	0.00743439056399994	0.0222138170999998	1	1000	A10	C1	1000	1000	0	0.5	300	0.1
70	0.0284131349024999	0.0789354383499999	0	0.263	0.088	0.0284131349024999	0.0789354383499999	FGr	1000	A10	C1	1000	1000	0	0.5	300	0.1
71	0.0584958535365	0.16014153755	0	0.028	0.001	0.0584958535365	0.16014153755	NoCorrection	1000	A10	C1	1000	1000	0	0.5	300	0.1
72	0.00761941313669993	0.0189648818000002	0	0.767	0.695	0.00761941313669993	0.0189648818000002	ID	1000	A10	C1	1000	1000	0	0.5	300	0.1
73	-0.046933796198	0.01733251595	0	0.067	0.705	-0.046933796198	0.01733251595	1	1000	A10	C1	1000	1000	0	0.5	300	0.5
74	0.00257893174000001	0.15345223795	0	0.93	0.001	0.00257893174000001	0.15345223795	FGr	1000	A10	C1	1000	1000	0	0.5	300	0.5
75	0.079206038762	0.3607546556	0	0.009	0	0.079206038762	0.3607546556	NoCorrection	1000	A10	C1	1000	1000	0	0.5	300	0.5
76	-0.041903978786	0.02716591905	0	0.107	0.549	-0.041903978786	0.02716591905	ID	1000	A10	C1	1000	1000	0	0.5	300	0.5
77	-0.0408335517621	0.000137992599999993	0	0.134	0.997	-0.0408335517621	0.000137992599999993	1	1000	A10	C1	1000	1000	0	0.5	300	1
78	0.0562906003002499	0.2488245001	0	0.066	0	0.0562906003002499	0.2488245001	FGr	1000	A10	C1	1000	1000	0	0.5	300	1
79	0.279336898885	0.866138180850001	0	0	0	0.279336898885	0.866138180850001	NoCorrection	1000	A10	C1	1000	1000	0	0.5	300	1
80	-0.029535964375	0.00618741769999992	0	0.266	0.891	-0.029535964375	0.00618741769999992	ID	1000	A10	C1	1000	1000	0	0.5	300	1
81	0.00726315313499982	-0.10328264665	0	0.824	0.167	0.00726315313499982	-0.10328264665	1	10000	A10	C1	1000	1000	0	0.5	300	0
82	0.018320924576	-0.0274814152	0	0.576	0.726	0.018320924576	-0.0274814152	FGr	10000	A10	C1	1000	1000	0	0.5	300	0
83	0.026223160842	0.0156896283500001	0	0.377	0.842	0.026223160842	0.0156896283500001	NoCorrection	10000	A10	C1	1000	1000	0	0.5	300	0
84	0.00633066389499964	-0.12226946305	0	0.828	0.102	0.00633066389499964	-0.12226946305	ID	10000	A10	C1	1000	1000	0	0.5	300	0
85	0.039209303035	0.186699278	0	0.209	0.011	0.039209303035	0.186699278	1	10000	A10	C1	1000	1000	0	0.5	300	0.1
86	0.038500167369	0.1878873955	0	0.206	0.016	0.038500167369	0.1878873955	FGr	10000	A10	C1	1000	1000	0	0.5	300	0.1
87	0.0530881217935	0.292597077	0	0.067	0	0.0530881217935	0.292597077	NoCorrection	10000	A10	C1	1000	1000	0	0.5	300	0.1
88	0.036857910778	0.1848678185	0	0.226	0.015	0.036857910778	0.1848678185	ID	10000	A10	C1	1000	1000	0	0.5	300	0.1
89	0.0190566435929997	-0.1282998068	0	0.49	0.044	0.0190566435929997	-0.1282998068	1	10000	A10	C1	1000	1000	0	0.5	300	0.5
90	0.0327275990964002	-0.0290721352999998	0	0.241	0.7	0.0327275990964002	-0.0290721352999998	FGr	10000	A10	C1	1000	1000	0	0.5	300	0.5
91	0.1700148822398	0.9041959395	0	0	0	0.1700148822398	0.9041959395	NoCorrection	10000	A10	C1	1000	1000	0	0.5	300	0.5
92	0.0150848549149998	-0.12582311115	0	0.6	0.062	0.0150848549149998	-0.12582311115	ID	10000	A10	C1	1000	1000	0	0.5	300	0.5
93	0.0463789616065002	-0.0191178938000002	0	0.103	0.782	0.0463789616065002	-0.0191178938000002	1	10000	A10	C1	1000	1000	0	0.5	300	1
94	0.0612900442145002	-0.01554940095	0	0.043	0.81	0.0612900442145002	-0.01554940095	FGr	10000	A10	C1	1000	1000	0	0.5	300	1
95	0.385347188915	1.8133653525	0	0	0	0.385347188915	1.8133653525	NoCorrection	10000	A10	C1	1000	1000	0	0.5	300	1
96	0.0461643290625001	-0.0535886613499999	0	0.1	0.427	0.0461643290625001	-0.0535886613499999	ID	10000	A10	C1	1000	1000	0	0.5	300	1
97	-0.000846779460499606	-0.000846779460499691	0	0.98	0.973	-0.000846779460499606	-0.000846779460499691	1	300	A10	C1	1000	10000	0	0.5	300	0
98	-0.00275893301605004	-0.00275893301605009	0	0.926	0.936	-0.00275893301605004	-0.00275893301605009	FGr	300	A10	C1	1000	10000	0	0.5	300	0
99	0.00506989282200056	0.00506989282200058	0	0.874	0.868	0.00506989282200056	0.00506989282200058	NoCorrection	300	A10	C1	1000	10000	0	0.5	300	0
100	-0.00128814060385011	-0.00128814060385007	0	0.961	0.977	-0.00128814060385011	-0.00128814060385007	ID	300	A10	C1	1000	10000	0	0.5	300	0
101	0.0086302424289752	0.00863024242897521	0	0.738	0.732	0.0086302424289752	0.00863024242897521	1	300	A10	C1	1000	10000	0	0.5	300	0.1
102	-0.00934368224099984	-0.00934368224099984	0	0.726	0.711	-0.00934368224099984	-0.00934368224099984	FGr	300	A10	C1	1000	10000	0	0.5	300	0.1
103	0.00704896425259984	0.00704896425259992	0	0.764	0.789	0.00704896425259984	0.00704896425259992	NoCorrection	300	A10	C1	1000	10000	0	0.5	300	0.1
104	0.00335716723170001	0.00335716723170003	0	0.889	0.884	0.00335716723170001	0.00335716723170003	ID	300	A10	C1	1000	10000	0	0.5	300	0.1
105	0.0263287829325005	0.0263287829325003	0	0.326	0.326	0.0263287829325005	0.0263287829325003	1	300	A10	C1	1000	10000	0	0.5	300	0.5
106	0.1201678797337	0.1201678797337	0	0	0	0.1201678797337	0.1201678797337	FGr	300	A10	C1	1000	10000	0	0.5	300	0.5
107	0.19717731545115	0.19717731545115	0	0	0	0.19717731545115	0.19717731545115	NoCorrection	300	A10	C1	1000	10000	0	0.5	300	0.5
108	-0.000826317616000143	-0.000826317616000143	0	0.982	0.974	-0.000826317616000143	-0.000826317616000143	ID	300	A10	C1	1000	10000	0	0.5	300	0.5
109	0.023393845735	0.023393845735	0	0.348	0.367	0.023393845735	0.023393845735	1	300	A10	C1	1000	10000	0	0.5	300	1
110	0.19497084438031	0.19497084438031	0	0	0	0.19497084438031	0.19497084438031	FGr	300	A10	C1	1000	10000	0	0.5	300	1
111	0.304772721407399	0.304772721407399	0	0	0	0.304772721407399	0.304772721407399	NoCorrection	300	A10	C1	1000	10000	0	0.5	300	1
112	-0.00139376251561008	-0.00139376251561004	0	0.964	0.962	-0.00139376251561008	-0.00139376251561004	ID	300	A10	C1	1000	10000	0	0.5	300	1
113	0.0377786922025001	0.0117436191499992	0	0.137	0.763	0.0377786922025001	0.0117436191499992	1	1000	A10	C1	1000	10000	0	0.5	300	0
114	0.0274442368419504	-0.0146363072349996	0	0.287	0.73	0.0274442368419504	-0.0146363072349996	FGr	1000	A10	C1	1000	10000	0	0.5	300	0
115	0.0214510992925004	-0.0224835504900007	0	0.397	0.538	0.0214510992925004	-0.0224835504900007	NoCorrection	1000	A10	C1	1000	10000	0	0.5	300	0
116	0.0426772759651497	0.0288101536499998	0	0.084	0.466	0.0426772759651497	0.0288101536499998	ID	1000	A10	C1	1000	10000	0	0.5	300	0
117	0.01041574453345	0.0569456945250003	0	0.707	0.153	0.01041574453345	0.0569456945250003	1	1000	A10	C1	1000	10000	0	0.5	300	0.1
118	-0.0193279505161005	-0.00791121729000018	0	0.461	0.827	-0.0193279505161005	-0.00791121729000018	FGr	1000	A10	C1	1000	10000	0	0.5	300	0.1
119	-0.01201863668837	0.0105551963699997	0	0.651	0.796	-0.01201863668837	0.0105551963699997	NoCorrection	1000	A10	C1	1000	10000	0	0.5	300	0.1
120	-0.0174933712719199	-0.00485452223000014	0	0.488	0.887	-0.0174933712719199	-0.00485452223000014	ID	1000	A10	C1	1000	10000	0	0.5	300	0.1
121	0.00446021280449985	0.00141066094999947	0	0.861	0.97	0.00446021280449985	0.00141066094999947	1	1000	A10	C1	1000	10000	0	0.5	300	0.5
122	0.0613463955854	0.129371458285	0	0.006	0	0.0613463955854	0.129371458285	FGr	1000	A10	C1	1000	10000	0	0.5	300	0.5
123	0.18031733596785	0.40057450776	0	0	0	0.18031733596785	0.40057450776	NoCorrection	1000	A10	C1	1000	10000	0	0.5	300	0.5
124	0.00571720732115002	-0.00135060973999996	0	0.812	0.98	0.00571720732115002	-0.00135060973999996	ID	1000	A10	C1	1000	10000	0	0.5	300	0.5
125	-0.00772275794942465	0.0475667891749999	0	0.747	0.251	-0.00772275794942465	0.0475667891749999	1	1000	A10	C1	1000	10000	0	0.5	300	1
126	0.0906656938386999	0.279446455325	0	0.003	0	0.0906656938386999	0.279446455325	FGr	1000	A10	C1	1000	10000	0	0.5	300	1
127	0.35905452847765	0.884267548394999	0	0	0	0.35905452847765	0.884267548394999	NoCorrection	1000	A10	C1	1000	10000	0	0.5	300	1
128	-0.01605419439765	0.0109860965400002	0	0.486	0.799	-0.01605419439765	0.0109860965400002	ID	1000	A10	C1	1000	10000	0	0.5	300	1
129	0.08121213567455	0.0198567631299998	0	0.008	0.749	0.08121213567455	0.0198567631299998	1	10000	A10	C1	1000	10000	0	0.5	300	0
130	0.0851821435499002	0.0341737128900002	0	0.001	0.553	0.0851821435499002	0.0341737128900002	FGr	10000	A10	C1	1000	10000	0	0.5	300	0
131	0.050707709063875	-0.0940206053500003	0	0.09	0.11	0.050707709063875	-0.0940206053500003	NoCorrection	10000	A10	C1	1000	10000	0	0.5	300	0
132	0.08038910971515	0.0416339437349998	0	0.003	0.452	0.08038910971515	0.0416339437349998	ID	10000	A10	C1	1000	10000	0	0.5	300	0
133	-0.0197423737824499	-0.0376226162049998	0	0.466	0.581	-0.0197423737824499	-0.0376226162049998	1	10000	A10	C1	1000	10000	0	0.5	300	0.1
134	-0.0177168150470003	-0.0206652289400005	0	0.516	0.758	-0.0177168150470003	-0.0206652289400005	FGr	10000	A10	C1	1000	10000	0	0.5	300	0.1
135	0.0238257627874997	0.238050949350001	0	0.407	0.001	0.0238257627874997	0.238050949350001	NoCorrection	10000	A10	C1	1000	10000	0	0.5	300	0.1
136	-0.0186412114627999	-0.0370739368300002	0	0.529	0.608	-0.0186412114627999	-0.0370739368300002	ID	10000	A10	C1	1000	10000	0	0.5	300	0.1
137	0.00930764198850001	0.143973728845	0	0.722	0.018	0.00930764198850001	0.143973728845	1	10000	A10	C1	1000	10000	0	0.5	300	0.5
138	0.01502637296745	0.206954882115001	0	0.544	0	0.01502637296745	0.206954882115001	FGr	10000	A10	C1	1000	10000	0	0.5	300	0.5
139	0.11938473748455	0.781376468150001	0	0	0	0.11938473748455	0.781376468150001	NoCorrection	10000	A10	C1	1000	10000	0	0.5	300	0.5
140	0.00780260556084986	0.132652249065	0	0.765	0.027	0.00780260556084986	0.132652249065	ID	10000	A10	C1	1000	10000	0	0.5	300	0.5
141	0.0411285827258	0.0473283810300011	0	0.155	0.481	0.0411285827258	0.0473283810300011	1	10000	A10	C1	1000	10000	0	0.5	300	1
142	0.0555924518056499	0.129184103880001	0	0.059	0.064	0.0555924518056499	0.129184103880001	FGr	10000	A10	C1	1000	10000	0	0.5	300	1
143	0.352455666813201	2.0159731932	0	0	0	0.352455666813201	2.0159731932	NoCorrection	10000	A10	C1	1000	10000	0	0.5	300	1
144	0.0421314809221502	0.0399820925549997	0	0.144	0.548	0.0421314809221502	0.0399820925549997	ID	10000	A10	C1	1000	10000	0	0.5	300	1
145	-0.011453271323	-0.011453271323	0	0.361	0.361	-0.011453271323	-0.011453271323	1	300	A10	C1	10000	100	0	0.5	300	0
146	-0.0157490366542	-0.0157490366542	0	0.185	0.163	-0.0157490366542	-0.0157490366542	FGr	300	A10	C1	10000	100	0	0.5	300	0
147	-0.015196126588	-0.015196126588	0	0.186	0.193	-0.015196126588	-0.015196126588	NoCorrection	300	A10	C1	10000	100	0	0.5	300	0
148	-0.013982787763	-0.013982787763	0	0.234	0.234	-0.013982787763	-0.013982787763	ID	300	A10	C1	10000	100	0	0.5	300	0
149	0.000796146834999998	0.000796146834999986	0	0.955	0.958	0.000796146834999998	0.000796146834999986	1	300	A10	C1	10000	100	0	0.5	300	0.1
150	0.016495458312	0.016495458312	0	0.207	0.236	0.016495458312	0.016495458312	FGr	300	A10	C1	10000	100	0	0.5	300	0.1
151	0.028069448465	0.028069448465	0	0.055	0.037	0.028069448465	0.028069448465	NoCorrection	300	A10	C1	10000	100	0	0.5	300	0.1
152	-0.0015066003285	-0.0015066003285	0	0.911	0.914	-0.0015066003285	-0.0015066003285	ID	300	A10	C1	10000	100	0	0.5	300	0.1
153	-0.0018048418855	-0.0018048418855	0	0.869	0.892	-0.0018048418855	-0.0018048418855	1	300	A10	C1	10000	100	0	0.5	300	0.5
154	0.118795771125	0.118795771125	0	0	0	0.118795771125	0.118795771125	FGr	300	A10	C1	10000	100	0	0.5	300	0.5
155	0.14719401739	0.14719401739	0	0	0	0.14719401739	0.14719401739	NoCorrection	300	A10	C1	10000	100	0	0.5	300	0.5
156	-0.0096557064135	-0.00965570641349999	0	0.459	0.431	-0.0096557064135	-0.00965570641349999	ID	300	A10	C1	10000	100	0	0.5	300	0.5
157	0.020204891374	0.020204891374	0	0.101	0.102	0.020204891374	0.020204891374	1	300	A10	C1	10000	100	0	0.5	300	1
158	0.25334750806	0.25334750806	0	0	0	0.25334750806	0.25334750806	FGr	300	A10	C1	10000	100	0	0.5	300	1
159	0.30600756202	0.30600756202	0	0	0	0.30600756202	0.30600756202	NoCorrection	300	A10	C1	10000	100	0	0.5	300	1
160	0.01921915543	0.01921915543	0	0.105	0.089	0.01921915543	0.01921915543	ID	300	A10	C1	10000	100	0	0.5	300	1
161	-0.022212499894	-0.058266722	0	0.084	0.006	-0.022212499894	-0.058266722	1	1000	A10	C1	10000	100	0	0.5	300	0
162	-0.020942489437	-0.055744453	0	0.106	0.01	-0.020942489437	-0.055744453	FGr	1000	A10	C1	10000	100	0	0.5	300	0
163	-0.025707922283	-0.064828223	0	0.035	0	-0.025707922283	-0.064828223	NoCorrection	1000	A10	C1	10000	100	0	0.5	300	0
164	-0.01946385398	-0.0516028485	0	0.121	0.014	-0.01946385398	-0.0516028485	ID	1000	A10	C1	10000	100	0	0.5	300	0
165	-0.000513095052000004	-0.0057364105	0	0.973	0.747	-0.000513095052000004	-0.0057364105	1	1000	A10	C1	10000	100	0	0.5	300	0.1
166	0.01685602097	0.029641168	0	0.137	0.151	0.01685602097	0.029641168	FGr	1000	A10	C1	10000	100	0	0.5	300	0.1
167	0.0326573815075	0.0695428015	0	0.007	0.001	0.0326573815075	0.0695428015	NoCorrection	1000	A10	C1	10000	100	0	0.5	300	0.1
168	-0.000272381033999997	-0.00495047	0	0.985	0.814	-0.000272381033999997	-0.00495047	ID	1000	A10	C1	10000	100	0	0.5	300	0.1
169	-0.01915631586	0.00712110149999999	0	0.08	0.738	-0.01915631586	0.00712110149999999	1	1000	A10	C1	10000	100	0	0.5	300	0.5
170	0.07235656955	0.2364849845	0	0	0	0.07235656955	0.2364849845	FGr	1000	A10	C1	10000	100	0	0.5	300	0.5
171	0.196428672165	0.544675998	0	0	0	0.196428672165	0.544675998	NoCorrection	1000	A10	C1	10000	100	0	0.5	300	0.5
172	-0.02058183177	0.0065126005	0	0.082	0.742	-0.02058183177	0.0065126005	ID	1000	A10	C1	10000	100	0	0.5	300	0.5
173	0.00579882593100001	0.00119514499999999	0	0.612	0.957	0.00579882593100001	0.00119514499999999	1	1000	A10	C1	10000	100	0	0.5	300	1
174	0.184332796525	0.4454010865	0	0	0	0.184332796525	0.4454010865	FGr	1000	A10	C1	10000	100	0	0.5	300	1
175	0.418590356885	1.0835209555	0	0	0	0.418590356885	1.0835209555	NoCorrection	1000	A10	C1	10000	100	0	0.5	300	1
176	0.00381966066350002	-0.00391264800000002	0	0.786	0.864	0.00381966066350002	-0.00391264800000002	ID	1000	A10	C1	10000	100	0	0.5	300	1
177	-0.0106925693742	0.030982436	0	0.394	0.359	-0.0106925693742	0.030982436	1	10000	A10	C1	10000	100	0	0.5	300	0
178	-0.007079901	0.047534081	0	0.582	0.155	-0.007079901	0.047534081	FGr	10000	A10	C1	10000	100	0	0.5	300	0
179	-0.0122520884025	0.00749285350000001	0	0.299	0.822	-0.0122520884025	0.00749285350000001	NoCorrection	10000	A10	C1	10000	100	0	0.5	300	0
180	-0.0116339855039	0.0142925005	0	0.33	0.65	-0.0116339855039	0.0142925005	ID	10000	A10	C1	10000	100	0	0.5	300	0
181	0.00335856833799999	0.011183239	0	0.763	0.722	0.00335856833799999	0.011183239	1	10000	A10	C1	10000	100	0	0.5	300	0.1
182	0.00719356704599999	0.0338090010000001	0	0.576	0.228	0.00719356704599999	0.0338090010000001	FGr	10000	A10	C1	10000	100	0	0.5	300	0.1
183	0.042677325612	0.279251079	0	0.004	0	0.042677325612	0.279251079	NoCorrection	10000	A10	C1	10000	100	0	0.5	300	0.1
184	0.00330571854150001	0.00457427050000013	0	0.793	0.861	0.00330571854150001	0.00457427050000013	ID	10000	A10	C1	10000	100	0	0.5	300	0.1
185	-0.000166441225000009	-0.0406492775000001	0	0.99	0.207	-0.000166441225000009	-0.0406492775000001	1	10000	A10	C1	10000	100	0	0.5	300	0.5
186	0.016063833501	0.0785203465	0	0.205	0.013	0.016063833501	0.0785203465	FGr	10000	A10	C1	10000	100	0	0.5	300	0.5
187	0.17343750374	1.117591064	0	0	0	0.17343750374	1.117591064	NoCorrection	10000	A10	C1	10000	100	0	0.5	300	0.5
188	-0.00109874693199999	-0.0612596275	0	0.935	0.058	-0.00109874693199999	-0.0612596275	ID	10000	A10	C1	10000	100	0	0.5	300	0.5
189	0.0098679202645	0.00871840199999998	0	0.427	0.763	0.0098679202645	0.00871840199999998	1	10000	A10	C1	10000	100	0	0.5	300	1
190	0.03802429801	0.2044029565	0	0.004	0	0.03802429801	0.2044029565	FGr	10000	A10	C1	10000	100	0	0.5	300	1
191	0.365436130436	2.28864723	0	0	0	0.365436130436	2.28864723	NoCorrection	10000	A10	C1	10000	100	0	0.5	300	1
192	0.00693640157849999	0.00999272800000001	0	0.585	0.754	0.00693640157849999	0.00999272800000001	ID	10000	A10	C1	10000	100	0	0.5	300	1
193	-0.0218496246325	-0.0218496246325	0	0.007	0.022	-0.0218496246325	-0.0218496246325	1	300	A10	C1	10000	1000	0	0.5	300	0
194	-0.026589490124	-0.026589490124	0	0.001	0.001	-0.026589490124	-0.026589490124	FGr	300	A10	C1	10000	1000	0	0.5	300	0
195	-0.021243828084	-0.021243828084	0	0.013	0.014	-0.021243828084	-0.021243828084	NoCorrection	300	A10	C1	10000	1000	0	0.5	300	0
196	-0.02514380548575	-0.02514380548575	0	0.002	0.01	-0.02514380548575	-0.02514380548575	ID	300	A10	C1	10000	1000	0	0.5	300	0
197	0.015176579568	0.015176579568	0	0.109	0.105	0.015176579568	0.015176579568	1	300	A10	C1	10000	1000	0	0.5	300	0.1
198	0.0384677697555	0.0384677697555	0	0	0	0.0384677697555	0.0384677697555	FGr	300	A10	C1	10000	1000	0	0.5	300	0.1
199	0.05729156049025	0.05729156049025	0	0	0	0.05729156049025	0.05729156049025	NoCorrection	300	A10	C1	10000	1000	0	0.5	300	0.1
200	0.012745028381	0.012745028381	0	0.189	0.151	0.012745028381	0.012745028381	ID	300	A10	C1	10000	1000	0	0.5	300	0.1
201	-0.000438980556999965	-0.000438980556999982	0	0.955	0.948	-0.000438980556999965	-0.000438980556999982	1	300	A10	C1	10000	1000	0	0.5	300	0.5
202	0.10053300742985	0.10053300742985	0	0	0	0.10053300742985	0.10053300742985	FGr	300	A10	C1	10000	1000	0	0.5	300	0.5
203	0.1702186572834	0.1702186572834	0	0	0	0.1702186572834	0.1702186572834	NoCorrection	300	A10	C1	10000	1000	0	0.5	300	0.5
204	-0.00216078954249995	-0.00216078954249995	0	0.809	0.814	-0.00216078954249995	-0.00216078954249995	ID	300	A10	C1	10000	1000	0	0.5	300	0.5
205	-0.00359383897929997	-0.00359383897929997	0	0.647	0.674	-0.00359383897929997	-0.00359383897929997	1	300	A10	C1	10000	1000	0	0.5	300	1
206	0.198147060353	0.198147060353	0	0	0	0.198147060353	0.198147060353	FGr	300	A10	C1	10000	1000	0	0.5	300	1
207	0.3354967140435	0.3354967140435	0	0	0	0.3354967140435	0.3354967140435	NoCorrection	300	A10	C1	10000	1000	0	0.5	300	1
208	-0.00472474534798005	-0.00472474534798005	0	0.542	0.549	-0.00472474534798005	-0.00472474534798005	ID	300	A10	C1	10000	1000	0	0.5	300	1
209	-0.000707705095000047	-0.00980470689999999	0	0.944	0.517	-0.000707705095000047	-0.00980470689999999	1	1000	A10	C1	10000	1000	0	0.5	300	0
210	-0.00952210893	-0.0298257318	0	0.321	0.047	-0.00952210893	-0.0298257318	FGr	1000	A10	C1	10000	1000	0	0.5	300	0
211	-0.0084889925533	-0.027201538	0	0.357	0.065	-0.0084889925533	-0.027201538	NoCorrection	1000	A10	C1	10000	1000	0	0.5	300	0
212	-0.00435793512154999	-0.0195035863	0	0.655	0.21	-0.00435793512154999	-0.0195035863	ID	1000	A10	C1	10000	1000	0	0.5	300	0
213	-0.00319805628959997	-0.00563910089999998	0	0.689	0.701	-0.00319805628959997	-0.00563910089999998	1	1000	A10	C1	10000	1000	0	0.5	300	0.1
214	0.0164419467875	0.0502840596000001	0	0.081	0.001	0.0164419467875	0.0502840596000001	FGr	1000	A10	C1	10000	1000	0	0.5	300	0.1
215	0.046343277375	0.1303009029	0	0	0	0.046343277375	0.1303009029	NoCorrection	1000	A10	C1	10000	1000	0	0.5	300	0.1
216	-0.00377619940124999	-0.00906773644999996	0	0.693	0.517	-0.00377619940124999	-0.00906773644999996	ID	1000	A10	C1	10000	1000	0	0.5	300	0.1
217	-0.006084318776	-0.01186753	0	0.432	0.406	-0.006084318776	-0.01186753	1	1000	A10	C1	10000	1000	0	0.5	300	0.5
218	0.05001899564145	0.14170146505	0	0	0	0.05001899564145	0.14170146505	FGr	1000	A10	C1	10000	1000	0	0.5	300	0.5
219	0.1636186254465	0.4560169762	0	0	0	0.1636186254465	0.4560169762	NoCorrection	1000	A10	C1	10000	1000	0	0.5	300	0.5
220	-0.00521661871870001	-0.0010297961	0	0.483	0.927	-0.00521661871870001	-0.0010297961	ID	1000	A10	C1	10000	1000	0	0.5	300	0.5
221	0.00667545859619999	-0.00468619239999998	0	0.392	0.726	0.00667545859619999	-0.00468619239999998	1	1000	A10	C1	10000	1000	0	0.5	300	1
222	0.109578628692	0.2548901881	0	0	0	0.109578628692	0.2548901881	FGr	1000	A10	C1	10000	1000	0	0.5	300	1
223	0.3368994482375	0.883396833549999	0	0	0	0.3368994482375	0.883396833549999	NoCorrection	1000	A10	C1	10000	1000	0	0.5	300	1
224	0.00705400700730001	0.00562364874999999	0	0.387	0.702	0.00705400700730001	0.00562364874999999	ID	1000	A10	C1	10000	1000	0	0.5	300	1
225	0.007844425141	0.00772488900000002	0	0.374	0.741	0.007844425141	0.00772488900000002	1	10000	A10	C1	10000	1000	0	0.5	300	0
226	0.00659999320450002	-0.0044219145	0	0.477	0.842	0.00659999320450002	-0.0044219145	FGr	10000	A10	C1	10000	1000	0	0.5	300	0
227	0.0094576814365	0.0142876069	0	0.266	0.469	0.0094576814365	0.0142876069	NoCorrection	10000	A10	C1	10000	1000	0	0.5	300	0
228	0.00769528571699999	0.00761732679999999	0	0.381	0.72	0.00769528571699999	0.00761732679999999	ID	10000	A10	C1	10000	1000	0	0.5	300	0
229	-0.00623684590049999	0.0211886212	0	0.488	0.367	-0.00623684590049999	0.0211886212	1	10000	A10	C1	10000	1000	0	0.5	300	0.1
230	-0.0044628982535	0.0298023522999999	0	0.603	0.177	-0.0044628982535	0.0298023522999999	FGr	10000	A10	C1	10000	1000	0	0.5	300	0.1
231	0.02656423598425	0.18483009665	0	0.007	0	0.02656423598425	0.18483009665	NoCorrection	10000	A10	C1	10000	1000	0	0.5	300	0.1
232	-0.00687254616100001	0.01967016505	0	0.453	0.383	-0.00687254616100001	0.01967016505	ID	10000	A10	C1	10000	1000	0	0.5	300	0.1
233	6.50086199993893e-06	0.01502268895	0	0.999	0.528	6.50086199993893e-06	0.01502268895	1	10000	A10	C1	10000	1000	0	0.5	300	0.5
234	0.013861471516	0.0606271047	0	0.153	0.008	0.013861471516	0.0606271047	FGr	10000	A10	C1	10000	1000	0	0.5	300	0.5
235	0.1896188989775	1.0407119046	0	0	0	0.1896188989775	1.0407119046	NoCorrection	10000	A10	C1	10000	1000	0	0.5	300	0.5
236	-0.000254856741449956	0.01925888835	0	0.975	0.425	-0.000254856741449956	0.01925888835	ID	10000	A10	C1	10000	1000	0	0.5	300	0.5
237	0.00894301534020003	0.0223094850999999	0	0.339	0.344	0.00894301534020003	0.0223094850999999	1	10000	A10	C1	10000	1000	0	0.5	300	1
238	0.024267074627	0.11351092615	0	0.01	0	0.024267074627	0.11351092615	FGr	10000	A10	C1	10000	1000	0	0.5	300	1
239	0.376680553579	1.7769232355	0	0	0	0.376680553579	1.7769232355	NoCorrection	10000	A10	C1	10000	1000	0	0.5	300	1
240	0.008621228107	0.0192914202	0	0.318	0.391	0.008621228107	0.0192914202	ID	10000	A10	C1	10000	1000	0	0.5	300	1
241	-0.00150233832150999	-0.00150233832150999	0	0.844	0.855	-0.00150233832150999	-0.00150233832150999	1	300	A10	C1	10000	10000	0	0.5	300	0
242	-0.00819685204062502	-0.00819685204062502	0	0.275	0.256	-0.00819685204062502	-0.00819685204062502	FGr	300	A10	C1	10000	10000	0	0.5	300	0
243	-0.00811884070990002	-0.00811884070990002	0	0.277	0.29	-0.00811884070990002	-0.00811884070990002	NoCorrection	300	A10	C1	10000	10000	0	0.5	300	0
244	0.00176359974585002	0.00176359974585003	0	0.795	0.8	0.00176359974585002	0.00176359974585003	ID	300	A10	C1	10000	10000	0	0.5	300	0
245	0.00823423631292003	0.00823423631292002	0	0.326	0.275	0.00823423631292003	0.00823423631292002	1	300	A10	C1	10000	10000	0	0.5	300	0.1
246	0.0280736584459	0.0280736584459	0	0.001	0.002	0.0280736584459	0.0280736584459	FGr	300	A10	C1	10000	10000	0	0.5	300	0.1
247	0.0422423816565299	0.0422423816565299	0	0	0	0.0422423816565299	0.0422423816565299	NoCorrection	300	A10	C1	10000	10000	0	0.5	300	0.1
248	0.004107101595195	0.004107101595195	0	0.584	0.605	0.004107101595195	0.004107101595195	ID	300	A10	C1	10000	10000	0	0.5	300	0.1
249	-0.00573060385276998	-0.00573060385276998	0	0.496	0.491	-0.00573060385276998	-0.00573060385276998	1	300	A10	C1	10000	10000	0	0.5	300	0.5
250	0.10384449565927	0.10384449565927	0	0	0	0.10384449565927	0.10384449565927	FGr	300	A10	C1	10000	10000	0	0.5	300	0.5
251	0.174765549972938	0.174765549972938	0	0	0	0.174765549972938	0.174765549972938	NoCorrection	300	A10	C1	10000	10000	0	0.5	300	0.5
252	0.000917008270264942	0.000917008270264943	0	0.919	0.912	0.000917008270264942	0.000917008270264943	ID	300	A10	C1	10000	10000	0	0.5	300	0.5
253	0.00343788905664998	0.00343788905664999	0	0.75	0.727	0.00343788905664998	0.00343788905664999	1	300	A10	C1	10000	10000	0	0.5	300	1
254	0.20996700334095	0.20996700334095	0	0	0	0.20996700334095	0.20996700334095	FGr	300	A10	C1	10000	10000	0	0.5	300	1
255	0.345545066500799	0.345545066500799	0	0	0	0.345545066500799	0.345545066500799	NoCorrection	300	A10	C1	10000	10000	0	0.5	300	1
256	0.00595205367418995	0.00595205367418994	0	0.517	0.526	0.00595205367418995	0.00595205367418994	ID	300	A10	C1	10000	10000	0	0.5	300	1
257	0.000872642716049975	-0.00421717347499996	0	0.928	0.776	0.000872642716049975	-0.00421717347499996	1	1000	A10	C1	10000	10000	0	0.5	300	0
258	0.013305434986925	0.0270259759999998	0	0.119	0.06	0.013305434986925	0.0270259759999998	FGr	1000	A10	C1	10000	10000	0	0.5	300	0
259	0.01340267080175	0.0267092832900001	0	0.109	0.072	0.01340267080175	0.0267092832900001	NoCorrection	1000	A10	C1	10000	10000	0	0.5	300	0
260	0.00429055728945503	0.00529630084499988	0	0.612	0.702	0.00429055728945503	0.00529630084499988	ID	1000	A10	C1	10000	10000	0	0.5	300	0
261	0.00835855824529508	0.01356093985	0	0.385	0.337	0.00835855824529508	0.01356093985	1	1000	A10	C1	10000	10000	0	0.5	300	0.1
262	0.0160732283060295	0.036690396255	0	0.089	0.015	0.0160732283060295	0.036690396255	FGr	1000	A10	C1	10000	10000	0	0.5	300	0.1
263	0.0363241500976254	0.091971474915	0	0	0	0.0363241500976254	0.091971474915	NoCorrection	1000	A10	C1	10000	10000	0	0.5	300	0.1
264	0.00700709430779984	0.01285836867	0	0.468	0.371	0.00700709430779984	0.01285836867	ID	1000	A10	C1	10000	10000	0	0.5	300	0.1
265	-0.000711483795700009	-0.00816818114999997	0	0.926	0.549	-0.000711483795700009	-0.00816818114999997	1	1000	A10	C1	10000	10000	0	0.5	300	0.5
266	0.0539291215743947	0.152745631725	0	0	0	0.0539291215743947	0.152745631725	FGr	1000	A10	C1	10000	10000	0	0.5	300	0.5
267	0.16306446458709	0.464850264565	0	0	0	0.16306446458709	0.464850264565	NoCorrection	1000	A10	C1	10000	10000	0	0.5	300	0.5
268	-0.00262763360255008	-0.0097122432749999	0	0.765	0.503	-0.00262763360255008	-0.0097122432749999	ID	1000	A10	C1	10000	10000	0	0.5	300	0.5
269	-0.000420284291400048	0.00750304989000001	0	0.957	0.591	-0.000420284291400048	0.00750304989000001	1	1000	A10	C1	10000	10000	0	0.5	300	1
270	0.10231096393785	0.294958125035	0	0	0	0.10231096393785	0.294958125035	FGr	1000	A10	C1	10000	10000	0	0.5	300	1
271	0.315060323779	0.884811291595	0	0	0	0.315060323779	0.884811291595	NoCorrection	1000	A10	C1	10000	10000	0	0.5	300	1
272	-0.00169887438949499	0.00936330027999991	0	0.866	0.5	-0.00169887438949499	0.00936330027999991	ID	1000	A10	C1	10000	10000	0	0.5	300	1
273	0.00231029257115137	0.0125976989099995	0	0.771	0.551	0.00231029257115137	0.0125976989099995	1	10000	A10	C1	10000	10000	0	0.5	300	0
274	0.00396762011628992	0.0284429449600009	0	0.653	0.189	0.00396762011628992	0.0284429449600009	FGr	10000	A10	C1	10000	10000	0	0.5	300	0
275	0.00803236181684996	0.0595131884899997	0	0.354	0.008	0.00803236181684996	0.0595131884899997	NoCorrection	10000	A10	C1	10000	10000	0	0.5	300	0
276	0.00298180817667009	0.0213489167450007	0	0.723	0.303	0.00298180817667009	0.0213489167450007	ID	10000	A10	C1	10000	10000	0	0.5	300	0
277	0.00411598250401	0.00496685448499997	0	0.65	0.796	0.00411598250401	0.00496685448499997	1	10000	A10	C1	10000	10000	0	0.5	300	0.1
278	0.00515629769872	0.011628023735	0	0.57	0.567	0.00515629769872	0.011628023735	FGr	10000	A10	C1	10000	10000	0	0.5	300	0.1
279	0.0356483390499	0.153569459005	0	0	0	0.0356483390499	0.153569459005	NoCorrection	10000	A10	C1	10000	10000	0	0.5	300	0.1
280	0.00401440536442001	0.00486821713999983	0	0.621	0.819	0.00401440536442001	0.00486821713999983	ID	10000	A10	C1	10000	10000	0	0.5	300	0.1
281	0.00503991053202508	-0.0426844459950002	0	0.585	0.069	0.00503991053202508	-0.0426844459950002	1	10000	A10	C1	10000	10000	0	0.5	300	0.5
282	0.0109132123382	-0.00971740129500016	0	0.208	0.681	0.0109132123382	-0.00971740129500016	FGr	10000	A10	C1	10000	10000	0	0.5	300	0.5
283	0.17199493789775	0.905516490695	0	0	0	0.17199493789775	0.905516490695	NoCorrection	10000	A10	C1	10000	10000	0	0.5	300	0.5
284	0.00438752899534991	-0.0496533250700002	0	0.626	0.04	0.00438752899534991	-0.0496533250700002	ID	10000	A10	C1	10000	10000	0	0.5	300	0.5
285	-0.022334569246665	0.0111703526250011	0	0.006	0.596	-0.022334569246665	0.0111703526250011	1	10000	A10	C1	10000	10000	0	0.5	300	1
286	-0.00720639503044003	0.0915731541599993	0	0.391	0	-0.00720639503044003	0.0915731541599993	FGr	10000	A10	C1	10000	10000	0	0.5	300	1
287	0.302660678885	1.74694819775	0	0	0	0.302660678885	1.74694819775	NoCorrection	10000	A10	C1	10000	10000	0	0.5	300	1
288	-0.0228287999944899	0.0085242848099998	0	0.007	0.682	-0.0228287999944899	0.0085242848099998	ID	10000	A10	C1	10000	10000	0	0.5	300	1
289	0.027268722356	0.027268722356	0	0.392	0.422	0.027268722356	0.027268722356	1	300	A10	C2	1000	100	0	0.5	300	0
290	0.025319346135	0.025319346135	0	0.441	0.44	0.025319346135	0.025319346135	FGr	300	A10	C2	1000	100	0	0.5	300	0
291	0.0254590916	0.0254590916	0	0.429	0.437	0.0254590916	0.0254590916	NoCorrection	300	A10	C2	1000	100	0	0.5	300	0
292	0.025423771963	0.025423771963	0	0.439	0.429	0.025423771963	0.025423771963	ID	300	A10	C2	1000	100	0	0.5	300	0
293	0.03468693028	0.03468693028	0	0.342	0.342	0.03468693028	0.03468693028	1	300	A10	C2	1000	100	0	0.5	300	0.1
294	0.03560973493	0.03560973493	0	0.32	0.307	0.03560973493	0.03560973493	FGr	300	A10	C2	1000	100	0	0.5	300	0.1
295	0.03534780065	0.03534780065	0	0.317	0.321	0.03534780065	0.03534780065	NoCorrection	300	A10	C2	1000	100	0	0.5	300	0.1
296	0.03399930218	0.03399930218	0	0.335	0.336	0.03399930218	0.03399930218	ID	300	A10	C2	1000	100	0	0.5	300	0.1
297	0.00514404069500001	0.00514404069499999	0	0.903	0.895	0.00514404069500001	0.00514404069499999	1	300	A10	C2	1000	100	0	0.5	300	0.5
298	0.0129179461	0.0129179461	0	0.764	0.771	0.0129179461	0.0129179461	FGr	300	A10	C2	1000	100	0	0.5	300	0.5
299	0.01269842511	0.0126984251099999	0	0.755	0.778	0.01269842511	0.0126984251099999	NoCorrection	300	A10	C2	1000	100	0	0.5	300	0.5
300	0.00289089527999999	0.00289089528000003	0	0.947	0.949	0.00289089527999999	0.00289089528000003	ID	300	A10	C2	1000	100	0	0.5	300	0.5
301	-0.000400876960000065	-0.000400876960000032	0	0.994	0.988	-0.000400876960000065	-0.000400876960000032	1	300	A10	C2	1000	100	0	0.5	300	1
302	0.0147520171049999	0.0147520171049999	0	0.799	0.784	0.0147520171049999	0.0147520171049999	FGr	300	A10	C2	1000	100	0	0.5	300	1
303	0.014480922565	0.014480922565	0	0.78	0.824	0.014480922565	0.014480922565	NoCorrection	300	A10	C2	1000	100	0	0.5	300	1
304	-0.00333973948500006	-0.00333973948500004	0	0.911	0.929	-0.00333973948500006	-0.00333973948500004	ID	300	A10	C2	1000	100	0	0.5	300	1
305	0.050434360593	0.031685051	0	0.234	0.599	0.050434360593	0.031685051	1	1000	A10	C2	1000	100	0	0.5	300	0
306	0.0504148300437	0.039227782	0	0.208	0.513	0.0504148300437	0.039227782	FGr	1000	A10	C2	1000	100	0	0.5	300	0
307	0.048652912155	0.039876216	0	0.242	0.505	0.048652912155	0.039876216	NoCorrection	1000	A10	C2	1000	100	0	0.5	300	0
308	0.051201769775	0.028190722	0	0.235	0.625	0.051201769775	0.028190722	ID	1000	A10	C2	1000	100	0	0.5	300	0
309	0.019904542505	-0.00922661700000002	0	0.599	0.876	0.019904542505	-0.00922661700000002	1	1000	A10	C2	1000	100	0	0.5	300	0.1
310	0.0165272534	-0.00959445550000002	0	0.667	0.868	0.0165272534	-0.00959445550000002	FGr	1000	A10	C2	1000	100	0	0.5	300	0.1
311	0.01724131239	-0.00837315550000003	0	0.635	0.889	0.01724131239	-0.00837315550000003	NoCorrection	1000	A10	C2	1000	100	0	0.5	300	0.1
312	0.021498602587	-0.0108938549999999	0	0.556	0.843	0.021498602587	-0.0108938549999999	ID	1000	A10	C2	1000	100	0	0.5	300	0.1
313	-0.12431906181	-0.0817114645	0	0	0.183	-0.12431906181	-0.0817114645	1	1000	A10	C2	1000	100	0	0.5	300	0.5
314	-0.142034901615	-0.1132394405	0	0.001	0.096	-0.142034901615	-0.1132394405	FGr	1000	A10	C2	1000	100	0	0.5	300	0.5
315	-0.141346629595	-0.1164094545	0	0.001	0.086	-0.141346629595	-0.1164094545	NoCorrection	1000	A10	C2	1000	100	0	0.5	300	0.5
316	-0.1141973678385	-0.062185429	0	0.004	0.318	-0.1141973678385	-0.062185429	ID	1000	A10	C2	1000	100	0	0.5	300	0.5
317	-0.01757970343	-0.02432605	0	0.633	0.679	-0.01757970343	-0.02432605	1	1000	A10	C2	1000	100	0	0.5	300	1
318	-0.048676346298	-0.00867010350000003	0	0.381	0.909	-0.048676346298	-0.00867010350000003	FGr	1000	A10	C2	1000	100	0	0.5	300	1
319	-0.051010356395	-0.00276933100000003	0	0.364	0.969	-0.051010356395	-0.00276933100000003	NoCorrection	1000	A10	C2	1000	100	0	0.5	300	1
320	0.00258623648	0.0125063905	0	0.937	0.818	0.00258623648	0.0125063905	ID	1000	A10	C2	1000	100	0	0.5	300	1
321	-0.00344258236999988	-0.0300789869999999	0	0.926	0.759	-0.00344258236999988	-0.0300789869999999	1	10000	A10	C2	1000	100	0	0.5	300	0
322	-0.00158707709999997	-0.07500215	0	0.957	0.376	-0.00158707709999997	-0.07500215	FGr	10000	A10	C2	1000	100	0	0.5	300	0
323	-0.00360073156000007	-0.0175165574999999	0	0.906	0.844	-0.00360073156000007	-0.0175165574999999	NoCorrection	10000	A10	C2	1000	100	0	0.5	300	0
324	-0.00321296332500001	-0.0380112894999999	0	0.92	0.697	-0.00321296332500001	-0.0380112894999999	ID	10000	A10	C2	1000	100	0	0.5	300	0
325	-0.05672574964	-0.112901449	0	0.13	0.176	-0.05672574964	-0.112901449	1	10000	A10	C2	1000	100	0	0.5	300	0.1
326	-0.054597731425	-0.0578172700000001	0	0.134	0.496	-0.054597731425	-0.0578172700000001	FGr	10000	A10	C2	1000	100	0	0.5	300	0.1
327	-0.05600791467	-0.0668883255	0	0.125	0.457	-0.05600791467	-0.0668883255	NoCorrection	10000	A10	C2	1000	100	0	0.5	300	0.1
328	-0.057500682835	-0.1126165405	0	0.101	0.176	-0.057500682835	-0.1126165405	ID	10000	A10	C2	1000	100	0	0.5	300	0.1
329	-0.012766040465	0.027274215	0	0.719	0.768	-0.012766040465	0.027274215	1	10000	A10	C2	1000	100	0	0.5	300	0.5
330	-0.013935963375	0.02844316	0	0.695	0.791	-0.013935963375	0.02844316	FGr	10000	A10	C2	1000	100	0	0.5	300	0.5
331	-0.01257714332	0.0205184699999999	0	0.716	0.853	-0.01257714332	0.0205184699999999	NoCorrection	10000	A10	C2	1000	100	0	0.5	300	0.5
332	-0.015571694125	0.05339621	0	0.612	0.535	-0.015571694125	0.05339621	ID	10000	A10	C2	1000	100	0	0.5	300	0.5
333	-0.018461657855	-0.034616637	0	0.561	0.72	-0.018461657855	-0.034616637	1	10000	A10	C2	1000	100	0	0.5	300	1
334	-0.0155208584	-0.00448663500000009	0	0.764	0.961	-0.0155208584	-0.00448663500000009	FGr	10000	A10	C2	1000	100	0	0.5	300	1
335	-0.01717605375	0.0442256850000004	0	0.756	0.746	-0.01717605375	0.0442256850000004	NoCorrection	10000	A10	C2	1000	100	0	0.5	300	1
336	-0.02327610555	-0.076362008	0	0.482	0.429	-0.02327610555	-0.076362008	ID	10000	A10	C2	1000	100	0	0.5	300	1
337	0.0181839719725	0.0181839719725	0	0.391	0.424	0.0181839719725	0.0181839719725	1	300	A10	C2	1000	1000	0	0.5	300	0
338	0.0187357118359	0.0187357118359001	0	0.418	0.378	0.0187357118359	0.0187357118359001	FGr	300	A10	C2	1000	1000	0	0.5	300	0
339	0.018835021503	0.018835021503	0	0.391	0.399	0.018835021503	0.018835021503	NoCorrection	300	A10	C2	1000	1000	0	0.5	300	0
340	0.019035224391	0.019035224391	0	0.387	0.37	0.019035224391	0.019035224391	ID	300	A10	C2	1000	1000	0	0.5	300	0
341	-0.0180596685800001	-0.01805966858	0	0.415	0.435	-0.0180596685800001	-0.01805966858	1	300	A10	C2	1000	1000	0	0.5	300	0.1
342	-0.0192974546350001	-0.0192974546350001	0	0.4	0.375	-0.0192974546350001	-0.0192974546350001	FGr	300	A10	C2	1000	1000	0	0.5	300	0.1
343	-0.019235242458	-0.019235242458	0	0.415	0.437	-0.019235242458	-0.019235242458	NoCorrection	300	A10	C2	1000	1000	0	0.5	300	0.1
344	-0.0193471823960001	-0.0193471823960001	0	0.369	0.365	-0.0193471823960001	-0.0193471823960001	ID	300	A10	C2	1000	1000	0	0.5	300	0.1
345	-0.00529447600849997	-0.00529447600850001	0	0.789	0.81	-0.00529447600849997	-0.00529447600850001	1	300	A10	C2	1000	1000	0	0.5	300	0.5
346	0.00089515473899989	0.000895154738999902	0	0.956	0.969	0.00089515473899989	0.000895154738999902	FGr	300	A10	C2	1000	1000	0	0.5	300	0.5
347	0.00102238973049986	0.00102238973049974	0	0.955	0.952	0.00102238973049986	0.00102238973049974	NoCorrection	300	A10	C2	1000	1000	0	0.5	300	0.5
348	0.000878427235400008	0.000878427235399961	0	0.962	0.964	0.000878427235400008	0.000878427235399961	ID	300	A10	C2	1000	1000	0	0.5	300	0.5
349	0.00681229060799997	0.00681229060799997	0	0.729	0.745	0.00681229060799997	0.00681229060799997	1	300	A10	C2	1000	1000	0	0.5	300	1
350	0.0233704558279999	0.0233704558279998	0	0.434	0.435	0.0233704558279999	0.0233704558279998	FGr	300	A10	C2	1000	1000	0	0.5	300	1
351	0.0233571771900001	0.0233571771900001	0	0.41	0.42	0.0233571771900001	0.0233571771900001	NoCorrection	300	A10	C2	1000	1000	0	0.5	300	1
352	0.02313873215	0.02313873215	0	0.224	0.246	0.02313873215	0.02313873215	ID	300	A10	C2	1000	1000	0	0.5	300	1
353	-0.0176998292957	-0.00898309010000013	0	0.399	0.805	-0.0176998292957	-0.00898309010000013	1	1000	A10	C2	1000	1000	0	0.5	300	0
354	-0.0172637108715	-0.00877628295000015	0	0.422	0.791	-0.0172637108715	-0.00877628295000015	FGr	1000	A10	C2	1000	1000	0	0.5	300	0
355	-0.0173812268405	-0.00797824774999978	0	0.392	0.811	-0.0173812268405	-0.00797824774999978	NoCorrection	1000	A10	C2	1000	1000	0	0.5	300	0
356	-0.0175801553697	-0.00897507999999977	0	0.426	0.793	-0.0175801553697	-0.00897507999999977	ID	1000	A10	C2	1000	1000	0	0.5	300	0
357	-0.022997784155	-0.0216398796	0	0.396	0.603	-0.022997784155	-0.0216398796	1	1000	A10	C2	1000	1000	0	0.5	300	0.1
358	-0.0238482597430001	-0.0233662571	0	0.342	0.57	-0.0238482597430001	-0.0233662571	FGr	1000	A10	C2	1000	1000	0	0.5	300	0.1
359	-0.023694924715	-0.02946086995	0	0.369	0.423	-0.023694924715	-0.02946086995	NoCorrection	1000	A10	C2	1000	1000	0	0.5	300	0.1
360	-0.0226093841029999	-0.017261524	0	0.384	0.649	-0.0226093841029999	-0.017261524	ID	1000	A10	C2	1000	1000	0	0.5	300	0.1
361	-0.0192273369495001	0.0246745735	0	0.349	0.484	-0.0192273369495001	0.0246745735	1	1000	A10	C2	1000	1000	0	0.5	300	0.5
362	-0.0295421090399999	-0.0261624564	0	0.281	0.567	-0.0295421090399999	-0.0261624564	FGr	1000	A10	C2	1000	1000	0	0.5	300	0.5
363	-0.0296026677049999	-0.02319597295	0	0.297	0.595	-0.0296026677049999	-0.02319597295	NoCorrection	1000	A10	C2	1000	1000	0	0.5	300	0.5
364	-0.015677207501	0.0208006113000001	0	0.493	0.567	-0.015677207501	0.0208006113000001	ID	1000	A10	C2	1000	1000	0	0.5	300	0.5
365	-0.0315556849135	-0.0740609603499998	0	0.155	0.042	-0.0315556849135	-0.0740609603499998	1	1000	A10	C2	1000	1000	0	0.5	300	1
366	-0.05050767036	-0.129521485	0	0.198	0.023	-0.05050767036	-0.129521485	FGr	1000	A10	C2	1000	1000	0	0.5	300	1
367	-0.0504886005185001	-0.1287744395	0	0.208	0.033	-0.0504886005185001	-0.1287744395	NoCorrection	1000	A10	C2	1000	1000	0	0.5	300	1
368	-0.0217893490244999	-0.0772844406499999	0	0.346	0.036	-0.0217893490244999	-0.0772844406499999	ID	1000	A10	C2	1000	1000	0	0.5	300	1
369	0.0103672475149999	-0.0153791525500001	0	0.623	0.774	0.0103672475149999	-0.0153791525500001	1	10000	A10	C2	1000	1000	0	0.5	300	0
370	0.010056945436	-0.015717574	0	0.669	0.746	0.010056945436	-0.015717574	FGr	10000	A10	C2	1000	1000	0	0.5	300	0
371	0.00998474345650002	-0.0185356860000001	0	0.679	0.736	0.00998474345650002	-0.0185356860000001	NoCorrection	10000	A10	C2	1000	1000	0	0.5	300	0
372	0.010161288434	-0.0192703343499999	0	0.666	0.699	0.010161288434	-0.0192703343499999	ID	10000	A10	C2	1000	1000	0	0.5	300	0
373	0.027171383898	0.0653900770999999	0	0.264	0.203	0.027171383898	0.0653900770999999	1	10000	A10	C2	1000	1000	0	0.5	300	0.1
374	0.0256487401885001	0.04055596755	0	0.266	0.423	0.0256487401885001	0.04055596755	FGr	10000	A10	C2	1000	1000	0	0.5	300	0.1
375	0.0256502023924999	0.0404926553	0	0.281	0.43	0.0256502023924999	0.0404926553	NoCorrection	10000	A10	C2	1000	1000	0	0.5	300	0.1
376	0.0266930178565	0.0565733636500001	0	0.259	0.268	0.0266930178565	0.0565733636500001	ID	10000	A10	C2	1000	1000	0	0.5	300	0.1
377	-0.00248549042807509	-0.03936199975	0	0.926	0.435	-0.00248549042807509	-0.03936199975	1	10000	A10	C2	1000	1000	0	0.5	300	0.5
378	-0.00642258093919997	-0.0256320029999999	0	0.824	0.682	-0.00642258093919997	-0.0256320029999999	FGr	10000	A10	C2	1000	1000	0	0.5	300	0.5
379	-0.006356114099	-0.0790636880000001	0	0.83	0.219	-0.006356114099	-0.0790636880000001	NoCorrection	10000	A10	C2	1000	1000	0	0.5	300	0.5
380	-0.00405612639400005	-0.0543308822	0	0.87	0.319	-0.00405612639400005	-0.0543308822	ID	10000	A10	C2	1000	1000	0	0.5	300	0.5
381	0.0126381467090001	0.0235820355500002	0	0.557	0.661	0.0126381467090001	0.0235820355500002	1	10000	A10	C2	1000	1000	0	0.5	300	1
382	0.00463212213749989	0.0402133985000001	0	0.899	0.613	0.00463212213749989	0.0402133985000001	FGr	10000	A10	C2	1000	1000	0	0.5	300	1
383	0.00453017036800005	0.0364273495	0	0.89	0.671	0.00453017036800005	0.0364273495	NoCorrection	10000	A10	C2	1000	1000	0	0.5	300	1
384	0.00955621794825002	0.0275523848999998	0	0.648	0.61	0.00955621794825002	0.0275523848999998	ID	10000	A10	C2	1000	1000	0	0.5	300	1
385	-0.0102288773033597	-0.0102288773033597	0	0.58	0.576	-0.0102288773033597	-0.0102288773033597	1	300	A10	C2	1000	10000	0	0.5	300	0
386	-0.0112512221295504	-0.0112512221295504	0	0.506	0.543	-0.0112512221295504	-0.0112512221295504	FGr	300	A10	C2	1000	10000	0	0.5	300	0
387	-0.0113492028679505	-0.0113492028679505	0	0.549	0.511	-0.0113492028679505	-0.0113492028679505	NoCorrection	300	A10	C2	1000	10000	0	0.5	300	0
388	-0.0107955010889004	-0.0107955010889004	0	0.555	0.572	-0.0107955010889004	-0.0107955010889004	ID	300	A10	C2	1000	10000	0	0.5	300	0
389	-0.01197929999915	-0.01197929999915	0	0.605	0.566	-0.01197929999915	-0.01197929999915	1	300	A10	C2	1000	10000	0	0.5	300	0.1
390	-0.0136626251061298	-0.0136626251061298	0	0.528	0.529	-0.0136626251061298	-0.0136626251061298	FGr	300	A10	C2	1000	10000	0	0.5	300	0.1
391	-0.0136892880523999	-0.0136892880523999	0	0.524	0.556	-0.0136892880523999	-0.0136892880523999	NoCorrection	300	A10	C2	1000	10000	0	0.5	300	0.1
392	-0.0127266877000599	-0.0127266877000599	0	0.555	0.565	-0.0127266877000599	-0.0127266877000599	ID	300	A10	C2	1000	10000	0	0.5	300	0.1
393	-0.00263099176499963	-0.00263099176499962	0	0.877	0.897	-0.00263099176499963	-0.00263099176499962	1	300	A10	C2	1000	10000	0	0.5	300	0.5
394	-0.01245975727115	-0.01245975727115	0	0.51	0.52	-0.01245975727115	-0.01245975727115	FGr	300	A10	C2	1000	10000	0	0.5	300	0.5
395	-0.0129694163059001	-0.0129694163059001	0	0.53	0.516	-0.0129694163059001	-0.0129694163059001	NoCorrection	300	A10	C2	1000	10000	0	0.5	300	0.5
396	-0.00443267595939987	-0.00443267595939986	0	0.822	0.803	-0.00443267595939987	-0.00443267595939986	ID	300	A10	C2	1000	10000	0	0.5	300	0.5
397	0.0302399791047001	0.0302399791047001	0	0.121	0.11	0.0302399791047001	0.0302399791047001	1	300	A10	C2	1000	10000	0	0.5	300	1
398	0.01042797238815	0.01042797238815	0	0.676	0.664	0.01042797238815	0.01042797238815	FGr	300	A10	C2	1000	10000	0	0.5	300	1
399	0.0109309712778	0.0109309712778	0	0.64	0.642	0.0109309712778	0.0109309712778	NoCorrection	300	A10	C2	1000	10000	0	0.5	300	1
400	0.0261302505778	0.0261302505778001	0	0.164	0.15	0.0261302505778	0.0261302505778001	ID	300	A10	C2	1000	10000	0	0.5	300	1
401	0.0120774087751999	0.024891983955	0	0.53	0.441	0.0120774087751999	0.024891983955	1	1000	A10	C2	1000	10000	0	0.5	300	0
402	0.0248146796709499	0.0303720871199999	0	0.189	0.341	0.0248146796709499	0.0303720871199999	FGr	1000	A10	C2	1000	10000	0	0.5	300	0
403	0.02389744186355	0.0310084332250001	0	0.223	0.347	0.02389744186355	0.0310084332250001	NoCorrection	1000	A10	C2	1000	10000	0	0.5	300	0
404	0.01320751188277	0.026666135275	0	0.439	0.407	0.01320751188277	0.026666135275	ID	1000	A10	C2	1000	10000	0	0.5	300	0
405	-0.00533129855817531	-0.0353871980199993	0	0.809	0.253	-0.00533129855817531	-0.0353871980199993	1	1000	A10	C2	1000	10000	0	0.5	300	0.1
406	0.0015306314789003	-0.0386486994499999	0	0.933	0.194	0.0015306314789003	-0.0386486994499999	FGr	1000	A10	C2	1000	10000	0	0.5	300	0.1
407	0.0031177099342004	-0.0380647493750006	0	0.886	0.23	0.0031177099342004	-0.0380647493750006	NoCorrection	1000	A10	C2	1000	10000	0	0.5	300	0.1
408	-0.00686901740534985	-0.0343418904450002	0	0.735	0.263	-0.00686901740534985	-0.0343418904450002	ID	1000	A10	C2	1000	10000	0	0.5	300	0.1
409	-0.0163184527052499	0.0184298688399996	0	0.434	0.589	-0.0163184527052499	0.0184298688399996	1	1000	A10	C2	1000	10000	0	0.5	300	0.5
410	0.01885949418095	0.0192486721050006	0	0.374	0.605	0.01885949418095	0.0192486721050006	FGr	1000	A10	C2	1000	10000	0	0.5	300	0.5
411	0.01764080458835	0.0181584374449994	0	0.414	0.623	0.01764080458835	0.0181584374449994	NoCorrection	1000	A10	C2	1000	10000	0	0.5	300	0.5
412	-0.0214327266874951	0.00874418517499991	0	0.318	0.78	-0.0214327266874951	0.00874418517499991	ID	1000	A10	C2	1000	10000	0	0.5	300	0.5
413	-0.0126797692965001	0.0243107022500001	0	0.565	0.461	-0.0126797692965001	0.0243107022500001	1	1000	A10	C2	1000	10000	0	0.5	300	1
414	0.0472821861413598	0.0995934005950001	0	0.111	0.025	0.0472821861413598	0.0995934005950001	FGr	1000	A10	C2	1000	10000	0	0.5	300	1
415	0.0468400319675496	0.10282448546	0	0.114	0.018	0.0468400319675496	0.10282448546	NoCorrection	1000	A10	C2	1000	10000	0	0.5	300	1
416	-0.0221185450076003	0.0195564754200001	0	0.302	0.561	-0.0221185450076003	0.0195564754200001	ID	1000	A10	C2	1000	10000	0	0.5	300	1
417	0.01636405862685	-0.023212026175	0	0.365	0.619	0.01636405862685	-0.023212026175	1	10000	A10	C2	1000	10000	0	0.5	300	0
418	0.0162228559336	-0.0414706938799999	0	0.37	0.396	0.0162228559336	-0.0414706938799999	FGr	10000	A10	C2	1000	10000	0	0.5	300	0
419	0.0163901647963	-0.0326283612	0	0.383	0.486	0.0163901647963	-0.0326283612	NoCorrection	10000	A10	C2	1000	10000	0	0.5	300	0
420	0.016258323729412	-0.0217733729950004	0	0.396	0.628	0.016258323729412	-0.0217733729950004	ID	10000	A10	C2	1000	10000	0	0.5	300	0
421	0.0111407510243498	-0.00588562103500017	0	0.521	0.913	0.0111407510243498	-0.00588562103500017	1	10000	A10	C2	1000	10000	0	0.5	300	0.1
422	0.0111200241392002	-0.0164850374750002	0	0.52	0.709	0.0111200241392002	-0.0164850374750002	FGr	10000	A10	C2	1000	10000	0	0.5	300	0.1
423	0.0110554452051006	-0.00407131040499983	0	0.527	0.93	0.0110554452051006	-0.00407131040499983	NoCorrection	10000	A10	C2	1000	10000	0	0.5	300	0.1
424	0.0111609189615001	-0.00501572614499985	0	0.533	0.928	0.0111609189615001	-0.00501572614499985	ID	10000	A10	C2	1000	10000	0	0.5	300	0.1
425	-0.01123537281864	-0.0473041198500002	0	0.63	0.336	-0.01123537281864	-0.0473041198500002	1	10000	A10	C2	1000	10000	0	0.5	300	0.5
426	-0.01305136678455	0.0565395780500001	0	0.613	0.331	-0.01305136678455	0.0565395780500001	FGr	10000	A10	C2	1000	10000	0	0.5	300	0.5
427	-0.01235927551175	0.0698374237999999	0	0.65	0.222	-0.01235927551175	0.0698374237999999	NoCorrection	10000	A10	C2	1000	10000	0	0.5	300	0.5
428	-0.010713124709	-0.0282459899350002	0	0.623	0.562	-0.010713124709	-0.0282459899350002	ID	10000	A10	C2	1000	10000	0	0.5	300	0.5
429	0.00266464541665	0.0222806431200001	0	0.854	0.631	0.00266464541665	0.0222806431200001	1	10000	A10	C2	1000	10000	0	0.5	300	1
430	0.000684417834799984	-0.0295167693999987	0	0.984	0.666	0.000684417834799984	-0.0295167693999987	FGr	10000	A10	C2	1000	10000	0	0.5	300	1
431	0.000827277991100034	-0.0390956282500007	0	0.968	0.549	0.000827277991100034	-0.0390956282500007	NoCorrection	10000	A10	C2	1000	10000	0	0.5	300	1
432	0.00352208290365003	0.03713938384	0	0.814	0.452	0.00352208290365003	0.03713938384	ID	10000	A10	C2	1000	10000	0	0.5	300	1
433	-0.0040091585965	-0.0040091585965	0	0.67	0.687	-0.0040091585965	-0.0040091585965	1	300	A10	C2	10000	100	0	0.5	300	0
434	-0.003066843195	-0.00306684319499999	0	0.763	0.753	-0.003066843195	-0.00306684319499999	FGr	300	A10	C2	10000	100	0	0.5	300	0
435	-0.00338113691999999	-0.00338113692	0	0.727	0.728	-0.00338113691999999	-0.00338113692	NoCorrection	300	A10	C2	10000	100	0	0.5	300	0
436	-0.00396451121200001	-0.003964511212	0	0.708	0.693	-0.00396451121200001	-0.003964511212	ID	300	A10	C2	10000	100	0	0.5	300	0
437	-0.01484752349	-0.01484752349	0	0.179	0.157	-0.01484752349	-0.01484752349	1	300	A10	C2	10000	100	0	0.5	300	0.1
438	-0.0171112987	-0.0171112987	0	0.135	0.128	-0.0171112987	-0.0171112987	FGr	300	A10	C2	10000	100	0	0.5	300	0.1
439	-0.01713096227	-0.01713096227	0	0.144	0.125	-0.01713096227	-0.01713096227	NoCorrection	300	A10	C2	10000	100	0	0.5	300	0.1
440	-0.014376239845	-0.014376239845	0	0.175	0.173	-0.014376239845	-0.014376239845	ID	300	A10	C2	10000	100	0	0.5	300	0.1
441	-0.010133220819	-0.010133220819	0	0.318	0.319	-0.010133220819	-0.010133220819	1	300	A10	C2	10000	100	0	0.5	300	0.5
442	-0.020953412295	-0.020953412295	0	0.392	0.376	-0.020953412295	-0.020953412295	FGr	300	A10	C2	10000	100	0	0.5	300	0.5
443	-0.02131925128	-0.02131925128	0	0.342	0.336	-0.02131925128	-0.02131925128	NoCorrection	300	A10	C2	10000	100	0	0.5	300	0.5
444	-0.00962152581819999	-0.0096215258182	0	0.348	0.352	-0.00962152581819999	-0.0096215258182	ID	300	A10	C2	10000	100	0	0.5	300	0.5
445	-0.0064158659725	-0.0064158659725	0	0.564	0.571	-0.0064158659725	-0.0064158659725	1	300	A10	C2	10000	100	0	0.5	300	1
446	-0.03017361459	-0.03017361459	0	0.417	0.419	-0.03017361459	-0.03017361459	FGr	300	A10	C2	10000	100	0	0.5	300	1
447	-0.03036579968	-0.03036579968	0	0.412	0.434	-0.03036579968	-0.03036579968	NoCorrection	300	A10	C2	10000	100	0	0.5	300	1
448	-0.00562344903175	-0.00562344903174999	0	0.578	0.559	-0.00562344903175	-0.00562344903174999	ID	300	A10	C2	10000	100	0	0.5	300	1
449	0.00377140272000002	0.00284262150000004	0	0.714	0.875	0.00377140272000002	0.00284262150000004	1	1000	A10	C2	10000	100	0	0.5	300	0
450	0.00360408017699998	-0.00151291949999998	0	0.707	0.94	0.00360408017699998	-0.00151291949999998	FGr	1000	A10	C2	10000	100	0	0.5	300	0
451	0.00380991272600002	9.79649999999466e-05	0	0.696	0.998	0.00380991272600002	9.79649999999466e-05	NoCorrection	1000	A10	C2	10000	100	0	0.5	300	0
452	0.00397819168000001	-0.00287711699999997	0	0.717	0.909	0.00397819168000001	-0.00287711699999997	ID	1000	A10	C2	10000	100	0	0.5	300	0
453	-0.0029959646	-0.019162638	0	0.783	0.334	-0.0029959646	-0.019162638	1	1000	A10	C2	10000	100	0	0.5	300	0.1
454	-0.00205823462899999	-0.0149062195	0	0.85	0.449	-0.00205823462899999	-0.0149062195	FGr	1000	A10	C2	10000	100	0	0.5	300	0.1
455	-0.00226017485599999	-0.014569104	0	0.843	0.464	-0.00226017485599999	-0.014569104	NoCorrection	1000	A10	C2	10000	100	0	0.5	300	0.1
456	-0.0030064242755	-0.019171112	0	0.801	0.311	-0.0030064242755	-0.019171112	ID	1000	A10	C2	10000	100	0	0.5	300	0.1
457	0.025774217095	0.0153449005	0	0.013	0.371	0.025774217095	0.0153449005	1	1000	A10	C2	10000	100	0	0.5	300	0.5
458	0.030602214365	0.032334514	0	0.169	0.373	0.030602214365	0.032334514	FGr	1000	A10	C2	10000	100	0	0.5	300	0.5
459	0.030498219233	0.032263927	0	0.191	0.359	0.030498219233	0.032263927	NoCorrection	1000	A10	C2	10000	100	0	0.5	300	0.5
460	0.025795036554	0.0222472685	0	0.012	0.225	0.025795036554	0.0222472685	ID	1000	A10	C2	10000	100	0	0.5	300	0.5
461	0.02203642639	0.0161114785	0	0.057	0.398	0.02203642639	0.0161114785	1	1000	A10	C2	10000	100	0	0.5	300	1
462	0.032317228566594	0.0212211875	0	0.459	0.753	0.032317228566594	0.0212211875	FGr	1000	A10	C2	10000	100	0	0.5	300	1
463	0.032115844405	0.0211383745	0	0.471	0.749	0.032115844405	0.0211383745	NoCorrection	1000	A10	C2	10000	100	0	0.5	300	1
464	0.022304550834	0.025909037	0	0.031	0.17	0.022304550834	0.025909037	ID	1000	A10	C2	10000	100	0	0.5	300	1
465	0.00638532024303999	0.0139310865	0	0.484	0.621	0.00638532024303999	0.0139310865	1	10000	A10	C2	10000	100	0	0.5	300	0
466	0.00656701953499998	0.014549935	0	0.497	0.604	0.00656701953499998	0.014549935	FGr	10000	A10	C2	10000	100	0	0.5	300	0
467	0.00655447103999999	0.0145018694999999	0	0.473	0.596	0.00655447103999999	0.0145018694999999	NoCorrection	10000	A10	C2	10000	100	0	0.5	300	0
468	0.00638861355899997	0.00910823200000005	0	0.495	0.733	0.00638861355899997	0.00910823200000005	ID	10000	A10	C2	10000	100	0	0.5	300	0
469	-0.002786952435	-0.0446278495	0	0.79	0.101	-0.002786952435	-0.0446278495	1	10000	A10	C2	10000	100	0	0.5	300	0.1
470	-0.000513647576999977	-0.00355035299999999	0	0.963	0.915	-0.000513647576999977	-0.00355035299999999	FGr	10000	A10	C2	10000	100	0	0.5	300	0.1
471	-0.000542948539999997	-0.00275703599999999	0	0.966	0.929	-0.000542948539999997	-0.00275703599999999	NoCorrection	10000	A10	C2	10000	100	0	0.5	300	0.1
472	-0.00294426539500002	-0.040825207	0	0.801	0.148	-0.00294426539500002	-0.040825207	ID	10000	A10	C2	10000	100	0	0.5	300	0.1
473	-0.00532220026200001	-0.0637517165	0	0.599	0.023	-0.00532220026200001	-0.0637517165	1	10000	A10	C2	10000	100	0	0.5	300	0.5
474	0.005405254605	-0.0524951045	0	0.794	0.366	0.005405254605	-0.0524951045	FGr	10000	A10	C2	10000	100	0	0.5	300	0.5
475	0.00543697226400001	-0.052408063	0	0.793	0.358	0.00543697226400001	-0.052408063	NoCorrection	10000	A10	C2	10000	100	0	0.5	300	0.5
476	-0.00576640317	-0.0590053145	0	0.592	0.035	-0.00576640317	-0.0590053145	ID	10000	A10	C2	10000	100	0	0.5	300	0.5
477	-0.018874831875	0.0209283495	0	0.051	0.416	-0.018874831875	0.0209283495	1	10000	A10	C2	10000	100	0	0.5	300	1
478	0.002213451915	-0.024799485	0	0.95	0.79	0.002213451915	-0.024799485	FGr	10000	A10	C2	10000	100	0	0.5	300	1
479	0.00215437209000001	-0.0269490800000002	0	0.953	0.741	0.00215437209000001	-0.0269490800000002	NoCorrection	10000	A10	C2	10000	100	0	0.5	300	1
480	-0.0198578403	0.017567328	0	0.032	0.49	-0.0198578403	0.017567328	ID	10000	A10	C2	10000	100	0	0.5	300	1
481	-0.00115623425595003	-0.00115623425595004	0	0.88	0.876	-0.00115623425595003	-0.00115623425595004	1	300	A10	C2	10000	1000	0	0.5	300	0
482	-0.00161362620474996	-0.00161362620474995	0	0.806	0.808	-0.00161362620474996	-0.00161362620474995	FGr	300	A10	C2	10000	1000	0	0.5	300	0
483	-0.00158695779690001	-0.0015869577969	0	0.821	0.801	-0.00158695779690001	-0.0015869577969	NoCorrection	300	A10	C2	10000	1000	0	0.5	300	0
484	-0.00107751030160003	-0.00107751030160002	0	0.874	0.867	-0.00107751030160003	-0.00107751030160002	ID	300	A10	C2	10000	1000	0	0.5	300	0
485	-0.00299201143005006	-0.00299201143005005	0	0.677	0.68	-0.00299201143005006	-0.00299201143005005	1	300	A10	C2	10000	1000	0	0.5	300	0.1
486	-0.00366010994604998	-0.00366010994604996	0	0.626	0.608	-0.00366010994604998	-0.00366010994604996	FGr	300	A10	C2	10000	1000	0	0.5	300	0.1
487	-0.00364883735270001	-0.00364883735270001	0	0.628	0.628	-0.00364883735270001	-0.00364883735270001	NoCorrection	300	A10	C2	10000	1000	0	0.5	300	0.1
488	-0.00237037196375013	-0.00237037196375013	0	0.735	0.746	-0.00237037196375013	-0.00237037196375013	ID	300	A10	C2	10000	1000	0	0.5	300	0.1
489	-0.0039509104379999	-0.0039509104379999	0	0.608	0.612	-0.0039509104379999	-0.0039509104379999	1	300	A10	C2	10000	1000	0	0.5	300	0.5
490	-0.00866436731249007	-0.00866436731248997	0	0.545	0.577	-0.00866436731249007	-0.00866436731248997	FGr	300	A10	C2	10000	1000	0	0.5	300	0.5
491	-0.00866803544167996	-0.00866803544168007	0	0.571	0.542	-0.00866803544167996	-0.00866803544168007	NoCorrection	300	A10	C2	10000	1000	0	0.5	300	0.5
492	-0.00283983820199998	-0.00283983820199997	0	0.713	0.724	-0.00283983820199998	-0.00283983820199997	ID	300	A10	C2	10000	1000	0	0.5	300	0.5
493	4.1669888410012e-05	4.16698884100219e-05	0	0.994	0.996	4.1669888410012e-05	4.16698884100219e-05	1	300	A10	C2	10000	1000	0	0.5	300	1
494	-0.00979718481599984	-0.00979718481599984	0	0.701	0.715	-0.00979718481599984	-0.00979718481599984	FGr	300	A10	C2	10000	1000	0	0.5	300	1
495	-0.00968104742149985	-0.00968104742149988	0	0.742	0.693	-0.00968104742149985	-0.00968104742149988	NoCorrection	300	A10	C2	10000	1000	0	0.5	300	1
496	0.0022116775928	0.00221167759279999	0	0.75	0.736	0.0022116775928	0.00221167759279999	ID	300	A10	C2	10000	1000	0	0.5	300	1
497	0.00485450514634997	-0.0194253405	0	0.467	0.081	0.00485450514634997	-0.0194253405	1	1000	A10	C2	10000	1000	0	0.5	300	0
498	0.00500299267650006	-0.01752529705	0	0.467	0.154	0.00500299267650006	-0.01752529705	FGr	1000	A10	C2	10000	1000	0	0.5	300	0
499	0.0048377694622	-0.0191742303	0	0.443	0.089	0.0048377694622	-0.0191742303	NoCorrection	1000	A10	C2	10000	1000	0	0.5	300	0
500	0.00484347491095001	-0.02003543095	0	0.435	0.079	0.00484347491095001	-0.02003543095	ID	1000	A10	C2	10000	1000	0	0.5	300	0
501	-0.0054516110654	-0.0133553819	0	0.411	0.228	-0.0054516110654	-0.0133553819	1	1000	A10	C2	10000	1000	0	0.5	300	0.1
502	-0.0049474834217	-0.01263634265	0	0.506	0.258	-0.0049474834217	-0.01263634265	FGr	1000	A10	C2	10000	1000	0	0.5	300	0.1
503	-0.004912330228	-0.01259595115	0	0.531	0.259	-0.004912330228	-0.01259595115	NoCorrection	1000	A10	C2	10000	1000	0	0.5	300	0.1
504	-0.0050779454764	-0.01338210125	0	0.467	0.223	-0.0050779454764	-0.01338210125	ID	1000	A10	C2	10000	1000	0	0.5	300	0.1
505	0.000783010559150001	0.01078168195	0	0.879	0.321	0.000783010559150001	0.01078168195	1	1000	A10	C2	10000	1000	0	0.5	300	0.5
506	0.00328802496899998	0.0161062838	0	0.801	0.458	0.00328802496899998	0.0161062838	FGr	1000	A10	C2	10000	1000	0	0.5	300	0.5
507	0.00348790687759999	0.0161846461	0	0.786	0.449	0.00348790687759999	0.0161846461	NoCorrection	1000	A10	C2	10000	1000	0	0.5	300	0.5
508	0.00263754126400001	0.0151938286500001	0	0.683	0.187	0.00263754126400001	0.0151938286500001	ID	1000	A10	C2	10000	1000	0	0.5	300	0.5
509	-0.0105086525775	-0.00681619069999997	0	0.124	0.528	-0.0105086525775	-0.00681619069999997	1	1000	A10	C2	10000	1000	0	0.5	300	1
510	-0.0047450245585	0.0244856800499999	0	0.865	0.512	-0.0047450245585	0.0244856800499999	FGr	1000	A10	C2	10000	1000	0	0.5	300	1
511	-0.00475375937549999	0.0244822913	0	0.85	0.523	-0.00475375937549999	0.0244822913	NoCorrection	1000	A10	C2	10000	1000	0	0.5	300	1
512	-0.00666713085125	-0.00815192995	0	0.313	0.482	-0.00666713085125	-0.00815192995	ID	1000	A10	C2	10000	1000	0	0.5	300	1
513	0.00336808572899996	-0.01254322465	0	0.677	0.538	0.00336808572899996	-0.01254322465	1	10000	A10	C2	10000	1000	0	0.5	300	0
514	0.00126976151915003	-0.0103727407500001	0	0.887	0.588	0.00126976151915003	-0.0103727407500001	FGr	10000	A10	C2	10000	1000	0	0.5	300	0
515	0.00125620497159999	-0.0103768034000001	0	0.871	0.612	0.00125620497159999	-0.0103768034000001	NoCorrection	10000	A10	C2	10000	1000	0	0.5	300	0
516	0.00330064406899998	-0.0114125539500002	0	0.69	0.523	0.00330064406899998	-0.0114125539500002	ID	10000	A10	C2	10000	1000	0	0.5	300	0
517	0.0110663297155	-0.00114195859999998	0	0.084	0.95	0.0110663297155	-0.00114195859999998	1	10000	A10	C2	10000	1000	0	0.5	300	0.1
518	0.0169657006362	-0.0206990562999999	0	0.013	0.24	0.0169657006362	-0.0206990562999999	FGr	10000	A10	C2	10000	1000	0	0.5	300	0.1
519	0.016900589146	-0.0207228367	0	0.014	0.241	0.016900589146	-0.0207228367	NoCorrection	10000	A10	C2	10000	1000	0	0.5	300	0.1
520	0.0109492253425	-0.00182372635	0	0.091	0.906	0.0109492253425	-0.00182372635	ID	10000	A10	C2	10000	1000	0	0.5	300	0.1
521	-0.00431581825115	-0.0335893359999999	0	0.484	0.072	-0.00431581825115	-0.0335893359999999	1	10000	A10	C2	10000	1000	0	0.5	300	0.5
522	0.0253584230708	-0.0234677264999999	0	0.04	0.445	0.0253584230708	-0.0234677264999999	FGr	10000	A10	C2	10000	1000	0	0.5	300	0.5
523	0.0255725439665001	-0.02699426465	0	0.033	0.382	0.0255725439665001	-0.02699426465	NoCorrection	10000	A10	C2	10000	1000	0	0.5	300	0.5
524	-0.00416534528750004	-0.0364620495500001	0	0.505	0.043	-0.00416534528750004	-0.0364620495500001	ID	10000	A10	C2	10000	1000	0	0.5	300	0.5
525	0.0059228388965	0.0201861697	0	0.368	0.206	0.0059228388965	0.0201861697	1	10000	A10	C2	10000	1000	0	0.5	300	1
526	0.0669071536684	-0.0484334590000003	0	0.006	0.366	0.0669071536684	-0.0484334590000003	FGr	10000	A10	C2	10000	1000	0	0.5	300	1
527	0.06715111449	-0.0460859255000003	0	0.003	0.424	0.06715111449	-0.0460859255000003	NoCorrection	10000	A10	C2	10000	1000	0	0.5	300	1
528	0.00647731437750005	0.0126185522000002	0	0.321	0.425	0.00647731437750005	0.0126185522000002	ID	10000	A10	C2	10000	1000	0	0.5	300	1
529	0.01337800681261	0.01337800681261	0	0.034	0.026	0.01337800681261	0.01337800681261	1	300	A10	C2	10000	10000	0	0.5	300	0
530	0.0134220578539099	0.0134220578539099	0	0.037	0.035	0.0134220578539099	0.0134220578539099	FGr	300	A10	C2	10000	10000	0	0.5	300	0
531	0.01342895511967	0.01342895511967	0	0.041	0.043	0.01342895511967	0.01342895511967	NoCorrection	300	A10	C2	10000	10000	0	0.5	300	0
532	0.0135938213869205	0.0135938213869205	0	0.03	0.038	0.0135938213869205	0.0135938213869205	ID	300	A10	C2	10000	10000	0	0.5	300	0
533	0.00133963596230002	0.00133963596230002	0	0.842	0.854	0.00133963596230002	0.00133963596230002	1	300	A10	C2	10000	10000	0	0.5	300	0.1
534	0.00372959857872506	0.00372959857872506	0	0.594	0.576	0.00372959857872506	0.00372959857872506	FGr	300	A10	C2	10000	10000	0	0.5	300	0.1
535	0.00374927508262993	0.00374927508262992	0	0.567	0.622	0.00374927508262993	0.00374927508262992	NoCorrection	300	A10	C2	10000	10000	0	0.5	300	0.1
536	0.000851406515099991	0.000851406515099988	0	0.882	0.905	0.000851406515099991	0.000851406515099988	ID	300	A10	C2	10000	10000	0	0.5	300	0.1
537	-6.8422637774803e-05	-6.84226377748278e-05	0	0.996	0.995	-6.8422637774803e-05	-6.84226377748278e-05	1	300	A10	C2	10000	10000	0	0.5	300	0.5
538	0.0188019094297502	0.0188019094297502	0	0.176	0.179	0.0188019094297502	0.0188019094297502	FGr	300	A10	C2	10000	10000	0	0.5	300	0.5
539	0.0188789091354	0.0188789091354001	0	0.17	0.179	0.0188789091354	0.0188789091354001	NoCorrection	300	A10	C2	10000	10000	0	0.5	300	0.5
540	0.00166243304700017	0.00166243304700016	0	0.81	0.806	0.00166243304700017	0.00166243304700016	ID	300	A10	C2	10000	10000	0	0.5	300	0.5
541	-0.00753847977754997	-0.00753847977754996	0	0.302	0.3	-0.00753847977754997	-0.00753847977754996	1	300	A10	C2	10000	10000	0	0.5	300	1
542	0.0273420144647997	0.0273420144647998	0	0.279	0.254	0.0273420144647997	0.0273420144647998	FGr	300	A10	C2	10000	10000	0	0.5	300	1
543	0.0274831950180995	0.0274831950180995	0	0.261	0.276	0.0274831950180995	0.0274831950180995	NoCorrection	300	A10	C2	10000	10000	0	0.5	300	1
544	-0.00476679572654495	-0.00476679572654495	0	0.487	0.45	-0.00476679572654495	-0.00476679572654495	ID	300	A10	C2	10000	10000	0	0.5	300	1
545	-0.00870312384975898	-0.012116128115	0	0.105	0.175	-0.00870312384975898	-0.012116128115	1	1000	A10	C2	10000	10000	0	0.5	300	0
546	-0.00846384997817477	-0.0129768379700004	0	0.106	0.159	-0.00846384997817477	-0.0129768379700004	FGr	1000	A10	C2	10000	10000	0	0.5	300	0
547	-0.00855726687980001	-0.0131186168149997	0	0.104	0.141	-0.00855726687980001	-0.0131186168149997	NoCorrection	1000	A10	C2	10000	10000	0	0.5	300	0
548	-0.00888344837886499	-0.0132574358149998	0	0.103	0.146	-0.00888344837886499	-0.0132574358149998	ID	1000	A10	C2	10000	10000	0	0.5	300	0
549	0.00622305269666516	-0.00455243368499989	0	0.286	0.651	0.00622305269666516	-0.00455243368499989	1	1000	A10	C2	10000	10000	0	0.5	300	0.1
550	0.00109103062869984	-0.0119282890250002	0	0.851	0.262	0.00109103062869984	-0.0119282890250002	FGr	1000	A10	C2	10000	10000	0	0.5	300	0.1
551	0.00109134181975007	-0.0119241685750001	0	0.856	0.243	0.00109134181975007	-0.0119241685750001	NoCorrection	1000	A10	C2	10000	10000	0	0.5	300	0.1
552	0.00589871725144988	-0.00638189763000003	0	0.293	0.502	0.00589871725144988	-0.00638189763000003	ID	1000	A10	C2	10000	10000	0	0.5	300	0.1
553	-0.00288709408026494	-0.0125206704949998	0	0.612	0.213	-0.00288709408026494	-0.0125206704949998	1	1000	A10	C2	10000	10000	0	0.5	300	0.5
554	-0.02521991999779	-0.0239987695999999	0	0.016	0.201	-0.02521991999779	-0.0239987695999999	FGr	1000	A10	C2	10000	10000	0	0.5	300	0.5
555	-0.0252551483678898	-0.0247160133999996	0	0.02	0.197	-0.0252551483678898	-0.0247160133999996	NoCorrection	1000	A10	C2	10000	10000	0	0.5	300	0.5
556	-0.00322884459340005	-0.012415995435	0	0.589	0.198	-0.00322884459340005	-0.012415995435	ID	1000	A10	C2	10000	10000	0	0.5	300	0.5
557	-0.00432825111245001	0.000122862640000081	0	0.513	0.987	-0.00432825111245001	0.000122862640000081	1	1000	A10	C2	10000	10000	0	0.5	300	1
558	-0.0498649546089996	-0.0204183983099997	0	0.002	0.519	-0.0498649546089996	-0.0204183983099997	FGr	1000	A10	C2	10000	10000	0	0.5	300	1
559	-0.0501276614736501	-0.0187222579750015	0	0.004	0.549	-0.0501276614736501	-0.0187222579750015	NoCorrection	1000	A10	C2	10000	10000	0	0.5	300	1
560	-0.00373497135040494	-0.00110293635999986	0	0.562	0.908	-0.00373497135040494	-0.00110293635999986	ID	1000	A10	C2	10000	10000	0	0.5	300	1
561	0.00542067320039998	0.03217821693	0	0.321	0.036	0.00542067320039998	0.03217821693	1	10000	A10	C2	10000	10000	0	0.5	300	0
562	0.00550242470757	0.0320376864849998	0	0.285	0.038	0.00550242470757	0.0320376864849998	FGr	10000	A10	C2	10000	10000	0	0.5	300	0
563	0.00550161984539998	0.031223549345	0	0.315	0.038	0.00550161984539998	0.031223549345	NoCorrection	10000	A10	C2	10000	10000	0	0.5	300	0
564	0.00545424979875001	0.0335968769500003	0	0.268	0.018	0.00545424979875001	0.0335968769500003	ID	10000	A10	C2	10000	10000	0	0.5	300	0
565	-0.00978774079365003	0.0122352654899999	0	0.071	0.431	-0.00978774079365003	0.0122352654899999	1	10000	A10	C2	10000	10000	0	0.5	300	0.1
566	-0.00766980685385006	0.013291715085	0	0.171	0.378	-0.00766980685385006	0.013291715085	FGr	10000	A10	C2	10000	10000	0	0.5	300	0.1
567	-0.00766769211593	0.012541712135	0	0.154	0.444	-0.00766769211593	0.012541712135	NoCorrection	10000	A10	C2	10000	10000	0	0.5	300	0.1
568	-0.00978912363364996	0.011225729145	0	0.056	0.467	-0.00978912363364996	0.011225729145	ID	10000	A10	C2	10000	10000	0	0.5	300	0.1
569	-0.00682239235750995	0.0140012330900003	0	0.224	0.363	-0.00682239235750995	0.0140012330900003	1	10000	A10	C2	10000	10000	0	0.5	300	0.5
570	0.00625673388589977	-0.00237395558499997	0	0.533	0.919	0.00625673388589977	-0.00237395558499997	FGr	10000	A10	C2	10000	10000	0	0.5	300	0.5
571	0.00625539460350024	-0.0023817321399998	0	0.536	0.93	0.00625539460350024	-0.0023817321399998	NoCorrection	10000	A10	C2	10000	10000	0	0.5	300	0.5
572	-0.00664867707817501	0.0127913972500001	0	0.22	0.407	-0.00664867707817501	0.0127913972500001	ID	10000	A10	C2	10000	10000	0	0.5	300	0.5
573	0.00353994642664106	0.0227312294749999	0	0.534	0.114	0.00353994642664106	0.0227312294749999	1	10000	A10	C2	10000	10000	0	0.5	300	1
574	0.0281513652544502	0.0521608151500003	0	0.189	0.303	0.0281513652544502	0.0521608151500003	FGr	10000	A10	C2	10000	10000	0	0.5	300	1
575	0.0281493049833001	0.0539384224999989	0	0.19	0.276	0.0281493049833001	0.0539384224999989	NoCorrection	10000	A10	C2	10000	10000	0	0.5	300	1
576	0.00399489978958998	0.025140932175	0	0.497	0.093	0.00399489978958998	0.025140932175	ID	10000	A10	C2	10000	10000	0	0.5	300	1
