	c-q	nc-q	true-q	c-p	nc-p	c-bias	nc-bias	type	L	rep	config	gwas_size	test_size	h2	ts	num_causal	env
1	-0.00884881039599998	-0.00884881039600002	0	0.838	0.834	-0.00884881039599998	-0.00884881039600002	1	300	A15	C1	1000	100	0	0.5	300	0
2	-0.0200487054	-0.0200487054	0	0.658	0.655	-0.0200487054	-0.0200487054	FGr	300	A15	C1	1000	100	0	0.5	300	0
3	-0.01199985548	-0.01199985548	0	0.749	0.772	-0.01199985548	-0.01199985548	NoCorrection	300	A15	C1	1000	100	0	0.5	300	0
4	-0.0377121050275	-0.0377121050275	0	0.378	0.397	-0.0377121050275	-0.0377121050275	ID	300	A15	C1	1000	100	0	0.5	300	0
5	-0.054527738628	-0.054527738628	0	0.22	0.204	-0.054527738628	-0.054527738628	1	300	A15	C1	1000	100	0	0.5	300	0.1
6	0.015834002752	0.015834002752	0	0.687	0.709	0.015834002752	0.015834002752	FGr	300	A15	C1	1000	100	0	0.5	300	0.1
7	0.0138892892349998	0.0138892892349998	0	0.76	0.755	0.0138892892349998	0.0138892892349998	NoCorrection	300	A15	C1	1000	100	0	0.5	300	0.1
8	-0.0481231556650001	-0.0481231556650001	0	0.26	0.26	-0.0481231556650001	-0.0481231556650001	ID	300	A15	C1	1000	100	0	0.5	300	0.1
9	-0.010599287616	-0.0105992876159999	0	0.793	0.78	-0.010599287616	-0.0105992876159999	1	300	A15	C1	1000	100	0	0.5	300	0.5
10	0.12147671572	0.12147671572	0	0.003	0.006	0.12147671572	0.12147671572	FGr	300	A15	C1	1000	100	0	0.5	300	0.5
11	0.18857498045	0.18857498045	0	0	0	0.18857498045	0.18857498045	NoCorrection	300	A15	C1	1000	100	0	0.5	300	0.5
12	-0.0428739355299999	-0.04287393553	0	0.288	0.244	-0.0428739355299999	-0.04287393553	ID	300	A15	C1	1000	100	0	0.5	300	0.5
13	0.002409915562	0.00240991556199999	0	0.95	0.951	0.002409915562	0.00240991556199999	1	300	A15	C1	1000	100	0	0.5	300	1
14	0.24490084977	0.24490084977	0	0	0	0.24490084977	0.24490084977	FGr	300	A15	C1	1000	100	0	0.5	300	1
15	0.336571252995	0.336571252995	0	0	0	0.336571252995	0.336571252995	NoCorrection	300	A15	C1	1000	100	0	0.5	300	1
16	-0.03119286679	-0.03119286679	0	0.442	0.432	-0.03119286679	-0.03119286679	ID	300	A15	C1	1000	100	0	0.5	300	1
17	0.0139754878895	0.010868439	0	0.73	0.867	0.0139754878895	0.010868439	1	1000	A15	C1	1000	100	0	0.5	300	0
18	0.0282073811900001	0.0501868314999999	0	0.484	0.435	0.0282073811900001	0.0501868314999999	FGr	1000	A15	C1	1000	100	0	0.5	300	0
19	0.018334499095	0.0275220575	0	0.639	0.673	0.018334499095	0.0275220575	NoCorrection	1000	A15	C1	1000	100	0	0.5	300	0
20	0.01899435167	0.0302359365	0	0.645	0.639	0.01899435167	0.0302359365	ID	1000	A15	C1	1000	100	0	0.5	300	0
21	-0.00987334284999998	-0.0399305175000003	0	0.798	0.54	-0.00987334284999998	-0.0399305175000003	1	1000	A15	C1	1000	100	0	0.5	300	0.1
22	-0.00388331770399999	-0.028697019	0	0.908	0.654	-0.00388331770399999	-0.028697019	FGr	1000	A15	C1	1000	100	0	0.5	300	0.1
23	0.011225319475	0.018455924	0	0.751	0.764	0.011225319475	0.018455924	NoCorrection	1000	A15	C1	1000	100	0	0.5	300	0.1
24	-0.02065854806	-0.050935873	0	0.548	0.438	-0.02065854806	-0.050935873	ID	1000	A15	C1	1000	100	0	0.5	300	0.1
25	0.0503946337249999	0.1576408585	0	0.149	0.006	0.0503946337249999	0.1576408585	1	1000	A15	C1	1000	100	0	0.5	300	0.5
26	0.155031950915	0.3909910715	0	0	0	0.155031950915	0.3909910715	FGr	1000	A15	C1	1000	100	0	0.5	300	0.5
27	0.21830424931	0.535945641	0	0	0	0.21830424931	0.535945641	NoCorrection	1000	A15	C1	1000	100	0	0.5	300	0.5
28	0.050075893975	0.158802841	0	0.167	0.003	0.050075893975	0.158802841	ID	1000	A15	C1	1000	100	0	0.5	300	0.5
29	-0.0250325367750001	-0.062582137	0	0.521	0.312	-0.0250325367750001	-0.062582137	1	1000	A15	C1	1000	100	0	0.5	300	1
30	0.17211958258465	0.424001923	0	0.001	0	0.17211958258465	0.424001923	FGr	1000	A15	C1	1000	100	0	0.5	300	1
31	0.35313435055	0.912679331	0	0	0	0.35313435055	0.912679331	NoCorrection	1000	A15	C1	1000	100	0	0.5	300	1
32	-0.033443948405	-0.0575925095	0	0.41	0.336	-0.033443948405	-0.0575925095	ID	1000	A15	C1	1000	100	0	0.5	300	1
33	0.00335648351000003	-0.070387967	0	0.942	0.467	0.00335648351000003	-0.070387967	1	10000	A15	C1	1000	100	0	0.5	300	0
34	6.54157599999888e-05	-0.106994433	0	0.999	0.27	6.54157599999888e-05	-0.106994433	FGr	10000	A15	C1	1000	100	0	0.5	300	0
35	-0.00117882186	-0.1025409955	0	0.981	0.282	-0.00117882186	-0.1025409955	NoCorrection	10000	A15	C1	1000	100	0	0.5	300	0
36	0.00709617287500001	-0.035899413	0	0.883	0.708	0.00709617287500001	-0.035899413	ID	10000	A15	C1	1000	100	0	0.5	300	0
37	0.000177218430000043	0.1117927025	0	0.998	0.244	0.000177218430000043	0.1117927025	1	10000	A15	C1	1000	100	0	0.5	300	0.1
38	0.00596739942000004	0.111055058	0	0.899	0.247	0.00596739942000004	0.111055058	FGr	10000	A15	C1	1000	100	0	0.5	300	0.1
39	0.04244438038	0.287898325	0	0.306	0.005	0.04244438038	0.287898325	NoCorrection	10000	A15	C1	1000	100	0	0.5	300	0.1
40	-0.00193337988500002	0.0932768175	0	0.961	0.334	-0.00193337988500002	0.0932768175	ID	10000	A15	C1	1000	100	0	0.5	300	0.1
41	0.00571156395000001	0.1383064925	0	0.884	0.173	0.00571156395000001	0.1383064925	1	10000	A15	C1	1000	100	0	0.5	300	0.5
42	0.031700672885	0.270977655	0	0.433	0.005	0.031700672885	0.270977655	FGr	10000	A15	C1	1000	100	0	0.5	300	0.5
43	0.17085395879	0.9826798	0	0.001	0	0.17085395879	0.9826798	NoCorrection	10000	A15	C1	1000	100	0	0.5	300	0.5
44	0.01117370555	0.1441855715	0	0.79	0.142	0.01117370555	0.1441855715	ID	10000	A15	C1	1000	100	0	0.5	300	0.5
45	0.020855022863	0.0822056640000001	0	0.549	0.406	0.020855022863	0.0822056640000001	1	10000	A15	C1	1000	100	0	0.5	300	1
46	0.04752287007	0.289664694	0	0.165	0.007	0.04752287007	0.289664694	FGr	10000	A15	C1	1000	100	0	0.5	300	1
47	0.3400145915105	1.948843705	0	0	0	0.3400145915105	1.948843705	NoCorrection	10000	A15	C1	1000	100	0	0.5	300	1
48	0.018800525159	0.051883775	0	0.567	0.607	0.018800525159	0.051883775	ID	10000	A15	C1	1000	100	0	0.5	300	1
49	-0.00765464174999989	-0.00765464174999995	0	0.785	0.787	-0.00765464174999989	-0.00765464174999995	1	300	A15	C1	1000	1000	0	0.5	300	0
50	0.000643951221499975	0.000643951221499987	0	0.974	0.986	0.000643951221499975	0.000643951221499987	FGr	300	A15	C1	1000	1000	0	0.5	300	0
51	-0.0117734338979999	-0.0117734338979999	0	0.676	0.668	-0.0117734338979999	-0.0117734338979999	NoCorrection	300	A15	C1	1000	1000	0	0.5	300	0
52	-0.00704476535500007	-0.00704476535500007	0	0.8	0.783	-0.00704476535500007	-0.00704476535500007	ID	300	A15	C1	1000	1000	0	0.5	300	0
53	-0.00335024830675015	-0.00335024830675008	0	0.91	0.904	-0.00335024830675015	-0.00335024830675008	1	300	A15	C1	1000	1000	0	0.5	300	0.1
54	0.0241329038764997	0.0241329038764998	0	0.336	0.377	0.0241329038764997	0.0241329038764998	FGr	300	A15	C1	1000	1000	0	0.5	300	0.1
55	0.0274374124357499	0.0274374124357499	0	0.266	0.304	0.0274374124357499	0.0274374124357499	NoCorrection	300	A15	C1	1000	1000	0	0.5	300	0.1
56	-0.00751087818749981	-0.00751087818749974	0	0.764	0.78	-0.00751087818749981	-0.00751087818749974	ID	300	A15	C1	1000	1000	0	0.5	300	0.1
57	0.025417796623	0.025417796623	0	0.4	0.402	0.025417796623	0.025417796623	1	300	A15	C1	1000	1000	0	0.5	300	0.5
58	0.14685316988625	0.14685316988625	0	0	0	0.14685316988625	0.14685316988625	FGr	300	A15	C1	1000	1000	0	0.5	300	0.5
59	0.191494737065	0.191494737065	0	0	0	0.191494737065	0.191494737065	NoCorrection	300	A15	C1	1000	1000	0	0.5	300	0.5
60	0.013475828814	0.013475828814	0	0.616	0.643	0.013475828814	0.013475828814	ID	300	A15	C1	1000	1000	0	0.5	300	0.5
61	0.0283025944560001	0.028302594456	0	0.312	0.319	0.0283025944560001	0.028302594456	1	300	A15	C1	1000	1000	0	0.5	300	1
62	0.2398029374525	0.2398029374525	0	0	0	0.2398029374525	0.2398029374525	FGr	300	A15	C1	1000	1000	0	0.5	300	1
63	0.34190794748	0.34190794748	0	0	0	0.34190794748	0.34190794748	NoCorrection	300	A15	C1	1000	1000	0	0.5	300	1
64	0.02639021861705	0.02639021861705	0	0.319	0.355	0.02639021861705	0.02639021861705	ID	300	A15	C1	1000	1000	0	0.5	300	1
65	0.00581655548549988	0.00897459425	0	0.818	0.857	0.00581655548549988	0.00897459425	1	1000	A15	C1	1000	1000	0	0.5	300	0
66	0.0269558952734999	0.0488787432999998	0	0.299	0.309	0.0269558952734999	0.0488787432999998	FGr	1000	A15	C1	1000	1000	0	0.5	300	0
67	0.0389979848433	0.0860513767499999	0	0.148	0.075	0.0389979848433	0.0860513767499999	NoCorrection	1000	A15	C1	1000	1000	0	0.5	300	0
68	0.00337002368500006	-0.00603861485	0	0.882	0.897	0.00337002368500006	-0.00603861485	ID	1000	A15	C1	1000	1000	0	0.5	300	0
69	0.020876314327	0.0345897996000003	0	0.443	0.442	0.020876314327	0.0345897996000003	1	1000	A15	C1	1000	1000	0	0.5	300	0.1
70	0.0337613294179999	0.0762644877000001	0	0.222	0.08	0.0337613294179999	0.0762644877000001	FGr	1000	A15	C1	1000	1000	0	0.5	300	0.1
71	0.0544223870010004	0.14739983195	0	0.051	0	0.0544223870010004	0.14739983195	NoCorrection	1000	A15	C1	1000	1000	0	0.5	300	0.1
72	0.0288994603825558	0.0597953190000002	0	0.29	0.16	0.0288994603825558	0.0597953190000002	ID	1000	A15	C1	1000	1000	0	0.5	300	0.1
73	0.0114638621536001	-0.02229006065	0	0.661	0.618	0.0114638621536001	-0.02229006065	1	1000	A15	C1	1000	1000	0	0.5	300	0.5
74	0.0388414273975001	0.06199093985	0	0.15	0.19	0.0388414273975001	0.06199093985	FGr	1000	A15	C1	1000	1000	0	0.5	300	0.5
75	0.122860083569	0.3338189629	0	0	0	0.122860083569	0.3338189629	NoCorrection	1000	A15	C1	1000	1000	0	0.5	300	0.5
76	0.00017136427100008	-0.0336388770499999	0	0.994	0.425	0.00017136427100008	-0.0336388770499999	ID	1000	A15	C1	1000	1000	0	0.5	300	0.5
77	-0.0272334260179998	-0.0439642327999998	0	0.371	0.336	-0.0272334260179998	-0.0439642327999998	1	1000	A15	C1	1000	1000	0	0.5	300	1
78	0.050766535713	0.2022973125	0	0.132	0	0.050766535713	0.2022973125	FGr	1000	A15	C1	1000	1000	0	0.5	300	1
79	0.234551337105	0.7029341827	0	0	0	0.234551337105	0.7029341827	NoCorrection	1000	A15	C1	1000	1000	0	0.5	300	1
80	-0.0431490487244998	-0.05488162405	0	0.166	0.238	-0.0431490487244998	-0.05488162405	ID	1000	A15	C1	1000	1000	0	0.5	300	1
81	-0.0279027348695	-0.1254520799	0	0.36	0.088	-0.0279027348695	-0.1254520799	1	10000	A15	C1	1000	1000	0	0.5	300	0
82	-0.03366848118135	-0.1719040034	0	0.275	0.013	-0.03366848118135	-0.1719040034	FGr	10000	A15	C1	1000	1000	0	0.5	300	0
83	-0.04421222555	-0.254697616	0	0.17	0	-0.04421222555	-0.254697616	NoCorrection	10000	A15	C1	1000	1000	0	0.5	300	0
84	-0.0269971869835	-0.1109403314	0	0.378	0.113	-0.0269971869835	-0.1109403314	ID	10000	A15	C1	1000	1000	0	0.5	300	0
85	0.00786157005900005	-0.0802185954999998	0	0.817	0.299	0.00786157005900005	-0.0802185954999998	1	10000	A15	C1	1000	1000	0	0.5	300	0.1
86	0.00798841663000006	-0.0694823020000006	0	0.799	0.372	0.00798841663000006	-0.0694823020000006	FGr	10000	A15	C1	1000	1000	0	0.5	300	0.1
87	0.0411828842878	0.178541888	0	0.179	0.016	0.0411828842878	0.178541888	NoCorrection	10000	A15	C1	1000	1000	0	0.5	300	0.1
88	0.00872296663071317	-0.0835093269999999	0	0.778	0.259	0.00872296663071317	-0.0835093269999999	ID	10000	A15	C1	1000	1000	0	0.5	300	0.1
89	-0.0173291306035	0.020699626	0	0.566	0.776	-0.0173291306035	0.020699626	1	10000	A15	C1	1000	1000	0	0.5	300	0.5
90	-0.0133464959328	0.0185357250000001	0	0.631	0.794	-0.0133464959328	0.0185357250000001	FGr	10000	A15	C1	1000	1000	0	0.5	300	0.5
91	0.1262020400105	0.9372669955	0	0.001	0	0.1262020400105	0.9372669955	NoCorrection	10000	A15	C1	1000	1000	0	0.5	300	0.5
92	-0.0173294933232	0.0106612389999999	0	0.522	0.883	-0.0173294933232	0.0106612389999999	ID	10000	A15	C1	1000	1000	0	0.5	300	0.5
93	0.00156994083565005	0.13327397425	0	0.963	0.092	0.00156994083565005	0.13327397425	1	10000	A15	C1	1000	1000	0	0.5	300	1
94	0.0104418485014	0.1348108535	0	0.729	0.075	0.0104418485014	0.1348108535	FGr	10000	A15	C1	1000	1000	0	0.5	300	1
95	0.2985008088155	1.881782505	0	0	0	0.2985008088155	1.881782505	NoCorrection	10000	A15	C1	1000	1000	0	0.5	300	1
96	0.000612947581699965	0.0903965499500001	0	0.983	0.232	0.000612947581699965	0.0903965499500001	ID	10000	A15	C1	1000	1000	0	0.5	300	1
97	0.00825141845829979	0.00825141845829979	0	0.727	0.738	0.00825141845829979	0.00825141845829979	1	300	A15	C1	1000	10000	0	0.5	300	0
98	-0.0274249646997	-0.0274249646996999	0	0.237	0.255	-0.0274249646997	-0.0274249646996999	FGr	300	A15	C1	1000	10000	0	0.5	300	0
99	-0.0472321435996	-0.0472321435996	0	0.052	0.049	-0.0472321435996	-0.0472321435996	NoCorrection	300	A15	C1	1000	10000	0	0.5	300	0
100	-0.0099084237503503	-0.00990842375035038	0	0.695	0.646	-0.0099084237503503	-0.00990842375035038	ID	300	A15	C1	1000	10000	0	0.5	300	0
101	-0.0209199627209998	-0.0209199627209999	0	0.366	0.41	-0.0209199627209998	-0.0209199627209999	1	300	A15	C1	1000	10000	0	0.5	300	0.1
102	0.0067385084506002	0.00673850845060021	0	0.79	0.766	0.0067385084506002	0.00673850845060021	FGr	300	A15	C1	1000	10000	0	0.5	300	0.1
103	0.019147627571901	0.0191476275719009	0	0.455	0.459	0.019147627571901	0.0191476275719009	NoCorrection	300	A15	C1	1000	10000	0	0.5	300	0.1
104	-0.0165501400415003	-0.0165501400415003	0	0.486	0.491	-0.0165501400415003	-0.0165501400415003	ID	300	A15	C1	1000	10000	0	0.5	300	0.1
105	0.0308991766699599	0.0308991766699599	0	0.225	0.231	0.0308991766699599	0.0308991766699599	1	300	A15	C1	1000	10000	0	0.5	300	0.5
106	0.166961143002975	0.166961143002975	0	0	0	0.166961143002975	0.166961143002975	FGr	300	A15	C1	1000	10000	0	0.5	300	0.5
107	0.2425623653801	0.2425623653801	0	0	0	0.2425623653801	0.2425623653801	NoCorrection	300	A15	C1	1000	10000	0	0.5	300	0.5
108	0.0334393031693998	0.0334393031693999	0	0.235	0.203	0.0334393031693998	0.0334393031693999	ID	300	A15	C1	1000	10000	0	0.5	300	0.5
109	0.00258026895685061	0.00258026895685056	0	0.919	0.929	0.00258026895685061	0.00258026895685056	1	300	A15	C1	1000	10000	0	0.5	300	1
110	0.2195631272349	0.2195631272349	0	0	0	0.2195631272349	0.2195631272349	FGr	300	A15	C1	1000	10000	0	0.5	300	1
111	0.330214918134849	0.330214918134849	0	0	0	0.330214918134849	0.330214918134849	NoCorrection	300	A15	C1	1000	10000	0	0.5	300	1
112	0.00979289272849984	0.00979289272849986	0	0.689	0.701	0.00979289272849984	0.00979289272849986	ID	300	A15	C1	1000	10000	0	0.5	300	1
113	-0.00988883383790004	0.018848771965	0	0.703	0.647	-0.00988883383790004	0.018848771965	1	1000	A15	C1	1000	10000	0	0.5	300	0
114	0.00150302711917501	0.065357997815	0	0.951	0.107	0.00150302711917501	0.065357997815	FGr	1000	A15	C1	1000	10000	0	0.5	300	0
115	0.03335067762875	0.13452516344	0	0.181	0.001	0.03335067762875	0.13452516344	NoCorrection	1000	A15	C1	1000	10000	0	0.5	300	0
116	0.000831613683249976	0.05810827592	0	0.979	0.139	0.000831613683249976	0.05810827592	ID	1000	A15	C1	1000	10000	0	0.5	300	0
117	-0.0297495640371499	-0.0597500701349998	0	0.204	0.166	-0.0297495640371499	-0.0597500701349998	1	1000	A15	C1	1000	10000	0	0.5	300	0.1
118	-0.0277423579109003	-0.0531026009400005	0	0.237	0.175	-0.0277423579109003	-0.0531026009400005	FGr	1000	A15	C1	1000	10000	0	0.5	300	0.1
119	-0.0156658550037499	-0.01189434577	0	0.483	0.777	-0.0156658550037499	-0.01189434577	NoCorrection	1000	A15	C1	1000	10000	0	0.5	300	0.1
120	-0.0160149551392	-0.0102863641949997	0	0.489	0.797	-0.0160149551392	-0.0102863641949997	ID	1000	A15	C1	1000	10000	0	0.5	300	0.1
121	0.0270896065003999	-0.00404785044999986	0	0.311	0.934	0.0270896065003999	-0.00404785044999986	1	1000	A15	C1	1000	10000	0	0.5	300	0.5
122	0.0817612673500796	0.1477904744	0	0.001	0.002	0.0817612673500796	0.1477904744	FGr	1000	A15	C1	1000	10000	0	0.5	300	0.5
123	0.225351460712599	0.531721955114999	0	0	0	0.225351460712599	0.531721955114999	NoCorrection	1000	A15	C1	1000	10000	0	0.5	300	0.5
124	0.0273682206257502	-0.00585458349499995	0	0.283	0.892	0.0273682206257502	-0.00585458349499995	ID	1000	A15	C1	1000	10000	0	0.5	300	0.5
125	-0.00897891421670009	0.0262779048650004	0	0.711	0.579	-0.00897891421670009	0.0262779048650004	1	1000	A15	C1	1000	10000	0	0.5	300	1
126	0.09499562114732	0.33413027148	0	0	0	0.09499562114732	0.33413027148	FGr	1000	A15	C1	1000	10000	0	0.5	300	1
127	0.33531925418095	0.950746683319999	0	0	0	0.33531925418095	0.950746683319999	NoCorrection	1000	A15	C1	1000	10000	0	0.5	300	1
128	-0.0071404437703299	0.046733549095	0	0.758	0.324	-0.0071404437703299	0.046733549095	ID	1000	A15	C1	1000	10000	0	0.5	300	1
129	0.00232991866989996	-0.05597409873	0	0.933	0.402	0.00232991866989996	-0.05597409873	1	10000	A15	C1	1000	10000	0	0.5	300	0
130	0.00495223330053982	-0.0459732210099999	0	0.837	0.502	0.00495223330053982	-0.0459732210099999	FGr	10000	A15	C1	1000	10000	0	0.5	300	0
131	0.00111148274404995	-0.0693466057549999	0	0.966	0.277	0.00111148274404995	-0.0693466057549999	NoCorrection	10000	A15	C1	1000	10000	0	0.5	300	0
132	0.00149936836469998	-0.0672922012899999	0	0.955	0.33	0.00149936836469998	-0.0672922012899999	ID	10000	A15	C1	1000	10000	0	0.5	300	0
133	-0.03200653241545	-0.0360816507500004	0	0.265	0.606	-0.03200653241545	-0.0360816507500004	1	10000	A15	C1	1000	10000	0	0.5	300	0.1
134	-0.0287632889498	-0.0207827040200004	0	0.311	0.759	-0.0287632889498	-0.0207827040200004	FGr	10000	A15	C1	1000	10000	0	0.5	300	0.1
135	0.0135398553034498	0.27845578999	0	0.65	0	0.0135398553034498	0.27845578999	NoCorrection	10000	A15	C1	1000	10000	0	0.5	300	0.1
136	-0.0325321992301001	-0.0423926059599995	0	0.243	0.521	-0.0325321992301001	-0.0423926059599995	ID	10000	A15	C1	1000	10000	0	0.5	300	0.1
137	0.0323551575175	0.168526002790001	0	0.332	0.013	0.0323551575175	0.168526002790001	1	10000	A15	C1	1000	10000	0	0.5	300	0.5
138	0.0458510406547498	0.279598110354999	0	0.164	0	0.0458510406547498	0.279598110354999	FGr	10000	A15	C1	1000	10000	0	0.5	300	0.5
139	0.206995823871151	1.20280583325	0	0	0	0.206995823871151	1.20280583325	NoCorrection	10000	A15	C1	1000	10000	0	0.5	300	0.5
140	0.0331046227581	0.165893519680002	0	0.322	0.016	0.0331046227581	0.165893519680002	ID	10000	A15	C1	1000	10000	0	0.5	300	0.5
141	-0.0280511780465999	0.0554556922149975	0	0.261	0.394	-0.0280511780465999	0.0554556922149975	1	10000	A15	C1	1000	10000	0	0.5	300	1
142	-0.0128501969021	0.125019265234999	0	0.587	0.067	-0.0128501969021	0.125019265234999	FGr	10000	A15	C1	1000	10000	0	0.5	300	1
143	0.2854417641775	1.89761298415	0	0	0	0.2854417641775	1.89761298415	NoCorrection	10000	A15	C1	1000	10000	0	0.5	300	1
144	-0.0281189831539501	0.035533154119997	0	0.256	0.595	-0.0281189831539501	0.035533154119997	ID	10000	A15	C1	1000	10000	0	0.5	300	1
145	0.01072999029	0.01072999029	0	0.408	0.411	0.01072999029	0.01072999029	1	300	A15	C1	10000	100	0	0.5	300	0
146	0.002273148585	0.002273148585	0	0.856	0.841	0.002273148585	0.002273148585	FGr	300	A15	C1	10000	100	0	0.5	300	0
147	-0.003518269618	-0.00351826961799999	0	0.779	0.754	-0.003518269618	-0.00351826961799999	NoCorrection	300	A15	C1	10000	100	0	0.5	300	0
148	0.011152905515	0.011152905515	0	0.385	0.394	0.011152905515	0.011152905515	ID	300	A15	C1	10000	100	0	0.5	300	0
149	-0.000517760673000003	-0.000517760672999996	0	0.964	0.966	-0.000517760673000003	-0.000517760672999996	1	300	A15	C1	10000	100	0	0.5	300	0.1
150	0.025013419073	0.025013419073	0	0.051	0.047	0.025013419073	0.025013419073	FGr	300	A15	C1	10000	100	0	0.5	300	0.1
151	0.029014890405	0.029014890405	0	0.016	0.037	0.029014890405	0.029014890405	NoCorrection	300	A15	C1	10000	100	0	0.5	300	0.1
152	-0.003612712478	-0.003612712478	0	0.793	0.775	-0.003612712478	-0.003612712478	ID	300	A15	C1	10000	100	0	0.5	300	0.1
153	-0.00230480923249999	-0.00230480923249999	0	0.862	0.87	-0.00230480923249999	-0.00230480923249999	1	300	A15	C1	10000	100	0	0.5	300	0.5
154	0.1238354588375	0.1238354588375	0	0.001	0	0.1238354588375	0.1238354588375	FGr	300	A15	C1	10000	100	0	0.5	300	0.5
155	0.150416533803	0.150416533803	0	0	0.001	0.150416533803	0.150416533803	NoCorrection	300	A15	C1	10000	100	0	0.5	300	0.5
156	-0.00144964487	-0.00144964487000001	0	0.922	0.919	-0.00144964487	-0.00144964487000001	ID	300	A15	C1	10000	100	0	0.5	300	0.5
157	-0.00491328648399999	-0.00491328648399999	0	0.685	0.695	-0.00491328648399999	-0.00491328648399999	1	300	A15	C1	10000	100	0	0.5	300	1
158	0.2578717333425	0.2578717333425	0	0	0	0.2578717333425	0.2578717333425	FGr	300	A15	C1	10000	100	0	0.5	300	1
159	0.32337842255	0.32337842255	0	0	0	0.32337842255	0.32337842255	NoCorrection	300	A15	C1	10000	100	0	0.5	300	1
160	0.000812421832999989	0.000812421832999986	0	0.951	0.946	0.000812421832999989	0.000812421832999986	ID	300	A15	C1	10000	100	0	0.5	300	1
161	0.0026991272005	0.0198554175	0	0.855	0.3	0.0026991272005	0.0198554175	1	1000	A15	C1	10000	100	0	0.5	300	0
162	0.00343432662800001	0.0201974995	0	0.77	0.281	0.00343432662800001	0.0201974995	FGr	1000	A15	C1	10000	100	0	0.5	300	0
163	-0.00812948560550001	-0.00934237299999999	0	0.566	0.599	-0.00812948560550001	-0.00934237299999999	NoCorrection	1000	A15	C1	10000	100	0	0.5	300	0
164	-0.001693175973	0.013517264	0	0.903	0.475	-0.001693175973	0.013517264	ID	1000	A15	C1	10000	100	0	0.5	300	0
165	-0.00489631134000001	-0.00518751249999999	0	0.72	0.833	-0.00489631134000001	-0.00518751249999999	1	1000	A15	C1	10000	100	0	0.5	300	0.1
166	0.012553149865	0.04684423	0	0.45	0.047	0.012553149865	0.04684423	FGr	1000	A15	C1	10000	100	0	0.5	300	0.1
167	0.035293246897	0.103661856	0	0.046	0	0.035293246897	0.103661856	NoCorrection	1000	A15	C1	10000	100	0	0.5	300	0.1
168	-0.00599487290249999	-0.0107729245	0	0.705	0.627	-0.00599487290249999	-0.0107729245	ID	1000	A15	C1	10000	100	0	0.5	300	0.1
169	0.0113012434545	0.00110083949999998	0	0.361	0.955	0.0113012434545	0.00110083949999998	1	1000	A15	C1	10000	100	0	0.5	300	0.5
170	0.107452513165	0.23311432	0	0	0	0.107452513165	0.23311432	FGr	1000	A15	C1	10000	100	0	0.5	300	0.5
171	0.21459926576	0.4944675435	0	0	0	0.21459926576	0.4944675435	NoCorrection	1000	A15	C1	10000	100	0	0.5	300	0.5
172	0.010952052293	0.00586728250000003	0	0.351	0.792	0.010952052293	0.00586728250000003	ID	1000	A15	C1	10000	100	0	0.5	300	0.5
173	-0.0188244733805	-0.0018567265	0	0.131	0.924	-0.0188244733805	-0.0018567265	1	1000	A15	C1	10000	100	0	0.5	300	1
174	0.177984683328	0.4644556255	0	0	0	0.177984683328	0.4644556255	FGr	1000	A15	C1	10000	100	0	0.5	300	1
175	0.368920964188	0.8654614685	0	0	0	0.368920964188	0.8654614685	NoCorrection	1000	A15	C1	10000	100	0	0.5	300	1
176	-0.017924703035	0.0052306675	0	0.132	0.791	-0.017924703035	0.0052306675	ID	1000	A15	C1	10000	100	0	0.5	300	1
177	0.00885003162399999	0.039255167	0	0.418	0.152	0.00885003162399999	0.039255167	1	10000	A15	C1	10000	100	0	0.5	300	0
178	0.01106024509	0.0674695365	0	0.287	0.013	0.01106024509	0.0674695365	FGr	10000	A15	C1	10000	100	0	0.5	300	0
179	0.0062161408295	0.0138017675	0	0.552	0.628	0.0062161408295	0.0138017675	NoCorrection	10000	A15	C1	10000	100	0	0.5	300	0
180	0.0086741380103	0.039777007	0	0.428	0.158	0.0086741380103	0.039777007	ID	10000	A15	C1	10000	100	0	0.5	300	0
181	-0.000854266404999999	-0.025941098	0	0.934	0.392	-0.000854266404999999	-0.025941098	1	10000	A15	C1	10000	100	0	0.5	300	0.1
182	0.00154676942549999	-0.002057208	0	0.893	0.95	0.00154676942549999	-0.002057208	FGr	10000	A15	C1	10000	100	0	0.5	300	0.1
183	0.017338800946	0.169185519	0	0.16	0	0.017338800946	0.169185519	NoCorrection	10000	A15	C1	10000	100	0	0.5	300	0.1
184	-0.0007068796495	-0.0216664005	0	0.963	0.51	-0.0007068796495	-0.0216664005	ID	10000	A15	C1	10000	100	0	0.5	300	0.1
185	0.00512220477500001	0.0285290255	0	0.662	0.324	0.00512220477500001	0.0285290255	1	10000	A15	C1	10000	100	0	0.5	300	0.5
186	0.0168115571525	0.130534443	0	0.168	0	0.0168115571525	0.130534443	FGr	10000	A15	C1	10000	100	0	0.5	300	0.5
187	0.1188302260082	1.037719118	0	0	0	0.1188302260082	1.037719118	NoCorrection	10000	A15	C1	10000	100	0	0.5	300	0.5
188	0.005200211095	0.047443373	0	0.681	0.103	0.005200211095	0.047443373	ID	10000	A15	C1	10000	100	0	0.5	300	0.5
189	0.013259209093	-0.0079014925	0	0.201	0.793	0.013259209093	-0.0079014925	1	10000	A15	C1	10000	100	0	0.5	300	1
190	0.034376321798	0.2313645195	0	0.012	0	0.034376321798	0.2313645195	FGr	10000	A15	C1	10000	100	0	0.5	300	1
191	0.23732113352	1.963103955	0	0	0	0.23732113352	1.963103955	NoCorrection	10000	A15	C1	10000	100	0	0.5	300	1
192	0.0138103333235	0.00322565550000001	0	0.206	0.926	0.0138103333235	0.00322565550000001	ID	10000	A15	C1	10000	100	0	0.5	300	1
193	-0.0068943299249	-0.00689432992489999	0	0.423	0.401	-0.0068943299249	-0.00689432992489999	1	300	A15	C1	10000	1000	0	0.5	300	0
194	-0.0011815197752	-0.0011815197752	0	0.881	0.876	-0.0011815197752	-0.0011815197752	FGr	300	A15	C1	10000	1000	0	0.5	300	0
195	-0.00698869321749999	-0.0069886932175	0	0.404	0.392	-0.00698869321749999	-0.0069886932175	NoCorrection	300	A15	C1	10000	1000	0	0.5	300	0
196	-0.00689811269744	-0.00689811269744	0	0.382	0.376	-0.00689811269744	-0.00689811269744	ID	300	A15	C1	10000	1000	0	0.5	300	0
197	0.0112154452856	0.0112154452856	0	0.202	0.227	0.0112154452856	0.0112154452856	1	300	A15	C1	10000	1000	0	0.5	300	0.1
198	0.03098010591695	0.03098010591695	0	0.003	0.001	0.03098010591695	0.03098010591695	FGr	300	A15	C1	10000	1000	0	0.5	300	0.1
199	0.04434695655005	0.04434695655005	0	0	0	0.04434695655005	0.04434695655005	NoCorrection	300	A15	C1	10000	1000	0	0.5	300	0.1
200	0.012951414924	0.012951414924	0	0.141	0.145	0.012951414924	0.012951414924	ID	300	A15	C1	10000	1000	0	0.5	300	0.1
201	-0.0013589285627	-0.00135892856270001	0	0.885	0.871	-0.0013589285627	-0.00135892856270001	1	300	A15	C1	10000	1000	0	0.5	300	0.5
202	0.0888264521770001	0.088826452177	0	0	0	0.0888264521770001	0.088826452177	FGr	300	A15	C1	10000	1000	0	0.5	300	0.5
203	0.1327607236862	0.1327607236862	0	0	0	0.1327607236862	0.1327607236862	NoCorrection	300	A15	C1	10000	1000	0	0.5	300	0.5
204	-0.00339070517749997	-0.00339070517749997	0	0.674	0.679	-0.00339070517749997	-0.00339070517749997	ID	300	A15	C1	10000	1000	0	0.5	300	0.5
205	-0.00489475201260001	-0.00489475201259999	0	0.612	0.634	-0.00489475201260001	-0.00489475201259999	1	300	A15	C1	10000	1000	0	0.5	300	1
206	0.190481158943	0.190481158943	0	0	0	0.190481158943	0.190481158943	FGr	300	A15	C1	10000	1000	0	0.5	300	1
207	0.277032428378	0.277032428378	0	0	0	0.277032428378	0.277032428378	NoCorrection	300	A15	C1	10000	1000	0	0.5	300	1
208	-0.0135273538595	-0.0135273538595	0	0.136	0.132	-0.0135273538595	-0.0135273538595	ID	300	A15	C1	10000	1000	0	0.5	300	1
209	-0.000438961579399997	0.01015850395	0	0.949	0.436	-0.000438961579399997	0.01015850395	1	1000	A15	C1	10000	1000	0	0.5	300	0
210	0.00106785610549999	0.01291811125	0	0.883	0.327	0.00106785610549999	0.01291811125	FGr	1000	A15	C1	10000	1000	0	0.5	300	0
211	0.00868388957899996	0.0254251473	0	0.236	0.064	0.00868388957899996	0.0254251473	NoCorrection	1000	A15	C1	10000	1000	0	0.5	300	0
212	-0.000722961580500018	0.00762826949999997	0	0.921	0.583	-0.000722961580500018	0.00762826949999997	ID	1000	A15	C1	10000	1000	0	0.5	300	0
213	-0.00405322878975004	0.00204480424999994	0	0.663	0.88	-0.00405322878975004	0.00204480424999994	1	1000	A15	C1	10000	1000	0	0.5	300	0.1
214	0.0081912341519998	0.03309370325	0	0.352	0.027	0.0081912341519998	0.03309370325	FGr	1000	A15	C1	10000	1000	0	0.5	300	0.1
215	0.0248475904917101	0.08556916775	0	0.012	0	0.0248475904917101	0.08556916775	NoCorrection	1000	A15	C1	10000	1000	0	0.5	300	0.1
216	-0.00214291246839994	0.00972924350000002	0	0.833	0.518	-0.00214291246839994	0.00972924350000002	ID	1000	A15	C1	10000	1000	0	0.5	300	0.1
217	0.0100794640926	3.06098999999953e-05	0	0.198	0.999	0.0100794640926	3.06098999999953e-05	1	1000	A15	C1	10000	1000	0	0.5	300	0.5
218	0.0643778374915	0.170767992	0	0	0	0.0643778374915	0.170767992	FGr	1000	A15	C1	10000	1000	0	0.5	300	0.5
219	0.13663807204305	0.3569325165	0	0	0	0.13663807204305	0.3569325165	NoCorrection	1000	A15	C1	10000	1000	0	0.5	300	0.5
220	0.00788782959539999	-0.0018540436	0	0.295	0.897	0.00788782959539999	-0.0018540436	ID	1000	A15	C1	10000	1000	0	0.5	300	0.5
221	0.00267470144689999	-0.00124377605000009	0	0.761	0.925	0.00267470144689999	-0.00124377605000009	1	1000	A15	C1	10000	1000	0	0.5	300	1
222	0.10232819871425	0.2776539422	0	0	0	0.10232819871425	0.2776539422	FGr	1000	A15	C1	10000	1000	0	0.5	300	1
223	0.2428990889565	0.65849508705	0	0	0	0.2428990889565	0.65849508705	NoCorrection	1000	A15	C1	10000	1000	0	0.5	300	1
224	-0.0018399026653	-0.0142571079999999	0	0.849	0.318	-0.0018399026653	-0.0142571079999999	ID	1000	A15	C1	10000	1000	0	0.5	300	1
225	-0.01093018907045	-0.00417946669999996	0	0.204	0.883	-0.01093018907045	-0.00417946669999996	1	10000	A15	C1	10000	1000	0	0.5	300	0
226	-0.01162891737255	-0.0120650128000001	0	0.182	0.632	-0.01162891737255	-0.0120650128000001	FGr	10000	A15	C1	10000	1000	0	0.5	300	0
227	-0.0082644108511	0.0143198685	0	0.313	0.566	-0.0082644108511	0.0143198685	NoCorrection	10000	A15	C1	10000	1000	0	0.5	300	0
228	-0.01160544404865	-0.01162673265	0	0.173	0.629	-0.01160544404865	-0.01162673265	ID	10000	A15	C1	10000	1000	0	0.5	300	0
229	0.00682607117054999	-0.01231887775	0	0.39	0.528	0.00682607117054999	-0.01231887775	1	10000	A15	C1	10000	1000	0	0.5	300	0.1
230	0.0107991199506	0.0117623054500001	0	0.188	0.56	0.0107991199506	0.0117623054500001	FGr	10000	A15	C1	10000	1000	0	0.5	300	0.1
231	0.053102506965	0.3232650738	0	0	0	0.053102506965	0.3232650738	NoCorrection	10000	A15	C1	10000	1000	0	0.5	300	0.1
232	0.00835697886200002	-0.0033034787000001	0	0.299	0.878	0.00835697886200002	-0.0033034787000001	ID	10000	A15	C1	10000	1000	0	0.5	300	0.1
233	0.00506989766467499	-0.00100344385000002	0	0.567	0.962	0.00506989766467499	-0.00100344385000002	1	10000	A15	C1	10000	1000	0	0.5	300	0.5
234	0.0142015471491	0.0710494013500001	0	0.094	0.002	0.0142015471491	0.0710494013500001	FGr	10000	A15	C1	10000	1000	0	0.5	300	0.5
235	0.1652760975424	0.99347843615	0	0	0	0.1652760975424	0.99347843615	NoCorrection	10000	A15	C1	10000	1000	0	0.5	300	0.5
236	0.0058086575444	-0.00144255724999998	0	0.471	0.95	0.0058086575444	-0.00144255724999998	ID	10000	A15	C1	10000	1000	0	0.5	300	0.5
237	-0.0118418138249	0.00835378670000005	0	0.182	0.725	-0.0118418138249	0.00835378670000005	1	10000	A15	C1	10000	1000	0	0.5	300	1
238	0.00858540122744999	0.14624962295	0	0.345	0	0.00858540122744999	0.14624962295	FGr	10000	A15	C1	10000	1000	0	0.5	300	1
239	0.309167481393	2.0222661455	0	0	0	0.309167481393	2.0222661455	NoCorrection	10000	A15	C1	10000	1000	0	0.5	300	1
240	-0.0109308895864999	0.00994812739999998	0	0.233	0.686	-0.0109308895864999	0.00994812739999998	ID	10000	A15	C1	10000	1000	0	0.5	300	1
241	-0.0101215982425756	-0.0101215982425756	0	0.265	0.287	-0.0101215982425756	-0.0101215982425756	1	300	A15	C1	10000	10000	0	0.5	300	0
242	0.0161445401520391	0.0161445401520391	0	0.092	0.085	0.0161445401520391	0.0161445401520391	FGr	300	A15	C1	10000	10000	0	0.5	300	0
243	0.027448136913525	0.027448136913525	0	0.002	0.007	0.027448136913525	0.027448136913525	NoCorrection	300	A15	C1	10000	10000	0	0.5	300	0
244	0.00138942683999004	0.00138942683999004	0	0.878	0.876	0.00138942683999004	0.00138942683999004	ID	300	A15	C1	10000	10000	0	0.5	300	0
245	-0.00338507446846018	-0.00338507446846018	0	0.687	0.711	-0.00338507446846018	-0.00338507446846018	1	300	A15	C1	10000	10000	0	0.5	300	0.1
246	0.0228361998913496	0.0228361998913496	0	0.004	0.007	0.0228361998913496	0.0228361998913496	FGr	300	A15	C1	10000	10000	0	0.5	300	0.1
247	0.0354607132405002	0.0354607132405002	0	0	0	0.0354607132405002	0.0354607132405002	NoCorrection	300	A15	C1	10000	10000	0	0.5	300	0.1
248	-1.54116399991602e-06	-1.54116399992059e-06	0	1	1	-1.54116399991602e-06	-1.54116399992059e-06	ID	300	A15	C1	10000	10000	0	0.5	300	0.1
249	-0.00236989411525017	-0.00236989411525018	0	0.812	0.777	-0.00236989411525017	-0.00236989411525018	1	300	A15	C1	10000	10000	0	0.5	300	0.5
250	0.111432303205099	0.111432303205099	0	0	0	0.111432303205099	0.111432303205099	FGr	300	A15	C1	10000	10000	0	0.5	300	0.5
251	0.18355749211545	0.18355749211545	0	0	0	0.18355749211545	0.18355749211545	NoCorrection	300	A15	C1	10000	10000	0	0.5	300	0.5
252	0.00100009156525508	0.00100009156525508	0	0.925	0.909	0.00100009156525508	0.00100009156525508	ID	300	A15	C1	10000	10000	0	0.5	300	0.5
253	0.00185269772124498	0.0018526977212449	0	0.847	0.868	0.00185269772124498	0.0018526977212449	1	300	A15	C1	10000	10000	0	0.5	300	1
254	0.218680672775291	0.218680672775291	0	0	0	0.218680672775291	0.218680672775291	FGr	300	A15	C1	10000	10000	0	0.5	300	1
255	0.363297470975502	0.363297470975502	0	0	0	0.363297470975502	0.363297470975502	NoCorrection	300	A15	C1	10000	10000	0	0.5	300	1
256	0.00401737452090017	0.00401737452090013	0	0.659	0.674	0.00401737452090017	0.00401737452090013	ID	300	A15	C1	10000	10000	0	0.5	300	1
257	-0.00432298562390003	0.00352182624999992	0	0.582	0.782	-0.00432298562390003	0.00352182624999992	1	1000	A15	C1	10000	10000	0	0.5	300	0
258	-0.00268964144195003	0.00443837765500021	0	0.732	0.747	-0.00268964144195003	0.00443837765500021	FGr	1000	A15	C1	10000	10000	0	0.5	300	0
259	-0.00957667162529997	-0.00593738658499983	0	0.222	0.649	-0.00957667162529997	-0.00593738658499983	NoCorrection	1000	A15	C1	10000	10000	0	0.5	300	0
260	-0.00370914442005006	0.00332253848499994	0	0.629	0.785	-0.00370914442005006	0.00332253848499994	ID	1000	A15	C1	10000	10000	0	0.5	300	0
261	0.01392731112314	0.00366301550999999	0	0.113	0.809	0.01392731112314	0.00366301550999999	1	1000	A15	C1	10000	10000	0	0.5	300	0.1
262	0.0257227280646101	0.0222993886649999	0	0.003	0.108	0.0257227280646101	0.0222993886649999	FGr	1000	A15	C1	10000	10000	0	0.5	300	0.1
263	0.0501353056618001	0.0869152761349998	0	0	0	0.0501353056618001	0.0869152761349998	NoCorrection	1000	A15	C1	10000	10000	0	0.5	300	0.1
264	0.01509410455157	0.00447596959500007	0	0.105	0.749	0.01509410455157	0.00447596959500007	ID	1000	A15	C1	10000	10000	0	0.5	300	0.1
265	0.00166308325345002	0.0211070877450001	0	0.841	0.12	0.00166308325345002	0.0211070877450001	1	1000	A15	C1	10000	10000	0	0.5	300	0.5
266	0.0613762956167452	0.16919720804	0	0	0	0.0613762956167452	0.16919720804	FGr	1000	A15	C1	10000	10000	0	0.5	300	0.5
267	0.1695914504488	0.428182811924999	0	0	0	0.1695914504488	0.428182811924999	NoCorrection	1000	A15	C1	10000	10000	0	0.5	300	0.5
268	0.00306670273825	0.01821614955	0	0.728	0.169	0.00306670273825	0.01821614955	ID	1000	A15	C1	10000	10000	0	0.5	300	0.5
269	0.00887173871079995	0.0139069586299999	0	0.253	0.286	0.00887173871079995	0.0139069586299999	1	1000	A15	C1	10000	10000	0	0.5	300	1
270	0.122121710721949	0.278157328514999	0	0	0	0.122121710721949	0.278157328514999	FGr	1000	A15	C1	10000	10000	0	0.5	300	1
271	0.337211652379748	0.792320593440001	0	0	0	0.337211652379748	0.792320593440001	NoCorrection	1000	A15	C1	10000	10000	0	0.5	300	1
272	0.00804875288509009	0.00799876666499997	0	0.309	0.532	0.00804875288509009	0.00799876666499997	ID	1000	A15	C1	10000	10000	0	0.5	300	1
273	-0.00967032997988001	-0.00688632106500037	0	0.249	0.761	-0.00967032997988001	-0.00688632106500037	1	10000	A15	C1	10000	10000	0	0.5	300	0
274	-0.00955808612453003	-0.00677562856499964	0	0.259	0.736	-0.00955808612453003	-0.00677562856499964	FGr	10000	A15	C1	10000	10000	0	0.5	300	0
275	-0.00876464141917974	0.0035530212850003	0	0.28	0.87	-0.00876464141917974	0.0035530212850003	NoCorrection	10000	A15	C1	10000	10000	0	0.5	300	0
276	-0.0104286943921499	-0.00713624758999997	0	0.194	0.751	-0.0104286943921499	-0.00713624758999997	ID	10000	A15	C1	10000	10000	0	0.5	300	0
277	-0.00342597197106995	-0.011878012705	0	0.705	0.611	-0.00342597197106995	-0.011878012705	1	10000	A15	C1	10000	10000	0	0.5	300	0.1
278	-0.0037857135078301	-0.0151940879	0	0.688	0.474	-0.0037857135078301	-0.0151940879	FGr	10000	A15	C1	10000	10000	0	0.5	300	0.1
279	0.0175537191380502	0.13845945254	0	0.041	0	0.0175537191380502	0.13845945254	NoCorrection	10000	A15	C1	10000	10000	0	0.5	300	0.1
280	-0.00389371044749504	-0.0161053437300001	0	0.664	0.458	-0.00389371044749504	-0.0161053437300001	ID	10000	A15	C1	10000	10000	0	0.5	300	0.1
281	0.00760818717694998	0.029872763615	0	0.377	0.203	0.00760818717694998	0.029872763615	1	10000	A15	C1	10000	10000	0	0.5	300	0.5
282	0.01485458568659	0.0737763460750001	0	0.102	0.001	0.01485458568659	0.0737763460750001	FGr	10000	A15	C1	10000	10000	0	0.5	300	0.5
283	0.1514503423667	0.912197518864999	0	0	0	0.1514503423667	0.912197518864999	NoCorrection	10000	A15	C1	10000	10000	0	0.5	300	0.5
284	0.00686083716384999	0.020928713285	0	0.474	0.365	0.00686083716384999	0.020928713285	ID	10000	A15	C1	10000	10000	0	0.5	300	0.5
285	-0.00168246961760014	0.04761369711	0	0.825	0.028	-0.00168246961760014	0.04761369711	1	10000	A15	C1	10000	10000	0	0.5	300	1
286	0.0154495338684	0.138398578605	0	0.071	0	0.0154495338684	0.138398578605	FGr	10000	A15	C1	10000	10000	0	0.5	300	1
287	0.29376799442815	1.8463532523	0	0	0	0.29376799442815	1.8463532523	NoCorrection	10000	A15	C1	10000	10000	0	0.5	300	1
288	-0.000537575584449919	0.047363740735	0	0.954	0.026	-0.000537575584449919	0.047363740735	ID	10000	A15	C1	10000	10000	0	0.5	300	1
289	0.025266786655	0.025266786655	0	0.464	0.455	0.025266786655	0.025266786655	1	300	A15	C2	1000	100	0	0.5	300	0
290	0.02435793147	0.02435793147	0	0.488	0.491	0.02435793147	0.02435793147	FGr	300	A15	C2	1000	100	0	0.5	300	0
291	0.023960929772	0.023960929772	0	0.492	0.485	0.023960929772	0.023960929772	NoCorrection	300	A15	C2	1000	100	0	0.5	300	0
292	0.02439490018	0.02439490018	0	0.484	0.46	0.02439490018	0.02439490018	ID	300	A15	C2	1000	100	0	0.5	300	0
293	-0.048827284576	-0.048827284576	0	0.128	0.137	-0.048827284576	-0.048827284576	1	300	A15	C2	1000	100	0	0.5	300	0.1
294	-0.0391388321747	-0.0391388321747	0	0.222	0.227	-0.0391388321747	-0.0391388321747	FGr	300	A15	C2	1000	100	0	0.5	300	0.1
295	-0.039270859687	-0.039270859687	0	0.213	0.224	-0.039270859687	-0.039270859687	NoCorrection	300	A15	C2	1000	100	0	0.5	300	0.1
296	-0.044255409545	-0.044255409545	0	0.182	0.151	-0.044255409545	-0.044255409545	ID	300	A15	C2	1000	100	0	0.5	300	0.1
297	-0.00702980104	-0.00702980104	0	0.808	0.84	-0.00702980104	-0.00702980104	1	300	A15	C2	1000	100	0	0.5	300	0.5
298	0.01270984391	0.01270984391	0	0.699	0.744	0.01270984391	0.01270984391	FGr	300	A15	C2	1000	100	0	0.5	300	0.5
299	0.012439796245	0.012439796245	0	0.71	0.741	0.012439796245	0.012439796245	NoCorrection	300	A15	C2	1000	100	0	0.5	300	0.5
300	0.000239877819999999	0.000239877819999985	0	0.994	0.994	0.000239877819999999	0.000239877819999985	ID	300	A15	C2	1000	100	0	0.5	300	0.5
301	-0.035281436745	-0.035281436745	0	0.317	0.315	-0.035281436745	-0.035281436745	1	300	A15	C2	1000	100	0	0.5	300	1
302	0.00794051236500007	0.00794051236500001	0	0.886	0.889	0.00794051236500007	0.00794051236500001	FGr	300	A15	C2	1000	100	0	0.5	300	1
303	0.00811011725000001	0.00811011725000013	0	0.876	0.872	0.00811011725000001	0.00811011725000013	NoCorrection	300	A15	C2	1000	100	0	0.5	300	1
304	-0.019035187995	-0.0190351879950001	0	0.547	0.562	-0.019035187995	-0.0190351879950001	ID	300	A15	C2	1000	100	0	0.5	300	1
305	0.0503642407170001	-0.0462307830000001	0	0.132	0.42	0.0503642407170001	-0.0462307830000001	1	1000	A15	C2	1000	100	0	0.5	300	0
306	0.05339678137	-0.0412440530000002	0	0.112	0.45	0.05339678137	-0.0412440530000002	FGr	1000	A15	C2	1000	100	0	0.5	300	0
307	0.0523489473450001	-0.043822286	0	0.133	0.412	0.0523489473450001	-0.043822286	NoCorrection	1000	A15	C2	1000	100	0	0.5	300	0
308	0.0518969160085	-0.0459196905000001	0	0.138	0.429	0.0518969160085	-0.0459196905000001	ID	1000	A15	C2	1000	100	0	0.5	300	0
309	-0.0127512791	-0.032372985	0	0.7	0.568	-0.0127512791	-0.032372985	1	1000	A15	C2	1000	100	0	0.5	300	0.1
310	-0.006643228386	-0.0197927995	0	0.846	0.714	-0.006643228386	-0.0197927995	FGr	1000	A15	C2	1000	100	0	0.5	300	0.1
311	-0.00710040816000001	-0.018055657	0	0.866	0.762	-0.00710040816000001	-0.018055657	NoCorrection	1000	A15	C2	1000	100	0	0.5	300	0.1
312	-0.01415672889	-0.049002122	0	0.679	0.375	-0.01415672889	-0.049002122	ID	1000	A15	C2	1000	100	0	0.5	300	0.1
313	0.03364176632	0.1181442725	0	0.311	0.035	0.03364176632	0.1181442725	1	1000	A15	C2	1000	100	0	0.5	300	0.5
314	-0.02385369856785	-0.01387763	0	0.587	0.853	-0.02385369856785	-0.01387763	FGr	1000	A15	C2	1000	100	0	0.5	300	0.5
315	-0.025939819765	-0.00987305449999999	0	0.525	0.884	-0.025939819765	-0.00987305449999999	NoCorrection	1000	A15	C2	1000	100	0	0.5	300	0.5
316	0.02673348455	0.092800519	0	0.406	0.092	0.02673348455	0.092800519	ID	1000	A15	C2	1000	100	0	0.5	300	0.5
317	0.003858760525	-0.012476787	0	0.892	0.849	0.003858760525	-0.012476787	1	1000	A15	C2	1000	100	0	0.5	300	1
318	-0.09317424816	-0.2112093605	0	0.076	0.017	-0.09317424816	-0.2112093605	FGr	1000	A15	C2	1000	100	0	0.5	300	1
319	-0.09583580195	-0.2163175535	0	0.089	0.019	-0.09583580195	-0.2163175535	NoCorrection	1000	A15	C2	1000	100	0	0.5	300	1
320	0.00179620836499997	-0.0452473	0	0.944	0.405	0.00179620836499997	-0.0452473	ID	1000	A15	C2	1000	100	0	0.5	300	1
321	-0.019048765715	-0.0131801705	0	0.577	0.894	-0.019048765715	-0.0131801705	1	10000	A15	C2	1000	100	0	0.5	300	0
322	-0.018234093968	-0.00246012000000016	0	0.615	0.975	-0.018234093968	-0.00246012000000016	FGr	10000	A15	C2	1000	100	0	0.5	300	0
323	-0.019478863775	-0.0144404250000002	0	0.586	0.828	-0.019478863775	-0.0144404250000002	NoCorrection	10000	A15	C2	1000	100	0	0.5	300	0
324	-0.019969616793	-0.0205356985000001	0	0.562	0.801	-0.019969616793	-0.0205356985000001	ID	10000	A15	C2	1000	100	0	0.5	300	0
325	-0.028651588585	0.136073145	0	0.331	0.153	-0.028651588585	0.136073145	1	10000	A15	C2	1000	100	0	0.5	300	0.1
326	-0.029803766694	0.119230437	0	0.328	0.177	-0.029803766694	0.119230437	FGr	10000	A15	C2	1000	100	0	0.5	300	0.1
327	-0.02900372647	0.133980891	0	0.339	0.16	-0.02900372647	0.133980891	NoCorrection	10000	A15	C2	1000	100	0	0.5	300	0.1
328	-0.029097422203	0.14320688	0	0.344	0.109	-0.029097422203	0.14320688	ID	10000	A15	C2	1000	100	0	0.5	300	0.1
329	0.029720184165	0.1190278775	0	0.402	0.165	0.029720184165	0.1190278775	1	10000	A15	C2	1000	100	0	0.5	300	0.5
330	0.029637045	-0.15342085	0	0.491	0.142	0.029637045	-0.15342085	FGr	10000	A15	C2	1000	100	0	0.5	300	0.5
331	0.02602143148	-0.139816035	0	0.539	0.197	0.02602143148	-0.139816035	NoCorrection	10000	A15	C2	1000	100	0	0.5	300	0.5
332	0.02560930737	0.0958067154999999	0	0.44	0.272	0.02560930737	0.0958067154999999	ID	10000	A15	C2	1000	100	0	0.5	300	0.5
333	-0.01592924648	-0.0489410599999999	0	0.683	0.584	-0.01592924648	-0.0489410599999999	1	10000	A15	C2	1000	100	0	0.5	300	1
334	-0.0201151059349999	-0.150849685	0	0.732	0.256	-0.0201151059349999	-0.150849685	FGr	10000	A15	C2	1000	100	0	0.5	300	1
335	-0.02120229233	-0.11988521	0	0.712	0.348	-0.02120229233	-0.11988521	NoCorrection	10000	A15	C2	1000	100	0	0.5	300	1
336	-0.022209398128	-0.0117053299999999	0	0.571	0.904	-0.022209398128	-0.0117053299999999	ID	10000	A15	C2	1000	100	0	0.5	300	1
337	0.03225577775606	0.0322557777560601	0	0.214	0.208	0.03225577775606	0.0322557777560601	1	300	A15	C2	1000	1000	0	0.5	300	0
338	0.0306234822404999	0.0306234822405	0	0.249	0.26	0.0306234822404999	0.0306234822405	FGr	300	A15	C2	1000	1000	0	0.5	300	0
339	0.03171126074025	0.0317112607402499	0	0.246	0.228	0.03171126074025	0.0317112607402499	NoCorrection	300	A15	C2	1000	1000	0	0.5	300	0
340	0.031723493374	0.031723493374	0	0.232	0.243	0.031723493374	0.031723493374	ID	300	A15	C2	1000	1000	0	0.5	300	0
341	-0.00426004092000016	-0.00426004092000016	0	0.822	0.854	-0.00426004092000016	-0.00426004092000016	1	300	A15	C2	1000	1000	0	0.5	300	0.1
342	-0.00279969339700001	-0.00279969339700003	0	0.913	0.891	-0.00279969339700001	-0.00279969339700003	FGr	300	A15	C2	1000	1000	0	0.5	300	0.1
343	-0.003692565008	-0.00369256500800006	0	0.856	0.852	-0.003692565008	-0.00369256500800006	NoCorrection	300	A15	C2	1000	1000	0	0.5	300	0.1
344	-0.00585129644999997	-0.00585129644999999	0	0.786	0.784	-0.00585129644999997	-0.00585129644999999	ID	300	A15	C2	1000	1000	0	0.5	300	0.1
345	-0.00283032957159997	-0.00283032957160006	0	0.9	0.895	-0.00283032957159997	-0.00283032957160006	1	300	A15	C2	1000	1000	0	0.5	300	0.5
346	0.0149592961135	0.0149592961135	0	0.536	0.535	0.0149592961135	0.0149592961135	FGr	300	A15	C2	1000	1000	0	0.5	300	0.5
347	0.0165765869322	0.0165765869322001	0	0.505	0.51	0.0165765869322	0.0165765869322001	NoCorrection	300	A15	C2	1000	1000	0	0.5	300	0.5
348	-0.0074569487235	-0.00745694872349999	0	0.7	0.719	-0.0074569487235	-0.00745694872349999	ID	300	A15	C2	1000	1000	0	0.5	300	0.5
349	-0.00659785245679971	-0.00659785245679974	0	0.78	0.775	-0.00659785245679971	-0.00659785245679974	1	300	A15	C2	1000	1000	0	0.5	300	1
350	0.0251736028575	0.0251736028575001	0	0.465	0.466	0.0251736028575	0.0251736028575001	FGr	300	A15	C2	1000	1000	0	0.5	300	1
351	0.02701322591	0.02701322591	0	0.402	0.411	0.02701322591	0.02701322591	NoCorrection	300	A15	C2	1000	1000	0	0.5	300	1
352	-0.01633493703315	-0.0163349370331499	0	0.486	0.477	-0.01633493703315	-0.0163349370331499	ID	300	A15	C2	1000	1000	0	0.5	300	1
353	-0.0418374389247001	-0.0537751901499998	0	0.064	0.129	-0.0418374389247001	-0.0537751901499998	1	1000	A15	C2	1000	1000	0	0.5	300	0
354	-0.04088448833	-0.0509148515000003	0	0.055	0.169	-0.04088448833	-0.0509148515000003	FGr	1000	A15	C2	1000	1000	0	0.5	300	0
355	-0.0417258133639999	-0.0514666484	0	0.042	0.158	-0.0417258133639999	-0.0514666484	NoCorrection	1000	A15	C2	1000	1000	0	0.5	300	0
356	-0.0417987367574999	-0.0539135717000001	0	0.057	0.143	-0.0417987367574999	-0.0539135717000001	ID	1000	A15	C2	1000	1000	0	0.5	300	0
357	0.029420424846	0.0403616166	0	0.122	0.242	0.029420424846	0.0403616166	1	1000	A15	C2	1000	1000	0	0.5	300	0.1
358	0.0297383175605	0.0389425868	0	0.109	0.232	0.0297383175605	0.0389425868	FGr	1000	A15	C2	1000	1000	0	0.5	300	0.1
359	0.02976205919	0.03896459585	0	0.111	0.274	0.02976205919	0.03896459585	NoCorrection	1000	A15	C2	1000	1000	0	0.5	300	0.1
360	0.029608676143	0.0363524103	0	0.119	0.276	0.029608676143	0.0363524103	ID	1000	A15	C2	1000	1000	0	0.5	300	0.1
361	0.0191267663725001	-0.0089656721	0	0.371	0.817	0.0191267663725001	-0.0089656721	1	1000	A15	C2	1000	1000	0	0.5	300	0.5
362	0.0210926863679999	-0.0182394265000001	0	0.388	0.667	0.0210926863679999	-0.0182394265000001	FGr	1000	A15	C2	1000	1000	0	0.5	300	0.5
363	0.02013139882755	-0.0179967376	0	0.438	0.647	0.02013139882755	-0.0179967376	NoCorrection	1000	A15	C2	1000	1000	0	0.5	300	0.5
364	0.0195952855405001	-0.01881526645	0	0.411	0.623	0.0195952855405001	-0.01881526645	ID	1000	A15	C2	1000	1000	0	0.5	300	0.5
365	-0.0165333134320001	-0.00019661420000007	0	0.449	0.992	-0.0165333134320001	-0.00019661420000007	1	1000	A15	C2	1000	1000	0	0.5	300	1
366	-0.0158247241905	0.0279317041500001	0	0.576	0.573	-0.0158247241905	0.0279317041500001	FGr	1000	A15	C2	1000	1000	0	0.5	300	1
367	-0.0133765755049999	0.0478453976999999	0	0.65	0.351	-0.0133765755049999	0.0478453976999999	NoCorrection	1000	A15	C2	1000	1000	0	0.5	300	1
368	-0.015181086647	-0.0156248879	0	0.469	0.643	-0.015181086647	-0.0156248879	ID	1000	A15	C2	1000	1000	0	0.5	300	1
369	-0.0182304261165	-0.0311775398499996	0	0.425	0.574	-0.0182304261165	-0.0311775398499996	1	10000	A15	C2	1000	1000	0	0.5	300	0
370	-0.01846257993225	-0.0266769545499998	0	0.413	0.616	-0.01846257993225	-0.0266769545499998	FGr	10000	A15	C2	1000	1000	0	0.5	300	0
371	-0.0180833052583	-0.0319250420000002	0	0.443	0.556	-0.0180833052583	-0.0319250420000002	NoCorrection	10000	A15	C2	1000	1000	0	0.5	300	0
372	-0.0190212656499	-0.0313812036500002	0	0.443	0.575	-0.0190212656499	-0.0313812036500002	ID	10000	A15	C2	1000	1000	0	0.5	300	0
373	0.0114753716925	0.02528896495	0	0.622	0.62	0.0114753716925	0.02528896495	1	10000	A15	C2	1000	1000	0	0.5	300	0.1
374	0.015462523208	0.0243013304999999	0	0.487	0.651	0.015462523208	0.0243013304999999	FGr	10000	A15	C2	1000	1000	0	0.5	300	0.1
375	0.0153658042165	0.0242657821	0	0.493	0.642	0.0153658042165	0.0242657821	NoCorrection	10000	A15	C2	1000	1000	0	0.5	300	0.1
376	0.011216405995	0.0231984820499999	0	0.619	0.694	0.011216405995	0.0231984820499999	ID	10000	A15	C2	1000	1000	0	0.5	300	0.1
377	0.00509693173569998	0.0560979986999998	0	0.798	0.277	0.00509693173569998	0.0560979986999998	1	10000	A15	C2	1000	1000	0	0.5	300	0.5
378	0.013392994165	0.1099495315	0	0.565	0.078	0.013392994165	0.1099495315	FGr	10000	A15	C2	1000	1000	0	0.5	300	0.5
379	0.0164680970285	0.093075443	0	0.478	0.138	0.0164680970285	0.093075443	NoCorrection	10000	A15	C2	1000	1000	0	0.5	300	0.5
380	0.00501562751150006	0.06285684675	0	0.772	0.234	0.00501562751150006	0.06285684675	ID	10000	A15	C2	1000	1000	0	0.5	300	0.5
381	-0.02330336448	0.0268768326499997	0	0.289	0.602	-0.02330336448	0.0268768326499997	1	10000	A15	C2	1000	1000	0	0.5	300	1
382	-0.00684312371450014	0.0632794310000004	0	0.836	0.382	-0.00684312371450014	0.0632794310000004	FGr	10000	A15	C2	1000	1000	0	0.5	300	1
383	-0.00165548124324995	0.1023815255	0	0.964	0.171	-0.00165548124324995	0.1023815255	NoCorrection	10000	A15	C2	1000	1000	0	0.5	300	1
384	-0.0237598014594999	0.0386186694000001	0	0.282	0.449	-0.0237598014594999	0.0386186694000001	ID	10000	A15	C2	1000	1000	0	0.5	300	1
385	0.0264533884857996	0.0264533884857996	0	0.25	0.232	0.0264533884857996	0.0264533884857996	1	300	A15	C2	1000	10000	0	0.5	300	0
386	0.0256047336638998	0.0256047336638997	0	0.272	0.263	0.0256047336638998	0.0256047336638997	FGr	300	A15	C2	1000	10000	0	0.5	300	0
387	0.0255605331717506	0.0255605331717506	0	0.262	0.302	0.0255605331717506	0.0255605331717506	NoCorrection	300	A15	C2	1000	10000	0	0.5	300	0
388	0.0251754345209001	0.0251754345209001	0	0.262	0.296	0.0251754345209001	0.0251754345209001	ID	300	A15	C2	1000	10000	0	0.5	300	0
389	0.0544387371312	0.0544387371312001	0	0.018	0.012	0.0544387371312	0.0544387371312001	1	300	A15	C2	1000	10000	0	0.5	300	0.1
390	0.05444205187133	0.05444205187133	0	0.01	0.01	0.05444205187133	0.05444205187133	FGr	300	A15	C2	1000	10000	0	0.5	300	0.1
391	0.0543924740894201	0.05439247408942	0	0.007	0.011	0.0543924740894201	0.05439247408942	NoCorrection	300	A15	C2	1000	10000	0	0.5	300	0.1
392	0.0553336384874998	0.0553336384874998	0	0.011	0.013	0.0553336384874998	0.0553336384874998	ID	300	A15	C2	1000	10000	0	0.5	300	0.1
393	-0.0162131186874	-0.0162131186874	0	0.458	0.452	-0.0162131186874	-0.0162131186874	1	300	A15	C2	1000	10000	0	0.5	300	0.5
394	-0.015046040408	-0.015046040408	0	0.496	0.501	-0.015046040408	-0.015046040408	FGr	300	A15	C2	1000	10000	0	0.5	300	0.5
395	-0.014997866144	-0.014997866144	0	0.476	0.5	-0.014997866144	-0.014997866144	NoCorrection	300	A15	C2	1000	10000	0	0.5	300	0.5
396	-0.01057641532285	-0.0105764153228501	0	0.613	0.635	-0.01057641532285	-0.0105764153228501	ID	300	A15	C2	1000	10000	0	0.5	300	0.5
397	0.000463501408349956	0.00046350140834997	0	0.979	0.98	0.000463501408349956	0.00046350140834997	1	300	A15	C2	1000	10000	0	0.5	300	1
398	0.00413260418585501	0.00413260418585502	0	0.872	0.887	0.00413260418585501	0.00413260418585502	FGr	300	A15	C2	1000	10000	0	0.5	300	1
399	0.0040798518994	0.0040798518994	0	0.89	0.886	0.0040798518994	0.0040798518994	NoCorrection	300	A15	C2	1000	10000	0	0.5	300	1
400	0.0134298279868	0.0134298279868	0	0.471	0.464	0.0134298279868	0.0134298279868	ID	300	A15	C2	1000	10000	0	0.5	300	1
401	-0.0110946946654	-0.0168332786099994	0	0.549	0.579	-0.0110946946654	-0.0168332786099994	1	1000	A15	C2	1000	10000	0	0.5	300	0
402	-0.0106230965234	-0.01997199436	0	0.59	0.495	-0.0106230965234	-0.01997199436	FGr	1000	A15	C2	1000	10000	0	0.5	300	0
403	-0.0108127084138	-0.0153085904449997	0	0.567	0.578	-0.0108127084138	-0.0153085904449997	NoCorrection	1000	A15	C2	1000	10000	0	0.5	300	0
404	-0.01098118834025	-0.0166125854449999	0	0.545	0.585	-0.01098118834025	-0.0166125854449999	ID	1000	A15	C2	1000	10000	0	0.5	300	0
405	0.0124935164761	0.00421385769000002	0	0.551	0.894	0.0124935164761	0.00421385769000002	1	1000	A15	C2	1000	10000	0	0.5	300	0.1
406	0.01101176131055	0.00471814336000017	0	0.594	0.882	0.01101176131055	0.00471814336000017	FGr	1000	A15	C2	1000	10000	0	0.5	300	0.1
407	0.01114946023134	0.00649801329500001	0	0.599	0.858	0.01114946023134	0.00649801329500001	NoCorrection	1000	A15	C2	1000	10000	0	0.5	300	0.1
408	0.0120168615212129	0.00237099901499987	0	0.571	0.925	0.0120168615212129	0.00237099901499987	ID	1000	A15	C2	1000	10000	0	0.5	300	0.1
409	0.00883198828874998	-0.00555985053999998	0	0.694	0.856	0.00883198828874998	-0.00555985053999998	1	1000	A15	C2	1000	10000	0	0.5	300	0.5
410	0.0017489829267585	0.0129141937150004	0	0.939	0.719	0.0017489829267585	0.0129141937150004	FGr	1000	A15	C2	1000	10000	0	0.5	300	0.5
411	0.00198721714899962	0.00926237494999994	0	0.933	0.784	0.00198721714899962	0.00926237494999994	NoCorrection	1000	A15	C2	1000	10000	0	0.5	300	0.5
412	0.00579534223394941	0.00817028525999977	0	0.786	0.81	0.00579534223394941	0.00817028525999977	ID	1000	A15	C2	1000	10000	0	0.5	300	0.5
413	0.00826253171365011	0.0108675734500006	0	0.697	0.753	0.00826253171365011	0.0108675734500006	1	1000	A15	C2	1000	10000	0	0.5	300	1
414	-0.00661288441115013	0.0246446151799973	0	0.814	0.597	-0.00661288441115013	0.0246446151799973	FGr	1000	A15	C2	1000	10000	0	0.5	300	1
415	-0.00717453810245005	0.0191503241700001	0	0.819	0.686	-0.00717453810245005	0.0191503241700001	NoCorrection	1000	A15	C2	1000	10000	0	0.5	300	1
416	0.00302204087110002	-0.0120984005750023	0	0.885	0.691	0.00302204087110002	-0.0120984005750023	ID	1000	A15	C2	1000	10000	0	0.5	300	1
417	-0.0318694156671	-0.0480094865249988	0	0.119	0.322	-0.0318694156671	-0.0480094865249988	1	10000	A15	C2	1000	10000	0	0.5	300	0
418	-0.0338398529538	-0.0399164884000005	0	0.105	0.39	-0.0338398529538	-0.0399164884000005	FGr	10000	A15	C2	1000	10000	0	0.5	300	0
419	-0.03289651953325	-0.0359155797950004	0	0.104	0.453	-0.03289651953325	-0.0359155797950004	NoCorrection	10000	A15	C2	1000	10000	0	0.5	300	0
420	-0.0319683830412	-0.0476851630649999	0	0.126	0.309	-0.0319683830412	-0.0476851630649999	ID	10000	A15	C2	1000	10000	0	0.5	300	0
421	-0.0122210966805	-0.0205814165000006	0	0.557	0.654	-0.0122210966805	-0.0205814165000006	1	10000	A15	C2	1000	10000	0	0.5	300	0.1
422	-0.00604787671355001	-0.00260621143500009	0	0.767	0.965	-0.00604787671355001	-0.00260621143500009	FGr	10000	A15	C2	1000	10000	0	0.5	300	0.1
423	-0.00958890741515003	0.00381908765000023	0	0.655	0.946	-0.00958890741515003	0.00381908765000023	NoCorrection	10000	A15	C2	1000	10000	0	0.5	300	0.1
424	-0.01258192646348	-0.0192201177999993	0	0.538	0.705	-0.01258192646348	-0.0192201177999993	ID	10000	A15	C2	1000	10000	0	0.5	300	0.1
425	0.00411934573645009	-0.0800503662999989	0	0.85	0.133	0.00411934573645009	-0.0800503662999989	1	10000	A15	C2	1000	10000	0	0.5	300	0.5
426	0.0136063414268002	-0.1017944446	0	0.614	0.081	0.0136063414268002	-0.1017944446	FGr	10000	A15	C2	1000	10000	0	0.5	300	0.5
427	0.0118362671385408	-0.1099413716	0	0.682	0.061	0.0118362671385408	-0.1099413716	NoCorrection	10000	A15	C2	1000	10000	0	0.5	300	0.5
428	0.00339306953549975	-0.0590313205499984	0	0.889	0.271	0.00339306953549975	-0.0590313205499984	ID	10000	A15	C2	1000	10000	0	0.5	300	0.5
429	0.00473278682900006	-0.0814980117799998	0	0.803	0.095	0.00473278682900006	-0.0814980117799998	1	10000	A15	C2	1000	10000	0	0.5	300	1
430	0.0253976905350001	-0.117421786199998	0	0.479	0.144	0.0253976905350001	-0.117421786199998	FGr	10000	A15	C2	1000	10000	0	0.5	300	1
431	0.0232943567877504	-0.133439663249997	0	0.498	0.1	0.0232943567877504	-0.133439663249997	NoCorrection	10000	A15	C2	1000	10000	0	0.5	300	1
432	0.00269191691125001	-0.105986280885	0	0.893	0.021	0.00269191691125001	-0.105986280885	ID	10000	A15	C2	1000	10000	0	0.5	300	1
433	0.00877379364299999	0.008773793643	0	0.346	0.336	0.00877379364299999	0.008773793643	1	300	A15	C2	10000	100	0	0.5	300	0
434	0.00824459244500001	0.00824459244499999	0	0.344	0.341	0.00824459244500001	0.00824459244499999	FGr	300	A15	C2	10000	100	0	0.5	300	0
435	0.0082347416	0.00823474160000001	0	0.355	0.364	0.0082347416	0.00823474160000001	NoCorrection	300	A15	C2	10000	100	0	0.5	300	0
436	0.00780077335349999	0.0078007733535	0	0.379	0.363	0.00780077335349999	0.0078007733535	ID	300	A15	C2	10000	100	0	0.5	300	0
437	-0.00890345074500001	-0.008903450745	0	0.389	0.371	-0.00890345074500001	-0.008903450745	1	300	A15	C2	10000	100	0	0.5	300	0.1
438	-0.00560991361145	-0.00560991361145	0	0.574	0.594	-0.00560991361145	-0.00560991361145	FGr	300	A15	C2	10000	100	0	0.5	300	0.1
439	-0.00553780872400001	-0.00553780872399999	0	0.606	0.577	-0.00553780872400001	-0.00553780872399999	NoCorrection	300	A15	C2	10000	100	0	0.5	300	0.1
440	-0.00912860553	-0.00912860553	0	0.375	0.389	-0.00912860553	-0.00912860553	ID	300	A15	C2	10000	100	0	0.5	300	0.1
441	-0.00741846409150001	-0.00741846409149996	0	0.428	0.44	-0.00741846409150001	-0.00741846409149996	1	300	A15	C2	10000	100	0	0.5	300	0.5
442	0.009094480649	0.00909448064900001	0	0.619	0.642	0.009094480649	0.00909448064900001	FGr	300	A15	C2	10000	100	0	0.5	300	0.5
443	0.009269342945	0.00926934294500002	0	0.615	0.592	0.009269342945	0.00926934294500002	NoCorrection	300	A15	C2	10000	100	0	0.5	300	0.5
444	-0.00907684849099999	-0.00907684849100002	0	0.319	0.321	-0.00907684849099999	-0.00907684849100002	ID	300	A15	C2	10000	100	0	0.5	300	0.5
445	0.00828386077	0.00828386077	0	0.439	0.459	0.00828386077	0.00828386077	1	300	A15	C2	10000	100	0	0.5	300	1
446	0.046468445455	0.046468445455	0	0.189	0.176	0.046468445455	0.046468445455	FGr	300	A15	C2	10000	100	0	0.5	300	1
447	0.046717183975	0.046717183975	0	0.193	0.19	0.046717183975	0.046717183975	NoCorrection	300	A15	C2	10000	100	0	0.5	300	1
448	0.00780354112300001	0.007803541123	0	0.406	0.424	0.00780354112300001	0.007803541123	ID	300	A15	C2	10000	100	0	0.5	300	1
449	0.00205739165449999	0.0105095155	0	0.845	0.574	0.00205739165449999	0.0105095155	1	1000	A15	C2	10000	100	0	0.5	300	0
450	0.00190242268849998	0.00959177099999999	0	0.869	0.606	0.00190242268849998	0.00959177099999999	FGr	1000	A15	C2	10000	100	0	0.5	300	0
451	0.0017979270938	0.010016845	0	0.882	0.604	0.0017979270938	0.010016845	NoCorrection	1000	A15	C2	10000	100	0	0.5	300	0
452	0.00204689547500001	0.010065032	0	0.854	0.594	0.00204689547500001	0.010065032	ID	1000	A15	C2	10000	100	0	0.5	300	0
453	-0.016911334881	-0.027524501	0	0.109	0.109	-0.016911334881	-0.027524501	1	1000	A15	C2	10000	100	0	0.5	300	0.1
454	-0.01507578211	-0.01783391	0	0.176	0.332	-0.01507578211	-0.01783391	FGr	1000	A15	C2	10000	100	0	0.5	300	0.1
455	-0.015076487265	-0.0178366045	0	0.206	0.347	-0.015076487265	-0.0178366045	NoCorrection	1000	A15	C2	10000	100	0	0.5	300	0.1
456	-0.016292693851	-0.0261197475	0	0.143	0.129	-0.016292693851	-0.0261197475	ID	1000	A15	C2	10000	100	0	0.5	300	0.1
457	-0.00436441972949999	-0.0217940295	0	0.737	0.288	-0.00436441972949999	-0.0217940295	1	1000	A15	C2	10000	100	0	0.5	300	0.5
458	0.00162690766500001	-0.039619261	0	0.952	0.28	0.00162690766500001	-0.039619261	FGr	1000	A15	C2	10000	100	0	0.5	300	0.5
459	0.00170460433099999	-0.0368411245	0	0.939	0.294	0.00170460433099999	-0.0368411245	NoCorrection	1000	A15	C2	10000	100	0	0.5	300	0.5
460	-0.002850805784	-0.0289510785	0	0.795	0.171	-0.002850805784	-0.0289510785	ID	1000	A15	C2	10000	100	0	0.5	300	0.5
461	-0.010104308071	-0.00486981100000001	0	0.39	0.799	-0.010104308071	-0.00486981100000001	1	1000	A15	C2	10000	100	0	0.5	300	1
462	0.00251347778399996	0.00301737099999995	0	0.956	0.958	0.00251347778399996	0.00301737099999995	FGr	1000	A15	C2	10000	100	0	0.5	300	1
463	0.00238037261700002	0.00299190400000004	0	0.951	0.954	0.00238037261700002	0.00299190400000004	NoCorrection	1000	A15	C2	10000	100	0	0.5	300	1
464	-0.00676043812149999	-0.002123658	0	0.545	0.881	-0.00676043812149999	-0.002123658	ID	1000	A15	C2	10000	100	0	0.5	300	1
465	0.007070006033	-0.0303819675	0	0.496	0.314	0.007070006033	-0.0303819675	1	10000	A15	C2	10000	100	0	0.5	300	0
466	0.0071394050025	-0.0141612985	0	0.507	0.645	0.0071394050025	-0.0141612985	FGr	10000	A15	C2	10000	100	0	0.5	300	0
467	0.007673727715	-0.027393332	0	0.476	0.348	0.007673727715	-0.027393332	NoCorrection	10000	A15	C2	10000	100	0	0.5	300	0
468	0.007027797639	-0.0319983465	0	0.505	0.287	0.007027797639	-0.0319983465	ID	10000	A15	C2	10000	100	0	0.5	300	0
469	-0.00448361920000001	-0.00473478000000002	0	0.66	0.856	-0.00448361920000001	-0.00473478000000002	1	10000	A15	C2	10000	100	0	0.5	300	0.1
470	-0.0028689925845	0.00188487299999996	0	0.775	0.947	-0.0028689925845	0.00188487299999996	FGr	10000	A15	C2	10000	100	0	0.5	300	0.1
471	-0.001962075759	0.0136931035	0	0.867	0.639	-0.001962075759	0.0136931035	NoCorrection	10000	A15	C2	10000	100	0	0.5	300	0.1
472	-0.00453775083199999	-0.00197818250000001	0	0.689	0.943	-0.00453775083199999	-0.00197818250000001	ID	10000	A15	C2	10000	100	0	0.5	300	0.1
473	-0.000349179963100029	-0.02191007	0	0.977	0.48	-0.000349179963100029	-0.02191007	1	10000	A15	C2	10000	100	0	0.5	300	0.5
474	0.00819022360999999	-0.0270457300000001	0	0.732	0.588	0.00819022360999999	-0.0270457300000001	FGr	10000	A15	C2	10000	100	0	0.5	300	0.5
475	0.00889462327999998	-0.0171214579999999	0	0.657	0.734	0.00889462327999998	-0.0171214579999999	NoCorrection	10000	A15	C2	10000	100	0	0.5	300	0.5
476	-0.00054291201999999	-0.0220580915	0	0.955	0.469	-0.00054291201999999	-0.0220580915	ID	10000	A15	C2	10000	100	0	0.5	300	0.5
477	0.00932384359	0.017280129	0	0.4	0.508	0.00932384359	0.017280129	1	10000	A15	C2	10000	100	0	0.5	300	1
478	0.02696654363	0.0995802799999999	0	0.438	0.256	0.02696654363	0.0995802799999999	FGr	10000	A15	C2	10000	100	0	0.5	300	1
479	0.0284226595120001	0.11021666	0	0.425	0.214	0.0284226595120001	0.11021666	NoCorrection	10000	A15	C2	10000	100	0	0.5	300	1
480	0.00911506917100001	0.045830473	0	0.406	0.097	0.00911506917100001	0.045830473	ID	10000	A15	C2	10000	100	0	0.5	300	1
481	-0.009849021044345	-0.00984902104434499	0	0.097	0.087	-0.009849021044345	-0.00984902104434499	1	300	A15	C2	10000	1000	0	0.5	300	0
482	-0.0102568170024	-0.0102568170024	0	0.078	0.075	-0.0102568170024	-0.0102568170024	FGr	300	A15	C2	10000	1000	0	0.5	300	0
483	-0.01019149937965	-0.01019149937965	0	0.074	0.084	-0.01019149937965	-0.01019149937965	NoCorrection	300	A15	C2	10000	1000	0	0.5	300	0
484	-0.01032191545005	-0.01032191545005	0	0.07	0.089	-0.01032191545005	-0.01032191545005	ID	300	A15	C2	10000	1000	0	0.5	300	0
485	0.00762662063999998	0.00762662063999997	0	0.248	0.234	0.00762662063999998	0.00762662063999997	1	300	A15	C2	10000	1000	0	0.5	300	0.1
486	0.00669730181289999	0.00669730181289998	0	0.299	0.297	0.00669730181289999	0.00669730181289998	FGr	300	A15	C2	10000	1000	0	0.5	300	0.1
487	0.00650407117614	0.00650407117614	0	0.324	0.316	0.00650407117614	0.00650407117614	NoCorrection	300	A15	C2	10000	1000	0	0.5	300	0.1
488	0.00740088641965	0.00740088641965	0	0.235	0.237	0.00740088641965	0.00740088641965	ID	300	A15	C2	10000	1000	0	0.5	300	0.1
489	-0.00188627667700002	-0.00188627667700001	0	0.782	0.761	-0.00188627667700002	-0.00188627667700001	1	300	A15	C2	10000	1000	0	0.5	300	0.5
490	-0.00932199133550001	-0.00932199133550001	0	0.428	0.462	-0.00932199133550001	-0.00932199133550001	FGr	300	A15	C2	10000	1000	0	0.5	300	0.5
491	-0.00941443880325	-0.00941443880325001	0	0.437	0.445	-0.00941443880325	-0.00941443880325001	NoCorrection	300	A15	C2	10000	1000	0	0.5	300	0.5
492	-0.00385484780859998	-0.00385484780859999	0	0.501	0.492	-0.00385484780859998	-0.00385484780859999	ID	300	A15	C2	10000	1000	0	0.5	300	0.5
493	0.0109139581957	0.0109139581957	0	0.081	0.092	0.0109139581957	0.0109139581957	1	300	A15	C2	10000	1000	0	0.5	300	1
494	-0.0036905137535997	-0.00369051375359974	0	0.862	0.869	-0.0036905137535997	-0.00369051375359974	FGr	300	A15	C2	10000	1000	0	0.5	300	1
495	-0.00404377358889998	-0.00404377358889996	0	0.848	0.849	-0.00404377358889998	-0.00404377358889996	NoCorrection	300	A15	C2	10000	1000	0	0.5	300	1
496	0.00731756790299999	0.007317567903	0	0.22	0.192	0.00731756790299999	0.007317567903	ID	300	A15	C2	10000	1000	0	0.5	300	1
497	0.000366026104550004	0.000302704700000006	0	0.962	0.972	0.000366026104550004	0.000302704700000006	1	1000	A15	C2	10000	1000	0	0.5	300	0
498	-4.08569447099849e-05	-0.000928511499999989	0	0.997	0.919	-4.08569447099849e-05	-0.000928511499999989	FGr	1000	A15	C2	10000	1000	0	0.5	300	0
499	-6.06713330900127e-05	-0.000924786149999999	0	0.992	0.933	-6.06713330900127e-05	-0.000924786149999999	NoCorrection	1000	A15	C2	10000	1000	0	0.5	300	0
500	-2.41337829999875e-05	-0.0013363237	0	0.999	0.905	-2.41337829999875e-05	-0.0013363237	ID	1000	A15	C2	10000	1000	0	0.5	300	0
501	0.00467379986150001	-0.00117290214999998	0	0.548	0.893	0.00467379986150001	-0.00117290214999998	1	1000	A15	C2	10000	1000	0	0.5	300	0.1
502	0.00810017767650001	-0.00120713164999997	0	0.295	0.922	0.00810017767650001	-0.00120713164999997	FGr	1000	A15	C2	10000	1000	0	0.5	300	0.1
503	0.00809329457500002	-0.00121744029999999	0	0.28	0.92	0.00809329457500002	-0.00121744029999999	NoCorrection	1000	A15	C2	10000	1000	0	0.5	300	0.1
504	0.00484370735760001	-0.000617465950000007	0	0.533	0.966	0.00484370735760001	-0.000617465950000007	ID	1000	A15	C2	10000	1000	0	0.5	300	0.1
505	0.00320894876989999	-0.000566895600000005	0	0.646	0.957	0.00320894876989999	-0.000566895600000005	1	1000	A15	C2	10000	1000	0	0.5	300	0.5
506	0.0213476664215001	0.00847354420000001	0	0.089	0.668	0.0213476664215001	0.00847354420000001	FGr	1000	A15	C2	10000	1000	0	0.5	300	0.5
507	0.0213132870404999	0.00933116745000002	0	0.104	0.638	0.0213132870404999	0.00933116745000002	NoCorrection	1000	A15	C2	10000	1000	0	0.5	300	0.5
508	0.00401148859309997	-0.00375306595000001	0	0.532	0.697	0.00401148859309997	-0.00375306595000001	ID	1000	A15	C2	10000	1000	0	0.5	300	0.5
509	0.00364741663489999	-0.01462298235	0	0.609	0.176	0.00364741663489999	-0.01462298235	1	1000	A15	C2	10000	1000	0	0.5	300	1
510	0.0417588772643998	-0.00192318385000001	0	0.119	0.968	0.0417588772643998	-0.00192318385000001	FGr	1000	A15	C2	10000	1000	0	0.5	300	1
511	0.0417921097307	-0.0057531768	0	0.107	0.884	0.0417921097307	-0.0057531768	NoCorrection	1000	A15	C2	10000	1000	0	0.5	300	1
512	0.00474289264099999	-0.0149692108	0	0.463	0.149	0.00474289264099999	-0.0149692108	ID	1000	A15	C2	10000	1000	0	0.5	300	1
513	0.00222854238334999	0.0217263397999999	0	0.694	0.198	0.00222854238334999	0.0217263397999999	1	10000	A15	C2	10000	1000	0	0.5	300	0
514	0.0022367563168	0.02265921575	0	0.708	0.179	0.0022367563168	0.02265921575	FGr	10000	A15	C2	10000	1000	0	0.5	300	0
515	0.0022421931953	0.02165772855	0	0.705	0.202	0.0022421931953	0.02165772855	NoCorrection	10000	A15	C2	10000	1000	0	0.5	300	0
516	0.00224089921940099	0.0267060939	0	0.733	0.121	0.00224089921940099	0.0267060939	ID	10000	A15	C2	10000	1000	0	0.5	300	0
517	0.000977141266500007	0.00310885655000001	0	0.873	0.844	0.000977141266500007	0.00310885655000001	1	10000	A15	C2	10000	1000	0	0.5	300	0.1
518	0.00102814667600001	0.00836549710000006	0	0.888	0.61	0.00102814667600001	0.00836549710000006	FGr	10000	A15	C2	10000	1000	0	0.5	300	0.1
519	0.00103581670636	0.0115638679	0	0.864	0.499	0.00103581670636	0.0115638679	NoCorrection	10000	A15	C2	10000	1000	0	0.5	300	0.1
520	0.000903971479699997	0.0046856262000001	0	0.883	0.749	0.000903971479699997	0.0046856262000001	ID	10000	A15	C2	10000	1000	0	0.5	300	0.1
521	8.18303149999732e-05	-0.00101932084999991	0	0.996	0.942	8.18303149999732e-05	-0.00101932084999991	1	10000	A15	C2	10000	1000	0	0.5	300	0.5
522	0.000677934292000003	-0.0314551762500001	0	0.955	0.326	0.000677934292000003	-0.0314551762500001	FGr	10000	A15	C2	10000	1000	0	0.5	300	0.5
523	0.000648592464500001	-0.0200560201499999	0	0.968	0.583	0.000648592464500001	-0.0200560201499999	NoCorrection	10000	A15	C2	10000	1000	0	0.5	300	0.5
524	-0.000494544145499985	1.76298999999758e-05	0	0.942	0.998	-0.000494544145499985	1.76298999999758e-05	ID	10000	A15	C2	10000	1000	0	0.5	300	0.5
525	0.001342329918	-0.0224880670499999	0	0.815	0.178	0.001342329918	-0.0224880670499999	1	10000	A15	C2	10000	1000	0	0.5	300	1
526	0.00242957026800003	-0.0180988425	0	0.894	0.751	0.00242957026800003	-0.0180988425	FGr	10000	A15	C2	10000	1000	0	0.5	300	1
527	0.00239267339109998	-0.024556389	0	0.878	0.652	0.00239267339109998	-0.024556389	NoCorrection	10000	A15	C2	10000	1000	0	0.5	300	1
528	0.000289965834700006	-0.0190822580000001	0	0.952	0.245	0.000289965834700006	-0.0190822580000001	ID	10000	A15	C2	10000	1000	0	0.5	300	1
529	-0.00207289807781995	-0.00207289807781995	0	0.719	0.733	-0.00207289807781995	-0.00207289807781995	1	300	A15	C2	10000	10000	0	0.5	300	0
530	-0.00168914641159995	-0.00168914641159995	0	0.757	0.774	-0.00168914641159995	-0.00168914641159995	FGr	300	A15	C2	10000	10000	0	0.5	300	0
531	-0.00176303755638002	-0.00176303755638002	0	0.747	0.757	-0.00176303755638002	-0.00176303755638002	NoCorrection	300	A15	C2	10000	10000	0	0.5	300	0
532	-0.00193184456183005	-0.00193184456183008	0	0.754	0.747	-0.00193184456183005	-0.00193184456183008	ID	300	A15	C2	10000	10000	0	0.5	300	0
533	-0.010574628430125	-0.010574628430125	0	0.036	0.039	-0.010574628430125	-0.010574628430125	1	300	A15	C2	10000	10000	0	0.5	300	0.1
534	-0.00958244181037499	-0.00958244181037499	0	0.079	0.078	-0.00958244181037499	-0.00958244181037499	FGr	300	A15	C2	10000	10000	0	0.5	300	0.1
535	-0.009609741810045	-0.009609741810045	0	0.082	0.071	-0.009609741810045	-0.009609741810045	NoCorrection	300	A15	C2	10000	10000	0	0.5	300	0.1
536	-0.0104242425560735	-0.0104242425560735	0	0.035	0.032	-0.0104242425560735	-0.0104242425560735	ID	300	A15	C2	10000	10000	0	0.5	300	0.1
537	0.0011612040296578	0.00116120402965779	0	0.861	0.846	0.0011612040296578	0.00116120402965779	1	300	A15	C2	10000	10000	0	0.5	300	0.5
538	0.00683145312930006	0.00683145312930005	0	0.541	0.526	0.00683145312930006	0.00683145312930005	FGr	300	A15	C2	10000	10000	0	0.5	300	0.5
539	0.00689109285089988	0.00689109285089989	0	0.544	0.55	0.00689109285089988	0.00689109285089989	NoCorrection	300	A15	C2	10000	10000	0	0.5	300	0.5
540	0.0013115626589983	0.00131156265899828	0	0.847	0.813	0.0013115626589983	0.00131156265899828	ID	300	A15	C2	10000	10000	0	0.5	300	0.5
541	-0.00818434488440005	-0.00818434488440005	0	0.208	0.207	-0.00818434488440005	-0.00818434488440005	1	300	A15	C2	10000	10000	0	0.5	300	1
542	0.00319131081795009	0.00319131081795008	0	0.899	0.88	0.00319131081795009	0.00319131081795008	FGr	300	A15	C2	10000	10000	0	0.5	300	1
543	0.00325579090579997	0.00325579090579994	0	0.863	0.901	0.00325579090579997	0.00325579090579994	NoCorrection	300	A15	C2	10000	10000	0	0.5	300	1
544	-0.00736919103140003	-0.00736919103140003	0	0.184	0.175	-0.00736919103140003	-0.00736919103140003	ID	300	A15	C2	10000	10000	0	0.5	300	1
545	-0.01159624497955	0.00664771835500002	0	0.03	0.466	-0.01159624497955	0.00664771835500002	1	1000	A15	C2	10000	10000	0	0.5	300	0
546	-0.0114742415292	0.00673939163499998	0	0.036	0.495	-0.0114742415292	0.00673939163499998	FGr	1000	A15	C2	10000	10000	0	0.5	300	0
547	-0.01149227470925	0.00668070748499993	0	0.05	0.497	-0.01149227470925	0.00668070748499993	NoCorrection	1000	A15	C2	10000	10000	0	0.5	300	0
548	-0.011519872601425	0.00561457977500006	0	0.038	0.549	-0.011519872601425	0.00561457977500006	ID	1000	A15	C2	10000	10000	0	0.5	300	0
549	-0.00266236007833	0.00428163385499994	0	0.67	0.642	-0.00266236007833	0.00428163385499994	1	1000	A15	C2	10000	10000	0	0.5	300	0.1
550	-0.00202368027969998	0.000275673455000077	0	0.74	0.974	-0.00202368027969998	0.000275673455000077	FGr	1000	A15	C2	10000	10000	0	0.5	300	0.1
551	-0.00201631588969997	0.000270912234999843	0	0.733	0.98	-0.00201631588969997	0.000270912234999843	NoCorrection	1000	A15	C2	10000	10000	0	0.5	300	0.1
552	-0.002668135609	0.0038681138900002	0	0.637	0.696	-0.002668135609	0.0038681138900002	ID	1000	A15	C2	10000	10000	0	0.5	300	0.1
553	-0.00187789500997993	-0.00269392430999995	0	0.759	0.79	-0.00187789500997993	-0.00269392430999995	1	1000	A15	C2	10000	10000	0	0.5	300	0.5
554	0.002565708834	0.00499139137500001	0	0.812	0.775	0.002565708834	0.00499139137500001	FGr	1000	A15	C2	10000	10000	0	0.5	300	0.5
555	0.00259345494240016	0.00378788652500003	0	0.833	0.848	0.00259345494240016	0.00378788652500003	NoCorrection	1000	A15	C2	10000	10000	0	0.5	300	0.5
556	-0.00112979304139007	-0.00249497118999985	0	0.826	0.769	-0.00112979304139007	-0.00249497118999985	ID	1000	A15	C2	10000	10000	0	0.5	300	0.5
557	-0.00716832200592997	-0.00660041041000001	0	0.245	0.509	-0.00716832200592997	-0.00660041041000001	1	1000	A15	C2	10000	10000	0	0.5	300	1
558	0.00186549944384988	0.026344029095	0	0.933	0.42	0.00186549944384988	0.026344029095	FGr	1000	A15	C2	10000	10000	0	0.5	300	1
559	0.00200773273665009	0.0269851577749999	0	0.925	0.409	0.00200773273665009	0.0269851577749999	NoCorrection	1000	A15	C2	10000	10000	0	0.5	300	1
560	-0.00568332289764999	0.00488306913999999	0	0.31	0.612	-0.00568332289764999	0.00488306913999999	ID	1000	A15	C2	10000	10000	0	0.5	300	1
561	-0.0142589138922049	-0.01101933468	0	0.009	0.495	-0.0142589138922049	-0.01101933468	1	10000	A15	C2	10000	10000	0	0.5	300	0
562	-0.0141996892973249	-0.01302986835	0	0.008	0.397	-0.0141996892973249	-0.01302986835	FGr	10000	A15	C2	10000	10000	0	0.5	300	0
563	-0.0141987342586575	-0.00877350073000002	0	0.012	0.562	-0.0141987342586575	-0.00877350073000002	NoCorrection	10000	A15	C2	10000	10000	0	0.5	300	0
564	-0.0142365474619001	-0.01164535136	0	0.012	0.464	-0.0142365474619001	-0.01164535136	ID	10000	A15	C2	10000	10000	0	0.5	300	0
565	0.00458916678147496	-0.018101799085	0	0.398	0.253	0.00458916678147496	-0.018101799085	1	10000	A15	C2	10000	10000	0	0.5	300	0.1
566	0.00405565920341947	-0.0321843463800001	0	0.508	0.039	0.00405565920341947	-0.0321843463800001	FGr	10000	A15	C2	10000	10000	0	0.5	300	0.1
567	0.00405466700633	-0.0337315661199999	0	0.489	0.039	0.00405466700633	-0.0337315661199999	NoCorrection	10000	A15	C2	10000	10000	0	0.5	300	0.1
568	0.004525014258875	-0.012036662695	0	0.389	0.443	0.004525014258875	-0.012036662695	ID	10000	A15	C2	10000	10000	0	0.5	300	0.1
569	-0.00278341650716496	-0.000557033339999852	0	0.631	0.965	-0.00278341650716496	-0.000557033339999852	1	10000	A15	C2	10000	10000	0	0.5	300	0.5
570	-0.00529963614775015	-0.0213773567849997	0	0.618	0.505	-0.00529963614775015	-0.0213773567849997	FGr	10000	A15	C2	10000	10000	0	0.5	300	0.5
571	-0.00529931415569019	-0.0193395746949998	0	0.663	0.586	-0.00529931415569019	-0.0193395746949998	NoCorrection	10000	A15	C2	10000	10000	0	0.5	300	0.5
572	-0.00296124223657984	-0.00397933490500001	0	0.617	0.786	-0.00296124223657984	-0.00397933490500001	ID	10000	A15	C2	10000	10000	0	0.5	300	0.5
573	-0.00351661292449905	0.01887001098	0	0.573	0.174	-0.00351661292449905	0.01887001098	1	10000	A15	C2	10000	10000	0	0.5	300	1
574	-0.00843427541829994	-0.0434499869000005	0	0.655	0.388	-0.00843427541829994	-0.0434499869000005	FGr	10000	A15	C2	10000	10000	0	0.5	300	1
575	-0.00843422193799977	-0.0472943760999993	0	0.67	0.359	-0.00843422193799977	-0.0472943760999993	NoCorrection	10000	A15	C2	10000	10000	0	0.5	300	1
576	-0.00388038925319992	0.02493687984	0	0.523	0.078	-0.00388038925319992	0.02493687984	ID	10000	A15	C2	10000	10000	0	0.5	300	1
