	c-q	nc-q	true-q	c-p	nc-p	c-bias	nc-bias	type	L	rep	config	gwas_size	test_size	h2	ts	num_causal	env
1	-0.01042820571	-0.0104282057100001	0	0.793	0.797	-0.01042820571	-0.0104282057100001	1	300	A12	C1	1000	100	0	0.5	300	0
2	0.00589145600999999	0.00589145600999999	0	0.877	0.894	0.00589145600999999	0.00589145600999999	FGr	300	A12	C1	1000	100	0	0.5	300	0
3	-0.00350800892000002	-0.00350800892000005	0	0.922	0.934	-0.00350800892000002	-0.00350800892000005	NoCorrection	300	A12	C1	1000	100	0	0.5	300	0
4	-0.018940288305	-0.018940288305	0	0.608	0.636	-0.018940288305	-0.018940288305	ID	300	A12	C1	1000	100	0	0.5	300	0
5	0.000904402305000023	0.000904402304999984	0	0.984	0.986	0.000904402305000023	0.000904402304999984	1	300	A12	C1	1000	100	0	0.5	300	0.01
6	0.016015200885	0.016015200885	0	0.648	0.656	0.016015200885	0.016015200885	FGr	300	A12	C1	1000	100	0	0.5	300	0.01
7	0.020247016955	0.020247016955	0	0.553	0.575	0.020247016955	0.020247016955	NoCorrection	300	A12	C1	1000	100	0	0.5	300	0.01
8	0.00909488816499999	0.00909488816500001	0	0.813	0.794	0.00909488816499999	0.00909488816500001	ID	300	A12	C1	1000	100	0	0.5	300	0.01
9	0.01430700974	0.01430700974	0	0.64	0.647	0.01430700974	0.01430700974	1	300	A12	C1	1000	100	0	0.5	300	0.03
10	-0.03497604392	-0.03497604392	0	0.282	0.274	-0.03497604392	-0.03497604392	FGr	300	A12	C1	1000	100	0	0.5	300	0.03
11	-0.046372232861	-0.046372232861	0	0.153	0.153	-0.046372232861	-0.046372232861	NoCorrection	300	A12	C1	1000	100	0	0.5	300	0.03
12	-0.001997765897575	-0.00199776589757501	0	0.935	0.935	-0.001997765897575	-0.00199776589757501	ID	300	A12	C1	1000	100	0	0.5	300	0.03
13	0.02252268695	0.02252268695	0	0.611	0.573	0.02252268695	0.02252268695	1	300	A12	C1	1000	100	0	0.5	300	0.1
14	0.075404955198	0.0754049551979999	0	0.09	0.072	0.075404955198	0.0754049551979999	FGr	300	A12	C1	1000	100	0	0.5	300	0.1
15	0.07843205649	0.07843205649	0	0.072	0.062	0.07843205649	0.07843205649	NoCorrection	300	A12	C1	1000	100	0	0.5	300	0.1
16	0.032315288135	0.0323152881350001	0	0.451	0.471	0.032315288135	0.0323152881350001	ID	300	A12	C1	1000	100	0	0.5	300	0.1
17	-0.00754342321999998	-0.013660717	0	0.863	0.847	-0.00754342321999998	-0.013660717	1	1000	A12	C1	1000	100	0	0.5	300	0
18	-0.022654855745	-0.033955296	0	0.623	0.611	-0.022654855745	-0.033955296	FGr	1000	A12	C1	1000	100	0	0.5	300	0
19	-0.02297635351	-0.0341543865	0	0.619	0.588	-0.02297635351	-0.0341543865	NoCorrection	1000	A12	C1	1000	100	0	0.5	300	0
20	-0.02473924265	-0.035280162	0	0.571	0.584	-0.02473924265	-0.035280162	ID	1000	A12	C1	1000	100	0	0.5	300	0
21	-0.038791449165	-0.0149835865	0	0.359	0.814	-0.038791449165	-0.0149835865	1	1000	A12	C1	1000	100	0	0.5	300	0.01
22	-0.05185773004	-0.0719529185	0	0.188	0.227	-0.05185773004	-0.0719529185	FGr	1000	A12	C1	1000	100	0	0.5	300	0.01
23	-0.033650045581	-0.00490453699999994	0	0.415	0.939	-0.033650045581	-0.00490453699999994	NoCorrection	1000	A12	C1	1000	100	0	0.5	300	0.01
24	-0.0356710135	-0.00566648100000002	0	0.405	0.923	-0.0356710135	-0.00566648100000002	ID	1000	A12	C1	1000	100	0	0.5	300	0.01
25	0.036468511811	-0.0641055325	0	0.29	0.252	0.036468511811	-0.0641055325	1	1000	A12	C1	1000	100	0	0.5	300	0.03
26	0.038004846185	-0.0765405435	0	0.257	0.202	0.038004846185	-0.0765405435	FGr	1000	A12	C1	1000	100	0	0.5	300	0.03
27	0.058058941732	-0.027259205	0	0.084	0.653	0.058058941732	-0.027259205	NoCorrection	1000	A12	C1	1000	100	0	0.5	300	0.03
28	0.03093890346	-0.0727941875	0	0.374	0.235	0.03093890346	-0.0727941875	ID	1000	A12	C1	1000	100	0	0.5	300	0.03
29	-0.0372149358650001	-0.00630764850000003	0	0.304	0.912	-0.0372149358650001	-0.00630764850000003	1	1000	A12	C1	1000	100	0	0.5	300	0.1
30	-0.043319361941	-0.00934740849999999	0	0.221	0.857	-0.043319361941	-0.00934740849999999	FGr	1000	A12	C1	1000	100	0	0.5	300	0.1
31	-0.02739468086	0.000724392500000004	0	0.454	0.994	-0.02739468086	0.000724392500000004	NoCorrection	1000	A12	C1	1000	100	0	0.5	300	0.1
32	-0.04369412744	-0.00747585100000003	0	0.224	0.893	-0.04369412744	-0.00747585100000003	ID	1000	A12	C1	1000	100	0	0.5	300	0.1
33	0.01188255957	0.0353134290000001	0	0.785	0.718	0.01188255957	0.0353134290000001	1	10000	A12	C1	1000	100	0	0.5	300	0
34	0.00152124987999999	-0.081972412	0	0.976	0.447	0.00152124987999999	-0.081972412	FGr	10000	A12	C1	1000	100	0	0.5	300	0
35	-0.03015648498	-0.210220164	0	0.468	0.052	-0.03015648498	-0.210220164	NoCorrection	10000	A12	C1	1000	100	0	0.5	300	0
36	0.011164716338	0.033412241	0	0.795	0.748	0.011164716338	0.033412241	ID	10000	A12	C1	1000	100	0	0.5	300	0
37	0.063331433935	-0.0989747215	0	0.064	0.281	0.063331433935	-0.0989747215	1	10000	A12	C1	1000	100	0	0.5	300	0.01
38	0.05501952842	-0.1983308185	0	0.094	0.033	0.05501952842	-0.1983308185	FGr	10000	A12	C1	1000	100	0	0.5	300	0.01
39	0.0261017544435	-0.345800413	0	0.437	0	0.0261017544435	-0.345800413	NoCorrection	10000	A12	C1	1000	100	0	0.5	300	0.01
40	0.060101805315	-0.139674743	0	0.075	0.11	0.060101805315	-0.139674743	ID	10000	A12	C1	1000	100	0	0.5	300	0.01
41	-0.07038913938	0.0683268985	0	0.067	0.415	-0.07038913938	0.0683268985	1	10000	A12	C1	1000	100	0	0.5	300	0.03
42	-0.0794889200199999	-0.0304944305	0	0.036	0.717	-0.0794889200199999	-0.0304944305	FGr	10000	A12	C1	1000	100	0	0.5	300	0.03
43	-0.06575280573	0.078809562	0	0.074	0.371	-0.06575280573	0.078809562	NoCorrection	10000	A12	C1	1000	100	0	0.5	300	0.03
44	-0.071689926573	0.0395191765	0	0.054	0.643	-0.071689926573	0.0395191765	ID	10000	A12	C1	1000	100	0	0.5	300	0.03
45	-0.11212212905	0.0453717085	0	0.001	0.663	-0.11212212905	0.0453717085	1	10000	A12	C1	1000	100	0	0.5	300	0.1
46	-0.106088781656	0.0985652835000001	0	0.004	0.297	-0.106088781656	0.0985652835000001	FGr	10000	A12	C1	1000	100	0	0.5	300	0.1
47	-0.092223368581	0.1693294425	0	0.003	0.061	-0.092223368581	0.1693294425	NoCorrection	10000	A12	C1	1000	100	0	0.5	300	0.1
48	-0.109896768428	0.055725927	0	0.001	0.548	-0.109896768428	0.055725927	ID	10000	A12	C1	1000	100	0	0.5	300	0.1
49	-0.0469301670429999	-0.0469301670429999	0	0.086	0.094	-0.0469301670429999	-0.0469301670429999	1	300	A12	C1	1000	1000	0	0.5	300	0
50	-0.0799344659875	-0.0799344659875	0	0	0.002	-0.0799344659875	-0.0799344659875	FGr	300	A12	C1	1000	1000	0	0.5	300	0
51	-0.0774008274775	-0.0774008274775	0	0.004	0.005	-0.0774008274775	-0.0774008274775	NoCorrection	300	A12	C1	1000	1000	0	0.5	300	0
52	-0.0781782991	-0.0781782991000001	0	0.003	0.004	-0.0781782991	-0.0781782991000001	ID	300	A12	C1	1000	1000	0	0.5	300	0
53	-0.0304500483124999	-0.0304500483124999	0	0.315	0.292	-0.0304500483124999	-0.0304500483124999	1	300	A12	C1	1000	1000	0	0.5	300	0.01
54	-0.0457892067559999	-0.0457892067559999	0	0.109	0.114	-0.0457892067559999	-0.0457892067559999	FGr	300	A12	C1	1000	1000	0	0.5	300	0.01
55	-0.0648931157835	-0.0648931157835	0	0.034	0.024	-0.0648931157835	-0.0648931157835	NoCorrection	300	A12	C1	1000	1000	0	0.5	300	0.01
56	-0.0508862306775001	-0.0508862306775	0	0.089	0.093	-0.0508862306775001	-0.0508862306775	ID	300	A12	C1	1000	1000	0	0.5	300	0.01
57	0.00805031233299998	0.00805031233299998	0	0.718	0.708	0.00805031233299998	0.00805031233299998	1	300	A12	C1	1000	1000	0	0.5	300	0.03
58	0.00522069156000003	0.00522069156000003	0	0.798	0.843	0.00522069156000003	0.00522069156000003	FGr	300	A12	C1	1000	1000	0	0.5	300	0.03
59	-0.02375911906554	-0.02375911906554	0	0.322	0.311	-0.02375911906554	-0.02375911906554	NoCorrection	300	A12	C1	1000	1000	0	0.5	300	0.03
60	0.01825954182	0.01825954182	0	0.443	0.429	0.01825954182	0.01825954182	ID	300	A12	C1	1000	1000	0	0.5	300	0.03
61	-0.0374106480237	-0.0374106480237	0	0.218	0.234	-0.0374106480237	-0.0374106480237	1	300	A12	C1	1000	1000	0	0.5	300	0.1
62	0.0334169025567	0.0334169025567	0	0.283	0.293	0.0334169025567	0.0334169025567	FGr	300	A12	C1	1000	1000	0	0.5	300	0.1
63	0.0541762766873	0.0541762766873	0	0.081	0.065	0.0541762766873	0.0541762766873	NoCorrection	300	A12	C1	1000	1000	0	0.5	300	0.1
64	-0.0233984314693	-0.0233984314693	0	0.459	0.425	-0.0233984314693	-0.0233984314693	ID	300	A12	C1	1000	1000	0	0.5	300	0.1
65	-0.0195802080375	-0.0317397813500001	0	0.504	0.486	-0.0195802080375	-0.0317397813500001	1	1000	A12	C1	1000	1000	0	0.5	300	0
66	-0.011005022945	0.00503060059999995	0	0.707	0.909	-0.011005022945	0.00503060059999995	FGr	1000	A12	C1	1000	1000	0	0.5	300	0
67	0.00566631261390006	0.0412250406500002	0	0.843	0.323	0.00566631261390006	0.0412250406500002	NoCorrection	1000	A12	C1	1000	1000	0	0.5	300	0
68	-0.016110271496	-0.0107679546499998	0	0.564	0.815	-0.016110271496	-0.0107679546499998	ID	1000	A12	C1	1000	1000	0	0.5	300	0
69	-0.02594375133	-0.0687566686499997	0	0.375	0.133	-0.02594375133	-0.0687566686499997	1	1000	A12	C1	1000	1000	0	0.5	300	0.01
70	-0.043765767543	-0.11187036935	0	0.119	0.012	-0.043765767543	-0.11187036935	FGr	1000	A12	C1	1000	1000	0	0.5	300	0.01
71	-0.058458459701	-0.12677980755	0	0.037	0.003	-0.058458459701	-0.12677980755	NoCorrection	1000	A12	C1	1000	1000	0	0.5	300	0.01
72	-0.0186727857035	-0.0506386746000002	0	0.491	0.267	-0.0186727857035	-0.0506386746000002	ID	1000	A12	C1	1000	1000	0	0.5	300	0.01
73	-0.0231400952445	-0.0643423054000001	0	0.354	0.115	-0.0231400952445	-0.0643423054000001	1	1000	A12	C1	1000	1000	0	0.5	300	0.03
74	0.0246659809725	0.06123138705	0	0.347	0.155	0.0246659809725	0.06123138705	FGr	1000	A12	C1	1000	1000	0	0.5	300	0.03
75	0.021444569472	0.0500741021499999	0	0.387	0.223	0.021444569472	0.0500741021499999	NoCorrection	1000	A12	C1	1000	1000	0	0.5	300	0.03
76	-0.0179815481250001	-0.0515423200000001	0	0.429	0.208	-0.0179815481250001	-0.0515423200000001	ID	1000	A12	C1	1000	1000	0	0.5	300	0.03
77	0.0470367792744999	0.0105816147500001	0	0.068	0.827	0.0470367792744999	0.0105816147500001	1	1000	A12	C1	1000	1000	0	0.5	300	0.1
78	0.0714821589905001	0.0783087845000001	0	0.007	0.065	0.0714821589905001	0.0783087845000001	FGr	1000	A12	C1	1000	1000	0	0.5	300	0.1
79	0.1013172083784	0.1762830577	0	0	0	0.1013172083784	0.1762830577	NoCorrection	1000	A12	C1	1000	1000	0	0.5	300	0.1
80	0.043045193392	-0.00200719450000004	0	0.078	0.969	0.043045193392	-0.00200719450000004	ID	1000	A12	C1	1000	1000	0	0.5	300	0.1
81	-0.036004397378	0.20541596845	0	0.231	0.004	-0.036004397378	0.20541596845	1	10000	A12	C1	1000	1000	0	0.5	300	0
82	-0.035454578126	0.20847634695	0	0.21	0.002	-0.035454578126	0.20847634695	FGr	10000	A12	C1	1000	1000	0	0.5	300	0
83	-0.036006509438	0.22058461025	0	0.198	0.002	-0.036006509438	0.22058461025	NoCorrection	10000	A12	C1	1000	1000	0	0.5	300	0
84	-0.034246435903	0.20992056015	0	0.232	0.002	-0.034246435903	0.20992056015	ID	10000	A12	C1	1000	1000	0	0.5	300	0
85	0.0146224187037999	-0.0741936118000001	0	0.556	0.267	0.0146224187037999	-0.0741936118000001	1	10000	A12	C1	1000	1000	0	0.5	300	0.01
86	0.00361081282980008	-0.09440521725	0	0.895	0.165	0.00361081282980008	-0.09440521725	FGr	10000	A12	C1	1000	1000	0	0.5	300	0.01
87	0.00338924972680008	-0.1088324596	0	0.898	0.096	0.00338924972680008	-0.1088324596	NoCorrection	10000	A12	C1	1000	1000	0	0.5	300	0.01
88	0.0108636243905	-0.0816846845	0	0.644	0.22	0.0108636243905	-0.0816846845	ID	10000	A12	C1	1000	1000	0	0.5	300	0.01
89	0.0544834521145	0.121075149	0	0.049	0.092	0.0544834521145	0.121075149	1	10000	A12	C1	1000	1000	0	0.5	300	0.03
90	0.0520450300895	0.10598198415	0	0.064	0.15	0.0520450300895	0.10598198415	FGr	10000	A12	C1	1000	1000	0	0.5	300	0.03
91	0.066207099195	0.186623785	0	0.022	0.008	0.066207099195	0.186623785	NoCorrection	10000	A12	C1	1000	1000	0	0.5	300	0.03
92	0.0536285421054999	0.120355182	0	0.05	0.099	0.0536285421054999	0.120355182	ID	10000	A12	C1	1000	1000	0	0.5	300	0.03
93	0.000627990104499992	-0.0401980626499999	0	0.98	0.584	0.000627990104499992	-0.0401980626499999	1	10000	A12	C1	1000	1000	0	0.5	300	0.1
94	0.00471630671249999	-0.03722377005	0	0.863	0.603	0.00471630671249999	-0.03722377005	FGr	10000	A12	C1	1000	1000	0	0.5	300	0.1
95	0.045590267852	0.2335413894	0	0.087	0.003	0.045590267852	0.2335413894	NoCorrection	10000	A12	C1	1000	1000	0	0.5	300	0.1
96	-0.002529690895	-0.0782351741500001	0	0.924	0.258	-0.002529690895	-0.0782351741500001	ID	10000	A12	C1	1000	1000	0	0.5	300	0.1
97	-0.0153973876734003	-0.0153973876734002	0	0.578	0.575	-0.0153973876734003	-0.0153973876734002	1	300	A12	C1	1000	10000	0	0.5	300	0
98	0.000155587148274143	0.000155587148274331	0	0.995	0.994	0.000155587148274143	0.000155587148274331	FGr	300	A12	C1	1000	10000	0	0.5	300	0
99	-0.0028450962976994	-0.0028450962976994	0	0.921	0.904	-0.0028450962976994	-0.0028450962976994	NoCorrection	300	A12	C1	1000	10000	0	0.5	300	0
100	-0.0170781139500494	-0.0170781139500493	0	0.545	0.514	-0.0170781139500494	-0.0170781139500493	ID	300	A12	C1	1000	10000	0	0.5	300	0
101	0.01539306478075	0.01539306478075	0	0.566	0.589	0.01539306478075	0.01539306478075	1	300	A12	C1	1000	10000	0	0.5	300	0.01
102	0.0478910237062498	0.0478910237062499	0	0.091	0.089	0.0478910237062498	0.0478910237062499	FGr	300	A12	C1	1000	10000	0	0.5	300	0.01
103	0.0308334482127	0.0308334482127	0	0.285	0.27	0.0308334482127	0.0308334482127	NoCorrection	300	A12	C1	1000	10000	0	0.5	300	0.01
104	0.02811292211555	0.02811292211555	0	0.313	0.313	0.02811292211555	0.02811292211555	ID	300	A12	C1	1000	10000	0	0.5	300	0.01
105	-0.01163067302587	-0.01163067302587	0	0.682	0.671	-0.01163067302587	-0.01163067302587	1	300	A12	C1	1000	10000	0	0.5	300	0.03
106	0.0426462323908	0.0426462323908	0	0.134	0.129	0.0426462323908	0.0426462323908	FGr	300	A12	C1	1000	10000	0	0.5	300	0.03
107	0.0418992804807	0.0418992804807	0	0.152	0.159	0.0418992804807	0.0418992804807	NoCorrection	300	A12	C1	1000	10000	0	0.5	300	0.03
108	0.00697972432959995	0.00697972432959997	0	0.797	0.814	0.00697972432959995	0.00697972432959997	ID	300	A12	C1	1000	10000	0	0.5	300	0.03
109	0.00769732540769979	0.00769732540769978	0	0.765	0.736	0.00769732540769979	0.00769732540769978	1	300	A12	C1	1000	10000	0	0.5	300	0.1
110	0.0225149103432986	0.0225149103432986	0	0.344	0.367	0.0225149103432986	0.0225149103432986	FGr	300	A12	C1	1000	10000	0	0.5	300	0.1
111	0.0140557307697199	0.01405573076972	0	0.575	0.562	0.0140557307697199	0.01405573076972	NoCorrection	300	A12	C1	1000	10000	0	0.5	300	0.1
112	0.0190242894583989	0.0190242894583991	0	0.48	0.441	0.0190242894583989	0.0190242894583991	ID	300	A12	C1	1000	10000	0	0.5	300	0.1
113	-0.0203772258385898	-0.019189159495	0	0.404	0.624	-0.0203772258385898	-0.019189159495	1	1000	A12	C1	1000	10000	0	0.5	300	0
114	-0.0427962008023951	-0.07880286962	0	0.083	0.04	-0.0427962008023951	-0.07880286962	FGr	1000	A12	C1	1000	10000	0	0.5	300	0
115	-0.00712094686229396	0.0129067826350001	0	0.789	0.753	-0.00712094686229396	0.0129067826350001	NoCorrection	1000	A12	C1	1000	10000	0	0.5	300	0
116	-0.0177590060315002	-0.011715489635	0	0.503	0.787	-0.0177590060315002	-0.011715489635	ID	1000	A12	C1	1000	10000	0	0.5	300	0
117	0.0272705529926	-0.04381445127	0	0.351	0.366	0.0272705529926	-0.04381445127	1	1000	A12	C1	1000	10000	0	0.5	300	0.01
118	0.0344975497857502	-0.0275985801399999	0	0.233	0.567	0.0344975497857502	-0.0275985801399999	FGr	1000	A12	C1	1000	10000	0	0.5	300	0.01
119	0.0317108839055501	-0.0339737126499998	0	0.246	0.469	0.0317108839055501	-0.0339737126499998	NoCorrection	1000	A12	C1	1000	10000	0	0.5	300	0.01
120	0.0340441284308502	-0.0280494676649998	0	0.238	0.54	0.0340441284308502	-0.0280494676649998	ID	1000	A12	C1	1000	10000	0	0.5	300	0.01
121	-0.0196193144385001	-0.0302084951850001	0	0.419	0.446	-0.0196193144385001	-0.0302084951850001	1	1000	A12	C1	1000	10000	0	0.5	300	0.03
122	-0.000273811839499931	0.03019927319	0	0.989	0.458	-0.000273811839499931	0.03019927319	FGr	1000	A12	C1	1000	10000	0	0.5	300	0.03
123	0.0183067079828	0.067760190245	0	0.465	0.085	0.0183067079828	0.067760190245	NoCorrection	1000	A12	C1	1000	10000	0	0.5	300	0.03
124	-0.0281938408574999	-0.0539251879800002	0	0.233	0.184	-0.0281938408574999	-0.0539251879800002	ID	1000	A12	C1	1000	10000	0	0.5	300	0.03
125	-0.00426208342475016	-0.053440957185	0	0.86	0.211	-0.00426208342475016	-0.053440957185	1	1000	A12	C1	1000	10000	0	0.5	300	0.1
126	0.0269407053641005	0.0374475069900002	0	0.337	0.416	0.0269407053641005	0.0374475069900002	FGr	1000	A12	C1	1000	10000	0	0.5	300	0.1
127	0.0471751850632501	0.12596848442	0	0.101	0.001	0.0471751850632501	0.12596848442	NoCorrection	1000	A12	C1	1000	10000	0	0.5	300	0.1
128	-0.00218003222640002	-0.05003416511	0	0.94	0.236	-0.00218003222640002	-0.05003416511	ID	1000	A12	C1	1000	10000	0	0.5	300	0.1
129	0.0221845712768496	0.0381652291000002	0	0.388	0.618	0.0221845712768496	0.0381652291000002	1	10000	A12	C1	1000	10000	0	0.5	300	0
130	0.0158071906196	0.0022196449999998	0	0.516	0.984	0.0158071906196	0.0022196449999998	FGr	10000	A12	C1	1000	10000	0	0.5	300	0
131	0.0358825685335198	0.10639219645	0	0.163	0.133	0.0358825685335198	0.10639219645	NoCorrection	10000	A12	C1	1000	10000	0	0.5	300	0
132	0.0186510204998003	0.0169685842999986	0	0.459	0.811	0.0186510204998003	0.0169685842999986	ID	10000	A12	C1	1000	10000	0	0.5	300	0
133	0.0149890827643001	-0.01394400473	0	0.535	0.861	0.0149890827643001	-0.01394400473	1	10000	A12	C1	1000	10000	0	0.5	300	0.01
134	0.0286669822838	0.0649560218649999	0	0.226	0.353	0.0286669822838	0.0649560218649999	FGr	10000	A12	C1	1000	10000	0	0.5	300	0.01
135	0.0628028201862099	0.28162507038	0	0.014	0	0.0628028201862099	0.28162507038	NoCorrection	10000	A12	C1	1000	10000	0	0.5	300	0.01
136	0.01584647227495	-0.00711883535999997	0	0.488	0.915	0.01584647227495	-0.00711883535999997	ID	10000	A12	C1	1000	10000	0	0.5	300	0.01
137	-0.00529258315705024	-0.0931017763750009	0	0.82	0.145	-0.00529258315705024	-0.0931017763750009	1	10000	A12	C1	1000	10000	0	0.5	300	0.03
138	0.00156229377810024	-0.0576505840250003	0	0.951	0.395	0.00156229377810024	-0.0576505840250003	FGr	10000	A12	C1	1000	10000	0	0.5	300	0.03
139	-0.0269609569533254	-0.273238253689999	0	0.278	0	-0.0269609569533254	-0.273238253689999	NoCorrection	10000	A12	C1	1000	10000	0	0.5	300	0.03
140	-0.00654941281104962	-0.097819332124999	0	0.795	0.15	-0.00654941281104962	-0.097819332124999	ID	10000	A12	C1	1000	10000	0	0.5	300	0.03
141	-0.0195844418793999	-0.0112401321999995	0	0.475	0.869	-0.0195844418793999	-0.0112401321999995	1	10000	A12	C1	1000	10000	0	0.5	300	0.1
142	-0.0166968798728	0.00265483390000178	0	0.531	0.957	-0.0166968798728	0.00265483390000178	FGr	10000	A12	C1	1000	10000	0	0.5	300	0.1
143	0.0273434130786	0.286908059299999	0	0.314	0	0.0273434130786	0.286908059299999	NoCorrection	10000	A12	C1	1000	10000	0	0.5	300	0.1
144	-0.021659125112	-0.0376369107000001	0	0.408	0.602	-0.021659125112	-0.0376369107000001	ID	10000	A12	C1	1000	10000	0	0.5	300	0.1
145	-0.01829968755	-0.01829968755	0	0.1	0.092	-0.01829968755	-0.01829968755	1	300	A12	C1	10000	100	0	0.5	300	0
146	-0.01543975982	-0.01543975982	0	0.159	0.147	-0.01543975982	-0.01543975982	FGr	300	A12	C1	10000	100	0	0.5	300	0
147	-0.01482006535	-0.01482006535	0	0.156	0.176	-0.01482006535	-0.01482006535	NoCorrection	300	A12	C1	10000	100	0	0.5	300	0
148	-0.01684873874	-0.01684873874	0	0.114	0.121	-0.01684873874	-0.01684873874	ID	300	A12	C1	10000	100	0	0.5	300	0
149	0.00170082796300001	0.00170082796299997	0	0.897	0.877	0.00170082796300001	0.00170082796299997	1	300	A12	C1	10000	100	0	0.5	300	0.01
150	0.00360415394649999	0.00360415394650003	0	0.787	0.767	0.00360415394649999	0.00360415394650003	FGr	300	A12	C1	10000	100	0	0.5	300	0.01
151	0.00444393102500001	0.00444393102500001	0	0.723	0.74	0.00444393102500001	0.00444393102500001	NoCorrection	300	A12	C1	10000	100	0	0.5	300	0.01
152	-0.00141094319549998	-0.00141094319549998	0	0.922	0.903	-0.00141094319549998	-0.00141094319549998	ID	300	A12	C1	10000	100	0	0.5	300	0.01
153	-0.001293104566	-0.001293104566	0	0.899	0.918	-0.001293104566	-0.001293104566	1	300	A12	C1	10000	100	0	0.5	300	0.03
154	0.003737988042	0.003737988042	0	0.699	0.721	0.003737988042	0.003737988042	FGr	300	A12	C1	10000	100	0	0.5	300	0.03
155	0.004175453139	0.004175453139	0	0.69	0.674	0.004175453139	0.004175453139	NoCorrection	300	A12	C1	10000	100	0	0.5	300	0.03
156	-0.005862438827	-0.00586243882699999	0	0.599	0.565	-0.005862438827	-0.00586243882699999	ID	300	A12	C1	10000	100	0	0.5	300	0.03
157	-0.002970981398	-0.002970981398	0	0.803	0.817	-0.002970981398	-0.002970981398	1	300	A12	C1	10000	100	0	0.5	300	0.1
158	0.0153031234962	0.0153031234962	0	0.221	0.227	0.0153031234962	0.0153031234962	FGr	300	A12	C1	10000	100	0	0.5	300	0.1
159	0.019116335165	0.019116335165	0	0.143	0.158	0.019116335165	0.019116335165	NoCorrection	300	A12	C1	10000	100	0	0.5	300	0.1
160	-0.00782095425499999	-0.007820954255	0	0.534	0.545	-0.00782095425499999	-0.007820954255	ID	300	A12	C1	10000	100	0	0.5	300	0.1
161	0.00721526067749999	-0.00572244949999998	0	0.562	0.788	0.00721526067749999	-0.00572244949999998	1	1000	A12	C1	10000	100	0	0.5	300	0
162	0.00991480924	-0.00120215549999997	0	0.437	0.952	0.00991480924	-0.00120215549999997	FGr	1000	A12	C1	10000	100	0	0.5	300	0
163	0.007495639889	-0.005436672	0	0.567	0.829	0.007495639889	-0.005436672	NoCorrection	1000	A12	C1	10000	100	0	0.5	300	0
164	0.00852406014749999	-0.00467628150000002	0	0.54	0.833	0.00852406014749999	-0.00467628150000002	ID	1000	A12	C1	10000	100	0	0.5	300	0
165	-0.00930707289000001	-0.042517635	0	0.432	0.034	-0.00930707289000001	-0.042517635	1	1000	A12	C1	10000	100	0	0.5	300	0.01
166	-0.020117290955	-0.0662037855	0	0.128	0.003	-0.020117290955	-0.0662037855	FGr	1000	A12	C1	10000	100	0	0.5	300	0.01
167	-0.0140338341215	-0.0520723255	0	0.262	0.01	-0.0140338341215	-0.0520723255	NoCorrection	1000	A12	C1	10000	100	0	0.5	300	0.01
168	-0.0090655975566	-0.0422628335	0	0.498	0.033	-0.0090655975566	-0.0422628335	ID	1000	A12	C1	10000	100	0	0.5	300	0.01
169	0.0037121052145	0.00260307350000001	0	0.756	0.885	0.0037121052145	0.00260307350000001	1	1000	A12	C1	10000	100	0	0.5	300	0.03
170	0.00533909391	0.0106377785	0	0.603	0.54	0.00533909391	0.0106377785	FGr	1000	A12	C1	10000	100	0	0.5	300	0.03
171	0.02527207429	0.04115998	0	0.028	0.031	0.02527207429	0.04115998	NoCorrection	1000	A12	C1	10000	100	0	0.5	300	0.03
172	0.00394005690460001	0.00527080150000002	0	0.701	0.788	0.00394005690460001	0.00527080150000002	ID	1000	A12	C1	10000	100	0	0.5	300	0.03
173	-0.004962643905	0.00782623850000003	0	0.704	0.688	-0.004962643905	0.00782623850000003	1	1000	A12	C1	10000	100	0	0.5	300	0.1
174	0.0067960452275	0.043854456	0	0.593	0.026	0.0067960452275	0.043854456	FGr	1000	A12	C1	10000	100	0	0.5	300	0.1
175	0.028964030445	0.0944082885	0	0.024	0	0.028964030445	0.0944082885	NoCorrection	1000	A12	C1	10000	100	0	0.5	300	0.1
176	-0.00788255216399999	0.00276004699999999	0	0.502	0.863	-0.00788255216399999	0.00276004699999999	ID	1000	A12	C1	10000	100	0	0.5	300	0.1
177	-0.0066073442	-0.021756786	0	0.578	0.488	-0.0066073442	-0.021756786	1	10000	A12	C1	10000	100	0	0.5	300	0
178	-0.005028541555	-0.0103073985	0	0.697	0.762	-0.005028541555	-0.0103073985	FGr	10000	A12	C1	10000	100	0	0.5	300	0
179	-0.0042581449245	-0.00769110199999999	0	0.758	0.799	-0.0042581449245	-0.00769110199999999	NoCorrection	10000	A12	C1	10000	100	0	0.5	300	0
180	-0.0073827750255	-0.0259054115	0	0.574	0.401	-0.0073827750255	-0.0259054115	ID	10000	A12	C1	10000	100	0	0.5	300	0
181	0.00112765296	-0.001526941	0	0.935	0.953	0.00112765296	-0.001526941	1	10000	A12	C1	10000	100	0	0.5	300	0.01
182	0.000730704630000002	-0.0051096225	0	0.961	0.894	0.000730704630000002	-0.0051096225	FGr	10000	A12	C1	10000	100	0	0.5	300	0.01
183	-0.00171875819100001	-0.0194276895	0	0.883	0.55	-0.00171875819100001	-0.0194276895	NoCorrection	10000	A12	C1	10000	100	0	0.5	300	0.01
184	0.000611212215	-0.00560815800000001	0	0.965	0.85	0.000611212215	-0.00560815800000001	ID	10000	A12	C1	10000	100	0	0.5	300	0.01
185	0.00807919850500004	-0.0358581605	0	0.58	0.216	0.00807919850500004	-0.0358581605	1	10000	A12	C1	10000	100	0	0.5	300	0.03
186	0.00947511730750001	-0.025479646	0	0.526	0.406	0.00947511730750001	-0.025479646	FGr	10000	A12	C1	10000	100	0	0.5	300	0.03
187	0.017785657742	0.02958166	0	0.192	0.338	0.017785657742	0.02958166	NoCorrection	10000	A12	C1	10000	100	0	0.5	300	0.03
188	0.00734027593320001	-0.03761355	0	0.605	0.205	0.00734027593320001	-0.03761355	ID	10000	A12	C1	10000	100	0	0.5	300	0.03
189	0.014443984539	0.036240928	0	0.236	0.25	0.014443984539	0.036240928	1	10000	A12	C1	10000	100	0	0.5	300	0.1
190	0.016608734125	0.040926226	0	0.177	0.199	0.016608734125	0.040926226	FGr	10000	A12	C1	10000	100	0	0.5	300	0.1
191	0.0560134060814999	0.249077723	0	0	0	0.0560134060814999	0.249077723	NoCorrection	10000	A12	C1	10000	100	0	0.5	300	0.1
192	0.014723890795	0.0360412775	0	0.25	0.225	0.014723890795	0.0360412775	ID	10000	A12	C1	10000	100	0	0.5	300	0.1
193	-0.0083634559445	-0.0083634559445	0	0.422	0.431	-0.0083634559445	-0.0083634559445	1	300	A12	C1	10000	1000	0	0.5	300	0
194	-0.008477223372	-0.008477223372	0	0.395	0.413	-0.008477223372	-0.008477223372	FGr	300	A12	C1	10000	1000	0	0.5	300	0
195	-0.000707829360549991	-0.000707829360549988	0	0.937	0.949	-0.000707829360549991	-0.000707829360549988	NoCorrection	300	A12	C1	10000	1000	0	0.5	300	0
196	-0.0151752609539	-0.0151752609539	0	0.144	0.146	-0.0151752609539	-0.0151752609539	ID	300	A12	C1	10000	1000	0	0.5	300	0
197	-0.001726671946	-0.00172667194599999	0	0.866	0.838	-0.001726671946	-0.00172667194599999	1	300	A12	C1	10000	1000	0	0.5	300	0.01
198	-0.004642974235	-0.00464297423500002	0	0.61	0.598	-0.004642974235	-0.00464297423500002	FGr	300	A12	C1	10000	1000	0	0.5	300	0.01
199	0.00287337348500001	0.00287337348500001	0	0.763	0.761	0.00287337348500001	0.00287337348500001	NoCorrection	300	A12	C1	10000	1000	0	0.5	300	0.01
200	-0.00458952235	-0.00458952235	0	0.601	0.621	-0.00458952235	-0.00458952235	ID	300	A12	C1	10000	1000	0	0.5	300	0.01
201	0.000401922074499991	0.000401922074499985	0	0.959	0.959	0.000401922074499991	0.000401922074499985	1	300	A12	C1	10000	1000	0	0.5	300	0.03
202	0.01311647641315	0.01311647641315	0	0.156	0.133	0.01311647641315	0.01311647641315	FGr	300	A12	C1	10000	1000	0	0.5	300	0.03
203	0.0189992201031	0.0189992201031	0	0.032	0.028	0.0189992201031	0.0189992201031	NoCorrection	300	A12	C1	10000	1000	0	0.5	300	0.03
204	0.00365669791454999	0.00365669791454999	0	0.707	0.688	0.00365669791454999	0.00365669791454999	ID	300	A12	C1	10000	1000	0	0.5	300	0.03
205	-0.00234227915899999	-0.00234227915899998	0	0.837	0.828	-0.00234227915899999	-0.00234227915899998	1	300	A12	C1	10000	1000	0	0.5	300	0.1
206	0.011731062262	0.011731062262	0	0.251	0.245	0.011731062262	0.011731062262	FGr	300	A12	C1	10000	1000	0	0.5	300	0.1
207	0.0265984617333	0.0265984617333	0	0.01	0.009	0.0265984617333	0.0265984617333	NoCorrection	300	A12	C1	10000	1000	0	0.5	300	0.1
208	-0.00536203761459996	-0.00536203761459996	0	0.616	0.606	-0.00536203761459996	-0.00536203761459996	ID	300	A12	C1	10000	1000	0	0.5	300	0.1
209	-0.00370504595749998	0.00536402950000003	0	0.668	0.709	-0.00370504595749998	0.00536402950000003	1	1000	A12	C1	10000	1000	0	0.5	300	0
210	-0.00202536575599995	0.00771857020000004	0	0.83	0.566	-0.00202536575599995	0.00771857020000004	FGr	1000	A12	C1	10000	1000	0	0.5	300	0
211	-0.00512184191100001	0.000725701450000022	0	0.551	0.963	-0.00512184191100001	0.000725701450000022	NoCorrection	1000	A12	C1	10000	1000	0	0.5	300	0
212	-0.00756286921650005	-0.00303698170000001	0	0.411	0.842	-0.00756286921650005	-0.00303698170000001	ID	1000	A12	C1	10000	1000	0	0.5	300	0
213	0.0022019462361	0.00399051840000006	0	0.805	0.766	0.0022019462361	0.00399051840000006	1	1000	A12	C1	10000	1000	0	0.5	300	0.01
214	-0.0022871758815	-0.0132692057499999	0	0.784	0.332	-0.0022871758815	-0.0132692057499999	FGr	1000	A12	C1	10000	1000	0	0.5	300	0.01
215	-0.0137097205961	-0.0467229979	0	0.121	0	-0.0137097205961	-0.0467229979	NoCorrection	1000	A12	C1	10000	1000	0	0.5	300	0.01
216	-0.000390758060999998	-0.00856309504999989	0	0.965	0.514	-0.000390758060999998	-0.00856309504999989	ID	1000	A12	C1	10000	1000	0	0.5	300	0.01
217	3.05701450000869e-05	0.0139250481	0	0.998	0.298	3.05701450000869e-05	0.0139250481	1	1000	A12	C1	10000	1000	0	0.5	300	0.03
218	-0.00201793220250004	0.01032325755	0	0.782	0.423	-0.00201793220250004	0.01032325755	FGr	1000	A12	C1	10000	1000	0	0.5	300	0.03
219	-0.00752859471750002	0.00211620309999997	0	0.342	0.865	-0.00752859471750002	0.00211620309999997	NoCorrection	1000	A12	C1	10000	1000	0	0.5	300	0.03
220	0.00495573874285004	0.0254670552	0	0.559	0.037	0.00495573874285004	0.0254670552	ID	1000	A12	C1	10000	1000	0	0.5	300	0.03
221	-0.00720061976880001	0.00090853519999999	0	0.422	0.954	-0.00720061976880001	0.00090853519999999	1	1000	A12	C1	10000	1000	0	0.5	300	0.1
222	0.0124245167875	0.0562475738	0	0.167	0	0.0124245167875	0.0562475738	FGr	1000	A12	C1	10000	1000	0	0.5	300	0.1
223	0.0317101142214	0.10130293515	0	0	0	0.0317101142214	0.10130293515	NoCorrection	1000	A12	C1	10000	1000	0	0.5	300	0.1
224	-0.00791527820384998	-0.000861530600000024	0	0.387	0.955	-0.00791527820384998	-0.000861530600000024	ID	1000	A12	C1	10000	1000	0	0.5	300	0.1
225	0.00809682038705	0.0133889330999999	0	0.43	0.526	0.00809682038705	0.0133889330999999	1	10000	A12	C1	10000	1000	0	0.5	300	0
226	0.00992791002399998	0.0283640183	0	0.331	0.201	0.00992791002399998	0.0283640183	FGr	10000	A12	C1	10000	1000	0	0.5	300	0
227	0.00943072414495001	0.02285030975	0	0.334	0.282	0.00943072414495001	0.02285030975	NoCorrection	10000	A12	C1	10000	1000	0	0.5	300	0
228	0.00928617322709999	0.02486995865	0	0.378	0.237	0.00928617322709999	0.02486995865	ID	10000	A12	C1	10000	1000	0	0.5	300	0
229	0.00921587665199997	0.0503609604	0	0.325	0.018	0.00921587665199997	0.0503609604	1	10000	A12	C1	10000	1000	0	0.5	300	0.01
230	0.00800418742074997	0.0385511757	0	0.382	0.103	0.00800418742074997	0.0385511757	FGr	10000	A12	C1	10000	1000	0	0.5	300	0.01
231	0.02088705938365	0.10794598155	0	0.039	0	0.02088705938365	0.10794598155	NoCorrection	10000	A12	C1	10000	1000	0	0.5	300	0.01
232	0.00803510684474998	0.0411083343000001	0	0.397	0.066	0.00803510684474998	0.0411083343000001	ID	10000	A12	C1	10000	1000	0	0.5	300	0.01
233	0.00992886135230002	-0.000552540699999984	0	0.292	0.976	0.00992886135230002	-0.000552540699999984	1	10000	A12	C1	10000	1000	0	0.5	300	0.03
234	0.00920267432315001	-0.00587787705000005	0	0.325	0.804	0.00920267432315001	-0.00587787705000005	FGr	10000	A12	C1	10000	1000	0	0.5	300	0.03
235	0.0267118843522	0.07347898685	0	0.003	0.001	0.0267118843522	0.07347898685	NoCorrection	10000	A12	C1	10000	1000	0	0.5	300	0.03
236	0.00909956158400002	-0.00818271654999999	0	0.327	0.738	0.00909956158400002	-0.00818271654999999	ID	10000	A12	C1	10000	1000	0	0.5	300	0.03
237	0.00193376196750003	0.0207023073	0	0.84	0.36	0.00193376196750003	0.0207023073	1	10000	A12	C1	10000	1000	0	0.5	300	0.1
238	0.00360254747085	0.024476759	0	0.689	0.24	0.00360254747085	0.024476759	FGr	10000	A12	C1	10000	1000	0	0.5	300	0.1
239	0.039066653956036	0.2292323322	0	0	0	0.039066653956036	0.2292323322	NoCorrection	10000	A12	C1	10000	1000	0	0.5	300	0.1
240	0.00170398663650003	0.0214377983999997	0	0.867	0.328	0.00170398663650003	0.0214377983999997	ID	10000	A12	C1	10000	1000	0	0.5	300	0.1
241	-0.00163534222869995	-0.00163534222869993	0	0.827	0.824	-0.00163534222869995	-0.00163534222869993	1	300	A12	C1	10000	10000	0	0.5	300	0
242	0.00131208357950003	0.00131208357950008	0	0.854	0.86	0.00131208357950003	0.00131208357950008	FGr	300	A12	C1	10000	10000	0	0.5	300	0
243	-0.00169532862190006	-0.00169532862190001	0	0.839	0.83	-0.00169532862190006	-0.00169532862190001	NoCorrection	300	A12	C1	10000	10000	0	0.5	300	0
244	-0.00180190705314516	-0.0018019070531451	0	0.828	0.818	-0.00180190705314516	-0.0018019070531451	ID	300	A12	C1	10000	10000	0	0.5	300	0
245	0.00132053306498199	0.00132053306498198	0	0.864	0.873	0.00132053306498199	0.00132053306498198	1	300	A12	C1	10000	10000	0	0.5	300	0.01
246	0.00556723915890002	0.00556723915890002	0	0.521	0.51	0.00556723915890002	0.00556723915890002	FGr	300	A12	C1	10000	10000	0	0.5	300	0.01
247	0.00631278854957501	0.006312788549575	0	0.464	0.43	0.00631278854957501	0.006312788549575	NoCorrection	300	A12	C1	10000	10000	0	0.5	300	0.01
248	0.00386843466221005	0.00386843466221006	0	0.615	0.639	0.00386843466221005	0.00386843466221006	ID	300	A12	C1	10000	10000	0	0.5	300	0.01
249	0.01209265079225	0.01209265079225	0	0.134	0.14	0.01209265079225	0.01209265079225	1	300	A12	C1	10000	10000	0	0.5	300	0.03
250	0.01748896053053	0.01748896053053	0	0.038	0.037	0.01748896053053	0.01748896053053	FGr	300	A12	C1	10000	10000	0	0.5	300	0.03
251	0.0219176946163	0.0219176946163	0	0.014	0.007	0.0219176946163	0.0219176946163	NoCorrection	300	A12	C1	10000	10000	0	0.5	300	0.03
252	0.0092127365422	0.00921273654219999	0	0.253	0.284	0.0092127365422	0.00921273654219999	ID	300	A12	C1	10000	10000	0	0.5	300	0.03
253	-0.00600909368885003	-0.00600909368885003	0	0.463	0.452	-0.00600909368885003	-0.00600909368885003	1	300	A12	C1	10000	10000	0	0.5	300	0.1
254	0.0101431400136799	0.0101431400136799	0	0.201	0.196	0.0101431400136799	0.0101431400136799	FGr	300	A12	C1	10000	10000	0	0.5	300	0.1
255	0.01684786293286	0.01684786293286	0	0.032	0.022	0.01684786293286	0.01684786293286	NoCorrection	300	A12	C1	10000	10000	0	0.5	300	0.1
256	-0.00811633533401006	-0.00811633533401009	0	0.288	0.324	-0.00811633533401006	-0.00811633533401009	ID	300	A12	C1	10000	10000	0	0.5	300	0.1
257	-0.000518200983279934	0.00709413399000012	0	0.955	0.583	-0.000518200983279934	0.00709413399000012	1	1000	A12	C1	10000	10000	0	0.5	300	0
258	0.00443020590692009	0.0173821338699998	0	0.618	0.191	0.00443020590692009	0.0173821338699998	FGr	1000	A12	C1	10000	10000	0	0.5	300	0
259	-0.00785215985494995	-0.0121093488049999	0	0.368	0.366	-0.00785215985494995	-0.0121093488049999	NoCorrection	1000	A12	C1	10000	10000	0	0.5	300	0
260	0.00251382977748001	0.0151498222750003	0	0.789	0.26	0.00251382977748001	0.0151498222750003	ID	1000	A12	C1	10000	10000	0	0.5	300	0
261	0.00895062364907	0.00203334897499998	0	0.291	0.894	0.00895062364907	0.00203334897499998	1	1000	A12	C1	10000	10000	0	0.5	300	0.01
262	0.0116190478018	0.00686202978000001	0	0.159	0.593	0.0116190478018	0.00686202978000001	FGr	1000	A12	C1	10000	10000	0	0.5	300	0.01
263	0.0129629251209	0.01089282277	0	0.122	0.39	0.0129629251209	0.01089282277	NoCorrection	1000	A12	C1	10000	10000	0	0.5	300	0.01
264	0.0115587330085503	0.00675386608	0	0.182	0.634	0.0115587330085503	0.00675386608	ID	1000	A12	C1	10000	10000	0	0.5	300	0.01
265	-0.00547249022624993	0.00345047026500006	0	0.58	0.812	-0.00547249022624993	0.00345047026500006	1	1000	A12	C1	10000	10000	0	0.5	300	0.03
266	0.00262248846225003	0.027519869305	0	0.776	0.043	0.00262248846225003	0.027519869305	FGr	1000	A12	C1	10000	10000	0	0.5	300	0.03
267	0.00910480708519996	0.0382845031499999	0	0.319	0.008	0.00910480708519996	0.0382845031499999	NoCorrection	1000	A12	C1	10000	10000	0	0.5	300	0.03
268	-0.00276170285523992	0.01305777747	0	0.783	0.366	-0.00276170285523992	0.01305777747	ID	1000	A12	C1	10000	10000	0	0.5	300	0.03
269	0.00494052651510008	0.00586682682500018	0	0.575	0.668	0.00494052651510008	0.00586682682500018	1	1000	A12	C1	10000	10000	0	0.5	300	0.1
270	0.0137138893985499	0.0303607091900003	0	0.138	0.055	0.0137138893985499	0.0303607091900003	FGr	1000	A12	C1	10000	10000	0	0.5	300	0.1
271	0.04146184646495	0.100968556935001	0	0	0	0.04146184646495	0.100968556935001	NoCorrection	1000	A12	C1	10000	10000	0	0.5	300	0.1
272	-0.00119496953429985	-0.00964792939499976	0	0.889	0.517	-0.00119496953429985	-0.00964792939499976	ID	1000	A12	C1	10000	10000	0	0.5	300	0.1
273	-0.00535611342341013	-0.00158396873000005	0	0.51	0.936	-0.00535611342341013	-0.00158396873000005	1	10000	A12	C1	10000	10000	0	0.5	300	0
274	-0.00840923004737004	-0.02067145802	0	0.276	0.343	-0.00840923004737004	-0.02067145802	FGr	10000	A12	C1	10000	10000	0	0.5	300	0
275	-0.00228264218380346	0.015238016435	0	0.762	0.457	-0.00228264218380346	0.015238016435	NoCorrection	10000	A12	C1	10000	10000	0	0.5	300	0
276	-0.00567401556207997	-0.00194479905000008	0	0.468	0.918	-0.00567401556207997	-0.00194479905000008	ID	10000	A12	C1	10000	10000	0	0.5	300	0
277	-0.00142235673807997	0.012641655495	0	0.855	0.507	-0.00142235673807997	0.012641655495	1	10000	A12	C1	10000	10000	0	0.5	300	0.01
278	-0.000282692415599918	0.0212111249849999	0	0.969	0.281	-0.000282692415599918	0.0212111249849999	FGr	10000	A12	C1	10000	10000	0	0.5	300	0.01
279	-0.000203389527467918	0.025801390695	0	0.98	0.208	-0.000203389527467918	0.025801390695	NoCorrection	10000	A12	C1	10000	10000	0	0.5	300	0.01
280	-0.00159253748679493	0.00929241886999997	0	0.858	0.622	-0.00159253748679493	0.00929241886999997	ID	10000	A12	C1	10000	10000	0	0.5	300	0.01
281	0.00723322714645	-0.010556591005	0	0.396	0.589	0.00723322714645	-0.010556591005	1	10000	A12	C1	10000	10000	0	0.5	300	0.03
282	0.00704935090834999	-0.0163111993300001	0	0.375	0.41	0.00704935090834999	-0.0163111993300001	FGr	10000	A12	C1	10000	10000	0	0.5	300	0.03
283	0.00648104839201002	-0.018814600435	0	0.433	0.338	0.00648104839201002	-0.018814600435	NoCorrection	10000	A12	C1	10000	10000	0	0.5	300	0.03
284	0.00904872856744999	0.00189097139999997	0	0.239	0.923	0.00904872856744999	0.00189097139999997	ID	10000	A12	C1	10000	10000	0	0.5	300	0.03
285	-0.00166526083510008	-0.00604318438999983	0	0.832	0.746	-0.00166526083510008	-0.00604318438999983	1	10000	A12	C1	10000	10000	0	0.5	300	0.1
286	-0.000253943060219962	-0.00703540599000011	0	0.983	0.728	-0.000253943060219962	-0.00703540599000011	FGr	10000	A12	C1	10000	10000	0	0.5	300	0.1
287	0.02943655767705	0.169625542725	0	0.002	0	0.02943655767705	0.169625542725	NoCorrection	10000	A12	C1	10000	10000	0	0.5	300	0.1
288	-0.00119669630959992	-0.00617239173999966	0	0.877	0.775	-0.00119669630959992	-0.00617239173999966	ID	10000	A12	C1	10000	10000	0	0.5	300	0.1
289	6.32439949999852e-05	6.32439950000185e-05	0	1	0.999	6.32439949999852e-05	6.32439950000185e-05	1	300	A12	C2	1000	100	0	0.5	300	0
290	-0.00178670434	-0.00178670433999997	0	0.969	0.959	-0.00178670434	-0.00178670433999997	FGr	300	A12	C2	1000	100	0	0.5	300	0
291	0.000465982129999999	0.000465982130000016	0	0.983	0.993	0.000465982129999999	0.000465982130000016	NoCorrection	300	A12	C2	1000	100	0	0.5	300	0
292	0.00263281321000002	0.00263281320999997	0	0.934	0.945	0.00263281321000002	0.00263281320999997	ID	300	A12	C2	1000	100	0	0.5	300	0
293	-0.0072955393665	-0.00729553936649999	0	0.792	0.786	-0.0072955393665	-0.00729553936649999	1	300	A12	C2	1000	100	0	0.5	300	0.01
294	-0.00759061715499997	-0.00759061715499998	0	0.774	0.794	-0.00759061715499997	-0.00759061715499998	FGr	300	A12	C2	1000	100	0	0.5	300	0.01
295	-0.00715193314000001	-0.00715193313999998	0	0.781	0.801	-0.00715193314000001	-0.00715193313999998	NoCorrection	300	A12	C2	1000	100	0	0.5	300	0.01
296	-0.00631961228	-0.00631961228	0	0.835	0.822	-0.00631961228	-0.00631961228	ID	300	A12	C2	1000	100	0	0.5	300	0.01
297	-0.00390806852	-0.00390806852000002	0	0.879	0.888	-0.00390806852	-0.00390806852000002	1	300	A12	C2	1000	100	0	0.5	300	0.03
298	-0.00111623424999999	-0.00111623425000001	0	0.969	0.978	-0.00111623424999999	-0.00111623425000001	FGr	300	A12	C2	1000	100	0	0.5	300	0.03
299	-0.00207778691999999	-0.00207778691999998	0	0.948	0.934	-0.00207778691999999	-0.00207778691999998	NoCorrection	300	A12	C2	1000	100	0	0.5	300	0.03
300	-0.0069910448558	-0.00699104485579998	0	0.786	0.799	-0.0069910448558	-0.00699104485579998	ID	300	A12	C2	1000	100	0	0.5	300	0.03
301	0.0313355598085	0.0313355598085	0	0.264	0.257	0.0313355598085	0.0313355598085	1	300	A12	C2	1000	100	0	0.5	300	0.1
302	0.031679866585	0.031679866585	0	0.259	0.24	0.031679866585	0.031679866585	FGr	300	A12	C2	1000	100	0	0.5	300	0.1
303	0.03183622885	0.03183622885	0	0.235	0.244	0.03183622885	0.03183622885	NoCorrection	300	A12	C2	1000	100	0	0.5	300	0.1
304	0.02869130045	0.02869130045	0	0.302	0.308	0.02869130045	0.02869130045	ID	300	A12	C2	1000	100	0	0.5	300	0.1
305	0.014469173815	0.074500714	0	0.643	0.178	0.014469173815	0.074500714	1	1000	A12	C2	1000	100	0	0.5	300	0
306	0.01599238814	0.0813922104999999	0	0.634	0.128	0.01599238814	0.0813922104999999	FGr	1000	A12	C2	1000	100	0	0.5	300	0
307	0.01498902059	0.07531305	0	0.665	0.168	0.01498902059	0.07531305	NoCorrection	1000	A12	C2	1000	100	0	0.5	300	0
308	0.014615688475	0.0755516174999999	0	0.646	0.167	0.014615688475	0.0755516174999999	ID	1000	A12	C2	1000	100	0	0.5	300	0
309	0.08232283047	0.0479591844999999	0	0.017	0.362	0.08232283047	0.0479591844999999	1	1000	A12	C2	1000	100	0	0.5	300	0.01
310	0.078798251395	0.0476086145	0	0.021	0.376	0.078798251395	0.0476086145	FGr	1000	A12	C2	1000	100	0	0.5	300	0.01
311	0.08063300373	0.0342443205	0	0.018	0.495	0.08063300373	0.0342443205	NoCorrection	1000	A12	C2	1000	100	0	0.5	300	0.01
312	0.082249767645	0.0528336839999999	0	0.02	0.325	0.082249767645	0.0528336839999999	ID	1000	A12	C2	1000	100	0	0.5	300	0.01
313	0.004835324455	0.114220722	0	0.881	0.022	0.004835324455	0.114220722	1	1000	A12	C2	1000	100	0	0.5	300	0.03
314	0.006403127717	0.091988856	0	0.829	0.066	0.006403127717	0.091988856	FGr	1000	A12	C2	1000	100	0	0.5	300	0.03
315	0.00600502574399998	0.0954082690000001	0	0.839	0.057	0.00600502574399998	0.0954082690000001	NoCorrection	1000	A12	C2	1000	100	0	0.5	300	0.03
316	0.0048084336	0.120055155	0	0.87	0.017	0.0048084336	0.120055155	ID	1000	A12	C2	1000	100	0	0.5	300	0.03
317	-0.00785106631000007	-0.0567184755	0	0.816	0.349	-0.00785106631000007	-0.0567184755	1	1000	A12	C2	1000	100	0	0.5	300	0.1
318	-0.00362829732999998	-0.0475819255	0	0.923	0.404	-0.00362829732999998	-0.0475819255	FGr	1000	A12	C2	1000	100	0	0.5	300	0.1
319	-0.00420421677000005	-0.043985109	0	0.92	0.461	-0.00420421677000005	-0.043985109	NoCorrection	1000	A12	C2	1000	100	0	0.5	300	0.1
320	-0.00871865373000002	-0.056921788	0	0.806	0.374	-0.00871865373000002	-0.056921788	ID	1000	A12	C2	1000	100	0	0.5	300	0.1
321	0.019608806405	-0.028142218	0	0.543	0.723	0.019608806405	-0.028142218	1	10000	A12	C2	1000	100	0	0.5	300	0
322	0.0195813876	-0.0106604350000001	0	0.555	0.93	0.0195813876	-0.0106604350000001	FGr	10000	A12	C2	1000	100	0	0.5	300	0
323	0.01952370374	0.000914060000000042	0	0.532	0.992	0.01952370374	0.000914060000000042	NoCorrection	10000	A12	C2	1000	100	0	0.5	300	0
324	0.0195435546	-0.037023657	0	0.541	0.66	0.0195435546	-0.037023657	ID	10000	A12	C2	1000	100	0	0.5	300	0
325	-0.03370945038	-0.011903945	0	0.279	0.879	-0.03370945038	-0.011903945	1	10000	A12	C2	1000	100	0	0.5	300	0.01
326	-0.0336945966250001	-0.0136893145	0	0.275	0.869	-0.0336945966250001	-0.0136893145	FGr	10000	A12	C2	1000	100	0	0.5	300	0.01
327	-0.0339583859999999	-0.0260113375	0	0.273	0.77	-0.0339583859999999	-0.0260113375	NoCorrection	10000	A12	C2	1000	100	0	0.5	300	0.01
328	-0.033732778745	-0.0212699635	0	0.25	0.816	-0.033732778745	-0.0212699635	ID	10000	A12	C2	1000	100	0	0.5	300	0.01
329	-0.00413112573000001	0.0331754655	0	0.903	0.713	-0.00413112573000001	0.0331754655	1	10000	A12	C2	1000	100	0	0.5	300	0.03
330	-0.00613023348499999	0.0432683545	0	0.829	0.617	-0.00613023348499999	0.0432683545	FGr	10000	A12	C2	1000	100	0	0.5	300	0.03
331	-0.00416509893999998	0.0134135735	0	0.885	0.851	-0.00416509893999998	0.0134135735	NoCorrection	10000	A12	C2	1000	100	0	0.5	300	0.03
332	-0.00405339507500001	0.0337707625	0	0.894	0.666	-0.00405339507500001	0.0337707625	ID	10000	A12	C2	1000	100	0	0.5	300	0.03
333	-0.00327947217500002	0.0267642339999999	0	0.929	0.767	-0.00327947217500002	0.0267642339999999	1	10000	A12	C2	1000	100	0	0.5	300	0.1
334	-0.00386702672999999	0.057277786	0	0.92	0.512	-0.00386702672999999	0.057277786	FGr	10000	A12	C2	1000	100	0	0.5	300	0.1
335	-0.00333187564500013	0.036030279	0	0.933	0.651	-0.00333187564500013	0.036030279	NoCorrection	10000	A12	C2	1000	100	0	0.5	300	0.1
336	-0.00318245861199995	0.021469977	0	0.911	0.814	-0.00318245861199995	0.021469977	ID	10000	A12	C2	1000	100	0	0.5	300	0.1
337	0.00484788072200001	0.004847880722	0	0.832	0.81	0.00484788072200001	0.004847880722	1	300	A12	C2	1000	1000	0	0.5	300	0
338	0.00419120998000003	0.00419120998000006	0	0.85	0.846	0.00419120998000003	0.00419120998000006	FGr	300	A12	C2	1000	1000	0	0.5	300	0
339	0.00405003946900006	0.00405003946900002	0	0.864	0.837	0.00405003946900006	0.00405003946900002	NoCorrection	300	A12	C2	1000	1000	0	0.5	300	0
340	0.00477601741499994	0.0047760174149999	0	0.827	0.842	0.00477601741499994	0.0047760174149999	ID	300	A12	C2	1000	1000	0	0.5	300	0
341	0.0178362576375	0.0178362576375001	0	0.339	0.327	0.0178362576375	0.0178362576375001	1	300	A12	C2	1000	1000	0	0.5	300	0.01
342	0.0169935122844	0.0169935122844	0	0.375	0.337	0.0169935122844	0.0169935122844	FGr	300	A12	C2	1000	1000	0	0.5	300	0.01
343	0.0169609053591	0.0169609053591	0	0.342	0.352	0.0169609053591	0.0169609053591	NoCorrection	300	A12	C2	1000	1000	0	0.5	300	0.01
344	0.0166547853285	0.0166547853285	0	0.368	0.355	0.0166547853285	0.0166547853285	ID	300	A12	C2	1000	1000	0	0.5	300	0.01
345	0.00371099761900005	0.00371099761900008	0	0.857	0.863	0.00371099761900005	0.00371099761900008	1	300	A12	C2	1000	1000	0	0.5	300	0.03
346	0.00283600717199995	0.00283600717199993	0	0.88	0.893	0.00283600717199995	0.00283600717199993	FGr	300	A12	C2	1000	1000	0	0.5	300	0.03
347	0.00280806955349998	0.00280806955349997	0	0.886	0.895	0.00280806955349998	0.00280806955349997	NoCorrection	300	A12	C2	1000	1000	0	0.5	300	0.03
348	0.00371685852799997	0.00371685852799999	0	0.834	0.85	0.00371685852799997	0.00371685852799999	ID	300	A12	C2	1000	1000	0	0.5	300	0.03
349	0.00238449345999993	0.00238449345999992	0	0.902	0.905	0.00238449345999993	0.00238449345999992	1	300	A12	C2	1000	1000	0	0.5	300	0.1
350	-0.0016149115205	-0.0016149115205	0	0.948	0.924	-0.0016149115205	-0.0016149115205	FGr	300	A12	C2	1000	1000	0	0.5	300	0.1
351	-0.00165358913100003	-0.00165358913100001	0	0.94	0.925	-0.00165358913100003	-0.00165358913100001	NoCorrection	300	A12	C2	1000	1000	0	0.5	300	0.1
352	0.00136709673500002	0.00136709673499999	0	0.944	0.94	0.00136709673500002	0.00136709673499999	ID	300	A12	C2	1000	1000	0	0.5	300	0.1
353	0.00337492537549984	-0.0251321627499999	0	0.886	0.472	0.00337492537549984	-0.0251321627499999	1	1000	A12	C2	1000	1000	0	0.5	300	0
354	0.00426549400400023	-0.0264734383	0	0.842	0.429	0.00426549400400023	-0.0264734383	FGr	1000	A12	C2	1000	1000	0	0.5	300	0
355	0.00328702577693978	-0.0250946911500001	0	0.876	0.481	0.00328702577693978	-0.0250946911500001	NoCorrection	1000	A12	C2	1000	1000	0	0.5	300	0
356	0.00260464663700051	-0.02592052	0	0.906	0.462	0.00260464663700051	-0.02592052	ID	1000	A12	C2	1000	1000	0	0.5	300	0
357	-0.0147613290995	0.00211590800000007	0	0.414	0.947	-0.0147613290995	0.00211590800000007	1	1000	A12	C2	1000	1000	0	0.5	300	0.01
358	-0.020284296413	-0.00464154359999997	0	0.285	0.896	-0.020284296413	-0.00464154359999997	FGr	1000	A12	C2	1000	1000	0	0.5	300	0.01
359	-0.0206606815909999	-0.0086810254000001	0	0.3	0.819	-0.0206606815909999	-0.0086810254000001	NoCorrection	1000	A12	C2	1000	1000	0	0.5	300	0.01
360	-0.0196566881075	-0.0085979481000001	0	0.281	0.748	-0.0196566881075	-0.0085979481000001	ID	1000	A12	C2	1000	1000	0	0.5	300	0.01
361	0.0428737223195	0.06119149185	0	0.04	0.079	0.0428737223195	0.06119149185	1	1000	A12	C2	1000	1000	0	0.5	300	0.03
362	0.0409701619189999	0.0570080613	0	0.041	0.103	0.0409701619189999	0.0570080613	FGr	1000	A12	C2	1000	1000	0	0.5	300	0.03
363	0.0413341388500202	0.06158127725	0	0.04	0.073	0.0413341388500202	0.06158127725	NoCorrection	1000	A12	C2	1000	1000	0	0.5	300	0.03
364	0.042031568876	0.0636646544	0	0.044	0.068	0.042031568876	0.0636646544	ID	1000	A12	C2	1000	1000	0	0.5	300	0.03
365	0.0102615734179999	-0.0160826921499998	0	0.613	0.614	0.0102615734179999	-0.0160826921499998	1	1000	A12	C2	1000	1000	0	0.5	300	0.1
366	0.0133711058739999	-0.00548999089999997	0	0.484	0.859	0.0133711058739999	-0.00548999089999997	FGr	1000	A12	C2	1000	1000	0	0.5	300	0.1
367	0.0124283807630001	-0.01640383265	0	0.539	0.589	0.0124283807630001	-0.01640383265	NoCorrection	1000	A12	C2	1000	1000	0	0.5	300	0.1
368	0.010865771771	-0.0131608614500001	0	0.575	0.665	0.010865771771	-0.0131608614500001	ID	1000	A12	C2	1000	1000	0	0.5	300	0.1
369	-0.01359872383	-0.0484667031000001	0	0.443	0.341	-0.01359872383	-0.0484667031000001	1	10000	A12	C2	1000	1000	0	0.5	300	0
370	-0.0117891841477001	-0.05100849045	0	0.486	0.341	-0.0117891841477001	-0.05100849045	FGr	10000	A12	C2	1000	1000	0	0.5	300	0
371	-0.0117487611829999	-0.0426954213000001	0	0.506	0.401	-0.0117487611829999	-0.0426954213000001	NoCorrection	10000	A12	C2	1000	1000	0	0.5	300	0
372	-0.0139248405191	-0.0494976779500001	0	0.43	0.348	-0.0139248405191	-0.0494976779500001	ID	10000	A12	C2	1000	1000	0	0.5	300	0
373	-0.0346103303717999	-0.0534299957499999	0	0.076	0.325	-0.0346103303717999	-0.0534299957499999	1	10000	A12	C2	1000	1000	0	0.5	300	0.01
374	-0.0330411485149999	-0.0587710211500002	0	0.083	0.266	-0.0330411485149999	-0.0587710211500002	FGr	10000	A12	C2	1000	1000	0	0.5	300	0.01
375	-0.0328882319735	-0.0776761452000001	0	0.105	0.13	-0.0328882319735	-0.0776761452000001	NoCorrection	10000	A12	C2	1000	1000	0	0.5	300	0.01
376	-0.0352783511999999	-0.05393103575	0	0.07	0.341	-0.0352783511999999	-0.05393103575	ID	10000	A12	C2	1000	1000	0	0.5	300	0.01
377	0.0148491593717	-0.0373249054999999	0	0.436	0.472	0.0148491593717	-0.0373249054999999	1	10000	A12	C2	1000	1000	0	0.5	300	0.03
378	0.014243761894	-0.0456682239	0	0.463	0.39	0.014243761894	-0.0456682239	FGr	10000	A12	C2	1000	1000	0	0.5	300	0.03
379	0.014188180369	-0.0484447994999999	0	0.479	0.359	0.014188180369	-0.0484447994999999	NoCorrection	10000	A12	C2	1000	1000	0	0.5	300	0.03
380	0.0148316704896	-0.0410516510000002	0	0.456	0.409	0.0148316704896	-0.0410516510000002	ID	10000	A12	C2	1000	1000	0	0.5	300	0.03
381	-0.0228587624425	0.0117914283	0	0.261	0.837	-0.0228587624425	0.0117914283	1	10000	A12	C2	1000	1000	0	0.5	300	0.1
382	-0.01842139643784	0.0320155378	0	0.411	0.565	-0.01842139643784	0.0320155378	FGr	10000	A12	C2	1000	1000	0	0.5	300	0.1
383	-0.018348481932	0.0319288188500001	0	0.38	0.51	-0.018348481932	0.0319288188500001	NoCorrection	10000	A12	C2	1000	1000	0	0.5	300	0.1
384	-0.0235657274580001	0.016675093	0	0.267	0.772	-0.0235657274580001	0.016675093	ID	10000	A12	C2	1000	1000	0	0.5	300	0.1
385	0.00572954245450002	0.00572954245450009	0	0.789	0.759	0.00572954245450002	0.00572954245450009	1	300	A12	C2	1000	10000	0	0.5	300	0
386	0.00726722558954959	0.00726722558954964	0	0.721	0.739	0.00726722558954959	0.00726722558954964	FGr	300	A12	C2	1000	10000	0	0.5	300	0
387	0.00731369646880035	0.0073136964688005	0	0.716	0.715	0.00731369646880035	0.0073136964688005	NoCorrection	300	A12	C2	1000	10000	0	0.5	300	0
388	0.00757908828365028	0.00757908828365023	0	0.69	0.717	0.00757908828365028	0.00757908828365023	ID	300	A12	C2	1000	10000	0	0.5	300	0
389	-0.0139896170269498	-0.0139896170269498	0	0.506	0.49	-0.0139896170269498	-0.0139896170269498	1	300	A12	C2	1000	10000	0	0.5	300	0.01
390	-0.0136588344023002	-0.0136588344023003	0	0.5	0.506	-0.0136588344023002	-0.0136588344023003	FGr	300	A12	C2	1000	10000	0	0.5	300	0.01
391	-0.0135450933266005	-0.0135450933266005	0	0.528	0.484	-0.0135450933266005	-0.0135450933266005	NoCorrection	300	A12	C2	1000	10000	0	0.5	300	0.01
392	-0.0136281656312494	-0.0136281656312493	0	0.5	0.479	-0.0136281656312494	-0.0136281656312493	ID	300	A12	C2	1000	10000	0	0.5	300	0.01
393	0.00105546873075076	0.00105546873075076	0	0.954	0.962	0.00105546873075076	0.00105546873075076	1	300	A12	C2	1000	10000	0	0.5	300	0.03
394	0.000128501644974892	0.00012850164497496	0	0.995	0.995	0.000128501644974892	0.00012850164497496	FGr	300	A12	C2	1000	10000	0	0.5	300	0.03
395	0.000115393810524797	0.000115393810524833	0	0.998	0.993	0.000115393810524797	0.000115393810524833	NoCorrection	300	A12	C2	1000	10000	0	0.5	300	0.03
396	4.08216384002036e-05	4.0821638400283e-05	0	0.998	1	4.08216384002036e-05	4.0821638400283e-05	ID	300	A12	C2	1000	10000	0	0.5	300	0.03
397	0.0247624511042501	0.0247624511042501	0	0.193	0.179	0.0247624511042501	0.0247624511042501	1	300	A12	C2	1000	10000	0	0.5	300	0.1
398	0.0265777830969997	0.0265777830969998	0	0.181	0.162	0.0265777830969997	0.0265777830969998	FGr	300	A12	C2	1000	10000	0	0.5	300	0.1
399	0.0261983791345997	0.0261983791345997	0	0.177	0.166	0.0261983791345997	0.0261983791345997	NoCorrection	300	A12	C2	1000	10000	0	0.5	300	0.1
400	0.0264177011371999	0.0264177011371998	0	0.151	0.156	0.0264177011371999	0.0264177011371998	ID	300	A12	C2	1000	10000	0	0.5	300	0.1
401	0.0128831959183999	-0.0130212105249998	0	0.517	0.679	0.0128831959183999	-0.0130212105249998	1	1000	A12	C2	1000	10000	0	0.5	300	0
402	0.0117910825077305	-0.0187913088449998	0	0.559	0.538	0.0117910825077305	-0.0187913088449998	FGr	1000	A12	C2	1000	10000	0	0.5	300	0
403	0.01203859309725	-0.0142720838499996	0	0.556	0.655	0.01203859309725	-0.0142720838499996	NoCorrection	1000	A12	C2	1000	10000	0	0.5	300	0
404	0.0120706585825202	-0.0157759532449999	0	0.551	0.612	0.0120706585825202	-0.0157759532449999	ID	1000	A12	C2	1000	10000	0	0.5	300	0
405	0.0096992068838152	-0.00980286504499987	0	0.614	0.737	0.0096992068838152	-0.00980286504499987	1	1000	A12	C2	1000	10000	0	0.5	300	0.01
406	0.0107149505776	-0.00577073612499998	0	0.599	0.866	0.0107149505776	-0.00577073612499998	FGr	1000	A12	C2	1000	10000	0	0.5	300	0.01
407	0.0106688308775002	-0.00571302835499992	0	0.582	0.857	0.0106688308775002	-0.00571302835499992	NoCorrection	1000	A12	C2	1000	10000	0	0.5	300	0.01
408	0.0107485389608499	-0.00679000193500001	0	0.59	0.838	0.0107485389608499	-0.00679000193500001	ID	1000	A12	C2	1000	10000	0	0.5	300	0.01
409	-0.00165274745724999	-0.06279939678	0	0.92	0.033	-0.00165274745724999	-0.06279939678	1	1000	A12	C2	1000	10000	0	0.5	300	0.03
410	-0.00252317814310001	-0.0537754822599999	0	0.88	0.065	-0.00252317814310001	-0.0537754822599999	FGr	1000	A12	C2	1000	10000	0	0.5	300	0.03
411	-0.00238851094699998	-0.055031735485	0	0.876	0.067	-0.00238851094699998	-0.055031735485	NoCorrection	1000	A12	C2	1000	10000	0	0.5	300	0.03
412	-0.0022940324899	-0.059922368725	0	0.885	0.042	-0.0022940324899	-0.059922368725	ID	1000	A12	C2	1000	10000	0	0.5	300	0.03
413	-0.0117461810907	-0.0417699448749994	0	0.512	0.148	-0.0117461810907	-0.0417699448749994	1	1000	A12	C2	1000	10000	0	0.5	300	0.1
414	-0.0109247402575002	-0.0480933278499997	0	0.54	0.089	-0.0109247402575002	-0.0480933278499997	FGr	1000	A12	C2	1000	10000	0	0.5	300	0.1
415	-0.0110847044864501	-0.0469829877749999	0	0.521	0.106	-0.0110847044864501	-0.0469829877749999	NoCorrection	1000	A12	C2	1000	10000	0	0.5	300	0.1
416	-0.0111006422443001	-0.0394959451750005	0	0.506	0.152	-0.0111006422443001	-0.0394959451750005	ID	1000	A12	C2	1000	10000	0	0.5	300	0.1
417	0.00431454864230019	0.0393255461000007	0	0.829	0.444	0.00431454864230019	0.0393255461000007	1	10000	A12	C2	1000	10000	0	0.5	300	0
418	0.00423358648910024	0.0454520174500007	0	0.836	0.425	0.00423358648910024	0.0454520174500007	FGr	10000	A12	C2	1000	10000	0	0.5	300	0
419	0.00460418045205017	0.0574496656499983	0	0.814	0.293	0.00460418045205017	0.0574496656499983	NoCorrection	10000	A12	C2	1000	10000	0	0.5	300	0
420	0.00422154976770002	0.0388675404499998	0	0.844	0.477	0.00422154976770002	0.0388675404499998	ID	10000	A12	C2	1000	10000	0	0.5	300	0
421	-0.000277762964400009	-0.0189916815149995	0	0.985	0.701	-0.000277762964400009	-0.0189916815149995	1	10000	A12	C2	1000	10000	0	0.5	300	0.01
422	-0.000934602945999938	-0.0134657469300003	0	0.969	0.774	-0.000934602945999938	-0.0134657469300003	FGr	10000	A12	C2	1000	10000	0	0.5	300	0.01
423	-0.000902863232349917	-0.0134036368199994	0	0.957	0.751	-0.000902863232349917	-0.0134036368199994	NoCorrection	10000	A12	C2	1000	10000	0	0.5	300	0.01
424	-0.000230955606824746	-0.0225114943150002	0	0.993	0.649	-0.000230955606824746	-0.0225114943150002	ID	10000	A12	C2	1000	10000	0	0.5	300	0.01
425	-0.0444863914044	-0.0262965462200003	0	0.007	0.591	-0.0444863914044	-0.0262965462200003	1	10000	A12	C2	1000	10000	0	0.5	300	0.03
426	-0.0424882547642501	-0.0136067048349993	0	0.016	0.766	-0.0424882547642501	-0.0136067048349993	FGr	10000	A12	C2	1000	10000	0	0.5	300	0.03
427	-0.0437544059514998	-0.00840837770000027	0	0.011	0.858	-0.0437544059514998	-0.00840837770000027	NoCorrection	10000	A12	C2	1000	10000	0	0.5	300	0.03
428	-0.0444365004596501	-0.0196128911350007	0	0.009	0.674	-0.0444365004596501	-0.0196128911350007	ID	10000	A12	C2	1000	10000	0	0.5	300	0.03
429	0.0171752444220753	-0.0317351884000003	0	0.348	0.498	0.0171752444220753	-0.0317351884000003	1	10000	A12	C2	1000	10000	0	0.5	300	0.1
430	0.0193707427014004	0.0139298046499997	0	0.26	0.754	0.0193707427014004	0.0139298046499997	FGr	10000	A12	C2	1000	10000	0	0.5	300	0.1
431	0.0186115412266001	0.0110330975999997	0	0.295	0.798	0.0186115412266001	0.0110330975999997	NoCorrection	10000	A12	C2	1000	10000	0	0.5	300	0.1
432	0.0169256804514501	-0.0345730728500001	0	0.301	0.464	0.0169256804514501	-0.0345730728500001	ID	10000	A12	C2	1000	10000	0	0.5	300	0.1
433	-0.002011451338	-0.002011451338	0	0.861	0.867	-0.002011451338	-0.002011451338	1	300	A12	C2	10000	100	0	0.5	300	0
434	-0.00393306988750001	-0.00393306988749999	0	0.776	0.738	-0.00393306988750001	-0.00393306988749999	FGr	300	A12	C2	10000	100	0	0.5	300	0
435	-0.0042637871207	-0.00426378712069999	0	0.732	0.723	-0.0042637871207	-0.00426378712069999	NoCorrection	300	A12	C2	10000	100	0	0.5	300	0
436	-0.00282816874200001	-0.002828168742	0	0.81	0.817	-0.00282816874200001	-0.002828168742	ID	300	A12	C2	10000	100	0	0.5	300	0
437	0.00705356081600001	0.007053560816	0	0.569	0.572	0.00705356081600001	0.007053560816	1	300	A12	C2	10000	100	0	0.5	300	0.01
438	0.005625973283	0.005625973283	0	0.648	0.637	0.005625973283	0.005625973283	FGr	300	A12	C2	10000	100	0	0.5	300	0.01
439	0.00576516396499999	0.005765163965	0	0.618	0.648	0.00576516396499999	0.005765163965	NoCorrection	300	A12	C2	10000	100	0	0.5	300	0.01
440	0.00452027256400001	0.00452027256399999	0	0.718	0.705	0.00452027256400001	0.00452027256399999	ID	300	A12	C2	10000	100	0	0.5	300	0.01
441	-0.009187154272	-0.009187154272	0	0.435	0.448	-0.009187154272	-0.009187154272	1	300	A12	C2	10000	100	0	0.5	300	0.03
442	-0.008425896204	-0.00842589620399999	0	0.483	0.475	-0.008425896204	-0.00842589620399999	FGr	300	A12	C2	10000	100	0	0.5	300	0.03
443	-0.008697659155	-0.00869765915500001	0	0.441	0.457	-0.008697659155	-0.00869765915500001	NoCorrection	300	A12	C2	10000	100	0	0.5	300	0.03
444	-0.0065766455695	-0.0065766455695	0	0.58	0.569	-0.0065766455695	-0.0065766455695	ID	300	A12	C2	10000	100	0	0.5	300	0.03
445	-0.0141211362995	-0.0141211362995	0	0.268	0.314	-0.0141211362995	-0.0141211362995	1	300	A12	C2	10000	100	0	0.5	300	0.1
446	-0.018685425639	-0.018685425639	0	0.163	0.168	-0.018685425639	-0.018685425639	FGr	300	A12	C2	10000	100	0	0.5	300	0.1
447	-0.0187864682705	-0.0187864682705	0	0.159	0.165	-0.0187864682705	-0.0187864682705	NoCorrection	300	A12	C2	10000	100	0	0.5	300	0.1
448	-0.01267281629	-0.01267281629	0	0.346	0.338	-0.01267281629	-0.01267281629	ID	300	A12	C2	10000	100	0	0.5	300	0.1
449	0.024886745794	0.020297546	0	0.027	0.241	0.024886745794	0.020297546	1	1000	A12	C2	10000	100	0	0.5	300	0
450	0.023893863895	0.0222644755	0	0.019	0.199	0.023893863895	0.0222644755	FGr	1000	A12	C2	10000	100	0	0.5	300	0
451	0.023890573878	0.022261062	0	0.014	0.202	0.023890573878	0.022261062	NoCorrection	1000	A12	C2	10000	100	0	0.5	300	0
452	0.02471831483	0.0216007345	0	0.018	0.201	0.02471831483	0.0216007345	ID	1000	A12	C2	10000	100	0	0.5	300	0
453	-0.018519820005	-0.00303060900000002	0	0.071	0.86	-0.018519820005	-0.00303060900000002	1	1000	A12	C2	10000	100	0	0.5	300	0.01
454	-0.0178659303908	-0.000795308000000007	0	0.08	0.961	-0.0178659303908	-0.000795308000000007	FGr	1000	A12	C2	10000	100	0	0.5	300	0.01
455	-0.017813544683	0.00115903849999999	0	0.075	0.957	-0.017813544683	0.00115903849999999	NoCorrection	1000	A12	C2	10000	100	0	0.5	300	0.01
456	-0.018238974867	-0.00111319549999995	0	0.097	0.951	-0.018238974867	-0.00111319549999995	ID	1000	A12	C2	10000	100	0	0.5	300	0.01
457	-0.010568230235	0.00495080499999999	0	0.329	0.77	-0.010568230235	0.00495080499999999	1	1000	A12	C2	10000	100	0	0.5	300	0.03
458	-0.010353926924	0.0044034415	0	0.345	0.778	-0.010353926924	0.0044034415	FGr	1000	A12	C2	10000	100	0	0.5	300	0.03
459	-0.010327067639	0.00449946750000001	0	0.326	0.782	-0.010327067639	0.00449946750000001	NoCorrection	1000	A12	C2	10000	100	0	0.5	300	0.03
460	-0.0104684517375	0.00439778150000001	0	0.308	0.807	-0.0104684517375	0.00439778150000001	ID	1000	A12	C2	10000	100	0	0.5	300	0.03
461	-0.005329886492	-0.012539228	0	0.528	0.438	-0.005329886492	-0.012539228	1	1000	A12	C2	10000	100	0	0.5	300	0.1
462	-0.00253895350999999	-0.01380702	0	0.798	0.428	-0.00253895350999999	-0.01380702	FGr	1000	A12	C2	10000	100	0	0.5	300	0.1
463	-0.00239018194500002	-0.0148458945	0	0.801	0.429	-0.00239018194500002	-0.0148458945	NoCorrection	1000	A12	C2	10000	100	0	0.5	300	0.1
464	-0.005225522915	-0.0153020565	0	0.537	0.341	-0.005225522915	-0.0153020565	ID	1000	A12	C2	10000	100	0	0.5	300	0.1
465	-0.0076641683	0.00457072799999998	0	0.539	0.865	-0.0076641683	0.00457072799999998	1	10000	A12	C2	10000	100	0	0.5	300	0
466	-0.0052136773755	-0.0127948345	0	0.671	0.641	-0.0052136773755	-0.0127948345	FGr	10000	A12	C2	10000	100	0	0.5	300	0
467	-0.005391867896	-0.0149480219999999	0	0.681	0.583	-0.005391867896	-0.0149480219999999	NoCorrection	10000	A12	C2	10000	100	0	0.5	300	0
468	-0.00759146511	-0.00145756449999999	0	0.56	0.966	-0.00759146511	-0.00145756449999999	ID	10000	A12	C2	10000	100	0	0.5	300	0
469	0.000448559480200006	-0.01840368	0	0.973	0.511	0.000448559480200006	-0.01840368	1	10000	A12	C2	10000	100	0	0.5	300	0.01
470	0.000482369188999999	-0.0204197555	0	0.963	0.471	0.000482369188999999	-0.0204197555	FGr	10000	A12	C2	10000	100	0	0.5	300	0.01
471	0.00030681051499999	-0.019341468	0	0.979	0.476	0.00030681051499999	-0.019341468	NoCorrection	10000	A12	C2	10000	100	0	0.5	300	0.01
472	0.000424938248499991	-0.018401424	0	0.964	0.477	0.000424938248499991	-0.018401424	ID	10000	A12	C2	10000	100	0	0.5	300	0.01
473	0.00340424176225001	-0.0253847635	0	0.767	0.362	0.00340424176225001	-0.0253847635	1	10000	A12	C2	10000	100	0	0.5	300	0.03
474	-0.000887134428000004	-0.010453656	0	0.952	0.721	-0.000887134428000004	-0.010453656	FGr	10000	A12	C2	10000	100	0	0.5	300	0.03
475	-0.00110232796999998	-0.011927053	0	0.922	0.703	-0.00110232796999998	-0.011927053	NoCorrection	10000	A12	C2	10000	100	0	0.5	300	0.03
476	0.0034649868105	-0.0237274245	0	0.774	0.388	0.0034649868105	-0.0237274245	ID	10000	A12	C2	10000	100	0	0.5	300	0.03
477	0.000542053495000001	-0.0199377675	0	0.968	0.47	0.000542053495000001	-0.0199377675	1	10000	A12	C2	10000	100	0	0.5	300	0.1
478	-0.005489580712	-0.00290177000000001	0	0.651	0.917	-0.005489580712	-0.00290177000000001	FGr	10000	A12	C2	10000	100	0	0.5	300	0.1
479	-0.005411167884	0.000259863499999995	0	0.659	0.995	-0.005411167884	0.000259863499999995	NoCorrection	10000	A12	C2	10000	100	0	0.5	300	0.1
480	0.000299016120000002	-0.0171432325	0	0.972	0.528	0.000299016120000002	-0.0171432325	ID	10000	A12	C2	10000	100	0	0.5	300	0.1
481	-0.00132890791569997	-0.00132890791569996	0	0.839	0.847	-0.00132890791569997	-0.00132890791569996	1	300	A12	C2	10000	1000	0	0.5	300	0
482	-0.00196050283259997	-0.00196050283259998	0	0.761	0.779	-0.00196050283259997	-0.00196050283259998	FGr	300	A12	C2	10000	1000	0	0.5	300	0
483	-0.0014680159713	-0.0014680159713	0	0.813	0.818	-0.0014680159713	-0.0014680159713	NoCorrection	300	A12	C2	10000	1000	0	0.5	300	0
484	-0.00144949693730002	-0.00144949693730002	0	0.818	0.825	-0.00144949693730002	-0.00144949693730002	ID	300	A12	C2	10000	1000	0	0.5	300	0
485	0.000610646113350009	0.00061064611335	0	0.926	0.936	0.000610646113350009	0.00061064611335	1	300	A12	C2	10000	1000	0	0.5	300	0.01
486	0.000250918166710001	0.000250918166709991	0	0.965	0.967	0.000250918166710001	0.000250918166709991	FGr	300	A12	C2	10000	1000	0	0.5	300	0.01
487	0.000558115827999993	0.000558115828000004	0	0.939	0.934	0.000558115827999993	0.000558115828000004	NoCorrection	300	A12	C2	10000	1000	0	0.5	300	0.01
488	0.000557979863999992	0.000557979863999984	0	0.939	0.933	0.000557979863999992	0.000557979863999984	ID	300	A12	C2	10000	1000	0	0.5	300	0.01
489	-0.0076716725388	-0.0076716725388	0	0.219	0.223	-0.0076716725388	-0.0076716725388	1	300	A12	C2	10000	1000	0	0.5	300	0.03
490	-0.007920760534	-0.007920760534	0	0.207	0.185	-0.007920760534	-0.007920760534	FGr	300	A12	C2	10000	1000	0	0.5	300	0.03
491	-0.00764981294235	-0.00764981294235001	0	0.21	0.209	-0.00764981294235	-0.00764981294235001	NoCorrection	300	A12	C2	10000	1000	0	0.5	300	0.03
492	-0.00761477740499999	-0.007614777405	0	0.201	0.213	-0.00761477740499999	-0.007614777405	ID	300	A12	C2	10000	1000	0	0.5	300	0.03
493	0.009662569202	0.00966256920200001	0	0.183	0.167	0.009662569202	0.00966256920200001	1	300	A12	C2	10000	1000	0	0.5	300	0.1
494	0.00954762768349998	0.00954762768349998	0	0.175	0.201	0.00954762768349998	0.00954762768349998	FGr	300	A12	C2	10000	1000	0	0.5	300	0.1
495	0.00974455343949999	0.00974455343949999	0	0.176	0.191	0.00974455343949999	0.00974455343949999	NoCorrection	300	A12	C2	10000	1000	0	0.5	300	0.1
496	0.0098093292845	0.0098093292845	0	0.166	0.163	0.0098093292845	0.0098093292845	ID	300	A12	C2	10000	1000	0	0.5	300	0.1
497	-0.00978100044999997	-0.0191966138	0	0.131	0.093	-0.00978100044999997	-0.0191966138	1	1000	A12	C2	10000	1000	0	0.5	300	0
498	-0.00900199553206001	-0.0156421642500001	0	0.172	0.171	-0.00900199553206001	-0.0156421642500001	FGr	1000	A12	C2	10000	1000	0	0.5	300	0
499	-0.00885434373600002	-0.0172021644500001	0	0.169	0.135	-0.00885434373600002	-0.0172021644500001	NoCorrection	1000	A12	C2	10000	1000	0	0.5	300	0
500	-0.009539462418	-0.01878570595	0	0.161	0.093	-0.009539462418	-0.01878570595	ID	1000	A12	C2	10000	1000	0	0.5	300	0
501	0.00586448337049995	-0.00246546184999999	0	0.376	0.833	0.00586448337049995	-0.00246546184999999	1	1000	A12	C2	10000	1000	0	0.5	300	0.01
502	0.00574015806599997	-0.0024950665	0	0.385	0.831	0.00574015806599997	-0.0024950665	FGr	1000	A12	C2	10000	1000	0	0.5	300	0.01
503	0.0057592656215	-0.002636749	0	0.396	0.834	0.0057592656215	-0.002636749	NoCorrection	1000	A12	C2	10000	1000	0	0.5	300	0.01
504	0.00546666006939994	-0.0019847903	0	0.429	0.881	0.00546666006939994	-0.0019847903	ID	1000	A12	C2	10000	1000	0	0.5	300	0.01
505	-0.003761713895125	-0.00216181105	0	0.608	0.845	-0.003761713895125	-0.00216181105	1	1000	A12	C2	10000	1000	0	0.5	300	0.03
506	-0.0043038369739	-0.00118001085000006	0	0.523	0.905	-0.0043038369739	-0.00118001085000006	FGr	1000	A12	C2	10000	1000	0	0.5	300	0.03
507	-0.00422639997149999	-0.00140947580000007	0	0.539	0.888	-0.00422639997149999	-0.00140947580000007	NoCorrection	1000	A12	C2	10000	1000	0	0.5	300	0.03
508	-0.00380203815484999	-0.00250673904999992	0	0.57	0.828	-0.00380203815484999	-0.00250673904999992	ID	1000	A12	C2	10000	1000	0	0.5	300	0.03
509	0.0010621522685	-0.00232534495	0	0.86	0.793	0.0010621522685	-0.00232534495	1	1000	A12	C2	10000	1000	0	0.5	300	0.1
510	0.0038822527321	0.00778918874999999	0	0.564	0.451	0.0038822527321	0.00778918874999999	FGr	1000	A12	C2	10000	1000	0	0.5	300	0.1
511	0.00397866420650001	0.00817811555	0	0.579	0.466	0.00397866420650001	0.00817811555	NoCorrection	1000	A12	C2	10000	1000	0	0.5	300	0.1
512	0.00163493154759999	0.000541165549999999	0	0.799	0.955	0.00163493154759999	0.000541165549999999	ID	1000	A12	C2	10000	1000	0	0.5	300	0.1
513	0.0116965135996	-0.0253875188	0	0.067	0.108	0.0116965135996	-0.0253875188	1	10000	A12	C2	10000	1000	0	0.5	300	0
514	0.011719239253	-0.0257742718000001	0	0.077	0.102	0.011719239253	-0.0257742718000001	FGr	10000	A12	C2	10000	1000	0	0.5	300	0
515	0.0115724157105	-0.0263338925499999	0	0.07	0.099	0.0115724157105	-0.0263338925499999	NoCorrection	10000	A12	C2	10000	1000	0	0.5	300	0
516	0.0117265871002	-0.0273657608	0	0.052	0.09	0.0117265871002	-0.0273657608	ID	10000	A12	C2	10000	1000	0	0.5	300	0
517	-0.00677461782709999	0.00352812655000004	0	0.287	0.806	-0.00677461782709999	0.00352812655000004	1	10000	A12	C2	10000	1000	0	0.5	300	0.01
518	-0.00689328574019998	-0.00326980069999998	0	0.255	0.859	-0.00689328574019998	-0.00326980069999998	FGr	10000	A12	C2	10000	1000	0	0.5	300	0.01
519	-0.006890196414	-0.00326752834999992	0	0.271	0.852	-0.006890196414	-0.00326752834999992	NoCorrection	10000	A12	C2	10000	1000	0	0.5	300	0.01
520	-0.00670272236144999	0.00540271084999994	0	0.295	0.758	-0.00670272236144999	0.00540271084999994	ID	10000	A12	C2	10000	1000	0	0.5	300	0.01
521	-0.000153974135799992	0.000528123749999955	0	0.983	0.972	-0.000153974135799992	0.000528123749999955	1	10000	A12	C2	10000	1000	0	0.5	300	0.03
522	-0.000142800301000012	0.00712025860000003	0	0.984	0.651	-0.000142800301000012	0.00712025860000003	FGr	10000	A12	C2	10000	1000	0	0.5	300	0.03
523	-0.000291971892999997	0.00649154874999991	0	0.959	0.68	-0.000291971892999997	0.00649154874999991	NoCorrection	10000	A12	C2	10000	1000	0	0.5	300	0.03
524	-0.00013264290619999	0.0017139825	0	0.983	0.912	-0.00013264290619999	0.0017139825	ID	10000	A12	C2	10000	1000	0	0.5	300	0.03
525	-0.00282079260850001	0.02518123675	0	0.685	0.142	-0.00282079260850001	0.02518123675	1	10000	A12	C2	10000	1000	0	0.5	300	0.1
526	-0.00416430308449999	0.0233190257500001	0	0.56	0.19	-0.00416430308449999	0.0233190257500001	FGr	10000	A12	C2	10000	1000	0	0.5	300	0.1
527	-0.00418234836599997	0.0232457801	0	0.576	0.202	-0.00418234836599997	0.0232457801	NoCorrection	10000	A12	C2	10000	1000	0	0.5	300	0.1
528	-0.00286210285899998	0.02537473515	0	0.696	0.144	-0.00286210285899998	0.02537473515	ID	10000	A12	C2	10000	1000	0	0.5	300	0.1
529	0.0030275011576498	0.00302750115764979	0	0.61	0.591	0.0030275011576498	0.00302750115764979	1	300	A12	C2	10000	10000	0	0.5	300	0
530	0.00261798990742512	0.00261798990742515	0	0.664	0.658	0.00261798990742512	0.00261798990742515	FGr	300	A12	C2	10000	10000	0	0.5	300	0
531	0.00262186462361512	0.00262186462361515	0	0.637	0.672	0.00262186462361512	0.00262186462361515	NoCorrection	300	A12	C2	10000	10000	0	0.5	300	0
532	0.00298034764826012	0.0029803476482601	0	0.619	0.622	0.00298034764826012	0.0029803476482601	ID	300	A12	C2	10000	10000	0	0.5	300	0
533	0.0172966474047501	0.0172966474047501	0	0.003	0.001	0.0172966474047501	0.0172966474047501	1	300	A12	C2	10000	10000	0	0.5	300	0.01
534	0.0168476717853999	0.0168476717853999	0	0.003	0.004	0.0168476717853999	0.0168476717853999	FGr	300	A12	C2	10000	10000	0	0.5	300	0.01
535	0.0168762753247	0.0168762753247	0	0.003	0.001	0.0168762753247	0.0168762753247	NoCorrection	300	A12	C2	10000	10000	0	0.5	300	0.01
536	0.0175488655117351	0.0175488655117351	0	0.002	0	0.0175488655117351	0.0175488655117351	ID	300	A12	C2	10000	10000	0	0.5	300	0.01
537	0.00111121234265001	0.00111121234264999	0	0.825	0.815	0.00111121234265001	0.00111121234264999	1	300	A12	C2	10000	10000	0	0.5	300	0.03
538	0.00117500902789982	0.00117500902789983	0	0.81	0.804	0.00117500902789982	0.00117500902789983	FGr	300	A12	C2	10000	10000	0	0.5	300	0.03
539	0.00117524114990003	0.00117524114990003	0	0.816	0.812	0.00117524114990003	0.00117524114990003	NoCorrection	300	A12	C2	10000	10000	0	0.5	300	0.03
540	0.00129765224905009	0.00129765224905009	0	0.805	0.806	0.00129765224905009	0.00129765224905009	ID	300	A12	C2	10000	10000	0	0.5	300	0.03
541	0.00102882317450005	0.00102882317450005	0	0.84	0.88	0.00102882317450005	0.00102882317450005	1	300	A12	C2	10000	10000	0	0.5	300	0.1
542	0.00283516961589997	0.00283516961589997	0	0.631	0.645	0.00283516961589997	0.00283516961589997	FGr	300	A12	C2	10000	10000	0	0.5	300	0.1
543	0.00286068824645	0.00286068824645	0	0.621	0.623	0.00286068824645	0.00286068824645	NoCorrection	300	A12	C2	10000	10000	0	0.5	300	0.1
544	0.000937049283390019	0.000937049283390012	0	0.864	0.857	0.000937049283390019	0.000937049283390012	ID	300	A12	C2	10000	10000	0	0.5	300	0.1
545	0.00242835744349006	0.00261330315500026	0	0.686	0.792	0.00242835744349006	0.00261330315500026	1	1000	A12	C2	10000	10000	0	0.5	300	0
546	0.00142012081333706	-3.53233400000067e-05	0	0.807	0.996	0.00142012081333706	-3.53233400000067e-05	FGr	1000	A12	C2	10000	10000	0	0.5	300	0
547	0.00145072366118991	0.000650060095000048	0	0.787	0.967	0.00145072366118991	0.000650060095000048	NoCorrection	1000	A12	C2	10000	10000	0	0.5	300	0
548	0.00237217965028979	0.00237187736499992	0	0.696	0.798	0.00237217965028979	0.00237187736499992	ID	1000	A12	C2	10000	10000	0	0.5	300	0
549	0.00487084338106449	0.00385272380999986	0	0.431	0.72	0.00487084338106449	0.00385272380999986	1	1000	A12	C2	10000	10000	0	0.5	300	0.01
550	0.00549575795654994	0.00405026781499996	0	0.38	0.71	0.00549575795654994	0.00405026781499996	FGr	1000	A12	C2	10000	10000	0	0.5	300	0.01
551	0.0055157673005249	0.00387160746500001	0	0.365	0.712	0.0055157673005249	0.00387160746500001	NoCorrection	1000	A12	C2	10000	10000	0	0.5	300	0.01
552	0.0049745854554451	0.00415557006999987	0	0.381	0.681	0.0049745854554451	0.00415557006999987	ID	1000	A12	C2	10000	10000	0	0.5	300	0.01
553	-0.000915477634250158	0.0047734545649999	0	0.875	0.631	-0.000915477634250158	0.0047734545649999	1	1000	A12	C2	10000	10000	0	0.5	300	0.03
554	0.000792613568389983	0.00593092653500015	0	0.88	0.525	0.000792613568389983	0.00593092653500015	FGr	1000	A12	C2	10000	10000	0	0.5	300	0.03
555	0.000762436748900085	0.00612043222000012	0	0.893	0.497	0.000762436748900085	0.00612043222000012	NoCorrection	1000	A12	C2	10000	10000	0	0.5	300	0.03
556	-0.000614125952355097	0.00586436284999987	0	0.909	0.538	-0.000614125952355097	0.00586436284999987	ID	1000	A12	C2	10000	10000	0	0.5	300	0.03
557	0.00379829423482893	-0.00539832846500018	0	0.477	0.52	0.00379829423482893	-0.00539832846500018	1	1000	A12	C2	10000	10000	0	0.5	300	0.1
558	0.00588278172280015	-0.00750683071500004	0	0.295	0.397	0.00588278172280015	-0.00750683071500004	FGr	1000	A12	C2	10000	10000	0	0.5	300	0.1
559	0.0058888869481503	-0.00737617708999997	0	0.299	0.408	0.0058888869481503	-0.00737617708999997	NoCorrection	1000	A12	C2	10000	10000	0	0.5	300	0.1
560	0.00330374081086601	-0.00887512004499985	0	0.553	0.302	0.00330374081086601	-0.00887512004499985	ID	1000	A12	C2	10000	10000	0	0.5	300	0.1
561	-0.00585623989713009	0.025885772055	0	0.342	0.097	-0.00585623989713009	0.025885772055	1	10000	A12	C2	10000	10000	0	0.5	300	0
562	-0.00587714430827001	0.0260439394649995	0	0.314	0.111	-0.00587714430827001	0.0260439394649995	FGr	10000	A12	C2	10000	10000	0	0.5	300	0
563	-0.00590676616997497	0.0223283117900002	0	0.334	0.159	-0.00590676616997497	0.0223283117900002	NoCorrection	10000	A12	C2	10000	10000	0	0.5	300	0
564	-0.00586271507141998	0.0258783326800004	0	0.337	0.102	-0.00586271507141998	0.0258783326800004	ID	10000	A12	C2	10000	10000	0	0.5	300	0
565	-0.005463768028355	-0.0145719763450003	0	0.341	0.328	-0.005463768028355	-0.0145719763450003	1	10000	A12	C2	10000	10000	0	0.5	300	0.01
566	-0.00544958881320358	-0.00972150114500119	0	0.354	0.534	-0.00544958881320358	-0.00972150114500119	FGr	10000	A12	C2	10000	10000	0	0.5	300	0.01
567	-0.00540874823616019	-0.012730831495	0	0.341	0.386	-0.00540874823616019	-0.012730831495	NoCorrection	10000	A12	C2	10000	10000	0	0.5	300	0.01
568	-0.00545569910134997	-0.0103132869000008	0	0.344	0.488	-0.00545569910134997	-0.0103132869000008	ID	10000	A12	C2	10000	10000	0	0.5	300	0.01
569	-0.000100062127649921	-0.034734763485	0	0.986	0.019	-0.000100062127649921	-0.034734763485	1	10000	A12	C2	10000	10000	0	0.5	300	0.03
570	-1.34345586998289e-05	-0.0161749488350001	0	1	0.305	-1.34345586998289e-05	-0.0161749488350001	FGr	10000	A12	C2	10000	10000	0	0.5	300	0.03
571	2.20589316001751e-05	-0.0147465760650001	0	0.997	0.356	2.20589316001751e-05	-0.0147465760650001	NoCorrection	10000	A12	C2	10000	10000	0	0.5	300	0.03
572	-6.90993413699201e-05	-0.034329708805	0	0.983	0.022	-6.90993413699201e-05	-0.034329708805	ID	10000	A12	C2	10000	10000	0	0.5	300	0.03
573	-0.00476129382099497	-0.007601622755	0	0.429	0.624	-0.00476129382099497	-0.007601622755	1	10000	A12	C2	10000	10000	0	0.5	300	0.1
574	-0.00458075414040007	0.00651590798999999	0	0.432	0.677	-0.00458075414040007	0.00651590798999999	FGr	10000	A12	C2	10000	10000	0	0.5	300	0.1
575	-0.00455936130454998	0.00933738642999998	0	0.476	0.58	-0.00455936130454998	0.00933738642999998	NoCorrection	10000	A12	C2	10000	10000	0	0.5	300	0.1
576	-0.00469845882084998	-0.00898826158500001	0	0.411	0.554	-0.00469845882084998	-0.00898826158500001	ID	10000	A12	C2	10000	10000	0	0.5	300	0.1
