	c-q	nc-q	true-q	c-p	nc-p	c-bias	nc-bias	type	L	rep	config	gwas_size	test_size	h2	ts	num_causal	env
1	0.06786450033	0.06786450033	0	0.056	0.063	0.06786450033	0.06786450033	1	300	A19	C1	1000	100	0	0.5	300	0
2	0.090859682915	0.090859682915	0	0.007	0.011	0.090859682915	0.090859682915	FGr	300	A19	C1	1000	100	0	0.5	300	0
3	0.09276955782	0.09276955782	0	0.014	0.011	0.09276955782	0.09276955782	NoCorrection	300	A19	C1	1000	100	0	0.5	300	0
4	0.077955410745	0.077955410745	0	0.041	0.03	0.077955410745	0.077955410745	ID	300	A19	C1	1000	100	0	0.5	300	0
5	0.00771693682500002	0.00771693682499998	0	0.86	0.849	0.00771693682500002	0.00771693682499998	1	300	A19	C1	1000	100	0	0.5	300	0.1
6	0.0972659553375	0.0972659553375	0	0.012	0.026	0.0972659553375	0.0972659553375	FGr	300	A19	C1	1000	100	0	0.5	300	0.1
7	0.106189281965	0.106189281965	0	0.011	0.002	0.106189281965	0.106189281965	NoCorrection	300	A19	C1	1000	100	0	0.5	300	0.1
8	0.02666859849	0.02666859849	0	0.494	0.488	0.02666859849	0.02666859849	ID	300	A19	C1	1000	100	0	0.5	300	0.1
9	0.00601915711500001	0.00601915711499997	0	0.868	0.899	0.00601915711500001	0.00601915711499997	1	300	A19	C1	1000	100	0	0.5	300	0.5
10	0.147859519385	0.147859519385	0	0.001	0.002	0.147859519385	0.147859519385	FGr	300	A19	C1	1000	100	0	0.5	300	0.5
11	0.181522451	0.181522451	0	0	0.001	0.181522451	0.181522451	NoCorrection	300	A19	C1	1000	100	0	0.5	300	0.5
12	0.020330547955	0.020330547955	0	0.642	0.64	0.020330547955	0.020330547955	ID	300	A19	C1	1000	100	0	0.5	300	0.5
13	-0.012822453895	-0.012822453895	0	0.776	0.757	-0.012822453895	-0.012822453895	1	300	A19	C1	1000	100	0	0.5	300	1
14	0.264389109775	0.264389109775	0	0	0	0.264389109775	0.264389109775	FGr	300	A19	C1	1000	100	0	0.5	300	1
15	0.32621119338	0.32621119338	0	0	0	0.32621119338	0.32621119338	NoCorrection	300	A19	C1	1000	100	0	0.5	300	1
16	-0.018036259810945	-0.018036259810945	0	0.661	0.627	-0.018036259810945	-0.018036259810945	ID	300	A19	C1	1000	100	0	0.5	300	1
17	-0.094722527405	-0.047919065	0	0.012	0.454	-0.094722527405	-0.047919065	1	1000	A19	C1	1000	100	0	0.5	300	0
18	-0.11035398181	-0.092109455	0	0.002	0.142	-0.11035398181	-0.092109455	FGr	1000	A19	C1	1000	100	0	0.5	300	0
19	-0.119274540725	-0.118563923	0	0.001	0.06	-0.119274540725	-0.118563923	NoCorrection	1000	A19	C1	1000	100	0	0.5	300	0
20	-0.086783134435	-0.0093357205	0	0.012	0.863	-0.086783134435	-0.0093357205	ID	1000	A19	C1	1000	100	0	0.5	300	0
21	0.02606356614	0.0432002935	0	0.477	0.476	0.02606356614	0.0432002935	1	1000	A19	C1	1000	100	0	0.5	300	0.1
22	0.013864286145	-0.00713723650000001	0	0.706	0.909	0.013864286145	-0.00713723650000001	FGr	1000	A19	C1	1000	100	0	0.5	300	0.1
23	0.02049999015	0.0202244745	0	0.601	0.735	0.02049999015	0.0202244745	NoCorrection	1000	A19	C1	1000	100	0	0.5	300	0.1
24	0.01535965102	0.004743594	0	0.688	0.93	0.01535965102	0.004743594	ID	1000	A19	C1	1000	100	0	0.5	300	0.1
25	0.113190724535	0.0844040569999999	0	0.002	0.166	0.113190724535	0.0844040569999999	1	1000	A19	C1	1000	100	0	0.5	300	0.5
26	0.21005725736	0.3891748155	0	0	0	0.21005725736	0.3891748155	FGr	1000	A19	C1	1000	100	0	0.5	300	0.5
27	0.30463893412	0.6076371105	0	0	0	0.30463893412	0.6076371105	NoCorrection	1000	A19	C1	1000	100	0	0.5	300	0.5
28	0.10750602345	0.083424106	0	0.004	0.185	0.10750602345	0.083424106	ID	1000	A19	C1	1000	100	0	0.5	300	0.5
29	-0.00424366258500003	0.15193406	0	0.925	0.014	-0.00424366258500003	0.15193406	1	1000	A19	C1	1000	100	0	0.5	300	1
30	0.0979539171115001	0.389089869	0	0.011	0	0.0979539171115001	0.389089869	FGr	1000	A19	C1	1000	100	0	0.5	300	1
31	0.24777596108	0.7715646045	0	0	0	0.24777596108	0.7715646045	NoCorrection	1000	A19	C1	1000	100	0	0.5	300	1
32	-0.0245708790999999	0.069880289	0	0.514	0.285	-0.0245708790999999	0.069880289	ID	1000	A19	C1	1000	100	0	0.5	300	1
33	0.03254872109	-0.016282754	0	0.382	0.883	0.03254872109	-0.016282754	1	10000	A19	C1	1000	100	0	0.5	300	0
34	0.020296471585	-0.1194259695	0	0.578	0.238	0.020296471585	-0.1194259695	FGr	10000	A19	C1	1000	100	0	0.5	300	0
35	0.000590047635000007	-0.222933158	0	0.982	0.02	0.000590047635000007	-0.222933158	NoCorrection	10000	A19	C1	1000	100	0	0.5	300	0
36	0.03386308287	-0.013053635	0	0.399	0.899	0.03386308287	-0.013053635	ID	10000	A19	C1	1000	100	0	0.5	300	0
37	-0.05903144623	-0.077822717	0	0.12	0.486	-0.05903144623	-0.077822717	1	10000	A19	C1	1000	100	0	0.5	300	0.1
38	-0.03189175804	0.0866722950000002	0	0.395	0.422	-0.03189175804	0.0866722950000002	FGr	10000	A19	C1	1000	100	0	0.5	300	0.1
39	0.002638185445	0.259684479	0	0.942	0.016	0.002638185445	0.259684479	NoCorrection	10000	A19	C1	1000	100	0	0.5	300	0.1
40	-0.05912919675	-0.0783636850000001	0	0.1	0.475	-0.05912919675	-0.0783636850000001	ID	10000	A19	C1	1000	100	0	0.5	300	0.1
41	-0.03115273832	-0.0262224354999999	0	0.423	0.775	-0.03115273832	-0.0262224354999999	1	10000	A19	C1	1000	100	0	0.5	300	0.5
42	0.00107093754999999	0.061521517	0	0.976	0.477	0.00107093754999999	0.061521517	FGr	10000	A19	C1	1000	100	0	0.5	300	0.5
43	0.2165148366	1.33058041	0	0	0	0.2165148366	1.33058041	NoCorrection	10000	A19	C1	1000	100	0	0.5	300	0.5
44	-0.031192888335	-0.0174918434999999	0	0.395	0.851	-0.031192888335	-0.0174918434999999	ID	10000	A19	C1	1000	100	0	0.5	300	0.5
45	-0.00460145285500001	-0.1000723465	0	0.912	0.274	-0.00460145285500001	-0.1000723465	1	10000	A19	C1	1000	100	0	0.5	300	1
46	0.0444877375055	0.1143875235	0	0.237	0.216	0.0444877375055	0.1143875235	FGr	10000	A19	C1	1000	100	0	0.5	300	1
47	0.39835539515	1.856188715	0	0	0	0.39835539515	1.856188715	NoCorrection	10000	A19	C1	1000	100	0	0.5	300	1
48	-0.00546588197999999	-0.0822546495	0	0.873	0.386	-0.00546588197999999	-0.0822546495	ID	10000	A19	C1	1000	100	0	0.5	300	1
49	-0.0188899970005	-0.0188899970005	0	0.52	0.497	-0.0188899970005	-0.0188899970005	1	300	A19	C1	1000	1000	0	0.5	300	0
50	-0.029618593504	-0.0296185935040001	0	0.312	0.296	-0.029618593504	-0.0296185935040001	FGr	300	A19	C1	1000	1000	0	0.5	300	0
51	-0.01832441423325	-0.01832441423325	0	0.501	0.549	-0.01832441423325	-0.01832441423325	NoCorrection	300	A19	C1	1000	1000	0	0.5	300	0
52	-0.0190385703595	-0.0190385703595	0	0.499	0.469	-0.0190385703595	-0.0190385703595	ID	300	A19	C1	1000	1000	0	0.5	300	0
53	0.0205768484249	0.0205768484249	0	0.401	0.427	0.0205768484249	0.0205768484249	1	300	A19	C1	1000	1000	0	0.5	300	0.1
54	0.00464284917899999	0.004642849179	0	0.845	0.874	0.00464284917899999	0.004642849179	FGr	300	A19	C1	1000	1000	0	0.5	300	0.1
55	0.0125677717476	0.0125677717476	0	0.617	0.623	0.0125677717476	0.0125677717476	NoCorrection	300	A19	C1	1000	1000	0	0.5	300	0.1
56	0.00203426826100001	0.002034268261	0	0.945	0.95	0.00203426826100001	0.002034268261	ID	300	A19	C1	1000	1000	0	0.5	300	0.1
57	-0.0338410471385	-0.0338410471385	0	0.236	0.206	-0.0338410471385	-0.0338410471385	1	300	A19	C1	1000	1000	0	0.5	300	0.5
58	0.040307897376	0.040307897376	0	0.155	0.142	0.040307897376	0.040307897376	FGr	300	A19	C1	1000	1000	0	0.5	300	0.5
59	0.1129336306234	0.1129336306234	0	0.001	0	0.1129336306234	0.1129336306234	NoCorrection	300	A19	C1	1000	1000	0	0.5	300	0.5
60	-0.0464182540465	-0.0464182540465	0	0.092	0.092	-0.0464182540465	-0.0464182540465	ID	300	A19	C1	1000	1000	0	0.5	300	0.5
61	-0.00923337322699991	-0.009233373227	0	0.751	0.754	-0.00923337322699991	-0.009233373227	1	300	A19	C1	1000	1000	0	0.5	300	1
62	0.1737438298015	0.1737438298015	0	0	0	0.1737438298015	0.1737438298015	FGr	300	A19	C1	1000	1000	0	0.5	300	1
63	0.333348807473	0.333348807473	0	0	0	0.333348807473	0.333348807473	NoCorrection	300	A19	C1	1000	1000	0	0.5	300	1
64	-0.0195380693100001	-0.0195380693100001	0	0.452	0.482	-0.0195380693100001	-0.0195380693100001	ID	300	A19	C1	1000	1000	0	0.5	300	1
65	0.00824316465180003	0.03228245205	0	0.77	0.431	0.00824316465180003	0.03228245205	1	1000	A19	C1	1000	1000	0	0.5	300	0
66	4.9080383000074e-05	0.00983867070000004	0	1	0.816	4.9080383000074e-05	0.00983867070000004	FGr	1000	A19	C1	1000	1000	0	0.5	300	0
67	0.027265185088	0.0658695219	0	0.314	0.107	0.027265185088	0.0658695219	NoCorrection	1000	A19	C1	1000	1000	0	0.5	300	0
68	0.00492701961399999	0.017012543	0	0.878	0.67	0.00492701961399999	0.017012543	ID	1000	A19	C1	1000	1000	0	0.5	300	0
69	-0.000124900901000035	-0.0425718283499999	0	0.996	0.35	-0.000124900901000035	-0.0425718283499999	1	1000	A19	C1	1000	1000	0	0.5	300	0.1
70	-0.00637105761549994	-0.05142307265	0	0.828	0.248	-0.00637105761549994	-0.05142307265	FGr	1000	A19	C1	1000	1000	0	0.5	300	0.1
71	0.000309692400000056	-0.0317306636999999	0	0.994	0.497	0.000309692400000056	-0.0317306636999999	NoCorrection	1000	A19	C1	1000	1000	0	0.5	300	0.1
72	-0.00703432133100013	-0.05619072555	0	0.806	0.234	-0.00703432133100013	-0.05619072555	ID	1000	A19	C1	1000	1000	0	0.5	300	0.1
73	0.00900763015609995	-0.00711839509999978	0	0.736	0.841	0.00900763015609995	-0.00711839509999978	1	1000	A19	C1	1000	1000	0	0.5	300	0.5
74	0.0587612879445	0.13208493265	0	0.034	0.003	0.0587612879445	0.13208493265	FGr	1000	A19	C1	1000	1000	0	0.5	300	0.5
75	0.187941460084	0.4123025528	0	0	0	0.187941460084	0.4123025528	NoCorrection	1000	A19	C1	1000	1000	0	0.5	300	0.5
76	0.00229488651750002	-0.0082846190499998	0	0.923	0.82	0.00229488651750002	-0.0082846190499998	ID	1000	A19	C1	1000	1000	0	0.5	300	0.5
77	0.0537118373505	0.0438800963500001	0	0.055	0.284	0.0537118373505	0.0438800963500001	1	1000	A19	C1	1000	1000	0	0.5	300	1
78	0.1859791249775	0.3104656882	0	0	0	0.1859791249775	0.3104656882	FGr	1000	A19	C1	1000	1000	0	0.5	300	1
79	0.393583694694	0.8105772011	0	0	0	0.393583694694	0.8105772011	NoCorrection	1000	A19	C1	1000	1000	0	0.5	300	1
80	0.050317034486	0.00254937424999988	0	0.075	0.95	0.050317034486	0.00254937424999988	ID	1000	A19	C1	1000	1000	0	0.5	300	1
81	-0.0546380522429999	0.1138235235	0	0.056	0.134	-0.0546380522429999	0.1138235235	1	10000	A19	C1	1000	1000	0	0.5	300	0
82	-0.0626700226767	0.04888342015	0	0.03	0.567	-0.0626700226767	0.04888342015	FGr	10000	A19	C1	1000	1000	0	0.5	300	0
83	-0.0486865685954999	0.12729713205	0	0.064	0.103	-0.0486865685954999	0.12729713205	NoCorrection	10000	A19	C1	1000	1000	0	0.5	300	0
84	-0.0533557691219999	0.1206207306	0	0.07	0.134	-0.0533557691219999	0.1206207306	ID	10000	A19	C1	1000	1000	0	0.5	300	0
85	-0.02831521905005	0.1340912499	0	0.371	0.066	-0.02831521905005	0.1340912499	1	10000	A19	C1	1000	1000	0	0.5	300	0.1
86	-0.0202103493705	0.1674755965	0	0.503	0.023	-0.0202103493705	0.1674755965	FGr	10000	A19	C1	1000	1000	0	0.5	300	0.1
87	-0.0297785279425	0.136143540600001	0	0.346	0.057	-0.0297785279425	0.136143540600001	NoCorrection	10000	A19	C1	1000	1000	0	0.5	300	0.1
88	-0.0284431903768	0.1340116349	0	0.376	0.062	-0.0284431903768	0.1340116349	ID	10000	A19	C1	1000	1000	0	0.5	300	0.1
89	0.000599024948325003	0.00992071740000021	0	0.983	0.901	0.000599024948325003	0.00992071740000021	1	10000	A19	C1	1000	1000	0	0.5	300	0.5
90	0.01724591718845	0.1048428885	0	0.563	0.158	0.01724591718845	0.1048428885	FGr	10000	A19	C1	1000	1000	0	0.5	300	0.5
91	0.2364498254843	1.138539935	0	0	0	0.2364498254843	1.138539935	NoCorrection	10000	A19	C1	1000	1000	0	0.5	300	0.5
92	0.00468594231149997	0.0468549229999995	0	0.877	0.545	0.00468594231149997	0.0468549229999995	ID	10000	A19	C1	1000	1000	0	0.5	300	0.5
93	-0.02942039495685	-0.0979759514999998	0	0.315	0.191	-0.02942039495685	-0.0979759514999998	1	10000	A19	C1	1000	1000	0	0.5	300	1
94	-0.00422970688499994	0.0415796634999994	0	0.894	0.563	-0.00422970688499994	0.0415796634999994	FGr	10000	A19	C1	1000	1000	0	0.5	300	1
95	0.380041103344999	1.955386361	0	0	0	0.380041103344999	1.955386361	NoCorrection	10000	A19	C1	1000	1000	0	0.5	300	1
96	-0.031417775971	-0.101429588	0	0.299	0.153	-0.031417775971	-0.101429588	ID	10000	A19	C1	1000	1000	0	0.5	300	1
97	-0.00503859415434998	-0.00503859415434999	0	0.841	0.86	-0.00503859415434998	-0.00503859415434999	1	300	A19	C1	1000	10000	0	0.5	300	0
98	0.0336502497943999	0.0336502497943999	0	0.212	0.231	0.0336502497943999	0.0336502497943999	FGr	300	A19	C1	1000	10000	0	0.5	300	0
99	0.0162200919671999	0.0162200919671999	0	0.536	0.551	0.0162200919671999	0.0162200919671999	NoCorrection	300	A19	C1	1000	10000	0	0.5	300	0
100	0.0142536132907001	0.0142536132907001	0	0.577	0.585	0.0142536132907001	0.0142536132907001	ID	300	A19	C1	1000	10000	0	0.5	300	0
101	0.0175810130736	0.0175810130736	0	0.514	0.528	0.0175810130736	0.0175810130736	1	300	A19	C1	1000	10000	0	0.5	300	0.1
102	0.0546226126061548	0.0546226126061548	0	0.055	0.044	0.0546226126061548	0.0546226126061548	FGr	300	A19	C1	1000	10000	0	0.5	300	0.1
103	0.0829956497645	0.0829956497645	0	0.001	0.004	0.0829956497645	0.0829956497645	NoCorrection	300	A19	C1	1000	10000	0	0.5	300	0.1
104	0.02849184492672	0.02849184492672	0	0.278	0.331	0.02849184492672	0.02849184492672	ID	300	A19	C1	1000	10000	0	0.5	300	0.1
105	-0.01606757879947	-0.01606757879947	0	0.495	0.517	-0.01606757879947	-0.01606757879947	1	300	A19	C1	1000	10000	0	0.5	300	0.5
106	0.0621923431334	0.0621923431334001	0	0.019	0.017	0.0621923431334	0.0621923431334001	FGr	300	A19	C1	1000	10000	0	0.5	300	0.5
107	0.111459807515601	0.111459807515601	0	0	0	0.111459807515601	0.111459807515601	NoCorrection	300	A19	C1	1000	10000	0	0.5	300	0.5
108	-0.0447757268222201	-0.0447757268222201	0	0.062	0.071	-0.0447757268222201	-0.0447757268222201	ID	300	A19	C1	1000	10000	0	0.5	300	0.5
109	0.00233910319039949	0.00233910319039948	0	0.947	0.914	0.00233910319039949	0.00233910319039948	1	300	A19	C1	1000	10000	0	0.5	300	1
110	0.1460211334843	0.1460211334843	0	0	0	0.1460211334843	0.1460211334843	FGr	300	A19	C1	1000	10000	0	0.5	300	1
111	0.2498346096535	0.2498346096535	0	0	0	0.2498346096535	0.2498346096535	NoCorrection	300	A19	C1	1000	10000	0	0.5	300	1
112	-0.0283523244369994	-0.0283523244369995	0	0.277	0.279	-0.0283523244369994	-0.0283523244369995	ID	300	A19	C1	1000	10000	0	0.5	300	1
113	0.0135070739213	-0.0296532169349994	0	0.651	0.498	0.0135070739213	-0.0296532169349994	1	1000	A19	C1	1000	10000	0	0.5	300	0
114	0.01048861355798	-0.037047809725	0	0.685	0.365	0.01048861355798	-0.037047809725	FGr	1000	A19	C1	1000	10000	0	0.5	300	0
115	0.01337444247966	-0.0218496894700004	0	0.596	0.598	0.01337444247966	-0.0218496894700004	NoCorrection	1000	A19	C1	1000	10000	0	0.5	300	0
116	0.0166645059723	-0.018843503715	0	0.501	0.631	0.0166645059723	-0.018843503715	ID	1000	A19	C1	1000	10000	0	0.5	300	0
117	0.0142463002566501	0.032394136735	0	0.579	0.389	0.0142463002566501	0.032394136735	1	1000	A19	C1	1000	10000	0	0.5	300	0.1
118	0.019603679498	0.05258343702	0	0.426	0.219	0.019603679498	0.05258343702	FGr	1000	A19	C1	1000	10000	0	0.5	300	0.1
119	0.0412442035289002	0.125157007435	0	0.103	0.001	0.0412442035289002	0.125157007435	NoCorrection	1000	A19	C1	1000	10000	0	0.5	300	0.1
120	0.0181088779075	0.0478127517650001	0	0.447	0.254	0.0181088779075	0.0478127517650001	ID	1000	A19	C1	1000	10000	0	0.5	300	0.1
121	0.00174037615714998	0.0538007572800002	0	0.95	0.185	0.00174037615714998	0.0538007572800002	1	1000	A19	C1	1000	10000	0	0.5	300	0.5
122	0.03266095622802	0.147246702974999	0	0.171	0.001	0.03266095622802	0.147246702974999	FGr	1000	A19	C1	1000	10000	0	0.5	300	0.5
123	0.15276293520992	0.479668135035001	0	0	0	0.15276293520992	0.479668135035001	NoCorrection	1000	A19	C1	1000	10000	0	0.5	300	0.5
124	-0.00852810680973005	0.0342710627399998	0	0.704	0.395	-0.00852810680973005	0.0342710627399998	ID	1000	A19	C1	1000	10000	0	0.5	300	0.5
125	-0.00711189107959933	0.0536190581350007	0	0.816	0.235	-0.00711189107959933	0.0536190581350007	1	1000	A19	C1	1000	10000	0	0.5	300	1
126	0.0657785078655101	0.236902771755	0	0.03	0.001	0.0657785078655101	0.236902771755	FGr	1000	A19	C1	1000	10000	0	0.5	300	1
127	0.2247548677865	0.685868782490001	0	0	0	0.2247548677865	0.685868782490001	NoCorrection	1000	A19	C1	1000	10000	0	0.5	300	1
128	-0.0104476646559002	0.0258626601299998	0	0.726	0.553	-0.0104476646559002	0.0258626601299998	ID	1000	A19	C1	1000	10000	0	0.5	300	1
129	0.0208354844887999	-0.03936400679	0	0.422	0.575	0.0208354844887999	-0.03936400679	1	10000	A19	C1	1000	10000	0	0.5	300	0
130	0.0208469145906	-0.04292961048	0	0.421	0.518	0.0208469145906	-0.04292961048	FGr	10000	A19	C1	1000	10000	0	0.5	300	0
131	0.0282914282814999	0.02332476832	0	0.256	0.741	0.0282914282814999	0.02332476832	NoCorrection	10000	A19	C1	1000	10000	0	0.5	300	0
132	0.0203190072983999	-0.0486617813199998	0	0.417	0.482	0.0203190072983999	-0.0486617813199998	ID	10000	A19	C1	1000	10000	0	0.5	300	0
133	0.0353073258785	0.0342910641600016	0	0.185	0.65	0.0353073258785	0.0342910641600016	1	10000	A19	C1	1000	10000	0	0.5	300	0.1
134	0.0415896148099201	0.0982116987750012	0	0.116	0.149	0.0415896148099201	0.0982116987750012	FGr	10000	A19	C1	1000	10000	0	0.5	300	0.1
135	0.0584116349069451	0.236643739340001	0	0.029	0.002	0.0584116349069451	0.236643739340001	NoCorrection	10000	A19	C1	1000	10000	0	0.5	300	0.1
136	0.0361078892715001	0.0452708258050002	0	0.19	0.527	0.0361078892715001	0.0452708258050002	ID	10000	A19	C1	1000	10000	0	0.5	300	0.1
137	0.0430664050644251	-0.0274379047499994	0	0.145	0.716	0.0430664050644251	-0.0274379047499994	1	10000	A19	C1	1000	10000	0	0.5	300	0.5
138	0.0465532289160002	-0.0337163314600013	0	0.12	0.666	0.0465532289160002	-0.0337163314600013	FGr	10000	A19	C1	1000	10000	0	0.5	300	0.5
139	0.163979185609	0.755109413499999	0	0	0	0.163979185609	0.755109413499999	NoCorrection	10000	A19	C1	1000	10000	0	0.5	300	0.5
140	0.0419971833456994	-0.0447235481799994	0	0.155	0.539	0.0419971833456994	-0.0447235481799994	ID	10000	A19	C1	1000	10000	0	0.5	300	0.5
141	-0.038100191435	-0.0768748253300001	0	0.154	0.257	-0.038100191435	-0.0768748253300001	1	10000	A19	C1	1000	10000	0	0.5	300	1
142	-0.0155489031986799	0.0898933653499997	0	0.54	0.187	-0.0155489031986799	0.0898933653499997	FGr	10000	A19	C1	1000	10000	0	0.5	300	1
143	0.22378983212325	1.7710267331	0	0	0	0.22378983212325	1.7710267331	NoCorrection	10000	A19	C1	1000	10000	0	0.5	300	1
144	-0.039956404743445	-0.0714649884799998	0	0.135	0.287	-0.039956404743445	-0.0714649884799998	ID	10000	A19	C1	1000	10000	0	0.5	300	1
145	0.00227513322	0.00227513322	0	0.878	0.897	0.00227513322	0.00227513322	1	300	A19	C1	10000	100	0	0.5	300	0
146	0.0019886484137	0.00198864841369999	0	0.882	0.89	0.0019886484137	0.00198864841369999	FGr	300	A19	C1	10000	100	0	0.5	300	0
147	-0.000119466989999998	-0.000119466989999998	0	0.993	0.989	-0.000119466989999998	-0.000119466989999998	NoCorrection	300	A19	C1	10000	100	0	0.5	300	0
148	0.00536537832	0.00536537832	0	0.695	0.692	0.00536537832	0.00536537832	ID	300	A19	C1	10000	100	0	0.5	300	0
149	-0.0163428200868	-0.0163428200868	0	0.194	0.203	-0.0163428200868	-0.0163428200868	1	300	A19	C1	10000	100	0	0.5	300	0.1
150	0.0035526940895	0.0035526940895	0	0.763	0.762	0.0035526940895	0.0035526940895	FGr	300	A19	C1	10000	100	0	0.5	300	0.1
151	0.0070301106264	0.0070301106264	0	0.63	0.583	0.0070301106264	0.0070301106264	NoCorrection	300	A19	C1	10000	100	0	0.5	300	0.1
152	-0.017381759289	-0.017381759289	0	0.181	0.165	-0.017381759289	-0.017381759289	ID	300	A19	C1	10000	100	0	0.5	300	0.1
153	0.01120218812	0.01120218812	0	0.32	0.298	0.01120218812	0.01120218812	1	300	A19	C1	10000	100	0	0.5	300	0.5
154	0.1416402551855	0.1416402551855	0	0	0	0.1416402551855	0.1416402551855	FGr	300	A19	C1	10000	100	0	0.5	300	0.5
155	0.179321834411	0.179321834411	0	0	0	0.179321834411	0.179321834411	NoCorrection	300	A19	C1	10000	100	0	0.5	300	0.5
156	0.011406579942	0.011406579942	0	0.336	0.318	0.011406579942	0.011406579942	ID	300	A19	C1	10000	100	0	0.5	300	0.5
157	0.00570118350399999	0.00570118350399996	0	0.645	0.668	0.00570118350399999	0.00570118350399996	1	300	A19	C1	10000	100	0	0.5	300	1
158	0.266504901535	0.266504901535	0	0	0	0.266504901535	0.266504901535	FGr	300	A19	C1	10000	100	0	0.5	300	1
159	0.342463439298	0.342463439298	0	0	0	0.342463439298	0.342463439298	NoCorrection	300	A19	C1	10000	100	0	0.5	300	1
160	0.0100743663146	0.0100743663146	0	0.434	0.414	0.0100743663146	0.0100743663146	ID	300	A19	C1	10000	100	0	0.5	300	1
161	-0.00981773453199999	-0.00954101850000002	0	0.494	0.647	-0.00981773453199999	-0.00954101850000002	1	1000	A19	C1	10000	100	0	0.5	300	0
162	-0.018383866251	-0.036490783	0	0.228	0.112	-0.018383866251	-0.036490783	FGr	1000	A19	C1	10000	100	0	0.5	300	0
163	-0.025846198266905	-0.0610787360000001	0	0.072	0.007	-0.025846198266905	-0.0610787360000001	NoCorrection	1000	A19	C1	10000	100	0	0.5	300	0
164	-0.0128001324485	-0.02231953	0	0.376	0.315	-0.0128001324485	-0.02231953	ID	1000	A19	C1	10000	100	0	0.5	300	0
165	-0.0235080462195	-0.00867063550000001	0	0.093	0.68	-0.0235080462195	-0.00867063550000001	1	1000	A19	C1	10000	100	0	0.5	300	0.1
166	-0.0215942218425	-0.00301244650000002	0	0.13	0.894	-0.0215942218425	-0.00301244650000002	FGr	1000	A19	C1	10000	100	0	0.5	300	0.1
167	0.00137816649499999	0.0463868425000001	0	0.927	0.033	0.00137816649499999	0.0463868425000001	NoCorrection	1000	A19	C1	10000	100	0	0.5	300	0.1
168	-0.02462809719	-0.0125429435	0	0.09	0.567	-0.02462809719	-0.0125429435	ID	1000	A19	C1	10000	100	0	0.5	300	0.1
169	0.020036447256	0.022936624	0	0.212	0.284	0.020036447256	0.022936624	1	1000	A19	C1	10000	100	0	0.5	300	0.5
170	0.108721760659	0.251315544	0	0	0	0.108721760659	0.251315544	FGr	1000	A19	C1	10000	100	0	0.5	300	0.5
171	0.24260425587	0.596182146	0	0	0	0.24260425587	0.596182146	NoCorrection	1000	A19	C1	10000	100	0	0.5	300	0.5
172	0.0219678144265	0.0280533525	0	0.139	0.182	0.0219678144265	0.0280533525	ID	1000	A19	C1	10000	100	0	0.5	300	0.5
173	0.0158105896885	0.051324277	0	0.229	0.008	0.0158105896885	0.051324277	1	1000	A19	C1	10000	100	0	0.5	300	1
174	0.194272394097	0.4717352325	0	0	0	0.194272394097	0.4717352325	FGr	1000	A19	C1	10000	100	0	0.5	300	1
175	0.4523055406315	1.157269224	0	0	0	0.4523055406315	1.157269224	NoCorrection	1000	A19	C1	10000	100	0	0.5	300	1
176	0.0240744285765	0.0586329265	0	0.09	0.005	0.0240744285765	0.0586329265	ID	1000	A19	C1	10000	100	0	0.5	300	1
177	-0.000305632181499997	-0.0020824065	0	0.988	0.942	-0.000305632181499997	-0.0020824065	1	10000	A19	C1	10000	100	0	0.5	300	0
178	0.002902001955	0.0101234695	0	0.84	0.758	0.002902001955	0.0101234695	FGr	10000	A19	C1	10000	100	0	0.5	300	0
179	0.007073634273	0.023881373	0	0.597	0.432	0.007073634273	0.023881373	NoCorrection	10000	A19	C1	10000	100	0	0.5	300	0
180	0.000734352004999996	-0.000786141999999994	0	0.96	0.982	0.000734352004999996	-0.000786141999999994	ID	10000	A19	C1	10000	100	0	0.5	300	0
181	0.00603015084500001	0.0215884745000001	0	0.652	0.513	0.00603015084500001	0.0215884745000001	1	10000	A19	C1	10000	100	0	0.5	300	0.1
182	0.01045516339	0.056679807	0	0.465	0.1	0.01045516339	0.056679807	FGr	10000	A19	C1	10000	100	0	0.5	300	0.1
183	0.064785810536	0.314805299	0	0	0	0.064785810536	0.314805299	NoCorrection	10000	A19	C1	10000	100	0	0.5	300	0.1
184	0.00598326370000001	0.0203551885	0	0.654	0.567	0.00598326370000001	0.0203551885	ID	10000	A19	C1	10000	100	0	0.5	300	0.1
185	-0.011486967195	0.024828258	0	0.38	0.454	-0.011486967195	0.024828258	1	10000	A19	C1	10000	100	0	0.5	300	0.5
186	0.01053454925	0.149855048	0	0.395	0	0.01053454925	0.149855048	FGr	10000	A19	C1	10000	100	0	0.5	300	0.5
187	0.225799902735	1.07910753	0	0	0	0.225799902735	1.07910753	NoCorrection	10000	A19	C1	10000	100	0	0.5	300	0.5
188	-0.010715042435	0.01850513	0	0.415	0.58	-0.010715042435	0.01850513	ID	10000	A19	C1	10000	100	0	0.5	300	0.5
189	-0.0141779217485	0.0459802585	0	0.224	0.13	-0.0141779217485	0.0459802585	1	10000	A19	C1	10000	100	0	0.5	300	1
190	0.02567131488	0.2363498295	0	0.072	0	0.02567131488	0.2363498295	FGr	10000	A19	C1	10000	100	0	0.5	300	1
191	0.44018266491	1.94992634	0	0	0	0.44018266491	1.94992634	NoCorrection	10000	A19	C1	10000	100	0	0.5	300	1
192	-0.012431527725	0.055458954	0	0.319	0.056	-0.012431527725	0.055458954	ID	10000	A19	C1	10000	100	0	0.5	300	1
193	0.00870912606910002	0.00870912606910002	0	0.383	0.389	0.00870912606910002	0.00870912606910002	1	300	A19	C1	10000	1000	0	0.5	300	0
194	0.018699306125	0.018699306125	0	0.06	0.066	0.018699306125	0.018699306125	FGr	300	A19	C1	10000	1000	0	0.5	300	0
195	0.0173766433695	0.0173766433695	0	0.084	0.089	0.0173766433695	0.0173766433695	NoCorrection	300	A19	C1	10000	1000	0	0.5	300	0
196	0.0107089645629	0.0107089645629	0	0.278	0.274	0.0107089645629	0.0107089645629	ID	300	A19	C1	10000	1000	0	0.5	300	0
197	0.00606473620775	0.00606473620775001	0	0.519	0.534	0.00606473620775	0.00606473620775001	1	300	A19	C1	10000	1000	0	0.5	300	0.1
198	0.02456401831255	0.02456401831255	0	0.014	0.015	0.02456401831255	0.02456401831255	FGr	300	A19	C1	10000	1000	0	0.5	300	0.1
199	0.036671364255	0.036671364255	0	0.001	0	0.036671364255	0.036671364255	NoCorrection	300	A19	C1	10000	1000	0	0.5	300	0.1
200	0.0019147116031	0.0019147116031	0	0.851	0.832	0.0019147116031	0.0019147116031	ID	300	A19	C1	10000	1000	0	0.5	300	0.1
201	-0.00625552175625001	-0.00625552175625003	0	0.534	0.503	-0.00625552175625001	-0.00625552175625003	1	300	A19	C1	10000	1000	0	0.5	300	0.5
202	0.091109878096	0.091109878096	0	0	0	0.091109878096	0.091109878096	FGr	300	A19	C1	10000	1000	0	0.5	300	0.5
203	0.1306154358642	0.1306154358642	0	0	0	0.1306154358642	0.1306154358642	NoCorrection	300	A19	C1	10000	1000	0	0.5	300	0.5
204	-0.0163631318935	-0.0163631318935	0	0.09	0.088	-0.0163631318935	-0.0163631318935	ID	300	A19	C1	10000	1000	0	0.5	300	0.5
205	0.00488950264009999	0.00488950264009998	0	0.586	0.586	0.00488950264009999	0.00488950264009998	1	300	A19	C1	10000	1000	0	0.5	300	1
206	0.2187902774105	0.2187902774105	0	0	0	0.2187902774105	0.2187902774105	FGr	300	A19	C1	10000	1000	0	0.5	300	1
207	0.2990232625785	0.2990232625785	0	0	0	0.2990232625785	0.2990232625785	NoCorrection	300	A19	C1	10000	1000	0	0.5	300	1
208	0.00804298555475	0.00804298555475	0	0.372	0.392	0.00804298555475	0.00804298555475	ID	300	A19	C1	10000	1000	0	0.5	300	1
209	-0.0207416372435	-0.01851541675	0	0.009	0.147	-0.0207416372435	-0.01851541675	1	1000	A19	C1	10000	1000	0	0.5	300	0
210	-0.018544631282	-0.01423471595	0	0.015	0.259	-0.018544631282	-0.01423471595	FGr	1000	A19	C1	10000	1000	0	0.5	300	0
211	-0.026437795792968	-0.0358247751	0	0.001	0.006	-0.026437795792968	-0.0358247751	NoCorrection	1000	A19	C1	10000	1000	0	0.5	300	0
212	-0.01534997569475	-0.00201696970000001	0	0.046	0.869	-0.01534997569475	-0.00201696970000001	ID	1000	A19	C1	10000	1000	0	0.5	300	0
213	-0.00436827294250001	-0.00596547565000002	0	0.611	0.657	-0.00436827294250001	-0.00596547565000002	1	1000	A19	C1	10000	1000	0	0.5	300	0.1
214	0.00553079617099998	0.0178075293	0	0.539	0.19	0.00553079617099998	0.0178075293	FGr	1000	A19	C1	10000	1000	0	0.5	300	0.1
215	0.0268059547135	0.06881673885	0	0.005	0	0.0268059547135	0.06881673885	NoCorrection	1000	A19	C1	10000	1000	0	0.5	300	0.1
216	-0.00171287538990001	-0.000805867500000005	0	0.855	0.959	-0.00171287538990001	-0.000805867500000005	ID	1000	A19	C1	10000	1000	0	0.5	300	0.1
217	0.0124901326875	0.0246869197	0	0.168	0.1	0.0124901326875	0.0246869197	1	1000	A19	C1	10000	1000	0	0.5	300	0.5
218	0.0773078678447	0.1725169967	0	0	0	0.0773078678447	0.1725169967	FGr	1000	A19	C1	10000	1000	0	0.5	300	0.5
219	0.19519564446	0.433750777	0	0	0	0.19519564446	0.433750777	NoCorrection	1000	A19	C1	10000	1000	0	0.5	300	0.5
220	0.0161386172564	0.0373715271	0	0.056	0.017	0.0161386172564	0.0373715271	ID	1000	A19	C1	10000	1000	0	0.5	300	0.5
221	0.00206934770081001	-0.00342301125000002	0	0.829	0.793	0.00206934770081001	-0.00342301125000002	1	1000	A19	C1	10000	1000	0	0.5	300	1
222	0.1187945639171	0.2684378744	0	0	0	0.1187945639171	0.2684378744	FGr	1000	A19	C1	10000	1000	0	0.5	300	1
223	0.3461987947135	0.796572067699999	0	0	0	0.3461987947135	0.796572067699999	NoCorrection	1000	A19	C1	10000	1000	0	0.5	300	1
224	-0.0019332407555	-0.00251279299999998	0	0.825	0.843	-0.0019332407555	-0.00251279299999998	ID	1000	A19	C1	10000	1000	0	0.5	300	1
225	0.0010382982832	0.01199802545	0	0.906	0.55	0.0010382982832	0.01199802545	1	10000	A19	C1	10000	1000	0	0.5	300	0
226	-7.29403195000025e-05	0.00901671620000002	0	0.993	0.648	-7.29403195000025e-05	0.00901671620000002	FGr	10000	A19	C1	10000	1000	0	0.5	300	0
227	-0.00522127348740001	-0.01139205325	0	0.547	0.589	-0.00522127348740001	-0.01139205325	NoCorrection	10000	A19	C1	10000	1000	0	0.5	300	0
228	0.0013760983539	0.01249001715	0	0.869	0.553	0.0013760983539	0.01249001715	ID	10000	A19	C1	10000	1000	0	0.5	300	0
229	-0.0029730199632	0.0121659942999999	0	0.739	0.59	-0.0029730199632	0.0121659942999999	1	10000	A19	C1	10000	1000	0	0.5	300	0.1
230	-0.000104136465400002	0.01844860885	0	0.989	0.431	-0.000104136465400002	0.01844860885	FGr	10000	A19	C1	10000	1000	0	0.5	300	0.1
231	0.05423978071845	0.2518257076	0	0	0	0.05423978071845	0.2518257076	NoCorrection	10000	A19	C1	10000	1000	0	0.5	300	0.1
232	-0.0034727121845	0.0108785828000001	0	0.693	0.6	-0.0034727121845	0.0108785828000001	ID	10000	A19	C1	10000	1000	0	0.5	300	0.1
233	-0.0070433748333	-0.00461144774999999	0	0.43	0.837	-0.0070433748333	-0.00461144774999999	1	10000	A19	C1	10000	1000	0	0.5	300	0.5
234	0.00484722620985002	0.0678758357	0	0.592	0.002	0.00484722620985002	0.0678758357	FGr	10000	A19	C1	10000	1000	0	0.5	300	0.5
235	0.204499026322	0.97417171375	0	0	0	0.204499026322	0.97417171375	NoCorrection	10000	A19	C1	10000	1000	0	0.5	300	0.5
236	-0.00632256065409997	-0.00774673919999992	0	0.494	0.746	-0.00632256065409997	-0.00774673919999992	ID	10000	A19	C1	10000	1000	0	0.5	300	0.5
237	0.000321143250499994	0.000472133150000032	0	0.976	0.991	0.000321143250499994	0.000472133150000032	1	10000	A19	C1	10000	1000	0	0.5	300	1
238	0.02257579024425	0.1303512975	0	0.031	0	0.02257579024425	0.1303512975	FGr	10000	A19	C1	10000	1000	0	0.5	300	1
239	0.438296215312	2.0897357735	0	0	0	0.438296215312	2.0897357735	NoCorrection	10000	A19	C1	10000	1000	0	0.5	300	1
240	-0.000458249759450005	-0.00704334329999998	0	0.965	0.778	-0.000458249759450005	-0.00704334329999998	ID	10000	A19	C1	10000	1000	0	0.5	300	1
241	-0.01143739833275	-0.01143739833275	0	0.228	0.206	-0.01143739833275	-0.01143739833275	1	300	A19	C1	10000	10000	0	0.5	300	0
242	-0.01403116387201	-0.01403116387201	0	0.135	0.126	-0.01403116387201	-0.01403116387201	FGr	300	A19	C1	10000	10000	0	0.5	300	0
243	-0.00989178713470003	-0.00989178713470003	0	0.318	0.284	-0.00989178713470003	-0.00989178713470003	NoCorrection	300	A19	C1	10000	10000	0	0.5	300	0
244	-0.0137803917886365	-0.0137803917886365	0	0.144	0.154	-0.0137803917886365	-0.0137803917886365	ID	300	A19	C1	10000	10000	0	0.5	300	0
245	0.00933421292650001	0.00933421292650001	0	0.209	0.199	0.00933421292650001	0.00933421292650001	1	300	A19	C1	10000	10000	0	0.5	300	0.1
246	0.0230335392400355	0.0230335392400355	0	0.002	0.002	0.0230335392400355	0.0230335392400355	FGr	300	A19	C1	10000	10000	0	0.5	300	0.1
247	0.039208171095175	0.039208171095175	0	0	0	0.039208171095175	0.039208171095175	NoCorrection	300	A19	C1	10000	10000	0	0.5	300	0.1
248	0.0049647456149	0.0049647456149	0	0.461	0.493	0.0049647456149	0.0049647456149	ID	300	A19	C1	10000	10000	0	0.5	300	0.1
249	0.00727333231780008	0.00727333231780009	0	0.372	0.35	0.00727333231780008	0.00727333231780009	1	300	A19	C1	10000	10000	0	0.5	300	0.5
250	0.1154577107179	0.115457710717901	0	0	0	0.1154577107179	0.115457710717901	FGr	300	A19	C1	10000	10000	0	0.5	300	0.5
251	0.195160982973889	0.195160982973889	0	0	0	0.195160982973889	0.195160982973889	NoCorrection	300	A19	C1	10000	10000	0	0.5	300	0.5
252	0.0108829093599001	0.0108829093599001	0	0.205	0.174	0.0108829093599001	0.0108829093599001	ID	300	A19	C1	10000	10000	0	0.5	300	0.5
253	-0.01127731085223	-0.01127731085223	0	0.183	0.183	-0.01127731085223	-0.01127731085223	1	300	A19	C1	10000	10000	0	0.5	300	1
254	0.2207211979398	0.2207211979398	0	0	0	0.2207211979398	0.2207211979398	FGr	300	A19	C1	10000	10000	0	0.5	300	1
255	0.3785619460559	0.3785619460559	0	0	0	0.3785619460559	0.3785619460559	NoCorrection	300	A19	C1	10000	10000	0	0.5	300	1
256	-0.00189874811285	-0.00189874811285	0	0.815	0.808	-0.00189874811285	-0.00189874811285	ID	300	A19	C1	10000	10000	0	0.5	300	1
257	-0.00122039289778998	-0.00997173891000014	0	0.884	0.399	-0.00122039289778998	-0.00997173891000014	1	1000	A19	C1	10000	10000	0	0.5	300	0
258	-0.00187949225934986	-0.0104424694750002	0	0.811	0.382	-0.00187949225934986	-0.0104424694750002	FGr	1000	A19	C1	10000	10000	0	0.5	300	0
259	0.00302571436186498	0.00373979930999971	0	0.689	0.754	0.00302571436186498	0.00373979930999971	NoCorrection	1000	A19	C1	10000	10000	0	0.5	300	0
260	-0.00030087037141999	-0.00772259682500027	0	0.978	0.52	-0.00030087037141999	-0.00772259682500027	ID	1000	A19	C1	10000	10000	0	0.5	300	0
261	-0.004542652497285	-0.014214943395	0	0.544	0.264	-0.004542652497285	-0.014214943395	1	1000	A19	C1	10000	10000	0	0.5	300	0.1
262	0.00149386170934999	0.00293123655	0	0.854	0.826	0.00149386170934999	0.00293123655	FGr	1000	A19	C1	10000	10000	0	0.5	300	0.1
263	0.01842927699425	0.0518791427850003	0	0.02	0	0.01842927699425	0.0518791427850003	NoCorrection	1000	A19	C1	10000	10000	0	0.5	300	0.1
264	-0.00535344702190001	-0.01823106336	0	0.459	0.156	-0.00535344702190001	-0.01823106336	ID	1000	A19	C1	10000	10000	0	0.5	300	0.1
265	0.011214380253975	0.0225889068500001	0	0.118	0.079	0.011214380253975	0.0225889068500001	1	1000	A19	C1	10000	10000	0	0.5	300	0.5
266	0.0705481225175999	0.168790028835	0	0	0	0.0705481225175999	0.168790028835	FGr	1000	A19	C1	10000	10000	0	0.5	300	0.5
267	0.18343707859235	0.456903937884999	0	0	0	0.18343707859235	0.456903937884999	NoCorrection	1000	A19	C1	10000	10000	0	0.5	300	0.5
268	0.00978746788590001	0.0170199448250002	0	0.195	0.169	0.00978746788590001	0.0170199448250002	ID	1000	A19	C1	10000	10000	0	0.5	300	0.5
269	0.00630607195910015	0.01076176716	0	0.446	0.468	0.00630607195910015	0.01076176716	1	1000	A19	C1	10000	10000	0	0.5	300	1
270	0.121739228897975	0.30054515407	0	0	0	0.121739228897975	0.30054515407	FGr	1000	A19	C1	10000	10000	0	0.5	300	1
271	0.3232742477026	0.818396760615002	0	0	0	0.3232742477026	0.818396760615002	NoCorrection	1000	A19	C1	10000	10000	0	0.5	300	1
272	0.00920422550050001	0.0177819326599999	0	0.263	0.203	0.00920422550050001	0.0177819326599999	ID	1000	A19	C1	10000	10000	0	0.5	300	1
273	-0.01125301258165	-0.00652513283500009	0	0.167	0.736	-0.01125301258165	-0.00652513283500009	1	10000	A19	C1	10000	10000	0	0.5	300	0
274	-0.011867065930155	-0.00703428631499982	0	0.128	0.728	-0.011867065930155	-0.00703428631499982	FGr	10000	A19	C1	10000	10000	0	0.5	300	0
275	-0.00960687804729998	0.00476727972500029	0	0.214	0.819	-0.00960687804729998	0.00476727972500029	NoCorrection	10000	A19	C1	10000	10000	0	0.5	300	0
276	-0.01121611684925	-0.00649777702499979	0	0.16	0.74	-0.01121611684925	-0.00649777702499979	ID	10000	A19	C1	10000	10000	0	0.5	300	0
277	-0.00646489190897984	0.043392789515	0	0.469	0.04	-0.00646489190897984	0.043392789515	1	10000	A19	C1	10000	10000	0	0.5	300	0.1
278	-0.00236541671754536	0.061178305835	0	0.777	0.003	-0.00236541671754536	0.061178305835	FGr	10000	A19	C1	10000	10000	0	0.5	300	0.1
279	0.0259696046170499	0.25276025325	0	0.005	0	0.0259696046170499	0.25276025325	NoCorrection	10000	A19	C1	10000	10000	0	0.5	300	0.1
280	-0.00641093723371988	0.042925380845	0	0.456	0.046	-0.00641093723371988	0.042925380845	ID	10000	A19	C1	10000	10000	0	0.5	300	0.1
281	0.00188729513688004	-0.007033414935	0	0.831	0.781	0.00188729513688004	-0.007033414935	1	10000	A19	C1	10000	10000	0	0.5	300	0.5
282	0.00995581689546996	0.0396712324300001	0	0.238	0.074	0.00995581689546996	0.0396712324300001	FGr	10000	A19	C1	10000	10000	0	0.5	300	0.5
283	0.17013695879587	1.035151327335	0	0	0	0.17013695879587	1.035151327335	NoCorrection	10000	A19	C1	10000	10000	0	0.5	300	0.5
284	0.00258495584482484	-0.0151177541499999	0	0.765	0.516	0.00258495584482484	-0.0151177541499999	ID	10000	A19	C1	10000	10000	0	0.5	300	0.5
285	0.0047322362047	0.00400584273500026	0	0.602	0.865	0.0047322362047	0.00400584273500026	1	10000	A19	C1	10000	10000	0	0.5	300	1
286	0.0175222290239	0.0810659793149996	0	0.049	0.001	0.0175222290239	0.0810659793149996	FGr	10000	A19	C1	10000	10000	0	0.5	300	1
287	0.3254090029613	1.86170608255	0	0	0	0.3254090029613	1.86170608255	NoCorrection	10000	A19	C1	10000	10000	0	0.5	300	1
288	0.00579676069720997	0.0103293244750003	0	0.508	0.67	0.00579676069720997	0.0103293244750003	ID	10000	A19	C1	10000	10000	0	0.5	300	1
289	0.027121904725	0.027121904725	0	0.453	0.408	0.027121904725	0.027121904725	1	300	A19	C2	1000	100	0	0.5	300	0
290	0.027805818473	0.027805818473	0	0.366	0.386	0.027805818473	0.027805818473	FGr	300	A19	C2	1000	100	0	0.5	300	0
291	0.028035536149	0.028035536149	0	0.4	0.404	0.028035536149	0.028035536149	NoCorrection	300	A19	C2	1000	100	0	0.5	300	0
292	0.0286365294	0.0286365294	0	0.416	0.359	0.0286365294	0.0286365294	ID	300	A19	C2	1000	100	0	0.5	300	0
293	-0.1102500446	-0.1102500446	0	0.008	0.01	-0.1102500446	-0.1102500446	1	300	A19	C2	1000	100	0	0.5	300	0.1
294	-0.107667387652	-0.107667387652	0	0.001	0.011	-0.107667387652	-0.107667387652	FGr	300	A19	C2	1000	100	0	0.5	300	0.1
295	-0.108304631086	-0.108304631086	0	0.006	0.007	-0.108304631086	-0.108304631086	NoCorrection	300	A19	C2	1000	100	0	0.5	300	0.1
296	-0.10822822239	-0.10822822239	0	0.009	0.011	-0.10822822239	-0.10822822239	ID	300	A19	C2	1000	100	0	0.5	300	0.1
297	-0.026288549195	-0.026288549195	0	0.532	0.48	-0.026288549195	-0.026288549195	1	300	A19	C2	1000	100	0	0.5	300	0.5
298	-0.019952685905	-0.019952685905	0	0.569	0.587	-0.019952685905	-0.019952685905	FGr	300	A19	C2	1000	100	0	0.5	300	0.5
299	-0.019877599385	-0.019877599385	0	0.61	0.598	-0.019877599385	-0.019877599385	NoCorrection	300	A19	C2	1000	100	0	0.5	300	0.5
300	-0.0151501795400001	-0.01515017954	0	0.702	0.731	-0.0151501795400001	-0.01515017954	ID	300	A19	C2	1000	100	0	0.5	300	0.5
301	-0.089902371245	-0.089902371245	0	0.025	0.022	-0.089902371245	-0.089902371245	1	300	A19	C2	1000	100	0	0.5	300	1
302	-0.0747261344	-0.0747261344	0	0.112	0.131	-0.0747261344	-0.0747261344	FGr	300	A19	C2	1000	100	0	0.5	300	1
303	-0.07414021458	-0.07414021458	0	0.125	0.127	-0.07414021458	-0.07414021458	NoCorrection	300	A19	C2	1000	100	0	0.5	300	1
304	-0.06420697194	-0.06420697194	0	0.07	0.048	-0.06420697194	-0.06420697194	ID	300	A19	C2	1000	100	0	0.5	300	1
305	-0.023621496085	-0.030819192	0	0.514	0.577	-0.023621496085	-0.030819192	1	1000	A19	C2	1000	100	0	0.5	300	0
306	-0.02240489043	-0.0318107385	0	0.512	0.563	-0.02240489043	-0.0318107385	FGr	1000	A19	C2	1000	100	0	0.5	300	0
307	-0.02337089984	-0.0329563545	0	0.508	0.56	-0.02337089984	-0.0329563545	NoCorrection	1000	A19	C2	1000	100	0	0.5	300	0
308	-0.02302022542	-0.03194941	0	0.535	0.553	-0.02302022542	-0.03194941	ID	1000	A19	C2	1000	100	0	0.5	300	0
309	0.1037544942	0.1017061675	0	0.003	0.089	0.1037544942	0.1017061675	1	1000	A19	C2	1000	100	0	0.5	300	0.1
310	0.104402316375	0.1178530145	0	0.001	0.047	0.104402316375	0.1178530145	FGr	1000	A19	C2	1000	100	0	0.5	300	0.1
311	0.106388005865	0.113904255	0	0.003	0.067	0.106388005865	0.113904255	NoCorrection	1000	A19	C2	1000	100	0	0.5	300	0.1
312	0.105543604835	0.10778889	0	0.001	0.065	0.105543604835	0.10778889	ID	1000	A19	C2	1000	100	0	0.5	300	0.1
313	-0.00537532906	0.010602295	0	0.881	0.848	-0.00537532906	0.010602295	1	1000	A19	C2	1000	100	0	0.5	300	0.5
314	0.00106555510900004	0.0234041815000001	0	0.981	0.724	0.00106555510900004	0.0234041815000001	FGr	1000	A19	C2	1000	100	0	0.5	300	0.5
315	0.00259907490000001	0.024748994	0	0.952	0.732	0.00259907490000001	0.024748994	NoCorrection	1000	A19	C2	1000	100	0	0.5	300	0.5
316	-0.0032504393475	0.0171625895	0	0.93	0.762	-0.0032504393475	0.0171625895	ID	1000	A19	C2	1000	100	0	0.5	300	0.5
317	-0.030817212145	0.02890449	0	0.35	0.595	-0.030817212145	0.02890449	1	1000	A19	C2	1000	100	0	0.5	300	1
318	-0.01836907926	0.1312184715	0	0.709	0.075	-0.01836907926	0.1312184715	FGr	1000	A19	C2	1000	100	0	0.5	300	1
319	-0.017306832945	0.1305889735	0	0.694	0.071	-0.017306832945	0.1305889735	NoCorrection	1000	A19	C2	1000	100	0	0.5	300	1
320	-0.02653595489	0.0292205294999999	0	0.401	0.58	-0.02653595489	0.0292205294999999	ID	1000	A19	C2	1000	100	0	0.5	300	1
321	-0.05505297567	-0.000688284500000018	0	0.075	0.994	-0.05505297567	-0.000688284500000018	1	10000	A19	C2	1000	100	0	0.5	300	0
322	-0.05599052815	0.0280406839999999	0	0.088	0.754	-0.05599052815	0.0280406839999999	FGr	10000	A19	C2	1000	100	0	0.5	300	0
323	-0.055510673595	0.00756613699999989	0	0.088	0.908	-0.055510673595	0.00756613699999989	NoCorrection	10000	A19	C2	1000	100	0	0.5	300	0
324	-0.055176296287	0.036404285	0	0.078	0.666	-0.055176296287	0.036404285	ID	10000	A19	C2	1000	100	0	0.5	300	0
325	0.0172774756450001	0.0440545800000001	0	0.617	0.616	0.0172774756450001	0.0440545800000001	1	10000	A19	C2	1000	100	0	0.5	300	0.1
326	0.01641984754	0.0633147095000001	0	0.643	0.488	0.01641984754	0.0633147095000001	FGr	10000	A19	C2	1000	100	0	0.5	300	0.1
327	0.01653992816	0.0629299495	0	0.644	0.528	0.01653992816	0.0629299495	NoCorrection	10000	A19	C2	1000	100	0	0.5	300	0.1
328	0.0172477932205	0.058779669	0	0.644	0.503	0.0172477932205	0.058779669	ID	10000	A19	C2	1000	100	0	0.5	300	0.1
329	-0.00193789197499998	0.0728482790000001	0	0.945	0.418	-0.00193789197499998	0.0728482790000001	1	10000	A19	C2	1000	100	0	0.5	300	0.5
330	-0.00477483207000002	-0.08572558	0	0.888	0.373	-0.00477483207000002	-0.08572558	FGr	10000	A19	C2	1000	100	0	0.5	300	0.5
331	-0.00567506423000006	-0.08311204	0	0.87	0.396	-0.00567506423000006	-0.08311204	NoCorrection	10000	A19	C2	1000	100	0	0.5	300	0.5
332	-0.00188491596499994	0.0784681274999999	0	0.942	0.364	-0.00188491596499994	0.0784681274999999	ID	10000	A19	C2	1000	100	0	0.5	300	0.5
333	0.00666436858999998	-0.0486684904999999	0	0.77	0.604	0.00666436858999998	-0.0486684904999999	1	10000	A19	C2	1000	100	0	0.5	300	1
334	-0.000741147449999913	-0.0755434899999999	0	0.987	0.575	-0.000741147449999913	-0.0755434899999999	FGr	10000	A19	C2	1000	100	0	0.5	300	1
335	-0.000854626049999951	-0.0763455699999997	0	0.983	0.582	-0.000854626049999951	-0.0763455699999997	NoCorrection	10000	A19	C2	1000	100	0	0.5	300	1
336	0.00677774939500002	-0.028638581	0	0.803	0.752	0.00677774939500002	-0.028638581	ID	10000	A19	C2	1000	100	0	0.5	300	1
337	0.0391248174203	0.0391248174203	0	0.077	0.083	0.0391248174203	0.0391248174203	1	300	A19	C2	1000	1000	0	0.5	300	0
338	0.0346972298835	0.0346972298835	0	0.137	0.131	0.0346972298835	0.0346972298835	FGr	300	A19	C2	1000	1000	0	0.5	300	0
339	0.0347846918555002	0.0347846918555001	0	0.125	0.141	0.0347846918555002	0.0347846918555001	NoCorrection	300	A19	C2	1000	1000	0	0.5	300	0
340	0.035452600825	0.035452600825	0	0.128	0.118	0.035452600825	0.035452600825	ID	300	A19	C2	1000	1000	0	0.5	300	0
341	0.0138675379504999	0.0138675379504999	0	0.434	0.458	0.0138675379504999	0.0138675379504999	1	300	A19	C2	1000	1000	0	0.5	300	0.1
342	0.0144851585694999	0.0144851585694999	0	0.443	0.438	0.0144851585694999	0.0144851585694999	FGr	300	A19	C2	1000	1000	0	0.5	300	0.1
343	0.015738948012	0.015738948012	0	0.403	0.408	0.015738948012	0.015738948012	NoCorrection	300	A19	C2	1000	1000	0	0.5	300	0.1
344	0.013713633948	0.013713633948	0	0.462	0.455	0.013713633948	0.013713633948	ID	300	A19	C2	1000	1000	0	0.5	300	0.1
345	-0.01198878372	-0.01198878372	0	0.572	0.556	-0.01198878372	-0.01198878372	1	300	A19	C2	1000	1000	0	0.5	300	0.5
346	-0.00316932178135018	-0.00316932178135024	0	0.901	0.904	-0.00316932178135018	-0.00316932178135024	FGr	300	A19	C2	1000	1000	0	0.5	300	0.5
347	-0.00361465717924981	-0.00361465717924982	0	0.884	0.898	-0.00361465717924981	-0.00361465717924982	NoCorrection	300	A19	C2	1000	1000	0	0.5	300	0.5
348	-0.0112704857866	-0.0112704857866	0	0.575	0.601	-0.0112704857866	-0.0112704857866	ID	300	A19	C2	1000	1000	0	0.5	300	0.5
349	-0.0106781500484999	-0.0106781500485	0	0.691	0.624	-0.0106781500484999	-0.0106781500485	1	300	A19	C2	1000	1000	0	0.5	300	1
350	0.00636626099579995	0.00636626099580001	0	0.843	0.832	0.00636626099579995	0.00636626099580001	FGr	300	A19	C2	1000	1000	0	0.5	300	1
351	0.00623198502850007	0.00623198502850009	0	0.844	0.816	0.00623198502850007	0.00623198502850009	NoCorrection	300	A19	C2	1000	1000	0	0.5	300	1
352	-0.00807832147400009	-0.00807832147399986	0	0.694	0.707	-0.00807832147400009	-0.00807832147399986	ID	300	A19	C2	1000	1000	0	0.5	300	1
353	-0.00259557100900001	0.0069754975499998	0	0.885	0.821	-0.00259557100900001	0.0069754975499998	1	1000	A19	C2	1000	1000	0	0.5	300	0
354	-0.00451584791949997	0.00314121549999976	0	0.826	0.928	-0.00451584791949997	0.00314121549999976	FGr	1000	A19	C2	1000	1000	0	0.5	300	0
355	-0.00444409777224999	0.0031879975500001	0	0.875	0.919	-0.00444409777224999	0.0031879975500001	NoCorrection	1000	A19	C2	1000	1000	0	0.5	300	0
356	-0.00447187233140002	0.00362212609999993	0	0.831	0.924	-0.00447187233140002	0.00362212609999993	ID	1000	A19	C2	1000	1000	0	0.5	300	0
357	0.00130427816600007	-0.00520899534999964	0	0.942	0.867	0.00130427816600007	-0.00520899534999964	1	1000	A19	C2	1000	1000	0	0.5	300	0.1
358	0.00393610874684979	-0.0102990383999998	0	0.855	0.748	0.00393610874684979	-0.0102990383999998	FGr	1000	A19	C2	1000	1000	0	0.5	300	0.1
359	0.00342303908449991	-0.00999295639999997	0	0.86	0.772	0.00342303908449991	-0.00999295639999997	NoCorrection	1000	A19	C2	1000	1000	0	0.5	300	0.1
360	0.0025999938365	-0.00467827720000012	0	0.895	0.876	0.0025999938365	-0.00467827720000012	ID	1000	A19	C2	1000	1000	0	0.5	300	0.1
361	-0.00252915081049981	-0.0244938299000005	0	0.902	0.444	-0.00252915081049981	-0.0244938299000005	1	1000	A19	C2	1000	1000	0	0.5	300	0.5
362	0.00919700126450004	-0.0386591862499999	0	0.695	0.28	0.00919700126450004	-0.0386591862499999	FGr	1000	A19	C2	1000	1000	0	0.5	300	0.5
363	0.00946077578950012	-0.0353229576000002	0	0.681	0.357	0.00946077578950012	-0.0353229576000002	NoCorrection	1000	A19	C2	1000	1000	0	0.5	300	0.5
364	-0.00155601699109991	-0.02576598345	0	0.946	0.412	-0.00155601699109991	-0.02576598345	ID	1000	A19	C2	1000	1000	0	0.5	300	0.5
365	0.00396405289595026	0.0350554193999999	0	0.841	0.269	0.00396405289595026	0.0350554193999999	1	1000	A19	C2	1000	1000	0	0.5	300	1
366	0.02442431974565	0.0270468608	0	0.38	0.563	0.02442431974565	0.0270468608	FGr	1000	A19	C2	1000	1000	0	0.5	300	1
367	0.0241036843720001	0.0300957425	0	0.417	0.515	0.0241036843720001	0.0300957425	NoCorrection	1000	A19	C2	1000	1000	0	0.5	300	1
368	0.00427696834259404	0.0248033891500002	0	0.801	0.446	0.00427696834259404	0.0248033891500002	ID	1000	A19	C2	1000	1000	0	0.5	300	1
369	-0.00497955055999992	-0.0193820613500001	0	0.773	0.73	-0.00497955055999992	-0.0193820613500001	1	10000	A19	C2	1000	1000	0	0.5	300	0
370	-0.00563167223890001	-0.0155149046	0	0.738	0.78	-0.00563167223890001	-0.0155149046	FGr	10000	A19	C2	1000	1000	0	0.5	300	0
371	-0.00498453628801986	-0.0256212121	0	0.774	0.629	-0.00498453628801986	-0.0256212121	NoCorrection	10000	A19	C2	1000	1000	0	0.5	300	0
372	-0.00495782910399997	-0.0253487123000001	0	0.8	0.659	-0.00495782910399997	-0.0253487123000001	ID	10000	A19	C2	1000	1000	0	0.5	300	0
373	0.00182279580050001	-0.01993197105	0	0.938	0.711	0.00182279580050001	-0.01993197105	1	10000	A19	C2	1000	1000	0	0.5	300	0.1
374	0.000610367628000003	-0.0360415744	0	0.967	0.508	0.000610367628000003	-0.0360415744	FGr	10000	A19	C2	1000	1000	0	0.5	300	0.1
375	0.00183547425149999	-0.03700623685	0	0.938	0.462	0.00183547425149999	-0.03700623685	NoCorrection	10000	A19	C2	1000	1000	0	0.5	300	0.1
376	0.00188691585099997	-0.0159489972999998	0	0.918	0.751	0.00188691585099997	-0.0159489972999998	ID	10000	A19	C2	1000	1000	0	0.5	300	0.1
377	-0.00820651753235	-0.00668906829999993	0	0.676	0.883	-0.00820651753235	-0.00668906829999993	1	10000	A19	C2	1000	1000	0	0.5	300	0.5
378	-0.012122566727	0.0721693919999999	0	0.541	0.164	-0.012122566727	0.0721693919999999	FGr	10000	A19	C2	1000	1000	0	0.5	300	0.5
379	-0.009100503792	0.0562478099999998	0	0.635	0.287	-0.009100503792	0.0562478099999998	NoCorrection	10000	A19	C2	1000	1000	0	0.5	300	0.5
380	-0.0079564374515	-0.00766531284999995	0	0.675	0.878	-0.0079564374515	-0.00766531284999995	ID	10000	A19	C2	1000	1000	0	0.5	300	0.5
381	0.0059687346655001	-0.0441028704999999	0	0.814	0.384	0.0059687346655001	-0.0441028704999999	1	10000	A19	C2	1000	1000	0	0.5	300	1
382	0.00424385058100006	0.00606827250000023	0	0.905	0.94	0.00424385058100006	0.00606827250000023	FGr	10000	A19	C2	1000	1000	0	0.5	300	1
383	0.00291923963999993	-0.015622971	0	0.924	0.863	0.00291923963999993	-0.015622971	NoCorrection	10000	A19	C2	1000	1000	0	0.5	300	1
384	0.00675172589250007	-0.0082167107	0	0.768	0.885	0.00675172589250007	-0.0082167107	ID	10000	A19	C2	1000	1000	0	0.5	300	1
385	0.0304748292154496	0.0304748292154497	0	0.125	0.124	0.0304748292154496	0.0304748292154497	1	300	A19	C2	1000	10000	0	0.5	300	0
386	0.0327660778594998	0.0327660778594998	0	0.073	0.095	0.0327660778594998	0.0327660778594998	FGr	300	A19	C2	1000	10000	0	0.5	300	0
387	0.0325942671545001	0.0325942671545	0	0.089	0.097	0.0325942671545001	0.0325942671545	NoCorrection	300	A19	C2	1000	10000	0	0.5	300	0
388	0.0314944864242503	0.0314944864242504	0	0.101	0.124	0.0314944864242503	0.0314944864242504	ID	300	A19	C2	1000	10000	0	0.5	300	0
389	-0.0102067587051492	-0.0102067587051492	0	0.567	0.613	-0.0102067587051492	-0.0102067587051492	1	300	A19	C2	1000	10000	0	0.5	300	0.1
390	-0.00348310006210021	-0.0034831000621002	0	0.855	0.846	-0.00348310006210021	-0.0034831000621002	FGr	300	A19	C2	1000	10000	0	0.5	300	0.1
391	-0.00291339973482961	-0.00291339973482951	0	0.866	0.879	-0.00291339973482961	-0.00291339973482951	NoCorrection	300	A19	C2	1000	10000	0	0.5	300	0.1
392	-0.0125407255127001	-0.0125407255127001	0	0.504	0.498	-0.0125407255127001	-0.0125407255127001	ID	300	A19	C2	1000	10000	0	0.5	300	0.1
393	-0.00684725848042998	-0.00684725848043002	0	0.722	0.741	-0.00684725848042998	-0.00684725848043002	1	300	A19	C2	1000	10000	0	0.5	300	0.5
394	0.0216716651643	0.0216716651643	0	0.348	0.322	0.0216716651643	0.0216716651643	FGr	300	A19	C2	1000	10000	0	0.5	300	0.5
395	0.02464146237575	0.02464146237575	0	0.288	0.272	0.02464146237575	0.02464146237575	NoCorrection	300	A19	C2	1000	10000	0	0.5	300	0.5
396	-0.00145681301999999	-0.00145681302000003	0	0.935	0.941	-0.00145681301999999	-0.00145681302000003	ID	300	A19	C2	1000	10000	0	0.5	300	0.5
397	-0.0295938342097999	-0.0295938342097999	0	0.222	0.216	-0.0295938342097999	-0.0295938342097999	1	300	A19	C2	1000	10000	0	0.5	300	1
398	0.0139534812691997	0.0139534812691997	0	0.609	0.611	0.0139534812691997	0.0139534812691997	FGr	300	A19	C2	1000	10000	0	0.5	300	1
399	0.0186236981754499	0.0186236981754499	0	0.529	0.54	0.0186236981754499	0.0186236981754499	NoCorrection	300	A19	C2	1000	10000	0	0.5	300	1
400	-0.0280506147728003	-0.0280506147728003	0	0.182	0.188	-0.0280506147728003	-0.0280506147728003	ID	300	A19	C2	1000	10000	0	0.5	300	1
401	0.0110842400924499	0.0054312737750001	0	0.609	0.855	0.0110842400924499	0.0054312737750001	1	1000	A19	C2	1000	10000	0	0.5	300	0
402	0.00862386404840012	0.00246006403499951	0	0.698	0.935	0.00862386404840012	0.00246006403499951	FGr	1000	A19	C2	1000	10000	0	0.5	300	0
403	0.00887827479135006	0.00111308088499952	0	0.65	0.973	0.00887827479135006	0.00111308088499952	NoCorrection	1000	A19	C2	1000	10000	0	0.5	300	0
404	0.0125840299367	0.00941668569999953	0	0.545	0.774	0.0125840299367	0.00941668569999953	ID	1000	A19	C2	1000	10000	0	0.5	300	0
405	0.037675107794	0.02767290133	0	0.047	0.41	0.037675107794	0.02767290133	1	1000	A19	C2	1000	10000	0	0.5	300	0.1
406	0.0400172532487301	0.0258944788700001	0	0.04	0.418	0.0400172532487301	0.0258944788700001	FGr	1000	A19	C2	1000	10000	0	0.5	300	0.1
407	0.0403026625435499	0.0264171231500001	0	0.035	0.401	0.0403026625435499	0.0264171231500001	NoCorrection	1000	A19	C2	1000	10000	0	0.5	300	0.1
408	0.0350778780281997	0.0363966710350001	0	0.078	0.267	0.0350778780281997	0.0363966710350001	ID	1000	A19	C2	1000	10000	0	0.5	300	0.1
409	0.00925543551630005	-0.0266910207049999	0	0.64	0.397	0.00925543551630005	-0.0266910207049999	1	1000	A19	C2	1000	10000	0	0.5	300	0.5
410	0.0242291284602497	-0.0233984351649996	0	0.244	0.496	0.0242291284602497	-0.0233984351649996	FGr	1000	A19	C2	1000	10000	0	0.5	300	0.5
411	0.0245849526533502	-0.0274660341149997	0	0.22	0.395	0.0245849526533502	-0.0274660341149997	NoCorrection	1000	A19	C2	1000	10000	0	0.5	300	0.5
412	0.0072611856215	-0.0387828255000002	0	0.698	0.204	0.0072611856215	-0.0387828255000002	ID	1000	A19	C2	1000	10000	0	0.5	300	0.5
413	0.0138542141568999	0.0432503769849994	0	0.492	0.182	0.0138542141568999	0.0432503769849994	1	1000	A19	C2	1000	10000	0	0.5	300	1
414	0.0477305385626502	0.0476120520100004	0	0.079	0.32	0.0477305385626502	0.0476120520100004	FGr	1000	A19	C2	1000	10000	0	0.5	300	1
415	0.0466895357349499	0.0580211910400005	0	0.07	0.237	0.0466895357349499	0.0580211910400005	NoCorrection	1000	A19	C2	1000	10000	0	0.5	300	1
416	0.00274670726119991	-0.00263300468000006	0	0.892	0.936	0.00274670726119991	-0.00263300468000006	ID	1000	A19	C2	1000	10000	0	0.5	300	1
417	0.0195643914672994	-0.0311285693350003	0	0.33	0.523	0.0195643914672994	-0.0311285693350003	1	10000	A19	C2	1000	10000	0	0.5	300	0
418	0.0177708472136996	-0.0161209795949998	0	0.344	0.749	0.0177708472136996	-0.0161209795949998	FGr	10000	A19	C2	1000	10000	0	0.5	300	0
419	0.0177416553905	-0.0151531033699995	0	0.357	0.754	0.0177416553905	-0.0151531033699995	NoCorrection	10000	A19	C2	1000	10000	0	0.5	300	0
420	0.0195861631026493	-0.02846147392	0	0.308	0.511	0.0195861631026493	-0.02846147392	ID	10000	A19	C2	1000	10000	0	0.5	300	0
421	0.02625132426244	-0.0247170997299996	0	0.168	0.6	0.02625132426244	-0.0247170997299996	1	10000	A19	C2	1000	10000	0	0.5	300	0.1
422	0.0262874159648599	-0.0514572368449991	0	0.143	0.238	0.0262874159648599	-0.0514572368449991	FGr	10000	A19	C2	1000	10000	0	0.5	300	0.1
423	0.0262735198651501	-0.0262325897399997	0	0.163	0.551	0.0262735198651501	-0.0262325897399997	NoCorrection	10000	A19	C2	1000	10000	0	0.5	300	0.1
424	0.0268490194493301	-0.0376564094899999	0	0.13	0.432	0.0268490194493301	-0.0376564094899999	ID	10000	A19	C2	1000	10000	0	0.5	300	0.1
425	-0.00515218318265007	-0.0863305675699995	0	0.788	0.075	-0.00515218318265007	-0.0863305675699995	1	10000	A19	C2	1000	10000	0	0.5	300	0.5
426	0.0118651742492301	-0.0914328927999984	0	0.561	0.099	0.0118651742492301	-0.0914328927999984	FGr	10000	A19	C2	1000	10000	0	0.5	300	0.5
427	0.0118470640959499	-0.100292828300001	0	0.592	0.074	0.0118470640959499	-0.100292828300001	NoCorrection	10000	A19	C2	1000	10000	0	0.5	300	0.5
428	-0.00585832333105001	-0.11055342298	0	0.76	0.029	-0.00585832333105001	-0.11055342298	ID	10000	A19	C2	1000	10000	0	0.5	300	0.5
429	-0.0208932454095221	0.0898138549499996	0	0.28	0.053	-0.0208932454095221	0.0898138549499996	1	10000	A19	C2	1000	10000	0	0.5	300	1
430	0.0122064369971491	0.121582240399999	0	0.698	0.117	0.0122064369971491	0.121582240399999	FGr	10000	A19	C2	1000	10000	0	0.5	300	1
431	0.0122910725265	0.124856521000001	0	0.694	0.108	0.0122910725265	0.124856521000001	NoCorrection	10000	A19	C2	1000	10000	0	0.5	300	1
432	-0.0210335521304006	0.0658718356500004	0	0.278	0.149	-0.0210335521304006	0.0658718356500004	ID	10000	A19	C2	1000	10000	0	0.5	300	1
433	-0.021962676905	-0.021962676905	0	0.068	0.058	-0.021962676905	-0.021962676905	1	300	A19	C2	10000	100	0	0.5	300	0
434	-0.020455300855	-0.020455300855	0	0.089	0.096	-0.020455300855	-0.020455300855	FGr	300	A19	C2	10000	100	0	0.5	300	0
435	-0.0203664703	-0.0203664703	0	0.101	0.094	-0.0203664703	-0.0203664703	NoCorrection	300	A19	C2	10000	100	0	0.5	300	0
436	-0.0210496269245	-0.0210496269245	0	0.084	0.097	-0.0210496269245	-0.0210496269245	ID	300	A19	C2	10000	100	0	0.5	300	0
437	0.006110964157	0.006110964157	0	0.578	0.598	0.006110964157	0.006110964157	1	300	A19	C2	10000	100	0	0.5	300	0.1
438	-0.000199975664999996	-0.000199975664999992	0	0.987	0.987	-0.000199975664999996	-0.000199975664999992	FGr	300	A19	C2	10000	100	0	0.5	300	0.1
439	-0.000519819057000006	-0.000519819057000007	0	0.965	0.961	-0.000519819057000006	-0.000519819057000007	NoCorrection	300	A19	C2	10000	100	0	0.5	300	0.1
440	0.005844474805	0.005844474805	0	0.59	0.58	0.005844474805	0.005844474805	ID	300	A19	C2	10000	100	0	0.5	300	0.1
441	0.004123524875	0.00412352487500001	0	0.696	0.67	0.004123524875	0.00412352487500001	1	300	A19	C2	10000	100	0	0.5	300	0.5
442	-0.024471521945	-0.024471521945	0	0.219	0.208	-0.024471521945	-0.024471521945	FGr	300	A19	C2	10000	100	0	0.5	300	0.5
443	-0.02596380712	-0.02596380712	0	0.213	0.185	-0.02596380712	-0.02596380712	NoCorrection	300	A19	C2	10000	100	0	0.5	300	0.5
444	0.00814594990099998	0.00814594990099997	0	0.394	0.428	0.00814594990099998	0.00814594990099997	ID	300	A19	C2	10000	100	0	0.5	300	0.5
445	0.01270302649	0.01270302649	0	0.311	0.298	0.01270302649	0.01270302649	1	300	A19	C2	10000	100	0	0.5	300	1
446	-0.04752449886	-0.04752449886	0	0.217	0.21	-0.04752449886	-0.04752449886	FGr	300	A19	C2	10000	100	0	0.5	300	1
447	-0.049485800006	-0.049485800006	0	0.186	0.181	-0.049485800006	-0.049485800006	NoCorrection	300	A19	C2	10000	100	0	0.5	300	1
448	0.014642942911	0.014642942911	0	0.193	0.234	0.014642942911	0.014642942911	ID	300	A19	C2	10000	100	0	0.5	300	1
449	-0.000212407540000006	0.0167961645	0	0.981	0.306	-0.000212407540000006	0.0167961645	1	1000	A19	C2	10000	100	0	0.5	300	0
450	-5.31927645000016e-05	0.0176347805	0	0.997	0.284	-5.31927645000016e-05	0.0176347805	FGr	1000	A19	C2	10000	100	0	0.5	300	0
451	-5.68848385000076e-05	0.017637874	0	0.998	0.306	-5.68848385000076e-05	0.017637874	NoCorrection	1000	A19	C2	10000	100	0	0.5	300	0
452	-0.000203026839999993	0.0167241445	0	0.976	0.322	-0.000203026839999993	0.0167241445	ID	1000	A19	C2	10000	100	0	0.5	300	0
453	-0.0270015333965	-0.013054926	0	0.008	0.481	-0.0270015333965	-0.013054926	1	1000	A19	C2	10000	100	0	0.5	300	0.1
454	-0.026547579313	-0.0137947755	0	0.018	0.469	-0.026547579313	-0.0137947755	FGr	1000	A19	C2	10000	100	0	0.5	300	0.1
455	-0.02659933694425	-0.011613877	0	0.011	0.515	-0.02659933694425	-0.011613877	NoCorrection	1000	A19	C2	10000	100	0	0.5	300	0.1
456	-0.027103295919	-0.0151018115	0	0.003	0.424	-0.027103295919	-0.0151018115	ID	1000	A19	C2	10000	100	0	0.5	300	0.1
457	0.00319289995	-0.00929961100000001	0	0.753	0.552	0.00319289995	-0.00929961100000001	1	1000	A19	C2	10000	100	0	0.5	300	0.5
458	0.00558574261000001	-0.00473985699999999	0	0.784	0.886	0.00558574261000001	-0.00473985699999999	FGr	1000	A19	C2	10000	100	0	0.5	300	0.5
459	0.00543912363	-0.00648052450000001	0	0.796	0.843	0.00543912363	-0.00648052450000001	NoCorrection	1000	A19	C2	10000	100	0	0.5	300	0.5
460	0.00264940005699999	-0.0147264445	0	0.814	0.404	0.00264940005699999	-0.0147264445	ID	1000	A19	C2	10000	100	0	0.5	300	0.5
461	-0.00580382214449999	-0.0156321715	0	0.611	0.37	-0.00580382214449999	-0.0156321715	1	1000	A19	C2	10000	100	0	0.5	300	1
462	-0.00113213253000003	-0.067361917	0	0.972	0.29	-0.00113213253000003	-0.067361917	FGr	1000	A19	C2	10000	100	0	0.5	300	1
463	-0.00130075227499999	-0.0604099125	0	0.977	0.324	-0.00130075227499999	-0.0604099125	NoCorrection	1000	A19	C2	10000	100	0	0.5	300	1
464	-0.0065435204904	-0.022746999	0	0.504	0.185	-0.0065435204904	-0.022746999	ID	1000	A19	C2	10000	100	0	0.5	300	1
465	0.00646292005150001	0.00245253799999999	0	0.579	0.925	0.00646292005150001	0.00245253799999999	1	10000	A19	C2	10000	100	0	0.5	300	0
466	0.007073644765	0.0119775665	0	0.58	0.633	0.007073644765	0.0119775665	FGr	10000	A19	C2	10000	100	0	0.5	300	0
467	0.007101085035	0.00814836999999999	0	0.563	0.779	0.007101085035	0.00814836999999999	NoCorrection	10000	A19	C2	10000	100	0	0.5	300	0
468	0.006512644985	-0.000774590000000003	0	0.592	0.977	0.006512644985	-0.000774590000000003	ID	10000	A19	C2	10000	100	0	0.5	300	0
469	-0.0124858041205	-0.00964101049999999	0	0.217	0.73	-0.0124858041205	-0.00964101049999999	1	10000	A19	C2	10000	100	0	0.5	300	0.1
470	-0.01472872321	-0.012446711	0	0.211	0.645	-0.01472872321	-0.012446711	FGr	10000	A19	C2	10000	100	0	0.5	300	0.1
471	-0.014716124685	-0.01231811	0	0.185	0.684	-0.014716124685	-0.01231811	NoCorrection	10000	A19	C2	10000	100	0	0.5	300	0.1
472	-0.012480099849	-0.0050869555	0	0.237	0.858	-0.012480099849	-0.0050869555	ID	10000	A19	C2	10000	100	0	0.5	300	0.1
473	-0.0085762128475	-0.062672267	0	0.44	0.012	-0.0085762128475	-0.062672267	1	10000	A19	C2	10000	100	0	0.5	300	0.5
474	-0.018801358133	-0.0713659885	0	0.349	0.166	-0.018801358133	-0.0713659885	FGr	10000	A19	C2	10000	100	0	0.5	300	0.5
475	-0.018803953741595	-0.0714136155	0	0.317	0.142	-0.018803953741595	-0.0714136155	NoCorrection	10000	A19	C2	10000	100	0	0.5	300	0.5
476	-0.0084680626205	-0.0782696665	0	0.446	0.003	-0.0084680626205	-0.0782696665	ID	10000	A19	C2	10000	100	0	0.5	300	0.5
477	-0.01186264775	0.00638752299999999	0	0.312	0.815	-0.01186264775	0.00638752299999999	1	10000	A19	C2	10000	100	0	0.5	300	1
478	-0.033769486685	-0.0902611699999999	0	0.305	0.31	-0.033769486685	-0.0902611699999999	FGr	10000	A19	C2	10000	100	0	0.5	300	1
479	-0.0337636642550001	-0.0902671799999999	0	0.311	0.344	-0.0337636642550001	-0.0902671799999999	NoCorrection	10000	A19	C2	10000	100	0	0.5	300	1
480	-0.01171388746	0.008019061	0	0.323	0.77	-0.01171388746	0.008019061	ID	10000	A19	C2	10000	100	0	0.5	300	1
481	0.00896397125355	0.00896397125355	0	0.179	0.205	0.00896397125355	0.00896397125355	1	300	A19	C2	10000	1000	0	0.5	300	0
482	0.009114438327265	0.009114438327265	0	0.187	0.185	0.009114438327265	0.009114438327265	FGr	300	A19	C2	10000	1000	0	0.5	300	0
483	0.00917788607038	0.00917788607038	0	0.212	0.194	0.00917788607038	0.00917788607038	NoCorrection	300	A19	C2	10000	1000	0	0.5	300	0
484	0.0094076715412	0.00940767154119999	0	0.188	0.168	0.0094076715412	0.00940767154119999	ID	300	A19	C2	10000	1000	0	0.5	300	0
485	-0.0106439470449999	-0.0106439470449999	0	0.097	0.102	-0.0106439470449999	-0.0106439470449999	1	300	A19	C2	10000	1000	0	0.5	300	0.1
486	-0.0120149049526	-0.0120149049526	0	0.091	0.079	-0.0120149049526	-0.0120149049526	FGr	300	A19	C2	10000	1000	0	0.5	300	0.1
487	-0.0120435854325	-0.0120435854325	0	0.089	0.078	-0.0120435854325	-0.0120435854325	NoCorrection	300	A19	C2	10000	1000	0	0.5	300	0.1
488	-0.00998393715380008	-0.00998393715380008	0	0.156	0.122	-0.00998393715380008	-0.00998393715380008	ID	300	A19	C2	10000	1000	0	0.5	300	0.1
489	0.0079762699573	0.00797626995730001	0	0.309	0.306	0.0079762699573	0.00797626995730001	1	300	A19	C2	10000	1000	0	0.5	300	0.5
490	-0.00191865727399999	-0.00191865727399998	0	0.893	0.905	-0.00191865727399999	-0.00191865727399998	FGr	300	A19	C2	10000	1000	0	0.5	300	0.5
491	-0.00198815249300007	-0.00198815249300007	0	0.875	0.888	-0.00198815249300007	-0.00198815249300007	NoCorrection	300	A19	C2	10000	1000	0	0.5	300	0.5
492	0.01100392588813	0.01100392588813	0	0.174	0.169	0.01100392588813	0.01100392588813	ID	300	A19	C2	10000	1000	0	0.5	300	0.5
493	-0.00909863340627507	-0.00909863340627505	0	0.221	0.188	-0.00909863340627507	-0.00909863340627505	1	300	A19	C2	10000	1000	0	0.5	300	1
494	-0.0283886444920001	-0.028388644492	0	0.164	0.191	-0.0283886444920001	-0.028388644492	FGr	300	A19	C2	10000	1000	0	0.5	300	1
495	-0.0284798948750002	-0.0284798948750001	0	0.192	0.184	-0.0284798948750002	-0.0284798948750001	NoCorrection	300	A19	C2	10000	1000	0	0.5	300	1
496	-0.00269074616160001	-0.00269074616159999	0	0.655	0.63	-0.00269074616160001	-0.00269074616159999	ID	300	A19	C2	10000	1000	0	0.5	300	1
497	-0.00361518094450999	-0.00661895279999994	0	0.592	0.541	-0.00361518094450999	-0.00661895279999994	1	1000	A19	C2	10000	1000	0	0.5	300	0
498	-0.00376645012799999	-0.00769498324999998	0	0.643	0.473	-0.00376645012799999	-0.00769498324999998	FGr	1000	A19	C2	10000	1000	0	0.5	300	0
499	-0.00374691398649997	-0.00781332149999999	0	0.57	0.466	-0.00374691398649997	-0.00781332149999999	NoCorrection	1000	A19	C2	10000	1000	0	0.5	300	0
500	-0.00368102661949997	-0.00619232394999999	0	0.623	0.547	-0.00368102661949997	-0.00619232394999999	ID	1000	A19	C2	10000	1000	0	0.5	300	0
501	-0.00202697979050003	-0.00893572540000002	0	0.756	0.404	-0.00202697979050003	-0.00893572540000002	1	1000	A19	C2	10000	1000	0	0.5	300	0.1
502	-0.00125551218305	-0.0140428553499999	0	0.865	0.198	-0.00125551218305	-0.0140428553499999	FGr	1000	A19	C2	10000	1000	0	0.5	300	0.1
503	-0.00128977444349998	-0.0143664971	0	0.851	0.186	-0.00128977444349998	-0.0143664971	NoCorrection	1000	A19	C2	10000	1000	0	0.5	300	0.1
504	-0.00229874713134993	-0.00889673289999997	0	0.714	0.399	-0.00229874713134993	-0.00889673289999997	ID	1000	A19	C2	10000	1000	0	0.5	300	0.1
505	-0.000650252538499914	-0.01907839525	0	0.925	0.092	-0.000650252538499914	-0.01907839525	1	1000	A19	C2	10000	1000	0	0.5	300	0.5
506	0.0028260874351499	-0.00260225289999966	0	0.819	0.912	0.0028260874351499	-0.00260225289999966	FGr	1000	A19	C2	10000	1000	0	0.5	300	0.5
507	0.00285397927276506	-0.000391865950000045	0	0.823	0.98	0.00285397927276506	-0.000391865950000045	NoCorrection	1000	A19	C2	10000	1000	0	0.5	300	0.5
508	-0.00226940556109997	-0.0164142081	0	0.771	0.122	-0.00226940556109997	-0.0164142081	ID	1000	A19	C2	10000	1000	0	0.5	300	0.5
509	0.0121877765909999	0.000736254699999999	0	0.103	0.956	0.0121877765909999	0.000736254699999999	1	1000	A19	C2	10000	1000	0	0.5	300	1
510	0.018573710292	-0.0021940459000001	0	0.358	0.939	0.018573710292	-0.0021940459000001	FGr	1000	A19	C2	10000	1000	0	0.5	300	1
511	0.0185482765675	-0.00221216985	0	0.346	0.964	0.0185482765675	-0.00221216985	NoCorrection	1000	A19	C2	10000	1000	0	0.5	300	1
512	0.00932767953204999	0.0111125075	0	0.187	0.286	0.00932767953204999	0.0111125075	ID	1000	A19	C2	10000	1000	0	0.5	300	1
513	0.0109625488805	0.00091752810000002	0	0.09	0.957	0.0109625488805	0.00091752810000002	1	10000	A19	C2	10000	1000	0	0.5	300	0
514	0.01077698149	0.0235453475	0	0.096	0.147	0.01077698149	0.0235453475	FGr	10000	A19	C2	10000	1000	0	0.5	300	0
515	0.0108489770635	0.02345639255	0	0.075	0.137	0.0108489770635	0.02345639255	NoCorrection	10000	A19	C2	10000	1000	0	0.5	300	0
516	0.0109722167655	0.00241773889999998	0	0.097	0.874	0.0109722167655	0.00241773889999998	ID	10000	A19	C2	10000	1000	0	0.5	300	0
517	0.0089392612395	-0.0182707513	0	0.263	0.274	0.0089392612395	-0.0182707513	1	10000	A19	C2	10000	1000	0	0.5	300	0.1
518	0.0091741613001	-0.0068077483	0	0.19	0.685	0.0091741613001	-0.0068077483	FGr	10000	A19	C2	10000	1000	0	0.5	300	0.1
519	0.009137235568	-0.0072615632	0	0.195	0.675	0.009137235568	-0.0072615632	NoCorrection	10000	A19	C2	10000	1000	0	0.5	300	0.1
520	0.0088866358525	-0.0213462867	0	0.227	0.209	0.0088866358525	-0.0213462867	ID	10000	A19	C2	10000	1000	0	0.5	300	0.1
521	-0.00756097224749998	-0.00271416980000001	0	0.318	0.86	-0.00756097224749998	-0.00271416980000001	1	10000	A19	C2	10000	1000	0	0.5	300	0.5
522	-0.00633639427549997	0.0236046276	0	0.647	0.485	-0.00633639427549997	0.0236046276	FGr	10000	A19	C2	10000	1000	0	0.5	300	0.5
523	-0.00650733972899999	0.02382827665	0	0.637	0.485	-0.00650733972899999	0.02382827665	NoCorrection	10000	A19	C2	10000	1000	0	0.5	300	0.5
524	-0.00789781746135002	0.00101267415000001	0	0.289	0.953	-0.00789781746135002	0.00101267415000001	ID	10000	A19	C2	10000	1000	0	0.5	300	0.5
525	-0.0089003479906	0.00852900449999997	0	0.188	0.598	-0.0089003479906	0.00852900449999997	1	10000	A19	C2	10000	1000	0	0.5	300	1
526	-0.00666866975249998	0.000224105500000074	0	0.76	0.996	-0.00666866975249998	0.000224105500000074	FGr	10000	A19	C2	10000	1000	0	0.5	300	1
527	-0.00700184555200008	0.000183731499999916	0	0.753	1	-0.00700184555200008	0.000183731499999916	NoCorrection	10000	A19	C2	10000	1000	0	0.5	300	1
528	-0.009533833188	0.00757783635	0	0.164	0.659	-0.009533833188	0.00757783635	ID	10000	A19	C2	10000	1000	0	0.5	300	1
529	-0.01188537707934	-0.01188537707934	0	0.107	0.106	-0.01188537707934	-0.01188537707934	1	300	A19	C2	10000	10000	0	0.5	300	0
530	-0.0126340256501	-0.0126340256501	0	0.074	0.08	-0.0126340256501	-0.0126340256501	FGr	300	A19	C2	10000	10000	0	0.5	300	0
531	-0.01253433576005	-0.0125343357600501	0	0.08	0.075	-0.01253433576005	-0.0125343357600501	NoCorrection	300	A19	C2	10000	10000	0	0.5	300	0
532	-0.01241317088965	-0.01241317088965	0	0.084	0.086	-0.01241317088965	-0.01241317088965	ID	300	A19	C2	10000	10000	0	0.5	300	0
533	0.00337199642521009	0.00337199642521007	0	0.619	0.6	0.00337199642521009	0.00337199642521007	1	300	A19	C2	10000	10000	0	0.5	300	0.1
534	0.00500654030812009	0.00500654030812011	0	0.479	0.49	0.00500654030812009	0.00500654030812011	FGr	300	A19	C2	10000	10000	0	0.5	300	0.1
535	0.00483384336703501	0.00483384336703501	0	0.465	0.502	0.00483384336703501	0.00483384336703501	NoCorrection	300	A19	C2	10000	10000	0	0.5	300	0.1
536	0.00359243159865009	0.00359243159865009	0	0.586	0.56	0.00359243159865009	0.00359243159865009	ID	300	A19	C2	10000	10000	0	0.5	300	0.1
537	-0.000300973890700154	-0.000300973890700154	0	0.975	0.974	-0.000300973890700154	-0.000300973890700154	1	300	A19	C2	10000	10000	0	0.5	300	0.5
538	0.00727505384055001	0.00727505384054999	0	0.598	0.621	0.00727505384055001	0.00727505384054999	FGr	300	A19	C2	10000	10000	0	0.5	300	0.5
539	0.00713269359309996	0.00713269359309996	0	0.616	0.628	0.00713269359309996	0.00713269359309996	NoCorrection	300	A19	C2	10000	10000	0	0.5	300	0.5
540	0.000588619751850139	0.000588619751850145	0	0.94	0.949	0.000588619751850139	0.000588619751850145	ID	300	A19	C2	10000	10000	0	0.5	300	0.5
541	0.00253768293140494	0.00253768293140491	0	0.695	0.711	0.00253768293140494	0.00253768293140491	1	300	A19	C2	10000	10000	0	0.5	300	1
542	0.01756989243	0.01756989243	0	0.399	0.416	0.01756989243	0.01756989243	FGr	300	A19	C2	10000	10000	0	0.5	300	1
543	0.01731455133526	0.01731455133526	0	0.442	0.442	0.01731455133526	0.01731455133526	NoCorrection	300	A19	C2	10000	10000	0	0.5	300	1
544	0.00395578438030007	0.00395578438030006	0	0.558	0.533	0.00395578438030007	0.00395578438030006	ID	300	A19	C2	10000	10000	0	0.5	300	1
545	-0.00382632494311004	-0.0108878775050002	0	0.487	0.196	-0.00382632494311004	-0.0108878775050002	1	1000	A19	C2	10000	10000	0	0.5	300	0
546	-0.00391075163827502	-0.0091718310100001	0	0.456	0.281	-0.00391075163827502	-0.0091718310100001	FGr	1000	A19	C2	10000	10000	0	0.5	300	0
547	-0.00389090128820002	-0.0106334978650002	0	0.492	0.212	-0.00389090128820002	-0.0106334978650002	NoCorrection	1000	A19	C2	10000	10000	0	0.5	300	0
548	-0.00383157910652999	-0.0123832128199997	0	0.51	0.163	-0.00383157910652999	-0.0123832128199997	ID	1000	A19	C2	10000	10000	0	0.5	300	0
549	-0.00021513570854998	0.000325599840000185	0	0.968	0.973	-0.00021513570854998	0.000325599840000185	1	1000	A19	C2	10000	10000	0	0.5	300	0.1
550	-0.00119072706080999	-0.00232586036999949	0	0.883	0.806	-0.00119072706080999	-0.00232586036999949	FGr	1000	A19	C2	10000	10000	0	0.5	300	0.1
551	-0.00120566200545508	-0.00251318137000026	0	0.854	0.815	-0.00120566200545508	-0.00251318137000026	NoCorrection	1000	A19	C2	10000	10000	0	0.5	300	0.1
552	-0.000324653877549962	0.00129261112999986	0	0.951	0.872	-0.000324653877549962	0.00129261112999986	ID	1000	A19	C2	10000	10000	0	0.5	300	0.1
553	0.00383666030690012	0.00254801025500009	0	0.525	0.792	0.00383666030690012	0.00254801025500009	1	1000	A19	C2	10000	10000	0	0.5	300	0.5
554	0.00060428422309517	-0.00878259089000115	0	0.961	0.618	0.00060428422309517	-0.00878259089000115	FGr	1000	A19	C2	10000	10000	0	0.5	300	0.5
555	0.000578963765610197	-0.0108404989249999	0	0.961	0.545	0.000578963765610197	-0.0108404989249999	NoCorrection	1000	A19	C2	10000	10000	0	0.5	300	0.5
556	0.00351418702233012	0.00188891368499999	0	0.555	0.83	0.00351418702233012	0.00188891368499999	ID	1000	A19	C2	10000	10000	0	0.5	300	0.5
557	0.00397226217723997	0.00268116923499998	0	0.506	0.788	0.00397226217723997	0.00268116923499998	1	1000	A19	C2	10000	10000	0	0.5	300	1
558	-0.00250330881868498	-0.0369162699600002	0	0.9	0.275	-0.00250330881868498	-0.0369162699600002	FGr	1000	A19	C2	10000	10000	0	0.5	300	1
559	-0.00255739748120018	-0.0399417870400007	0	0.893	0.199	-0.00255739748120018	-0.0399417870400007	NoCorrection	1000	A19	C2	10000	10000	0	0.5	300	1
560	0.0033036158621002	-0.00118827809499979	0	0.583	0.9	0.0033036158621002	-0.00118827809499979	ID	1000	A19	C2	10000	10000	0	0.5	300	1
561	0.00634652825389999	-0.00288012101500001	0	0.23	0.868	0.00634652825389999	-0.00288012101500001	1	10000	A19	C2	10000	10000	0	0.5	300	0
562	0.00836825133881003	-0.00186376955500002	0	0.13	0.914	0.00836825133881003	-0.00186376955500002	FGr	10000	A19	C2	10000	10000	0	0.5	300	0
563	0.00838323921019994	-0.00280737507500008	0	0.124	0.862	0.00838323921019994	-0.00280737507500008	NoCorrection	10000	A19	C2	10000	10000	0	0.5	300	0
564	0.00630868653019	-0.00215082385500003	0	0.234	0.907	0.00630868653019	-0.00215082385500003	ID	10000	A19	C2	10000	10000	0	0.5	300	0
565	6.41373917499582e-05	-0.024416318115	0	0.984	0.129	6.41373917499582e-05	-0.024416318115	1	10000	A19	C2	10000	10000	0	0.5	300	0.1
566	0.00554772666650985	-0.011138971595	0	0.364	0.508	0.00554772666650985	-0.011138971595	FGr	10000	A19	C2	10000	10000	0	0.5	300	0.1
567	0.00553310200250017	-0.0112850422300001	0	0.355	0.496	0.00553310200250017	-0.0112850422300001	NoCorrection	10000	A19	C2	10000	10000	0	0.5	300	0.1
568	2.53560258001298e-05	-0.0223799876350002	0	0.995	0.152	2.53560258001298e-05	-0.0223799876350002	ID	10000	A19	C2	10000	10000	0	0.5	300	0.1
569	0.00147902409871	0.0116328818150002	0	0.736	0.482	0.00147902409871	0.0116328818150002	1	10000	A19	C2	10000	10000	0	0.5	300	0.5
570	0.025715124745	0.00813001317999964	0	0.019	0.754	0.025715124745	0.00813001317999964	FGr	10000	A19	C2	10000	10000	0	0.5	300	0.5
571	0.02574111523075	0.00772997259999997	0	0.009	0.776	0.02574111523075	0.00772997259999997	NoCorrection	10000	A19	C2	10000	10000	0	0.5	300	0.5
572	0.00174773304625001	0.00870930125000011	0	0.706	0.557	0.00174773304625001	0.00870930125000011	ID	10000	A19	C2	10000	10000	0	0.5	300	0.5
573	-0.00126510641619002	0.03442490269	0	0.811	0.027	-0.00126510641619002	0.03442490269	1	10000	A19	C2	10000	10000	0	0.5	300	1
574	0.0456233391036501	-0.00216692015000002	0	0.023	0.965	0.0456233391036501	-0.00216692015000002	FGr	10000	A19	C2	10000	10000	0	0.5	300	1
575	0.0456843752148	0.00693440105	0	0.021	0.906	0.0456843752148	0.00693440105	NoCorrection	10000	A19	C2	10000	10000	0	0.5	300	1
576	-0.000897039190700003	0.03336095375	0	0.882	0.034	-0.000897039190700003	0.03336095375	ID	10000	A19	C2	10000	10000	0	0.5	300	1
