	c-q	nc-q	true-q	c-p	nc-p	c-bias	nc-bias	type	L	rep	config	gwas_size	test_size	h2	ts	num_causal	env
1	-0.00313418304999997	-0.00313418304999999	0	0.946	0.943	-0.00313418304999997	-0.00313418304999999	1	300	A11	C1	1000	100	0	0.5	300	0
2	0.014171822495	0.014171822495	0	0.701	0.684	0.014171822495	0.014171822495	FGr	300	A11	C1	1000	100	0	0.5	300	0
3	0.00757040533999999	0.00757040533999996	0	0.834	0.848	0.00757040533999999	0.00757040533999996	NoCorrection	300	A11	C1	1000	100	0	0.5	300	0
4	-0.00651306015000001	-0.00651306014999998	0	0.856	0.867	-0.00651306015000001	-0.00651306014999998	ID	300	A11	C1	1000	100	0	0.5	300	0
5	-0.0271811259605	-0.0271811259605	0	0.447	0.456	-0.0271811259605	-0.0271811259605	1	300	A11	C1	1000	100	0	0.5	300	0.01
6	-0.054075033535	-0.054075033535	0	0.151	0.146	-0.054075033535	-0.054075033535	FGr	300	A11	C1	1000	100	0	0.5	300	0.01
7	-0.058273283924	-0.058273283924	0	0.117	0.116	-0.058273283924	-0.058273283924	NoCorrection	300	A11	C1	1000	100	0	0.5	300	0.01
8	-0.042668522315	-0.042668522315	0	0.261	0.272	-0.042668522315	-0.042668522315	ID	300	A11	C1	1000	100	0	0.5	300	0.01
9	0.00293125080149995	0.00293125080150006	0	0.936	0.947	0.00293125080149995	0.00293125080150006	1	300	A11	C1	1000	100	0	0.5	300	0.03
10	-0.01193961494	-0.01193961494	0	0.734	0.738	-0.01193961494	-0.01193961494	FGr	300	A11	C1	1000	100	0	0.5	300	0.03
11	-0.00818369419899997	-0.008183694199	0	0.803	0.821	-0.00818369419899997	-0.008183694199	NoCorrection	300	A11	C1	1000	100	0	0.5	300	0.03
12	-0.015683896844	-0.015683896844	0	0.681	0.665	-0.015683896844	-0.015683896844	ID	300	A11	C1	1000	100	0	0.5	300	0.03
13	-0.03290922424	-0.03290922424	0	0.37	0.337	-0.03290922424	-0.03290922424	1	300	A11	C1	1000	100	0	0.5	300	0.1
14	-0.00141332876500001	-0.00141332876499999	0	0.972	0.972	-0.00141332876500001	-0.00141332876499999	FGr	300	A11	C1	1000	100	0	0.5	300	0.1
15	-0.0144537382505	-0.0144537382505	0	0.658	0.663	-0.0144537382505	-0.0144537382505	NoCorrection	300	A11	C1	1000	100	0	0.5	300	0.1
16	-0.048870264086	-0.048870264086	0	0.155	0.154	-0.048870264086	-0.048870264086	ID	300	A11	C1	1000	100	0	0.5	300	0.1
17	-0.03383314516	0.0558196375	0	0.382	0.364	-0.03383314516	0.0558196375	1	1000	A11	C1	1000	100	0	0.5	300	0
18	-0.0558315475	-0.01085372	0	0.138	0.842	-0.0558315475	-0.01085372	FGr	1000	A11	C1	1000	100	0	0.5	300	0
19	-0.0467781577	0.0139146860000001	0	0.22	0.813	-0.0467781577	0.0139146860000001	NoCorrection	1000	A11	C1	1000	100	0	0.5	300	0
20	-0.03525943358	0.040405458	0	0.35	0.508	-0.03525943358	0.040405458	ID	1000	A11	C1	1000	100	0	0.5	300	0
21	0.11011524237	0.0153457535	0	0.013	0.827	0.11011524237	0.0153457535	1	1000	A11	C1	1000	100	0	0.5	300	0.01
22	0.10525460482	0.0190524535	0	0.015	0.755	0.10525460482	0.0190524535	FGr	1000	A11	C1	1000	100	0	0.5	300	0.01
23	0.086503199267	-0.02142703	0	0.035	0.74	0.086503199267	-0.02142703	NoCorrection	1000	A11	C1	1000	100	0	0.5	300	0.01
24	0.111407568295	0.015644152	0	0.012	0.804	0.111407568295	0.015644152	ID	1000	A11	C1	1000	100	0	0.5	300	0.01
25	0.00475435343499998	-0.00944425100000015	0	0.909	0.876	0.00475435343499998	-0.00944425100000015	1	1000	A11	C1	1000	100	0	0.5	300	0.03
26	0.018384151133	0.0315726699999999	0	0.628	0.631	0.018384151133	0.0315726699999999	FGr	1000	A11	C1	1000	100	0	0.5	300	0.03
27	0.017426136975	0.0308726635000001	0	0.624	0.625	0.017426136975	0.0308726635000001	NoCorrection	1000	A11	C1	1000	100	0	0.5	300	0.03
28	-0.00566198370000002	-0.0432230059999999	0	0.877	0.474	-0.00566198370000002	-0.0432230059999999	ID	1000	A11	C1	1000	100	0	0.5	300	0.03
29	0.00471434227	-0.103768435	0	0.899	0.115	0.00471434227	-0.103768435	1	1000	A11	C1	1000	100	0	0.5	300	0.1
30	0.0404829927049999	-0.021011998	0	0.334	0.752	0.0404829927049999	-0.021011998	FGr	1000	A11	C1	1000	100	0	0.5	300	0.1
31	0.0581490416935	0.0249495980000001	0	0.162	0.696	0.0581490416935	0.0249495980000001	NoCorrection	1000	A11	C1	1000	100	0	0.5	300	0.1
32	0.0137158879485	-0.0772123755	0	0.712	0.256	0.0137158879485	-0.0772123755	ID	1000	A11	C1	1000	100	0	0.5	300	0.1
33	0.050548038475	0.12771545	0	0.236	0.223	0.050548038475	0.12771545	1	10000	A11	C1	1000	100	0	0.5	300	0
34	0.043395084225	0.0643925049999999	0	0.354	0.519	0.043395084225	0.0643925049999999	FGr	10000	A11	C1	1000	100	0	0.5	300	0
35	0.064702914125	0.21653484	0	0.123	0.027	0.064702914125	0.21653484	NoCorrection	10000	A11	C1	1000	100	0	0.5	300	0
36	0.050382343996	0.127283965	0	0.247	0.195	0.050382343996	0.127283965	ID	10000	A11	C1	1000	100	0	0.5	300	0
37	0.0189360689950001	-0.043036317	0	0.633	0.666	0.0189360689950001	-0.043036317	1	10000	A11	C1	1000	100	0	0.5	300	0.01
38	0.0174583372924	-0.0404703985000001	0	0.608	0.673	0.0174583372924	-0.0404703985000001	FGr	10000	A11	C1	1000	100	0	0.5	300	0.01
39	-0.0179769903299999	-0.4240794345	0	0.644	0	-0.0179769903299999	-0.4240794345	NoCorrection	10000	A11	C1	1000	100	0	0.5	300	0.01
40	0.0199950628299999	-0.02234058	0	0.614	0.811	0.0199950628299999	-0.02234058	ID	10000	A11	C1	1000	100	0	0.5	300	0.01
41	-0.00202835336500002	0.0880609655	0	0.957	0.427	-0.00202835336500002	0.0880609655	1	10000	A11	C1	1000	100	0	0.5	300	0.03
42	-0.001029498135	0.102323196	0	0.984	0.333	-0.001029498135	0.102323196	FGr	10000	A11	C1	1000	100	0	0.5	300	0.03
43	-0.0158237920415	-0.018198501	0	0.659	0.854	-0.0158237920415	-0.018198501	NoCorrection	10000	A11	C1	1000	100	0	0.5	300	0.03
44	-0.00076864011100001	0.1009733095	0	0.983	0.345	-0.00076864011100001	0.1009733095	ID	10000	A11	C1	1000	100	0	0.5	300	0.03
45	0.01061769215	-0.0113244315	0	0.793	0.907	0.01061769215	-0.0113244315	1	10000	A11	C1	1000	100	0	0.5	300	0.1
46	0.0130568318400001	0.0462268345	0	0.744	0.623	0.0130568318400001	0.0462268345	FGr	10000	A11	C1	1000	100	0	0.5	300	0.1
47	0.0321682879781	0.1613865985	0	0.395	0.1	0.0321682879781	0.1613865985	NoCorrection	10000	A11	C1	1000	100	0	0.5	300	0.1
48	0.00998667925499996	-0.0165668200000001	0	0.789	0.88	0.00998667925499996	-0.0165668200000001	ID	10000	A11	C1	1000	100	0	0.5	300	0.1
49	-0.0145481498209999	-0.0145481498209999	0	0.639	0.636	-0.0145481498209999	-0.0145481498209999	1	300	A11	C1	1000	1000	0	0.5	300	0
50	-0.0076355625434501	-0.00763556254345009	0	0.819	0.803	-0.0076355625434501	-0.00763556254345009	FGr	300	A11	C1	1000	1000	0	0.5	300	0
51	-0.000133444360000035	-0.000133444360000045	0	0.996	0.997	-0.000133444360000035	-0.000133444360000045	NoCorrection	300	A11	C1	1000	1000	0	0.5	300	0
52	-0.012196132388	-0.012196132388	0	0.679	0.657	-0.012196132388	-0.012196132388	ID	300	A11	C1	1000	1000	0	0.5	300	0
53	-0.0216327227199999	-0.0216327227199999	0	0.51	0.496	-0.0216327227199999	-0.0216327227199999	1	300	A11	C1	1000	1000	0	0.5	300	0.01
54	-0.0151628118412498	-0.0151628118412497	0	0.637	0.64	-0.0151628118412498	-0.0151628118412497	FGr	300	A11	C1	1000	1000	0	0.5	300	0.01
55	-0.0302814821399998	-0.0302814821399999	0	0.366	0.365	-0.0302814821399998	-0.0302814821399999	NoCorrection	300	A11	C1	1000	1000	0	0.5	300	0.01
56	-0.0151827063985	-0.0151827063985	0	0.66	0.638	-0.0151827063985	-0.0151827063985	ID	300	A11	C1	1000	1000	0	0.5	300	0.01
57	-0.0320131938225	-0.0320131938225	0	0.237	0.209	-0.0320131938225	-0.0320131938225	1	300	A11	C1	1000	1000	0	0.5	300	0.03
58	-0.00858182168920001	-0.00858182168920002	0	0.731	0.72	-0.00858182168920001	-0.00858182168920002	FGr	300	A11	C1	1000	1000	0	0.5	300	0.03
59	-0.0127987466366999	-0.0127987466366999	0	0.608	0.605	-0.0127987466366999	-0.0127987466366999	NoCorrection	300	A11	C1	1000	1000	0	0.5	300	0.03
60	-0.0354147254910001	-0.0354147254910001	0	0.168	0.161	-0.0354147254910001	-0.0354147254910001	ID	300	A11	C1	1000	1000	0	0.5	300	0.03
61	0.00924350252024964	0.00924350252024974	0	0.789	0.771	0.00924350252024964	0.00924350252024974	1	300	A11	C1	1000	1000	0	0.5	300	0.1
62	-0.00108772966200026	-0.00108772966200007	0	0.969	0.972	-0.00108772966200026	-0.00108772966200007	FGr	300	A11	C1	1000	1000	0	0.5	300	0.1
63	0.0231032113460001	0.0231032113460001	0	0.464	0.494	0.0231032113460001	0.0231032113460001	NoCorrection	300	A11	C1	1000	1000	0	0.5	300	0.1
64	0.00487688205050014	0.00487688205050015	0	0.873	0.871	0.00487688205050014	0.00487688205050015	ID	300	A11	C1	1000	1000	0	0.5	300	0.1
65	-0.060108285073	-0.0497928909	0	0.034	0.272	-0.060108285073	-0.0497928909	1	1000	A11	C1	1000	1000	0	0.5	300	0
66	-0.0592177331919999	-0.04933973985	0	0.032	0.268	-0.0592177331919999	-0.04933973985	FGr	1000	A11	C1	1000	1000	0	0.5	300	0
67	-0.0534121200339999	-0.0432433889499998	0	0.058	0.337	-0.0534121200339999	-0.0432433889499998	NoCorrection	1000	A11	C1	1000	1000	0	0.5	300	0
68	-0.0609056115450001	-0.0508118575500001	0	0.033	0.263	-0.0609056115450001	-0.0508118575500001	ID	1000	A11	C1	1000	1000	0	0.5	300	0
69	-0.00592662529500008	-0.0366742959499992	0	0.855	0.42	-0.00592662529500008	-0.0366742959499992	1	1000	A11	C1	1000	1000	0	0.5	300	0.01
70	-0.00320976411400001	-0.0326381631000004	0	0.916	0.457	-0.00320976411400001	-0.0326381631000004	FGr	1000	A11	C1	1000	1000	0	0.5	300	0.01
71	-0.000812572449000007	-0.0299928594999999	0	0.976	0.496	-0.000812572449000007	-0.0299928594999999	NoCorrection	1000	A11	C1	1000	1000	0	0.5	300	0.01
72	-0.00495528705549998	-0.0378867486	0	0.863	0.384	-0.00495528705549998	-0.0378867486	ID	1000	A11	C1	1000	1000	0	0.5	300	0.01
73	-0.039181124818	-0.0167817594500001	0	0.164	0.693	-0.039181124818	-0.0167817594500001	1	1000	A11	C1	1000	1000	0	0.5	300	0.03
74	-0.0351481135000002	-0.00241494845000017	0	0.188	0.957	-0.0351481135000002	-0.00241494845000017	FGr	1000	A11	C1	1000	1000	0	0.5	300	0.03
75	-0.0174682267505	0.0225179076000001	0	0.521	0.622	-0.0174682267505	0.0225179076000001	NoCorrection	1000	A11	C1	1000	1000	0	0.5	300	0.03
76	-0.0316480439136	0.00114715190000022	0	0.246	0.984	-0.0316480439136	0.00114715190000022	ID	1000	A11	C1	1000	1000	0	0.5	300	0.03
77	-0.027251188626	-0.10211527845	0	0.364	0.034	-0.027251188626	-0.10211527845	1	1000	A11	C1	1000	1000	0	0.5	300	0.1
78	-0.016490180389	-0.0860580537999996	0	0.581	0.063	-0.016490180389	-0.0860580537999996	FGr	1000	A11	C1	1000	1000	0	0.5	300	0.1
79	0.00180910883	-0.0179230758500001	0	0.947	0.676	0.00180910883	-0.0179230758500001	NoCorrection	1000	A11	C1	1000	1000	0	0.5	300	0.1
80	-0.0300809105691	-0.11375291835	0	0.296	0.012	-0.0300809105691	-0.11375291835	ID	1000	A11	C1	1000	1000	0	0.5	300	0.1
81	0.011592882505	0.0340817695	0	0.663	0.659	0.011592882505	0.0340817695	1	10000	A11	C1	1000	1000	0	0.5	300	0
82	0.0116852358625	0.0350883539999999	0	0.667	0.637	0.0116852358625	0.0350883539999999	FGr	10000	A11	C1	1000	1000	0	0.5	300	0
83	0.00234277039149999	-0.0468854445500001	0	0.925	0.542	0.00234277039149999	-0.0468854445500001	NoCorrection	10000	A11	C1	1000	1000	0	0.5	300	0
84	0.014568182668	0.0561013789999999	0	0.539	0.442	0.014568182668	0.0561013789999999	ID	10000	A11	C1	1000	1000	0	0.5	300	0
85	0.0189999185905001	0.1779124172	0	0.503	0.014	0.0189999185905001	0.1779124172	1	10000	A11	C1	1000	1000	0	0.5	300	0.01
86	0.021307432016	0.20977322745	0	0.481	0.001	0.021307432016	0.20977322745	FGr	10000	A11	C1	1000	1000	0	0.5	300	0.01
87	0.015837460532	0.14762055965	0	0.585	0.034	0.015837460532	0.14762055965	NoCorrection	10000	A11	C1	1000	1000	0	0.5	300	0.01
88	0.0195982415123	0.18064152695	0	0.502	0.008	0.0195982415123	0.18064152695	ID	10000	A11	C1	1000	1000	0	0.5	300	0.01
89	0.040844992474	-0.090109241	0	0.113	0.191	0.040844992474	-0.090109241	1	10000	A11	C1	1000	1000	0	0.5	300	0.03
90	0.0429175566760001	-0.0718069543499999	0	0.118	0.29	0.0429175566760001	-0.0718069543499999	FGr	10000	A11	C1	1000	1000	0	0.5	300	0.03
91	0.0440558132249999	-0.0669213212	0	0.1	0.319	0.0440558132249999	-0.0669213212	NoCorrection	10000	A11	C1	1000	1000	0	0.5	300	0.03
92	0.0414449739179999	-0.0831552795500001	0	0.123	0.211	0.0414449739179999	-0.0831552795500001	ID	10000	A11	C1	1000	1000	0	0.5	300	0.03
93	0.053180509394	0.0598593762499998	0	0.069	0.41	0.053180509394	0.0598593762499998	1	10000	A11	C1	1000	1000	0	0.5	300	0.1
94	0.0523053358275	0.0590448667499999	0	0.044	0.416	0.0523053358275	0.0590448667499999	FGr	10000	A11	C1	1000	1000	0	0.5	300	0.1
95	0.0771589561155	0.24386408595	0	0.003	0.001	0.0771589561155	0.24386408595	NoCorrection	10000	A11	C1	1000	1000	0	0.5	300	0.1
96	0.051689416974	0.055362178	0	0.052	0.439	0.051689416974	0.055362178	ID	10000	A11	C1	1000	1000	0	0.5	300	0.1
97	-0.00909140060330004	-0.00909140060330004	0	0.749	0.723	-0.00909140060330004	-0.00909140060330004	1	300	A11	C1	1000	10000	0	0.5	300	0
98	-0.02053140137525	-0.02053140137525	0	0.454	0.414	-0.02053140137525	-0.02053140137525	FGr	300	A11	C1	1000	10000	0	0.5	300	0
99	-0.02291230092907	-0.02291230092907	0	0.375	0.374	-0.02291230092907	-0.02291230092907	NoCorrection	300	A11	C1	1000	10000	0	0.5	300	0
100	-0.0259976036546	-0.0259976036546	0	0.327	0.309	-0.0259976036546	-0.0259976036546	ID	300	A11	C1	1000	10000	0	0.5	300	0
101	-0.05899092234995	-0.05899092234995	0	0.04	0.048	-0.05899092234995	-0.05899092234995	1	300	A11	C1	1000	10000	0	0.5	300	0.01
102	-0.0490477524307501	-0.04904775243075	0	0.095	0.089	-0.0490477524307501	-0.04904775243075	FGr	300	A11	C1	1000	10000	0	0.5	300	0.01
103	-0.0397255025043101	-0.0397255025043101	0	0.182	0.166	-0.0397255025043101	-0.0397255025043101	NoCorrection	300	A11	C1	1000	10000	0	0.5	300	0.01
104	-0.04307697845103	-0.04307697845103	0	0.121	0.159	-0.04307697845103	-0.04307697845103	ID	300	A11	C1	1000	10000	0	0.5	300	0.01
105	-0.00680525969940021	-0.00680525969940021	0	0.748	0.77	-0.00680525969940021	-0.00680525969940021	1	300	A11	C1	1000	10000	0	0.5	300	0.03
106	-0.0233690408669002	-0.0233690408669002	0	0.298	0.305	-0.0233690408669002	-0.0233690408669002	FGr	300	A11	C1	1000	10000	0	0.5	300	0.03
107	-0.0294741743453097	-0.0294741743453097	0	0.206	0.192	-0.0294741743453097	-0.0294741743453097	NoCorrection	300	A11	C1	1000	10000	0	0.5	300	0.03
108	-0.0194039258594001	-0.0194039258594001	0	0.39	0.392	-0.0194039258594001	-0.0194039258594001	ID	300	A11	C1	1000	10000	0	0.5	300	0.03
109	0.0126666237176	0.0126666237176	0	0.628	0.623	0.0126666237176	0.0126666237176	1	300	A11	C1	1000	10000	0	0.5	300	0.1
110	0.0445077112725602	0.0445077112725602	0	0.109	0.097	0.0445077112725602	0.0445077112725602	FGr	300	A11	C1	1000	10000	0	0.5	300	0.1
111	0.0850170732530001	0.0850170732530001	0	0.002	0.003	0.0850170732530001	0.0850170732530001	NoCorrection	300	A11	C1	1000	10000	0	0.5	300	0.1
112	0.014080761528444	0.014080761528444	0	0.612	0.612	0.014080761528444	0.014080761528444	ID	300	A11	C1	1000	10000	0	0.5	300	0.1
113	-0.0145271265369101	-0.01667886306	0	0.555	0.676	-0.0145271265369101	-0.01667886306	1	1000	A11	C1	1000	10000	0	0.5	300	0
114	-0.0510408236539001	-0.13169090724	0	0.049	0.001	-0.0510408236539001	-0.13169090724	FGr	1000	A11	C1	1000	10000	0	0.5	300	0
115	-0.04023491792235	-0.0955747680950015	0	0.115	0.019	-0.04023491792235	-0.0955747680950015	NoCorrection	1000	A11	C1	1000	10000	0	0.5	300	0
116	-0.02869385958995	-0.0671758069449998	0	0.252	0.102	-0.02869385958995	-0.0671758069449998	ID	1000	A11	C1	1000	10000	0	0.5	300	0
117	-0.0320903587157502	-0.0330690744149996	0	0.24	0.486	-0.0320903587157502	-0.0330690744149996	1	1000	A11	C1	1000	10000	0	0.5	300	0.01
118	-0.0286427202998501	-0.024140487215	0	0.281	0.594	-0.0286427202998501	-0.024140487215	FGr	1000	A11	C1	1000	10000	0	0.5	300	0.01
119	-0.00171372701624025	0.0398757505300003	0	0.962	0.387	-0.00171372701624025	0.0398757505300003	NoCorrection	1000	A11	C1	1000	10000	0	0.5	300	0.01
120	-0.0240501965408002	-0.0108847878750006	0	0.392	0.826	-0.0240501965408002	-0.0108847878750006	ID	1000	A11	C1	1000	10000	0	0.5	300	0.01
121	-0.00536090405455023	-0.0534805766300001	0	0.83	0.258	-0.00536090405455023	-0.0534805766300001	1	1000	A11	C1	1000	10000	0	0.5	300	0.03
122	0.0087161305755005	0.00391553965499944	0	0.717	0.929	0.0087161305755005	0.00391553965499944	FGr	1000	A11	C1	1000	10000	0	0.5	300	0.03
123	0.0429499050473003	0.0922122644299999	0	0.112	0.043	0.0429499050473003	0.0922122644299999	NoCorrection	1000	A11	C1	1000	10000	0	0.5	300	0.03
124	-0.0103148221056403	-0.0645157702949999	0	0.677	0.144	-0.0103148221056403	-0.0645157702949999	ID	1000	A11	C1	1000	10000	0	0.5	300	0.03
125	-0.03923186027015	-0.0208691110200001	0	0.139	0.624	-0.03923186027015	-0.0208691110200001	1	1000	A11	C1	1000	10000	0	0.5	300	0.1
126	-0.0236306593752549	0.0138317714300001	0	0.39	0.765	-0.0236306593752549	0.0138317714300001	FGr	1000	A11	C1	1000	10000	0	0.5	300	0.1
127	0.00430011884195016	0.0692209789050003	0	0.872	0.118	0.00430011884195016	0.0692209789050003	NoCorrection	1000	A11	C1	1000	10000	0	0.5	300	0.1
128	-0.0370910722456001	-0.0149775010799997	0	0.168	0.749	-0.0370910722456001	-0.0149775010799997	ID	1000	A11	C1	1000	10000	0	0.5	300	0.1
129	-0.00779385644459977	0.00583057904499996	0	0.762	0.939	-0.00779385644459977	0.00583057904499996	1	10000	A11	C1	1000	10000	0	0.5	300	0
130	-0.00990866196191499	-0.006689445595	0	0.695	0.917	-0.00990866196191499	-0.006689445595	FGr	10000	A11	C1	1000	10000	0	0.5	300	0
131	0.0149625336960999	0.17264030615	0	0.508	0.013	0.0149625336960999	0.17264030615	NoCorrection	10000	A11	C1	1000	10000	0	0.5	300	0
132	-0.00953135305119996	-0.00595974217000003	0	0.672	0.929	-0.00953135305119996	-0.00595974217000003	ID	10000	A11	C1	1000	10000	0	0.5	300	0
133	-0.000430248290149301	-0.03161446407	0	0.99	0.641	-0.000430248290149301	-0.03161446407	1	10000	A11	C1	1000	10000	0	0.5	300	0.01
134	0.00295358568199977	-0.01215239834	0	0.913	0.856	0.00295358568199977	-0.01215239834	FGr	10000	A11	C1	1000	10000	0	0.5	300	0.01
135	0.0177550402718695	0.0592672904300006	0	0.536	0.392	0.0177550402718695	0.0592672904300006	NoCorrection	10000	A11	C1	1000	10000	0	0.5	300	0.01
136	0.00286428097934989	-0.01294231129	0	0.921	0.863	0.00286428097934989	-0.01294231129	ID	10000	A11	C1	1000	10000	0	0.5	300	0.01
137	0.0113541868614499	-0.0190864764900005	0	0.642	0.777	0.0113541868614499	-0.0190864764900005	1	10000	A11	C1	1000	10000	0	0.5	300	0.03
138	0.00980206758635007	-0.0313462033550001	0	0.677	0.655	0.00980206758635007	-0.0313462033550001	FGr	10000	A11	C1	1000	10000	0	0.5	300	0.03
139	0.0248555582551499	0.0838812523950001	0	0.32	0.197	0.0248555582551499	0.0838812523950001	NoCorrection	10000	A11	C1	1000	10000	0	0.5	300	0.03
140	0.00703923385685025	-0.0503612084099997	0	0.785	0.47	0.00703923385685025	-0.0503612084099997	ID	10000	A11	C1	1000	10000	0	0.5	300	0.03
141	-0.0104099760153198	0.1424459997	0	0.692	0.048	-0.0104099760153198	0.1424459997	1	10000	A11	C1	1000	10000	0	0.5	300	0.1
142	-0.0123515220331502	0.13749097885	0	0.68	0.052	-0.0123515220331502	0.13749097885	FGr	10000	A11	C1	1000	10000	0	0.5	300	0.1
143	0.0264043513795503	0.38085645655	0	0.327	0	0.0264043513795503	0.38085645655	NoCorrection	10000	A11	C1	1000	10000	0	0.5	300	0.1
144	-0.0115836345283	0.141059806300001	0	0.663	0.035	-0.0115836345283	0.141059806300001	ID	10000	A11	C1	1000	10000	0	0.5	300	0.1
145	-0.00788599006	-0.00788599006	0	0.552	0.534	-0.00788599006	-0.00788599006	1	300	A11	C1	10000	100	0	0.5	300	0
146	7.70630134999917e-05	7.70630135000061e-05	0	0.997	0.997	7.70630134999917e-05	7.70630135000061e-05	FGr	300	A11	C1	10000	100	0	0.5	300	0
147	0.000600822352499994	0.000600822352500001	0	0.958	0.96	0.000600822352499994	0.000600822352500001	NoCorrection	300	A11	C1	10000	100	0	0.5	300	0
148	-0.01100464066	-0.01100464066	0	0.397	0.377	-0.01100464066	-0.01100464066	ID	300	A11	C1	10000	100	0	0.5	300	0
149	0.0089842283115	0.0089842283115	0	0.482	0.509	0.0089842283115	0.0089842283115	1	300	A11	C1	10000	100	0	0.5	300	0.01
150	0.007356573034	0.007356573034	0	0.537	0.587	0.007356573034	0.007356573034	FGr	300	A11	C1	10000	100	0	0.5	300	0.01
151	0.00824510247	0.00824510247	0	0.505	0.53	0.00824510247	0.00824510247	NoCorrection	300	A11	C1	10000	100	0	0.5	300	0.01
152	0.0069292146448	0.00692921464479999	0	0.594	0.59	0.0069292146448	0.00692921464479999	ID	300	A11	C1	10000	100	0	0.5	300	0.01
153	0.000303839190499987	0.00030383919049999	0	0.979	0.982	0.000303839190499987	0.00030383919049999	1	300	A11	C1	10000	100	0	0.5	300	0.03
154	0.00167174258000001	0.00167174257999999	0	0.864	0.9	0.00167174258000001	0.00167174257999999	FGr	300	A11	C1	10000	100	0	0.5	300	0.03
155	0.00122796815869999	0.0012279681587	0	0.916	0.911	0.00122796815869999	0.0012279681587	NoCorrection	300	A11	C1	10000	100	0	0.5	300	0.03
156	-0.00140959654	-0.00140959653999999	0	0.906	0.92	-0.00140959654	-0.00140959653999999	ID	300	A11	C1	10000	100	0	0.5	300	0.03
157	-0.00610026565	-0.00610026565	0	0.633	0.642	-0.00610026565	-0.00610026565	1	300	A11	C1	10000	100	0	0.5	300	0.1
158	0.01681279153	0.01681279153	0	0.23	0.23	0.01681279153	0.01681279153	FGr	300	A11	C1	10000	100	0	0.5	300	0.1
159	0.021079576057	0.021079576057	0	0.137	0.169	0.021079576057	0.021079576057	NoCorrection	300	A11	C1	10000	100	0	0.5	300	0.1
160	-0.008721755545	-0.008721755545	0	0.502	0.541	-0.008721755545	-0.008721755545	ID	300	A11	C1	10000	100	0	0.5	300	0.1
161	-0.0066141384525	0.00895513699999999	0	0.598	0.687	-0.0066141384525	0.00895513699999999	1	1000	A11	C1	10000	100	0	0.5	300	0
162	-0.0062075316805	0.0111755850000001	0	0.632	0.581	-0.0062075316805	0.0111755850000001	FGr	1000	A11	C1	10000	100	0	0.5	300	0
163	-0.01471326773	-0.00740334500000001	0	0.247	0.71	-0.01471326773	-0.00740334500000001	NoCorrection	1000	A11	C1	10000	100	0	0.5	300	0
164	-0.0041809576	0.0163902925	0	0.735	0.388	-0.0041809576	0.0163902925	ID	1000	A11	C1	10000	100	0	0.5	300	0
165	-0.026165542013	-0.0497513215	0	0.07	0.018	-0.026165542013	-0.0497513215	1	1000	A11	C1	10000	100	0	0.5	300	0.01
166	-0.02924634681	-0.0583888645	0	0.051	0.009	-0.02924634681	-0.0583888645	FGr	1000	A11	C1	10000	100	0	0.5	300	0.01
167	-0.023550371435	-0.045354717	0	0.107	0.024	-0.023550371435	-0.045354717	NoCorrection	1000	A11	C1	10000	100	0	0.5	300	0.01
168	-0.028375928602	-0.0562334225	0	0.048	0.009	-0.028375928602	-0.0562334225	ID	1000	A11	C1	10000	100	0	0.5	300	0.01
169	-0.012842150127	-0.006059575	0	0.295	0.76	-0.012842150127	-0.006059575	1	1000	A11	C1	10000	100	0	0.5	300	0.03
170	-0.004757928815	0.0157131655	0	0.709	0.415	-0.004757928815	0.0157131655	FGr	1000	A11	C1	10000	100	0	0.5	300	0.03
171	-0.00271670797149999	0.0190582795	0	0.817	0.327	-0.00271670797149999	0.0190582795	NoCorrection	1000	A11	C1	10000	100	0	0.5	300	0.03
172	-0.011536170519	-0.00443099950000013	0	0.332	0.813	-0.011536170519	-0.00443099950000013	ID	1000	A11	C1	10000	100	0	0.5	300	0.03
173	0.0067978900825	-0.0278874265	0	0.602	0.2	0.0067978900825	-0.0278874265	1	1000	A11	C1	10000	100	0	0.5	300	0.1
174	0.02332048159	0.0214758255	0	0.073	0.312	0.02332048159	0.0214758255	FGr	1000	A11	C1	10000	100	0	0.5	300	0.1
175	0.04540664898	0.0675828405	0	0	0.002	0.04540664898	0.0675828405	NoCorrection	1000	A11	C1	10000	100	0	0.5	300	0.1
176	0.00891446184764	-0.0213610555	0	0.465	0.338	0.00891446184764	-0.0213610555	ID	1000	A11	C1	10000	100	0	0.5	300	0.1
177	0.009670021288	-0.0223714535	0	0.486	0.482	0.009670021288	-0.0223714535	1	10000	A11	C1	10000	100	0	0.5	300	0
178	0.011545755908	-0.0117464550000001	0	0.406	0.711	0.011545755908	-0.0117464550000001	FGr	10000	A11	C1	10000	100	0	0.5	300	0
179	0.004499385105	-0.070998739	0	0.729	0.027	0.004499385105	-0.070998739	NoCorrection	10000	A11	C1	10000	100	0	0.5	300	0
180	0.010286786358	-0.022662061	0	0.464	0.468	0.010286786358	-0.022662061	ID	10000	A11	C1	10000	100	0	0.5	300	0
181	-0.00345144364	-0.0495434805	0	0.792	0.125	-0.00345144364	-0.0495434805	1	10000	A11	C1	10000	100	0	0.5	300	0.01
182	-0.003424253265	-0.0505709585	0	0.772	0.116	-0.003424253265	-0.0505709585	FGr	10000	A11	C1	10000	100	0	0.5	300	0.01
183	-0.0084271412575	-0.075015895	0	0.478	0.018	-0.0084271412575	-0.075015895	NoCorrection	10000	A11	C1	10000	100	0	0.5	300	0.01
184	-0.004163672211	-0.052033099	0	0.737	0.11	-0.004163672211	-0.052033099	ID	10000	A11	C1	10000	100	0	0.5	300	0.01
185	-0.00625166250500001	-0.0333017695	0	0.678	0.299	-0.00625166250500001	-0.0333017695	1	10000	A11	C1	10000	100	0	0.5	300	0.03
186	-0.00610980902000002	-0.031404303	0	0.664	0.294	-0.00610980902000002	-0.031404303	FGr	10000	A11	C1	10000	100	0	0.5	300	0.03
187	0.00373741928500001	0.0380295325	0	0.793	0.212	0.00373741928500001	0.0380295325	NoCorrection	10000	A11	C1	10000	100	0	0.5	300	0.03
188	-0.00510591315000001	-0.0276127245	0	0.701	0.392	-0.00510591315000001	-0.0276127245	ID	10000	A11	C1	10000	100	0	0.5	300	0.03
189	-0.021238546122	-0.00205567949999998	0	0.107	0.948	-0.021238546122	-0.00205567949999998	1	10000	A11	C1	10000	100	0	0.5	300	0.1
190	-0.02228268655	-0.00280660300000001	0	0.092	0.935	-0.02228268655	-0.00280660300000001	FGr	10000	A11	C1	10000	100	0	0.5	300	0.1
191	0.0207441907505	0.2033319355	0	0.161	0	0.0207441907505	0.2033319355	NoCorrection	10000	A11	C1	10000	100	0	0.5	300	0.1
192	-0.02054501565765	0.00740605149999998	0	0.129	0.819	-0.02054501565765	0.00740605149999998	ID	10000	A11	C1	10000	100	0	0.5	300	0.1
193	-0.00695954343089999	-0.00695954343089999	0	0.414	0.414	-0.00695954343089999	-0.00695954343089999	1	300	A11	C1	10000	1000	0	0.5	300	0
194	-0.0107731569124	-0.0107731569124	0	0.209	0.187	-0.0107731569124	-0.0107731569124	FGr	300	A11	C1	10000	1000	0	0.5	300	0
195	-0.012640148232	-0.012640148232	0	0.136	0.117	-0.012640148232	-0.012640148232	NoCorrection	300	A11	C1	10000	1000	0	0.5	300	0
196	-0.00674469797009998	-0.0067446979701	0	0.433	0.419	-0.00674469797009998	-0.0067446979701	ID	300	A11	C1	10000	1000	0	0.5	300	0
197	-0.00879204099191504	-0.00879204099191505	0	0.321	0.33	-0.00879204099191504	-0.00879204099191505	1	300	A11	C1	10000	1000	0	0.5	300	0.01
198	0.00250950794119997	0.00250950794119996	0	0.792	0.79	0.00250950794119997	0.00250950794119996	FGr	300	A11	C1	10000	1000	0	0.5	300	0.01
199	0.00862638062149996	0.00862638062149996	0	0.34	0.388	0.00862638062149996	0.00862638062149996	NoCorrection	300	A11	C1	10000	1000	0	0.5	300	0.01
200	-0.00114003403360001	-0.00114003403360001	0	0.901	0.896	-0.00114003403360001	-0.00114003403360001	ID	300	A11	C1	10000	1000	0	0.5	300	0.01
201	0.00953698492835002	0.00953698492835	0	0.218	0.199	0.00953698492835002	0.00953698492835	1	300	A11	C1	10000	1000	0	0.5	300	0.03
202	0.00624199244000002	0.00624199244000002	0	0.397	0.428	0.00624199244000002	0.00624199244000002	FGr	300	A11	C1	10000	1000	0	0.5	300	0.03
203	0.012607493549	0.012607493549	0	0.082	0.099	0.012607493549	0.012607493549	NoCorrection	300	A11	C1	10000	1000	0	0.5	300	0.03
204	0.006598908237	0.006598908237	0	0.402	0.399	0.006598908237	0.006598908237	ID	300	A11	C1	10000	1000	0	0.5	300	0.03
205	0.00225781796724999	0.00225781796724999	0	0.795	0.779	0.00225781796724999	0.00225781796724999	1	300	A11	C1	10000	1000	0	0.5	300	0.1
206	0.0229716254675	0.0229716254675	0	0.018	0.005	0.0229716254675	0.0229716254675	FGr	300	A11	C1	10000	1000	0	0.5	300	0.1
207	0.0384212246234201	0.0384212246234201	0	0	0.001	0.0384212246234201	0.0384212246234201	NoCorrection	300	A11	C1	10000	1000	0	0.5	300	0.1
208	-0.000379000659599985	-0.000379000659599981	0	0.954	0.959	-0.000379000659599985	-0.000379000659599981	ID	300	A11	C1	10000	1000	0	0.5	300	0.1
209	0.003137467367	0.0217370751	0	0.76	0.152	0.003137467367	0.0217370751	1	1000	A11	C1	10000	1000	0	0.5	300	0
210	0.00746443132185	0.0283589804	0	0.425	0.076	0.00746443132185	0.0283589804	FGr	1000	A11	C1	10000	1000	0	0.5	300	0
211	0.006088089986	0.0281962281	0	0.523	0.06	0.006088089986	0.0281962281	NoCorrection	1000	A11	C1	10000	1000	0	0.5	300	0
212	0.0039848716457	0.0243405881	0	0.665	0.127	0.0039848716457	0.0243405881	ID	1000	A11	C1	10000	1000	0	0.5	300	0
213	-0.00743139864099997	-0.0212138180500001	0	0.377	0.103	-0.00743139864099997	-0.0212138180500001	1	1000	A11	C1	10000	1000	0	0.5	300	0.01
214	-0.00931471862250004	-0.0274180963499999	0	0.268	0.059	-0.00931471862250004	-0.0274180963499999	FGr	1000	A11	C1	10000	1000	0	0.5	300	0.01
215	0.000817738359999917	0.00255061835000001	0	0.928	0.854	0.000817738359999917	0.00255061835000001	NoCorrection	1000	A11	C1	10000	1000	0	0.5	300	0.01
216	-0.0086667543965	-0.0260148583000001	0	0.289	0.067	-0.0086667543965	-0.0260148583000001	ID	1000	A11	C1	10000	1000	0	0.5	300	0.01
217	-0.02214855334935	-0.000108197350000011	0	0.029	0.991	-0.02214855334935	-0.000108197350000011	1	1000	A11	C1	10000	1000	0	0.5	300	0.03
218	-0.0143205778675	0.01641681135	0	0.195	0.255	-0.0143205778675	0.01641681135	FGr	1000	A11	C1	10000	1000	0	0.5	300	0.03
219	-0.010973657143	0.02333449305	0	0.291	0.092	-0.010973657143	0.02333449305	NoCorrection	1000	A11	C1	10000	1000	0	0.5	300	0.03
220	-0.02342264648585	-0.00143402509999999	0	0.028	0.909	-0.02342264648585	-0.00143402509999999	ID	1000	A11	C1	10000	1000	0	0.5	300	0.03
221	0.0030666788135	0.0273472749999999	0	0.782	0.037	0.0030666788135	0.0273472749999999	1	1000	A11	C1	10000	1000	0	0.5	300	0.1
222	0.02186683896575	0.07360977635	0	0.048	0	0.02186683896575	0.07360977635	FGr	1000	A11	C1	10000	1000	0	0.5	300	0.1
223	0.056378644748885	0.14838724265	0	0	0	0.056378644748885	0.14838724265	NoCorrection	1000	A11	C1	10000	1000	0	0.5	300	0.1
224	0.00756238742485001	0.03945667265	0	0.477	0.004	0.00756238742485001	0.03945667265	ID	1000	A11	C1	10000	1000	0	0.5	300	0.1
225	-0.01060816795	0.0292582971	0	0.272	0.221	-0.01060816795	0.0292582971	1	10000	A11	C1	10000	1000	0	0.5	300	0
226	-0.00897510327750001	0.0372691398	0	0.372	0.126	-0.00897510327750001	0.0372691398	FGr	10000	A11	C1	10000	1000	0	0.5	300	0
227	-0.00645282052530001	0.0528097269000001	0	0.521	0.016	-0.00645282052530001	0.0528097269000001	NoCorrection	10000	A11	C1	10000	1000	0	0.5	300	0
228	-0.0113406670549	0.0237612018	0	0.248	0.318	-0.0113406670549	0.0237612018	ID	10000	A11	C1	10000	1000	0	0.5	300	0
229	-0.00270375405865001	0.00755875025000001	0	0.757	0.731	-0.00270375405865001	0.00755875025000001	1	10000	A11	C1	10000	1000	0	0.5	300	0.01
230	-0.0034402516159	0.00255133185000005	0	0.696	0.926	-0.0034402516159	0.00255133185000005	FGr	10000	A11	C1	10000	1000	0	0.5	300	0.01
231	0.01591217757695	0.1442730343	0	0.053	0	0.01591217757695	0.1442730343	NoCorrection	10000	A11	C1	10000	1000	0	0.5	300	0.01
232	-0.00416464891985001	-0.000806052149999987	0	0.626	0.965	-0.00416464891985001	-0.000806052149999987	ID	10000	A11	C1	10000	1000	0	0.5	300	0.01
233	-0.00603778909809999	0.0097371280000001	0	0.468	0.692	-0.00603778909809999	0.0097371280000001	1	10000	A11	C1	10000	1000	0	0.5	300	0.03
234	-0.00713900315774999	0.00479975010000009	0	0.433	0.829	-0.00713900315774999	0.00479975010000009	FGr	10000	A11	C1	10000	1000	0	0.5	300	0.03
235	0.00741429813195	0.0786404819000001	0	0.391	0.002	0.00741429813195	0.0786404819000001	NoCorrection	10000	A11	C1	10000	1000	0	0.5	300	0.03
236	-0.0064804101189	0.0091949333499998	0	0.477	0.718	-0.0064804101189	0.0091949333499998	ID	10000	A11	C1	10000	1000	0	0.5	300	0.03
237	0.0073204595411	0.00749904765000002	0	0.368	0.709	0.0073204595411	0.00749904765000002	1	10000	A11	C1	10000	1000	0	0.5	300	0.1
238	0.00919101384600001	0.0193341534999999	0	0.27	0.363	0.00919101384600001	0.0193341534999999	FGr	10000	A11	C1	10000	1000	0	0.5	300	0.1
239	0.03931770391385	0.19305097625	0	0	0	0.03931770391385	0.19305097625	NoCorrection	10000	A11	C1	10000	1000	0	0.5	300	0.1
240	0.007590049245	0.00794165620000001	0	0.378	0.696	0.007590049245	0.00794165620000001	ID	10000	A11	C1	10000	1000	0	0.5	300	0.1
241	-0.00755944681458993	-0.00755944681458994	0	0.43	0.4	-0.00755944681458993	-0.00755944681458994	1	300	A11	C1	10000	10000	0	0.5	300	0
242	-0.01273052995549	-0.01273052995549	0	0.157	0.151	-0.01273052995549	-0.01273052995549	FGr	300	A11	C1	10000	10000	0	0.5	300	0
243	-0.0114245600529901	-0.0114245600529901	0	0.195	0.206	-0.0114245600529901	-0.0114245600529901	NoCorrection	300	A11	C1	10000	10000	0	0.5	300	0
244	-0.011745448886855	-0.011745448886855	0	0.214	0.196	-0.011745448886855	-0.011745448886855	ID	300	A11	C1	10000	10000	0	0.5	300	0
245	0.00350479057815	0.00350479057815	0	0.719	0.693	0.00350479057815	0.00350479057815	1	300	A11	C1	10000	10000	0	0.5	300	0.01
246	0.019746125614	0.019746125614	0	0.025	0.026	0.019746125614	0.019746125614	FGr	300	A11	C1	10000	10000	0	0.5	300	0.01
247	0.0214556405116875	0.0214556405116875	0	0.026	0.019	0.0214556405116875	0.0214556405116875	NoCorrection	300	A11	C1	10000	10000	0	0.5	300	0.01
248	0.00986158019213	0.00986158019213	0	0.305	0.299	0.00986158019213	0.00986158019213	ID	300	A11	C1	10000	10000	0	0.5	300	0.01
249	-0.004716043963625	-0.004716043963625	0	0.541	0.553	-0.004716043963625	-0.004716043963625	1	300	A11	C1	10000	10000	0	0.5	300	0.03
250	0.00386465058488999	0.00386465058488999	0	0.62	0.65	0.00386465058488999	0.00386465058488999	FGr	300	A11	C1	10000	10000	0	0.5	300	0.03
251	0.0154400350190599	0.0154400350190599	0	0.059	0.063	0.0154400350190599	0.0154400350190599	NoCorrection	300	A11	C1	10000	10000	0	0.5	300	0.03
252	-0.00507516661762001	-0.00507516661762001	0	0.527	0.526	-0.00507516661762001	-0.00507516661762001	ID	300	A11	C1	10000	10000	0	0.5	300	0.03
253	0.00433773358500002	0.00433773358500001	0	0.655	0.596	0.00433773358500002	0.00433773358500001	1	300	A11	C1	10000	10000	0	0.5	300	0.1
254	0.019124183206915	0.019124183206915	0	0.033	0.032	0.019124183206915	0.019124183206915	FGr	300	A11	C1	10000	10000	0	0.5	300	0.1
255	0.03172734194374	0.03172734194374	0	0.001	0	0.03172734194374	0.03172734194374	NoCorrection	300	A11	C1	10000	10000	0	0.5	300	0.1
256	-0.00265279903929998	-0.00265279903929998	0	0.749	0.778	-0.00265279903929998	-0.00265279903929998	ID	300	A11	C1	10000	10000	0	0.5	300	0.1
257	-0.0212849838700001	-0.0134214247550001	0	0.023	0.342	-0.0212849838700001	-0.0134214247550001	1	1000	A11	C1	10000	10000	0	0.5	300	0
258	-0.016006122387325	-0.00262284079499998	0	0.085	0.834	-0.016006122387325	-0.00262284079499998	FGr	1000	A11	C1	10000	10000	0	0.5	300	0
259	-0.01807946330005	-0.00620382383999999	0	0.039	0.65	-0.01807946330005	-0.00620382383999999	NoCorrection	1000	A11	C1	10000	10000	0	0.5	300	0
260	-0.02212552510532	-0.0151607937999999	0	0.013	0.266	-0.02212552510532	-0.0151607937999999	ID	1000	A11	C1	10000	10000	0	0.5	300	0
261	0.00615478819955701	0.014955193845	0	0.469	0.287	0.00615478819955701	0.014955193845	1	1000	A11	C1	10000	10000	0	0.5	300	0.01
262	0.0105909494992	0.0275393336	0	0.259	0.04	0.0105909494992	0.0275393336	FGr	1000	A11	C1	10000	10000	0	0.5	300	0.01
263	0.01172559952686	0.03118846086	0	0.175	0.024	0.01172559952686	0.03118846086	NoCorrection	1000	A11	C1	10000	10000	0	0.5	300	0.01
264	0.0063834133193	0.01555148623	0	0.49	0.249	0.0063834133193	0.01555148623	ID	1000	A11	C1	10000	10000	0	0.5	300	0.01
265	0.00531573645045001	0.0193965339799996	0	0.565	0.149	0.00531573645045001	0.0193965339799996	1	1000	A11	C1	10000	10000	0	0.5	300	0.03
266	0.0203772421344953	0.0585431638049996	0	0.022	0	0.0203772421344953	0.0585431638049996	FGr	1000	A11	C1	10000	10000	0	0.5	300	0.03
267	0.03325450321985	0.0928551880749995	0	0.002	0	0.03325450321985	0.0928551880749995	NoCorrection	1000	A11	C1	10000	10000	0	0.5	300	0.03
268	0.0064441050143299	0.0212887161750003	0	0.457	0.101	0.0064441050143299	0.0212887161750003	ID	1000	A11	C1	10000	10000	0	0.5	300	0.03
269	-0.00268343644765001	-0.00782584353500004	0	0.785	0.564	-0.00268343644765001	-0.00782584353500004	1	1000	A11	C1	10000	10000	0	0.5	300	0.1
270	0.00864811889146991	0.022528738825	0	0.415	0.107	0.00864811889146991	0.022528738825	FGr	1000	A11	C1	10000	10000	0	0.5	300	0.1
271	0.0417714157719	0.084047595575	0	0	0	0.0417714157719	0.084047595575	NoCorrection	1000	A11	C1	10000	10000	0	0.5	300	0.1
272	-0.00407686014200002	-0.0098547804350001	0	0.674	0.457	-0.00407686014200002	-0.0098547804350001	ID	1000	A11	C1	10000	10000	0	0.5	300	0.1
273	-0.00777778777364987	0.00752442744500013	0	0.307	0.709	-0.00777778777364987	0.00752442744500013	1	10000	A11	C1	10000	10000	0	0.5	300	0
274	-0.0068399663370271	0.0155415656049999	0	0.391	0.425	-0.0068399663370271	0.0155415656049999	FGr	10000	A11	C1	10000	10000	0	0.5	300	0
275	-0.00549332099794994	0.025910826395	0	0.451	0.221	-0.00549332099794994	0.025910826395	NoCorrection	10000	A11	C1	10000	10000	0	0.5	300	0
276	-0.00698804282181526	0.0154011305799999	0	0.374	0.442	-0.00698804282181526	0.0154011305799999	ID	10000	A11	C1	10000	10000	0	0.5	300	0
277	0.00604676396220006	-0.0209494482100002	0	0.465	0.334	0.00604676396220006	-0.0209494482100002	1	10000	A11	C1	10000	10000	0	0.5	300	0.01
278	0.00584941577996	-0.02067687011	0	0.459	0.319	0.00584941577996	-0.02067687011	FGr	10000	A11	C1	10000	10000	0	0.5	300	0.01
279	-0.00051717123825002	-0.0472479897700002	0	0.949	0.027	-0.00051717123825002	-0.0472479897700002	NoCorrection	10000	A11	C1	10000	10000	0	0.5	300	0.01
280	0.00528920652149999	-0.0223579493100001	0	0.516	0.291	0.00528920652149999	-0.0223579493100001	ID	10000	A11	C1	10000	10000	0	0.5	300	0.01
281	0.000817726579789905	0.016964372745	0	0.909	0.449	0.000817726579789905	0.016964372745	1	10000	A11	C1	10000	10000	0	0.5	300	0.03
282	0.00202962330369504	0.020196122665	0	0.8	0.303	0.00202962330369504	0.020196122665	FGr	10000	A11	C1	10000	10000	0	0.5	300	0.03
283	0.0107169427097699	0.08131118133	0	0.163	0	0.0107169427097699	0.08131118133	NoCorrection	10000	A11	C1	10000	10000	0	0.5	300	0.03
284	0.00160197815640012	0.0189166438	0	0.839	0.373	0.00160197815640012	0.0189166438	ID	10000	A11	C1	10000	10000	0	0.5	300	0.03
285	-0.0100992964382499	-0.014496368685	0	0.257	0.504	-0.0100992964382499	-0.014496368685	1	10000	A11	C1	10000	10000	0	0.5	300	0.1
286	-0.0117130006611702	-0.02376758635	0	0.168	0.26	-0.0117130006611702	-0.02376758635	FGr	10000	A11	C1	10000	10000	0	0.5	300	0.1
287	0.01571083212795	0.139391633125	0	0.079	0	0.01571083212795	0.139391633125	NoCorrection	10000	A11	C1	10000	10000	0	0.5	300	0.1
288	-0.0111607567420301	-0.01937610981	0	0.202	0.334	-0.0111607567420301	-0.01937610981	ID	10000	A11	C1	10000	10000	0	0.5	300	0.1
289	0.039133077905	0.039133077905	0	0.347	0.352	0.039133077905	0.039133077905	1	300	A11	C2	1000	100	0	0.5	300	0
290	0.037901725602	0.037901725602	0	0.375	0.349	0.037901725602	0.037901725602	FGr	300	A11	C2	1000	100	0	0.5	300	0
291	0.03886691862	0.03886691862	0	0.348	0.361	0.03886691862	0.03886691862	NoCorrection	300	A11	C2	1000	100	0	0.5	300	0
292	0.039947919805	0.039947919805	0	0.364	0.323	0.039947919805	0.039947919805	ID	300	A11	C2	1000	100	0	0.5	300	0
293	-0.0269478148	-0.0269478148	0	0.515	0.532	-0.0269478148	-0.0269478148	1	300	A11	C2	1000	100	0	0.5	300	0.01
294	-0.027014344865	-0.027014344865	0	0.507	0.443	-0.027014344865	-0.027014344865	FGr	300	A11	C2	1000	100	0	0.5	300	0.01
295	-0.0276988268114999	-0.0276988268115	0	0.49	0.5	-0.0276988268114999	-0.0276988268115	NoCorrection	300	A11	C2	1000	100	0	0.5	300	0.01
296	-0.025051686225	-0.025051686225	0	0.519	0.526	-0.025051686225	-0.025051686225	ID	300	A11	C2	1000	100	0	0.5	300	0.01
297	-0.0383113395294	-0.0383113395294	0	0.255	0.238	-0.0383113395294	-0.0383113395294	1	300	A11	C2	1000	100	0	0.5	300	0.03
298	-0.038142043375	-0.0381420433749999	0	0.243	0.234	-0.038142043375	-0.0381420433749999	FGr	300	A11	C2	1000	100	0	0.5	300	0.03
299	-0.037263990995	-0.037263990995	0	0.236	0.243	-0.037263990995	-0.037263990995	NoCorrection	300	A11	C2	1000	100	0	0.5	300	0.03
300	-0.039329441695	-0.039329441695	0	0.211	0.203	-0.039329441695	-0.039329441695	ID	300	A11	C2	1000	100	0	0.5	300	0.03
301	0.08992544616	0.08992544616	0	0.033	0.042	0.08992544616	0.08992544616	1	300	A11	C2	1000	100	0	0.5	300	0.1
302	0.08991703386	0.08991703386	0	0.033	0.026	0.08991703386	0.08991703386	FGr	300	A11	C2	1000	100	0	0.5	300	0.1
303	0.090106273985	0.090106273985	0	0.025	0.037	0.090106273985	0.090106273985	NoCorrection	300	A11	C2	1000	100	0	0.5	300	0.1
304	0.090950432005	0.090950432005	0	0.029	0.022	0.090950432005	0.090950432005	ID	300	A11	C2	1000	100	0	0.5	300	0.1
305	0.00236015589999998	0.00215190499999998	0	0.945	0.967	0.00236015589999998	0.00215190499999998	1	1000	A11	C2	1000	100	0	0.5	300	0
306	-0.003307887065	-0.0127062775	0	0.937	0.817	-0.003307887065	-0.0127062775	FGr	1000	A11	C2	1000	100	0	0.5	300	0
307	-0.00309340778999999	-0.0162024665	0	0.92	0.792	-0.00309340778999999	-0.0162024665	NoCorrection	1000	A11	C2	1000	100	0	0.5	300	0
308	0.00156032566999998	0.00331330999999997	0	0.968	0.955	0.00156032566999998	0.00331330999999997	ID	1000	A11	C2	1000	100	0	0.5	300	0
309	0.0027596137255	0.0363438005	0	0.945	0.542	0.0027596137255	0.0363438005	1	1000	A11	C2	1000	100	0	0.5	300	0.01
310	0.00526034631	0.043059908	0	0.884	0.46	0.00526034631	0.043059908	FGr	1000	A11	C2	1000	100	0	0.5	300	0.01
311	0.00327822245650001	0.041090225	0	0.933	0.483	0.00327822245650001	0.041090225	NoCorrection	1000	A11	C2	1000	100	0	0.5	300	0.01
312	0.001864432663	0.0362086765	0	0.95	0.571	0.001864432663	0.0362086765	ID	1000	A11	C2	1000	100	0	0.5	300	0.01
313	-0.00655595707999999	0.0276443550000001	0	0.877	0.607	-0.00655595707999999	0.0276443550000001	1	1000	A11	C2	1000	100	0	0.5	300	0.03
314	0.024607372375	0.0526951915	0	0.524	0.387	0.024607372375	0.0526951915	FGr	1000	A11	C2	1000	100	0	0.5	300	0.03
315	0.019595910765	0.0622915845000001	0	0.627	0.305	0.019595910765	0.0622915845000001	NoCorrection	1000	A11	C2	1000	100	0	0.5	300	0.03
316	0.00652890334500006	0.050199217	0	0.857	0.371	0.00652890334500006	0.050199217	ID	1000	A11	C2	1000	100	0	0.5	300	0.03
317	0.03452268107	0.0650163835	0	0.309	0.249	0.03452268107	0.0650163835	1	1000	A11	C2	1000	100	0	0.5	300	0.1
318	0.03966400088	0.091962855	0	0.247	0.101	0.03966400088	0.091962855	FGr	1000	A11	C2	1000	100	0	0.5	300	0.1
319	0.04436239821	0.096843442	0	0.195	0.101	0.04436239821	0.096843442	NoCorrection	1000	A11	C2	1000	100	0	0.5	300	0.1
320	0.03716508749	0.068072085	0	0.272	0.25	0.03716508749	0.068072085	ID	1000	A11	C2	1000	100	0	0.5	300	0.1
321	-0.059400349229	0.058993835	0	0.06	0.502	-0.059400349229	0.058993835	1	10000	A11	C2	1000	100	0	0.5	300	0
322	-0.0583237055515	0.0895071925000001	0	0.072	0.308	-0.0583237055515	0.0895071925000001	FGr	10000	A11	C2	1000	100	0	0.5	300	0
323	-0.05796983877	0.0732372659999999	0	0.092	0.386	-0.05796983877	0.0732372659999999	NoCorrection	10000	A11	C2	1000	100	0	0.5	300	0
324	-0.059381239665	0.06072444	0	0.067	0.462	-0.059381239665	0.06072444	ID	10000	A11	C2	1000	100	0	0.5	300	0
325	-0.01895618885	-0.081292964	0	0.59	0.332	-0.01895618885	-0.081292964	1	10000	A11	C2	1000	100	0	0.5	300	0.01
326	-0.01941055375	-0.0776870055	0	0.568	0.355	-0.01941055375	-0.0776870055	FGr	10000	A11	C2	1000	100	0	0.5	300	0.01
327	-0.01873700695	-0.0679499175	0	0.572	0.433	-0.01873700695	-0.0679499175	NoCorrection	10000	A11	C2	1000	100	0	0.5	300	0.01
328	-0.01890672245	-0.081660531	0	0.58	0.341	-0.01890672245	-0.081660531	ID	10000	A11	C2	1000	100	0	0.5	300	0.01
329	0.0198362992765	0.0420892405	0	0.486	0.627	0.0198362992765	0.0420892405	1	10000	A11	C2	1000	100	0	0.5	300	0.03
330	0.020194445555	0.0454267664999999	0	0.553	0.586	0.020194445555	0.0454267664999999	FGr	10000	A11	C2	1000	100	0	0.5	300	0.03
331	0.0209243956450001	0.040458225	0	0.528	0.641	0.0209243956450001	0.040458225	NoCorrection	10000	A11	C2	1000	100	0	0.5	300	0.03
332	0.0199822514575	0.045507347	0	0.532	0.577	0.0199822514575	0.045507347	ID	10000	A11	C2	1000	100	0	0.5	300	0.03
333	0.0467473258	0.020591424	0	0.217	0.841	0.0467473258	0.020591424	1	10000	A11	C2	1000	100	0	0.5	300	0.1
334	0.047742498198	0.0805908460000001	0	0.207	0.368	0.047742498198	0.0805908460000001	FGr	10000	A11	C2	1000	100	0	0.5	300	0.1
335	0.048387092649	0.0450720520000001	0	0.227	0.608	0.048387092649	0.0450720520000001	NoCorrection	10000	A11	C2	1000	100	0	0.5	300	0.1
336	0.04640650902	0.0187532479999999	0	0.249	0.812	0.04640650902	0.0187532479999999	ID	10000	A11	C2	1000	100	0	0.5	300	0.1
337	0.0278653416679999	0.0278653416679999	0	0.208	0.202	0.0278653416679999	0.0278653416679999	1	300	A11	C2	1000	1000	0	0.5	300	0
338	0.0281214168025001	0.0281214168025	0	0.188	0.181	0.0281214168025001	0.0281214168025	FGr	300	A11	C2	1000	1000	0	0.5	300	0
339	0.0277158005380001	0.027715800538	0	0.204	0.194	0.0277158005380001	0.027715800538	NoCorrection	300	A11	C2	1000	1000	0	0.5	300	0
340	0.0299646314344999	0.0299646314344999	0	0.176	0.173	0.0299646314344999	0.0299646314344999	ID	300	A11	C2	1000	1000	0	0.5	300	0
341	0.00697460768700002	0.006974607687	0	0.762	0.788	0.00697460768700002	0.006974607687	1	300	A11	C2	1000	1000	0	0.5	300	0.01
342	0.00709946667900001	0.00709946667899999	0	0.761	0.753	0.00709946667900001	0.00709946667899999	FGr	300	A11	C2	1000	1000	0	0.5	300	0.01
343	0.00729077155250001	0.0072907715525	0	0.74	0.757	0.00729077155250001	0.0072907715525	NoCorrection	300	A11	C2	1000	1000	0	0.5	300	0.01
344	0.004212291578	0.00421229157799999	0	0.866	0.869	0.004212291578	0.00421229157799999	ID	300	A11	C2	1000	1000	0	0.5	300	0.01
345	0.048624121253	0.048624121253	0	0.017	0.022	0.048624121253	0.048624121253	1	300	A11	C2	1000	1000	0	0.5	300	0.03
346	0.0485701259255	0.0485701259255	0	0.017	0.014	0.0485701259255	0.0485701259255	FGr	300	A11	C2	1000	1000	0	0.5	300	0.03
347	0.0481467261665	0.0481467261665	0	0.012	0.018	0.0481467261665	0.0481467261665	NoCorrection	300	A11	C2	1000	1000	0	0.5	300	0.03
348	0.048434035252	0.048434035252	0	0.016	0.017	0.048434035252	0.048434035252	ID	300	A11	C2	1000	1000	0	0.5	300	0.03
349	0.00356808214599992	0.00356808214600002	0	0.878	0.861	0.00356808214599992	0.00356808214600002	1	300	A11	C2	1000	1000	0	0.5	300	0.1
350	0.00317859480784988	0.00317859480784982	0	0.886	0.887	0.00317859480784988	0.00317859480784982	FGr	300	A11	C2	1000	1000	0	0.5	300	0.1
351	0.00328791664999997	0.00328791665	0	0.869	0.89	0.00328791664999997	0.00328791665	NoCorrection	300	A11	C2	1000	1000	0	0.5	300	0.1
352	0.00696163559832999	0.00696163559833002	0	0.771	0.751	0.00696163559832999	0.00696163559833002	ID	300	A11	C2	1000	1000	0	0.5	300	0.1
353	-0.0348033965799999	-0.0381643464499999	0	0.101	0.3	-0.0348033965799999	-0.0381643464499999	1	1000	A11	C2	1000	1000	0	0.5	300	0
354	-0.0314610341539999	-0.0309712748	0	0.179	0.414	-0.0314610341539999	-0.0309712748	FGr	1000	A11	C2	1000	1000	0	0.5	300	0
355	-0.0333174476419999	-0.0299031592999997	0	0.14	0.414	-0.0333174476419999	-0.0299031592999997	NoCorrection	1000	A11	C2	1000	1000	0	0.5	300	0
356	-0.0334538972325	-0.02782949915	0	0.135	0.439	-0.0334538972325	-0.02782949915	ID	1000	A11	C2	1000	1000	0	0.5	300	0
357	-0.0256726914874002	-0.00562584250000019	0	0.251	0.862	-0.0256726914874002	-0.00562584250000019	1	1000	A11	C2	1000	1000	0	0.5	300	0.01
358	-0.023768719561	0.00257307179999994	0	0.277	0.947	-0.023768719561	0.00257307179999994	FGr	1000	A11	C2	1000	1000	0	0.5	300	0.01
359	-0.0249454381673	0.00316950624999983	0	0.256	0.932	-0.0249454381673	0.00316950624999983	NoCorrection	1000	A11	C2	1000	1000	0	0.5	300	0.01
360	-0.0259532333955	-0.0136786041499999	0	0.239	0.706	-0.0259532333955	-0.0136786041499999	ID	1000	A11	C2	1000	1000	0	0.5	300	0.01
361	0.0197792668670002	0.023081064	0	0.376	0.529	0.0197792668670002	0.023081064	1	1000	A11	C2	1000	1000	0	0.5	300	0.03
362	0.0205244920959999	0.02255836035	0	0.342	0.509	0.0205244920959999	0.02255836035	FGr	1000	A11	C2	1000	1000	0	0.5	300	0.03
363	0.0197185896439999	0.0230132581	0	0.381	0.537	0.0197185896439999	0.0230132581	NoCorrection	1000	A11	C2	1000	1000	0	0.5	300	0.03
364	0.020183881871	0.0178945169	0	0.359	0.651	0.020183881871	0.0178945169	ID	1000	A11	C2	1000	1000	0	0.5	300	0.03
365	-0.016775175528	-0.044921457	0	0.446	0.186	-0.016775175528	-0.044921457	1	1000	A11	C2	1000	1000	0	0.5	300	0.1
366	-0.0186224013787	-0.0451748227	0	0.422	0.17	-0.0186224013787	-0.0451748227	FGr	1000	A11	C2	1000	1000	0	0.5	300	0.1
367	-0.015359259828	-0.0414594531	0	0.482	0.211	-0.015359259828	-0.0414594531	NoCorrection	1000	A11	C2	1000	1000	0	0.5	300	0.1
368	-0.016066990516	-0.04495978245	0	0.506	0.191	-0.016066990516	-0.04495978245	ID	1000	A11	C2	1000	1000	0	0.5	300	0.1
369	-0.017491654805	0.03705893295	0	0.448	0.506	-0.017491654805	0.03705893295	1	10000	A11	C2	1000	1000	0	0.5	300	0
370	-0.01800311787	0.0402981428500001	0	0.397	0.456	-0.01800311787	0.0402981428500001	FGr	10000	A11	C2	1000	1000	0	0.5	300	0
371	-0.0179262482915	0.0389247923000001	0	0.401	0.439	-0.0179262482915	0.0389247923000001	NoCorrection	10000	A11	C2	1000	1000	0	0.5	300	0
372	-0.017219990469	0.0409371655999999	0	0.435	0.444	-0.017219990469	0.0409371655999999	ID	10000	A11	C2	1000	1000	0	0.5	300	0
373	0.01282295621535	-0.0529204601500001	0	0.571	0.31	0.01282295621535	-0.0529204601500001	1	10000	A11	C2	1000	1000	0	0.5	300	0.01
374	0.013121717208	-0.0435619955000002	0	0.532	0.458	0.013121717208	-0.0435619955000002	FGr	10000	A11	C2	1000	1000	0	0.5	300	0.01
375	0.0132628513374503	-0.0167466337999997	0	0.522	0.783	0.0132628513374503	-0.0167466337999997	NoCorrection	10000	A11	C2	1000	1000	0	0.5	300	0.01
376	0.0127942961104499	-0.0540826021	0	0.545	0.327	0.0127942961104499	-0.0540826021	ID	10000	A11	C2	1000	1000	0	0.5	300	0.01
377	-0.0279323131720001	-0.01784805555	0	0.2	0.728	-0.0279323131720001	-0.01784805555	1	10000	A11	C2	1000	1000	0	0.5	300	0.03
378	-0.0271884398640001	-0.0250439944	0	0.23	0.654	-0.0271884398640001	-0.0250439944	FGr	10000	A11	C2	1000	1000	0	0.5	300	0.03
379	-0.026954539448	-0.0218244507999999	0	0.224	0.707	-0.026954539448	-0.0218244507999999	NoCorrection	10000	A11	C2	1000	1000	0	0.5	300	0.03
380	-0.0279791467969999	-0.0245056869500001	0	0.209	0.646	-0.0279791467969999	-0.0245056869500001	ID	10000	A11	C2	1000	1000	0	0.5	300	0.03
381	-0.0164970726349999	-0.0811437105999996	0	0.447	0.109	-0.0164970726349999	-0.0811437105999996	1	10000	A11	C2	1000	1000	0	0.5	300	0.1
382	-0.0162490508309999	-0.0700177097500001	0	0.448	0.179	-0.0162490508309999	-0.0700177097500001	FGr	10000	A11	C2	1000	1000	0	0.5	300	0.1
383	-0.015921544643	-0.0756291700999997	0	0.467	0.154	-0.015921544643	-0.0756291700999997	NoCorrection	10000	A11	C2	1000	1000	0	0.5	300	0.1
384	-0.016709341844	-0.0785602273000001	0	0.442	0.122	-0.016709341844	-0.0785602273000001	ID	10000	A11	C2	1000	1000	0	0.5	300	0.1
385	0.01561340705885	0.0156134070588499	0	0.551	0.523	0.01561340705885	0.0156134070588499	1	300	A11	C2	1000	10000	0	0.5	300	0
386	0.0189831535959001	0.0189831535959001	0	0.468	0.456	0.0189831535959001	0.0189831535959001	FGr	300	A11	C2	1000	10000	0	0.5	300	0
387	0.01744196772932	0.01744196772932	0	0.476	0.509	0.01744196772932	0.01744196772932	NoCorrection	300	A11	C2	1000	10000	0	0.5	300	0
388	0.0164310908686	0.0164310908686	0	0.496	0.518	0.0164310908686	0.0164310908686	ID	300	A11	C2	1000	10000	0	0.5	300	0
389	-0.0058707231541502	-0.00587072315415018	0	0.79	0.793	-0.0058707231541502	-0.00587072315415018	1	300	A11	C2	1000	10000	0	0.5	300	0.01
390	-0.00621466961252008	-0.00621466961252005	0	0.797	0.776	-0.00621466961252008	-0.00621466961252005	FGr	300	A11	C2	1000	10000	0	0.5	300	0.01
391	-0.00783464318070013	-0.00783464318070014	0	0.709	0.699	-0.00783464318070013	-0.00783464318070014	NoCorrection	300	A11	C2	1000	10000	0	0.5	300	0.01
392	-0.00701837569145012	-0.00701837569145011	0	0.759	0.717	-0.00701837569145012	-0.00701837569145011	ID	300	A11	C2	1000	10000	0	0.5	300	0.01
393	-0.008164714139285	-0.00816471413928498	0	0.61	0.612	-0.008164714139285	-0.00816471413928498	1	300	A11	C2	1000	10000	0	0.5	300	0.03
394	-0.00748275913229995	-0.00748275913229996	0	0.633	0.666	-0.00748275913229995	-0.00748275913229996	FGr	300	A11	C2	1000	10000	0	0.5	300	0.03
395	-0.00816842728839102	-0.00816842728839103	0	0.604	0.61	-0.00816842728839102	-0.00816842728839103	NoCorrection	300	A11	C2	1000	10000	0	0.5	300	0.03
396	-0.00853525349452996	-0.00853525349452992	0	0.632	0.615	-0.00853525349452996	-0.00853525349452992	ID	300	A11	C2	1000	10000	0	0.5	300	0.03
397	-0.00645584940454996	-0.00645584940455002	0	0.783	0.767	-0.00645584940454996	-0.00645584940455002	1	300	A11	C2	1000	10000	0	0.5	300	0.1
398	-0.0084323988115748	-0.0084323988115748	0	0.699	0.683	-0.0084323988115748	-0.0084323988115748	FGr	300	A11	C2	1000	10000	0	0.5	300	0.1
399	-0.00783698260279942	-0.00783698260279941	0	0.734	0.712	-0.00783698260279942	-0.00783698260279941	NoCorrection	300	A11	C2	1000	10000	0	0.5	300	0.1
400	-0.00681746290955018	-0.00681746290955013	0	0.752	0.75	-0.00681746290955018	-0.00681746290955013	ID	300	A11	C2	1000	10000	0	0.5	300	0.1
401	0.00982893612643967	0.0156899422250001	0	0.605	0.651	0.00982893612643967	0.0156899422250001	1	1000	A11	C2	1000	10000	0	0.5	300	0
402	0.00905972906379512	0.0119532100600002	0	0.64	0.702	0.00905972906379512	0.0119532100600002	FGr	1000	A11	C2	1000	10000	0	0.5	300	0
403	0.00911353646940024	0.0193725636649999	0	0.649	0.554	0.00911353646940024	0.0193725636649999	NoCorrection	1000	A11	C2	1000	10000	0	0.5	300	0
404	0.00963967432685003	0.0152337846199999	0	0.659	0.626	0.00963967432685003	0.0152337846199999	ID	1000	A11	C2	1000	10000	0	0.5	300	0
405	0.00923455205589	0.0106905251150005	0	0.631	0.723	0.00923455205589	0.0106905251150005	1	1000	A11	C2	1000	10000	0	0.5	300	0.01
406	0.0113019306248201	0.0101680081899994	0	0.558	0.731	0.0113019306248201	0.0101680081899994	FGr	1000	A11	C2	1000	10000	0	0.5	300	0.01
407	0.0113192499291301	0.00983089247500126	0	0.558	0.737	0.0113192499291301	0.00983089247500126	NoCorrection	1000	A11	C2	1000	10000	0	0.5	300	0.01
408	0.00915206690033997	0.0138655686700017	0	0.659	0.678	0.00915206690033997	0.0138655686700017	ID	1000	A11	C2	1000	10000	0	0.5	300	0.01
409	0.0314592533344996	0.00395240439500016	0	0.14	0.919	0.0314592533344996	0.00395240439500016	1	1000	A11	C2	1000	10000	0	0.5	300	0.03
410	0.0312239857509593	0.00438287914500031	0	0.134	0.888	0.0312239857509593	0.00438287914500031	FGr	1000	A11	C2	1000	10000	0	0.5	300	0.03
411	0.0312203306589994	0.00449148061499972	0	0.115	0.888	0.0312203306589994	0.00449148061499972	NoCorrection	1000	A11	C2	1000	10000	0	0.5	300	0.03
412	0.0307895554029496	0.000207214619999622	0	0.133	0.998	0.0307895554029496	0.000207214619999622	ID	1000	A11	C2	1000	10000	0	0.5	300	0.03
413	0.01542560120635	-0.00798929373999973	0	0.437	0.807	0.01542560120635	-0.00798929373999973	1	1000	A11	C2	1000	10000	0	0.5	300	0.1
414	0.0137104522651	-0.00844423903500005	0	0.474	0.755	0.0137104522651	-0.00844423903500005	FGr	1000	A11	C2	1000	10000	0	0.5	300	0.1
415	0.0137602077932	-0.0084932655199999	0	0.483	0.802	0.0137602077932	-0.0084932655199999	NoCorrection	1000	A11	C2	1000	10000	0	0.5	300	0.1
416	0.016787666142	-0.01374599101	0	0.408	0.669	0.016787666142	-0.01374599101	ID	1000	A11	C2	1000	10000	0	0.5	300	0.1
417	-0.0387902695447995	0.0340732420149984	0	0.044	0.47	-0.0387902695447995	0.0340732420149984	1	10000	A11	C2	1000	10000	0	0.5	300	0
418	-0.0408540556668998	0.0253216997000005	0	0.034	0.61	-0.0408540556668998	0.0253216997000005	FGr	10000	A11	C2	1000	10000	0	0.5	300	0
419	-0.0408081096218493	0.0251894797549993	0	0.028	0.599	-0.0408081096218493	0.0251894797549993	NoCorrection	10000	A11	C2	1000	10000	0	0.5	300	0
420	-0.0389883683797499	0.0374433134900007	0	0.04	0.431	-0.0389883683797499	0.0374433134900007	ID	10000	A11	C2	1000	10000	0	0.5	300	0
421	0.00317826119545025	-0.00125912120499971	0	0.868	0.989	0.00317826119545025	-0.00125912120499971	1	10000	A11	C2	1000	10000	0	0.5	300	0.01
422	0.00244334936070033	-0.0024423974399994	0	0.908	0.964	0.00244334936070033	-0.0024423974399994	FGr	10000	A11	C2	1000	10000	0	0.5	300	0.01
423	0.00250784589440016	0.00240042412999877	0	0.896	0.971	0.00250784589440016	0.00240042412999877	NoCorrection	10000	A11	C2	1000	10000	0	0.5	300	0.01
424	0.00348711478160028	0.00655730960499992	0	0.861	0.898	0.00348711478160028	0.00655730960499992	ID	10000	A11	C2	1000	10000	0	0.5	300	0.01
425	-0.00107669087199992	-0.0404793219250011	0	0.962	0.431	-0.00107669087199992	-0.0404793219250011	1	10000	A11	C2	1000	10000	0	0.5	300	0.03
426	-0.00276977603233988	0.00175355480999984	0	0.9	0.975	-0.00276977603233988	0.00175355480999984	FGr	10000	A11	C2	1000	10000	0	0.5	300	0.03
427	-0.00255185760090005	0.00121478673000093	0	0.916	0.971	-0.00255185760090005	0.00121478673000093	NoCorrection	10000	A11	C2	1000	10000	0	0.5	300	0.03
428	-0.00142794498200031	-0.0348622580350003	0	0.954	0.485	-0.00142794498200031	-0.0348622580350003	ID	10000	A11	C2	1000	10000	0	0.5	300	0.03
429	0.037205042278	-0.066086111705	0	0.084	0.191	0.037205042278	-0.066086111705	1	10000	A11	C2	1000	10000	0	0.5	300	0.1
430	0.0365855407789994	-0.0638415685500001	0	0.094	0.191	0.0365855407789994	-0.0638415685500001	FGr	10000	A11	C2	1000	10000	0	0.5	300	0.1
431	0.0364753614105003	-0.0669719908150003	0	0.075	0.165	0.0364753614105003	-0.0669719908150003	NoCorrection	10000	A11	C2	1000	10000	0	0.5	300	0.1
432	0.0371664818295002	-0.0661254047649996	0	0.076	0.19	0.0371664818295002	-0.0661254047649996	ID	10000	A11	C2	1000	10000	0	0.5	300	0.1
433	0.005123192535	0.00512319253500001	0	0.621	0.617	0.005123192535	0.00512319253500001	1	300	A11	C2	10000	100	0	0.5	300	0
434	0.00494950218	0.00494950218000001	0	0.646	0.646	0.00494950218	0.00494950218000001	FGr	300	A11	C2	10000	100	0	0.5	300	0
435	0.00505430097799999	0.00505430097800002	0	0.628	0.618	0.00505430097799999	0.00505430097800002	NoCorrection	300	A11	C2	10000	100	0	0.5	300	0
436	0.00514866267499999	0.00514866267500001	0	0.599	0.587	0.00514866267499999	0.00514866267500001	ID	300	A11	C2	10000	100	0	0.5	300	0
437	0.010501416609	0.010501416609	0	0.261	0.27	0.010501416609	0.010501416609	1	300	A11	C2	10000	100	0	0.5	300	0.01
438	0.0100796180925	0.0100796180925	0	0.3	0.293	0.0100796180925	0.0100796180925	FGr	300	A11	C2	10000	100	0	0.5	300	0.01
439	0.010084344045	0.010084344045	0	0.261	0.3	0.010084344045	0.010084344045	NoCorrection	300	A11	C2	10000	100	0	0.5	300	0.01
440	0.01023825188	0.01023825188	0	0.277	0.304	0.01023825188	0.01023825188	ID	300	A11	C2	10000	100	0	0.5	300	0.01
441	0.0168690801797	0.0168690801797	0	0.137	0.17	0.0168690801797	0.0168690801797	1	300	A11	C2	10000	100	0	0.5	300	0.03
442	0.016844339468	0.016844339468	0	0.16	0.141	0.016844339468	0.016844339468	FGr	300	A11	C2	10000	100	0	0.5	300	0.03
443	0.0168571791063	0.0168571791063	0	0.137	0.145	0.0168571791063	0.0168571791063	NoCorrection	300	A11	C2	10000	100	0	0.5	300	0.03
444	0.0167415179362	0.0167415179362	0	0.16	0.152	0.0167415179362	0.0167415179362	ID	300	A11	C2	10000	100	0	0.5	300	0.03
445	0.0067005585602	0.0067005585602	0	0.609	0.589	0.0067005585602	0.0067005585602	1	300	A11	C2	10000	100	0	0.5	300	0.1
446	0.00601047961799999	0.006010479618	0	0.708	0.687	0.00601047961799999	0.006010479618	FGr	300	A11	C2	10000	100	0	0.5	300	0.1
447	0.005946653065	0.005946653065	0	0.682	0.695	0.005946653065	0.005946653065	NoCorrection	300	A11	C2	10000	100	0	0.5	300	0.1
448	0.007051467891	0.007051467891	0	0.576	0.609	0.007051467891	0.007051467891	ID	300	A11	C2	10000	100	0	0.5	300	0.1
449	0.0193047245335	0.023674236	0	0.062	0.191	0.0193047245335	0.023674236	1	1000	A11	C2	10000	100	0	0.5	300	0
450	0.019312570825	0.0222097105	0	0.069	0.239	0.019312570825	0.0222097105	FGr	1000	A11	C2	10000	100	0	0.5	300	0
451	0.01930786372	0.0222061005	0	0.066	0.232	0.01930786372	0.0222061005	NoCorrection	1000	A11	C2	10000	100	0	0.5	300	0
452	0.019314461258	0.023040837	0	0.07	0.215	0.019314461258	0.023040837	ID	1000	A11	C2	10000	100	0	0.5	300	0
453	-0.0177951085784	-0.010008447	0	0.117	0.585	-0.0177951085784	-0.010008447	1	1000	A11	C2	10000	100	0	0.5	300	0.01
454	-0.0183846512475	-0.0133874285	0	0.111	0.457	-0.0183846512475	-0.0133874285	FGr	1000	A11	C2	10000	100	0	0.5	300	0.01
455	-0.018459081928	-0.013458373	0	0.131	0.463	-0.018459081928	-0.013458373	NoCorrection	1000	A11	C2	10000	100	0	0.5	300	0.01
456	-0.01768438299	-0.0114715895	0	0.116	0.529	-0.01768438299	-0.0114715895	ID	1000	A11	C2	10000	100	0	0.5	300	0.01
457	-0.0195427185781	-0.0156116805	0	0.129	0.404	-0.0195427185781	-0.0156116805	1	1000	A11	C2	10000	100	0	0.5	300	0.03
458	-0.020045514522	-0.016837282	0	0.095	0.389	-0.020045514522	-0.016837282	FGr	1000	A11	C2	10000	100	0	0.5	300	0.03
459	-0.020153897853	-0.0155588825	0	0.109	0.403	-0.020153897853	-0.0155588825	NoCorrection	1000	A11	C2	10000	100	0	0.5	300	0.03
460	-0.019320588043	-0.014992043	0	0.119	0.421	-0.019320588043	-0.014992043	ID	1000	A11	C2	10000	100	0	0.5	300	0.03
461	0.004007455342	-0.0124208155	0	0.706	0.484	0.004007455342	-0.0124208155	1	1000	A11	C2	10000	100	0	0.5	300	0.1
462	0.000182987905000002	-0.0040418735	0	0.987	0.825	0.000182987905000002	-0.0040418735	FGr	1000	A11	C2	10000	100	0	0.5	300	0.1
463	0.000275978265999994	-0.00403734550000001	0	0.981	0.843	0.000275978265999994	-0.00403734550000001	NoCorrection	1000	A11	C2	10000	100	0	0.5	300	0.1
464	0.004245339785	-0.0111741355	0	0.669	0.554	0.004245339785	-0.0111741355	ID	1000	A11	C2	10000	100	0	0.5	300	0.1
465	0.017602002141	0.015140763	0	0.255	0.617	0.017602002141	0.015140763	1	10000	A11	C2	10000	100	0	0.5	300	0
466	0.01725277434	0.00802456799999999	0	0.252	0.79	0.01725277434	0.00802456799999999	FGr	10000	A11	C2	10000	100	0	0.5	300	0
467	0.017311673525	0.0080242975	0	0.227	0.774	0.017311673525	0.0080242975	NoCorrection	10000	A11	C2	10000	100	0	0.5	300	0
468	0.0175944369691	0.0102088355	0	0.24	0.72	0.0175944369691	0.0102088355	ID	10000	A11	C2	10000	100	0	0.5	300	0
469	0.013106324557	-0.0198176835	0	0.235	0.482	0.013106324557	-0.0198176835	1	10000	A11	C2	10000	100	0	0.5	300	0.01
470	0.0128204297224	-0.012902924	0	0.26	0.631	0.0128204297224	-0.012902924	FGr	10000	A11	C2	10000	100	0	0.5	300	0.01
471	0.012851129971	-0.00943803	0	0.234	0.727	0.012851129971	-0.00943803	NoCorrection	10000	A11	C2	10000	100	0	0.5	300	0.01
472	0.01309722126	-0.020759282	0	0.22	0.443	0.01309722126	-0.020759282	ID	10000	A11	C2	10000	100	0	0.5	300	0.01
473	-0.0041301708295	0.0180341415	0	0.784	0.585	-0.0041301708295	0.0180341415	1	10000	A11	C2	10000	100	0	0.5	300	0.03
474	-0.00430659525499999	-0.012365636	0	0.751	0.727	-0.00430659525499999	-0.012365636	FGr	10000	A11	C2	10000	100	0	0.5	300	0.03
475	-0.00433789678800001	-0.0123819605	0	0.779	0.721	-0.00433789678800001	-0.0123819605	NoCorrection	10000	A11	C2	10000	100	0	0.5	300	0.03
476	-0.004139806905	0.0189462075	0	0.769	0.56	-0.004139806905	0.0189462075	ID	10000	A11	C2	10000	100	0	0.5	300	0.03
477	0.008492785222	0.028062258	0	0.502	0.359	0.008492785222	0.028062258	1	10000	A11	C2	10000	100	0	0.5	300	0.1
478	0.00807913675000001	0.021775319	0	0.538	0.464	0.00807913675000001	0.021775319	FGr	10000	A11	C2	10000	100	0	0.5	300	0.1
479	0.00800638134239999	0.0280064555	0	0.527	0.354	0.00800638134239999	0.0280064555	NoCorrection	10000	A11	C2	10000	100	0	0.5	300	0.1
480	0.0084637902025	0.0288406855	0	0.488	0.319	0.0084637902025	0.0288406855	ID	10000	A11	C2	10000	100	0	0.5	300	0.1
481	0.0199783749041	0.0199783749041	0	0.002	0.001	0.0199783749041	0.0199783749041	1	300	A11	C2	10000	1000	0	0.5	300	0
482	0.0200761086965	0.0200761086965	0	0.002	0.001	0.0200761086965	0.0200761086965	FGr	300	A11	C2	10000	1000	0	0.5	300	0
483	0.0200732875975	0.0200732875975	0	0.001	0	0.0200732875975	0.0200732875975	NoCorrection	300	A11	C2	10000	1000	0	0.5	300	0
484	0.0202000270562	0.0202000270562	0	0	0.001	0.0202000270562	0.0202000270562	ID	300	A11	C2	10000	1000	0	0.5	300	0
485	0.0054410485425	0.00544104854250001	0	0.409	0.419	0.0054410485425	0.00544104854250001	1	300	A11	C2	10000	1000	0	0.5	300	0.01
486	0.0045615757152	0.0045615757152	0	0.508	0.507	0.0045615757152	0.0045615757152	FGr	300	A11	C2	10000	1000	0	0.5	300	0.01
487	0.0045587620324	0.00455876203240001	0	0.495	0.495	0.0045587620324	0.00455876203240001	NoCorrection	300	A11	C2	10000	1000	0	0.5	300	0.01
488	0.005327386567	0.005327386567	0	0.43	0.431	0.005327386567	0.005327386567	ID	300	A11	C2	10000	1000	0	0.5	300	0.01
489	0.00317454353660002	0.00317454353660002	0	0.618	0.627	0.00317454353660002	0.00317454353660002	1	300	A11	C2	10000	1000	0	0.5	300	0.03
490	0.00400533060059998	0.00400533060060001	0	0.52	0.542	0.00400533060059998	0.00400533060060001	FGr	300	A11	C2	10000	1000	0	0.5	300	0.03
491	0.00401067893599999	0.00401067893599998	0	0.534	0.539	0.00401067893599999	0.00401067893599998	NoCorrection	300	A11	C2	10000	1000	0	0.5	300	0.03
492	0.00308136857025005	0.00308136857025005	0	0.643	0.635	0.00308136857025005	0.00308136857025005	ID	300	A11	C2	10000	1000	0	0.5	300	0.03
493	-0.000432057065730004	-0.000432057065729997	0	0.938	0.934	-0.000432057065730004	-0.000432057065729997	1	300	A11	C2	10000	1000	0	0.5	300	0.1
494	0.0013426081095	0.00134260810949999	0	0.837	0.823	0.0013426081095	0.00134260810949999	FGr	300	A11	C2	10000	1000	0	0.5	300	0.1
495	0.00134012889074999	0.00134012889075	0	0.809	0.822	0.00134012889074999	0.00134012889075	NoCorrection	300	A11	C2	10000	1000	0	0.5	300	0.1
496	-0.000806540528100003	-0.000806540528100016	0	0.873	0.884	-0.000806540528100003	-0.000806540528100016	ID	300	A11	C2	10000	1000	0	0.5	300	0.1
497	0.0080613100775	0.00612117549999999	0	0.224	0.572	0.0080613100775	0.00612117549999999	1	1000	A11	C2	10000	1000	0	0.5	300	0
498	0.00768339825950001	0.00728461964999999	0	0.239	0.491	0.00768339825950001	0.00728461964999999	FGr	1000	A11	C2	10000	1000	0	0.5	300	0
499	0.00766589962795001	0.00701434955	0	0.232	0.519	0.00766589962795001	0.00701434955	NoCorrection	1000	A11	C2	10000	1000	0	0.5	300	0
500	0.00791514879846003	0.00547714055000002	0	0.209	0.625	0.00791514879846003	0.00547714055000002	ID	1000	A11	C2	10000	1000	0	0.5	300	0
501	0.0058151564695	-0.000904823350000042	0	0.294	0.929	0.0058151564695	-0.000904823350000042	1	1000	A11	C2	10000	1000	0	0.5	300	0.01
502	0.00566284319820999	-0.000203834000000093	0	0.332	0.983	0.00566284319820999	-0.000203834000000093	FGr	1000	A11	C2	10000	1000	0	0.5	300	0.01
503	0.00565365104549999	-0.000308767999999907	0	0.348	0.978	0.00565365104549999	-0.000308767999999907	NoCorrection	1000	A11	C2	10000	1000	0	0.5	300	0.01
504	0.0057300659802	0.00012242235000001	0	0.349	0.989	0.0057300659802	0.00012242235000001	ID	1000	A11	C2	10000	1000	0	0.5	300	0.01
505	-0.00451285528425	0.01191968175	0	0.425	0.26	-0.00451285528425	0.01191968175	1	1000	A11	C2	10000	1000	0	0.5	300	0.03
506	-0.0045807580947	0.0139937647	0	0.426	0.177	-0.0045807580947	0.0139937647	FGr	1000	A11	C2	10000	1000	0	0.5	300	0.03
507	-0.00461069080468	0.0150456407500001	0	0.414	0.116	-0.00461069080468	0.0150456407500001	NoCorrection	1000	A11	C2	10000	1000	0	0.5	300	0.03
508	-0.0046823293634	0.01328893465	0	0.41	0.195	-0.0046823293634	0.01328893465	ID	1000	A11	C2	10000	1000	0	0.5	300	0.03
509	-0.00717415447849999	0.00290739509999997	0	0.225	0.81	-0.00717415447849999	0.00290739509999997	1	1000	A11	C2	10000	1000	0	0.5	300	0.1
510	-0.0082326336871	0.0074213436	0	0.209	0.551	-0.0082326336871	0.0074213436	FGr	1000	A11	C2	10000	1000	0	0.5	300	0.1
511	-0.0081983197767	0.00844665625000002	0	0.212	0.508	-0.0081983197767	0.00844665625000002	NoCorrection	1000	A11	C2	10000	1000	0	0.5	300	0.1
512	-0.00727294641009999	0.0028750141	0	0.234	0.789	-0.00727294641009999	0.0028750141	ID	1000	A11	C2	10000	1000	0	0.5	300	0.1
513	-0.0057000933975	-0.00407201670000008	0	0.472	0.82	-0.0057000933975	-0.00407201670000008	1	10000	A11	C2	10000	1000	0	0.5	300	0
514	-0.00499745719400001	-0.0111793654500001	0	0.512	0.523	-0.00499745719400001	-0.0111793654500001	FGr	10000	A11	C2	10000	1000	0	0.5	300	0
515	-0.00500837550049998	-0.010364775	0	0.497	0.539	-0.00500837550049998	-0.010364775	NoCorrection	10000	A11	C2	10000	1000	0	0.5	300	0
516	-0.00573516439100002	-0.00559069499999998	0	0.441	0.717	-0.00573516439100002	-0.00559069499999998	ID	10000	A11	C2	10000	1000	0	0.5	300	0
517	0.0045534627429	-0.00334401244999997	0	0.431	0.831	0.0045534627429	-0.00334401244999997	1	10000	A11	C2	10000	1000	0	0.5	300	0.01
518	0.00472397794899999	-0.00547673105000007	0	0.437	0.754	0.00472397794899999	-0.00547673105000007	FGr	10000	A11	C2	10000	1000	0	0.5	300	0.01
519	0.00473026189099999	-0.00595980755000002	0	0.419	0.729	0.00473026189099999	-0.00595980755000002	NoCorrection	10000	A11	C2	10000	1000	0	0.5	300	0.01
520	0.0045576587854	-0.00403004235000001	0	0.415	0.806	0.0045576587854	-0.00403004235000001	ID	10000	A11	C2	10000	1000	0	0.5	300	0.01
521	-0.00590642894805004	-0.0072184221000001	0	0.459	0.676	-0.00590642894805004	-0.0072184221000001	1	10000	A11	C2	10000	1000	0	0.5	300	0.03
522	-0.00688483614149997	-0.00884165985000001	0	0.424	0.641	-0.00688483614149997	-0.00884165985000001	FGr	10000	A11	C2	10000	1000	0	0.5	300	0.03
523	-0.00694633689974996	-0.00509373365000001	0	0.376	0.75	-0.00694633689974996	-0.00509373365000001	NoCorrection	10000	A11	C2	10000	1000	0	0.5	300	0.03
524	-0.00576450639200001	-0.00527618799999998	0	0.462	0.763	-0.00576450639200001	-0.00527618799999998	ID	10000	A11	C2	10000	1000	0	0.5	300	0.03
525	0.00512624839800001	0.000525600700000206	0	0.443	0.975	0.00512624839800001	0.000525600700000206	1	10000	A11	C2	10000	1000	0	0.5	300	0.1
526	0.00299010894529998	0.0190898298500002	0	0.63	0.286	0.00299010894529998	0.0190898298500002	FGr	10000	A11	C2	10000	1000	0	0.5	300	0.1
527	0.00294873288649999	0.0185094890499998	0	0.665	0.287	0.00294873288649999	0.0185094890499998	NoCorrection	10000	A11	C2	10000	1000	0	0.5	300	0.1
528	0.00513134232125	-3.42092500000645e-05	0	0.419	0.999	0.00513134232125	-3.42092500000645e-05	ID	10000	A11	C2	10000	1000	0	0.5	300	0.1
529	0.00624580560433942	0.00624580560433941	0	0.441	0.401	0.00624580560433942	0.00624580560433941	1	300	A11	C2	10000	10000	0	0.5	300	0
530	0.00631106712930007	0.0063110671293001	0	0.406	0.403	0.00631106712930007	0.0063110671293001	FGr	300	A11	C2	10000	10000	0	0.5	300	0
531	0.00630713632405001	0.00630713632405003	0	0.377	0.405	0.00630713632405001	0.00630713632405003	NoCorrection	300	A11	C2	10000	10000	0	0.5	300	0
532	0.00614359172009982	0.00614359172009982	0	0.438	0.399	0.00614359172009982	0.00614359172009982	ID	300	A11	C2	10000	10000	0	0.5	300	0
533	0.00481834394189997	0.00481834394189998	0	0.466	0.457	0.00481834394189997	0.00481834394189998	1	300	A11	C2	10000	10000	0	0.5	300	0.01
534	0.00527724362605499	0.00527724362605499	0	0.413	0.38	0.00527724362605499	0.00527724362605499	FGr	300	A11	C2	10000	10000	0	0.5	300	0.01
535	0.00527408052568999	0.00527408052569	0	0.391	0.404	0.00527408052568999	0.00527408052569	NoCorrection	300	A11	C2	10000	10000	0	0.5	300	0.01
536	0.00515938870785003	0.00515938870785003	0	0.439	0.421	0.00515938870785003	0.00515938870785003	ID	300	A11	C2	10000	10000	0	0.5	300	0.01
537	0.00688005181121553	0.00688005181121553	0	0.233	0.248	0.00688005181121553	0.00688005181121553	1	300	A11	C2	10000	10000	0	0.5	300	0.03
538	0.00768299327175493	0.00768299327175489	0	0.161	0.185	0.00768299327175493	0.00768299327175489	FGr	300	A11	C2	10000	10000	0	0.5	300	0.03
539	0.00767744027601769	0.00767744027601773	0	0.192	0.161	0.00767744027601769	0.00767744027601773	NoCorrection	300	A11	C2	10000	10000	0	0.5	300	0.03
540	0.00733102615207495	0.00733102615207491	0	0.185	0.201	0.00733102615207495	0.00733102615207491	ID	300	A11	C2	10000	10000	0	0.5	300	0.03
541	-0.00754762649695999	-0.00754762649696	0	0.217	0.205	-0.00754762649695999	-0.00754762649696	1	300	A11	C2	10000	10000	0	0.5	300	0.1
542	-0.00594497201285	-0.00594497201285	0	0.344	0.363	-0.00594497201285	-0.00594497201285	FGr	300	A11	C2	10000	10000	0	0.5	300	0.1
543	-0.00594631376915499	-0.00594631376915499	0	0.384	0.37	-0.00594631376915499	-0.00594631376915499	NoCorrection	300	A11	C2	10000	10000	0	0.5	300	0.1
544	-0.00698761077599501	-0.00698761077599501	0	0.241	0.248	-0.00698761077599501	-0.00698761077599501	ID	300	A11	C2	10000	10000	0	0.5	300	0.1
545	-0.00410231703171995	0.00454445396000001	0	0.511	0.635	-0.00410231703171995	0.00454445396000001	1	1000	A11	C2	10000	10000	0	0.5	300	0
546	-0.00406851807351005	0.00568368929999999	0	0.521	0.564	-0.00406851807351005	0.00568368929999999	FGr	1000	A11	C2	10000	10000	0	0.5	300	0
547	-0.00405840498781009	0.00555893683000001	0	0.542	0.563	-0.00405840498781009	0.00555893683000001	NoCorrection	1000	A11	C2	10000	10000	0	0.5	300	0
548	-0.00411709425516995	0.00424607025	0	0.522	0.68	-0.00411709425516995	0.00424607025	ID	1000	A11	C2	10000	10000	0	0.5	300	0
549	-0.00674132347800002	-0.00704746511500002	0	0.256	0.456	-0.00674132347800002	-0.00704746511500002	1	1000	A11	C2	10000	10000	0	0.5	300	0.01
550	-0.00679347659162	-0.007554678745	0	0.302	0.44	-0.00679347659162	-0.007554678745	FGr	1000	A11	C2	10000	10000	0	0.5	300	0.01
551	-0.0067779572749	-0.00702579692499999	0	0.251	0.471	-0.0067779572749	-0.00702579692499999	NoCorrection	1000	A11	C2	10000	10000	0	0.5	300	0.01
552	-0.00673623112380002	-0.00760803206000001	0	0.276	0.465	-0.00673623112380002	-0.00760803206000001	ID	1000	A11	C2	10000	10000	0	0.5	300	0.01
553	-0.0020129037039	0.00469131325999998	0	0.761	0.638	-0.0020129037039	0.00469131325999998	1	1000	A11	C2	10000	10000	0	0.5	300	0.03
554	-0.00213096128160008	0.010578275495	0	0.764	0.298	-0.00213096128160008	0.010578275495	FGr	1000	A11	C2	10000	10000	0	0.5	300	0.03
555	-0.00212657570215009	0.0105917457049999	0	0.766	0.354	-0.00212657570215009	0.0105917457049999	NoCorrection	1000	A11	C2	10000	10000	0	0.5	300	0.03
556	-0.00199180691164988	0.00488122636499996	0	0.774	0.642	-0.00199180691164988	0.00488122636499996	ID	1000	A11	C2	10000	10000	0	0.5	300	0.03
557	0.00098099564649	0.00966031832000024	0	0.882	0.321	0.00098099564649	0.00966031832000024	1	1000	A11	C2	10000	10000	0	0.5	300	0.1
558	0.000927226356599983	0.0043275683	0	0.907	0.674	0.000927226356599983	0.0043275683	FGr	1000	A11	C2	10000	10000	0	0.5	300	0.1
559	0.000894349702200019	0.00503391295499981	0	0.908	0.605	0.000894349702200019	0.00503391295499981	NoCorrection	1000	A11	C2	10000	10000	0	0.5	300	0.1
560	0.00102849059115001	0.00896634602499995	0	0.859	0.361	0.00102849059115001	0.00896634602499995	ID	1000	A11	C2	10000	10000	0	0.5	300	0.1
561	0.00205529206322999	0.00979195593999995	0	0.739	0.508	0.00205529206322999	0.00979195593999995	1	10000	A11	C2	10000	10000	0	0.5	300	0
562	0.00254922092845001	0.00464409362000041	0	0.706	0.753	0.00254922092845001	0.00464409362000041	FGr	10000	A11	C2	10000	10000	0	0.5	300	0
563	0.00253953540905999	0.00566431251499995	0	0.694	0.683	0.00253953540905999	0.00566431251499995	NoCorrection	10000	A11	C2	10000	10000	0	0.5	300	0
564	0.0020101583501	0.00903031302999996	0	0.732	0.531	0.0020101583501	0.00903031302999996	ID	10000	A11	C2	10000	10000	0	0.5	300	0
565	-0.000364589680454972	0.038014528025	0	0.96	0.012	-0.000364589680454972	0.038014528025	1	10000	A11	C2	10000	10000	0	0.5	300	0.01
566	-0.000461949848624977	0.03482152982	0	0.935	0.022	-0.000461949848624977	0.03482152982	FGr	10000	A11	C2	10000	10000	0	0.5	300	0.01
567	-0.000459834427945034	0.034819857775	0	0.942	0.015	-0.000459834427945034	0.034819857775	NoCorrection	10000	A11	C2	10000	10000	0	0.5	300	0.01
568	-0.000400316729449958	0.039046112055	0	0.953	0.016	-0.000400316729449958	0.039046112055	ID	10000	A11	C2	10000	10000	0	0.5	300	0.01
569	-0.00966720484999994	0.00112774174000006	0	0.187	0.945	-0.00966720484999994	0.00112774174000006	1	10000	A11	C2	10000	10000	0	0.5	300	0.03
570	-0.00931089645530012	-0.00340592956499995	0	0.233	0.827	-0.00931089645530012	-0.00340592956499995	FGr	10000	A11	C2	10000	10000	0	0.5	300	0.03
571	-0.00930573264624002	-0.0020639299699997	0	0.197	0.898	-0.00930573264624002	-0.0020639299699997	NoCorrection	10000	A11	C2	10000	10000	0	0.5	300	0.03
572	-0.00966638184952001	0.00019052101499993	0	0.187	0.991	-0.00966638184952001	0.00019052101499993	ID	10000	A11	C2	10000	10000	0	0.5	300	0.03
573	-0.000125798973849979	0.0217925690899997	0	0.985	0.158	-0.000125798973849979	0.0217925690899997	1	10000	A11	C2	10000	10000	0	0.5	300	0.1
574	0.00119373006234999	0.0251196087599995	0	0.862	0.134	0.00119373006234999	0.0251196087599995	FGr	10000	A11	C2	10000	10000	0	0.5	300	0.1
575	0.00119986769014	0.0248031375999999	0	0.864	0.108	0.00119986769014	0.0248031375999999	NoCorrection	10000	A11	C2	10000	10000	0	0.5	300	0.1
576	-0.000208025543129971	0.018775522905	0	0.972	0.22	-0.000208025543129971	0.018775522905	ID	10000	A11	C2	10000	10000	0	0.5	300	0.1
