	c-q	nc-q	true-q	c-p	nc-p	c-bias	nc-bias	type	L	rep	config	gwas_size	test_size	h2	ts	num_causal	env
1	0.0137174904618001	0.0137174904618	0	0.692	0.697	0.0137174904618001	0.0137174904618	1	300	A18	C1	1000	100	0	0.5	300	0
2	-0.00370756485849996	-0.0037075648585	0	0.925	0.92	-0.00370756485849996	-0.0037075648585	FGr	300	A18	C1	1000	100	0	0.5	300	0
3	-0.00786932659999998	-0.00786932660000001	0	0.832	0.845	-0.00786932659999998	-0.00786932660000001	NoCorrection	300	A18	C1	1000	100	0	0.5	300	0
4	0.01653952417	0.0165395241700001	0	0.643	0.651	0.01653952417	0.0165395241700001	ID	300	A18	C1	1000	100	0	0.5	300	0
5	0.0686539454499999	0.06865394545	0	0.085	0.091	0.0686539454499999	0.06865394545	1	300	A18	C1	1000	100	0	0.5	300	0.01
6	0.0710807245874999	0.0710807245874999	0	0.092	0.088	0.0710807245874999	0.0710807245874999	FGr	300	A18	C1	1000	100	0	0.5	300	0.01
7	0.0831362694100001	0.08313626941	0	0.041	0.044	0.0831362694100001	0.08313626941	NoCorrection	300	A18	C1	1000	100	0	0.5	300	0.01
8	0.0630609310149999	0.063060931015	0	0.103	0.115	0.0630609310149999	0.063060931015	ID	300	A18	C1	1000	100	0	0.5	300	0.01
9	-0.030470696345	-0.030470696345	0	0.475	0.472	-0.030470696345	-0.030470696345	1	300	A18	C1	1000	100	0	0.5	300	0.03
10	-0.02651740742	-0.02651740742	0	0.565	0.549	-0.02651740742	-0.02651740742	FGr	300	A18	C1	1000	100	0	0.5	300	0.03
11	-0.0318778030050001	-0.0318778030050001	0	0.481	0.472	-0.0318778030050001	-0.0318778030050001	NoCorrection	300	A18	C1	1000	100	0	0.5	300	0.03
12	-0.03605709358	-0.03605709358	0	0.422	0.414	-0.03605709358	-0.03605709358	ID	300	A18	C1	1000	100	0	0.5	300	0.03
13	0.096618817495	0.0966188174950001	0	0.012	0.011	0.096618817495	0.0966188174950001	1	300	A18	C1	1000	100	0	0.5	300	0.1
14	0.144313796695	0.144313796695	0	0	0	0.144313796695	0.144313796695	FGr	300	A18	C1	1000	100	0	0.5	300	0.1
15	0.14928313976	0.14928313976	0	0	0	0.14928313976	0.14928313976	NoCorrection	300	A18	C1	1000	100	0	0.5	300	0.1
16	0.097773207745	0.097773207745	0	0.018	0.01	0.097773207745	0.097773207745	ID	300	A18	C1	1000	100	0	0.5	300	0.1
17	-0.02104544133	-0.0239228434999999	0	0.558	0.681	-0.02104544133	-0.0239228434999999	1	1000	A18	C1	1000	100	0	0.5	300	0
18	-0.04154272824	-0.0621930695	0	0.237	0.311	-0.04154272824	-0.0621930695	FGr	1000	A18	C1	1000	100	0	0.5	300	0
19	-0.0589822337345	-0.096354876	0	0.114	0.127	-0.0589822337345	-0.096354876	NoCorrection	1000	A18	C1	1000	100	0	0.5	300	0
20	-0.0143609098849999	-0.015062831	0	0.697	0.786	-0.0143609098849999	-0.015062831	ID	1000	A18	C1	1000	100	0	0.5	300	0
21	0.05037462134	0.047914862	0	0.232	0.434	0.05037462134	0.047914862	1	1000	A18	C1	1000	100	0	0.5	300	0.01
22	0.0361551196	0.015651152	0	0.381	0.815	0.0361551196	0.015651152	FGr	1000	A18	C1	1000	100	0	0.5	300	0.01
23	0.02222000954	-0.0321851215	0	0.594	0.604	0.02222000954	-0.0321851215	NoCorrection	1000	A18	C1	1000	100	0	0.5	300	0.01
24	0.0420149740675	0.022157013	0	0.299	0.732	0.0420149740675	0.022157013	ID	1000	A18	C1	1000	100	0	0.5	300	0.01
25	-0.00275302107	0.0779650664999999	0	0.945	0.27	-0.00275302107	0.0779650664999999	1	1000	A18	C1	1000	100	0	0.5	300	0.03
26	0.016052330315	0.113134704	0	0.706	0.096	0.016052330315	0.113134704	FGr	1000	A18	C1	1000	100	0	0.5	300	0.03
27	0.046158868015	0.1663186595	0	0.301	0.013	0.046158868015	0.1663186595	NoCorrection	1000	A18	C1	1000	100	0	0.5	300	0.03
28	-0.00720630365	0.0683922795	0	0.874	0.321	-0.00720630365	0.0683922795	ID	1000	A18	C1	1000	100	0	0.5	300	0.03
29	-0.01449122463	-0.0715109580000001	0	0.693	0.348	-0.01449122463	-0.0715109580000001	1	1000	A18	C1	1000	100	0	0.5	300	0.1
30	-0.031385934455	-0.1484143245	0	0.389	0.043	-0.031385934455	-0.1484143245	FGr	1000	A18	C1	1000	100	0	0.5	300	0.1
31	-0.00813178411	-0.04784266	0	0.839	0.514	-0.00813178411	-0.04784266	NoCorrection	1000	A18	C1	1000	100	0	0.5	300	0.1
32	-0.020950838385	-0.0965920505	0	0.6	0.193	-0.020950838385	-0.0965920505	ID	1000	A18	C1	1000	100	0	0.5	300	0.1
33	-0.038546266601	0.113083179	0	0.318	0.206	-0.038546266601	0.113083179	1	10000	A18	C1	1000	100	0	0.5	300	0
34	-0.0284510439	0.137433435	0	0.436	0.111	-0.0284510439	0.137433435	FGr	10000	A18	C1	1000	100	0	0.5	300	0
35	-0.02563014925	0.158852586	0	0.508	0.08	-0.02563014925	0.158852586	NoCorrection	10000	A18	C1	1000	100	0	0.5	300	0
36	-0.03906873238	0.0949555045	0	0.305	0.342	-0.03906873238	0.0949555045	ID	10000	A18	C1	1000	100	0	0.5	300	0
37	0.0672938348	0.054683499	0	0.091	0.585	0.0672938348	0.054683499	1	10000	A18	C1	1000	100	0	0.5	300	0.01
38	0.06366734928	0.0268864325	0	0.092	0.793	0.06366734928	0.0268864325	FGr	10000	A18	C1	1000	100	0	0.5	300	0.01
39	0.046241678175	-0.078184987	0	0.215	0.416	0.046241678175	-0.078184987	NoCorrection	10000	A18	C1	1000	100	0	0.5	300	0.01
40	0.0694308036	0.068998991	0	0.072	0.477	0.0694308036	0.068998991	ID	10000	A18	C1	1000	100	0	0.5	300	0.01
41	0.00625600903799998	-0.000218914500000027	0	0.853	0.998	0.00625600903799998	-0.000218914500000027	1	10000	A18	C1	1000	100	0	0.5	300	0.03
42	0.018316737625	0.0954932184999999	0	0.627	0.361	0.018316737625	0.0954932184999999	FGr	10000	A18	C1	1000	100	0	0.5	300	0.03
43	0.044444473995	0.193581625	0	0.243	0.054	0.044444473995	0.193581625	NoCorrection	10000	A18	C1	1000	100	0	0.5	300	0.03
44	0.00524764846499999	0.00173465949999992	0	0.888	0.986	0.00524764846499999	0.00173465949999992	ID	10000	A18	C1	1000	100	0	0.5	300	0.03
45	-0.03471478153	0.0148088315000001	0	0.34	0.883	-0.03471478153	0.0148088315000001	1	10000	A18	C1	1000	100	0	0.5	300	0.1
46	-0.043291512678	-0.0600788780000001	0	0.263	0.541	-0.043291512678	-0.0600788780000001	FGr	10000	A18	C1	1000	100	0	0.5	300	0.1
47	-0.0075791220999999	0.1938233245	0	0.831	0.052	-0.0075791220999999	0.1938233245	NoCorrection	10000	A18	C1	1000	100	0	0.5	300	0.1
48	-0.0416632712199999	-0.0516795579999999	0	0.245	0.606	-0.0416632712199999	-0.0516795579999999	ID	10000	A18	C1	1000	100	0	0.5	300	0.1
49	0.0532627026365	0.0532627026365	0	0.038	0.048	0.0532627026365	0.0532627026365	1	300	A18	C1	1000	1000	0	0.5	300	0
50	0.04302408783675	0.04302408783675	0	0.105	0.09	0.04302408783675	0.04302408783675	FGr	300	A18	C1	1000	1000	0	0.5	300	0
51	0.048690386012	0.048690386012	0	0.061	0.063	0.048690386012	0.048690386012	NoCorrection	300	A18	C1	1000	1000	0	0.5	300	0
52	0.0524877618070001	0.0524877618070001	0	0.051	0.04	0.0524877618070001	0.0524877618070001	ID	300	A18	C1	1000	1000	0	0.5	300	0
53	-0.00665540476750034	-0.00665540476750041	0	0.785	0.823	-0.00665540476750034	-0.00665540476750041	1	300	A18	C1	1000	1000	0	0.5	300	0.01
54	0.0181840053953499	0.0181840053953499	0	0.545	0.517	0.0181840053953499	0.0181840053953499	FGr	300	A18	C1	1000	1000	0	0.5	300	0.01
55	-0.0140148718850002	-0.0140148718850001	0	0.619	0.633	-0.0140148718850002	-0.0140148718850001	NoCorrection	300	A18	C1	1000	1000	0	0.5	300	0.01
56	0.00056566766750022	0.000565667667500237	0	0.99	0.987	0.00056566766750022	0.000565667667500237	ID	300	A18	C1	1000	1000	0	0.5	300	0.01
57	0.00239295952300011	0.00239295952300013	0	0.921	0.932	0.00239295952300011	0.00239295952300013	1	300	A18	C1	1000	1000	0	0.5	300	0.03
58	0.0179071068194999	0.0179071068194999	0	0.489	0.501	0.0179071068194999	0.0179071068194999	FGr	300	A18	C1	1000	1000	0	0.5	300	0.03
59	0.0195954383477999	0.0195954383478	0	0.453	0.442	0.0195954383477999	0.0195954383478	NoCorrection	300	A18	C1	1000	1000	0	0.5	300	0.03
60	-0.000382483633999946	-0.000382483633999919	0	0.985	0.988	-0.000382483633999946	-0.000382483633999919	ID	300	A18	C1	1000	1000	0	0.5	300	0.03
61	0.04151738917125	0.04151738917125	0	0.149	0.139	0.04151738917125	0.04151738917125	1	300	A18	C1	1000	1000	0	0.5	300	0.1
62	0.05865390693	0.05865390693	0	0.033	0.023	0.05865390693	0.05865390693	FGr	300	A18	C1	1000	1000	0	0.5	300	0.1
63	0.054997372725	0.054997372725	0	0.039	0.045	0.054997372725	0.054997372725	NoCorrection	300	A18	C1	1000	1000	0	0.5	300	0.1
64	0.0289784124743501	0.0289784124743501	0	0.253	0.28	0.0289784124743501	0.0289784124743501	ID	300	A18	C1	1000	1000	0	0.5	300	0.1
65	-0.034629449087	-0.0490631962000001	0	0.169	0.241	-0.034629449087	-0.0490631962000001	1	1000	A18	C1	1000	1000	0	0.5	300	0
66	-0.0374220548584999	-0.06222636385	0	0.163	0.11	-0.0374220548584999	-0.06222636385	FGr	1000	A18	C1	1000	1000	0	0.5	300	0
67	-0.039650422821	-0.0718951352	0	0.159	0.094	-0.039650422821	-0.0718951352	NoCorrection	1000	A18	C1	1000	1000	0	0.5	300	0
68	-0.0261630235635	-0.0176097182000001	0	0.328	0.677	-0.0261630235635	-0.0176097182000001	ID	1000	A18	C1	1000	1000	0	0.5	300	0
69	-0.01083560355705	-0.02513728175	0	0.649	0.54	-0.01083560355705	-0.02513728175	1	1000	A18	C1	1000	1000	0	0.5	300	0.01
70	-0.0154685761455001	-0.0380349785000001	0	0.476	0.359	-0.0154685761455001	-0.0380349785000001	FGr	1000	A18	C1	1000	1000	0	0.5	300	0.01
71	-0.0126155234800001	-0.0254404664	0	0.563	0.523	-0.0126155234800001	-0.0254404664	NoCorrection	1000	A18	C1	1000	1000	0	0.5	300	0.01
72	-0.018645269074	-0.05264180155	0	0.407	0.224	-0.018645269074	-0.05264180155	ID	1000	A18	C1	1000	1000	0	0.5	300	0.01
73	0.00670589099450018	0.0305626971000002	0	0.804	0.511	0.00670589099450018	0.0305626971000002	1	1000	A18	C1	1000	1000	0	0.5	300	0.03
74	0.0187855791	0.0768033188000001	0	0.484	0.091	0.0187855791	0.0768033188000001	FGr	1000	A18	C1	1000	1000	0	0.5	300	0.03
75	0.0146479008500001	0.0470297355500002	0	0.571	0.308	0.0146479008500001	0.0470297355500002	NoCorrection	1000	A18	C1	1000	1000	0	0.5	300	0.03
76	0.0152274448187498	0.0601861240500001	0	0.573	0.192	0.0152274448187498	0.0601861240500001	ID	1000	A18	C1	1000	1000	0	0.5	300	0.03
77	0.00153780754099994	-0.0398532758499999	0	0.952	0.35	0.00153780754099994	-0.0398532758499999	1	1000	A18	C1	1000	1000	0	0.5	300	0.1
78	0.00960203728200001	-0.0100851913	0	0.713	0.808	0.00960203728200001	-0.0100851913	FGr	1000	A18	C1	1000	1000	0	0.5	300	0.1
79	0.031744442855	0.0518797526	0	0.264	0.222	0.031744442855	0.0518797526	NoCorrection	1000	A18	C1	1000	1000	0	0.5	300	0.1
80	-0.00856420698870003	-0.0780631557	0	0.768	0.066	-0.00856420698870003	-0.0780631557	ID	1000	A18	C1	1000	1000	0	0.5	300	0.1
81	-0.0348228152779999	-0.0391727132499999	0	0.228	0.594	-0.0348228152779999	-0.0391727132499999	1	10000	A18	C1	1000	1000	0	0.5	300	0
82	-0.0383536257965001	-0.0453724008500003	0	0.191	0.512	-0.0383536257965001	-0.0453724008500003	FGr	10000	A18	C1	1000	1000	0	0.5	300	0
83	-0.00822062029400008	0.0699158760500003	0	0.771	0.321	-0.00822062029400008	0.0699158760500003	NoCorrection	10000	A18	C1	1000	1000	0	0.5	300	0
84	-0.0337029385201001	-0.0229313926499999	0	0.243	0.73	-0.0337029385201001	-0.0229313926499999	ID	10000	A18	C1	1000	1000	0	0.5	300	0
85	-0.045827691165	0.0260523706499999	0	0.121	0.713	-0.045827691165	0.0260523706499999	1	10000	A18	C1	1000	1000	0	0.5	300	0.01
86	-0.0447811019945	0.0381193156000003	0	0.12	0.604	-0.0447811019945	0.0381193156000003	FGr	10000	A18	C1	1000	1000	0	0.5	300	0.01
87	-0.1011151553645	-0.24824817945	0	0.001	0	-0.1011151553645	-0.24824817945	NoCorrection	10000	A18	C1	1000	1000	0	0.5	300	0.01
88	-0.044520945487	0.0482904451999998	0	0.117	0.502	-0.044520945487	0.0482904451999998	ID	10000	A18	C1	1000	1000	0	0.5	300	0.01
89	-0.0588736390679999	-0.0185122012999998	0	0.032	0.764	-0.0588736390679999	-0.0185122012999998	1	10000	A18	C1	1000	1000	0	0.5	300	0.03
90	-0.0593020380015	-0.0150143096500002	0	0.031	0.828	-0.0593020380015	-0.0150143096500002	FGr	10000	A18	C1	1000	1000	0	0.5	300	0.03
91	-0.0442236393609997	0.0349788549999999	0	0.095	0.587	-0.0442236393609997	0.0349788549999999	NoCorrection	10000	A18	C1	1000	1000	0	0.5	300	0.03
92	-0.0595419869948	-0.0244369993500001	0	0.031	0.708	-0.0595419869948	-0.0244369993500001	ID	10000	A18	C1	1000	1000	0	0.5	300	0.03
93	-0.0537791689395	-0.0593215667499995	0	0.051	0.423	-0.0537791689395	-0.0593215667499995	1	10000	A18	C1	1000	1000	0	0.5	300	0.1
94	-0.047553391809	-0.0234756249499997	0	0.087	0.737	-0.047553391809	-0.0234756249499997	FGr	10000	A18	C1	1000	1000	0	0.5	300	0.1
95	0.0357479611367	0.347848763	0	0.221	0	0.0357479611367	0.347848763	NoCorrection	10000	A18	C1	1000	1000	0	0.5	300	0.1
96	-0.04923259195	-0.0283389381999999	0	0.065	0.726	-0.04923259195	-0.0283389381999999	ID	10000	A18	C1	1000	1000	0	0.5	300	0.1
97	-0.0219389958588	-0.0219389958588	0	0.318	0.293	-0.0219389958588	-0.0219389958588	1	300	A18	C1	1000	10000	0	0.5	300	0
98	-0.01072000028325	-0.01072000028325	0	0.626	0.607	-0.01072000028325	-0.01072000028325	FGr	300	A18	C1	1000	10000	0	0.5	300	0
99	-0.02783158010715	-0.02783158010715	0	0.188	0.169	-0.02783158010715	-0.02783158010715	NoCorrection	300	A18	C1	1000	10000	0	0.5	300	0
100	-0.0233203426965	-0.0233203426965	0	0.27	0.26	-0.0233203426965	-0.0233203426965	ID	300	A18	C1	1000	10000	0	0.5	300	0
101	-0.0144137331805499	-0.0144137331805499	0	0.518	0.521	-0.0144137331805499	-0.0144137331805499	1	300	A18	C1	1000	10000	0	0.5	300	0.01
102	-0.01727844479525	-0.01727844479525	0	0.447	0.427	-0.01727844479525	-0.01727844479525	FGr	300	A18	C1	1000	10000	0	0.5	300	0.01
103	-0.03963804147201	-0.03963804147201	0	0.066	0.072	-0.03963804147201	-0.03963804147201	NoCorrection	300	A18	C1	1000	10000	0	0.5	300	0.01
104	-0.0186434340959148	-0.0186434340959148	0	0.41	0.393	-0.0186434340959148	-0.0186434340959148	ID	300	A18	C1	1000	10000	0	0.5	300	0.01
105	-0.00309447303779987	-0.0030944730377999	0	0.894	0.892	-0.00309447303779987	-0.0030944730377999	1	300	A18	C1	1000	10000	0	0.5	300	0.03
106	0.0165371435076498	0.0165371435076499	0	0.505	0.481	0.0165371435076498	0.0165371435076499	FGr	300	A18	C1	1000	10000	0	0.5	300	0.03
107	0.0100571454080744	0.0100571454080745	0	0.687	0.687	0.0100571454080744	0.0100571454080745	NoCorrection	300	A18	C1	1000	10000	0	0.5	300	0.03
108	-0.00416063954472009	-0.00416063954472008	0	0.859	0.844	-0.00416063954472009	-0.00416063954472008	ID	300	A18	C1	1000	10000	0	0.5	300	0.03
109	0.00116902784336984	0.00116902784336985	0	0.971	0.97	0.00116902784336984	0.00116902784336985	1	300	A18	C1	1000	10000	0	0.5	300	0.1
110	0.0124514734812998	0.0124514734812998	0	0.602	0.612	0.0124514734812998	0.0124514734812998	FGr	300	A18	C1	1000	10000	0	0.5	300	0.1
111	0.0404871849000001	0.0404871849000001	0	0.11	0.114	0.0404871849000001	0.0404871849000001	NoCorrection	300	A18	C1	1000	10000	0	0.5	300	0.1
112	0.00675290136050045	0.00675290136050047	0	0.798	0.783	0.00675290136050045	0.00675290136050047	ID	300	A18	C1	1000	10000	0	0.5	300	0.1
113	0.00392536730470996	-0.0278613404950001	0	0.866	0.501	0.00392536730470996	-0.0278613404950001	1	1000	A18	C1	1000	10000	0	0.5	300	0
114	0.0127282351528001	-0.00817610205500001	0	0.579	0.856	0.0127282351528001	-0.00817610205500001	FGr	1000	A18	C1	1000	10000	0	0.5	300	0
115	-0.02900627800234	-0.09690141222	0	0.192	0.026	-0.02900627800234	-0.09690141222	NoCorrection	1000	A18	C1	1000	10000	0	0.5	300	0
116	0.0121091916624	-0.00692165108499998	0	0.583	0.862	0.0121091916624	-0.00692165108499998	ID	1000	A18	C1	1000	10000	0	0.5	300	0
117	0.0202014445786752	-0.00252297988000013	0	0.384	0.948	0.0202014445786752	-0.00252297988000013	1	1000	A18	C1	1000	10000	0	0.5	300	0.01
118	0.0127043773016497	-0.022044598215	0	0.56	0.555	0.0127043773016497	-0.022044598215	FGr	1000	A18	C1	1000	10000	0	0.5	300	0.01
119	-0.0140141575757001	-0.0826536593149995	0	0.556	0.037	-0.0140141575757001	-0.0826536593149995	NoCorrection	1000	A18	C1	1000	10000	0	0.5	300	0.01
120	0.0276798531156001	0.0323848550750003	0	0.222	0.424	0.0276798531156001	0.0323848550750003	ID	1000	A18	C1	1000	10000	0	0.5	300	0.01
121	-0.0346291831865498	-0.0392161891100003	0	0.126	0.326	-0.0346291831865498	-0.0392161891100003	1	1000	A18	C1	1000	10000	0	0.5	300	0.03
122	-0.0485100537000992	-0.0622521619000015	0	0.034	0.128	-0.0485100537000992	-0.0622521619000015	FGr	1000	A18	C1	1000	10000	0	0.5	300	0.03
123	-0.0515847883168718	-0.074716636945001	0	0.019	0.06	-0.0515847883168718	-0.074716636945001	NoCorrection	1000	A18	C1	1000	10000	0	0.5	300	0.03
124	-0.0353931570706507	-0.0423863127999993	0	0.118	0.325	-0.0353931570706507	-0.0423863127999993	ID	1000	A18	C1	1000	10000	0	0.5	300	0.03
125	-0.00271542041888498	-0.0261422132450004	0	0.906	0.567	-0.00271542041888498	-0.0261422132450004	1	1000	A18	C1	1000	10000	0	0.5	300	0.1
126	-0.0105686369059501	-0.038910903525	0	0.685	0.336	-0.0105686369059501	-0.038910903525	FGr	1000	A18	C1	1000	10000	0	0.5	300	0.1
127	0.0314431034058217	0.0833683092450002	0	0.257	0.054	0.0314431034058217	0.0833683092450002	NoCorrection	1000	A18	C1	1000	10000	0	0.5	300	0.1
128	-0.00850598323949997	-0.0429445052849998	0	0.73	0.325	-0.00850598323949997	-0.0429445052849998	ID	1000	A18	C1	1000	10000	0	0.5	300	0.1
129	0.000731572736650061	-0.00121306854999999	0	0.977	0.987	0.000731572736650061	-0.00121306854999999	1	10000	A18	C1	1000	10000	0	0.5	300	0
130	0.00149310138005011	0.00250174278499913	0	0.957	0.969	0.00149310138005011	0.00250174278499913	FGr	10000	A18	C1	1000	10000	0	0.5	300	0
131	-0.0181201382808999	-0.168507330790001	0	0.483	0.021	-0.0181201382808999	-0.168507330790001	NoCorrection	10000	A18	C1	1000	10000	0	0.5	300	0
132	0.000282437818150093	-0.0019501344249995	0	0.991	0.978	0.000282437818150093	-0.0019501344249995	ID	10000	A18	C1	1000	10000	0	0.5	300	0
133	-0.010236856284	0.0280085128700002	0	0.665	0.644	-0.010236856284	0.0280085128700002	1	10000	A18	C1	1000	10000	0	0.5	300	0.01
134	-0.00775955113194	0.0327159671199998	0	0.762	0.615	-0.00775955113194	0.0327159671199998	FGr	10000	A18	C1	1000	10000	0	0.5	300	0.01
135	-0.0096307656705	0.04287925586	0	0.696	0.491	-0.0096307656705	0.04287925586	NoCorrection	10000	A18	C1	1000	10000	0	0.5	300	0.01
136	-0.00882447884450003	0.03298236468	0	0.724	0.624	-0.00882447884450003	0.03298236468	ID	10000	A18	C1	1000	10000	0	0.5	300	0.01
137	-0.0250253600339	0.151078914195	0	0.319	0.026	-0.0250253600339	0.151078914195	1	10000	A18	C1	1000	10000	0	0.5	300	0.03
138	-0.03654472009322	0.0485490627249993	0	0.137	0.49	-0.03654472009322	0.0485490627249993	FGr	10000	A18	C1	1000	10000	0	0.5	300	0.03
139	-0.029508406639	0.0975510375950001	0	0.223	0.132	-0.029508406639	0.0975510375950001	NoCorrection	10000	A18	C1	1000	10000	0	0.5	300	0.03
140	-0.0318934876332	0.0841543013050002	0	0.174	0.232	-0.0318934876332	0.0841543013050002	ID	10000	A18	C1	1000	10000	0	0.5	300	0.03
141	0.00748880124450062	0.0392456040800006	0	0.773	0.537	0.00748880124450062	0.0392456040800006	1	10000	A18	C1	1000	10000	0	0.5	300	0.1
142	0.0091404376939302	0.0393304578900001	0	0.728	0.511	0.0091404376939302	0.0393304578900001	FGr	10000	A18	C1	1000	10000	0	0.5	300	0.1
143	0.0169796763777851	0.0773591899000003	0	0.49	0.221	0.0169796763777851	0.0773591899000003	NoCorrection	10000	A18	C1	1000	10000	0	0.5	300	0.1
144	0.00518857262464476	0.0321318828250006	0	0.832	0.636	0.00518857262464476	0.0321318828250006	ID	10000	A18	C1	1000	10000	0	0.5	300	0.1
145	0.012049367999	0.012049367999	0	0.323	0.296	0.012049367999	0.012049367999	1	300	A18	C1	10000	100	0	0.5	300	0
146	0.01146873186	0.01146873186	0	0.356	0.328	0.01146873186	0.01146873186	FGr	300	A18	C1	10000	100	0	0.5	300	0
147	0.01162382718	0.01162382718	0	0.319	0.33	0.01162382718	0.01162382718	NoCorrection	300	A18	C1	10000	100	0	0.5	300	0
148	0.013795995115	0.013795995115	0	0.258	0.219	0.013795995115	0.013795995115	ID	300	A18	C1	10000	100	0	0.5	300	0
149	0.015888004625	0.015888004625	0	0.167	0.176	0.015888004625	0.015888004625	1	300	A18	C1	10000	100	0	0.5	300	0.01
150	0.015781930328	0.015781930328	0	0.184	0.19	0.015781930328	0.015781930328	FGr	300	A18	C1	10000	100	0	0.5	300	0.01
151	0.01246985977	0.01246985977	0	0.277	0.29	0.01246985977	0.01246985977	NoCorrection	300	A18	C1	10000	100	0	0.5	300	0.01
152	0.015609315715	0.015609315715	0	0.177	0.19	0.015609315715	0.015609315715	ID	300	A18	C1	10000	100	0	0.5	300	0.01
153	-0.004753802125	-0.00475380212499998	0	0.704	0.678	-0.004753802125	-0.00475380212499998	1	300	A18	C1	10000	100	0	0.5	300	0.03
154	-0.00600596319	-0.00600596319	0	0.604	0.646	-0.00600596319	-0.00600596319	FGr	300	A18	C1	10000	100	0	0.5	300	0.03
155	-0.004926781115	-0.00492678111500001	0	0.682	0.673	-0.004926781115	-0.00492678111500001	NoCorrection	300	A18	C1	10000	100	0	0.5	300	0.03
156	-0.00886360769	-0.00886360769	0	0.466	0.44	-0.00886360769	-0.00886360769	ID	300	A18	C1	10000	100	0	0.5	300	0.03
157	-0.0020517422575	-0.00205174225749999	0	0.887	0.86	-0.0020517422575	-0.00205174225749999	1	300	A18	C1	10000	100	0	0.5	300	0.1
158	0.0359250282	0.0359250282	0	0.008	0.014	0.0359250282	0.0359250282	FGr	300	A18	C1	10000	100	0	0.5	300	0.1
159	0.04897863541	0.04897863541	0	0.003	0.001	0.04897863541	0.04897863541	NoCorrection	300	A18	C1	10000	100	0	0.5	300	0.1
160	-0.004198991051	-0.00419899105099999	0	0.771	0.726	-0.004198991051	-0.00419899105099999	ID	300	A18	C1	10000	100	0	0.5	300	0.1
161	-0.011693969125	-0.00050852049999999	0	0.259	0.986	-0.011693969125	-0.00050852049999999	1	1000	A18	C1	10000	100	0	0.5	300	0
162	-0.000619382214500004	0.034782215	0	0.953	0.051	-0.000619382214500004	0.034782215	FGr	1000	A18	C1	10000	100	0	0.5	300	0
163	0.00472857488500002	0.0539922515	0	0.661	0.003	0.00472857488500002	0.0539922515	NoCorrection	1000	A18	C1	10000	100	0	0.5	300	0
164	-0.00924934801450001	0.00793202650000004	0	0.381	0.653	-0.00924934801450001	0.00793202650000004	ID	1000	A18	C1	10000	100	0	0.5	300	0
165	0.005158778895	0.014890422	0	0.697	0.455	0.005158778895	0.014890422	1	1000	A18	C1	10000	100	0	0.5	300	0.01
166	0.009416085833	0.026834207	0	0.477	0.16	0.009416085833	0.026834207	FGr	1000	A18	C1	10000	100	0	0.5	300	0.01
167	0.0065332247305	0.0165769755	0	0.596	0.402	0.0065332247305	0.0165769755	NoCorrection	1000	A18	C1	10000	100	0	0.5	300	0.01
168	0.00430471815200001	0.0136609465	0	0.737	0.456	0.00430471815200001	0.0136609465	ID	1000	A18	C1	10000	100	0	0.5	300	0.01
169	0.003387569907	-0.013225331	0	0.799	0.526	0.003387569907	-0.013225331	1	1000	A18	C1	10000	100	0	0.5	300	0.03
170	0.00970517802	0.0114210805	0	0.465	0.576	0.00970517802	0.0114210805	FGr	1000	A18	C1	10000	100	0	0.5	300	0.03
171	0.01866073506	0.0343236375	0	0.184	0.099	0.01866073506	0.0343236375	NoCorrection	1000	A18	C1	10000	100	0	0.5	300	0.03
172	0.005877397039	0.00421894149999999	0	0.692	0.843	0.005877397039	0.00421894149999999	ID	1000	A18	C1	10000	100	0	0.5	300	0.03
173	0.00467521714000001	0.020486866	0	0.703	0.28	0.00467521714000001	0.020486866	1	1000	A18	C1	10000	100	0	0.5	300	0.1
174	0.01088023365	0.0309344525	0	0.364	0.09	0.01088023365	0.0309344525	FGr	1000	A18	C1	10000	100	0	0.5	300	0.1
175	0.0285229258381	0.0748790555	0	0.019	0.001	0.0285229258381	0.0748790555	NoCorrection	1000	A18	C1	10000	100	0	0.5	300	0.1
176	0.00320477404000001	0.0155999945	0	0.799	0.411	0.00320477404000001	0.0155999945	ID	1000	A18	C1	10000	100	0	0.5	300	0.1
177	9.33412050000063e-05	0.049926092	0	0.994	0.12	9.33412050000063e-05	0.049926092	1	10000	A18	C1	10000	100	0	0.5	300	0
178	-0.001086293973	0.043013163	0	0.948	0.169	-0.001086293973	0.043013163	FGr	10000	A18	C1	10000	100	0	0.5	300	0
179	-0.007466216155	0.00732737500000001	0	0.562	0.806	-0.007466216155	0.00732737500000001	NoCorrection	10000	A18	C1	10000	100	0	0.5	300	0
180	-0.000150290215000001	0.0497349415	0	0.988	0.109	-0.000150290215000001	0.0497349415	ID	10000	A18	C1	10000	100	0	0.5	300	0
181	0.0079830818985	0.0719253985	0	0.522	0.027	0.0079830818985	0.0719253985	1	10000	A18	C1	10000	100	0	0.5	300	0.01
182	0.00902464648500001	0.0776713535	0	0.487	0.013	0.00902464648500001	0.0776713535	FGr	10000	A18	C1	10000	100	0	0.5	300	0.01
183	0.02218052652	0.151306731	0	0.085	0	0.02218052652	0.151306731	NoCorrection	10000	A18	C1	10000	100	0	0.5	300	0.01
184	0.008496805035	0.0771739865	0	0.53	0.013	0.008496805035	0.0771739865	ID	10000	A18	C1	10000	100	0	0.5	300	0.01
185	-0.027278311208	-0.01095786	0	0.049	0.719	-0.027278311208	-0.01095786	1	10000	A18	C1	10000	100	0	0.5	300	0.03
186	-0.030500336732	-0.0317572265	0	0.033	0.305	-0.030500336732	-0.0317572265	FGr	10000	A18	C1	10000	100	0	0.5	300	0.03
187	-0.022858817595	0.019020877	0	0.085	0.536	-0.022858817595	0.019020877	NoCorrection	10000	A18	C1	10000	100	0	0.5	300	0.03
188	-0.0281741299275	-0.022138825	0	0.041	0.475	-0.0281741299275	-0.022138825	ID	10000	A18	C1	10000	100	0	0.5	300	0.03
189	-0.011822440326	0.0280266725	0	0.31	0.362	-0.011822440326	0.0280266725	1	10000	A18	C1	10000	100	0	0.5	300	0.1
190	-0.011106993533	0.038376449	0	0.341	0.206	-0.011106993533	0.038376449	FGr	10000	A18	C1	10000	100	0	0.5	300	0.1
191	0.0116586274205	0.1504176095	0	0.328	0	0.0116586274205	0.1504176095	NoCorrection	10000	A18	C1	10000	100	0	0.5	300	0.1
192	-0.0108662592075	0.039785666	0	0.369	0.219	-0.0108662592075	0.039785666	ID	10000	A18	C1	10000	100	0	0.5	300	0.1
193	-0.00274776266704996	-0.00274776266704998	0	0.747	0.705	-0.00274776266704996	-0.00274776266704998	1	300	A18	C1	10000	1000	0	0.5	300	0
194	-0.00964807716204999	-0.00964807716204997	0	0.264	0.225	-0.00964807716204999	-0.00964807716204997	FGr	300	A18	C1	10000	1000	0	0.5	300	0
195	-0.00665006010924996	-0.00665006010924997	0	0.395	0.418	-0.00665006010924996	-0.00665006010924997	NoCorrection	300	A18	C1	10000	1000	0	0.5	300	0
196	-0.00841159885799995	-0.00841159885799997	0	0.291	0.276	-0.00841159885799995	-0.00841159885799997	ID	300	A18	C1	10000	1000	0	0.5	300	0
197	-0.000275572329500003	-0.000275572329500002	0	0.976	0.973	-0.000275572329500003	-0.000275572329500002	1	300	A18	C1	10000	1000	0	0.5	300	0.01
198	0.00342954401415	0.00342954401415002	0	0.732	0.695	0.00342954401415	0.00342954401415002	FGr	300	A18	C1	10000	1000	0	0.5	300	0.01
199	0.00566482430155001	0.00566482430155002	0	0.535	0.552	0.00566482430155001	0.00566482430155002	NoCorrection	300	A18	C1	10000	1000	0	0.5	300	0.01
200	-0.0034800839	-0.0034800839	0	0.711	0.692	-0.0034800839	-0.0034800839	ID	300	A18	C1	10000	1000	0	0.5	300	0.01
201	0.00564003171300004	0.00564003171300001	0	0.536	0.519	0.00564003171300004	0.00564003171300001	1	300	A18	C1	10000	1000	0	0.5	300	0.03
202	0.0127742461755	0.0127742461755	0	0.162	0.156	0.0127742461755	0.0127742461755	FGr	300	A18	C1	10000	1000	0	0.5	300	0.03
203	0.0200381106215	0.0200381106215	0	0.024	0.024	0.0200381106215	0.0200381106215	NoCorrection	300	A18	C1	10000	1000	0	0.5	300	0.03
204	0.00330249338109999	0.00330249338109997	0	0.714	0.707	0.00330249338109999	0.00330249338109997	ID	300	A18	C1	10000	1000	0	0.5	300	0.03
205	0.00182816322749999	0.00182816322749998	0	0.834	0.822	0.00182816322749999	0.00182816322749998	1	300	A18	C1	10000	1000	0	0.5	300	0.1
206	0.0188629225585	0.0188629225585	0	0.024	0.035	0.0188629225585	0.0188629225585	FGr	300	A18	C1	10000	1000	0	0.5	300	0.1
207	0.033007992912	0.0330079929119999	0	0	0	0.033007992912	0.0330079929119999	NoCorrection	300	A18	C1	10000	1000	0	0.5	300	0.1
208	-0.00488309870500001	-0.004883098705	0	0.58	0.542	-0.00488309870500001	-0.004883098705	ID	300	A18	C1	10000	1000	0	0.5	300	0.1
209	0.000174218732399955	-0.00332226575000008	0	0.991	0.82	0.000174218732399955	-0.00332226575000008	1	1000	A18	C1	10000	1000	0	0.5	300	0
210	-0.00247282019250003	-0.0116708214000001	0	0.807	0.454	-0.00247282019250003	-0.0116708214000001	FGr	1000	A18	C1	10000	1000	0	0.5	300	0
211	-0.00456940603999996	-0.0165661191	0	0.65	0.263	-0.00456940603999996	-0.0165661191	NoCorrection	1000	A18	C1	10000	1000	0	0.5	300	0
212	0.00351061772587002	0.0043338042	0	0.715	0.768	0.00351061772587002	0.0043338042	ID	1000	A18	C1	10000	1000	0	0.5	300	0
213	0.0137124173863	0.0137683243	0	0.168	0.339	0.0137124173863	0.0137683243	1	1000	A18	C1	10000	1000	0	0.5	300	0.01
214	0.0171578243132	0.020455495	0	0.096	0.15	0.0171578243132	0.020455495	FGr	1000	A18	C1	10000	1000	0	0.5	300	0.01
215	0.0184261142177999	0.02284316095	0	0.057	0.1	0.0184261142177999	0.02284316095	NoCorrection	1000	A18	C1	10000	1000	0	0.5	300	0.01
216	0.014670305867	0.01690332965	0	0.114	0.233	0.014670305867	0.01690332965	ID	1000	A18	C1	10000	1000	0	0.5	300	0.01
217	0.00353049768960004	0.0109562305	0	0.714	0.424	0.00353049768960004	0.0109562305	1	1000	A18	C1	10000	1000	0	0.5	300	0.03
218	0.00335931608600002	0.0101005348	0	0.704	0.462	0.00335931608600002	0.0101005348	FGr	1000	A18	C1	10000	1000	0	0.5	300	0.03
219	0.007656455673	0.02142525065	0	0.368	0.143	0.007656455673	0.02142525065	NoCorrection	1000	A18	C1	10000	1000	0	0.5	300	0.03
220	0.00261115027399995	0.00384047560000002	0	0.777	0.791	0.00261115027399995	0.00384047560000002	ID	1000	A18	C1	10000	1000	0	0.5	300	0.03
221	0.0094671270684	0.00879912000000001	0	0.29	0.5	0.0094671270684	0.00879912000000001	1	1000	A18	C1	10000	1000	0	0.5	300	0.1
222	0.023929963109	0.0483598844499999	0	0.007	0	0.023929963109	0.0483598844499999	FGr	1000	A18	C1	10000	1000	0	0.5	300	0.1
223	0.03888268242985	0.0787094743499999	0	0	0	0.03888268242985	0.0787094743499999	NoCorrection	1000	A18	C1	10000	1000	0	0.5	300	0.1
224	0.0111180378675	0.01177761375	0	0.211	0.39	0.0111180378675	0.01177761375	ID	1000	A18	C1	10000	1000	0	0.5	300	0.1
225	0.00904154013829999	-0.0135360763500003	0	0.393	0.519	0.00904154013829999	-0.0135360763500003	1	10000	A18	C1	10000	1000	0	0.5	300	0
226	0.00813107974969999	-0.0139342503	0	0.452	0.546	0.00813107974969999	-0.0139342503	FGr	10000	A18	C1	10000	1000	0	0.5	300	0
227	0.0078558842537	-0.0201758159999999	0	0.468	0.379	0.0078558842537	-0.0201758159999999	NoCorrection	10000	A18	C1	10000	1000	0	0.5	300	0
228	0.0071642231241	-0.0207640967999999	0	0.496	0.324	0.0071642231241	-0.0207640967999999	ID	10000	A18	C1	10000	1000	0	0.5	300	0
229	-0.00427282028749999	0.0299033032	0	0.604	0.179	-0.00427282028749999	0.0299033032	1	10000	A18	C1	10000	1000	0	0.5	300	0.01
230	-0.00544228756979999	0.0209200499	0	0.525	0.336	-0.00544228756979999	0.0209200499	FGr	10000	A18	C1	10000	1000	0	0.5	300	0.01
231	-0.004699669953	0.01847881025	0	0.566	0.386	-0.004699669953	0.01847881025	NoCorrection	10000	A18	C1	10000	1000	0	0.5	300	0.01
232	-0.00328796038179999	0.0345299904	0	0.696	0.119	-0.00328796038179999	0.0345299904	ID	10000	A18	C1	10000	1000	0	0.5	300	0.01
233	0.00699182986825001	0.01550886405	0	0.404	0.531	0.00699182986825001	0.01550886405	1	10000	A18	C1	10000	1000	0	0.5	300	0.03
234	0.00806052870730001	0.02090222855	0	0.343	0.424	0.00806052870730001	0.02090222855	FGr	10000	A18	C1	10000	1000	0	0.5	300	0.03
235	0.0255267345796	0.12047549475	0	0.003	0	0.0255267345796	0.12047549475	NoCorrection	10000	A18	C1	10000	1000	0	0.5	300	0.03
236	0.0071121997085	0.01889365605	0	0.402	0.448	0.0071121997085	0.01889365605	ID	10000	A18	C1	10000	1000	0	0.5	300	0.03
237	0.0167724281406	0.00251209144999982	0	0.078	0.892	0.0167724281406	0.00251209144999982	1	10000	A18	C1	10000	1000	0	0.5	300	0.1
238	0.017102247212	0.00688148960000004	0	0.082	0.747	0.017102247212	0.00688148960000004	FGr	10000	A18	C1	10000	1000	0	0.5	300	0.1
239	0.04739893185735	0.20892999025	0	0	0	0.04739893185735	0.20892999025	NoCorrection	10000	A18	C1	10000	1000	0	0.5	300	0.1
240	0.0174263869695	0.0081225916999999	0	0.069	0.737	0.0174263869695	0.0081225916999999	ID	10000	A18	C1	10000	1000	0	0.5	300	0.1
241	-0.0033588058834	-0.00335880588339999	0	0.689	0.694	-0.0033588058834	-0.00335880588339999	1	300	A18	C1	10000	10000	0	0.5	300	0
242	-0.0052784605041	-0.0052784605041	0	0.512	0.534	-0.0052784605041	-0.0052784605041	FGr	300	A18	C1	10000	10000	0	0.5	300	0
243	-0.00541972062809999	-0.00541972062809999	0	0.541	0.502	-0.00541972062809999	-0.00541972062809999	NoCorrection	300	A18	C1	10000	10000	0	0.5	300	0
244	-0.00457746062215002	-0.00457746062215003	0	0.556	0.557	-0.00457746062215002	-0.00457746062215003	ID	300	A18	C1	10000	10000	0	0.5	300	0
245	-0.01165450979321	-0.01165450979321	0	0.226	0.212	-0.01165450979321	-0.01165450979321	1	300	A18	C1	10000	10000	0	0.5	300	0.01
246	-0.00847920754034999	-0.00847920754035	0	0.405	0.401	-0.00847920754034999	-0.00847920754035	FGr	300	A18	C1	10000	10000	0	0.5	300	0.01
247	-0.0124053045297	-0.0124053045297	0	0.202	0.229	-0.0124053045297	-0.0124053045297	NoCorrection	300	A18	C1	10000	10000	0	0.5	300	0.01
248	-0.00987276568563997	-0.00987276568563997	0	0.331	0.338	-0.00987276568563997	-0.00987276568563997	ID	300	A18	C1	10000	10000	0	0.5	300	0.01
249	0.00577165771389998	0.00577165771389998	0	0.448	0.452	0.00577165771389998	0.00577165771389998	1	300	A18	C1	10000	10000	0	0.5	300	0.03
250	0.0108676265088501	0.01086762650885	0	0.155	0.135	0.0108676265088501	0.01086762650885	FGr	300	A18	C1	10000	10000	0	0.5	300	0.03
251	0.0149447730755851	0.0149447730755851	0	0.056	0.058	0.0149447730755851	0.0149447730755851	NoCorrection	300	A18	C1	10000	10000	0	0.5	300	0.03
252	0.00296153219122498	0.00296153219122498	0	0.681	0.658	0.00296153219122498	0.00296153219122498	ID	300	A18	C1	10000	10000	0	0.5	300	0.03
253	0.00759416602894005	0.00759416602894004	0	0.338	0.346	0.00759416602894005	0.00759416602894004	1	300	A18	C1	10000	10000	0	0.5	300	0.1
254	0.0229015128318384	0.0229015128318384	0	0.003	0.006	0.0229015128318384	0.0229015128318384	FGr	300	A18	C1	10000	10000	0	0.5	300	0.1
255	0.03776517671445	0.03776517671445	0	0	0	0.03776517671445	0.03776517671445	NoCorrection	300	A18	C1	10000	10000	0	0.5	300	0.1
256	0.0046082393260501	0.00460823932605008	0	0.543	0.56	0.0046082393260501	0.00460823932605008	ID	300	A18	C1	10000	10000	0	0.5	300	0.1
257	0.00433685371030013	-0.00607025131500008	0	0.63	0.62	0.00433685371030013	-0.00607025131500008	1	1000	A18	C1	10000	10000	0	0.5	300	0
258	0.00663977954105013	-0.00108658445499995	0	0.377	0.951	0.00663977954105013	-0.00108658445499995	FGr	1000	A18	C1	10000	10000	0	0.5	300	0
259	0.0150317318216001	0.01434636518	0	0.054	0.277	0.0150317318216001	0.01434636518	NoCorrection	1000	A18	C1	10000	10000	0	0.5	300	0
260	0.0050621203205701	-0.006505082835	0	0.534	0.639	0.0050621203205701	-0.006505082835	ID	1000	A18	C1	10000	10000	0	0.5	300	0
261	0.0117315124388198	0.00939812619500017	0	0.264	0.503	0.0117315124388198	0.00939812619500017	1	1000	A18	C1	10000	10000	0	0.5	300	0.01
262	0.0177406811844501	0.0245884049200003	0	0.098	0.074	0.0177406811844501	0.0245884049200003	FGr	1000	A18	C1	10000	10000	0	0.5	300	0.01
263	0.0169858020917501	0.023229982485	0	0.099	0.074	0.0169858020917501	0.023229982485	NoCorrection	1000	A18	C1	10000	10000	0	0.5	300	0.01
264	0.0136721768511497	0.0128758778499999	0	0.174	0.365	0.0136721768511497	0.0128758778499999	ID	1000	A18	C1	10000	10000	0	0.5	300	0.01
265	0.00292260126790003	-0.00457506330499996	0	0.749	0.749	0.00292260126790003	-0.00457506330499996	1	1000	A18	C1	10000	10000	0	0.5	300	0.03
266	0.00591829507432499	0.000301122270000009	0	0.532	0.985	0.00591829507432499	0.000301122270000009	FGr	1000	A18	C1	10000	10000	0	0.5	300	0.03
267	0.00270094757928005	-0.00595785669000022	0	0.745	0.655	0.00270094757928005	-0.00595785669000022	NoCorrection	1000	A18	C1	10000	10000	0	0.5	300	0.03
268	0.00579849855546996	0.000352361000000012	0	0.549	0.974	0.00579849855546996	0.000352361000000012	ID	1000	A18	C1	10000	10000	0	0.5	300	0.03
269	0.003511959207815	-0.00428267695999985	0	0.698	0.768	0.003511959207815	-0.00428267695999985	1	1000	A18	C1	10000	10000	0	0.5	300	0.1
270	0.0181761868301701	0.02915471316	0	0.046	0.053	0.0181761868301701	0.02915471316	FGr	1000	A18	C1	10000	10000	0	0.5	300	0.1
271	0.035830094639	0.0732343721799999	0	0.001	0	0.035830094639	0.0732343721799999	NoCorrection	1000	A18	C1	10000	10000	0	0.5	300	0.1
272	0.00347918790361401	-0.00416679055499996	0	0.657	0.766	0.00347918790361401	-0.00416679055499996	ID	1000	A18	C1	10000	10000	0	0.5	300	0.1
273	-0.00899158565315003	-0.02965737519	0	0.3	0.177	-0.00899158565315003	-0.02965737519	1	10000	A18	C1	10000	10000	0	0.5	300	0
274	-0.010095158736265	-0.035742779445	0	0.222	0.1	-0.010095158736265	-0.035742779445	FGr	10000	A18	C1	10000	10000	0	0.5	300	0
275	-0.00204544873920001	0.024727203075	0	0.799	0.254	-0.00204544873920001	0.024727203075	NoCorrection	10000	A18	C1	10000	10000	0	0.5	300	0
276	-0.00828321250275	-0.0229549817850001	0	0.335	0.317	-0.00828321250275	-0.0229549817850001	ID	10000	A18	C1	10000	10000	0	0.5	300	0
277	0.0100258316537	-0.0236878470399999	0	0.17	0.235	0.0100258316537	-0.0236878470399999	1	10000	A18	C1	10000	10000	0	0.5	300	0.01
278	0.01005217282159	-0.0240571891850001	0	0.175	0.188	0.01005217282159	-0.0240571891850001	FGr	10000	A18	C1	10000	10000	0	0.5	300	0.01
279	0.01052787261865	-0.0172062777200004	0	0.151	0.379	0.01052787261865	-0.0172062777200004	NoCorrection	10000	A18	C1	10000	10000	0	0.5	300	0.01
280	0.00984795505243001	-0.0243166036749998	0	0.185	0.213	0.00984795505243001	-0.0243166036749998	ID	10000	A18	C1	10000	10000	0	0.5	300	0.01
281	-0.00314720568937475	0.021635767315	0	0.655	0.277	-0.00314720568937475	0.021635767315	1	10000	A18	C1	10000	10000	0	0.5	300	0.03
282	-0.00215054258790021	0.03087990812	0	0.772	0.115	-0.00215054258790021	0.03087990812	FGr	10000	A18	C1	10000	10000	0	0.5	300	0.03
283	-0.000833277472249883	0.036003531035	0	0.921	0.079	-0.000833277472249883	0.036003531035	NoCorrection	10000	A18	C1	10000	10000	0	0.5	300	0.03
284	-0.00229580820530507	0.02942352683	0	0.768	0.117	-0.00229580820530507	0.02942352683	ID	10000	A18	C1	10000	10000	0	0.5	300	0.03
285	-0.00588289834441001	0.0134962786349992	0	0.533	0.537	-0.00588289834441001	0.0134962786349992	1	10000	A18	C1	10000	10000	0	0.5	300	0.1
286	-0.00216415291961496	0.0256108515150004	0	0.8	0.231	-0.00216415291961496	0.0256108515150004	FGr	10000	A18	C1	10000	10000	0	0.5	300	0.1
287	0.0343444878415597	0.291622478385	0	0	0	0.0343444878415597	0.291622478385	NoCorrection	10000	A18	C1	10000	10000	0	0.5	300	0.1
288	-0.00422174384923996	0.0162801369750002	0	0.622	0.441	-0.00422174384923996	0.0162801369750002	ID	10000	A18	C1	10000	10000	0	0.5	300	0.1
289	0.015363739601	0.015363739601	0	0.655	0.681	0.015363739601	0.015363739601	1	300	A18	C2	1000	100	0	0.5	300	0
290	0.016143032439	0.016143032439	0	0.66	0.641	0.016143032439	0.016143032439	FGr	300	A18	C2	1000	100	0	0.5	300	0
291	0.014693610915	0.014693610915	0	0.664	0.688	0.014693610915	0.014693610915	NoCorrection	300	A18	C2	1000	100	0	0.5	300	0
292	0.01455343493	0.01455343493	0	0.676	0.688	0.01455343493	0.01455343493	ID	300	A18	C2	1000	100	0	0.5	300	0
293	-0.0115470104	-0.0115470104	0	0.748	0.751	-0.0115470104	-0.0115470104	1	300	A18	C2	1000	100	0	0.5	300	0.01
294	-0.00617613068500001	-0.00617613068500003	0	0.856	0.865	-0.00617613068500001	-0.00617613068500003	FGr	300	A18	C2	1000	100	0	0.5	300	0.01
295	-0.0106116309749999	-0.010611630975	0	0.774	0.792	-0.0106116309749999	-0.010611630975	NoCorrection	300	A18	C2	1000	100	0	0.5	300	0.01
296	-0.01135550492	-0.01135550492	0	0.726	0.748	-0.01135550492	-0.01135550492	ID	300	A18	C2	1000	100	0	0.5	300	0.01
297	-0.040275034497	-0.0402750344969999	0	0.234	0.221	-0.040275034497	-0.0402750344969999	1	300	A18	C2	1000	100	0	0.5	300	0.03
298	-0.037511938188	-0.037511938188	0	0.293	0.291	-0.037511938188	-0.037511938188	FGr	300	A18	C2	1000	100	0	0.5	300	0.03
299	-0.039401298967	-0.039401298967	0	0.244	0.263	-0.039401298967	-0.039401298967	NoCorrection	300	A18	C2	1000	100	0	0.5	300	0.03
300	-0.040909235	-0.040909235	0	0.215	0.226	-0.040909235	-0.040909235	ID	300	A18	C2	1000	100	0	0.5	300	0.03
301	0.02494542278	0.02494542278	0	0.512	0.485	0.02494542278	0.02494542278	1	300	A18	C2	1000	100	0	0.5	300	0.1
302	0.021581262695	0.021581262695	0	0.563	0.571	0.021581262695	0.021581262695	FGr	300	A18	C2	1000	100	0	0.5	300	0.1
303	0.02698329307	0.02698329307	0	0.468	0.469	0.02698329307	0.02698329307	NoCorrection	300	A18	C2	1000	100	0	0.5	300	0.1
304	0.025947358345	0.025947358345	0	0.465	0.489	0.025947358345	0.025947358345	ID	300	A18	C2	1000	100	0	0.5	300	0.1
305	0.00950845727449999	-0.00849729999999996	0	0.777	0.872	0.00950845727449999	-0.00849729999999996	1	1000	A18	C2	1000	100	0	0.5	300	0
306	0.01116551771	-0.00405792100000001	0	0.752	0.943	0.01116551771	-0.00405792100000001	FGr	1000	A18	C2	1000	100	0	0.5	300	0
307	0.00869616964499999	-0.0034245005	0	0.806	0.953	0.00869616964499999	-0.0034245005	NoCorrection	1000	A18	C2	1000	100	0	0.5	300	0
308	0.00959705131499997	-0.006108931	0	0.783	0.927	0.00959705131499997	-0.006108931	ID	1000	A18	C2	1000	100	0	0.5	300	0
309	0.036167546791	3.74170000000085e-05	0	0.174	1	0.036167546791	3.74170000000085e-05	1	1000	A18	C2	1000	100	0	0.5	300	0.01
310	0.03394251862	-0.00918489900000002	0	0.236	0.85	0.03394251862	-0.00918489900000002	FGr	1000	A18	C2	1000	100	0	0.5	300	0.01
311	0.035038011607	-0.00577119950000002	0	0.222	0.908	0.035038011607	-0.00577119950000002	NoCorrection	1000	A18	C2	1000	100	0	0.5	300	0.01
312	0.0353949084789999	-0.00618299999999999	0	0.203	0.897	0.0353949084789999	-0.00618299999999999	ID	1000	A18	C2	1000	100	0	0.5	300	0.01
313	0.02458393616	0.0118140005000001	0	0.538	0.856	0.02458393616	0.0118140005000001	1	1000	A18	C2	1000	100	0	0.5	300	0.03
314	0.02773791955	-0.0052312405	0	0.479	0.931	0.02773791955	-0.0052312405	FGr	1000	A18	C2	1000	100	0	0.5	300	0.03
315	0.02423015748	-0.00298005249999998	0	0.509	0.954	0.02423015748	-0.00298005249999998	NoCorrection	1000	A18	C2	1000	100	0	0.5	300	0.03
316	0.024195495172	0.0108414759999999	0	0.531	0.852	0.024195495172	0.0108414759999999	ID	1000	A18	C2	1000	100	0	0.5	300	0.03
317	-0.0649112686	-0.068054781	0	0.054	0.205	-0.0649112686	-0.068054781	1	1000	A18	C2	1000	100	0	0.5	300	0.1
318	-0.069333306415	-0.0293826235	0	0.025	0.581	-0.069333306415	-0.0293826235	FGr	1000	A18	C2	1000	100	0	0.5	300	0.1
319	-0.06845384248	-0.0331222415	0	0.034	0.541	-0.06845384248	-0.0331222415	NoCorrection	1000	A18	C2	1000	100	0	0.5	300	0.1
320	-0.06559682755589	-0.0758419320000001	0	0.038	0.18	-0.06559682755589	-0.0758419320000001	ID	1000	A18	C2	1000	100	0	0.5	300	0.1
321	-0.02138458358	0.0865843475	0	0.579	0.336	-0.02138458358	0.0865843475	1	10000	A18	C2	1000	100	0	0.5	300	0
322	-0.022550996385	0.0468862909999999	0	0.519	0.605	-0.022550996385	0.0468862909999999	FGr	10000	A18	C2	1000	100	0	0.5	300	0
323	-0.0226314388485	0.0430059529999999	0	0.539	0.617	-0.0226314388485	0.0430059529999999	NoCorrection	10000	A18	C2	1000	100	0	0.5	300	0
324	-0.0220552033705	0.068779165	0	0.53	0.446	-0.0220552033705	0.068779165	ID	10000	A18	C2	1000	100	0	0.5	300	0
325	-0.01864164646	0.00272926600000007	0	0.596	0.971	-0.01864164646	0.00272926600000007	1	10000	A18	C2	1000	100	0	0.5	300	0.01
326	-0.01434497435	-0.0468177034999997	0	0.675	0.557	-0.01434497435	-0.0468177034999997	FGr	10000	A18	C2	1000	100	0	0.5	300	0.01
327	-0.014350163351	-0.0312936380000001	0	0.705	0.681	-0.014350163351	-0.0312936380000001	NoCorrection	10000	A18	C2	1000	100	0	0.5	300	0.01
328	-0.01776073934	-0.00905328500000007	0	0.62	0.919	-0.01776073934	-0.00905328500000007	ID	10000	A18	C2	1000	100	0	0.5	300	0.01
329	-0.0178830103699999	-0.104697435	0	0.615	0.259	-0.0178830103699999	-0.104697435	1	10000	A18	C2	1000	100	0	0.5	300	0.03
330	-0.01855226388	-0.105938575	0	0.59	0.216	-0.01855226388	-0.105938575	FGr	10000	A18	C2	1000	100	0	0.5	300	0.03
331	-0.018722590721	-0.1158205075	0	0.579	0.178	-0.018722590721	-0.1158205075	NoCorrection	10000	A18	C2	1000	100	0	0.5	300	0.03
332	-0.017722564307	-0.113907765	0	0.619	0.203	-0.017722564307	-0.113907765	ID	10000	A18	C2	1000	100	0	0.5	300	0.03
333	-0.00171663929999999	-0.0020301575000001	0	0.969	0.974	-0.00171663929999999	-0.0020301575000001	1	10000	A18	C2	1000	100	0	0.5	300	0.1
334	0.00321124555499997	0.0178035419999999	0	0.911	0.842	0.00321124555499997	0.0178035419999999	FGr	10000	A18	C2	1000	100	0	0.5	300	0.1
335	0.00312317779999998	0.0262404650000001	0	0.932	0.743	0.00312317779999998	0.0262404650000001	NoCorrection	10000	A18	C2	1000	100	0	0.5	300	0.1
336	-0.000973704005000009	0.022575572	0	0.977	0.796	-0.000973704005000009	0.022575572	ID	10000	A18	C2	1000	100	0	0.5	300	0.1
337	-0.004934502017	-0.00493450201699999	0	0.846	0.849	-0.004934502017	-0.00493450201699999	1	300	A18	C2	1000	1000	0	0.5	300	0
338	-0.0045632455171	-0.00456324551709999	0	0.846	0.834	-0.0045632455171	-0.00456324551709999	FGr	300	A18	C2	1000	1000	0	0.5	300	0
339	-0.00453732928490001	-0.0045373292849	0	0.857	0.829	-0.00453732928490001	-0.0045373292849	NoCorrection	300	A18	C2	1000	1000	0	0.5	300	0
340	-0.0046392136265	-0.00463921362650001	0	0.848	0.856	-0.0046392136265	-0.00463921362650001	ID	300	A18	C2	1000	1000	0	0.5	300	0
341	-0.0081011054367	-0.0081011054367	0	0.756	0.72	-0.0081011054367	-0.0081011054367	1	300	A18	C2	1000	1000	0	0.5	300	0.01
342	-0.00846482786405	-0.00846482786405	0	0.722	0.745	-0.00846482786405	-0.00846482786405	FGr	300	A18	C2	1000	1000	0	0.5	300	0.01
343	-0.00877405496895005	-0.00877405496895002	0	0.721	0.703	-0.00877405496895005	-0.00877405496895002	NoCorrection	300	A18	C2	1000	1000	0	0.5	300	0.01
344	-0.00872155578750003	-0.00872155578750002	0	0.742	0.739	-0.00872155578750003	-0.00872155578750002	ID	300	A18	C2	1000	1000	0	0.5	300	0.01
345	-0.00320028460499995	-0.00320028460499994	0	0.886	0.878	-0.00320028460499995	-0.00320028460499994	1	300	A18	C2	1000	1000	0	0.5	300	0.03
346	-0.00325385495800014	-0.00325385495800011	0	0.864	0.891	-0.00325385495800014	-0.00325385495800011	FGr	300	A18	C2	1000	1000	0	0.5	300	0.03
347	-0.00292559019249997	-0.00292559019249991	0	0.908	0.893	-0.00292559019249997	-0.00292559019249991	NoCorrection	300	A18	C2	1000	1000	0	0.5	300	0.03
348	-0.00323594553949998	-0.0032359455395	0	0.892	0.87	-0.00323594553949998	-0.0032359455395	ID	300	A18	C2	1000	1000	0	0.5	300	0.03
349	0.00981109343649998	0.00981109343649996	0	0.712	0.68	0.00981109343649998	0.00981109343649996	1	300	A18	C2	1000	1000	0	0.5	300	0.1
350	0.0105882320395	0.0105882320395	0	0.682	0.677	0.0105882320395	0.0105882320395	FGr	300	A18	C2	1000	1000	0	0.5	300	0.1
351	0.0104112049335	0.0104112049335	0	0.685	0.684	0.0104112049335	0.0104112049335	NoCorrection	300	A18	C2	1000	1000	0	0.5	300	0.1
352	0.010482954251	0.010482954251	0	0.658	0.657	0.010482954251	0.010482954251	ID	300	A18	C2	1000	1000	0	0.5	300	0.1
353	-3.86578800000378e-05	-0.0154468044000001	0	0.998	0.641	-3.86578800000378e-05	-0.0154468044000001	1	1000	A18	C2	1000	1000	0	0.5	300	0
354	-9.59985324999436e-05	-0.00523834974999997	0	0.995	0.876	-9.59985324999436e-05	-0.00523834974999997	FGr	1000	A18	C2	1000	1000	0	0.5	300	0
355	-0.000949802115000022	-0.0088517347	0	0.952	0.772	-0.000949802115000022	-0.0088517347	NoCorrection	1000	A18	C2	1000	1000	0	0.5	300	0
356	-0.000403280932999953	-0.00939744865000015	0	0.985	0.805	-0.000403280932999953	-0.00939744865000015	ID	1000	A18	C2	1000	1000	0	0.5	300	0
357	-0.0167212182625	-0.00182774919999999	0	0.428	0.976	-0.0167212182625	-0.00182774919999999	1	1000	A18	C2	1000	1000	0	0.5	300	0.01
358	-0.01517628369	-0.00592808410000008	0	0.493	0.861	-0.01517628369	-0.00592808410000008	FGr	1000	A18	C2	1000	1000	0	0.5	300	0.01
359	-0.0170165456975	-0.00139267339999995	0	0.395	0.976	-0.0170165456975	-0.00139267339999995	NoCorrection	1000	A18	C2	1000	1000	0	0.5	300	0.01
360	-0.0160982596724	-0.00905210134999987	0	0.444	0.804	-0.0160982596724	-0.00905210134999987	ID	1000	A18	C2	1000	1000	0	0.5	300	0.01
361	0.00638827941999997	0.03298469515	0	0.758	0.331	0.00638827941999997	0.03298469515	1	1000	A18	C2	1000	1000	0	0.5	300	0.03
362	0.00662645327319982	0.0337852347	0	0.749	0.31	0.00662645327319982	0.0337852347	FGr	1000	A18	C2	1000	1000	0	0.5	300	0.03
363	0.00617805067899993	0.0328591318	0	0.766	0.338	0.00617805067899993	0.0328591318	NoCorrection	1000	A18	C2	1000	1000	0	0.5	300	0.03
364	0.00624844930899996	0.03369833965	0	0.756	0.321	0.00624844930899996	0.03369833965	ID	1000	A18	C2	1000	1000	0	0.5	300	0.03
365	-0.00859678729599991	-0.0478329152	0	0.663	0.14	-0.00859678729599991	-0.0478329152	1	1000	A18	C2	1000	1000	0	0.5	300	0.1
366	-0.00411307794070001	-0.0487414411500002	0	0.849	0.162	-0.00411307794070001	-0.0487414411500002	FGr	1000	A18	C2	1000	1000	0	0.5	300	0.1
367	-0.00462827143399999	-0.0468499658500001	0	0.825	0.17	-0.00462827143399999	-0.0468499658500001	NoCorrection	1000	A18	C2	1000	1000	0	0.5	300	0.1
368	-0.00835441008999976	-0.0556177906500003	0	0.672	0.101	-0.00835441008999976	-0.0556177906500003	ID	1000	A18	C2	1000	1000	0	0.5	300	0.1
369	0.0191001659362999	0.0637575295	0	0.384	0.305	0.0191001659362999	0.0637575295	1	10000	A18	C2	1000	1000	0	0.5	300	0
370	0.0188934790855	0.0680854097000002	0	0.399	0.258	0.0188934790855	0.0680854097000002	FGr	10000	A18	C2	1000	1000	0	0.5	300	0
371	0.0194729630016	0.0603667370999999	0	0.351	0.333	0.0194729630016	0.0603667370999999	NoCorrection	10000	A18	C2	1000	1000	0	0.5	300	0
372	0.0195873526803	0.057414793	0	0.369	0.329	0.0195873526803	0.057414793	ID	10000	A18	C2	1000	1000	0	0.5	300	0
373	0.0139741919099999	0.00721489799999995	0	0.541	0.892	0.0139741919099999	0.00721489799999995	1	10000	A18	C2	1000	1000	0	0.5	300	0.01
374	0.011096584156	0.0497286070000004	0	0.639	0.359	0.011096584156	0.0497286070000004	FGr	10000	A18	C2	1000	1000	0	0.5	300	0.01
375	0.0122371027086998	0.0456192254000002	0	0.594	0.354	0.0122371027086998	0.0456192254000002	NoCorrection	10000	A18	C2	1000	1000	0	0.5	300	0.01
376	0.014380643219	0.0221093159999995	0	0.518	0.68	0.014380643219	0.0221093159999995	ID	10000	A18	C2	1000	1000	0	0.5	300	0.01
377	-0.00634937413100004	0.0316780915	0	0.767	0.568	-0.00634937413100004	0.0316780915	1	10000	A18	C2	1000	1000	0	0.5	300	0.03
378	-0.00831714168350017	0.0240312088500005	0	0.691	0.635	-0.00831714168350017	0.0240312088500005	FGr	10000	A18	C2	1000	1000	0	0.5	300	0.03
379	-0.00961394314849978	0.0369734990000006	0	0.659	0.47	-0.00961394314849978	0.0369734990000006	NoCorrection	10000	A18	C2	1000	1000	0	0.5	300	0.03
380	-0.00614691075550012	0.0417704734999999	0	0.798	0.455	-0.00614691075550012	0.0417704734999999	ID	10000	A18	C2	1000	1000	0	0.5	300	0.03
381	-0.038896152085	-0.0135364428499995	0	0.053	0.799	-0.038896152085	-0.0135364428499995	1	10000	A18	C2	1000	1000	0	0.5	300	0.1
382	-0.04229111144	-0.00100841044999973	0	0.044	0.985	-0.04229111144	-0.00100841044999973	FGr	10000	A18	C2	1000	1000	0	0.5	300	0.1
383	-0.0417380600851	-0.0134484366000001	0	0.038	0.836	-0.0417380600851	-0.0134484366000001	NoCorrection	10000	A18	C2	1000	1000	0	0.5	300	0.1
384	-0.03841088501075	-0.0115189902499995	0	0.068	0.862	-0.03841088501075	-0.0115189902499995	ID	10000	A18	C2	1000	1000	0	0.5	300	0.1
385	-0.0152405139909502	-0.0152405139909502	0	0.461	0.502	-0.0152405139909502	-0.0152405139909502	1	300	A18	C2	1000	10000	0	0.5	300	0
386	-0.0159630189087998	-0.0159630189087998	0	0.487	0.465	-0.0159630189087998	-0.0159630189087998	FGr	300	A18	C2	1000	10000	0	0.5	300	0
387	-0.0156612507658001	-0.0156612507658001	0	0.459	0.488	-0.0156612507658001	-0.0156612507658001	NoCorrection	300	A18	C2	1000	10000	0	0.5	300	0
388	-0.0132019115998498	-0.0132019115998499	0	0.549	0.56	-0.0132019115998498	-0.0132019115998499	ID	300	A18	C2	1000	10000	0	0.5	300	0
389	0.00338265290089988	0.00338265290089986	0	0.858	0.867	0.00338265290089988	0.00338265290089986	1	300	A18	C2	1000	10000	0	0.5	300	0.01
390	0.00613718228600002	0.00613718228599998	0	0.764	0.778	0.00613718228600002	0.00613718228599998	FGr	300	A18	C2	1000	10000	0	0.5	300	0.01
391	0.00627326281445102	0.00627326281445102	0	0.772	0.756	0.00627326281445102	0.00627326281445102	NoCorrection	300	A18	C2	1000	10000	0	0.5	300	0.01
392	0.00207399695749953	0.00207399695749957	0	0.919	0.919	0.00207399695749953	0.00207399695749957	ID	300	A18	C2	1000	10000	0	0.5	300	0.01
393	0.00635456685879039	0.00635456685879039	0	0.764	0.733	0.00635456685879039	0.00635456685879039	1	300	A18	C2	1000	10000	0	0.5	300	0.03
394	0.00620109758840057	0.00620109758840055	0	0.743	0.741	0.00620109758840057	0.00620109758840055	FGr	300	A18	C2	1000	10000	0	0.5	300	0.03
395	0.00645350423084984	0.0064535042308499	0	0.725	0.746	0.00645350423084984	0.0064535042308499	NoCorrection	300	A18	C2	1000	10000	0	0.5	300	0.03
396	0.00885865166419964	0.00885865166419962	0	0.644	0.617	0.00885865166419964	0.00885865166419962	ID	300	A18	C2	1000	10000	0	0.5	300	0.03
397	-0.04282165191615	-0.04282165191615	0	0.052	0.055	-0.04282165191615	-0.04282165191615	1	300	A18	C2	1000	10000	0	0.5	300	0.1
398	-0.0458954349225494	-0.0458954349225494	0	0.041	0.037	-0.0458954349225494	-0.0458954349225494	FGr	300	A18	C2	1000	10000	0	0.5	300	0.1
399	-0.0462124175666702	-0.0462124175666703	0	0.024	0.029	-0.0462124175666702	-0.0462124175666703	NoCorrection	300	A18	C2	1000	10000	0	0.5	300	0.1
400	-0.0400637864155998	-0.0400637864155998	0	0.057	0.066	-0.0400637864155998	-0.0400637864155998	ID	300	A18	C2	1000	10000	0	0.5	300	0.1
401	0.00560543380840004	0.0386702960149999	0	0.8	0.239	0.00560543380840004	0.0386702960149999	1	1000	A18	C2	1000	10000	0	0.5	300	0
402	0.00485504521700005	0.0415901817149999	0	0.82	0.223	0.00485504521700005	0.0415901817149999	FGr	1000	A18	C2	1000	10000	0	0.5	300	0
403	0.00542533057670008	0.0427439463599999	0	0.802	0.208	0.00542533057670008	0.0427439463599999	NoCorrection	1000	A18	C2	1000	10000	0	0.5	300	0
404	0.00562283827165003	0.04343322654	0	0.812	0.2	0.00562283827165003	0.04343322654	ID	1000	A18	C2	1000	10000	0	0.5	300	0
405	0.0108714595123399	0.0147295111049999	0	0.604	0.645	0.0108714595123399	0.0147295111049999	1	1000	A18	C2	1000	10000	0	0.5	300	0.01
406	0.0104314969746498	0.0185850957200006	0	0.593	0.55	0.0104314969746498	0.0185850957200006	FGr	1000	A18	C2	1000	10000	0	0.5	300	0.01
407	0.0106541654605549	0.01968062465	0	0.599	0.54	0.0106541654605549	0.01968062465	NoCorrection	1000	A18	C2	1000	10000	0	0.5	300	0.01
408	0.0107938212470999	0.0201487322800001	0	0.59	0.537	0.0107938212470999	0.0201487322800001	ID	1000	A18	C2	1000	10000	0	0.5	300	0.01
409	-0.0127351401301006	-0.0466228162150002	0	0.45	0.092	-0.0127351401301006	-0.0466228162150002	1	1000	A18	C2	1000	10000	0	0.5	300	0.03
410	-0.0121286000420005	-0.0341791214450001	0	0.444	0.219	-0.0121286000420005	-0.0341791214450001	FGr	1000	A18	C2	1000	10000	0	0.5	300	0.03
411	-0.0127684645182	-0.0348184876500002	0	0.443	0.191	-0.0127684645182	-0.0348184876500002	NoCorrection	1000	A18	C2	1000	10000	0	0.5	300	0.03
412	-0.0126628683501695	-0.0352202123300001	0	0.421	0.208	-0.0126628683501695	-0.0352202123300001	ID	1000	A18	C2	1000	10000	0	0.5	300	0.03
413	0.0126856604679999	0.010226540155	0	0.508	0.778	0.0126856604679999	0.010226540155	1	1000	A18	C2	1000	10000	0	0.5	300	0.1
414	0.01344562959695	0.01829385421	0	0.491	0.577	0.01344562959695	0.01829385421	FGr	1000	A18	C2	1000	10000	0	0.5	300	0.1
415	0.0125815293455	0.011688456855	0	0.491	0.743	0.0125815293455	0.011688456855	NoCorrection	1000	A18	C2	1000	10000	0	0.5	300	0.1
416	0.0126048773805851	0.00866058318000001	0	0.498	0.792	0.0126048773805851	0.00866058318000001	ID	1000	A18	C2	1000	10000	0	0.5	300	0.1
417	-0.000531594300249999	0.03221744348	0	0.978	0.524	-0.000531594300249999	0.03221744348	1	10000	A18	C2	1000	10000	0	0.5	300	0
418	-0.000825612103450032	0.0241882524750002	0	0.972	0.631	-0.000825612103450032	0.0241882524750002	FGr	10000	A18	C2	1000	10000	0	0.5	300	0
419	-0.000970370016299972	0.0172751673350002	0	0.966	0.746	-0.000970370016299972	0.0172751673350002	NoCorrection	10000	A18	C2	1000	10000	0	0.5	300	0
420	-0.000584360365250003	0.0321841188499997	0	0.974	0.527	-0.000584360365250003	0.0321841188499997	ID	10000	A18	C2	1000	10000	0	0.5	300	0
421	0.0368215169936506	0.049487711394998	0	0.047	0.266	0.0368215169936506	0.049487711394998	1	10000	A18	C2	1000	10000	0	0.5	300	0.01
422	0.0361348704770502	0.0587370919750004	0	0.056	0.173	0.0361348704770502	0.0587370919750004	FGr	10000	A18	C2	1000	10000	0	0.5	300	0.01
423	0.0365519295294995	0.054619112024999	0	0.046	0.205	0.0365519295294995	0.054619112024999	NoCorrection	10000	A18	C2	1000	10000	0	0.5	300	0.01
424	0.0367808722987997	0.0549747610449963	0	0.041	0.205	0.0367808722987997	0.0549747610449963	ID	10000	A18	C2	1000	10000	0	0.5	300	0.01
425	0.0473267676074	-0.02026843145	0	0.003	0.639	0.0473267676074	-0.02026843145	1	10000	A18	C2	1000	10000	0	0.5	300	0.03
426	0.0464725575957998	-0.042003921125	0	0.009	0.347	0.0464725575957998	-0.042003921125	FGr	10000	A18	C2	1000	10000	0	0.5	300	0.03
427	0.0467447421746006	-0.0350350615500001	0	0.011	0.401	0.0467447421746006	-0.0350350615500001	NoCorrection	10000	A18	C2	1000	10000	0	0.5	300	0.03
428	0.0472938961458604	-0.031061577635	0	0.011	0.471	0.0472938961458604	-0.031061577635	ID	10000	A18	C2	1000	10000	0	0.5	300	0.03
429	-0.0178639619887001	-0.0407497560800002	0	0.382	0.413	-0.0178639619887001	-0.0407497560800002	1	10000	A18	C2	1000	10000	0	0.5	300	0.1
430	-0.0187294212480001	-0.0592343206650002	0	0.369	0.237	-0.0187294212480001	-0.0592343206650002	FGr	10000	A18	C2	1000	10000	0	0.5	300	0.1
431	-0.0186849593061007	-0.0636576286550002	0	0.365	0.201	-0.0186849593061007	-0.0636576286550002	NoCorrection	10000	A18	C2	1000	10000	0	0.5	300	0.1
432	-0.01811392462671	-0.0414514364200006	0	0.382	0.425	-0.01811392462671	-0.0414514364200006	ID	10000	A18	C2	1000	10000	0	0.5	300	0.1
433	-0.018299514	-0.018299514	0	0.108	0.116	-0.018299514	-0.018299514	1	300	A18	C2	10000	100	0	0.5	300	0
434	-0.017990776085	-0.017990776085	0	0.105	0.113	-0.017990776085	-0.017990776085	FGr	300	A18	C2	10000	100	0	0.5	300	0
435	-0.0179835156075	-0.0179835156075	0	0.102	0.114	-0.0179835156075	-0.0179835156075	NoCorrection	300	A18	C2	10000	100	0	0.5	300	0
436	-0.018350588958	-0.018350588958	0	0.125	0.104	-0.018350588958	-0.018350588958	ID	300	A18	C2	10000	100	0	0.5	300	0
437	0.022384853194	0.022384853194	0	0.068	0.076	0.022384853194	0.022384853194	1	300	A18	C2	10000	100	0	0.5	300	0.01
438	0.022086309796	0.022086309796	0	0.092	0.092	0.022086309796	0.022086309796	FGr	300	A18	C2	10000	100	0	0.5	300	0.01
439	0.022097704476	0.022097704476	0	0.082	0.073	0.022097704476	0.022097704476	NoCorrection	300	A18	C2	10000	100	0	0.5	300	0.01
440	0.0222871429755	0.0222871429755	0	0.078	0.066	0.0222871429755	0.0222871429755	ID	300	A18	C2	10000	100	0	0.5	300	0.01
441	-0.000980179843500002	-0.000980179843499987	0	0.924	0.926	-0.000980179843500002	-0.000980179843499987	1	300	A18	C2	10000	100	0	0.5	300	0.03
442	-0.000848853728000004	-0.000848853727999975	0	0.949	0.944	-0.000848853728000004	-0.000848853727999975	FGr	300	A18	C2	10000	100	0	0.5	300	0.03
443	-0.000843178890999994	-0.000843178890999992	0	0.933	0.95	-0.000843178890999994	-0.000843178890999992	NoCorrection	300	A18	C2	10000	100	0	0.5	300	0.03
444	-0.00108098747225002	-0.00108098747225002	0	0.906	0.927	-0.00108098747225002	-0.00108098747225002	ID	300	A18	C2	10000	100	0	0.5	300	0.03
445	-0.004959114705	-0.004959114705	0	0.607	0.627	-0.004959114705	-0.004959114705	1	300	A18	C2	10000	100	0	0.5	300	0.1
446	-0.004147748903	-0.004147748903	0	0.691	0.708	-0.004147748903	-0.004147748903	FGr	300	A18	C2	10000	100	0	0.5	300	0.1
447	-0.00422417419000001	-0.00422417419	0	0.673	0.692	-0.00422417419000001	-0.00422417419	NoCorrection	300	A18	C2	10000	100	0	0.5	300	0.1
448	-0.00523050903049999	-0.00523050903050001	0	0.619	0.626	-0.00523050903049999	-0.00523050903050001	ID	300	A18	C2	10000	100	0	0.5	300	0.1
449	0.020363540368	0.00446947650000001	0	0.062	0.779	0.020363540368	0.00446947650000001	1	1000	A18	C2	10000	100	0	0.5	300	0
450	0.020510554233	0.00289842849999999	0	0.066	0.871	0.020510554233	0.00289842849999999	FGr	1000	A18	C2	10000	100	0	0.5	300	0
451	0.02028827479	0.00281963050000002	0	0.06	0.88	0.02028827479	0.00281963050000002	NoCorrection	1000	A18	C2	10000	100	0	0.5	300	0
452	0.02033193833	0.0047925635	0	0.076	0.777	0.02033193833	0.0047925635	ID	1000	A18	C2	10000	100	0	0.5	300	0
453	0.00587705489700001	0.016334796	0	0.601	0.353	0.00587705489700001	0.016334796	1	1000	A18	C2	10000	100	0	0.5	300	0.01
454	0.00557255402	0.0113770205	0	0.569	0.515	0.00557255402	0.0113770205	FGr	1000	A18	C2	10000	100	0	0.5	300	0.01
455	0.00571809680499999	0.0109553445	0	0.593	0.533	0.00571809680499999	0.0109553445	NoCorrection	1000	A18	C2	10000	100	0	0.5	300	0.01
456	0.00579156007	0.017355952	0	0.577	0.302	0.00579156007	0.017355952	ID	1000	A18	C2	10000	100	0	0.5	300	0.01
457	-0.022261355267	-0.0105268895	0	0.07	0.597	-0.022261355267	-0.0105268895	1	1000	A18	C2	10000	100	0	0.5	300	0.03
458	-0.021590692145	-0.0148696595	0	0.073	0.431	-0.021590692145	-0.0148696595	FGr	1000	A18	C2	10000	100	0	0.5	300	0.03
459	-0.02172537807	-0.013789361	0	0.085	0.467	-0.02172537807	-0.013789361	NoCorrection	1000	A18	C2	10000	100	0	0.5	300	0.03
460	-0.022211308915	-0.011374156	0	0.069	0.534	-0.022211308915	-0.011374156	ID	1000	A18	C2	10000	100	0	0.5	300	0.03
461	-0.021401172317	-0.00966289449999995	0	0.049	0.584	-0.021401172317	-0.00966289449999995	1	1000	A18	C2	10000	100	0	0.5	300	0.1
462	-0.0207969129105	-0.0194535795000001	0	0.069	0.277	-0.0207969129105	-0.0194535795000001	FGr	1000	A18	C2	10000	100	0	0.5	300	0.1
463	-0.02083659756655	-0.0194581005	0	0.07	0.303	-0.02083659756655	-0.0194581005	NoCorrection	1000	A18	C2	10000	100	0	0.5	300	0.1
464	-0.02144188271	-0.01162255	0	0.056	0.505	-0.02144188271	-0.01162255	ID	1000	A18	C2	10000	100	0	0.5	300	0.1
465	-0.017029332987	0.030265335	0	0.084	0.283	-0.017029332987	0.030265335	1	10000	A18	C2	10000	100	0	0.5	300	0
466	-0.0187944424887	0.029619137	0	0.059	0.301	-0.0187944424887	0.029619137	FGr	10000	A18	C2	10000	100	0	0.5	300	0
467	-0.018833380992	0.0290597635	0	0.046	0.279	-0.018833380992	0.0290597635	NoCorrection	10000	A18	C2	10000	100	0	0.5	300	0
468	-0.016844581004	0.0311892095	0	0.091	0.255	-0.016844581004	0.0311892095	ID	10000	A18	C2	10000	100	0	0.5	300	0
469	-0.00827539834	-0.007349897	0	0.438	0.764	-0.00827539834	-0.007349897	1	10000	A18	C2	10000	100	0	0.5	300	0.01
470	-0.00913612335250001	-0.00694118499999999	0	0.364	0.79	-0.00913612335250001	-0.00694118499999999	FGr	10000	A18	C2	10000	100	0	0.5	300	0.01
471	-0.0091501063985	-0.0086643035	0	0.41	0.739	-0.0091501063985	-0.0086643035	NoCorrection	10000	A18	C2	10000	100	0	0.5	300	0.01
472	-0.00831572673000001	-0.004253589	0	0.434	0.872	-0.00831572673000001	-0.004253589	ID	10000	A18	C2	10000	100	0	0.5	300	0.01
473	-0.002909175965	0.047152753	0	0.802	0.093	-0.002909175965	0.047152753	1	10000	A18	C2	10000	100	0	0.5	300	0.03
474	-0.00551425541000001	0.0303528295	0	0.584	0.287	-0.00551425541000001	0.0303528295	FGr	10000	A18	C2	10000	100	0	0.5	300	0.03
475	-0.005525848815	0.030631874	0	0.596	0.308	-0.005525848815	0.030631874	NoCorrection	10000	A18	C2	10000	100	0	0.5	300	0.03
476	-0.00272981570999999	0.048864105	0	0.814	0.103	-0.00272981570999999	0.048864105	ID	10000	A18	C2	10000	100	0	0.5	300	0.03
477	0.011755334714	0.00479425450000001	0	0.199	0.885	0.011755334714	0.00479425450000001	1	10000	A18	C2	10000	100	0	0.5	300	0.1
478	0.00554946508	-0.0335060045	0	0.59	0.266	0.00554946508	-0.0335060045	FGr	10000	A18	C2	10000	100	0	0.5	300	0.1
479	0.0055968011705	-0.0292763905	0	0.583	0.352	0.0055968011705	-0.0292763905	NoCorrection	10000	A18	C2	10000	100	0	0.5	300	0.1
480	0.011393881087	0.00563743800000001	0	0.236	0.864	0.011393881087	0.00563743800000001	ID	10000	A18	C2	10000	100	0	0.5	300	0.1
481	0.00941395435500001	0.009413954355	0	0.213	0.217	0.00941395435500001	0.009413954355	1	300	A18	C2	10000	1000	0	0.5	300	0
482	0.008547968357	0.00854796835700001	0	0.26	0.248	0.008547968357	0.00854796835700001	FGr	300	A18	C2	10000	1000	0	0.5	300	0
483	0.00867187617560999	0.00867187617561	0	0.246	0.251	0.00867187617560999	0.00867187617561	NoCorrection	300	A18	C2	10000	1000	0	0.5	300	0
484	0.0091931164903	0.00919311649030001	0	0.222	0.225	0.0091931164903	0.00919311649030001	ID	300	A18	C2	10000	1000	0	0.5	300	0
485	0.00954272406600004	0.00954272406600008	0	0.155	0.13	0.00954272406600004	0.00954272406600008	1	300	A18	C2	10000	1000	0	0.5	300	0.01
486	0.00918432120549997	0.00918432120549997	0	0.156	0.177	0.00918432120549997	0.00918432120549997	FGr	300	A18	C2	10000	1000	0	0.5	300	0.01
487	0.00917831566450002	0.00917831566450004	0	0.183	0.181	0.00917831566450002	0.00917831566450004	NoCorrection	300	A18	C2	10000	1000	0	0.5	300	0.01
488	0.00962412115190006	0.00962412115190005	0	0.157	0.148	0.00962412115190006	0.00962412115190005	ID	300	A18	C2	10000	1000	0	0.5	300	0.01
489	0.00649859355349996	0.00649859355349997	0	0.281	0.284	0.00649859355349996	0.00649859355349997	1	300	A18	C2	10000	1000	0	0.5	300	0.03
490	0.0060317253428899	0.0060317253428899	0	0.32	0.302	0.0060317253428899	0.0060317253428899	FGr	300	A18	C2	10000	1000	0	0.5	300	0.03
491	0.00591883642755003	0.00591883642755004	0	0.307	0.322	0.00591883642755003	0.00591883642755004	NoCorrection	300	A18	C2	10000	1000	0	0.5	300	0.03
492	0.00663001693330007	0.00663001693330006	0	0.272	0.281	0.00663001693330007	0.00663001693330006	ID	300	A18	C2	10000	1000	0	0.5	300	0.03
493	-0.0107088164645	-0.0107088164645	0	0.116	0.108	-0.0107088164645	-0.0107088164645	1	300	A18	C2	10000	1000	0	0.5	300	0.1
494	-0.0132111111541	-0.0132111111541	0	0.096	0.08	-0.0132111111541	-0.0132111111541	FGr	300	A18	C2	10000	1000	0	0.5	300	0.1
495	-0.0132059125937	-0.0132059125937	0	0.078	0.082	-0.0132059125937	-0.0132059125937	NoCorrection	300	A18	C2	10000	1000	0	0.5	300	0.1
496	-0.010652364692	-0.010652364692	0	0.104	0.115	-0.010652364692	-0.010652364692	ID	300	A18	C2	10000	1000	0	0.5	300	0.1
497	-0.00505402102745	8.68436000000865e-05	0	0.435	0.99	-0.00505402102745	8.68436000000865e-05	1	1000	A18	C2	10000	1000	0	0.5	300	0
498	-0.0048854357487	0.00162862700000003	0	0.438	0.863	-0.0048854357487	0.00162862700000003	FGr	1000	A18	C2	10000	1000	0	0.5	300	0
499	-0.0048289724895	0.000141112999999972	0	0.44	0.993	-0.0048289724895	0.000141112999999972	NoCorrection	1000	A18	C2	10000	1000	0	0.5	300	0
500	-0.0051094003165	3.36625500000292e-05	0	0.423	0.999	-0.0051094003165	3.36625500000292e-05	ID	1000	A18	C2	10000	1000	0	0.5	300	0
501	0.00473963487449998	0.0130127985500001	0	0.417	0.238	0.00473963487449998	0.0130127985500001	1	1000	A18	C2	10000	1000	0	0.5	300	0.01
502	0.00565531568360004	0.01329196145	0	0.371	0.235	0.00565531568360004	0.01329196145	FGr	1000	A18	C2	10000	1000	0	0.5	300	0.01
503	0.00561321059815002	0.0143743935	0	0.371	0.2	0.00561321059815002	0.0143743935	NoCorrection	1000	A18	C2	10000	1000	0	0.5	300	0.01
504	0.00483149304200007	0.01363885105	0	0.449	0.231	0.00483149304200007	0.01363885105	ID	1000	A18	C2	10000	1000	0	0.5	300	0.01
505	0.000550164633499992	-0.00411116704999999	0	0.956	0.699	0.000550164633499992	-0.00411116704999999	1	1000	A18	C2	10000	1000	0	0.5	300	0.03
506	0.000609505834000009	-0.0044594377	0	0.936	0.694	0.000609505834000009	-0.0044594377	FGr	1000	A18	C2	10000	1000	0	0.5	300	0.03
507	0.000590040960000014	-0.00411184615000001	0	0.925	0.718	0.000590040960000014	-0.00411184615000001	NoCorrection	1000	A18	C2	10000	1000	0	0.5	300	0.03
508	0.000738924077000028	-0.0049092142	0	0.907	0.646	0.000738924077000028	-0.0049092142	ID	1000	A18	C2	10000	1000	0	0.5	300	0.03
509	0.00179351457050003	0.000275654549999976	0	0.775	0.979	0.00179351457050003	0.000275654549999976	1	1000	A18	C2	10000	1000	0	0.5	300	0.1
510	-0.000973211560499985	-0.0023198544	0	0.891	0.854	-0.000973211560499985	-0.0023198544	FGr	1000	A18	C2	10000	1000	0	0.5	300	0.1
511	-0.000938649331999967	-0.00264001914999998	0	0.895	0.829	-0.000938649331999967	-0.00264001914999998	NoCorrection	1000	A18	C2	10000	1000	0	0.5	300	0.1
512	0.00205246288315003	-0.00217689405	0	0.779	0.823	0.00205246288315003	-0.00217689405	ID	1000	A18	C2	10000	1000	0	0.5	300	0.1
513	-0.01205108416635	-0.00693641175	0	0.068	0.711	-0.01205108416635	-0.00693641175	1	10000	A18	C2	10000	1000	0	0.5	300	0
514	-0.01196190495905	-0.0142734883	0	0.093	0.391	-0.01196190495905	-0.0142734883	FGr	10000	A18	C2	10000	1000	0	0.5	300	0
515	-0.0119909809978	-0.0133856433	0	0.096	0.453	-0.0119909809978	-0.0133856433	NoCorrection	10000	A18	C2	10000	1000	0	0.5	300	0
516	-0.01204620694805	-0.00574081150000001	0	0.088	0.745	-0.01204620694805	-0.00574081150000001	ID	10000	A18	C2	10000	1000	0	0.5	300	0
517	-0.00103759668900001	0.0175492120999999	0	0.88	0.259	-0.00103759668900001	0.0175492120999999	1	10000	A18	C2	10000	1000	0	0.5	300	0.01
518	-0.00104267959009999	0.0160432949499999	0	0.876	0.292	-0.00104267959009999	0.0160432949499999	FGr	10000	A18	C2	10000	1000	0	0.5	300	0.01
519	-0.00106257915849999	0.0139607483999999	0	0.871	0.336	-0.00106257915849999	0.0139607483999999	NoCorrection	10000	A18	C2	10000	1000	0	0.5	300	0.01
520	-0.00104981931399999	0.0140930896499998	0	0.856	0.366	-0.00104981931399999	0.0140930896499998	ID	10000	A18	C2	10000	1000	0	0.5	300	0.01
521	-0.00467841689314996	-0.019279076	0	0.481	0.244	-0.00467841689314996	-0.019279076	1	10000	A18	C2	10000	1000	0	0.5	300	0.03
522	-0.0047472689625	-0.02221385965	0	0.506	0.195	-0.0047472689625	-0.02221385965	FGr	10000	A18	C2	10000	1000	0	0.5	300	0.03
523	-0.00478426200649999	-0.0168161948	0	0.458	0.279	-0.00478426200649999	-0.0168161948	NoCorrection	10000	A18	C2	10000	1000	0	0.5	300	0.03
524	-0.00467568729829998	-0.0200546433499999	0	0.45	0.197	-0.00467568729829998	-0.0200546433499999	ID	10000	A18	C2	10000	1000	0	0.5	300	0.03
525	-0.0020624104122	-0.0258387126	0	0.742	0.131	-0.0020624104122	-0.0258387126	1	10000	A18	C2	10000	1000	0	0.5	300	0.1
526	-0.002235648317	-0.00210993405000001	0	0.736	0.91	-0.002235648317	-0.00210993405000001	FGr	10000	A18	C2	10000	1000	0	0.5	300	0.1
527	-0.0022642125002	-0.00213548545000006	0	0.723	0.906	-0.0022642125002	-0.00213548545000006	NoCorrection	10000	A18	C2	10000	1000	0	0.5	300	0.1
528	-0.00205442145530001	-0.0239966687	0	0.736	0.172	-0.00205442145530001	-0.0239966687	ID	10000	A18	C2	10000	1000	0	0.5	300	0.1
529	0.00115359545954994	0.00115359545954993	0	0.828	0.82	0.00115359545954994	0.00115359545954993	1	300	A18	C2	10000	10000	0	0.5	300	0
530	0.00111872339659985	0.00111872339659984	0	0.847	0.833	0.00111872339659985	0.00111872339659984	FGr	300	A18	C2	10000	10000	0	0.5	300	0
531	0.00112895342549007	0.00112895342549006	0	0.825	0.836	0.00112895342549007	0.00112895342549006	NoCorrection	300	A18	C2	10000	10000	0	0.5	300	0
532	0.0011381321916001	0.00113813219160012	0	0.825	0.817	0.0011381321916001	0.00113813219160012	ID	300	A18	C2	10000	10000	0	0.5	300	0
533	-0.00269180498780013	-0.00269180498780014	0	0.635	0.648	-0.00269180498780013	-0.00269180498780014	1	300	A18	C2	10000	10000	0	0.5	300	0.01
534	-0.00270705714120019	-0.00270705714120019	0	0.67	0.649	-0.00270705714120019	-0.00270705714120019	FGr	300	A18	C2	10000	10000	0	0.5	300	0.01
535	-0.00260730919929999	-0.00260730919930001	0	0.663	0.644	-0.00260730919929999	-0.00260730919930001	NoCorrection	300	A18	C2	10000	10000	0	0.5	300	0.01
536	-0.00267414321944762	-0.00267414321944761	0	0.637	0.649	-0.00267414321944762	-0.00267414321944761	ID	300	A18	C2	10000	10000	0	0.5	300	0.01
537	0.004491393082215	0.004491393082215	0	0.42	0.398	0.004491393082215	0.004491393082215	1	300	A18	C2	10000	10000	0	0.5	300	0.03
538	0.00469885347450001	0.00469885347450001	0	0.401	0.37	0.00469885347450001	0.00469885347450001	FGr	300	A18	C2	10000	10000	0	0.5	300	0.03
539	0.00452955973664999	0.00452955973664999	0	0.407	0.383	0.00452955973664999	0.00452955973664999	NoCorrection	300	A18	C2	10000	10000	0	0.5	300	0.03
540	0.00449451913124999	0.00449451913125	0	0.379	0.398	0.00449451913124999	0.00449451913125	ID	300	A18	C2	10000	10000	0	0.5	300	0.03
541	0.000828060308340107	0.000828060308340113	0	0.891	0.886	0.000828060308340107	0.000828060308340113	1	300	A18	C2	10000	10000	0	0.5	300	0.1
542	0.000980547327669957	0.000980547327669967	0	0.861	0.862	0.000980547327669957	0.000980547327669967	FGr	300	A18	C2	10000	10000	0	0.5	300	0.1
543	0.00100068171834999	0.00100068171834999	0	0.866	0.853	0.00100068171834999	0.00100068171834999	NoCorrection	300	A18	C2	10000	10000	0	0.5	300	0.1
544	0.000816482431450018	0.000816482431450007	0	0.878	0.887	0.000816482431450018	0.000816482431450007	ID	300	A18	C2	10000	10000	0	0.5	300	0.1
545	0.00377420472625996	0.00430466202499988	0	0.517	0.668	0.00377420472625996	0.00430466202499988	1	1000	A18	C2	10000	10000	0	0.5	300	0
546	0.00333702957964516	0.00450816282000012	0	0.556	0.642	0.00333702957964516	0.00450816282000012	FGr	1000	A18	C2	10000	10000	0	0.5	300	0
547	0.00333437696165994	0.00480781216500006	0	0.57	0.614	0.00333437696165994	0.00480781216500006	NoCorrection	1000	A18	C2	10000	10000	0	0.5	300	0
548	0.00367492227835001	0.00393811957500025	0	0.534	0.698	0.00367492227835001	0.00393811957500025	ID	1000	A18	C2	10000	10000	0	0.5	300	0
549	0.0181324465314	0.0202027720800001	0	0	0.028	0.0181324465314	0.0202027720800001	1	1000	A18	C2	10000	10000	0	0.5	300	0.01
550	0.0175602916357751	0.0191926975650001	0	0.002	0.049	0.0175602916357751	0.0191926975650001	FGr	1000	A18	C2	10000	10000	0	0.5	300	0.01
551	0.0175636581916499	0.0186065031399999	0	0	0.053	0.0175636581916499	0.0186065031399999	NoCorrection	1000	A18	C2	10000	10000	0	0.5	300	0.01
552	0.0179733828235702	0.0200540130999999	0	0	0.036	0.0179733828235702	0.0200540130999999	ID	1000	A18	C2	10000	10000	0	0.5	300	0.01
553	-0.0010061732023998	0.01128642688	0	0.833	0.249	-0.0010061732023998	0.01128642688	1	1000	A18	C2	10000	10000	0	0.5	300	0.03
554	-0.00156325831289989	0.0103826498	0	0.784	0.263	-0.00156325831289989	0.0103826498	FGr	1000	A18	C2	10000	10000	0	0.5	300	0.03
555	-0.00156563662094987	0.00992763201	0	0.785	0.301	-0.00156563662094987	0.00992763201	NoCorrection	1000	A18	C2	10000	10000	0	0.5	300	0.03
556	-0.00108265572315004	0.00913262537000001	0	0.854	0.326	-0.00108265572315004	0.00913262537000001	ID	1000	A18	C2	10000	10000	0	0.5	300	0.03
557	0.000745302281320021	-0.01436469168	0	0.894	0.139	0.000745302281320021	-0.01436469168	1	1000	A18	C2	10000	10000	0	0.5	300	0.1
558	-0.00121665744394995	-0.00898409211500003	0	0.829	0.379	-0.00121665744394995	-0.00898409211500003	FGr	1000	A18	C2	10000	10000	0	0.5	300	0.1
559	-0.00121388752624999	-0.00899450168500002	0	0.837	0.392	-0.00121388752624999	-0.00899450168500002	NoCorrection	1000	A18	C2	10000	10000	0	0.5	300	0.1
560	0.000299926093189992	-0.013611982035	0	0.967	0.172	0.000299926093189992	-0.013611982035	ID	1000	A18	C2	10000	10000	0	0.5	300	0.1
561	-0.006246832686925	0.00735463645999989	0	0.299	0.637	-0.006246832686925	0.00735463645999989	1	10000	A18	C2	10000	10000	0	0.5	300	0
562	-0.0064580694944	0.0112263390450003	0	0.284	0.503	-0.0064580694944	0.0112263390450003	FGr	10000	A18	C2	10000	10000	0	0.5	300	0
563	-0.006410269733	0.0109896165900001	0	0.272	0.482	-0.006410269733	0.0109896165900001	NoCorrection	10000	A18	C2	10000	10000	0	0.5	300	0
564	-0.006258270783872	0.00735121398500007	0	0.257	0.626	-0.006258270783872	0.00735121398500007	ID	10000	A18	C2	10000	10000	0	0.5	300	0
565	-0.0167980856899651	0.00163505930000015	0	0.003	0.907	-0.0167980856899651	0.00163505930000015	1	10000	A18	C2	10000	10000	0	0.5	300	0.01
566	-0.0168917651984	0.00210063779999997	0	0.003	0.895	-0.0168917651984	0.00210063779999997	FGr	10000	A18	C2	10000	10000	0	0.5	300	0.01
567	-0.0169357939931	0.00275636431999967	0	0.005	0.846	-0.0169357939931	0.00275636431999967	NoCorrection	10000	A18	C2	10000	10000	0	0.5	300	0.01
568	-0.0167810558228251	0.00162468557499995	0	0.003	0.916	-0.0167810558228251	0.00162468557499995	ID	10000	A18	C2	10000	10000	0	0.5	300	0.01
569	0.00916506027185511	-0.013891689455	0	0.1	0.384	0.00916506027185511	-0.013891689455	1	10000	A18	C2	10000	10000	0	0.5	300	0.03
570	0.00996886892259501	-0.01500011648	0	0.086	0.363	0.00996886892259501	-0.01500011648	FGr	10000	A18	C2	10000	10000	0	0.5	300	0.03
571	0.0100120089922501	-0.0166750411549999	0	0.093	0.285	0.0100120089922501	-0.0166750411549999	NoCorrection	10000	A18	C2	10000	10000	0	0.5	300	0.03
572	0.00918577978379493	-0.012338606975	0	0.108	0.441	0.00918577978379493	-0.012338606975	ID	10000	A18	C2	10000	10000	0	0.5	300	0.03
573	-0.0044312589394449	-0.01842684157	0	0.429	0.259	-0.0044312589394449	-0.01842684157	1	10000	A18	C2	10000	10000	0	0.5	300	0.1
574	-0.00147489361765999	-0.0149322262850002	0	0.831	0.38	-0.00147489361765999	-0.0149322262850002	FGr	10000	A18	C2	10000	10000	0	0.5	300	0.1
575	-0.00154266985943999	-0.0173572281249999	0	0.8	0.321	-0.00154266985943999	-0.0173572281249999	NoCorrection	10000	A18	C2	10000	10000	0	0.5	300	0.1
576	-0.00435964331394998	-0.01869170792	0	0.452	0.25	-0.00435964331394998	-0.01869170792	ID	10000	A18	C2	10000	10000	0	0.5	300	0.1
