	c-q	nc-q	true-q	c-p	nc-p	c-bias	nc-bias	type	L	rep	config	gwas_size	test_size	h2	ts	num_causal	env
1	0.03698469323	0.03698469323	0	0.322	0.33	0.03698469323	0.03698469323	1	300	A27	C1	1000	100	0	0.5	300	0
2	0.051425811275	0.051425811275	0	0.203	0.174	0.051425811275	0.051425811275	FGr	300	A27	C1	1000	100	0	0.5	300	0
3	0.04077446645	0.04077446645	0	0.281	0.276	0.04077446645	0.04077446645	NoCorrection	300	A27	C1	1000	100	0	0.5	300	0
4	0.0323320814	0.0323320814	0	0.425	0.425	0.0323320814	0.0323320814	ID	300	A27	C1	1000	100	0	0.5	300	0
5	0.04160230085	0.04160230085	0	0.273	0.27	0.04160230085	0.04160230085	1	300	A27	C1	1000	100	0	0.5	300	0.01
6	0.04121090676	0.04121090676	0	0.292	0.279	0.04121090676	0.04121090676	FGr	300	A27	C1	1000	100	0	0.5	300	0.01
7	0.06182473832475	0.06182473832475	0	0.079	0.103	0.06182473832475	0.06182473832475	NoCorrection	300	A27	C1	1000	100	0	0.5	300	0.01
8	0.039663765575	0.039663765575	0	0.288	0.278	0.039663765575	0.039663765575	ID	300	A27	C1	1000	100	0	0.5	300	0.01
9	0.0106956717	0.0106956717	0	0.761	0.786	0.0106956717	0.0106956717	1	300	A27	C1	1000	100	0	0.5	300	0.03
10	0.0309880715975	0.0309880715975	0	0.456	0.44	0.0309880715975	0.0309880715975	FGr	300	A27	C1	1000	100	0	0.5	300	0.03
11	0.0308521246	0.0308521246	0	0.437	0.45	0.0308521246	0.0308521246	NoCorrection	300	A27	C1	1000	100	0	0.5	300	0.03
12	0.025765062225	0.025765062225	0	0.5	0.541	0.025765062225	0.025765062225	ID	300	A27	C1	1000	100	0	0.5	300	0.03
13	0.03048350116	0.0304835011599999	0	0.4	0.41	0.03048350116	0.0304835011599999	1	300	A27	C1	1000	100	0	0.5	300	0.1
14	0.100133529523	0.100133529523	0	0.007	0.006	0.100133529523	0.100133529523	FGr	300	A27	C1	1000	100	0	0.5	300	0.1
15	0.111423713555	0.111423713555	0	0.003	0.003	0.111423713555	0.111423713555	NoCorrection	300	A27	C1	1000	100	0	0.5	300	0.1
16	0.0530536296149999	0.0530536296149999	0	0.123	0.127	0.0530536296149999	0.0530536296149999	ID	300	A27	C1	1000	100	0	0.5	300	0.1
17	0.01896781629	0.0884149154999998	0	0.645	0.173	0.01896781629	0.0884149154999998	1	1000	A27	C1	1000	100	0	0.5	300	0
18	0.0212322188150001	0.095216029	0	0.609	0.148	0.0212322188150001	0.095216029	FGr	1000	A27	C1	1000	100	0	0.5	300	0
19	0.0383938923920001	0.1353110625	0	0.362	0.029	0.0383938923920001	0.1353110625	NoCorrection	1000	A27	C1	1000	100	0	0.5	300	0
20	0.0167267502899999	0.0864675590000001	0	0.664	0.184	0.0167267502899999	0.0864675590000001	ID	1000	A27	C1	1000	100	0	0.5	300	0
21	0.0294603524799999	0.0311824854999999	0	0.457	0.63	0.0294603524799999	0.0311824854999999	1	1000	A27	C1	1000	100	0	0.5	300	0.01
22	0.0104256425214999	-0.0209667145000001	0	0.785	0.741	0.0104256425214999	-0.0209667145000001	FGr	1000	A27	C1	1000	100	0	0.5	300	0.01
23	0.00732311384500009	-0.0409225780000001	0	0.832	0.511	0.00732311384500009	-0.0409225780000001	NoCorrection	1000	A27	C1	1000	100	0	0.5	300	0.01
24	0.02831793559	0.0230175995000001	0	0.456	0.696	0.02831793559	0.0230175995000001	ID	1000	A27	C1	1000	100	0	0.5	300	0.01
25	0.00364999314999995	0.066351931	0	0.934	0.302	0.00364999314999995	0.066351931	1	1000	A27	C1	1000	100	0	0.5	300	0.03
26	0.00252280413599993	0.066390047	0	0.943	0.307	0.00252280413599993	0.066390047	FGr	1000	A27	C1	1000	100	0	0.5	300	0.03
27	-0.00948273266999996	0.0132836195	0	0.818	0.833	-0.00948273266999996	0.0132836195	NoCorrection	1000	A27	C1	1000	100	0	0.5	300	0.03
28	-0.00320000113	0.03769001	0	0.934	0.539	-0.00320000113	0.03769001	ID	1000	A27	C1	1000	100	0	0.5	300	0.03
29	0.00704681206800002	-0.0553410965	0	0.843	0.392	0.00704681206800002	-0.0553410965	1	1000	A27	C1	1000	100	0	0.5	300	0.1
30	0.00732239183499996	-0.0554797935	0	0.847	0.398	0.00732239183499996	-0.0554797935	FGr	1000	A27	C1	1000	100	0	0.5	300	0.1
31	0.0119790499000001	-0.0393102145	0	0.746	0.579	0.0119790499000001	-0.0393102145	NoCorrection	1000	A27	C1	1000	100	0	0.5	300	0.1
32	0.00656621470699994	-0.057574697	0	0.856	0.374	0.00656621470699994	-0.057574697	ID	1000	A27	C1	1000	100	0	0.5	300	0.1
33	-0.07009745791	0.1010739495	0	0.072	0.313	-0.07009745791	0.1010739495	1	10000	A27	C1	1000	100	0	0.5	300	0
34	-0.058533271255	0.1932292725	0	0.137	0.033	-0.058533271255	0.1932292725	FGr	10000	A27	C1	1000	100	0	0.5	300	0
35	-0.06417532332	0.140234777	0	0.083	0.118	-0.06417532332	0.140234777	NoCorrection	10000	A27	C1	1000	100	0	0.5	300	0
36	-0.06622671583	0.134069918	0	0.098	0.152	-0.06622671583	0.134069918	ID	10000	A27	C1	1000	100	0	0.5	300	0
37	0.0274722919075	-0.0352072585	0	0.408	0.712	0.0274722919075	-0.0352072585	1	10000	A27	C1	1000	100	0	0.5	300	0.01
38	0.0245665546938	-0.0657183885	0	0.447	0.51	0.0245665546938	-0.0657183885	FGr	10000	A27	C1	1000	100	0	0.5	300	0.01
39	0.05096835	0.096575301	0	0.149	0.281	0.05096835	0.096575301	NoCorrection	10000	A27	C1	1000	100	0	0.5	300	0.01
40	0.02278583447	-0.0638457505	0	0.488	0.506	0.02278583447	-0.0638457505	ID	10000	A27	C1	1000	100	0	0.5	300	0.01
41	0.0315945734	0.026074701	0	0.47	0.8	0.0315945734	0.026074701	1	10000	A27	C1	1000	100	0	0.5	300	0.03
42	0.02617048448	-0.062622141	0	0.556	0.487	0.02617048448	-0.062622141	FGr	10000	A27	C1	1000	100	0	0.5	300	0.03
43	0.011909754615	-0.213034284	0	0.797	0.031	0.011909754615	-0.213034284	NoCorrection	10000	A27	C1	1000	100	0	0.5	300	0.03
44	0.03275559995	0.0427393930000001	0	0.488	0.672	0.03275559995	0.0427393930000001	ID	10000	A27	C1	1000	100	0	0.5	300	0.03
45	0.04380360554	-0.1641116535	0	0.19	0.095	0.04380360554	-0.1641116535	1	10000	A27	C1	1000	100	0	0.5	300	0.1
46	0.045788474775	-0.137745966	0	0.172	0.162	0.045788474775	-0.137745966	FGr	10000	A27	C1	1000	100	0	0.5	300	0.1
47	0.0720723283	0.1079441025	0	0.041	0.301	0.0720723283	0.1079441025	NoCorrection	10000	A27	C1	1000	100	0	0.5	300	0.1
48	0.0411001117	-0.174123657	0	0.243	0.073	0.0411001117	-0.174123657	ID	10000	A27	C1	1000	100	0	0.5	300	0.1
49	0.0100198927294998	0.0100198927294997	0	0.712	0.742	0.0100198927294998	0.0100198927294997	1	300	A27	C1	1000	1000	0	0.5	300	0
50	0.024452552171	0.024452552171	0	0.379	0.371	0.024452552171	0.024452552171	FGr	300	A27	C1	1000	1000	0	0.5	300	0
51	0.046899753124	0.046899753124	0	0.103	0.103	0.046899753124	0.046899753124	NoCorrection	300	A27	C1	1000	1000	0	0.5	300	0
52	0.00552490381200013	0.00552490381200023	0	0.843	0.853	0.00552490381200013	0.00552490381200023	ID	300	A27	C1	1000	1000	0	0.5	300	0
53	0.0126494506734	0.0126494506734	0	0.695	0.679	0.0126494506734	0.0126494506734	1	300	A27	C1	1000	1000	0	0.5	300	0.01
54	0.0202274916425	0.0202274916425	0	0.5	0.516	0.0202274916425	0.0202274916425	FGr	300	A27	C1	1000	1000	0	0.5	300	0.01
55	0.0401681459155	0.0401681459155	0	0.22	0.179	0.0401681459155	0.0401681459155	NoCorrection	300	A27	C1	1000	1000	0	0.5	300	0.01
56	-0.000944794913600015	-0.000944794913600002	0	0.975	0.982	-0.000944794913600015	-0.000944794913600002	ID	300	A27	C1	1000	1000	0	0.5	300	0.01
57	0.04130193692	0.04130193692	0	0.139	0.141	0.04130193692	0.04130193692	1	300	A27	C1	1000	1000	0	0.5	300	0.03
58	0.033051776136	0.033051776136	0	0.212	0.228	0.033051776136	0.033051776136	FGr	300	A27	C1	1000	1000	0	0.5	300	0.03
59	0.022059964301	0.022059964301	0	0.42	0.433	0.022059964301	0.022059964301	NoCorrection	300	A27	C1	1000	1000	0	0.5	300	0.03
60	0.0390749083775	0.0390749083775	0	0.159	0.145	0.0390749083775	0.0390749083775	ID	300	A27	C1	1000	1000	0	0.5	300	0.03
61	-0.00752196008100007	-0.00752196008100004	0	0.757	0.779	-0.00752196008100007	-0.00752196008100004	1	300	A27	C1	1000	1000	0	0.5	300	0.1
62	0.00519072271180001	0.00519072271180001	0	0.845	0.848	0.00519072271180001	0.00519072271180001	FGr	300	A27	C1	1000	1000	0	0.5	300	0.1
63	0.025428449978	0.025428449978	0	0.329	0.311	0.025428449978	0.025428449978	NoCorrection	300	A27	C1	1000	1000	0	0.5	300	0.1
64	-0.0112755390584999	-0.0112755390584999	0	0.655	0.656	-0.0112755390584999	-0.0112755390584999	ID	300	A27	C1	1000	1000	0	0.5	300	0.1
65	-0.0177466683435	-0.0250826789000001	0	0.48	0.584	-0.0177466683435	-0.0250826789000001	1	1000	A27	C1	1000	1000	0	0.5	300	0
66	-0.0190091372465001	-0.0336563318499999	0	0.465	0.412	-0.0190091372465001	-0.0336563318499999	FGr	1000	A27	C1	1000	1000	0	0.5	300	0
67	-0.029154321005	-0.0604618621499997	0	0.252	0.142	-0.029154321005	-0.0604618621499997	NoCorrection	1000	A27	C1	1000	1000	0	0.5	300	0
68	-0.0129593563989999	-0.0108209315499998	0	0.618	0.798	-0.0129593563989999	-0.0108209315499998	ID	1000	A27	C1	1000	1000	0	0.5	300	0
69	0.0329259371239999	0.0465506701	0	0.225	0.275	0.0329259371239999	0.0465506701	1	1000	A27	C1	1000	1000	0	0.5	300	0.01
70	0.017218248692	-0.000965866750000009	0	0.486	0.993	0.017218248692	-0.000965866750000009	FGr	1000	A27	C1	1000	1000	0	0.5	300	0.01
71	-0.01161784504	-0.06150112375	0	0.672	0.16	-0.01161784504	-0.06150112375	NoCorrection	1000	A27	C1	1000	1000	0	0.5	300	0.01
72	0.031830777836	0.04295686505	0	0.242	0.31	0.031830777836	0.04295686505	ID	1000	A27	C1	1000	1000	0	0.5	300	0.01
73	0.0141800341075001	-0.0220286370500001	0	0.58	0.589	0.0141800341075001	-0.0220286370500001	1	1000	A27	C1	1000	1000	0	0.5	300	0.03
74	0.0171321929489999	-0.0163805068500001	0	0.492	0.693	0.0171321929489999	-0.0163805068500001	FGr	1000	A27	C1	1000	1000	0	0.5	300	0.03
75	0.00612504645999964	-0.0427984027499998	0	0.807	0.31	0.00612504645999964	-0.0427984027499998	NoCorrection	1000	A27	C1	1000	1000	0	0.5	300	0.03
76	0.0188952384910001	-0.00944721220000009	0	0.455	0.816	0.0188952384910001	-0.00944721220000009	ID	1000	A27	C1	1000	1000	0	0.5	300	0.03
77	0.050713764992	0.02374782925	0	0.054	0.574	0.050713764992	0.02374782925	1	1000	A27	C1	1000	1000	0	0.5	300	0.1
78	0.058944859417	0.0495167541	0	0.029	0.254	0.058944859417	0.0495167541	FGr	1000	A27	C1	1000	1000	0	0.5	300	0.1
79	0.0781228556329999	0.10525581355	0	0.009	0.019	0.0781228556329999	0.10525581355	NoCorrection	1000	A27	C1	1000	1000	0	0.5	300	0.1
80	0.0460931601895	0.0166135879500001	0	0.07	0.727	0.0460931601895	0.0166135879500001	ID	1000	A27	C1	1000	1000	0	0.5	300	0.1
81	-0.0123029055979999	0.0384974415	0	0.605	0.592	-0.0123029055979999	0.0384974415	1	10000	A27	C1	1000	1000	0	0.5	300	0
82	-0.0111015636749998	0.0564266714999999	0	0.653	0.423	-0.0111015636749998	0.0564266714999999	FGr	10000	A27	C1	1000	1000	0	0.5	300	0
83	-0.00583802220380008	0.12792217355	0	0.806	0.076	-0.00583802220380008	0.12792217355	NoCorrection	10000	A27	C1	1000	1000	0	0.5	300	0
84	-0.0136538731164997	0.010299686	0	0.596	0.904	-0.0136538731164997	0.010299686	ID	10000	A27	C1	1000	1000	0	0.5	300	0
85	0.0141190972290999	0.10556479295	0	0.557	0.131	0.0141190972290999	0.10556479295	1	10000	A27	C1	1000	1000	0	0.5	300	0.01
86	0.00467134479250009	0.0125164009	0	0.852	0.858	0.00467134479250009	0.0125164009	FGr	10000	A27	C1	1000	1000	0	0.5	300	0.01
87	-0.0291760326034998	-0.2067974115	0	0.228	0.003	-0.0291760326034998	-0.2067974115	NoCorrection	10000	A27	C1	1000	1000	0	0.5	300	0.01
88	0.0103669717060003	0.0491973701999999	0	0.691	0.483	0.0103669717060003	0.0491973701999999	ID	10000	A27	C1	1000	1000	0	0.5	300	0.01
89	-0.023761640778	0.0510297204999999	0	0.35	0.459	-0.023761640778	0.0510297204999999	1	10000	A27	C1	1000	1000	0	0.5	300	0.03
90	-0.020860685336	0.0920833382	0	0.394	0.195	-0.020860685336	0.0920833382	FGr	10000	A27	C1	1000	1000	0	0.5	300	0.03
91	0.0008446123847	0.233209797	0	0.973	0	0.0008446123847	0.233209797	NoCorrection	10000	A27	C1	1000	1000	0	0.5	300	0.03
92	-0.0234984296445	0.05758577	0	0.344	0.421	-0.0234984296445	0.05758577	ID	10000	A27	C1	1000	1000	0	0.5	300	0.03
93	-0.0210697675134998	0.0911818850000003	0	0.386	0.172	-0.0210697675134998	0.0911818850000003	1	10000	A27	C1	1000	1000	0	0.5	300	0.1
94	-0.03302725283585	0.00439608950000018	0	0.194	0.951	-0.03302725283585	0.00439608950000018	FGr	10000	A27	C1	1000	1000	0	0.5	300	0.1
95	0.025667007069	0.384786064	0	0.307	0	0.025667007069	0.384786064	NoCorrection	10000	A27	C1	1000	1000	0	0.5	300	0.1
96	-0.0234785317320001	0.0809255709999994	0	0.335	0.229	-0.0234785317320001	0.0809255709999994	ID	10000	A27	C1	1000	1000	0	0.5	300	0.1
97	0.02457367110003	0.02457367110003	0	0.334	0.339	0.02457367110003	0.02457367110003	1	300	A27	C1	1000	10000	0	0.5	300	0
98	0.00237309530147489	0.00237309530147491	0	0.933	0.928	0.00237309530147489	0.00237309530147491	FGr	300	A27	C1	1000	10000	0	0.5	300	0
99	-0.0168152996967001	-0.0168152996967001	0	0.501	0.5	-0.0168152996967001	-0.0168152996967001	NoCorrection	300	A27	C1	1000	10000	0	0.5	300	0
100	0.01142301088975	0.01142301088975	0	0.656	0.643	0.01142301088975	0.01142301088975	ID	300	A27	C1	1000	10000	0	0.5	300	0
101	-0.00152372559140011	-0.0015237255914001	0	0.961	0.952	-0.00152372559140011	-0.0015237255914001	1	300	A27	C1	1000	10000	0	0.5	300	0.01
102	0.0466842876384495	0.0466842876384495	0	0.095	0.085	0.0466842876384495	0.0466842876384495	FGr	300	A27	C1	1000	10000	0	0.5	300	0.01
103	0.05808093786075	0.05808093786075	0	0.032	0.043	0.05808093786075	0.05808093786075	NoCorrection	300	A27	C1	1000	10000	0	0.5	300	0.01
104	0.0175036441915	0.0175036441915	0	0.519	0.525	0.0175036441915	0.0175036441915	ID	300	A27	C1	1000	10000	0	0.5	300	0.01
105	-0.0272246108816	-0.0272246108816	0	0.213	0.206	-0.0272246108816	-0.0272246108816	1	300	A27	C1	1000	10000	0	0.5	300	0.03
106	-0.00743513607079996	-0.00743513607079997	0	0.715	0.708	-0.00743513607079996	-0.00743513607079997	FGr	300	A27	C1	1000	10000	0	0.5	300	0.03
107	0.00443000041058801	0.004430000410588	0	0.851	0.852	0.00443000041058801	0.004430000410588	NoCorrection	300	A27	C1	1000	10000	0	0.5	300	0.03
108	0.000131125913149989	0.000131125913149995	0	0.996	0.994	0.000131125913149989	0.000131125913149995	ID	300	A27	C1	1000	10000	0	0.5	300	0.03
109	-0.0257999383829498	-0.0257999383829499	0	0.353	0.35	-0.0257999383829498	-0.0257999383829499	1	300	A27	C1	1000	10000	0	0.5	300	0.1
110	-0.0114688947596503	-0.0114688947596503	0	0.675	0.673	-0.0114688947596503	-0.0114688947596503	FGr	300	A27	C1	1000	10000	0	0.5	300	0.1
111	0.0103935915982499	0.0103935915982499	0	0.676	0.701	0.0103935915982499	0.0103935915982499	NoCorrection	300	A27	C1	1000	10000	0	0.5	300	0.1
112	-0.0327647570892	-0.0327647570892	0	0.232	0.249	-0.0327647570892	-0.0327647570892	ID	300	A27	C1	1000	10000	0	0.5	300	0.1
113	-0.0248650019650501	-0.033796751955	0	0.272	0.412	-0.0248650019650501	-0.033796751955	1	1000	A27	C1	1000	10000	0	0.5	300	0
114	-0.0420907609763	-0.0941674196799997	0	0.065	0.028	-0.0420907609763	-0.0941674196799997	FGr	1000	A27	C1	1000	10000	0	0.5	300	0
115	-0.052930233476465	-0.131076243845	0	0.024	0	-0.052930233476465	-0.131076243845	NoCorrection	1000	A27	C1	1000	10000	0	0.5	300	0
116	-0.02014734024158	-0.00638067645499971	0	0.377	0.882	-0.02014734024158	-0.00638067645499971	ID	1000	A27	C1	1000	10000	0	0.5	300	0
117	-0.00962838921155024	0.0237989306649999	0	0.685	0.545	-0.00962838921155024	0.0237989306649999	1	1000	A27	C1	1000	10000	0	0.5	300	0.01
118	-0.00541746497700076	0.037036687255	0	0.818	0.355	-0.00541746497700076	0.037036687255	FGr	1000	A27	C1	1000	10000	0	0.5	300	0.01
119	-0.00230428295240065	0.0435155563699999	0	0.926	0.267	-0.00230428295240065	0.0435155563699999	NoCorrection	1000	A27	C1	1000	10000	0	0.5	300	0.01
120	-0.00818588016824989	0.0279168151600001	0	0.699	0.492	-0.00818588016824989	0.0279168151600001	ID	1000	A27	C1	1000	10000	0	0.5	300	0.01
121	0.00254613399189994	-0.0267304473099995	0	0.915	0.532	0.00254613399189994	-0.0267304473099995	1	1000	A27	C1	1000	10000	0	0.5	300	0.03
122	0.0040162759170003	-0.026197266175	0	0.878	0.552	0.0040162759170003	-0.026197266175	FGr	1000	A27	C1	1000	10000	0	0.5	300	0.03
123	0.0220713205977501	0.0448831373999995	0	0.398	0.266	0.0220713205977501	0.0448831373999995	NoCorrection	1000	A27	C1	1000	10000	0	0.5	300	0.03
124	0.00798023792970022	-0.0109361592199989	0	0.752	0.786	0.00798023792970022	-0.0109361592199989	ID	1000	A27	C1	1000	10000	0	0.5	300	0.03
125	0.0295525019037001	0.00517418978499995	0	0.23	0.906	0.0295525019037001	0.00517418978499995	1	1000	A27	C1	1000	10000	0	0.5	300	0.1
126	0.0316340946859998	0.012260856045	0	0.186	0.802	0.0316340946859998	0.012260856045	FGr	1000	A27	C1	1000	10000	0	0.5	300	0.1
127	0.0465018811911653	0.0582211331750001	0	0.051	0.205	0.0465018811911653	0.0582211331750001	NoCorrection	1000	A27	C1	1000	10000	0	0.5	300	0.1
128	0.0250710293964499	-0.01357905879	0	0.318	0.746	0.0250710293964499	-0.01357905879	ID	1000	A27	C1	1000	10000	0	0.5	300	0.1
129	-0.00836360080184996	0.0323520459399984	0	0.771	0.617	-0.00836360080184996	0.0323520459399984	1	10000	A27	C1	1000	10000	0	0.5	300	0
130	-0.00878627859050004	0.0292018026299979	0	0.74	0.637	-0.00878627859050004	0.0292018026299979	FGr	10000	A27	C1	1000	10000	0	0.5	300	0
131	-0.0221281083856999	-0.0668505402750005	0	0.448	0.272	-0.0221281083856999	-0.0668505402750005	NoCorrection	10000	A27	C1	1000	10000	0	0.5	300	0
132	-0.00869420652154994	0.0321220257950012	0	0.755	0.599	-0.00869420652154994	0.0321220257950012	ID	10000	A27	C1	1000	10000	0	0.5	300	0
133	0.00547870432457986	0.036190806555	0	0.841	0.615	0.00547870432457986	0.036190806555	1	10000	A27	C1	1000	10000	0	0.5	300	0.01
134	0.00343042406128508	0.0362075107250001	0	0.913	0.624	0.00343042406128508	0.0362075107250001	FGr	10000	A27	C1	1000	10000	0	0.5	300	0.01
135	0.0169357999459998	0.109554975285	0	0.514	0.127	0.0169357999459998	0.109554975285	NoCorrection	10000	A27	C1	1000	10000	0	0.5	300	0.01
136	0.0039856745010303	0.03801534267	0	0.872	0.582	0.0039856745010303	0.03801534267	ID	10000	A27	C1	1000	10000	0	0.5	300	0.01
137	0.00272805131320019	0.0927214406500002	0	0.92	0.185	0.00272805131320019	0.0927214406500002	1	10000	A27	C1	1000	10000	0	0.5	300	0.03
138	0.00240693765499542	0.0881146564750002	0	0.916	0.22	0.00240693765499542	0.0881146564750002	FGr	10000	A27	C1	1000	10000	0	0.5	300	0.03
139	-0.00152533976519994	0.0351945225049999	0	0.939	0.574	-0.00152533976519994	0.0351945225049999	NoCorrection	10000	A27	C1	1000	10000	0	0.5	300	0.03
140	-0.000743143683599721	0.055640016395	0	0.982	0.464	-0.000743143683599721	0.055640016395	ID	10000	A27	C1	1000	10000	0	0.5	300	0.03
141	-0.0288713365165999	-0.0540064050299995	0	0.291	0.431	-0.0288713365165999	-0.0540064050299995	1	10000	A27	C1	1000	10000	0	0.5	300	0.1
142	-0.0384048530226649	-0.101974205034999	0	0.13	0.139	-0.0384048530226649	-0.101974205034999	FGr	10000	A27	C1	1000	10000	0	0.5	300	0.1
143	0.00791173370974995	0.195779231455	0	0.757	0.002	0.00791173370974995	0.195779231455	NoCorrection	10000	A27	C1	1000	10000	0	0.5	300	0.1
144	-0.03310191635175	-0.0776169404849999	0	0.198	0.274	-0.03310191635175	-0.0776169404849999	ID	10000	A27	C1	1000	10000	0	0.5	300	0.1
145	0.01091149377425	0.01091149377425	0	0.382	0.39	0.01091149377425	0.01091149377425	1	300	A27	C1	10000	100	0	0.5	300	0
146	0.005174059175	0.005174059175	0	0.681	0.687	0.005174059175	0.005174059175	FGr	300	A27	C1	10000	100	0	0.5	300	0
147	0.000655238761500002	0.000655238761500006	0	0.964	0.963	0.000655238761500002	0.000655238761500006	NoCorrection	300	A27	C1	10000	100	0	0.5	300	0
148	0.005744853415	0.005744853415	0	0.655	0.65	0.005744853415	0.005744853415	ID	300	A27	C1	10000	100	0	0.5	300	0
149	-0.022987804358	-0.022987804358	0	0.141	0.148	-0.022987804358	-0.022987804358	1	300	A27	C1	10000	100	0	0.5	300	0.01
150	-0.010627939089	-0.010627939089	0	0.489	0.473	-0.010627939089	-0.010627939089	FGr	300	A27	C1	10000	100	0	0.5	300	0.01
151	-0.014329798485	-0.014329798485	0	0.355	0.384	-0.014329798485	-0.014329798485	NoCorrection	300	A27	C1	10000	100	0	0.5	300	0.01
152	-0.019355553255	-0.019355553255	0	0.206	0.182	-0.019355553255	-0.019355553255	ID	300	A27	C1	10000	100	0	0.5	300	0.01
153	0.00644637514500001	0.006446375145	0	0.606	0.617	0.00644637514500001	0.006446375145	1	300	A27	C1	10000	100	0	0.5	300	0.03
154	0.012057194263	0.012057194263	0	0.335	0.346	0.012057194263	0.012057194263	FGr	300	A27	C1	10000	100	0	0.5	300	0.03
155	0.0151627111874	0.0151627111874	0	0.228	0.239	0.0151627111874	0.0151627111874	NoCorrection	300	A27	C1	10000	100	0	0.5	300	0.03
156	0.00362537023099998	0.00362537023100002	0	0.788	0.764	0.00362537023099998	0.00362537023100002	ID	300	A27	C1	10000	100	0	0.5	300	0.03
157	0.00455180874654999	0.00455180874655	0	0.696	0.682	0.00455180874654999	0.00455180874655	1	300	A27	C1	10000	100	0	0.5	300	0.1
158	0.036826118305	0.036826118305	0	0.005	0.005	0.036826118305	0.036826118305	FGr	300	A27	C1	10000	100	0	0.5	300	0.1
159	0.0441659910005	0.0441659910005	0	0.001	0	0.0441659910005	0.0441659910005	NoCorrection	300	A27	C1	10000	100	0	0.5	300	0.1
160	0.010867378675	0.010867378675	0	0.336	0.353	0.010867378675	0.010867378675	ID	300	A27	C1	10000	100	0	0.5	300	0.1
161	-0.00189986514	0.00387699800000001	0	0.873	0.837	-0.00189986514	0.00387699800000001	1	1000	A27	C1	10000	100	0	0.5	300	0
162	-0.00187390678080001	0.00477864850000001	0	0.862	0.795	-0.00187390678080001	0.00477864850000001	FGr	1000	A27	C1	10000	100	0	0.5	300	0
163	-0.003653322265	0.00278816300000002	0	0.763	0.894	-0.003653322265	0.00278816300000002	NoCorrection	1000	A27	C1	10000	100	0	0.5	300	0
164	0.002708053323	0.020634545	0	0.85	0.311	0.002708053323	0.020634545	ID	1000	A27	C1	10000	100	0	0.5	300	0
165	0.000812858722950007	0.0159518205	0	0.96	0.382	0.000812858722950007	0.0159518205	1	1000	A27	C1	10000	100	0	0.5	300	0.01
166	-0.00657869051500001	0.003070047	0	0.601	0.885	-0.00657869051500001	0.003070047	FGr	1000	A27	C1	10000	100	0	0.5	300	0.01
167	0.00464462886199999	0.0236060595	0	0.681	0.236	0.00464462886199999	0.0236060595	NoCorrection	1000	A27	C1	10000	100	0	0.5	300	0.01
168	0.0014665934055	0.0147684755	0	0.889	0.479	0.0014665934055	0.0147684755	ID	1000	A27	C1	10000	100	0	0.5	300	0.01
169	-0.01935359358515	-0.0283011945	0	0.112	0.159	-0.01935359358515	-0.0283011945	1	1000	A27	C1	10000	100	0	0.5	300	0.03
170	-0.00636107665499999	0.0153276025	0	0.616	0.448	-0.00636107665499999	0.0153276025	FGr	1000	A27	C1	10000	100	0	0.5	300	0.03
171	-0.001597604255	0.028293174	0	0.906	0.122	-0.001597604255	0.028293174	NoCorrection	1000	A27	C1	10000	100	0	0.5	300	0.03
172	-0.016269667725	-0.022303539	0	0.164	0.248	-0.016269667725	-0.022303539	ID	1000	A27	C1	10000	100	0	0.5	300	0.03
173	-0.0103033927282	0.00498251149999999	0	0.399	0.793	-0.0103033927282	0.00498251149999999	1	1000	A27	C1	10000	100	0	0.5	300	0.1
174	0.0064402044555	0.0478305875	0	0.586	0.015	0.0064402044555	0.0478305875	FGr	1000	A27	C1	10000	100	0	0.5	300	0.1
175	0.033924744885	0.097015894	0	0.012	0	0.033924744885	0.097015894	NoCorrection	1000	A27	C1	10000	100	0	0.5	300	0.1
176	-0.009299012135	0.006324798	0	0.455	0.735	-0.009299012135	0.006324798	ID	1000	A27	C1	10000	100	0	0.5	300	0.1
177	0.00564956377500001	0.0176349695	0	0.637	0.576	0.00564956377500001	0.0176349695	1	10000	A27	C1	10000	100	0	0.5	300	0
178	0.00618243590899999	0.0232173495	0	0.583	0.472	0.00618243590899999	0.0232173495	FGr	10000	A27	C1	10000	100	0	0.5	300	0
179	0.010335271025	0.0349515455	0	0.384	0.259	0.010335271025	0.0349515455	NoCorrection	10000	A27	C1	10000	100	0	0.5	300	0
180	0.00450582049499998	0.0101653435	0	0.695	0.769	0.00450582049499998	0.0101653435	ID	10000	A27	C1	10000	100	0	0.5	300	0
181	-0.02216299767	-0.0438585364999999	0	0.123	0.151	-0.02216299767	-0.0438585364999999	1	10000	A27	C1	10000	100	0	0.5	300	0.01
182	-0.0237104325352	-0.0565297955	0	0.081	0.064	-0.0237104325352	-0.0565297955	FGr	10000	A27	C1	10000	100	0	0.5	300	0.01
183	-0.01420579397995	-0.0102348165	0	0.312	0.747	-0.01420579397995	-0.0102348165	NoCorrection	10000	A27	C1	10000	100	0	0.5	300	0.01
184	-0.02267313265	-0.0446244515	0	0.09	0.149	-0.02267313265	-0.0446244515	ID	10000	A27	C1	10000	100	0	0.5	300	0.01
185	0.031774912251	-0.00027794399999998	0	0.013	0.997	0.031774912251	-0.00027794399999998	1	10000	A27	C1	10000	100	0	0.5	300	0.03
186	0.030766639075	0.00420145350000001	0	0.016	0.889	0.030766639075	0.00420145350000001	FGr	10000	A27	C1	10000	100	0	0.5	300	0.03
187	0.04405938806555	0.064863728	0	0.001	0.035	0.04405938806555	0.064863728	NoCorrection	10000	A27	C1	10000	100	0	0.5	300	0.03
188	0.031050550963	-0.00562501099999997	0	0.011	0.864	0.031050550963	-0.00562501099999997	ID	10000	A27	C1	10000	100	0	0.5	300	0.03
189	-0.0102490473	0.00803804350000012	0	0.461	0.761	-0.0102490473	0.00803804350000012	1	10000	A27	C1	10000	100	0	0.5	300	0.1
190	-0.00537175590299997	0.0447090955000001	0	0.757	0.146	-0.00537175590299997	0.0447090955000001	FGr	10000	A27	C1	10000	100	0	0.5	300	0.1
191	0.025337948535	0.1914902715	0	0.081	0	0.025337948535	0.1914902715	NoCorrection	10000	A27	C1	10000	100	0	0.5	300	0.1
192	-0.00959418346500003	0.013614033	0	0.51	0.641	-0.00959418346500003	0.013614033	ID	10000	A27	C1	10000	100	0	0.5	300	0.1
193	-0.007463658137	-0.007463658137	0	0.377	0.387	-0.007463658137	-0.007463658137	1	300	A27	C1	10000	1000	0	0.5	300	0
194	0.00239441427480003	0.00239441427480002	0	0.781	0.792	0.00239441427480003	0.00239441427480002	FGr	300	A27	C1	10000	1000	0	0.5	300	0
195	-0.0019994023326	-0.00199940233260001	0	0.847	0.796	-0.0019994023326	-0.00199940233260001	NoCorrection	300	A27	C1	10000	1000	0	0.5	300	0
196	-0.00644750130257998	-0.00644750130257998	0	0.489	0.462	-0.00644750130257998	-0.00644750130257998	ID	300	A27	C1	10000	1000	0	0.5	300	0
197	-0.0073730953135	-0.00737309531350001	0	0.413	0.417	-0.0073730953135	-0.00737309531350001	1	300	A27	C1	10000	1000	0	0.5	300	0.01
198	-0.00877579510799998	-0.00877579510799998	0	0.331	0.315	-0.00877579510799998	-0.00877579510799998	FGr	300	A27	C1	10000	1000	0	0.5	300	0.01
199	-0.00283009046099999	-0.00283009046099998	0	0.746	0.744	-0.00283009046099999	-0.00283009046099998	NoCorrection	300	A27	C1	10000	1000	0	0.5	300	0.01
200	-0.0095759301177	-0.00957593011770001	0	0.275	0.287	-0.0095759301177	-0.00957593011770001	ID	300	A27	C1	10000	1000	0	0.5	300	0.01
201	-0.000167528333099992	-0.000167528333099991	0	0.99	0.977	-0.000167528333099992	-0.000167528333099991	1	300	A27	C1	10000	1000	0	0.5	300	0.03
202	0.00666671086680002	0.00666671086680001	0	0.393	0.406	0.00666671086680002	0.00666671086680001	FGr	300	A27	C1	10000	1000	0	0.5	300	0.03
203	0.017055227317	0.017055227317	0	0.035	0.043	0.017055227317	0.017055227317	NoCorrection	300	A27	C1	10000	1000	0	0.5	300	0.03
204	-0.00138062807229999	-0.00138062807229999	0	0.877	0.853	-0.00138062807229999	-0.00138062807229999	ID	300	A27	C1	10000	1000	0	0.5	300	0.03
205	-0.006866898829	-0.00686689882900002	0	0.429	0.426	-0.006866898829	-0.00686689882900002	1	300	A27	C1	10000	1000	0	0.5	300	0.1
206	0.00979800586674	0.00979800586674	0	0.243	0.243	0.00979800586674	0.00979800586674	FGr	300	A27	C1	10000	1000	0	0.5	300	0.1
207	0.0314482194021	0.0314482194021	0	0.001	0	0.0314482194021	0.0314482194021	NoCorrection	300	A27	C1	10000	1000	0	0.5	300	0.1
208	-0.0152241268611	-0.0152241268611	0	0.105	0.088	-0.0152241268611	-0.0152241268611	ID	300	A27	C1	10000	1000	0	0.5	300	0.1
209	0.0184927810514	0.00938478385	0	0.023	0.501	0.0184927810514	0.00938478385	1	1000	A27	C1	10000	1000	0	0.5	300	0
210	0.0127546163504	-0.00583347609999994	0	0.104	0.674	0.0127546163504	-0.00583347609999994	FGr	1000	A27	C1	10000	1000	0	0.5	300	0
211	0.0215755050806	0.0167031121	0	0.012	0.246	0.0215755050806	0.0167031121	NoCorrection	1000	A27	C1	10000	1000	0	0.5	300	0
212	0.016847247824	0.0052160427	0	0.035	0.706	0.016847247824	0.0052160427	ID	1000	A27	C1	10000	1000	0	0.5	300	0
213	0.0055338760302	0.00337996029999999	0	0.508	0.776	0.0055338760302	0.00337996029999999	1	1000	A27	C1	10000	1000	0	0.5	300	0.01
214	0.0075306960775	0.00824896390000002	0	0.392	0.542	0.0075306960775	0.00824896390000002	FGr	1000	A27	C1	10000	1000	0	0.5	300	0.01
215	0.0108591899444	0.01641763945	0	0.204	0.217	0.0108591899444	0.01641763945	NoCorrection	1000	A27	C1	10000	1000	0	0.5	300	0.01
216	0.00481694815750001	-0.00202279940000001	0	0.56	0.876	0.00481694815750001	-0.00202279940000001	ID	1000	A27	C1	10000	1000	0	0.5	300	0.01
217	0.002381911534335	0.00622456765000001	0	0.782	0.659	0.002381911534335	0.00622456765000001	1	1000	A27	C1	10000	1000	0	0.5	300	0.03
218	0.00125096709999996	0.00160931160000006	0	0.899	0.922	0.00125096709999996	0.00160931160000006	FGr	1000	A27	C1	10000	1000	0	0.5	300	0.03
219	0.01212729313595	0.02912086845	0	0.172	0.044	0.01212729313595	0.02912086845	NoCorrection	1000	A27	C1	10000	1000	0	0.5	300	0.03
220	0.00118036835725003	0.00289550114999999	0	0.889	0.816	0.00118036835725003	0.00289550114999999	ID	1000	A27	C1	10000	1000	0	0.5	300	0.03
221	-0.00276774973014999	-0.0066031093	0	0.743	0.621	-0.00276774973014999	-0.0066031093	1	1000	A27	C1	10000	1000	0	0.5	300	0.1
222	0.0072454107619	0.0167112938	0	0.413	0.211	0.0072454107619	0.0167112938	FGr	1000	A27	C1	10000	1000	0	0.5	300	0.1
223	0.0293016486105	0.0675368161	0	0.002	0	0.0293016486105	0.0675368161	NoCorrection	1000	A27	C1	10000	1000	0	0.5	300	0.1
224	-0.00230148360149999	-0.00679706300000001	0	0.792	0.612	-0.00230148360149999	-0.00679706300000001	ID	1000	A27	C1	10000	1000	0	0.5	300	0.1
225	0.00528933453659999	-0.00753367099999998	0	0.57	0.754	0.00528933453659999	-0.00753367099999998	1	10000	A27	C1	10000	1000	0	0.5	300	0
226	0.00482348884299999	-0.00622890590000002	0	0.59	0.777	0.00482348884299999	-0.00622890590000002	FGr	10000	A27	C1	10000	1000	0	0.5	300	0
227	0.00836466100300006	0.00467680599999996	0	0.367	0.84	0.00836466100300006	0.00467680599999996	NoCorrection	10000	A27	C1	10000	1000	0	0.5	300	0
228	0.00593043892649999	-0.00406115980000013	0	0.529	0.847	0.00593043892649999	-0.00406115980000013	ID	10000	A27	C1	10000	1000	0	0.5	300	0
229	0.01115415908007	0.00688155084999998	0	0.219	0.751	0.01115415908007	0.00688155084999998	1	10000	A27	C1	10000	1000	0	0.5	300	0.01
230	0.0094409450219	-0.00323544980000008	0	0.306	0.889	0.0094409450219	-0.00323544980000008	FGr	10000	A27	C1	10000	1000	0	0.5	300	0.01
231	0.0235073802515	0.07662922615	0	0.01	0	0.0235073802515	0.07662922615	NoCorrection	10000	A27	C1	10000	1000	0	0.5	300	0.01
232	0.0106173562888	0.00429518165000002	0	0.258	0.85	0.0106173562888	0.00429518165000002	ID	10000	A27	C1	10000	1000	0	0.5	300	0.01
233	-0.00886005811000004	0.01509294965	0	0.293	0.507	-0.00886005811000004	0.01509294965	1	10000	A27	C1	10000	1000	0	0.5	300	0.03
234	-0.00944285449200002	0.01216574185	0	0.26	0.617	-0.00944285449200002	0.01216574185	FGr	10000	A27	C1	10000	1000	0	0.5	300	0.03
235	-0.00639825076688501	0.0268829936499999	0	0.452	0.266	-0.00639825076688501	0.0268829936499999	NoCorrection	10000	A27	C1	10000	1000	0	0.5	300	0.03
236	-0.00954315705899998	0.0085833786	0	0.277	0.69	-0.00954315705899998	0.0085833786	ID	10000	A27	C1	10000	1000	0	0.5	300	0.03
237	-0.00286283360049999	-0.00137344489999999	0	0.769	0.946	-0.00286283360049999	-0.00137344489999999	1	10000	A27	C1	10000	1000	0	0.5	300	0.1
238	0.000390306409000006	0.0113981613500002	0	0.966	0.618	0.000390306409000006	0.0113981613500002	FGr	10000	A27	C1	10000	1000	0	0.5	300	0.1
239	0.03264495799115	0.178763253	0	0.004	0	0.03264495799115	0.178763253	NoCorrection	10000	A27	C1	10000	1000	0	0.5	300	0.1
240	-0.00295688708250002	0.00124144070000005	0	0.762	0.955	-0.00295688708250002	0.00124144070000005	ID	10000	A27	C1	10000	1000	0	0.5	300	0.1
241	0.00359319181678507	0.00359319181678508	0	0.663	0.641	0.00359319181678507	0.00359319181678508	1	300	A27	C1	10000	10000	0	0.5	300	0
242	0.00822535185131	0.00822535185130999	0	0.295	0.308	0.00822535185131	0.00822535185130999	FGr	300	A27	C1	10000	10000	0	0.5	300	0
243	0.00654648766966507	0.00654648766966506	0	0.371	0.405	0.00654648766966507	0.00654648766966506	NoCorrection	300	A27	C1	10000	10000	0	0.5	300	0
244	0.00371519145693511	0.00371519145693511	0	0.649	0.638	0.00371519145693511	0.00371519145693511	ID	300	A27	C1	10000	10000	0	0.5	300	0
245	-0.00345313558909987	-0.00345313558909986	0	0.663	0.688	-0.00345313558909987	-0.00345313558909986	1	300	A27	C1	10000	10000	0	0.5	300	0.01
246	-0.00144225778521497	-0.00144225778521496	0	0.833	0.864	-0.00144225778521497	-0.00144225778521496	FGr	300	A27	C1	10000	10000	0	0.5	300	0.01
247	-0.000539485148034955	-0.000539485148035003	0	0.949	0.946	-0.000539485148034955	-0.000539485148035003	NoCorrection	300	A27	C1	10000	10000	0	0.5	300	0.01
248	-0.00152901311320513	-0.00152901311320514	0	0.841	0.861	-0.00152901311320513	-0.00152901311320514	ID	300	A27	C1	10000	10000	0	0.5	300	0.01
249	0.00803878283449994	0.00803878283449993	0	0.305	0.356	0.00803878283449994	0.00803878283449993	1	300	A27	C1	10000	10000	0	0.5	300	0.03
250	0.0128169022493397	0.0128169022493398	0	0.113	0.105	0.0128169022493397	0.0128169022493398	FGr	300	A27	C1	10000	10000	0	0.5	300	0.03
251	0.0206325454924501	0.0206325454924501	0	0.015	0.015	0.0206325454924501	0.0206325454924501	NoCorrection	300	A27	C1	10000	10000	0	0.5	300	0.03
252	0.00885301807659598	0.00885301807659598	0	0.292	0.281	0.00885301807659598	0.00885301807659598	ID	300	A27	C1	10000	10000	0	0.5	300	0.03
253	-0.00574108302485008	-0.00574108302485006	0	0.51	0.545	-0.00574108302485008	-0.00574108302485006	1	300	A27	C1	10000	10000	0	0.5	300	0.1
254	0.0119289254515999	0.0119289254515999	0	0.181	0.187	0.0119289254515999	0.0119289254515999	FGr	300	A27	C1	10000	10000	0	0.5	300	0.1
255	0.0227832609973499	0.0227832609973499	0	0.005	0.015	0.0227832609973499	0.0227832609973499	NoCorrection	300	A27	C1	10000	10000	0	0.5	300	0.1
256	-0.0107531318978501	-0.01075313189785	0	0.194	0.207	-0.0107531318978501	-0.01075313189785	ID	300	A27	C1	10000	10000	0	0.5	300	0.1
257	-0.00173571814862498	-0.00884629999999994	0	0.796	0.474	-0.00173571814862498	-0.00884629999999994	1	1000	A27	C1	10000	10000	0	0.5	300	0
258	0.00443139140286003	0.00527370085500001	0	0.504	0.655	0.00443139140286003	0.00527370085500001	FGr	1000	A27	C1	10000	10000	0	0.5	300	0
259	-0.00367054604407502	-0.0171714791700001	0	0.609	0.158	-0.00367054604407502	-0.0171714791700001	NoCorrection	1000	A27	C1	10000	10000	0	0.5	300	0
260	-0.00232783676262004	-0.011265033595	0	0.749	0.346	-0.00232783676262004	-0.011265033595	ID	1000	A27	C1	10000	10000	0	0.5	300	0
261	-0.01595196390345	-0.015132179095	0	0.053	0.292	-0.01595196390345	-0.015132179095	1	1000	A27	C1	10000	10000	0	0.5	300	0.01
262	-0.0163541212813711	-0.018225339425	0	0.048	0.175	-0.0163541212813711	-0.018225339425	FGr	1000	A27	C1	10000	10000	0	0.5	300	0.01
263	-0.00673490431735335	0.01291323535	0	0.389	0.372	-0.00673490431735335	0.01291323535	NoCorrection	1000	A27	C1	10000	10000	0	0.5	300	0.01
264	-0.0181982842125	-0.02579721116	0	0.035	0.067	-0.0181982842125	-0.02579721116	ID	1000	A27	C1	10000	10000	0	0.5	300	0.01
265	-0.0014247819972	-0.00866282231499991	0	0.874	0.503	-0.0014247819972	-0.00866282231499991	1	1000	A27	C1	10000	10000	0	0.5	300	0.03
266	0.00266464132731999	0.00193336789499997	0	0.733	0.886	0.00266464132731999	0.00193336789499997	FGr	1000	A27	C1	10000	10000	0	0.5	300	0.03
267	0.00482031192464997	0.00790298452	0	0.539	0.546	0.00482031192464997	0.00790298452	NoCorrection	1000	A27	C1	10000	10000	0	0.5	300	0.03
268	0.00289064191839998	0.00161117409499993	0	0.733	0.904	0.00289064191839998	0.00161117409499993	ID	1000	A27	C1	10000	10000	0	0.5	300	0.03
269	0.00130169642186003	-0.03243703288	0	0.865	0.021	0.00130169642186003	-0.03243703288	1	1000	A27	C1	10000	10000	0	0.5	300	0.1
270	0.00665449408734998	-0.017590615065	0	0.38	0.197	0.00665449408734998	-0.017590615065	FGr	1000	A27	C1	10000	10000	0	0.5	300	0.1
271	0.025915244109975	0.039147771375	0	0.002	0.006	0.025915244109975	0.039147771375	NoCorrection	1000	A27	C1	10000	10000	0	0.5	300	0.1
272	-0.00252029514806242	-0.041358168495	0	0.71	0.002	-0.00252029514806242	-0.041358168495	ID	1000	A27	C1	10000	10000	0	0.5	300	0.1
273	-0.01730158137353	0.00299885052500026	0	0.034	0.901	-0.01730158137353	0.00299885052500026	1	10000	A27	C1	10000	10000	0	0.5	300	0
274	-0.01973126036774	-0.0136593825349999	0	0.017	0.512	-0.01973126036774	-0.0136593825349999	FGr	10000	A27	C1	10000	10000	0	0.5	300	0
275	-0.0257370916779	-0.041037028325	0	0.002	0.053	-0.0257370916779	-0.041037028325	NoCorrection	10000	A27	C1	10000	10000	0	0.5	300	0
276	-0.018041651616775	-0.00507431452499997	0	0.02	0.806	-0.018041651616775	-0.00507431452499997	ID	10000	A27	C1	10000	10000	0	0.5	300	0
277	-0.0080696828024001	0.00335765172500014	0	0.285	0.867	-0.0080696828024001	0.00335765172500014	1	10000	A27	C1	10000	10000	0	0.5	300	0.01
278	-0.00765218903524992	0.00659702726500017	0	0.328	0.715	-0.00765218903524992	0.00659702726500017	FGr	10000	A27	C1	10000	10000	0	0.5	300	0.01
279	0.00272740377605007	0.0734553707900003	0	0.759	0	0.00272740377605007	0.0734553707900003	NoCorrection	10000	A27	C1	10000	10000	0	0.5	300	0.01
280	-0.00806635120394995	0.00333314232499992	0	0.289	0.857	-0.00806635120394995	0.00333314232499992	ID	10000	A27	C1	10000	10000	0	0.5	300	0.01
281	0.0092266591843501	0.0023225780050001	0	0.193	0.921	0.0092266591843501	0.0023225780050001	1	10000	A27	C1	10000	10000	0	0.5	300	0.03
282	0.00734458417170501	-0.00411416094499982	0	0.301	0.847	0.00734458417170501	-0.00411416094499982	FGr	10000	A27	C1	10000	10000	0	0.5	300	0.03
283	0.02648271863215	0.103115238665	0	0	0	0.02648271863215	0.103115238665	NoCorrection	10000	A27	C1	10000	10000	0	0.5	300	0.03
284	0.00851950892544999	-0.00157330573500001	0	0.257	0.943	0.00851950892544999	-0.00157330573500001	ID	10000	A27	C1	10000	10000	0	0.5	300	0.03
285	-0.00977512963240006	-0.0236525043150001	0	0.231	0.301	-0.00977512963240006	-0.0236525043150001	1	10000	A27	C1	10000	10000	0	0.5	300	0.1
286	-0.00831787718764989	-0.0214887213149999	0	0.308	0.361	-0.00831787718764989	-0.0214887213149999	FGr	10000	A27	C1	10000	10000	0	0.5	300	0.1
287	0.0117266413454501	0.1078913694	0	0.165	0	0.0117266413454501	0.1078913694	NoCorrection	10000	A27	C1	10000	10000	0	0.5	300	0.1
288	-0.00943222420084995	-0.02368343887	0	0.27	0.301	-0.00943222420084995	-0.02368343887	ID	10000	A27	C1	10000	10000	0	0.5	300	0.1
289	-0.02016254867	-0.02016254867	0	0.598	0.616	-0.02016254867	-0.02016254867	1	300	A27	C2	1000	100	0	0.5	300	0
290	-0.017966145443	-0.017966145443	0	0.64	0.639	-0.017966145443	-0.017966145443	FGr	300	A27	C2	1000	100	0	0.5	300	0
291	-0.0180080700755	-0.0180080700755	0	0.609	0.645	-0.0180080700755	-0.0180080700755	NoCorrection	300	A27	C2	1000	100	0	0.5	300	0
292	-0.020565026863	-0.020565026863	0	0.588	0.565	-0.020565026863	-0.020565026863	ID	300	A27	C2	1000	100	0	0.5	300	0
293	0.0308575997675	0.0308575997675	0	0.292	0.314	0.0308575997675	0.0308575997675	1	300	A27	C2	1000	100	0	0.5	300	0.01
294	0.031565471033	0.031565471033	0	0.31	0.287	0.031565471033	0.031565471033	FGr	300	A27	C2	1000	100	0	0.5	300	0.01
295	0.03105588029	0.03105588029	0	0.288	0.288	0.03105588029	0.03105588029	NoCorrection	300	A27	C2	1000	100	0	0.5	300	0.01
296	0.032663640475	0.032663640475	0	0.251	0.267	0.032663640475	0.032663640475	ID	300	A27	C2	1000	100	0	0.5	300	0.01
297	-0.042398392985	-0.042398392985	0	0.187	0.214	-0.042398392985	-0.042398392985	1	300	A27	C2	1000	100	0	0.5	300	0.03
298	-0.040637836443	-0.040637836443	0	0.224	0.214	-0.040637836443	-0.040637836443	FGr	300	A27	C2	1000	100	0	0.5	300	0.03
299	-0.039772065725	-0.039772065725	0	0.221	0.234	-0.039772065725	-0.039772065725	NoCorrection	300	A27	C2	1000	100	0	0.5	300	0.03
300	-0.037450654955	-0.0374506549549999	0	0.294	0.27	-0.037450654955	-0.0374506549549999	ID	300	A27	C2	1000	100	0	0.5	300	0.03
301	-0.01189542048	-0.01189542048	0	0.784	0.762	-0.01189542048	-0.01189542048	1	300	A27	C2	1000	100	0	0.5	300	0.1
302	-0.0217558903100001	-0.0217558903100001	0	0.592	0.579	-0.0217558903100001	-0.0217558903100001	FGr	300	A27	C2	1000	100	0	0.5	300	0.1
303	-0.0239017926149999	-0.023901792615	0	0.516	0.566	-0.0239017926149999	-0.023901792615	NoCorrection	300	A27	C2	1000	100	0	0.5	300	0.1
304	-0.01105557498	-0.01105557498	0	0.761	0.777	-0.01105557498	-0.01105557498	ID	300	A27	C2	1000	100	0	0.5	300	0.1
305	0.00430725767500006	-0.0509131495	0	0.909	0.4	0.00430725767500006	-0.0509131495	1	1000	A27	C2	1000	100	0	0.5	300	0
306	0.0010578998550001	-0.0598677639999999	0	0.967	0.294	0.0010578998550001	-0.0598677639999999	FGr	1000	A27	C2	1000	100	0	0.5	300	0
307	0.00214991156499999	-0.0637430875	0	0.96	0.258	0.00214991156499999	-0.0637430875	NoCorrection	1000	A27	C2	1000	100	0	0.5	300	0
308	0.00537219160500001	-0.0494519675	0	0.866	0.398	0.00537219160500001	-0.0494519675	ID	1000	A27	C2	1000	100	0	0.5	300	0
309	0.00661093436999988	0.0313889075	0	0.826	0.597	0.00661093436999988	0.0313889075	1	1000	A27	C2	1000	100	0	0.5	300	0.01
310	0.00376741708000001	0.020260752	0	0.891	0.691	0.00376741708000001	0.020260752	FGr	1000	A27	C2	1000	100	0	0.5	300	0.01
311	0.00416322108000006	0.0191465784999999	0	0.886	0.728	0.00416322108000006	0.0191465784999999	NoCorrection	1000	A27	C2	1000	100	0	0.5	300	0.01
312	0.00616760325000004	0.0289091115	0	0.849	0.625	0.00616760325000004	0.0289091115	ID	1000	A27	C2	1000	100	0	0.5	300	0.01
313	0.028618678985	-0.0032588435	0	0.411	0.957	0.028618678985	-0.0032588435	1	1000	A27	C2	1000	100	0	0.5	300	0.03
314	0.027698867699	-0.00832086449999999	0	0.435	0.867	0.027698867699	-0.00832086449999999	FGr	1000	A27	C2	1000	100	0	0.5	300	0.03
315	0.027334002055	-0.0021423395	0	0.447	0.968	0.027334002055	-0.0021423395	NoCorrection	1000	A27	C2	1000	100	0	0.5	300	0.03
316	0.027732360875	-0.0013874295	0	0.443	0.976	0.027732360875	-0.0013874295	ID	1000	A27	C2	1000	100	0	0.5	300	0.03
317	-0.00267211979999997	-0.0185182315000001	0	0.965	0.767	-0.00267211979999997	-0.0185182315000001	1	1000	A27	C2	1000	100	0	0.5	300	0.1
318	0.00334323358500001	-0.00895969600000004	0	0.934	0.898	0.00334323358500001	-0.00895969600000004	FGr	1000	A27	C2	1000	100	0	0.5	300	0.1
319	0.00475810127250004	0.00436171999999998	0	0.905	0.938	0.00475810127250004	0.00436171999999998	NoCorrection	1000	A27	C2	1000	100	0	0.5	300	0.1
320	-0.0021547188	-0.0211630995	0	0.962	0.754	-0.0021547188	-0.0211630995	ID	1000	A27	C2	1000	100	0	0.5	300	0.1
321	0.019279631925	0.0230782995000001	0	0.567	0.795	0.019279631925	0.0230782995000001	1	10000	A27	C2	1000	100	0	0.5	300	0
322	0.0169178414895	0.00724220750000001	0	0.634	0.935	0.0169178414895	0.00724220750000001	FGr	10000	A27	C2	1000	100	0	0.5	300	0
323	0.017372128085	0.0259328945	0	0.631	0.788	0.017372128085	0.0259328945	NoCorrection	10000	A27	C2	1000	100	0	0.5	300	0
324	0.01940406026	0.0265096005000001	0	0.578	0.756	0.01940406026	0.0265096005000001	ID	10000	A27	C2	1000	100	0	0.5	300	0
325	-0.0096921546485	0.1910528785	0	0.733	0.021	-0.0096921546485	0.1910528785	1	10000	A27	C2	1000	100	0	0.5	300	0.01
326	-0.00982597989999998	0.132055014	0	0.707	0.111	-0.00982597989999998	0.132055014	FGr	10000	A27	C2	1000	100	0	0.5	300	0.01
327	-0.00997961836	0.1320096355	0	0.708	0.127	-0.00997961836	0.1320096355	NoCorrection	10000	A27	C2	1000	100	0	0.5	300	0.01
328	-0.00941123317545	0.2029874805	0	0.745	0.012	-0.00941123317545	0.2029874805	ID	10000	A27	C2	1000	100	0	0.5	300	0.01
329	0.05885573669	0.0628229360000001	0	0.07	0.482	0.05885573669	0.0628229360000001	1	10000	A27	C2	1000	100	0	0.5	300	0.03
330	0.057927457405	-0.0337631890000001	0	0.063	0.725	0.057927457405	-0.0337631890000001	FGr	10000	A27	C2	1000	100	0	0.5	300	0.03
331	0.05993173204	-0.028912225	0	0.077	0.762	0.05993173204	-0.028912225	NoCorrection	10000	A27	C2	1000	100	0	0.5	300	0.03
332	0.05877156375	0.0484413255	0	0.084	0.614	0.05877156375	0.0484413255	ID	10000	A27	C2	1000	100	0	0.5	300	0.03
333	0.019523180555	0.1252416755	0	0.602	0.172	0.019523180555	0.1252416755	1	10000	A27	C2	1000	100	0	0.5	300	0.1
334	0.01584623125	0.1712738	0	0.63	0.081	0.01584623125	0.1712738	FGr	10000	A27	C2	1000	100	0	0.5	300	0.1
335	0.016946149715	0.14734006	0	0.638	0.122	0.016946149715	0.14734006	NoCorrection	10000	A27	C2	1000	100	0	0.5	300	0.1
336	0.01958075429	0.1326452265	0	0.593	0.138	0.01958075429	0.1326452265	ID	10000	A27	C2	1000	100	0	0.5	300	0.1
337	0.0108059772425002	0.0108059772425002	0	0.593	0.624	0.0108059772425002	0.0108059772425002	1	300	A27	C2	1000	1000	0	0.5	300	0
338	0.0117276529669996	0.0117276529669996	0	0.553	0.588	0.0117276529669996	0.0117276529669996	FGr	300	A27	C2	1000	1000	0	0.5	300	0
339	0.0114792305944997	0.0114792305944997	0	0.561	0.562	0.0114792305944997	0.0114792305944997	NoCorrection	300	A27	C2	1000	1000	0	0.5	300	0
340	0.0115635173206997	0.0115635173206997	0	0.564	0.563	0.0115635173206997	0.0115635173206997	ID	300	A27	C2	1000	1000	0	0.5	300	0
341	-0.025902837451	-0.025902837451	0	0.205	0.244	-0.025902837451	-0.025902837451	1	300	A27	C2	1000	1000	0	0.5	300	0.01
342	-0.02785632878835	-0.02785632878835	0	0.206	0.202	-0.02785632878835	-0.02785632878835	FGr	300	A27	C2	1000	1000	0	0.5	300	0.01
343	-0.0277645695195	-0.0277645695195	0	0.181	0.204	-0.0277645695195	-0.0277645695195	NoCorrection	300	A27	C2	1000	1000	0	0.5	300	0.01
344	-0.027099367837	-0.027099367837	0	0.205	0.196	-0.027099367837	-0.027099367837	ID	300	A27	C2	1000	1000	0	0.5	300	0.01
345	-0.002129345827	-0.00212934582700001	0	0.895	0.9	-0.002129345827	-0.00212934582700001	1	300	A27	C2	1000	1000	0	0.5	300	0.03
346	-0.000167402466000008	-0.00016740246600001	0	0.993	0.989	-0.000167402466000008	-0.00016740246600001	FGr	300	A27	C2	1000	1000	0	0.5	300	0.03
347	-0.000534052693999974	-0.000534052693999945	0	0.973	0.979	-0.000534052693999974	-0.000534052693999945	NoCorrection	300	A27	C2	1000	1000	0	0.5	300	0.03
348	-0.00100172317849997	-0.00100172317849997	0	0.965	0.958	-0.00100172317849997	-0.00100172317849997	ID	300	A27	C2	1000	1000	0	0.5	300	0.03
349	-0.00910046987000006	-0.00910046987000004	0	0.641	0.677	-0.00910046987000006	-0.00910046987000004	1	300	A27	C2	1000	1000	0	0.5	300	0.1
350	-0.0104036078754	-0.0104036078754	0	0.654	0.626	-0.0104036078754	-0.0104036078754	FGr	300	A27	C2	1000	1000	0	0.5	300	0.1
351	-0.010725459285	-0.010725459285	0	0.621	0.623	-0.010725459285	-0.010725459285	NoCorrection	300	A27	C2	1000	1000	0	0.5	300	0.1
352	-0.00974683281550008	-0.00974683281550006	0	0.634	0.629	-0.00974683281550008	-0.00974683281550006	ID	300	A27	C2	1000	1000	0	0.5	300	0.1
353	0.001379631127	-0.0058088947	0	0.949	0.871	0.001379631127	-0.0058088947	1	1000	A27	C2	1000	1000	0	0.5	300	0
354	0.0017817075772	-0.000892633200000025	0	0.923	0.983	0.0017817075772	-0.000892633200000025	FGr	1000	A27	C2	1000	1000	0	0.5	300	0
355	0.0023453134585	0.00121356225000001	0	0.915	0.971	0.0023453134585	0.00121356225000001	NoCorrection	1000	A27	C2	1000	1000	0	0.5	300	0
356	0.00228568611650001	-0.00292631920000003	0	0.914	0.918	0.00228568611650001	-0.00292631920000003	ID	1000	A27	C2	1000	1000	0	0.5	300	0
357	0.0227747996195001	-0.0131276274	0	0.3	0.7	0.0227747996195001	-0.0131276274	1	1000	A27	C2	1000	1000	0	0.5	300	0.01
358	0.023525877087	-0.02184571735	0	0.308	0.537	0.023525877087	-0.02184571735	FGr	1000	A27	C2	1000	1000	0	0.5	300	0.01
359	0.022831077098	-0.0158401936500002	0	0.302	0.612	0.022831077098	-0.0158401936500002	NoCorrection	1000	A27	C2	1000	1000	0	0.5	300	0.01
360	0.02321015687	-0.0182535890000001	0	0.288	0.587	0.02321015687	-0.0182535890000001	ID	1000	A27	C2	1000	1000	0	0.5	300	0.01
361	-0.00357564557509999	-0.0642180123000002	0	0.869	0.046	-0.00357564557509999	-0.0642180123000002	1	1000	A27	C2	1000	1000	0	0.5	300	0.03
362	-0.00489839061412999	-0.0536576331499996	0	0.817	0.089	-0.00489839061412999	-0.0536576331499996	FGr	1000	A27	C2	1000	1000	0	0.5	300	0.03
363	-0.00463701694700001	-0.05324094785	0	0.809	0.106	-0.00463701694700001	-0.05324094785	NoCorrection	1000	A27	C2	1000	1000	0	0.5	300	0.03
364	-0.00440997177599991	-0.0560062712000002	0	0.855	0.101	-0.00440997177599991	-0.0560062712000002	ID	1000	A27	C2	1000	1000	0	0.5	300	0.03
365	0.00967998216650007	0.0410576273999999	0	0.613	0.2	0.00967998216650007	0.0410576273999999	1	1000	A27	C2	1000	1000	0	0.5	300	0.1
366	0.011492314589	0.03698928775	0	0.594	0.259	0.011492314589	0.03698928775	FGr	1000	A27	C2	1000	1000	0	0.5	300	0.1
367	0.0121786351665	0.03652268545	0	0.554	0.28	0.0121786351665	0.03652268545	NoCorrection	1000	A27	C2	1000	1000	0	0.5	300	0.1
368	0.0112899060595	0.0401560386	0	0.574	0.223	0.0112899060595	0.0401560386	ID	1000	A27	C2	1000	1000	0	0.5	300	0.1
369	-0.0158118058965	-0.0593241129999999	0	0.458	0.3	-0.0158118058965	-0.0593241129999999	1	10000	A27	C2	1000	1000	0	0.5	300	0
370	-0.015865376644	-0.0498764289999998	0	0.42	0.336	-0.015865376644	-0.0498764289999998	FGr	10000	A27	C2	1000	1000	0	0.5	300	0
371	-0.016006597538	-0.0453913079999999	0	0.452	0.407	-0.016006597538	-0.0453913079999999	NoCorrection	10000	A27	C2	1000	1000	0	0.5	300	0
372	-0.01579698153338	-0.0509494175000001	0	0.483	0.377	-0.01579698153338	-0.0509494175000001	ID	10000	A27	C2	1000	1000	0	0.5	300	0
373	0.00829617363499996	-0.0604370674499999	0	0.684	0.282	0.00829617363499996	-0.0604370674499999	1	10000	A27	C2	1000	1000	0	0.5	300	0.01
374	0.0090753432478999	-0.05688468315	0	0.638	0.278	0.0090753432478999	-0.05688468315	FGr	10000	A27	C2	1000	1000	0	0.5	300	0.01
375	0.00892990741999999	-0.05503087495	0	0.67	0.319	0.00892990741999999	-0.05503087495	NoCorrection	10000	A27	C2	1000	1000	0	0.5	300	0.01
376	0.00827229330989997	-0.0671992442500001	0	0.702	0.216	0.00827229330989997	-0.0671992442500001	ID	10000	A27	C2	1000	1000	0	0.5	300	0.01
377	0.0132875824029999	0.00999407800000005	0	0.501	0.856	0.0132875824029999	0.00999407800000005	1	10000	A27	C2	1000	1000	0	0.5	300	0.03
378	0.0125608735475	0.0190998075000001	0	0.521	0.737	0.0125608735475	0.0190998075000001	FGr	10000	A27	C2	1000	1000	0	0.5	300	0.03
379	0.0134829556495002	0.0127181992	0	0.489	0.814	0.0134829556495002	0.0127181992	NoCorrection	10000	A27	C2	1000	1000	0	0.5	300	0.03
380	0.0132748349939999	0.01002	0	0.501	0.859	0.0132748349939999	0.01002	ID	10000	A27	C2	1000	1000	0	0.5	300	0.03
381	0.00792179658650022	0.0519119366500003	0	0.684	0.296	0.00792179658650022	0.0519119366500003	1	10000	A27	C2	1000	1000	0	0.5	300	0.1
382	0.00883638610550008	0.03698989605	0	0.66	0.512	0.00883638610550008	0.03698989605	FGr	10000	A27	C2	1000	1000	0	0.5	300	0.1
383	0.00911346497249997	0.0360188122999998	0	0.664	0.505	0.00911346497249997	0.0360188122999998	NoCorrection	10000	A27	C2	1000	1000	0	0.5	300	0.1
384	0.00795550723220016	0.04872770805	0	0.69	0.352	0.00795550723220016	0.04872770805	ID	10000	A27	C2	1000	1000	0	0.5	300	0.1
385	-0.00956045456595012	-0.00956045456595009	0	0.622	0.588	-0.00956045456595012	-0.00956045456595009	1	300	A27	C2	1000	10000	0	0.5	300	0
386	-0.0095578185197999	-0.00955781851979986	0	0.596	0.59	-0.0095578185197999	-0.00955781851979986	FGr	300	A27	C2	1000	10000	0	0.5	300	0
387	-0.00950581223076508	-0.00950581223076507	0	0.627	0.617	-0.00950581223076508	-0.00950581223076507	NoCorrection	300	A27	C2	1000	10000	0	0.5	300	0
388	-0.0102387766447002	-0.0102387766447002	0	0.529	0.565	-0.0102387766447002	-0.0102387766447002	ID	300	A27	C2	1000	10000	0	0.5	300	0
389	-0.0130904220161501	-0.0130904220161501	0	0.401	0.412	-0.0130904220161501	-0.0130904220161501	1	300	A27	C2	1000	10000	0	0.5	300	0.01
390	-0.01242374461489	-0.01242374461489	0	0.413	0.404	-0.01242374461489	-0.01242374461489	FGr	300	A27	C2	1000	10000	0	0.5	300	0.01
391	-0.0124302894611498	-0.0124302894611498	0	0.409	0.421	-0.0124302894611498	-0.0124302894611498	NoCorrection	300	A27	C2	1000	10000	0	0.5	300	0.01
392	-0.01326685263372	-0.01326685263372	0	0.387	0.405	-0.01326685263372	-0.01326685263372	ID	300	A27	C2	1000	10000	0	0.5	300	0.01
393	0.000926741760550231	0.00092674176055022	0	0.965	0.967	0.000926741760550231	0.00092674176055022	1	300	A27	C2	1000	10000	0	0.5	300	0.03
394	0.00108934279200035	0.00108934279200033	0	0.952	0.949	0.00108934279200035	0.00108934279200033	FGr	300	A27	C2	1000	10000	0	0.5	300	0.03
395	0.00102224511385057	0.00102224511385052	0	0.957	0.95	0.00102224511385057	0.00102224511385052	NoCorrection	300	A27	C2	1000	10000	0	0.5	300	0.03
396	0.000204489249099768	0.000204489249099808	0	0.995	0.993	0.000204489249099768	0.000204489249099808	ID	300	A27	C2	1000	10000	0	0.5	300	0.03
397	0.00858828353459999	0.00858828353459999	0	0.609	0.592	0.00858828353459999	0.00858828353459999	1	300	A27	C2	1000	10000	0	0.5	300	0.1
398	0.00862406059320001	0.00862406059320001	0	0.612	0.588	0.00862406059320001	0.00862406059320001	FGr	300	A27	C2	1000	10000	0	0.5	300	0.1
399	0.00840310030805	0.00840310030805	0	0.637	0.599	0.00840310030805	0.00840310030805	NoCorrection	300	A27	C2	1000	10000	0	0.5	300	0.1
400	0.00861384840255001	0.00861384840255001	0	0.637	0.649	0.00861384840255001	0.00861384840255001	ID	300	A27	C2	1000	10000	0	0.5	300	0.1
401	-0.01362211805335	-0.0289916407649998	0	0.457	0.37	-0.01362211805335	-0.0289916407649998	1	1000	A27	C2	1000	10000	0	0.5	300	0
402	-0.0125703474016	-0.0334588549350002	0	0.49	0.274	-0.0125703474016	-0.0334588549350002	FGr	1000	A27	C2	1000	10000	0	0.5	300	0
403	-0.01190841764995	-0.0332255045200002	0	0.502	0.309	-0.01190841764995	-0.0332255045200002	NoCorrection	1000	A27	C2	1000	10000	0	0.5	300	0
404	-0.0142300728336	-0.0323128917949998	0	0.428	0.305	-0.0142300728336	-0.0323128917949998	ID	1000	A27	C2	1000	10000	0	0.5	300	0
405	0.0228544271074001	0.00299046741500055	0	0.226	0.928	0.0228544271074001	0.00299046741500055	1	1000	A27	C2	1000	10000	0	0.5	300	0.01
406	0.0289539195751001	0.0113469910550003	0	0.14	0.718	0.0289539195751001	0.0113469910550003	FGr	1000	A27	C2	1000	10000	0	0.5	300	0.01
407	0.0286448853405999	0.01133475237	0	0.129	0.715	0.0286448853405999	0.01133475237	NoCorrection	1000	A27	C2	1000	10000	0	0.5	300	0.01
408	0.0244549659753002	0.0085622710099996	0	0.186	0.79	0.0244549659753002	0.0085622710099996	ID	1000	A27	C2	1000	10000	0	0.5	300	0.01
409	-0.00360045031069997	-0.0115814875550002	0	0.856	0.719	-0.00360045031069997	-0.0115814875550002	1	1000	A27	C2	1000	10000	0	0.5	300	0.03
410	-0.00109998187690008	-0.0100516368749999	0	0.951	0.746	-0.00109998187690008	-0.0100516368749999	FGr	1000	A27	C2	1000	10000	0	0.5	300	0.03
411	-0.00110877082944997	-0.01002989722	0	0.949	0.755	-0.00110877082944997	-0.01002989722	NoCorrection	1000	A27	C2	1000	10000	0	0.5	300	0.03
412	-0.00431439125349988	-0.0196308942899999	0	0.832	0.508	-0.00431439125349988	-0.0196308942899999	ID	1000	A27	C2	1000	10000	0	0.5	300	0.03
413	0.0104497368120501	-0.0230734191649999	0	0.604	0.472	0.0104497368120501	-0.0230734191649999	1	1000	A27	C2	1000	10000	0	0.5	300	0.1
414	0.0122529492416249	-0.0169345131299999	0	0.547	0.614	0.0122529492416249	-0.0169345131299999	FGr	1000	A27	C2	1000	10000	0	0.5	300	0.1
415	0.0125856113115839	-0.0125349470900001	0	0.563	0.708	0.0125856113115839	-0.0125349470900001	NoCorrection	1000	A27	C2	1000	10000	0	0.5	300	0.1
416	0.0123608977292499	-0.0175150505049998	0	0.558	0.614	0.0123608977292499	-0.0175150505049998	ID	1000	A27	C2	1000	10000	0	0.5	300	0.1
417	0.00589931145860022	0.047265974699999	0	0.776	0.394	0.00589931145860022	0.047265974699999	1	10000	A27	C2	1000	10000	0	0.5	300	0
418	0.00483668251030025	0.0167892752500015	0	0.828	0.774	0.00483668251030025	0.0167892752500015	FGr	10000	A27	C2	1000	10000	0	0.5	300	0
419	0.00462255283905029	0.0232013361499994	0	0.841	0.669	0.00462255283905029	0.0232013361499994	NoCorrection	10000	A27	C2	1000	10000	0	0.5	300	0
420	0.00608136345760024	0.0286972457499986	0	0.779	0.607	0.00608136345760024	0.0286972457499986	ID	10000	A27	C2	1000	10000	0	0.5	300	0
421	-0.00306762272860988	0.123271688759999	0	0.874	0.021	-0.00306762272860988	0.123271688759999	1	10000	A27	C2	1000	10000	0	0.5	300	0.01
422	-0.00351444039559991	0.130762752894999	0	0.863	0.015	-0.00351444039559991	0.130762752894999	FGr	10000	A27	C2	1000	10000	0	0.5	300	0.01
423	-0.00343760242019951	0.132101174315	0	0.871	0.007	-0.00343760242019951	0.132101174315	NoCorrection	10000	A27	C2	1000	10000	0	0.5	300	0.01
424	-0.00315839886345	0.128983672984999	0	0.866	0.007	-0.00315839886345	0.128983672984999	ID	10000	A27	C2	1000	10000	0	0.5	300	0.01
425	-0.00970884818294996	0.046312131815	0	0.571	0.371	-0.00970884818294996	0.046312131815	1	10000	A27	C2	1000	10000	0	0.5	300	0.03
426	-0.01051715964975	0.0470954167599999	0	0.538	0.391	-0.01051715964975	0.0470954167599999	FGr	10000	A27	C2	1000	10000	0	0.5	300	0.03
427	-0.0105231971813652	0.0470957142249996	0	0.532	0.356	-0.0105231971813652	0.0470957142249996	NoCorrection	10000	A27	C2	1000	10000	0	0.5	300	0.03
428	-0.00982621357689496	0.0399839145199999	0	0.541	0.434	-0.00982621357689496	0.0399839145199999	ID	10000	A27	C2	1000	10000	0	0.5	300	0.03
429	0.00019855488864512	0.10976041314	0	0.988	0.029	0.00019855488864512	0.10976041314	1	10000	A27	C2	1000	10000	0	0.5	300	0.1
430	-0.00255591731523997	0.0835048032600012	0	0.894	0.093	-0.00255591731523997	0.0835048032600012	FGr	10000	A27	C2	1000	10000	0	0.5	300	0.1
431	-0.00252415024175012	0.0814203329099995	0	0.895	0.082	-0.00252415024175012	0.0814203329099995	NoCorrection	10000	A27	C2	1000	10000	0	0.5	300	0.1
432	-0.000231021319885024	0.103112885105	0	0.992	0.031	-0.000231021319885024	0.103112885105	ID	10000	A27	C2	1000	10000	0	0.5	300	0.1
433	0.001580764775	0.001580764775	0	0.899	0.886	0.001580764775	0.001580764775	1	300	A27	C2	10000	100	0	0.5	300	0
434	0.00171665734399999	0.001716657344	0	0.866	0.858	0.00171665734399999	0.001716657344	FGr	300	A27	C2	10000	100	0	0.5	300	0
435	0.001692979206	0.00169297920599999	0	0.862	0.886	0.001692979206	0.00169297920599999	NoCorrection	300	A27	C2	10000	100	0	0.5	300	0
436	0.00156360381199999	0.001563603812	0	0.893	0.875	0.00156360381199999	0.001563603812	ID	300	A27	C2	10000	100	0	0.5	300	0
437	-0.013903007029	-0.013903007029	0	0.214	0.207	-0.013903007029	-0.013903007029	1	300	A27	C2	10000	100	0	0.5	300	0.01
438	-0.013697936195	-0.013697936195	0	0.223	0.222	-0.013697936195	-0.013697936195	FGr	300	A27	C2	10000	100	0	0.5	300	0.01
439	-0.013658954295	-0.013658954295	0	0.196	0.218	-0.013658954295	-0.013658954295	NoCorrection	300	A27	C2	10000	100	0	0.5	300	0.01
440	-0.013758266355	-0.013758266355	0	0.219	0.248	-0.013758266355	-0.013758266355	ID	300	A27	C2	10000	100	0	0.5	300	0.01
441	0.00560169618	0.00560169618	0	0.57	0.556	0.00560169618	0.00560169618	1	300	A27	C2	10000	100	0	0.5	300	0.03
442	0.00550077750249999	0.00550077750249999	0	0.548	0.605	0.00550077750249999	0.00550077750249999	FGr	300	A27	C2	10000	100	0	0.5	300	0.03
443	0.00562115652435	0.00562115652435	0	0.583	0.544	0.00562115652435	0.00562115652435	NoCorrection	300	A27	C2	10000	100	0	0.5	300	0.03
444	0.00546902509999999	0.00546902510000001	0	0.597	0.575	0.00546902509999999	0.00546902510000001	ID	300	A27	C2	10000	100	0	0.5	300	0.03
445	0.004831239386	0.00483123938600001	0	0.638	0.659	0.004831239386	0.00483123938600001	1	300	A27	C2	10000	100	0	0.5	300	0.1
446	0.00517731921	0.00517731921	0	0.628	0.661	0.00517731921	0.00517731921	FGr	300	A27	C2	10000	100	0	0.5	300	0.1
447	0.005226641972	0.00522664197200001	0	0.639	0.646	0.005226641972	0.00522664197200001	NoCorrection	300	A27	C2	10000	100	0	0.5	300	0.1
448	0.00450956997700001	0.004509569977	0	0.7	0.684	0.00450956997700001	0.004509569977	ID	300	A27	C2	10000	100	0	0.5	300	0.1
449	-0.00177477585	0.0274514945	0	0.872	0.129	-0.00177477585	0.0274514945	1	1000	A27	C2	10000	100	0	0.5	300	0
450	-0.000450769372500001	0.023484534	0	0.973	0.201	-0.000450769372500001	0.023484534	FGr	1000	A27	C2	10000	100	0	0.5	300	0
451	-0.000662576305899997	0.024394524	0	0.955	0.175	-0.000662576305899997	0.024394524	NoCorrection	1000	A27	C2	10000	100	0	0.5	300	0
452	-0.001717968805	0.0284304075	0	0.883	0.14	-0.001717968805	0.0284304075	ID	1000	A27	C2	10000	100	0	0.5	300	0
453	0.0022581088805	-0.000694937500000015	0	0.846	0.973	0.0022581088805	-0.000694937500000015	1	1000	A27	C2	10000	100	0	0.5	300	0.01
454	0.00309918181899997	0.00201949600000001	0	0.803	0.908	0.00309918181899997	0.00201949600000001	FGr	1000	A27	C2	10000	100	0	0.5	300	0.01
455	0.00296273943499999	0.00202803200000001	0	0.795	0.91	0.00296273943499999	0.00202803200000001	NoCorrection	1000	A27	C2	10000	100	0	0.5	300	0.01
456	0.002367665885	-0.000124910500000013	0	0.85	0.994	0.002367665885	-0.000124910500000013	ID	1000	A27	C2	10000	100	0	0.5	300	0.01
457	-0.021960910214	0.0177572455	0	0.037	0.362	-0.021960910214	0.0177572455	1	1000	A27	C2	10000	100	0	0.5	300	0.03
458	-0.02096219002	0.016499304	0	0.049	0.366	-0.02096219002	0.016499304	FGr	1000	A27	C2	10000	100	0	0.5	300	0.03
459	-0.0209831968595	0.0164788525	0	0.057	0.371	-0.0209831968595	0.0164788525	NoCorrection	1000	A27	C2	10000	100	0	0.5	300	0.03
460	-0.021690310043	0.0172783295	0	0.04	0.367	-0.021690310043	0.0172783295	ID	1000	A27	C2	10000	100	0	0.5	300	0.03
461	0.011319860882	0.0219465835	0	0.331	0.213	0.011319860882	0.0219465835	1	1000	A27	C2	10000	100	0	0.5	300	0.1
462	0.01350540842	0.0190261885	0	0.24	0.29	0.01350540842	0.0190261885	FGr	1000	A27	C2	10000	100	0	0.5	300	0.1
463	0.013423128145	0.0184464480000001	0	0.254	0.321	0.013423128145	0.0184464480000001	NoCorrection	1000	A27	C2	10000	100	0	0.5	300	0.1
464	0.0116835486	0.02378275	0	0.31	0.205	0.0116835486	0.02378275	ID	1000	A27	C2	10000	100	0	0.5	300	0.1
465	-0.020699251833	-0.013565951	0	0.074	0.61	-0.020699251833	-0.013565951	1	10000	A27	C2	10000	100	0	0.5	300	0
466	-0.020783674427	-0.0233213905	0	0.062	0.428	-0.020783674427	-0.0233213905	FGr	10000	A27	C2	10000	100	0	0.5	300	0
467	-0.0209903112155	-0.021421399	0	0.07	0.424	-0.0209903112155	-0.021421399	NoCorrection	10000	A27	C2	10000	100	0	0.5	300	0
468	-0.020666983178	-0.0138417775	0	0.066	0.616	-0.020666983178	-0.0138417775	ID	10000	A27	C2	10000	100	0	0.5	300	0
469	0.027021657841	0.011227677	0	0.024	0.699	0.027021657841	0.011227677	1	10000	A27	C2	10000	100	0	0.5	300	0.01
470	0.026509549432	0.0059736195	0	0.021	0.856	0.026509549432	0.0059736195	FGr	10000	A27	C2	10000	100	0	0.5	300	0.01
471	0.026591456909	0.00658190099999999	0	0.026	0.846	0.026591456909	0.00658190099999999	NoCorrection	10000	A27	C2	10000	100	0	0.5	300	0.01
472	0.0270393326175	0.00629568900000004	0	0.016	0.847	0.0270393326175	0.00629568900000004	ID	10000	A27	C2	10000	100	0	0.5	300	0.01
473	-0.0155257888403	0.007208982	0	0.181	0.783	-0.0155257888403	0.007208982	1	10000	A27	C2	10000	100	0	0.5	300	0.03
474	-0.01521842731	0.00621437099999999	0	0.176	0.827	-0.01521842731	0.00621437099999999	FGr	10000	A27	C2	10000	100	0	0.5	300	0.03
475	-0.0151625433355	0.00612470049999994	0	0.188	0.825	-0.0151625433355	0.00612470049999994	NoCorrection	10000	A27	C2	10000	100	0	0.5	300	0.03
476	-0.015535865679	0.0078167645	0	0.194	0.769	-0.015535865679	0.0078167645	ID	10000	A27	C2	10000	100	0	0.5	300	0.03
477	-0.0158758126111	0.039692164	0	0.156	0.165	-0.0158758126111	0.039692164	1	10000	A27	C2	10000	100	0	0.5	300	0.1
478	-0.01457879146	0.016167009	0	0.209	0.578	-0.01457879146	0.016167009	FGr	10000	A27	C2	10000	100	0	0.5	300	0.1
479	-0.014632711955	0.015864585	0	0.208	0.566	-0.014632711955	0.015864585	NoCorrection	10000	A27	C2	10000	100	0	0.5	300	0.1
480	-0.016021102927	0.0362253715	0	0.153	0.199	-0.016021102927	0.0362253715	ID	10000	A27	C2	10000	100	0	0.5	300	0.1
481	-0.0077156435425	-0.0077156435425	0	0.257	0.261	-0.0077156435425	-0.0077156435425	1	300	A27	C2	10000	1000	0	0.5	300	0
482	-0.00760151266460002	-0.00760151266460002	0	0.265	0.239	-0.00760151266460002	-0.00760151266460002	FGr	300	A27	C2	10000	1000	0	0.5	300	0
483	-0.00755362099450001	-0.00755362099450001	0	0.28	0.293	-0.00755362099450001	-0.00755362099450001	NoCorrection	300	A27	C2	10000	1000	0	0.5	300	0
484	-0.00760369355610002	-0.00760369355610002	0	0.25	0.259	-0.00760369355610002	-0.00760369355610002	ID	300	A27	C2	10000	1000	0	0.5	300	0
485	-0.000403964255500003	-0.000403964255500003	0	0.955	0.949	-0.000403964255500003	-0.000403964255500003	1	300	A27	C2	10000	1000	0	0.5	300	0.01
486	2.7517513e-05	2.75175129999988e-05	0	0.997	0.996	2.7517513e-05	2.75175129999988e-05	FGr	300	A27	C2	10000	1000	0	0.5	300	0.01
487	6.65498529999993e-05	6.65498529999983e-05	0	0.991	0.988	6.65498529999993e-05	6.65498529999983e-05	NoCorrection	300	A27	C2	10000	1000	0	0.5	300	0.01
488	-0.000235827103999998	-0.000235827103999999	0	0.965	0.973	-0.000235827103999998	-0.000235827103999999	ID	300	A27	C2	10000	1000	0	0.5	300	0.01
489	-0.00369836842185002	-0.00369836842185004	0	0.562	0.58	-0.00369836842185002	-0.00369836842185004	1	300	A27	C2	10000	1000	0	0.5	300	0.03
490	-0.0034603328794501	-0.00346033287945009	0	0.596	0.595	-0.0034603328794501	-0.00346033287945009	FGr	300	A27	C2	10000	1000	0	0.5	300	0.03
491	-0.00343531163878149	-0.00343531163878148	0	0.6	0.579	-0.00343531163878149	-0.00343531163878148	NoCorrection	300	A27	C2	10000	1000	0	0.5	300	0.03
492	-0.00356517366200005	-0.00356517366200003	0	0.595	0.592	-0.00356517366200005	-0.00356517366200003	ID	300	A27	C2	10000	1000	0	0.5	300	0.03
493	0.010295879337	0.010295879337	0	0.178	0.19	0.010295879337	0.010295879337	1	300	A27	C2	10000	1000	0	0.5	300	0.1
494	0.0109389499421	0.0109389499421	0	0.194	0.237	0.0109389499421	0.0109389499421	FGr	300	A27	C2	10000	1000	0	0.5	300	0.1
495	0.0110044724355	0.0110044724355	0	0.214	0.206	0.0110044724355	0.0110044724355	NoCorrection	300	A27	C2	10000	1000	0	0.5	300	0.1
496	0.01014897248405	0.01014897248405	0	0.196	0.181	0.01014897248405	0.01014897248405	ID	300	A27	C2	10000	1000	0	0.5	300	0.1
497	-0.0023255242646	0.0100065312000001	0	0.756	0.377	-0.0023255242646	0.0100065312000001	1	1000	A27	C2	10000	1000	0	0.5	300	0
498	-0.0021776498874	0.00953543545000003	0	0.761	0.363	-0.0021776498874	0.00953543545000003	FGr	1000	A27	C2	10000	1000	0	0.5	300	0
499	-0.00212010815290001	0.0103342072	0	0.762	0.343	-0.00212010815290001	0.0103342072	NoCorrection	1000	A27	C2	10000	1000	0	0.5	300	0
500	-0.00233753320269999	0.01052118425	0	0.75	0.358	-0.00233753320269999	0.01052118425	ID	1000	A27	C2	10000	1000	0	0.5	300	0
501	0.0102430333125	0.0198108879	0	0.167	0.062	0.0102430333125	0.0198108879	1	1000	A27	C2	10000	1000	0	0.5	300	0.01
502	0.00862975227026998	0.0159188217	0	0.225	0.14	0.00862975227026998	0.0159188217	FGr	1000	A27	C2	10000	1000	0	0.5	300	0.01
503	0.0086497878581	0.0159335327	0	0.229	0.151	0.0086497878581	0.0159335327	NoCorrection	1000	A27	C2	10000	1000	0	0.5	300	0.01
504	0.0102413302115	0.0194358907	0	0.163	0.059	0.0102413302115	0.0194358907	ID	1000	A27	C2	10000	1000	0	0.5	300	0.01
505	0.00255379831755002	0.01112415205	0	0.692	0.312	0.00255379831755002	0.01112415205	1	1000	A27	C2	10000	1000	0	0.5	300	0.03
506	0.00113323484075001	0.00623074590000001	0	0.871	0.571	0.00113323484075001	0.00623074590000001	FGr	1000	A27	C2	10000	1000	0	0.5	300	0.03
507	0.00116526551789998	0.00524437654999997	0	0.862	0.601	0.00116526551789998	0.00524437654999997	NoCorrection	1000	A27	C2	10000	1000	0	0.5	300	0.03
508	0.002781995334	0.00901237979999999	0	0.684	0.414	0.002781995334	0.00901237979999999	ID	1000	A27	C2	10000	1000	0	0.5	300	0.03
509	-0.00452302916921	0.00253411590000001	0	0.473	0.787	-0.00452302916921	0.00253411590000001	1	1000	A27	C2	10000	1000	0	0.5	300	0.1
510	-0.00725169246345	-0.00408947265	0	0.317	0.712	-0.00725169246345	-0.00408947265	FGr	1000	A27	C2	10000	1000	0	0.5	300	0.1
511	-0.00717540047445	-0.00398805805	0	0.315	0.704	-0.00717540047445	-0.00398805805	NoCorrection	1000	A27	C2	10000	1000	0	0.5	300	0.1
512	-0.00450624003700001	0.00111516730000002	0	0.489	0.911	-0.00450624003700001	0.00111516730000002	ID	1000	A27	C2	10000	1000	0	0.5	300	0.1
513	0.00632876166110003	0.02231319505	0	0.365	0.213	0.00632876166110003	0.02231319505	1	10000	A27	C2	10000	1000	0	0.5	300	0
514	0.00562138012650007	0.0125354177	0	0.431	0.466	0.00562138012650007	0.0125354177	FGr	10000	A27	C2	10000	1000	0	0.5	300	0
515	0.00590252717700003	0.0134786069	0	0.411	0.435	0.00590252717700003	0.0134786069	NoCorrection	10000	A27	C2	10000	1000	0	0.5	300	0
516	0.00626184248954994	0.02111989775	0	0.39	0.266	0.00626184248954994	0.02111989775	ID	10000	A27	C2	10000	1000	0	0.5	300	0
517	0.00234535066024999	0.0108781142	0	0.696	0.56	0.00234535066024999	0.0108781142	1	10000	A27	C2	10000	1000	0	0.5	300	0.01
518	0.00322999794350001	-0.000535891899999954	0	0.559	0.97	0.00322999794350001	-0.000535891899999954	FGr	10000	A27	C2	10000	1000	0	0.5	300	0.01
519	0.00319033165399998	-0.000537353899999956	0	0.582	0.987	0.00319033165399998	-0.000537353899999956	NoCorrection	10000	A27	C2	10000	1000	0	0.5	300	0.01
520	0.00227638410429994	0.01157897975	0	0.692	0.511	0.00227638410429994	0.01157897975	ID	10000	A27	C2	10000	1000	0	0.5	300	0.01
521	0.0035575378395	-0.00975775415000001	0	0.607	0.558	0.0035575378395	-0.00975775415000001	1	10000	A27	C2	10000	1000	0	0.5	300	0.03
522	0.00449305378915	-0.000429496600000404	0	0.504	0.984	0.00449305378915	-0.000429496600000404	FGr	10000	A27	C2	10000	1000	0	0.5	300	0.03
523	0.0042315241943	-0.00191136964999995	0	0.54	0.903	0.0042315241943	-0.00191136964999995	NoCorrection	10000	A27	C2	10000	1000	0	0.5	300	0.03
524	0.003565251291	-0.0109715002	0	0.587	0.491	0.003565251291	-0.0109715002	ID	10000	A27	C2	10000	1000	0	0.5	300	0.03
525	0.00925011867685	-0.00342738895000002	0	0.149	0.843	0.00925011867685	-0.00342738895000002	1	10000	A27	C2	10000	1000	0	0.5	300	0.1
526	0.011282836798	0.0111892697	0	0.089	0.57	0.011282836798	0.0111892697	FGr	10000	A27	C2	10000	1000	0	0.5	300	0.1
527	0.0113574640265	0.0113952189999999	0	0.114	0.518	0.0113574640265	0.0113952189999999	NoCorrection	10000	A27	C2	10000	1000	0	0.5	300	0.1
528	0.0092580937583	-0.00154844404999997	0	0.158	0.935	0.0092580937583	-0.00154844404999997	ID	10000	A27	C2	10000	1000	0	0.5	300	0.1
529	-0.000228048454539984	-0.000228048454539985	0	0.966	0.969	-0.000228048454539984	-0.000228048454539985	1	300	A27	C2	10000	10000	0	0.5	300	0
530	-0.00054666234387184	-0.00054666234387184	0	0.924	0.925	-0.00054666234387184	-0.00054666234387184	FGr	300	A27	C2	10000	10000	0	0.5	300	0
531	-0.000590839819680065	-0.000590839819680067	0	0.926	0.926	-0.000590839819680065	-0.000590839819680067	NoCorrection	300	A27	C2	10000	10000	0	0.5	300	0
532	-0.000394996835849718	-0.000394996835849716	0	0.956	0.95	-0.000394996835849718	-0.000394996835849716	ID	300	A27	C2	10000	10000	0	0.5	300	0
533	0.00197862933544998	0.00197862933544997	0	0.772	0.755	0.00197862933544998	0.00197862933544997	1	300	A27	C2	10000	10000	0	0.5	300	0.01
534	0.00136141551999998	0.00136141551999999	0	0.826	0.832	0.00136141551999998	0.00136141551999999	FGr	300	A27	C2	10000	10000	0	0.5	300	0.01
535	0.00196625793554001	0.00196625793554	0	0.763	0.731	0.00196625793554001	0.00196625793554	NoCorrection	300	A27	C2	10000	10000	0	0.5	300	0.01
536	0.00200301710978996	0.00200301710978995	0	0.747	0.725	0.00200301710978996	0.00200301710978995	ID	300	A27	C2	10000	10000	0	0.5	300	0.01
537	0.0114834869085599	0.0114834869085599	0	0.088	0.101	0.0114834869085599	0.0114834869085599	1	300	A27	C2	10000	10000	0	0.5	300	0.03
538	0.0112033590008	0.0112033590008	0	0.086	0.079	0.0112033590008	0.0112033590008	FGr	300	A27	C2	10000	10000	0	0.5	300	0.03
539	0.011307706983035	0.011307706983035	0	0.086	0.082	0.011307706983035	0.011307706983035	NoCorrection	300	A27	C2	10000	10000	0	0.5	300	0.03
540	0.01126467642925	0.01126467642925	0	0.083	0.09	0.01126467642925	0.01126467642925	ID	300	A27	C2	10000	10000	0	0.5	300	0.03
541	-0.00186396118736987	-0.00186396118736987	0	0.73	0.788	-0.00186396118736987	-0.00186396118736987	1	300	A27	C2	10000	10000	0	0.5	300	0.1
542	-0.00122347490965002	-0.00122347490965002	0	0.843	0.865	-0.00122347490965002	-0.00122347490965002	FGr	300	A27	C2	10000	10000	0	0.5	300	0.1
543	-0.000866334648630016	-0.000866334648630015	0	0.9	0.889	-0.000866334648630016	-0.000866334648630015	NoCorrection	300	A27	C2	10000	10000	0	0.5	300	0.1
544	-0.0019272225607431	-0.00192722256074309	0	0.757	0.741	-0.0019272225607431	-0.00192722256074309	ID	300	A27	C2	10000	10000	0	0.5	300	0.1
545	-0.00331133262539001	-0.00539531751999999	0	0.595	0.577	-0.00331133262539001	-0.00539531751999999	1	1000	A27	C2	10000	10000	0	0.5	300	0
546	-0.0020257930381655	-0.00192736402000002	0	0.735	0.852	-0.0020257930381655	-0.00192736402000002	FGr	1000	A27	C2	10000	10000	0	0.5	300	0
547	-0.00206994140485	-0.00203222647000003	0	0.754	0.838	-0.00206994140485	-0.00203222647000003	NoCorrection	1000	A27	C2	10000	10000	0	0.5	300	0
548	-0.00354285874495	-0.00443391095000001	0	0.561	0.676	-0.00354285874495	-0.00443391095000001	ID	1000	A27	C2	10000	10000	0	0.5	300	0
549	-0.00578305813242496	0.01427245634	0	0.41	0.197	-0.00578305813242496	0.01427245634	1	1000	A27	C2	10000	10000	0	0.5	300	0.01
550	-0.00634923406845597	0.011859545445	0	0.353	0.281	-0.00634923406845597	0.011859545445	FGr	1000	A27	C2	10000	10000	0	0.5	300	0.01
551	-0.00640080150528002	0.0123638597	0	0.352	0.239	-0.00640080150528002	0.0123638597	NoCorrection	1000	A27	C2	10000	10000	0	0.5	300	0.01
552	-0.00553265857487002	0.0147179314349999	0	0.409	0.164	-0.00553265857487002	0.0147179314349999	ID	1000	A27	C2	10000	10000	0	0.5	300	0.01
553	0.00272861542591486	0.011176548615	0	0.667	0.244	0.00272861542591486	0.011176548615	1	1000	A27	C2	10000	10000	0	0.5	300	0.03
554	0.00302658011872	0.01193014947	0	0.588	0.228	0.00302658011872	0.01193014947	FGr	1000	A27	C2	10000	10000	0	0.5	300	0.03
555	0.003048504275775	0.012376760375	0	0.595	0.191	0.003048504275775	0.012376760375	NoCorrection	1000	A27	C2	10000	10000	0	0.5	300	0.03
556	0.00233117131899988	0.00805785857	0	0.696	0.416	0.00233117131899988	0.00805785857	ID	1000	A27	C2	10000	10000	0	0.5	300	0.03
557	0.00230024898825496	-0.000196492165000018	0	0.717	0.989	0.00230024898825496	-0.000196492165000018	1	1000	A27	C2	10000	10000	0	0.5	300	0.1
558	-0.000833060781404948	-0.00567884696000028	0	0.885	0.549	-0.000833060781404948	-0.00567884696000028	FGr	1000	A27	C2	10000	10000	0	0.5	300	0.1
559	-0.000899179459395028	-0.00480056052999988	0	0.884	0.608	-0.000899179459395028	-0.00480056052999988	NoCorrection	1000	A27	C2	10000	10000	0	0.5	300	0.1
560	0.00366405439579508	0.000842995579999974	0	0.549	0.931	0.00366405439579508	0.000842995579999974	ID	1000	A27	C2	10000	10000	0	0.5	300	0.1
561	-0.00612260803616501	0.00846766893499977	0	0.286	0.603	-0.00612260803616501	0.00846766893499977	1	10000	A27	C2	10000	10000	0	0.5	300	0
562	-0.00639306513444999	0.00515744795499989	0	0.268	0.755	-0.00639306513444999	0.00515744795499989	FGr	10000	A27	C2	10000	10000	0	0.5	300	0
563	-0.00628146333125001	0.00613595779000016	0	0.278	0.688	-0.00628146333125001	0.00613595779000016	NoCorrection	10000	A27	C2	10000	10000	0	0.5	300	0
564	-0.00616421797875	0.00946203928500016	0	0.296	0.56	-0.00616421797875	0.00946203928500016	ID	10000	A27	C2	10000	10000	0	0.5	300	0
565	0.00357777153578501	0.013594838695	0	0.542	0.368	0.00357777153578501	0.013594838695	1	10000	A27	C2	10000	10000	0	0.5	300	0.01
566	0.00363869232660006	0.0111442631799996	0	0.523	0.484	0.00363869232660006	0.0111442631799996	FGr	10000	A27	C2	10000	10000	0	0.5	300	0.01
567	0.00358967501257507	0.0109193193800003	0	0.569	0.468	0.00358967501257507	0.0109193193800003	NoCorrection	10000	A27	C2	10000	10000	0	0.5	300	0.01
568	0.00358498275409503	0.0135808701200001	0	0.522	0.355	0.00358498275409503	0.0135808701200001	ID	10000	A27	C2	10000	10000	0	0.5	300	0.01
569	0.00157055339769801	0.00952950071999975	0	0.759	0.532	0.00157055339769801	0.00952950071999975	1	10000	A27	C2	10000	10000	0	0.5	300	0.03
570	0.00148484211967506	0.00739969003499995	0	0.777	0.636	0.00148484211967506	0.00739969003499995	FGr	10000	A27	C2	10000	10000	0	0.5	300	0.03
571	0.0014684843282	0.00747196283500007	0	0.809	0.622	0.0014684843282	0.00747196283500007	NoCorrection	10000	A27	C2	10000	10000	0	0.5	300	0.03
572	0.001565354793175	0.00718289875000008	0	0.764	0.609	0.001565354793175	0.00718289875000008	ID	10000	A27	C2	10000	10000	0	0.5	300	0.03
573	-0.010421457767752	0.0213004258199996	0	0.085	0.145	-0.010421457767752	0.0213004258199996	1	10000	A27	C2	10000	10000	0	0.5	300	0.1
574	-0.0109948186177	0.0067077967350002	0	0.063	0.665	-0.0109948186177	0.0067077967350002	FGr	10000	A27	C2	10000	10000	0	0.5	300	0.1
575	-0.01098155285835	0.00766168581500041	0	0.071	0.623	-0.01098155285835	0.00766168581500041	NoCorrection	10000	A27	C2	10000	10000	0	0.5	300	0.1
576	-0.01051492352595	0.0210532278	0	0.078	0.165	-0.01051492352595	0.0210532278	ID	10000	A27	C2	10000	10000	0	0.5	300	0.1
