	c-q	nc-q	true-q	c-p	nc-p	c-bias	nc-bias	type	L	rep	config	gwas_size	test_size	h2	ts	num_causal	env
1	-0.01603207622	-0.01603207622	0	0.695	0.701	-0.01603207622	-0.01603207622	1	300	A20	C1	1000	100	0	0.5	300	0
2	0.00991167529000001	0.00991167528999999	0	0.815	0.818	0.00991167529000001	0.00991167528999999	FGr	300	A20	C1	1000	100	0	0.5	300	0
3	-0.007127890695	-0.007127890695	0	0.851	0.86	-0.007127890695	-0.007127890695	NoCorrection	300	A20	C1	1000	100	0	0.5	300	0
4	-0.00252654178000001	-0.00252654178	0	0.958	0.95	-0.00252654178000001	-0.00252654178	ID	300	A20	C1	1000	100	0	0.5	300	0
5	-0.03352768703	-0.03352768703	0	0.369	0.386	-0.03352768703	-0.03352768703	1	300	A20	C1	1000	100	0	0.5	300	0.1
6	-0.016026146285	-0.016026146285	0	0.673	0.679	-0.016026146285	-0.016026146285	FGr	300	A20	C1	1000	100	0	0.5	300	0.1
7	-0.010402639935	-0.010402639935	0	0.822	0.768	-0.010402639935	-0.010402639935	NoCorrection	300	A20	C1	1000	100	0	0.5	300	0.1
8	-0.048382154485	-0.048382154485	0	0.211	0.212	-0.048382154485	-0.048382154485	ID	300	A20	C1	1000	100	0	0.5	300	0.1
9	0.00929373370000004	0.0092937337	0	0.797	0.819	0.00929373370000004	0.0092937337	1	300	A20	C1	1000	100	0	0.5	300	0.5
10	0.10661833619	0.10661833619	0	0.013	0.023	0.10661833619	0.10661833619	FGr	300	A20	C1	1000	100	0	0.5	300	0.5
11	0.139808355459	0.139808355459	0	0.002	0.001	0.139808355459	0.139808355459	NoCorrection	300	A20	C1	1000	100	0	0.5	300	0.5
12	0.00367725078300001	0.00367725078299989	0	0.929	0.935	0.00367725078300001	0.00367725078299989	ID	300	A20	C1	1000	100	0	0.5	300	0.5
13	-0.05972085445	-0.05972085445	0	0.158	0.165	-0.05972085445	-0.05972085445	1	300	A20	C1	1000	100	0	0.5	300	1
14	0.19699170123	0.19699170123	0	0.003	0.002	0.19699170123	0.19699170123	FGr	300	A20	C1	1000	100	0	0.5	300	1
15	0.25462743833	0.25462743833	0	0	0.001	0.25462743833	0.25462743833	NoCorrection	300	A20	C1	1000	100	0	0.5	300	1
16	-0.0470451013	-0.0470451013	0	0.226	0.267	-0.0470451013	-0.0470451013	ID	300	A20	C1	1000	100	0	0.5	300	1
17	0.0318559997999999	0.0149792810000001	0	0.396	0.802	0.0318559997999999	0.0149792810000001	1	1000	A20	C1	1000	100	0	0.5	300	0
18	0.0329218407925	0.016038357	0	0.328	0.788	0.0329218407925	0.016038357	FGr	1000	A20	C1	1000	100	0	0.5	300	0
19	0.047154404745	0.058743197	0	0.16	0.316	0.047154404745	0.058743197	NoCorrection	1000	A20	C1	1000	100	0	0.5	300	0
20	0.02852626748	0.00843604050000001	0	0.397	0.867	0.02852626748	0.00843604050000001	ID	1000	A20	C1	1000	100	0	0.5	300	0
21	0.00087194724000002	-0.024022793	0	0.979	0.665	0.00087194724000002	-0.024022793	1	1000	A20	C1	1000	100	0	0.5	300	0.1
22	0.000733679399999987	-0.0237149625	0	0.983	0.655	0.000733679399999987	-0.0237149625	FGr	1000	A20	C1	1000	100	0	0.5	300	0.1
23	-0.00144632838999999	-0.0228212985000001	0	0.959	0.672	-0.00144632838999999	-0.0228212985000001	NoCorrection	1000	A20	C1	1000	100	0	0.5	300	0.1
24	-0.00144306965500004	-0.021731044	0	0.966	0.679	-0.00144306965500004	-0.021731044	ID	1000	A20	C1	1000	100	0	0.5	300	0.1
25	0.04068249917	0.03807444	0	0.234	0.541	0.04068249917	0.03807444	1	1000	A20	C1	1000	100	0	0.5	300	0.5
26	0.14457899012	0.27494715	0	0	0	0.14457899012	0.27494715	FGr	1000	A20	C1	1000	100	0	0.5	300	0.5
27	0.21018072636	0.4398979295	0	0	0	0.21018072636	0.4398979295	NoCorrection	1000	A20	C1	1000	100	0	0.5	300	0.5
28	0.041480549455	0.0698452855	0	0.211	0.278	0.041480549455	0.0698452855	ID	1000	A20	C1	1000	100	0	0.5	300	0.5
29	0.018918820035	0.0281888290000001	0	0.616	0.674	0.018918820035	0.0281888290000001	1	1000	A20	C1	1000	100	0	0.5	300	1
30	0.185235173605	0.3674634425	0	0	0	0.185235173605	0.3674634425	FGr	1000	A20	C1	1000	100	0	0.5	300	1
31	0.330235043075	0.845038717	0	0	0	0.330235043075	0.845038717	NoCorrection	1000	A20	C1	1000	100	0	0.5	300	1
32	0.008451396135	0.000420539999999905	0	0.838	0.996	0.008451396135	0.000420539999999905	ID	1000	A20	C1	1000	100	0	0.5	300	1
33	0.058854031148	-0.0406756499999999	0	0.165	0.743	0.058854031148	-0.0406756499999999	1	10000	A20	C1	1000	100	0	0.5	300	0
34	0.057663931902	-0.0389710250000001	0	0.177	0.729	0.057663931902	-0.0389710250000001	FGr	10000	A20	C1	1000	100	0	0.5	300	0
35	0.02460592012	-0.22097477	0	0.53	0.038	0.02460592012	-0.22097477	NoCorrection	10000	A20	C1	1000	100	0	0.5	300	0
36	0.05624836916	-0.05439382	0	0.166	0.632	0.05624836916	-0.05439382	ID	10000	A20	C1	1000	100	0	0.5	300	0
37	-0.010436542385	0.0238453515	0	0.769	0.838	-0.010436542385	0.0238453515	1	10000	A20	C1	1000	100	0	0.5	300	0.1
38	0.0100340642775	0.1026439475	0	0.756	0.308	0.0100340642775	0.1026439475	FGr	10000	A20	C1	1000	100	0	0.5	300	0.1
39	-0.02363752904	-0.021124782	0	0.478	0.835	-0.02363752904	-0.021124782	NoCorrection	10000	A20	C1	1000	100	0	0.5	300	0.1
40	-0.00721980927000004	0.0255494455	0	0.834	0.786	-0.00721980927000004	0.0255494455	ID	10000	A20	C1	1000	100	0	0.5	300	0.1
41	-0.0461105902155	-0.1517861325	0	0.222	0.164	-0.0461105902155	-0.1517861325	1	10000	A20	C1	1000	100	0	0.5	300	0.5
42	-0.03522483586	-0.110580195	0	0.376	0.339	-0.03522483586	-0.110580195	FGr	10000	A20	C1	1000	100	0	0.5	300	0.5
43	0.1551047746	0.77314405	0	0	0	0.1551047746	0.77314405	NoCorrection	10000	A20	C1	1000	100	0	0.5	300	0.5
44	-0.05028251842	-0.1631302055	0	0.207	0.129	-0.05028251842	-0.1631302055	ID	10000	A20	C1	1000	100	0	0.5	300	0.5
45	-0.08415731666	0.1098231535	0	0.023	0.298	-0.08415731666	0.1098231535	1	10000	A20	C1	1000	100	0	0.5	300	1
46	-0.05196195509	0.218378479	0	0.167	0.046	-0.05196195509	0.218378479	FGr	10000	A20	C1	1000	100	0	0.5	300	1
47	0.38962161018	1.84807579	0	0	0	0.38962161018	1.84807579	NoCorrection	10000	A20	C1	1000	100	0	0.5	300	1
48	-0.08312278562	0.167711333	0	0.03	0.122	-0.08312278562	0.167711333	ID	10000	A20	C1	1000	100	0	0.5	300	1
49	0.037350381416	0.037350381416	0	0.249	0.255	0.037350381416	0.037350381416	1	300	A20	C1	1000	1000	0	0.5	300	0
50	0.0236498877185	0.0236498877185	0	0.489	0.469	0.0236498877185	0.0236498877185	FGr	300	A20	C1	1000	1000	0	0.5	300	0
51	0.0128120176655	0.0128120176655	0	0.682	0.675	0.0128120176655	0.0128120176655	NoCorrection	300	A20	C1	1000	1000	0	0.5	300	0
52	0.047047211156	0.047047211156	0	0.142	0.173	0.047047211156	0.047047211156	ID	300	A20	C1	1000	1000	0	0.5	300	0
53	0.000335550383199982	0.0003355503832	0	0.993	0.994	0.000335550383199982	0.0003355503832	1	300	A20	C1	1000	1000	0	0.5	300	0.1
54	0.036614354862	0.036614354862	0	0.209	0.215	0.036614354862	0.036614354862	FGr	300	A20	C1	1000	1000	0	0.5	300	0.1
55	0.043507965037	0.0435079650369999	0	0.122	0.123	0.043507965037	0.0435079650369999	NoCorrection	300	A20	C1	1000	1000	0	0.5	300	0.1
56	-0.0117923691765	-0.0117923691765	0	0.707	0.674	-0.0117923691765	-0.0117923691765	ID	300	A20	C1	1000	1000	0	0.5	300	0.1
57	0.0107139745115	0.0107139745115	0	0.699	0.692	0.0107139745115	0.0107139745115	1	300	A20	C1	1000	1000	0	0.5	300	0.5
58	0.12239482087	0.12239482087	0	0	0	0.12239482087	0.12239482087	FGr	300	A20	C1	1000	1000	0	0.5	300	0.5
59	0.16907848321605	0.16907848321605	0	0	0	0.16907848321605	0.16907848321605	NoCorrection	300	A20	C1	1000	1000	0	0.5	300	0.5
60	0.03585346122925	0.0358534612292499	0	0.196	0.21	0.03585346122925	0.0358534612292499	ID	300	A20	C1	1000	1000	0	0.5	300	0.5
61	0.0467783420825	0.0467783420825	0	0.121	0.133	0.0467783420825	0.0467783420825	1	300	A20	C1	1000	1000	0	0.5	300	1
62	0.22682836944725	0.22682836944725	0	0	0	0.22682836944725	0.22682836944725	FGr	300	A20	C1	1000	1000	0	0.5	300	1
63	0.33525623743	0.33525623743	0	0	0	0.33525623743	0.33525623743	NoCorrection	300	A20	C1	1000	1000	0	0.5	300	1
64	8.00640614000459e-05	8.00640614000805e-05	0	0.997	0.995	8.00640614000459e-05	8.00640614000805e-05	ID	300	A20	C1	1000	1000	0	0.5	300	1
65	0.0255249756445001	0.0190623289	0	0.347	0.65	0.0255249756445001	0.0190623289	1	1000	A20	C1	1000	1000	0	0.5	300	0
66	0.01328827613	-0.0125267651	0	0.61	0.751	0.01328827613	-0.0125267651	FGr	1000	A20	C1	1000	1000	0	0.5	300	0
67	0.010195326775	-0.0123935836	0	0.714	0.773	0.010195326775	-0.0123935836	NoCorrection	1000	A20	C1	1000	1000	0	0.5	300	0
68	0.0263082098325001	0.0142198867	0	0.332	0.741	0.0263082098325001	0.0142198867	ID	1000	A20	C1	1000	1000	0	0.5	300	0
69	0.0190029538484998	-0.0326619826	0	0.475	0.475	0.0190029538484998	-0.0326619826	1	1000	A20	C1	1000	1000	0	0.5	300	0.1
70	0.0111024878545	-0.0460907217	0	0.692	0.279	0.0111024878545	-0.0460907217	FGr	1000	A20	C1	1000	1000	0	0.5	300	0.1
71	0.059097161593	0.0802436923499999	0	0.023	0.072	0.059097161593	0.0802436923499999	NoCorrection	1000	A20	C1	1000	1000	0	0.5	300	0.1
72	0.00961489830199993	-0.0528758354	0	0.728	0.216	0.00961489830199993	-0.0528758354	ID	1000	A20	C1	1000	1000	0	0.5	300	0.1
73	-0.0212511704555	-0.035712	0	0.377	0.411	-0.0212511704555	-0.035712	1	1000	A20	C1	1000	1000	0	0.5	300	0.5
74	0.019334985569	0.0561038498000001	0	0.448	0.195	0.019334985569	0.0561038498000001	FGr	1000	A20	C1	1000	1000	0	0.5	300	0.5
75	0.124762511031	0.37533338745	0	0	0	0.124762511031	0.37533338745	NoCorrection	1000	A20	C1	1000	1000	0	0.5	300	0.5
76	-0.041866742105	-0.09523109885	0	0.091	0.021	-0.041866742105	-0.09523109885	ID	1000	A20	C1	1000	1000	0	0.5	300	0.5
77	0.0322408270885	0.00316943109999996	0	0.251	0.926	0.0322408270885	0.00316943109999996	1	1000	A20	C1	1000	1000	0	0.5	300	1
78	0.1419580175045	0.28679136765	0	0	0	0.1419580175045	0.28679136765	FGr	1000	A20	C1	1000	1000	0	0.5	300	1
79	0.3479526176752	0.859014059	0	0	0	0.3479526176752	0.859014059	NoCorrection	1000	A20	C1	1000	1000	0	0.5	300	1
80	0.034660984158	0.00381067745	0	0.254	0.93	0.034660984158	0.00381067745	ID	1000	A20	C1	1000	1000	0	0.5	300	1
81	-0.0101430318351001	0.0733331125	0	0.719	0.324	-0.0101430318351001	0.0733331125	1	10000	A20	C1	1000	1000	0	0.5	300	0
82	-0.0162313189893999	0.01826068945	0	0.536	0.801	-0.0162313189893999	0.01826068945	FGr	10000	A20	C1	1000	1000	0	0.5	300	0
83	-0.0178522871761498	0.00295374869999993	0	0.515	0.976	-0.0178522871761498	0.00295374869999993	NoCorrection	10000	A20	C1	1000	1000	0	0.5	300	0
84	-0.00917144614600019	0.0734966465500001	0	0.742	0.35	-0.00917144614600019	0.0734966465500001	ID	10000	A20	C1	1000	1000	0	0.5	300	0
85	-0.0372740426612	-0.14066452595	0	0.144	0.049	-0.0372740426612	-0.14066452595	1	10000	A20	C1	1000	1000	0	0.5	300	0.1
86	-0.0399967673173	-0.1511460399	0	0.108	0.033	-0.0399967673173	-0.1511460399	FGr	10000	A20	C1	1000	1000	0	0.5	300	0.1
87	-0.022076324639	-0.02739759685	0	0.372	0.671	-0.022076324639	-0.02739759685	NoCorrection	10000	A20	C1	1000	1000	0	0.5	300	0.1
88	-0.0363159352935001	-0.141861136	0	0.123	0.033	-0.0363159352935001	-0.141861136	ID	10000	A20	C1	1000	1000	0	0.5	300	0.1
89	0.00718389584000025	0.0808296231499998	0	0.82	0.259	0.00718389584000025	0.0808296231499998	1	10000	A20	C1	1000	1000	0	0.5	300	0.5
90	0.0190365224633901	0.141914006	0	0.493	0.041	0.0190365224633901	0.141914006	FGr	10000	A20	C1	1000	1000	0	0.5	300	0.5
91	0.143408499842	0.889069512	0	0	0	0.143408499842	0.889069512	NoCorrection	10000	A20	C1	1000	1000	0	0.5	300	0.5
92	0.00889711298999994	0.0678324416500001	0	0.751	0.315	0.00889711298999994	0.0678324416500001	ID	10000	A20	C1	1000	1000	0	0.5	300	0.5
93	-0.059216991968	-0.0975479593	0	0.03	0.218	-0.059216991968	-0.0975479593	1	10000	A20	C1	1000	1000	0	0.5	300	1
94	-0.0499426033015	-0.00744894784999995	0	0.076	0.921	-0.0499426033015	-0.00744894784999995	FGr	10000	A20	C1	1000	1000	0	0.5	300	1
95	0.22299225967655	1.799208112	0	0	0	0.22299225967655	1.799208112	NoCorrection	10000	A20	C1	1000	1000	0	0.5	300	1
96	-0.060570295433	-0.10453051685	0	0.02	0.173	-0.060570295433	-0.10453051685	ID	10000	A20	C1	1000	1000	0	0.5	300	1
97	-0.0477754978255001	-0.0477754978255	0	0.061	0.071	-0.0477754978255001	-0.0477754978255	1	300	A20	C1	1000	10000	0	0.5	300	0
98	-0.0219576232374999	-0.0219576232374999	0	0.416	0.401	-0.0219576232374999	-0.0219576232374999	FGr	300	A20	C1	1000	10000	0	0.5	300	0
99	-0.00745706728349985	-0.00745706728349985	0	0.777	0.774	-0.00745706728349985	-0.00745706728349985	NoCorrection	300	A20	C1	1000	10000	0	0.5	300	0
100	-0.0299609022878	-0.0299609022878	0	0.263	0.28	-0.0299609022878	-0.0299609022878	ID	300	A20	C1	1000	10000	0	0.5	300	0
101	-0.0495553148144401	-0.04955531481444	0	0.046	0.052	-0.0495553148144401	-0.04955531481444	1	300	A20	C1	1000	10000	0	0.5	300	0.1
102	-0.0102255869571497	-0.0102255869571497	0	0.69	0.742	-0.0102255869571497	-0.0102255869571497	FGr	300	A20	C1	1000	10000	0	0.5	300	0.1
103	-0.00491411850569996	-0.00491411850569994	0	0.843	0.846	-0.00491411850569996	-0.00491411850569994	NoCorrection	300	A20	C1	1000	10000	0	0.5	300	0.1
104	-0.0282970686820001	-0.0282970686820001	0	0.272	0.284	-0.0282970686820001	-0.0282970686820001	ID	300	A20	C1	1000	10000	0	0.5	300	0.1
105	0.0196899827092504	0.0196899827092504	0	0.395	0.405	0.0196899827092504	0.0196899827092504	1	300	A20	C1	1000	10000	0	0.5	300	0.5
106	0.1352770139475	0.1352770139475	0	0	0	0.1352770139475	0.1352770139475	FGr	300	A20	C1	1000	10000	0	0.5	300	0.5
107	0.1809031624435	0.1809031624435	0	0	0	0.1809031624435	0.1809031624435	NoCorrection	300	A20	C1	1000	10000	0	0.5	300	0.5
108	0.0284854167240004	0.0284854167240005	0	0.215	0.215	0.0284854167240004	0.0284854167240005	ID	300	A20	C1	1000	10000	0	0.5	300	0.5
109	0.0151201504117499	0.0151201504117499	0	0.57	0.58	0.0151201504117499	0.0151201504117499	1	300	A20	C1	1000	10000	0	0.5	300	1
110	0.201726636166251	0.201726636166251	0	0	0	0.201726636166251	0.201726636166251	FGr	300	A20	C1	1000	10000	0	0.5	300	1
111	0.34881648572909	0.34881648572909	0	0	0	0.34881648572909	0.34881648572909	NoCorrection	300	A20	C1	1000	10000	0	0.5	300	1
112	0.0111693942285502	0.0111693942285502	0	0.661	0.652	0.0111693942285502	0.0111693942285502	ID	300	A20	C1	1000	10000	0	0.5	300	1
113	0.0147732040524499	0.0302490933350002	0	0.534	0.543	0.0147732040524499	0.0302490933350002	1	1000	A20	C1	1000	10000	0	0.5	300	0
114	0.0182191705047999	0.0425002338600001	0	0.45	0.383	0.0182191705047999	0.0425002338600001	FGr	1000	A20	C1	1000	10000	0	0.5	300	0
115	0.00110155141135511	-0.00315178703999992	0	0.966	0.958	0.00110155141135511	-0.00315178703999992	NoCorrection	1000	A20	C1	1000	10000	0	0.5	300	0
116	0.01343963186695	0.0255294748049998	0	0.635	0.613	0.01343963186695	0.0255294748049998	ID	1000	A20	C1	1000	10000	0	0.5	300	0
117	0.00221272712345004	0.0174745600800001	0	0.923	0.649	0.00221272712345004	0.0174745600800001	1	1000	A20	C1	1000	10000	0	0.5	300	0.1
118	0.0147113330221998	0.0585994181950003	0	0.515	0.142	0.0147113330221998	0.0585994181950003	FGr	1000	A20	C1	1000	10000	0	0.5	300	0.1
119	0.0295717511860002	0.0899171624199997	0	0.183	0.029	0.0295717511860002	0.0899171624199997	NoCorrection	1000	A20	C1	1000	10000	0	0.5	300	0.1
120	0.00355347530325008	0.0285495891949996	0	0.896	0.511	0.00355347530325008	0.0285495891949996	ID	1000	A20	C1	1000	10000	0	0.5	300	0.1
121	-0.0114674446297498	0.0636177458299992	0	0.644	0.146	-0.0114674446297498	0.0636177458299992	1	1000	A20	C1	1000	10000	0	0.5	300	0.5
122	0.0289313395510505	0.187430430245001	0	0.215	0	0.0289313395510505	0.187430430245001	FGr	1000	A20	C1	1000	10000	0	0.5	300	0.5
123	0.1279013760839	0.454060886630001	0	0	0	0.1279013760839	0.454060886630001	NoCorrection	1000	A20	C1	1000	10000	0	0.5	300	0.5
124	-0.0154964662021155	0.0573555634449996	0	0.497	0.182	-0.0154964662021155	0.0573555634449996	ID	1000	A20	C1	1000	10000	0	0.5	300	0.5
125	0.00273275450308054	-0.0208832084	0	0.943	0.633	0.00273275450308054	-0.0208832084	1	1000	A20	C1	1000	10000	0	0.5	300	1
126	0.0746527157917003	0.239539982465	0	0.02	0	0.0746527157917003	0.239539982465	FGr	1000	A20	C1	1000	10000	0	0.5	300	1
127	0.274609385884549	0.8637176522	0	0	0	0.274609385884549	0.8637176522	NoCorrection	1000	A20	C1	1000	10000	0	0.5	300	1
128	-0.00246168063490026	-0.0328227652250001	0	0.922	0.461	-0.00246168063490026	-0.0328227652250001	ID	1000	A20	C1	1000	10000	0	0.5	300	1
129	-0.0199727774727098	0.07740161681	0	0.461	0.284	-0.0199727774727098	0.07740161681	1	10000	A20	C1	1000	10000	0	0.5	300	0
130	-0.0144902748315649	0.103466713055	0	0.595	0.149	-0.0144902748315649	0.103466713055	FGr	10000	A20	C1	1000	10000	0	0.5	300	0
131	-0.0296398506128998	0.0118747588500002	0	0.31	0.862	-0.0296398506128998	0.0118747588500002	NoCorrection	10000	A20	C1	1000	10000	0	0.5	300	0
132	-0.0198047908921799	0.0793107190199998	0	0.485	0.254	-0.0198047908921799	0.0793107190199998	ID	10000	A20	C1	1000	10000	0	0.5	300	0
133	-0.019290753638135	0.0329510749749999	0	0.472	0.619	-0.019290753638135	0.0329510749749999	1	10000	A20	C1	1000	10000	0	0.5	300	0.1
134	-0.015915383294865	0.0494008892700001	0	0.575	0.466	-0.015915383294865	0.0494008892700001	FGr	10000	A20	C1	1000	10000	0	0.5	300	0.1
135	-0.00324522629099995	0.10249497368	0	0.894	0.126	-0.00324522629099995	0.10249497368	NoCorrection	10000	A20	C1	1000	10000	0	0.5	300	0.1
136	-0.0193092247378501	0.0330243379300003	0	0.453	0.6	-0.0193092247378501	0.0330243379300003	ID	10000	A20	C1	1000	10000	0	0.5	300	0.1
137	-0.0294125475087901	0.015099483295	0	0.293	0.814	-0.0294125475087901	0.015099483295	1	10000	A20	C1	1000	10000	0	0.5	300	0.5
138	-0.0274972963919998	0.0214260723099991	0	0.304	0.734	-0.0274972963919998	0.0214260723099991	FGr	10000	A20	C1	1000	10000	0	0.5	300	0.5
139	0.168758466282649	0.9329255855	0	0	0	0.168758466282649	0.9329255855	NoCorrection	10000	A20	C1	1000	10000	0	0.5	300	0.5
140	-0.0297858632093001	0.024696875965	0	0.273	0.71	-0.0297858632093001	0.024696875965	ID	10000	A20	C1	1000	10000	0	0.5	300	0.5
141	-0.00489215426236012	0.0645949718650002	0	0.862	0.372	-0.00489215426236012	0.0645949718650002	1	10000	A20	C1	1000	10000	0	0.5	300	1
142	0.01237404802327	0.146533310449999	0	0.668	0.027	0.01237404802327	0.146533310449999	FGr	10000	A20	C1	1000	10000	0	0.5	300	1
143	0.4282883972915	1.95709897675	0	0	0	0.4282883972915	1.95709897675	NoCorrection	10000	A20	C1	1000	10000	0	0.5	300	1
144	-0.00585096448634993	0.0639407703299998	0	0.83	0.339	-0.00585096448634993	0.0639407703299998	ID	10000	A20	C1	1000	10000	0	0.5	300	1
145	-0.0099539940105	-0.0099539940105	0	0.475	0.51	-0.0099539940105	-0.0099539940105	1	300	A20	C1	10000	100	0	0.5	300	0
146	-0.01383629257	-0.01383629257	0	0.348	0.317	-0.01383629257	-0.01383629257	FGr	300	A20	C1	10000	100	0	0.5	300	0
147	-0.014299052005	-0.014299052005	0	0.28	0.274	-0.014299052005	-0.014299052005	NoCorrection	300	A20	C1	10000	100	0	0.5	300	0
148	-0.013400198639	-0.013400198639	0	0.336	0.335	-0.013400198639	-0.013400198639	ID	300	A20	C1	10000	100	0	0.5	300	0
149	-0.013839710569	-0.013839710569	0	0.234	0.236	-0.013839710569	-0.013839710569	1	300	A20	C1	10000	100	0	0.5	300	0.1
150	0.02421054527	0.02421054527	0	0.057	0.063	0.02421054527	0.02421054527	FGr	300	A20	C1	10000	100	0	0.5	300	0.1
151	0.04003767505	0.04003767505	0	0.003	0.005	0.04003767505	0.04003767505	NoCorrection	300	A20	C1	10000	100	0	0.5	300	0.1
152	-0.0056067347295	-0.00560673472949998	0	0.646	0.635	-0.0056067347295	-0.00560673472949998	ID	300	A20	C1	10000	100	0	0.5	300	0.1
153	0.00168510326399999	0.001685103264	0	0.895	0.906	0.00168510326399999	0.001685103264	1	300	A20	C1	10000	100	0	0.5	300	0.5
154	0.1489122288595	0.1489122288595	0	0	0	0.1489122288595	0.1489122288595	FGr	300	A20	C1	10000	100	0	0.5	300	0.5
155	0.20775691285	0.20775691285	0	0	0	0.20775691285	0.20775691285	NoCorrection	300	A20	C1	10000	100	0	0.5	300	0.5
156	0.0001658684692	0.000165868469200003	0	0.987	0.988	0.0001658684692	0.000165868469200003	ID	300	A20	C1	10000	100	0	0.5	300	0.5
157	-0.01533539142	-0.01533539142	0	0.22	0.217	-0.01533539142	-0.01533539142	1	300	A20	C1	10000	100	0	0.5	300	1
158	0.270062136055	0.270062136055	0	0	0	0.270062136055	0.270062136055	FGr	300	A20	C1	10000	100	0	0.5	300	1
159	0.377891209115	0.377891209115	0	0	0	0.377891209115	0.377891209115	NoCorrection	300	A20	C1	10000	100	0	0.5	300	1
160	-0.019334196961	-0.019334196961	0	0.129	0.124	-0.019334196961	-0.019334196961	ID	300	A20	C1	10000	100	0	0.5	300	1
161	-0.00641626666999998	0.005339776	0	0.677	0.811	-0.00641626666999998	0.005339776	1	1000	A20	C1	10000	100	0	0.5	300	0
162	-0.00665429511999998	0.002197837	0	0.657	0.931	-0.00665429511999998	0.002197837	FGr	1000	A20	C1	10000	100	0	0.5	300	0
163	0.00203650511450001	0.0217923895	0	0.909	0.353	0.00203650511450001	0.0217923895	NoCorrection	1000	A20	C1	10000	100	0	0.5	300	0
164	-0.00466336680000001	0.00891771799999994	0	0.741	0.716	-0.00466336680000001	0.00891771799999994	ID	1000	A20	C1	10000	100	0	0.5	300	0
165	0.021418495305	0.00623221850000003	0	0.188	0.773	0.021418495305	0.00623221850000003	1	1000	A20	C1	10000	100	0	0.5	300	0.1
166	0.037305482155	0.0406894445	0	0.013	0.079	0.037305482155	0.0406894445	FGr	1000	A20	C1	10000	100	0	0.5	300	0.1
167	0.0563109253806	0.0894607875	0	0.001	0	0.0563109253806	0.0894607875	NoCorrection	1000	A20	C1	10000	100	0	0.5	300	0.1
168	0.019039099215	0.00335637500000001	0	0.21	0.873	0.019039099215	0.00335637500000001	ID	1000	A20	C1	10000	100	0	0.5	300	0.1
169	0.00600745954	0.001905608	0	0.697	0.922	0.00600745954	0.001905608	1	1000	A20	C1	10000	100	0	0.5	300	0.5
170	0.10032195623	0.2195175665	0	0	0	0.10032195623	0.2195175665	FGr	1000	A20	C1	10000	100	0	0.5	300	0.5
171	0.18765973036	0.420075681	0	0	0	0.18765973036	0.420075681	NoCorrection	1000	A20	C1	10000	100	0	0.5	300	0.5
172	0.00755281744949999	0.0128876485	0	0.573	0.527	0.00755281744949999	0.0128876485	ID	1000	A20	C1	10000	100	0	0.5	300	0.5
173	-0.003182683625	-0.026020133	0	0.792	0.196	-0.003182683625	-0.026020133	1	1000	A20	C1	10000	100	0	0.5	300	1
174	0.19605952364	0.4127960585	0	0	0	0.19605952364	0.4127960585	FGr	1000	A20	C1	10000	100	0	0.5	300	1
175	0.36107434212	0.786148223	0	0	0	0.36107434212	0.786148223	NoCorrection	1000	A20	C1	10000	100	0	0.5	300	1
176	0.000467729809832499	-0.0282325215	0	0.958	0.143	0.000467729809832499	-0.0282325215	ID	1000	A20	C1	10000	100	0	0.5	300	1
177	0.01499843551	-0.0464627835	0	0.188	0.122	0.01499843551	-0.0464627835	1	10000	A20	C1	10000	100	0	0.5	300	0
178	0.01362261832	-0.06248039	0	0.249	0.032	0.01362261832	-0.06248039	FGr	10000	A20	C1	10000	100	0	0.5	300	0
179	0.014110328545	-0.0598987315	0	0.231	0.04	0.014110328545	-0.0598987315	NoCorrection	10000	A20	C1	10000	100	0	0.5	300	0
180	0.0152689617534	-0.0419148415	0	0.205	0.157	0.0152689617534	-0.0419148415	ID	10000	A20	C1	10000	100	0	0.5	300	0
181	0.0129796763404	-0.015388466	0	0.324	0.613	0.0129796763404	-0.015388466	1	10000	A20	C1	10000	100	0	0.5	300	0.1
182	0.0150502277	0.00982540199999997	0	0.217	0.766	0.0150502277	0.00982540199999997	FGr	10000	A20	C1	10000	100	0	0.5	300	0.1
183	0.040863387959	0.206329926	0	0.001	0	0.040863387959	0.206329926	NoCorrection	10000	A20	C1	10000	100	0	0.5	300	0.1
184	0.011740479705	-0.0173244455	0	0.332	0.587	0.011740479705	-0.0173244455	ID	10000	A20	C1	10000	100	0	0.5	300	0.1
185	0.000306434520000005	0.021896129	0	0.973	0.466	0.000306434520000005	0.021896129	1	10000	A20	C1	10000	100	0	0.5	300	0.5
186	0.010840130548	0.1023387855	0	0.354	0.001	0.010840130548	0.1023387855	FGr	10000	A20	C1	10000	100	0	0.5	300	0.5
187	0.14569762325	1.0198747395	0	0	0	0.14569762325	1.0198747395	NoCorrection	10000	A20	C1	10000	100	0	0.5	300	0.5
188	-0.000880115670500003	0.021421226	0	0.924	0.501	-0.000880115670500003	0.021421226	ID	10000	A20	C1	10000	100	0	0.5	300	0.5
189	-0.031799051319	0.013293392	0	0.01	0.633	-0.031799051319	0.013293392	1	10000	A20	C1	10000	100	0	0.5	300	1
190	-0.010853691807	0.185954064	0	0.396	0	-0.010853691807	0.185954064	FGr	10000	A20	C1	10000	100	0	0.5	300	1
191	0.25242911355	2.116699345	0	0	0	0.25242911355	2.116699345	NoCorrection	10000	A20	C1	10000	100	0	0.5	300	1
192	-0.033215798095	0.023211309	0	0.007	0.416	-0.033215798095	0.023211309	ID	10000	A20	C1	10000	100	0	0.5	300	1
193	0.00486318047867502	0.00486318047867501	0	0.57	0.543	0.00486318047867502	0.00486318047867501	1	300	A20	C1	10000	1000	0	0.5	300	0
194	0.00382184225344999	0.00382184225345	0	0.621	0.635	0.00382184225344999	0.00382184225345	FGr	300	A20	C1	10000	1000	0	0.5	300	0
195	0.00630764559494998	0.00630764559494999	0	0.459	0.428	0.00630764559494998	0.00630764559494999	NoCorrection	300	A20	C1	10000	1000	0	0.5	300	0
196	0.00892371844299998	0.00892371844299997	0	0.316	0.293	0.00892371844299998	0.00892371844299997	ID	300	A20	C1	10000	1000	0	0.5	300	0
197	-0.00918508391399999	-0.00918508391399999	0	0.305	0.323	-0.00918508391399999	-0.00918508391399999	1	300	A20	C1	10000	1000	0	0.5	300	0.1
198	0.00478451315249992	0.00478451315249995	0	0.584	0.634	0.00478451315249992	0.00478451315249995	FGr	300	A20	C1	10000	1000	0	0.5	300	0.1
199	0.00880489379025001	0.00880489379025001	0	0.341	0.351	0.00880489379025001	0.00880489379025001	NoCorrection	300	A20	C1	10000	1000	0	0.5	300	0.1
200	-0.00966785029750002	-0.0096678502975	0	0.283	0.269	-0.00966785029750002	-0.0096678502975	ID	300	A20	C1	10000	1000	0	0.5	300	0.1
201	0.008082483351	0.00808248335099999	0	0.326	0.316	0.008082483351	0.00808248335099999	1	300	A20	C1	10000	1000	0	0.5	300	0.5
202	0.1094253837871	0.1094253837871	0	0	0	0.1094253837871	0.1094253837871	FGr	300	A20	C1	10000	1000	0	0.5	300	0.5
203	0.161340332348	0.161340332348	0	0	0	0.161340332348	0.161340332348	NoCorrection	300	A20	C1	10000	1000	0	0.5	300	0.5
204	0.00881319733785002	0.00881319733785	0	0.274	0.29	0.00881319733785002	0.00881319733785	ID	300	A20	C1	10000	1000	0	0.5	300	0.5
205	0.01011571897705	0.01011571897705	0	0.219	0.203	0.01011571897705	0.01011571897705	1	300	A20	C1	10000	1000	0	0.5	300	1
206	0.207102423644	0.207102423644	0	0	0	0.207102423644	0.207102423644	FGr	300	A20	C1	10000	1000	0	0.5	300	1
207	0.3142204687078	0.3142204687078	0	0	0	0.3142204687078	0.3142204687078	NoCorrection	300	A20	C1	10000	1000	0	0.5	300	1
208	0.00870731097314005	0.00870731097314	0	0.294	0.265	0.00870731097314005	0.00870731097314	ID	300	A20	C1	10000	1000	0	0.5	300	1
209	0.00677482595149999	0.00306896275000003	0	0.421	0.828	0.00677482595149999	0.00306896275000003	1	1000	A20	C1	10000	1000	0	0.5	300	0
210	0.01021428163475	0.00648484619999997	0	0.2	0.662	0.01021428163475	0.00648484619999997	FGr	1000	A20	C1	10000	1000	0	0.5	300	0
211	0.01795067711218	0.0214465024500001	0	0.04	0.141	0.01795067711218	0.0214465024500001	NoCorrection	1000	A20	C1	10000	1000	0	0.5	300	0
212	0.00530883236460003	-0.00196444865000006	0	0.524	0.89	0.00530883236460003	-0.00196444865000006	ID	1000	A20	C1	10000	1000	0	0.5	300	0
213	-0.00140215719050001	0.00406289269999997	0	0.86	0.739	-0.00140215719050001	0.00406289269999997	1	1000	A20	C1	10000	1000	0	0.5	300	0.1
214	0.0103925037155	0.03076339055	0	0.186	0.018	0.0103925037155	0.03076339055	FGr	1000	A20	C1	10000	1000	0	0.5	300	0.1
215	0.0358300831889	0.08811425595	0	0	0	0.0358300831889	0.08811425595	NoCorrection	1000	A20	C1	10000	1000	0	0.5	300	0.1
216	0.000609545403999936	0.00844946299999997	0	0.942	0.503	0.000609545403999936	0.00844946299999997	ID	1000	A20	C1	10000	1000	0	0.5	300	0.1
217	0.00365873246249997	-0.01177710005	0	0.666	0.339	0.00365873246249997	-0.01177710005	1	1000	A20	C1	10000	1000	0	0.5	300	0.5
218	0.0623697118463	0.13086681715	0	0	0	0.0623697118463	0.13086681715	FGr	1000	A20	C1	10000	1000	0	0.5	300	0.5
219	0.16344010119675	0.36355412205	0	0	0	0.16344010119675	0.36355412205	NoCorrection	1000	A20	C1	10000	1000	0	0.5	300	0.5
220	0.00332180168700002	-0.01419333225	0	0.666	0.27	0.00332180168700002	-0.01419333225	ID	1000	A20	C1	10000	1000	0	0.5	300	0.5
221	-0.00290551854379999	-0.00288827775000001	0	0.722	0.855	-0.00290551854379999	-0.00288827775000001	1	1000	A20	C1	10000	1000	0	0.5	300	1
222	0.1123575938065	0.25931810375	0	0	0	0.1123575938065	0.25931810375	FGr	1000	A20	C1	10000	1000	0	0.5	300	1
223	0.3293318378062	0.7644988814	0	0	0	0.3293318378062	0.7644988814	NoCorrection	1000	A20	C1	10000	1000	0	0.5	300	1
224	-0.002842930906465	-0.00191304604999998	0	0.742	0.893	-0.002842930906465	-0.00191304604999998	ID	1000	A20	C1	10000	1000	0	0.5	300	1
225	-0.0144677861945	-0.01487668275	0	0.142	0.534	-0.0144677861945	-0.01487668275	1	10000	A20	C1	10000	1000	0	0.5	300	0
226	-0.01622228421875	-0.02972651535	0	0.093	0.208	-0.01622228421875	-0.02972651535	FGr	10000	A20	C1	10000	1000	0	0.5	300	0
227	-0.01168753734545	-0.00601362970000003	0	0.215	0.78	-0.01168753734545	-0.00601362970000003	NoCorrection	10000	A20	C1	10000	1000	0	0.5	300	0
228	-0.0145231475055	-0.0149143138500001	0	0.116	0.482	-0.0145231475055	-0.0149143138500001	ID	10000	A20	C1	10000	1000	0	0.5	300	0
229	-0.0021075913497	0.0230418964500001	0	0.855	0.343	-0.0021075913497	0.0230418964500001	1	10000	A20	C1	10000	1000	0	0.5	300	0.1
230	0.00110883505199999	0.0360349571	0	0.916	0.14	0.00110883505199999	0.0360349571	FGr	10000	A20	C1	10000	1000	0	0.5	300	0.1
231	0.0341461115129999	0.20782355875	0	0.003	0	0.0341461115129999	0.20782355875	NoCorrection	10000	A20	C1	10000	1000	0	0.5	300	0.1
232	-0.00246252892725	0.0228356432	0	0.816	0.343	-0.00246252892725	0.0228356432	ID	10000	A20	C1	10000	1000	0	0.5	300	0.1
233	0.00203657546210001	0.00124933724999988	0	0.815	0.958	0.00203657546210001	0.00124933724999988	1	10000	A20	C1	10000	1000	0	0.5	300	0.5
234	0.011151162552	0.0533833715000001	0	0.186	0.021	0.011151162552	0.0533833715000001	FGr	10000	A20	C1	10000	1000	0	0.5	300	0.5
235	0.1953953804671	0.96873412705	0	0	0	0.1953953804671	0.96873412705	NoCorrection	10000	A20	C1	10000	1000	0	0.5	300	0.5
236	0.00160285703850002	0.00199238339999991	0	0.846	0.92	0.00160285703850002	0.00199238339999991	ID	10000	A20	C1	10000	1000	0	0.5	300	0.5
237	-0.010219599352	2.09596999999766e-05	0	0.257	1	-0.010219599352	2.09596999999766e-05	1	10000	A20	C1	10000	1000	0	0.5	300	1
238	0.00900085467549999	0.12186449325	0	0.303	0	0.00900085467549999	0.12186449325	FGr	10000	A20	C1	10000	1000	0	0.5	300	1
239	0.367268112942	1.8037279985	0	0	0	0.367268112942	1.8037279985	NoCorrection	10000	A20	C1	10000	1000	0	0.5	300	1
240	-0.0102863518385	-0.00152502509999994	0	0.261	0.94	-0.0102863518385	-0.00152502509999994	ID	10000	A20	C1	10000	1000	0	0.5	300	1
241	0.00316983816478998	0.00316983816478999	0	0.717	0.729	0.00316983816478998	0.00316983816478999	1	300	A20	C1	10000	10000	0	0.5	300	0
242	0.00242455436475001	0.00242455436475001	0	0.755	0.764	0.00242455436475001	0.00242455436475001	FGr	300	A20	C1	10000	10000	0	0.5	300	0
243	0.00751068045819998	0.00751068045819999	0	0.358	0.386	0.00751068045819998	0.00751068045819999	NoCorrection	300	A20	C1	10000	10000	0	0.5	300	0
244	0.00412071170826498	0.00412071170826498	0	0.659	0.646	0.00412071170826498	0.00412071170826498	ID	300	A20	C1	10000	10000	0	0.5	300	0
245	-0.00243706522272501	-0.002437065222725	0	0.799	0.812	-0.00243706522272501	-0.002437065222725	1	300	A20	C1	10000	10000	0	0.5	300	0.1
246	0.02609811774025	0.02609811774025	0	0.01	0.005	0.02609811774025	0.02609811774025	FGr	300	A20	C1	10000	10000	0	0.5	300	0.1
247	0.03574959633305	0.03574959633305	0	0.001	0	0.03574959633305	0.03574959633305	NoCorrection	300	A20	C1	10000	10000	0	0.5	300	0.1
248	-0.00515266386940998	-0.00515266386940998	0	0.609	0.572	-0.00515266386940998	-0.00515266386940998	ID	300	A20	C1	10000	10000	0	0.5	300	0.1
249	-0.00592557310404997	-0.00592557310404995	0	0.519	0.477	-0.00592557310404997	-0.00592557310404995	1	300	A20	C1	10000	10000	0	0.5	300	0.5
250	0.0923504403597001	0.0923504403597001	0	0	0	0.0923504403597001	0.0923504403597001	FGr	300	A20	C1	10000	10000	0	0.5	300	0.5
251	0.1573033609823	0.1573033609823	0	0	0	0.1573033609823	0.1573033609823	NoCorrection	300	A20	C1	10000	10000	0	0.5	300	0.5
252	-0.00733398032680005	-0.00733398032680004	0	0.392	0.394	-0.00733398032680005	-0.00733398032680004	ID	300	A20	C1	10000	10000	0	0.5	300	0.5
253	0.00508365570194995	0.00508365570194996	0	0.553	0.532	0.00508365570194995	0.00508365570194996	1	300	A20	C1	10000	10000	0	0.5	300	1
254	0.235707529177001	0.235707529177001	0	0	0	0.235707529177001	0.235707529177001	FGr	300	A20	C1	10000	10000	0	0.5	300	1
255	0.3578164236242	0.3578164236242	0	0	0	0.3578164236242	0.3578164236242	NoCorrection	300	A20	C1	10000	10000	0	0.5	300	1
256	0.0105876050016799	0.0105876050016799	0	0.178	0.207	0.0105876050016799	0.0105876050016799	ID	300	A20	C1	10000	10000	0	0.5	300	1
257	-0.00101828282699991	0.00719923058500017	0	0.887	0.6	-0.00101828282699991	0.00719923058500017	1	1000	A20	C1	10000	10000	0	0.5	300	0
258	-0.00454138055695998	-0.00646665905000007	0	0.543	0.634	-0.00454138055695998	-0.00646665905000007	FGr	1000	A20	C1	10000	10000	0	0.5	300	0
259	-0.00516278241920004	-0.0081823007899998	0	0.484	0.583	-0.00516278241920004	-0.0081823007899998	NoCorrection	1000	A20	C1	10000	10000	0	0.5	300	0
260	-0.00221667327656513	0.0020568173699999	0	0.779	0.887	-0.00221667327656513	0.0020568173699999	ID	1000	A20	C1	10000	10000	0	0.5	300	0
261	0.01335232013345	0.0106306280699998	0	0.162	0.453	0.01335232013345	0.0106306280699998	1	1000	A20	C1	10000	10000	0	0.5	300	0.1
262	0.02266448591358	0.040049769475	0	0.021	0.007	0.02266448591358	0.040049769475	FGr	1000	A20	C1	10000	10000	0	0.5	300	0.1
263	0.0410960272081292	0.0989174912249999	0	0.001	0	0.0410960272081292	0.0989174912249999	NoCorrection	1000	A20	C1	10000	10000	0	0.5	300	0.1
264	0.014648754183	0.01500672561	0	0.128	0.31	0.014648754183	0.01500672561	ID	1000	A20	C1	10000	10000	0	0.5	300	0.1
265	-0.00853724547017504	0.011488297215	0	0.3	0.393	-0.00853724547017504	0.011488297215	1	1000	A20	C1	10000	10000	0	0.5	300	0.5
266	0.032367959154725	0.14437453416	0	0.001	0	0.032367959154725	0.14437453416	FGr	1000	A20	C1	10000	10000	0	0.5	300	0.5
267	0.1101696003543	0.388200993749999	0	0	0	0.1101696003543	0.388200993749999	NoCorrection	1000	A20	C1	10000	10000	0	0.5	300	0.5
268	-0.0117415043054349	0.00132603663000005	0	0.169	0.914	-0.0117415043054349	0.00132603663000005	ID	1000	A20	C1	10000	10000	0	0.5	300	0.5
269	0.00374044251604993	0.000382406515000021	0	0.613	0.976	0.00374044251604993	0.000382406515000021	1	1000	A20	C1	10000	10000	0	0.5	300	1
270	0.0893071332229497	0.285561034995	0	0	0	0.0893071332229497	0.285561034995	FGr	1000	A20	C1	10000	10000	0	0.5	300	1
271	0.23752149177992	0.775936049930002	0	0	0	0.23752149177992	0.775936049930002	NoCorrection	1000	A20	C1	10000	10000	0	0.5	300	1
272	0.003909723420435	0.00694191376500001	0	0.574	0.588	0.003909723420435	0.00694191376500001	ID	1000	A20	C1	10000	10000	0	0.5	300	1
273	0.01168061914005	-0.0251680864899999	0	0.134	0.186	0.01168061914005	-0.0251680864899999	1	10000	A20	C1	10000	10000	0	0.5	300	0
274	0.01026154013052	-0.0316231481799999	0	0.21	0.095	0.01026154013052	-0.0316231481799999	FGr	10000	A20	C1	10000	10000	0	0.5	300	0
275	0.00966214748880002	-0.0404786418699999	0	0.238	0.031	0.00966214748880002	-0.0404786418699999	NoCorrection	10000	A20	C1	10000	10000	0	0.5	300	0
276	0.0105505675952	-0.0284302588600001	0	0.191	0.142	0.0105505675952	-0.0284302588600001	ID	10000	A20	C1	10000	10000	0	0.5	300	0
277	-0.000612974887349986	-0.0254649974099998	0	0.938	0.233	-0.000612974887349986	-0.0254649974099998	1	10000	A20	C1	10000	10000	0	0.5	300	0.1
278	0.00178112185761501	-0.00800162361500042	0	0.829	0.708	0.00178112185761501	-0.00800162361500042	FGr	10000	A20	C1	10000	10000	0	0.5	300	0.1
279	0.0241975637352	0.112214872655	0	0.003	0	0.0241975637352	0.112214872655	NoCorrection	10000	A20	C1	10000	10000	0	0.5	300	0.1
280	-0.000486456418700032	-0.0238496536400002	0	0.96	0.262	-0.000486456418700032	-0.0238496536400002	ID	10000	A20	C1	10000	10000	0	0.5	300	0.1
281	0.00276153653368498	0.00446824923499997	0	0.739	0.846	0.00276153653368498	0.00446824923499997	1	10000	A20	C1	10000	10000	0	0.5	300	0.5
282	0.013453577145882	0.0569928774099999	0	0.127	0.008	0.013453577145882	0.0569928774099999	FGr	10000	A20	C1	10000	10000	0	0.5	300	0.5
283	0.1819750787865	0.885260395050002	0	0	0	0.1819750787865	0.885260395050002	NoCorrection	10000	A20	C1	10000	10000	0	0.5	300	0.5
284	0.00444397397406501	0.0153539516	0	0.583	0.486	0.00444397397406501	0.0153539516	ID	10000	A20	C1	10000	10000	0	0.5	300	0.5
285	-0.00599646500040006	0.00621039466000005	0	0.42	0.76	-0.00599646500040006	0.00621039466000005	1	10000	A20	C1	10000	10000	0	0.5	300	1
286	0.0105306846510999	0.08731915873	0	0.191	0	0.0105306846510999	0.08731915873	FGr	10000	A20	C1	10000	10000	0	0.5	300	1
287	0.349952987392001	1.74627063905	0	0	0	0.349952987392001	1.74627063905	NoCorrection	10000	A20	C1	10000	10000	0	0.5	300	1
288	-0.0055823218345999	0.00647972875499993	0	0.48	0.722	-0.0055823218345999	0.00647972875499993	ID	10000	A20	C1	10000	10000	0	0.5	300	1
289	-0.00846510137999998	-0.00846510137999999	0	0.813	0.8	-0.00846510137999998	-0.00846510137999999	1	300	A20	C2	1000	100	0	0.5	300	0
290	-0.01791652712	-0.01791652712	0	0.603	0.632	-0.01791652712	-0.01791652712	FGr	300	A20	C2	1000	100	0	0.5	300	0
291	-0.01791694775	-0.01791694775	0	0.629	0.612	-0.01791694775	-0.01791694775	NoCorrection	300	A20	C2	1000	100	0	0.5	300	0
292	-0.013630706384	-0.013630706384	0	0.713	0.714	-0.013630706384	-0.013630706384	ID	300	A20	C2	1000	100	0	0.5	300	0
293	-0.0209458874620001	-0.0209458874620001	0	0.557	0.563	-0.0209458874620001	-0.0209458874620001	1	300	A20	C2	1000	100	0	0.5	300	0.1
294	-0.0170287070150001	-0.0170287070149999	0	0.648	0.616	-0.0170287070150001	-0.0170287070149999	FGr	300	A20	C2	1000	100	0	0.5	300	0.1
295	-0.019603149605	-0.019603149605	0	0.566	0.577	-0.019603149605	-0.019603149605	NoCorrection	300	A20	C2	1000	100	0	0.5	300	0.1
296	-0.0202460662212501	-0.0202460662212502	0	0.56	0.522	-0.0202460662212501	-0.0202460662212502	ID	300	A20	C2	1000	100	0	0.5	300	0.1
297	-0.00620955762	-0.00620955761999999	0	0.878	0.867	-0.00620955762	-0.00620955761999999	1	300	A20	C2	1000	100	0	0.5	300	0.5
298	-0.02890932591	-0.02890932591	0	0.509	0.509	-0.02890932591	-0.02890932591	FGr	300	A20	C2	1000	100	0	0.5	300	0.5
299	-0.032302309	-0.032302309	0	0.475	0.439	-0.032302309	-0.032302309	NoCorrection	300	A20	C2	1000	100	0	0.5	300	0.5
300	-0.00489366901999999	-0.00489366902000002	0	0.895	0.894	-0.00489366901999999	-0.00489366902000002	ID	300	A20	C2	1000	100	0	0.5	300	0.5
301	-0.0196711277550001	-0.0196711277550001	0	0.657	0.657	-0.0196711277550001	-0.0196711277550001	1	300	A20	C2	1000	100	0	0.5	300	1
302	-0.08244380498	-0.08244380498	0	0.134	0.133	-0.08244380498	-0.08244380498	FGr	300	A20	C2	1000	100	0	0.5	300	1
303	-0.0869333136450001	-0.086933313645	0	0.113	0.117	-0.0869333136450001	-0.086933313645	NoCorrection	300	A20	C2	1000	100	0	0.5	300	1
304	-0.03560300387	-0.03560300387	0	0.311	0.337	-0.03560300387	-0.03560300387	ID	300	A20	C2	1000	100	0	0.5	300	1
305	-0.049576031995	-0.0886237035000001	0	0.25	0.146	-0.049576031995	-0.0886237035000001	1	1000	A20	C2	1000	100	0	0.5	300	0
306	-0.0487491959255	-0.0731415685000001	0	0.253	0.225	-0.0487491959255	-0.0731415685000001	FGr	1000	A20	C2	1000	100	0	0.5	300	0
307	-0.0466365955365	-0.080036468	0	0.274	0.19	-0.0466365955365	-0.080036468	NoCorrection	1000	A20	C2	1000	100	0	0.5	300	0
308	-0.0484302296	-0.0765854955000001	0	0.236	0.202	-0.0484302296	-0.0765854955000001	ID	1000	A20	C2	1000	100	0	0.5	300	0
309	0.06547211244	0.0701678935	0	0.12	0.239	0.06547211244	0.0701678935	1	1000	A20	C2	1000	100	0	0.5	300	0.1
310	0.06315640523	0.0572485780000001	0	0.135	0.352	0.06315640523	0.0572485780000001	FGr	1000	A20	C2	1000	100	0	0.5	300	0.1
311	0.0665344916	0.0616575729999999	0	0.107	0.304	0.0665344916	0.0616575729999999	NoCorrection	1000	A20	C2	1000	100	0	0.5	300	0.1
312	0.064804309785	0.065805904	0	0.145	0.284	0.064804309785	0.065805904	ID	1000	A20	C2	1000	100	0	0.5	300	0.1
313	0.00619671988499998	0.054757431	0	0.856	0.373	0.00619671988499998	0.054757431	1	1000	A20	C2	1000	100	0	0.5	300	0.5
314	0.024287059935	0.029798323	0	0.53	0.674	0.024287059935	0.029798323	FGr	1000	A20	C2	1000	100	0	0.5	300	0.5
315	0.021505962765	0.0307688925000002	0	0.623	0.642	0.021505962765	0.0307688925000002	NoCorrection	1000	A20	C2	1000	100	0	0.5	300	0.5
316	0.00482402262000001	0.05973363	0	0.894	0.345	0.00482402262000001	0.05973363	ID	1000	A20	C2	1000	100	0	0.5	300	0.5
317	-0.053666701475	-0.0191343515	0	0.198	0.768	-0.053666701475	-0.0191343515	1	1000	A20	C2	1000	100	0	0.5	300	1
318	-0.018368420485	-0.0867842649999998	0	0.752	0.362	-0.018368420485	-0.0867842649999998	FGr	1000	A20	C2	1000	100	0	0.5	300	1
319	-0.021215322305	-0.1115054915	0	0.748	0.242	-0.021215322305	-0.1115054915	NoCorrection	1000	A20	C2	1000	100	0	0.5	300	1
320	-0.0574959236825	-0.0396876055	0	0.145	0.536	-0.0574959236825	-0.0396876055	ID	1000	A20	C2	1000	100	0	0.5	300	1
321	1.33099499999892e-05	0.0428745664999999	0	1	0.607	1.33099499999892e-05	0.0428745664999999	1	10000	A20	C2	1000	100	0	0.5	300	0
322	-0.00985981449000001	0.0883337769999999	0	0.771	0.291	-0.00985981449000001	0.0883337769999999	FGr	10000	A20	C2	1000	100	0	0.5	300	0
323	-0.007387795185	0.0831262220000001	0	0.841	0.324	-0.007387795185	0.0831262220000001	NoCorrection	10000	A20	C2	1000	100	0	0.5	300	0
324	-0.000586283150000006	0.064675279	0	0.978	0.418	-0.000586283150000006	0.064675279	ID	10000	A20	C2	1000	100	0	0.5	300	0
325	-0.017665984085	0.00128742799999997	0	0.571	0.99	-0.017665984085	0.00128742799999997	1	10000	A20	C2	1000	100	0	0.5	300	0.1
326	-0.02168839577	-0.0420614055000001	0	0.492	0.61	-0.02168839577	-0.0420614055000001	FGr	10000	A20	C2	1000	100	0	0.5	300	0.1
327	-0.0206537858	-0.05581116	0	0.495	0.502	-0.0206537858	-0.05581116	NoCorrection	10000	A20	C2	1000	100	0	0.5	300	0.1
328	-0.016446369583	0.0163677495	0	0.567	0.841	-0.016446369583	0.0163677495	ID	10000	A20	C2	1000	100	0	0.5	300	0.1
329	-0.0390331447149999	-0.0709669165	0	0.277	0.352	-0.0390331447149999	-0.0709669165	1	10000	A20	C2	1000	100	0	0.5	300	0.5
330	-0.0733272128973	-0.070713675	0	0.087	0.4	-0.0733272128973	-0.070713675	FGr	10000	A20	C2	1000	100	0	0.5	300	0.5
331	-0.0729652416599999	-0.047391035	0	0.101	0.57	-0.0729652416599999	-0.047391035	NoCorrection	10000	A20	C2	1000	100	0	0.5	300	0.5
332	-0.04190896428	-0.091849509	0	0.242	0.224	-0.04190896428	-0.091849509	ID	10000	A20	C2	1000	100	0	0.5	300	0.5
333	-0.031329376455	-0.0192912795	0	0.412	0.832	-0.031329376455	-0.0192912795	1	10000	A20	C2	1000	100	0	0.5	300	1
334	-0.11399283239	-0.0442438699999998	0	0.034	0.718	-0.11399283239	-0.0442438699999998	FGr	10000	A20	C2	1000	100	0	0.5	300	1
335	-0.11202053064	-0.0388512949999999	0	0.036	0.782	-0.11202053064	-0.0388512949999999	NoCorrection	10000	A20	C2	1000	100	0	0.5	300	1
336	-0.036471848135	0.0213564605	0	0.314	0.788	-0.036471848135	0.0213564605	ID	10000	A20	C2	1000	100	0	0.5	300	1
337	-0.020089704101	-0.020089704101	0	0.317	0.32	-0.020089704101	-0.020089704101	1	300	A20	C2	1000	1000	0	0.5	300	0
338	-0.0203083028660001	-0.0203083028660001	0	0.309	0.319	-0.0203083028660001	-0.0203083028660001	FGr	300	A20	C2	1000	1000	0	0.5	300	0
339	-0.020543944256	-0.020543944256	0	0.31	0.297	-0.020543944256	-0.020543944256	NoCorrection	300	A20	C2	1000	1000	0	0.5	300	0
340	-0.0183696967284999	-0.0183696967285	0	0.347	0.346	-0.0183696967284999	-0.0183696967285	ID	300	A20	C2	1000	1000	0	0.5	300	0
341	0.00375836083599997	0.00375836083600003	0	0.855	0.849	0.00375836083599997	0.00375836083600003	1	300	A20	C2	1000	1000	0	0.5	300	0.1
342	0.00327300583328001	0.00327300583328001	0	0.894	0.854	0.00327300583328001	0.00327300583328001	FGr	300	A20	C2	1000	1000	0	0.5	300	0.1
343	0.00361416165449999	0.0036141616545	0	0.868	0.865	0.00361416165449999	0.0036141616545	NoCorrection	300	A20	C2	1000	1000	0	0.5	300	0.1
344	0.00527642170100017	0.00527642170100016	0	0.779	0.798	0.00527642170100017	0.00527642170100016	ID	300	A20	C2	1000	1000	0	0.5	300	0.1
345	0.0116775262305	0.0116775262305	0	0.584	0.572	0.0116775262305	0.0116775262305	1	300	A20	C2	1000	1000	0	0.5	300	0.5
346	0.0101928828095	0.0101928828095	0	0.662	0.662	0.0101928828095	0.0101928828095	FGr	300	A20	C2	1000	1000	0	0.5	300	0.5
347	0.0107921798028	0.0107921798028	0	0.629	0.629	0.0107921798028	0.0107921798028	NoCorrection	300	A20	C2	1000	1000	0	0.5	300	0.5
348	0.0165458207070001	0.016545820707	0	0.379	0.399	0.0165458207070001	0.016545820707	ID	300	A20	C2	1000	1000	0	0.5	300	0.5
349	-0.0523919030860002	-0.0523919030860002	0	0.04	0.053	-0.0523919030860002	-0.0523919030860002	1	300	A20	C2	1000	1000	0	0.5	300	1
350	-0.0538318973784999	-0.0538318973784997	0	0.123	0.13	-0.0538318973784999	-0.0538318973784997	FGr	300	A20	C2	1000	1000	0	0.5	300	1
351	-0.0536751201295004	-0.0536751201295004	0	0.123	0.113	-0.0536751201295004	-0.0536751201295004	NoCorrection	300	A20	C2	1000	1000	0	0.5	300	1
352	-0.041150020424	-0.041150020424	0	0.058	0.066	-0.041150020424	-0.041150020424	ID	300	A20	C2	1000	1000	0	0.5	300	1
353	0.00492718826899999	-0.00266723650000003	0	0.846	0.928	0.00492718826899999	-0.00266723650000003	1	1000	A20	C2	1000	1000	0	0.5	300	0
354	0.00539403137349997	0.0060140176	0	0.834	0.851	0.00539403137349997	0.0060140176	FGr	1000	A20	C2	1000	1000	0	0.5	300	0
355	0.00491399096199999	0.0107297027	0	0.803	0.748	0.00491399096199999	0.0107297027	NoCorrection	1000	A20	C2	1000	1000	0	0.5	300	0
356	0.00454882052000001	-0.00463095680000001	0	0.851	0.91	0.00454882052000001	-0.00463095680000001	ID	1000	A20	C2	1000	1000	0	0.5	300	0
357	0.0227107289200001	0.00388537984999997	0	0.287	0.928	0.0227107289200001	0.00388537984999997	1	1000	A20	C2	1000	1000	0	0.5	300	0.1
358	0.0227222163109999	0.01259645415	0	0.297	0.728	0.0227222163109999	0.01259645415	FGr	1000	A20	C2	1000	1000	0	0.5	300	0.1
359	0.022409303729	0.00809512815	0	0.323	0.817	0.022409303729	0.00809512815	NoCorrection	1000	A20	C2	1000	1000	0	0.5	300	0.1
360	0.022851619045	0.00402181815000001	0	0.31	0.901	0.022851619045	0.00402181815000001	ID	1000	A20	C2	1000	1000	0	0.5	300	0.1
361	0.024522353385	-0.0102608168000001	0	0.292	0.773	0.024522353385	-0.0102608168000001	1	1000	A20	C2	1000	1000	0	0.5	300	0.5
362	0.024287281365	0.0352289550000001	0	0.354	0.378	0.024287281365	0.0352289550000001	FGr	1000	A20	C2	1000	1000	0	0.5	300	0.5
363	0.024124700866	0.0335714283999998	0	0.325	0.43	0.024124700866	0.0335714283999998	NoCorrection	1000	A20	C2	1000	1000	0	0.5	300	0.5
364	0.0276591071188	0.0153491392999997	0	0.204	0.673	0.0276591071188	0.0153491392999997	ID	1000	A20	C2	1000	1000	0	0.5	300	0.5
365	0.020534710135	-0.0151902806499999	0	0.368	0.677	0.020534710135	-0.0151902806499999	1	1000	A20	C2	1000	1000	0	0.5	300	1
366	0.01974694461295	-0.02749536335	0	0.523	0.608	0.01974694461295	-0.02749536335	FGr	1000	A20	C2	1000	1000	0	0.5	300	1
367	0.0195884385625	-0.0241913618999999	0	0.517	0.633	0.0195884385625	-0.0241913618999999	NoCorrection	1000	A20	C2	1000	1000	0	0.5	300	1
368	0.0260730608975	-0.00378988529999985	0	0.253	0.901	0.0260730608975	-0.00378988529999985	ID	1000	A20	C2	1000	1000	0	0.5	300	1
369	0.0180903524476	0.04351107775	0	0.415	0.457	0.0180903524476	0.04351107775	1	10000	A20	C2	1000	1000	0	0.5	300	0
370	0.0192367169425	0.0680530802	0	0.391	0.261	0.0192367169425	0.0680530802	FGr	10000	A20	C2	1000	1000	0	0.5	300	0
371	0.0193157290002	0.0682386803000001	0	0.376	0.264	0.0193157290002	0.0682386803000001	NoCorrection	10000	A20	C2	1000	1000	0	0.5	300	0
372	0.0182415939575	0.0459476794999999	0	0.445	0.447	0.0182415939575	0.0459476794999999	ID	10000	A20	C2	1000	1000	0	0.5	300	0
373	-0.0623258505235	-0.0233845348500001	0	0.008	0.674	-0.0623258505235	-0.0233845348500001	1	10000	A20	C2	1000	1000	0	0.5	300	0.1
374	-0.0632674360674999	-0.0300414910500008	0	0.003	0.602	-0.0632674360674999	-0.0300414910500008	FGr	10000	A20	C2	1000	1000	0	0.5	300	0.1
375	-0.063187772479	-0.0264480568999999	0	0.004	0.611	-0.063187772479	-0.0264480568999999	NoCorrection	10000	A20	C2	1000	1000	0	0.5	300	0.1
376	-0.0625033346459999	-0.0276363852499998	0	0.008	0.608	-0.0625033346459999	-0.0276363852499998	ID	10000	A20	C2	1000	1000	0	0.5	300	0.1
377	0.0270593524240001	-0.0873291589999997	0	0.199	0.114	0.0270593524240001	-0.0873291589999997	1	10000	A20	C2	1000	1000	0	0.5	300	0.5
378	0.0168600362855	-0.0613931475000005	0	0.497	0.339	0.0168600362855	-0.0613931475000005	FGr	10000	A20	C2	1000	1000	0	0.5	300	0.5
379	0.016741968266	-0.0695526714999991	0	0.506	0.292	0.016741968266	-0.0695526714999991	NoCorrection	10000	A20	C2	1000	1000	0	0.5	300	0.5
380	0.0256506391725001	-0.0660592069999991	0	0.227	0.238	0.0256506391725001	-0.0660592069999991	ID	10000	A20	C2	1000	1000	0	0.5	300	0.5
381	0.02641437916345	-0.0016271315	0	0.28	0.97	0.02641437916345	-0.0016271315	1	10000	A20	C2	1000	1000	0	0.5	300	1
382	0.00348622057650028	0.0453336285000001	0	0.937	0.626	0.00348622057650028	0.0453336285000001	FGr	10000	A20	C2	1000	1000	0	0.5	300	1
383	0.00340817075049987	0.0289422395	0	0.92	0.735	0.00340817075049987	0.0289422395	NoCorrection	10000	A20	C2	1000	1000	0	0.5	300	1
384	0.0249268915785001	-0.0202782059999999	0	0.29	0.678	0.0249268915785001	-0.0202782059999999	ID	10000	A20	C2	1000	1000	0	0.5	300	1
385	0.00938516053233496	0.00938516053233496	0	0.673	0.638	0.00938516053233496	0.00938516053233496	1	300	A20	C2	1000	10000	0	0.5	300	0
386	0.00878552367370002	0.00878552367370001	0	0.687	0.676	0.00878552367370002	0.00878552367370001	FGr	300	A20	C2	1000	10000	0	0.5	300	0
387	0.00880583906540002	0.00880583906540002	0	0.667	0.682	0.00880583906540002	0.00880583906540002	NoCorrection	300	A20	C2	1000	10000	0	0.5	300	0
388	0.00808151249864991	0.00808151249864992	0	0.728	0.734	0.00808151249864991	0.00808151249864992	ID	300	A20	C2	1000	10000	0	0.5	300	0
389	-0.0130994217795197	-0.0130994217795198	0	0.5	0.514	-0.0130994217795197	-0.0130994217795198	1	300	A20	C2	1000	10000	0	0.5	300	0.1
390	-0.0108773850829499	-0.0108773850829499	0	0.57	0.566	-0.0108773850829499	-0.0108773850829499	FGr	300	A20	C2	1000	10000	0	0.5	300	0.1
391	-0.0109751691407401	-0.01097516914074	0	0.607	0.544	-0.0109751691407401	-0.01097516914074	NoCorrection	300	A20	C2	1000	10000	0	0.5	300	0.1
392	-0.00949043321070025	-0.00949043321070022	0	0.63	0.608	-0.00949043321070025	-0.00949043321070022	ID	300	A20	C2	1000	10000	0	0.5	300	0.1
393	0.00716690288925061	0.00716690288925056	0	0.703	0.714	0.00716690288925061	0.00716690288925056	1	300	A20	C2	1000	10000	0	0.5	300	0.5
394	0.0101192196612003	0.0101192196612003	0	0.634	0.619	0.0101192196612003	0.0101192196612003	FGr	300	A20	C2	1000	10000	0	0.5	300	0.5
395	0.0110940513744997	0.0110940513744997	0	0.592	0.601	0.0110940513744997	0.0110940513744997	NoCorrection	300	A20	C2	1000	10000	0	0.5	300	0.5
396	0.01431510063001	0.01431510063001	0	0.427	0.461	0.01431510063001	0.01431510063001	ID	300	A20	C2	1000	10000	0	0.5	300	0.5
397	-0.0155948650669499	-0.0155948650669499	0	0.547	0.566	-0.0155948650669499	-0.0155948650669499	1	300	A20	C2	1000	10000	0	0.5	300	1
398	-0.00700234486825007	-0.00700234486825012	0	0.857	0.848	-0.00700234486825007	-0.00700234486825012	FGr	300	A20	C2	1000	10000	0	0.5	300	1
399	-0.00605211627455484	-0.00605211627455481	0	0.896	0.865	-0.00605211627455484	-0.00605211627455481	NoCorrection	300	A20	C2	1000	10000	0	0.5	300	1
400	0.00200236892574998	0.00200236892574999	0	0.926	0.918	0.00200236892574998	0.00200236892574999	ID	300	A20	C2	1000	10000	0	0.5	300	1
401	-0.000199504739099889	0.00655651973000015	0	0.992	0.827	-0.000199504739099889	0.00655651973000015	1	1000	A20	C2	1000	10000	0	0.5	300	0
402	9.0508175000072e-05	0.00750639911500023	0	0.996	0.788	9.0508175000072e-05	0.00750639911500023	FGr	1000	A20	C2	1000	10000	0	0.5	300	0
403	2.5020754995787e-07	0.00879398718500086	0	1	0.774	2.5020754995787e-07	0.00879398718500086	NoCorrection	1000	A20	C2	1000	10000	0	0.5	300	0
404	-0.00014510149404985	0.01068679514	0	0.992	0.72	-0.00014510149404985	0.01068679514	ID	1000	A20	C2	1000	10000	0	0.5	300	0
405	0.02636905745355	-0.00838131849999952	0	0.162	0.803	0.02636905745355	-0.00838131849999952	1	1000	A20	C2	1000	10000	0	0.5	300	0.1
406	0.0265282155911301	-0.00726173638000005	0	0.162	0.818	0.0265282155911301	-0.00726173638000005	FGr	1000	A20	C2	1000	10000	0	0.5	300	0.1
407	0.0261369970395499	-0.00845712450499855	0	0.178	0.792	0.0261369970395499	-0.00845712450499855	NoCorrection	1000	A20	C2	1000	10000	0	0.5	300	0.1
408	0.0265797645316501	-0.00285730286499959	0	0.146	0.93	0.0265797645316501	-0.00285730286499959	ID	1000	A20	C2	1000	10000	0	0.5	300	0.1
409	0.0133652519594998	-0.00089599956000052	0	0.467	0.97	0.0133652519594998	-0.00089599956000052	1	1000	A20	C2	1000	10000	0	0.5	300	0.5
410	0.0127626125649995	0.0297845247949999	0	0.502	0.409	0.0127626125649995	0.0297845247949999	FGr	1000	A20	C2	1000	10000	0	0.5	300	0.5
411	0.0131529282327503	0.0197034745049999	0	0.562	0.562	0.0131529282327503	0.0197034745049999	NoCorrection	1000	A20	C2	1000	10000	0	0.5	300	0.5
412	0.0147121931239003	-0.0140018693049992	0	0.435	0.655	0.0147121931239003	-0.0140018693049992	ID	1000	A20	C2	1000	10000	0	0.5	300	0.5
413	-0.0469316516754007	-0.0250137278	0	0.015	0.421	-0.0469316516754007	-0.0250137278	1	1000	A20	C2	1000	10000	0	0.5	300	1
414	-0.0464347324840002	-0.019171841085	0	0.065	0.621	-0.0464347324840002	-0.019171841085	FGr	1000	A20	C2	1000	10000	0	0.5	300	1
415	-0.0467647773398008	-0.0122738445	0	0.086	0.766	-0.0467647773398008	-0.0122738445	NoCorrection	1000	A20	C2	1000	10000	0	0.5	300	1
416	-0.0446257477121006	-0.00825269273999912	0	0.02	0.764	-0.0446257477121006	-0.00825269273999912	ID	1000	A20	C2	1000	10000	0	0.5	300	1
417	0.0217257590327	-0.0584335943500001	0	0.209	0.186	0.0217257590327	-0.0584335943500001	1	10000	A20	C2	1000	10000	0	0.5	300	0
418	0.0219432420804501	-0.04208499299	0	0.176	0.337	0.0219432420804501	-0.04208499299	FGr	10000	A20	C2	1000	10000	0	0.5	300	0
419	0.02221645459	-0.04142708293	0	0.185	0.362	0.02221645459	-0.04142708293	NoCorrection	10000	A20	C2	1000	10000	0	0.5	300	0
420	0.02196932696885	-0.04444932884	0	0.206	0.34	0.02196932696885	-0.04444932884	ID	10000	A20	C2	1000	10000	0	0.5	300	0
421	0.0174795274432002	-0.01722605425	0	0.345	0.734	0.0174795274432002	-0.01722605425	1	10000	A20	C2	1000	10000	0	0.5	300	0.1
422	0.0145127341166499	-0.00257949269999993	0	0.476	0.947	0.0145127341166499	-0.00257949269999993	FGr	10000	A20	C2	1000	10000	0	0.5	300	0.1
423	0.0146086743752001	-0.0100603497499999	0	0.45	0.829	0.0146086743752001	-0.0100603497499999	NoCorrection	10000	A20	C2	1000	10000	0	0.5	300	0.1
424	0.0177736425240198	-0.0140179443	0	0.343	0.758	0.0177736425240198	-0.0140179443	ID	10000	A20	C2	1000	10000	0	0.5	300	0.1
425	-0.0105174542295196	-0.0745080022450002	0	0.559	0.115	-0.0105174542295196	-0.0745080022450002	1	10000	A20	C2	1000	10000	0	0.5	300	0.5
426	-0.0179018712345	-0.053360699	0	0.398	0.308	-0.0179018712345	-0.053360699	FGr	10000	A20	C2	1000	10000	0	0.5	300	0.5
427	-0.0187767407662056	-0.0431456928999994	0	0.375	0.384	-0.0187767407662056	-0.0431456928999994	NoCorrection	10000	A20	C2	1000	10000	0	0.5	300	0.5
428	-0.009845695204001	-0.0732106168150015	0	0.578	0.116	-0.009845695204001	-0.0732106168150015	ID	10000	A20	C2	1000	10000	0	0.5	300	0.5
429	0.0168462686852051	0.0401497353149999	0	0.332	0.367	0.0168462686852051	0.0401497353149999	1	10000	A20	C2	1000	10000	0	0.5	300	1
430	-0.00298839618289995	-0.0121380740499983	0	0.916	0.852	-0.00298839618289995	-0.0121380740499983	FGr	10000	A20	C2	1000	10000	0	0.5	300	1
431	-0.00273448662330027	-0.0138471430500006	0	0.92	0.847	-0.00273448662330027	-0.0138471430500006	NoCorrection	10000	A20	C2	1000	10000	0	0.5	300	1
432	0.0184911492208404	0.0358632669299999	0	0.316	0.429	0.0184911492208404	0.0358632669299999	ID	10000	A20	C2	1000	10000	0	0.5	300	1
433	-0.01908629737	-0.01908629737	0	0.046	0.057	-0.01908629737	-0.01908629737	1	300	A20	C2	10000	100	0	0.5	300	0
434	-0.019092317942	-0.019092317942	0	0.048	0.049	-0.019092317942	-0.019092317942	FGr	300	A20	C2	10000	100	0	0.5	300	0
435	-0.0191080409145	-0.0191080409145	0	0.052	0.058	-0.0191080409145	-0.0191080409145	NoCorrection	300	A20	C2	10000	100	0	0.5	300	0
436	-0.01883364161	-0.01883364161	0	0.07	0.052	-0.01883364161	-0.01883364161	ID	300	A20	C2	10000	100	0	0.5	300	0
437	-0.00548367679999999	-0.00548367679999999	0	0.572	0.584	-0.00548367679999999	-0.00548367679999999	1	300	A20	C2	10000	100	0	0.5	300	0.1
438	-0.00462303943	-0.00462303942999998	0	0.674	0.68	-0.00462303943	-0.00462303942999998	FGr	300	A20	C2	10000	100	0	0.5	300	0.1
439	-0.004615445225	-0.00461544522500001	0	0.675	0.682	-0.004615445225	-0.00461544522500001	NoCorrection	300	A20	C2	10000	100	0	0.5	300	0.1
440	-0.00582377716150001	-0.0058237771615	0	0.552	0.576	-0.00582377716150001	-0.0058237771615	ID	300	A20	C2	10000	100	0	0.5	300	0.1
441	-0.000554424023000005	-0.000554424023000003	0	0.963	0.961	-0.000554424023000005	-0.000554424023000003	1	300	A20	C2	10000	100	0	0.5	300	0.5
442	0.003922263405	0.00392226340500001	0	0.847	0.871	0.003922263405	0.00392226340500001	FGr	300	A20	C2	10000	100	0	0.5	300	0.5
443	0.004100181385	0.00410018138499999	0	0.849	0.88	0.004100181385	0.00410018138499999	NoCorrection	300	A20	C2	10000	100	0	0.5	300	0.5
444	-0.002555647405	-0.002555647405	0	0.807	0.809	-0.002555647405	-0.002555647405	ID	300	A20	C2	10000	100	0	0.5	300	0.5
445	0.00987218425650001	0.00987218425649999	0	0.405	0.413	0.00987218425650001	0.00987218425649999	1	300	A20	C2	10000	100	0	0.5	300	1
446	0.0177006946	0.0177006946	0	0.604	0.569	0.0177006946	0.0177006946	FGr	300	A20	C2	10000	100	0	0.5	300	1
447	0.01794844949	0.01794844949	0	0.604	0.614	0.01794844949	0.01794844949	NoCorrection	300	A20	C2	10000	100	0	0.5	300	1
448	0.00495666534499999	0.00495666534499999	0	0.635	0.643	0.00495666534499999	0.00495666534499999	ID	300	A20	C2	10000	100	0	0.5	300	1
449	0.000527754869500014	0.000822465000000003	0	0.96	0.967	0.000527754869500014	0.000822465000000003	1	1000	A20	C2	10000	100	0	0.5	300	0
450	0.000305754592500017	0.001781242	0	0.988	0.903	0.000305754592500017	0.001781242	FGr	1000	A20	C2	10000	100	0	0.5	300	0
451	0.000296637261999999	0.00273143950000001	0	0.984	0.873	0.000296637261999999	0.00273143950000001	NoCorrection	1000	A20	C2	10000	100	0	0.5	300	0
452	0.000540596574999997	0.0012429995	0	0.964	0.954	0.000540596574999997	0.0012429995	ID	1000	A20	C2	10000	100	0	0.5	300	0
453	0.014024248642	0.0378322105	0	0.21	0.027	0.014024248642	0.0378322105	1	1000	A20	C2	10000	100	0	0.5	300	0.1
454	0.017492447575	0.0314135375	0	0.14	0.081	0.017492447575	0.0314135375	FGr	1000	A20	C2	10000	100	0	0.5	300	0.1
455	0.017493875575	0.031622239	0	0.132	0.073	0.017493875575	0.031622239	NoCorrection	1000	A20	C2	10000	100	0	0.5	300	0.1
456	0.01442421005	0.0392836225	0	0.193	0.014	0.01442421005	0.0392836225	ID	1000	A20	C2	10000	100	0	0.5	300	0.1
457	-0.00347566887	0.012282593	0	0.75	0.475	-0.00347566887	0.012282593	1	1000	A20	C2	10000	100	0	0.5	300	0.5
458	0.012539374574	0.0256983995	0	0.563	0.435	0.012539374574	0.0256983995	FGr	1000	A20	C2	10000	100	0	0.5	300	0.5
459	0.012536473609	0.0280272554999999	0	0.585	0.363	0.012536473609	0.0280272554999999	NoCorrection	1000	A20	C2	10000	100	0	0.5	300	0.5
460	-0.001974183525	0.014967753	0	0.844	0.358	-0.001974183525	0.014967753	ID	1000	A20	C2	10000	100	0	0.5	300	0.5
461	-0.00555737113724999	-0.0154478425	0	0.645	0.371	-0.00555737113724999	-0.0154478425	1	1000	A20	C2	10000	100	0	0.5	300	1
462	0.0252367311915	0.0335834709999999	0	0.49	0.575	0.0252367311915	0.0335834709999999	FGr	1000	A20	C2	10000	100	0	0.5	300	1
463	0.025227500835	0.0359408075000001	0	0.517	0.568	0.025227500835	0.0359408075000001	NoCorrection	1000	A20	C2	10000	100	0	0.5	300	1
464	-0.002500137505	-0.00085956299999999	0	0.813	0.972	-0.002500137505	-0.00085956299999999	ID	1000	A20	C2	10000	100	0	0.5	300	1
465	-0.001990894993	0.020342052	0	0.871	0.468	-0.001990894993	0.020342052	1	10000	A20	C2	10000	100	0	0.5	300	0
466	-0.001977678617	0.021188781	0	0.884	0.447	-0.001977678617	0.021188781	FGr	10000	A20	C2	10000	100	0	0.5	300	0
467	-0.00197905717599999	0.022732529	0	0.861	0.381	-0.00197905717599999	0.022732529	NoCorrection	10000	A20	C2	10000	100	0	0.5	300	0
468	-0.00200562408	0.0235195335	0	0.887	0.381	-0.00200562408	0.0235195335	ID	10000	A20	C2	10000	100	0	0.5	300	0
469	0.0127583687983	0.0168052425	0	0.257	0.569	0.0127583687983	0.0168052425	1	10000	A20	C2	10000	100	0	0.5	300	0.1
470	0.013234283385	0.00715743149999998	0	0.235	0.802	0.013234283385	0.00715743149999998	FGr	10000	A20	C2	10000	100	0	0.5	300	0.1
471	0.01323404378	0.00714347750000001	0	0.279	0.816	0.01323404378	0.00714347750000001	NoCorrection	10000	A20	C2	10000	100	0	0.5	300	0.1
472	0.012878025371	0.017615095	0	0.275	0.546	0.012878025371	0.017615095	ID	10000	A20	C2	10000	100	0	0.5	300	0.1
473	0.0145612151803	0.00916817150000001	0	0.133	0.753	0.0145612151803	0.00916817150000001	1	10000	A20	C2	10000	100	0	0.5	300	0.5
474	0.016588638025	0.0397796815	0	0.405	0.516	0.016588638025	0.0397796815	FGr	10000	A20	C2	10000	100	0	0.5	300	0.5
475	0.016576618775	0.038793874	0	0.405	0.511	0.016576618775	0.038793874	NoCorrection	10000	A20	C2	10000	100	0	0.5	300	0.5
476	0.01508075916735	0.012175736	0	0.113	0.707	0.01508075916735	0.012175736	ID	10000	A20	C2	10000	100	0	0.5	300	0.5
477	0.006517503037	0.0328650085	0	0.587	0.253	0.006517503037	0.0328650085	1	10000	A20	C2	10000	100	0	0.5	300	1
478	0.0109237800900001	-0.0675022399999999	0	0.782	0.473	0.0109237800900001	-0.0675022399999999	FGr	10000	A20	C2	10000	100	0	0.5	300	1
479	0.01090774998	-0.0566912899999998	0	0.767	0.568	0.01090774998	-0.0566912899999998	NoCorrection	10000	A20	C2	10000	100	0	0.5	300	1
480	0.007537476947	0.0274762275	0	0.556	0.361	0.007537476947	0.0274762275	ID	10000	A20	C2	10000	100	0	0.5	300	1
481	0.0020780891938	0.00207808919380001	0	0.785	0.8	0.0020780891938	0.00207808919380001	1	300	A20	C2	10000	1000	0	0.5	300	0
482	0.00209991025049999	0.0020999102505	0	0.78	0.782	0.00209991025049999	0.0020999102505	FGr	300	A20	C2	10000	1000	0	0.5	300	0
483	0.00206326729049999	0.00206326729049998	0	0.781	0.774	0.00206326729049999	0.00206326729049998	NoCorrection	300	A20	C2	10000	1000	0	0.5	300	0
484	0.00197153105675002	0.00197153105675001	0	0.816	0.781	0.00197153105675002	0.00197153105675001	ID	300	A20	C2	10000	1000	0	0.5	300	0
485	-0.0085229303085	-0.00852293030850001	0	0.218	0.215	-0.0085229303085	-0.00852293030850001	1	300	A20	C2	10000	1000	0	0.5	300	0.1
486	-0.007848728428	-0.00784872842800001	0	0.34	0.313	-0.007848728428	-0.00784872842800001	FGr	300	A20	C2	10000	1000	0	0.5	300	0.1
487	-0.00782377142859999	-0.00782377142859999	0	0.343	0.299	-0.00782377142859999	-0.00782377142859999	NoCorrection	300	A20	C2	10000	1000	0	0.5	300	0.1
488	-0.0084910387705	-0.00849103877049998	0	0.212	0.208	-0.0084910387705	-0.00849103877049998	ID	300	A20	C2	10000	1000	0	0.5	300	0.1
489	0.00754378734120003	0.00754378734120002	0	0.259	0.248	0.00754378734120003	0.00754378734120002	1	300	A20	C2	10000	1000	0	0.5	300	0.5
490	0.010418936613	0.010418936613	0	0.477	0.507	0.010418936613	0.010418936613	FGr	300	A20	C2	10000	1000	0	0.5	300	0.5
491	0.0104834784785	0.0104834784785	0	0.489	0.462	0.0104834784785	0.0104834784785	NoCorrection	300	A20	C2	10000	1000	0	0.5	300	0.5
492	0.00762773378740001	0.00762773378740001	0	0.26	0.244	0.00762773378740001	0.00762773378740001	ID	300	A20	C2	10000	1000	0	0.5	300	0.5
493	-0.0126806497745	-0.0126806497745	0	0.152	0.136	-0.0126806497745	-0.0126806497745	1	300	A20	C2	10000	1000	0	0.5	300	1
494	-0.00680468959499999	-0.00680468959500001	0	0.81	0.822	-0.00680468959499999	-0.00680468959500001	FGr	300	A20	C2	10000	1000	0	0.5	300	1
495	-0.006622188062	-0.006622188062	0	0.836	0.847	-0.006622188062	-0.006622188062	NoCorrection	300	A20	C2	10000	1000	0	0.5	300	1
496	-0.0121148755941	-0.0121148755941	0	0.129	0.132	-0.0121148755941	-0.0121148755941	ID	300	A20	C2	10000	1000	0	0.5	300	1
497	0.00750417376849999	-0.01307328505	0	0.281	0.199	0.00750417376849999	-0.01307328505	1	1000	A20	C2	10000	1000	0	0.5	300	0
498	0.00722073282245001	-0.0118303422	0	0.283	0.226	0.00722073282245001	-0.0118303422	FGr	1000	A20	C2	10000	1000	0	0.5	300	0
499	0.007220554653225	-0.0118296071	0	0.29	0.243	0.007220554653225	-0.0118296071	NoCorrection	1000	A20	C2	10000	1000	0	0.5	300	0
500	0.00745107919864999	-0.01232967295	0	0.248	0.234	0.00745107919864999	-0.01232967295	ID	1000	A20	C2	10000	1000	0	0.5	300	0
501	0.00488772449000004	0.01056077885	0	0.508	0.314	0.00488772449000004	0.01056077885	1	1000	A20	C2	10000	1000	0	0.5	300	0.1
502	0.004129980374	0.02186920575	0	0.578	0.057	0.004129980374	0.02186920575	FGr	1000	A20	C2	10000	1000	0	0.5	300	0.1
503	0.00411846721940001	0.02209542565	0	0.594	0.084	0.00411846721940001	0.02209542565	NoCorrection	1000	A20	C2	10000	1000	0	0.5	300	0.1
504	0.00503269067400499	0.00934878275	0	0.49	0.396	0.00503269067400499	0.00934878275	ID	1000	A20	C2	10000	1000	0	0.5	300	0.1
505	0.000418895030500006	0.00173024004999999	0	0.957	0.871	0.000418895030500006	0.00173024004999999	1	1000	A20	C2	10000	1000	0	0.5	300	0.5
506	-0.00293067580199994	0.00108241395000006	0	0.853	0.961	-0.00293067580199994	0.00108241395000006	FGr	1000	A20	C2	10000	1000	0	0.5	300	0.5
507	-0.00293992883200003	0.000758804800000046	0	0.824	0.972	-0.00293992883200003	0.000758804800000046	NoCorrection	1000	A20	C2	10000	1000	0	0.5	300	0.5
508	0.00133912487300001	-0.00295265910000004	0	0.839	0.795	0.00133912487300001	-0.00295265910000004	ID	1000	A20	C2	10000	1000	0	0.5	300	0.5
509	-0.0042051349751	-0.01183653255	0	0.504	0.32	-0.0042051349751	-0.01183653255	1	1000	A20	C2	10000	1000	0	0.5	300	1
510	-0.010739440543	-0.00728167305000015	0	0.679	0.845	-0.010739440543	-0.00728167305000015	FGr	1000	A20	C2	10000	1000	0	0.5	300	1
511	-0.0107450938203001	-0.0032070609	0	0.669	0.934	-0.0107450938203001	-0.0032070609	NoCorrection	1000	A20	C2	10000	1000	0	0.5	300	1
512	-0.00252651339559997	-0.00638905925000003	0	0.683	0.619	-0.00252651339559997	-0.00638905925000003	ID	1000	A20	C2	10000	1000	0	0.5	300	1
513	-0.00298050635769999	0.00591651284999993	0	0.67	0.749	-0.00298050635769999	0.00591651284999993	1	10000	A20	C2	10000	1000	0	0.5	300	0
514	-0.00325665901749995	0.00259530790000002	0	0.65	0.884	-0.00325665901749995	0.00259530790000002	FGr	10000	A20	C2	10000	1000	0	0.5	300	0
515	-0.00320119739000011	0.00488542914999995	0	0.66	0.781	-0.00320119739000011	0.00488542914999995	NoCorrection	10000	A20	C2	10000	1000	0	0.5	300	0
516	-0.00297718022870002	0.00591436685000015	0	0.684	0.724	-0.00297718022870002	0.00591436685000015	ID	10000	A20	C2	10000	1000	0	0.5	300	0
517	-0.00625023559039998	0.00338811755	0	0.349	0.843	-0.00625023559039998	0.00338811755	1	10000	A20	C2	10000	1000	0	0.5	300	0.1
518	-0.00477983307624999	0.0131695576499999	0	0.47	0.448	-0.00477983307624999	0.0131695576499999	FGr	10000	A20	C2	10000	1000	0	0.5	300	0.1
519	-0.00480025734299999	0.01264942835	0	0.478	0.47	-0.00480025734299999	0.01264942835	NoCorrection	10000	A20	C2	10000	1000	0	0.5	300	0.1
520	-0.00627506302901	0.00339190745000002	0	0.374	0.831	-0.00627506302901	0.00339190745000002	ID	10000	A20	C2	10000	1000	0	0.5	300	0.1
521	0.0156859162482	-0.0172551050499999	0	0.037	0.309	0.0156859162482	-0.0172551050499999	1	10000	A20	C2	10000	1000	0	0.5	300	0.5
522	0.023821788226	0.0284411576000002	0	0.041	0.391	0.023821788226	0.0284411576000002	FGr	10000	A20	C2	10000	1000	0	0.5	300	0.5
523	0.023814395903	0.0253294133500001	0	0.067	0.465	0.023814395903	0.0253294133500001	NoCorrection	10000	A20	C2	10000	1000	0	0.5	300	0.5
524	0.015393930044	-0.0163360265	0	0.032	0.342	0.015393930044	-0.0163360265	ID	10000	A20	C2	10000	1000	0	0.5	300	0.5
525	-5.36116209999902e-05	-0.01787430355	0	0.995	0.298	-5.36116209999902e-05	-0.01787430355	1	10000	A20	C2	10000	1000	0	0.5	300	1
526	0.0168537241492	-0.0280597410000001	0	0.532	0.619	0.0168537241492	-0.0280597410000001	FGr	10000	A20	C2	10000	1000	0	0.5	300	1
527	0.016999744654	-0.0354067709999997	0	0.486	0.512	0.016999744654	-0.0354067709999997	NoCorrection	10000	A20	C2	10000	1000	0	0.5	300	1
528	-0.000668491707500007	-0.0157252030000001	0	0.935	0.381	-0.000668491707500007	-0.0157252030000001	ID	10000	A20	C2	10000	1000	0	0.5	300	1
529	0.000982283822649994	0.000982283822649972	0	0.86	0.855	0.000982283822649994	0.000982283822649972	1	300	A20	C2	10000	10000	0	0.5	300	0
530	0.000985988557200021	0.000985988557200027	0	0.869	0.863	0.000985988557200021	0.000985988557200027	FGr	300	A20	C2	10000	10000	0	0.5	300	0
531	0.000980887889900015	0.000980887889900011	0	0.846	0.858	0.000980887889900015	0.000980887889900011	NoCorrection	300	A20	C2	10000	10000	0	0.5	300	0
532	0.000968993349775113	0.000968993349775149	0	0.855	0.845	0.000968993349775113	0.000968993349775149	ID	300	A20	C2	10000	10000	0	0.5	300	0
533	-0.00529433806784992	-0.00529433806784992	0	0.356	0.373	-0.00529433806784992	-0.00529433806784992	1	300	A20	C2	10000	10000	0	0.5	300	0.1
534	-0.00446992271779996	-0.00446992271779996	0	0.491	0.455	-0.00446992271779996	-0.00446992271779996	FGr	300	A20	C2	10000	10000	0	0.5	300	0.1
535	-0.00450645026425006	-0.00450645026425009	0	0.49	0.469	-0.00450645026425006	-0.00450645026425009	NoCorrection	300	A20	C2	10000	10000	0	0.5	300	0.1
536	-0.00499037024568011	-0.00499037024568011	0	0.407	0.387	-0.00499037024568011	-0.00499037024568011	ID	300	A20	C2	10000	10000	0	0.5	300	0.1
537	0.00127482302079998	0.00127482302079997	0	0.821	0.831	0.00127482302079998	0.00127482302079997	1	300	A20	C2	10000	10000	0	0.5	300	0.5
538	0.00428163931679996	0.00428163931679997	0	0.695	0.685	0.00428163931679996	0.00428163931679997	FGr	300	A20	C2	10000	10000	0	0.5	300	0.5
539	0.00430130726689996	0.00430130726689994	0	0.718	0.708	0.00430130726689996	0.00430130726689994	NoCorrection	300	A20	C2	10000	10000	0	0.5	300	0.5
540	0.00240423002325002	0.00240423002325001	0	0.657	0.672	0.00240423002325002	0.00240423002325001	ID	300	A20	C2	10000	10000	0	0.5	300	0.5
541	-0.00759274438430999	-0.00759274438430999	0	0.206	0.211	-0.00759274438430999	-0.00759274438430999	1	300	A20	C2	10000	10000	0	0.5	300	1
542	-0.00169392759399999	-0.00169392759399999	0	0.931	0.923	-0.00169392759399999	-0.00169392759399999	FGr	300	A20	C2	10000	10000	0	0.5	300	1
543	-0.00172648339070001	-0.0017264833907	0	0.907	0.924	-0.00172648339070001	-0.0017264833907	NoCorrection	300	A20	C2	10000	10000	0	0.5	300	1
544	-0.00556157376018998	-0.00556157376018998	0	0.291	0.292	-0.00556157376018998	-0.00556157376018998	ID	300	A20	C2	10000	10000	0	0.5	300	1
545	-0.01060934923065	-0.0152230702199999	0	0.096	0.099	-0.01060934923065	-0.0152230702199999	1	1000	A20	C2	10000	10000	0	0.5	300	0
546	-0.01047215877635	-0.01441985056	0	0.09	0.132	-0.01047215877635	-0.01441985056	FGr	1000	A20	C2	10000	10000	0	0.5	300	0
547	-0.01042418609007	-0.0149834850749999	0	0.116	0.117	-0.01042418609007	-0.0149834850749999	NoCorrection	1000	A20	C2	10000	10000	0	0.5	300	0
548	-0.010528213208595	-0.0149210311599999	0	0.09	0.112	-0.010528213208595	-0.0149210311599999	ID	1000	A20	C2	10000	10000	0	0.5	300	0
549	-0.001610258008305	-0.0125796382949999	0	0.815	0.215	-0.001610258008305	-0.0125796382949999	1	1000	A20	C2	10000	10000	0	0.5	300	0.1
550	-0.00267708007574999	-0.010271218165	0	0.701	0.333	-0.00267708007574999	-0.010271218165	FGr	1000	A20	C2	10000	10000	0	0.5	300	0.1
551	-0.0025973154025	-0.0102597223850001	0	0.736	0.333	-0.0025973154025	-0.0102597223850001	NoCorrection	1000	A20	C2	10000	10000	0	0.5	300	0.1
552	-0.00181489565213997	-0.0140180233	0	0.777	0.164	-0.00181489565213997	-0.0140180233	ID	1000	A20	C2	10000	10000	0	0.5	300	0.1
553	0.00332650727431486	0.0106753694750001	0	0.576	0.259	0.00332650727431486	0.0106753694750001	1	1000	A20	C2	10000	10000	0	0.5	300	0.5
554	-0.00113895400915012	0.0253873343849997	0	0.921	0.155	-0.00113895400915012	0.0253873343849997	FGr	1000	A20	C2	10000	10000	0	0.5	300	0.5
555	-0.00116836412184988	0.0253519093150002	0	0.917	0.145	-0.00116836412184988	0.0253519093150002	NoCorrection	1000	A20	C2	10000	10000	0	0.5	300	0.5
556	0.00231638936810014	0.00985519675500021	0	0.716	0.283	0.00231638936810014	0.00985519675500021	ID	1000	A20	C2	10000	10000	0	0.5	300	0.5
557	-0.00447834407008791	-0.00944595872499982	0	0.51	0.327	-0.00447834407008791	-0.00944595872499982	1	1000	A20	C2	10000	10000	0	0.5	300	1
558	-0.01295036131415	0.0186354664599999	0	0.572	0.61	-0.01295036131415	0.0186354664599999	FGr	1000	A20	C2	10000	10000	0	0.5	300	1
559	-0.0133114433663999	0.0167420048200001	0	0.585	0.624	-0.0133114433663999	0.0167420048200001	NoCorrection	1000	A20	C2	10000	10000	0	0.5	300	1
560	-0.00664911435944997	-0.00969130444499985	0	0.285	0.275	-0.00664911435944997	-0.00969130444499985	ID	1000	A20	C2	10000	10000	0	0.5	300	1
561	0.00788483060849999	0.00589667967499985	0	0.182	0.703	0.00788483060849999	0.00589667967499985	1	10000	A20	C2	10000	10000	0	0.5	300	0
562	0.00768587981450008	0.00331197471999972	0	0.19	0.833	0.00768587981450008	0.00331197471999972	FGr	10000	A20	C2	10000	10000	0	0.5	300	0
563	0.00774080349104996	0.0021708613	0	0.172	0.908	0.00774080349104996	0.0021708613	NoCorrection	10000	A20	C2	10000	10000	0	0.5	300	0
564	0.00781693684645006	0.00459042894999984	0	0.195	0.744	0.00781693684645006	0.00459042894999984	ID	10000	A20	C2	10000	10000	0	0.5	300	0
565	0.000581996437584797	0.0169668871199999	0	0.93	0.251	0.000581996437584797	0.0169668871199999	1	10000	A20	C2	10000	10000	0	0.5	300	0.1
566	-0.000652518229215983	0.0367488756249997	0	0.929	0.016	-0.000652518229215983	0.0367488756249997	FGr	10000	A20	C2	10000	10000	0	0.5	300	0.1
567	-0.000659339930820043	0.0364606524149999	0	0.928	0.014	-0.000659339930820043	0.0364606524149999	NoCorrection	10000	A20	C2	10000	10000	0	0.5	300	0.1
568	0.000563518615349967	0.0239412312549998	0	0.923	0.088	0.000563518615349967	0.0239412312549998	ID	10000	A20	C2	10000	10000	0	0.5	300	0.1
569	0.00423081238754	0.00301828994000017	0	0.485	0.847	0.00423081238754	0.00301828994000017	1	10000	A20	C2	10000	10000	0	0.5	300	0.5
570	-0.00793932620075012	0.00658201465999997	0	0.524	0.825	-0.00793932620075012	0.00658201465999997	FGr	10000	A20	C2	10000	10000	0	0.5	300	0.5
571	-0.00788266227140004	0.006641765485	0	0.502	0.808	-0.00788266227140004	0.006641765485	NoCorrection	10000	A20	C2	10000	10000	0	0.5	300	0.5
572	0.00410964508375398	0.00438491294499984	0	0.538	0.752	0.00410964508375398	0.00438491294499984	ID	10000	A20	C2	10000	10000	0	0.5	300	0.5
573	-0.00519835857947497	0.0318433759749994	0	0.325	0.027	-0.00519835857947497	0.0318433759749994	1	10000	A20	C2	10000	10000	0	0.5	300	1
574	-0.02783625514349	-0.0048425941500003	0	0.177	0.919	-0.02783625514349	-0.0048425941500003	FGr	10000	A20	C2	10000	10000	0	0.5	300	1
575	-0.0276631480118499	0.00410804379999955	0	0.168	0.933	-0.0276631480118499	0.00410804379999955	NoCorrection	10000	A20	C2	10000	10000	0	0.5	300	1
576	-0.00551633694105993	0.0317160675699992	0	0.303	0.035	-0.00551633694105993	0.0317160675699992	ID	10000	A20	C2	10000	10000	0	0.5	300	1
