	c-q	nc-q	true-q	c-p	nc-p	c-bias	nc-bias	type	L	rep	config	gwas_size	test_size	h2	ts	num_causal	env
1	-0.021629582491	-0.021629582491	0	0.647	0.627	-0.021629582491	-0.021629582491	1	300	A29	C1	1000	100	0	0.5	300	0
2	-0.01223468859	-0.01223468859	0	0.788	0.794	-0.01223468859	-0.01223468859	FGr	300	A29	C1	1000	100	0	0.5	300	0
3	-0.00873971823000001	-0.00873971823000002	0	0.853	0.822	-0.00873971823000001	-0.00873971823000002	NoCorrection	300	A29	C1	1000	100	0	0.5	300	0
4	-0.00981495368	-0.00981495367999998	0	0.829	0.823	-0.00981495368	-0.00981495367999998	ID	300	A29	C1	1000	100	0	0.5	300	0
5	-0.000458103349999992	-0.000458103350000023	0	0.984	0.989	-0.000458103349999992	-0.000458103350000023	1	300	A29	C1	1000	100	0	0.5	300	0.1
6	0.0253736400815	0.0253736400815	0	0.484	0.477	0.0253736400815	0.0253736400815	FGr	300	A29	C1	1000	100	0	0.5	300	0.1
7	0.011445992245	0.011445992245	0	0.776	0.763	0.011445992245	0.011445992245	NoCorrection	300	A29	C1	1000	100	0	0.5	300	0.1
8	-0.00292437532500002	-0.00292437532500001	0	0.944	0.94	-0.00292437532500002	-0.00292437532500001	ID	300	A29	C1	1000	100	0	0.5	300	0.1
9	0.012905705065	0.012905705065	0	0.776	0.752	0.012905705065	0.012905705065	1	300	A29	C1	1000	100	0	0.5	300	0.5
10	0.1450995796765	0.1450995796765	0	0.003	0.001	0.1450995796765	0.1450995796765	FGr	300	A29	C1	1000	100	0	0.5	300	0.5
11	0.20128635132	0.20128635132	0	0	0	0.20128635132	0.20128635132	NoCorrection	300	A29	C1	1000	100	0	0.5	300	0.5
12	0.013185137275	0.013185137275	0	0.761	0.773	0.013185137275	0.013185137275	ID	300	A29	C1	1000	100	0	0.5	300	0.5
13	0.03547675322	0.03547675322	0	0.423	0.4	0.03547675322	0.03547675322	1	300	A29	C1	1000	100	0	0.5	300	1
14	0.28063999685	0.28063999685	0	0.001	0	0.28063999685	0.28063999685	FGr	300	A29	C1	1000	100	0	0.5	300	1
15	0.38140762628	0.38140762628	0	0	0	0.38140762628	0.38140762628	NoCorrection	300	A29	C1	1000	100	0	0.5	300	1
16	0.01117335272	0.01117335272	0	0.787	0.759	0.01117335272	0.01117335272	ID	300	A29	C1	1000	100	0	0.5	300	1
17	0.0126873267	-0.00960325649999994	0	0.719	0.909	0.0126873267	-0.00960325649999994	1	1000	A29	C1	1000	100	0	0.5	300	0
18	-0.01446882252	-0.1225383525	0	0.681	0.095	-0.01446882252	-0.1225383525	FGr	1000	A29	C1	1000	100	0	0.5	300	0
19	0.000358049674999991	-0.0822636620000001	0	0.995	0.265	0.000358049674999991	-0.0822636620000001	NoCorrection	1000	A29	C1	1000	100	0	0.5	300	0
20	0.013631360995	-0.00882155400000005	0	0.714	0.872	0.013631360995	-0.00882155400000005	ID	1000	A29	C1	1000	100	0	0.5	300	0
21	-0.0377192366449999	-0.096057421	0	0.337	0.161	-0.0377192366449999	-0.096057421	1	1000	A29	C1	1000	100	0	0.5	300	0.1
22	-0.0319127844399999	-0.0478212330000001	0	0.393	0.44	-0.0319127844399999	-0.0478212330000001	FGr	1000	A29	C1	1000	100	0	0.5	300	0.1
23	0.00869845821499997	0.0872418074999999	0	0.818	0.193	0.00869845821499997	0.0872418074999999	NoCorrection	1000	A29	C1	1000	100	0	0.5	300	0.1
24	-0.0478135130149999	-0.126226994	0	0.215	0.05	-0.0478135130149999	-0.126226994	ID	1000	A29	C1	1000	100	0	0.5	300	0.1
25	-0.073802109505	-0.0840956875000001	0	0.064	0.202	-0.073802109505	-0.0840956875000001	1	1000	A29	C1	1000	100	0	0.5	300	0.5
26	0.01959151281	0.225464244	0	0.638	0.004	0.01959151281	0.225464244	FGr	1000	A29	C1	1000	100	0	0.5	300	0.5
27	0.0997748372199999	0.452994329	0	0.038	0	0.0997748372199999	0.452994329	NoCorrection	1000	A29	C1	1000	100	0	0.5	300	0.5
28	-0.068668183971	-0.0589603774999999	0	0.058	0.404	-0.068668183971	-0.0589603774999999	ID	1000	A29	C1	1000	100	0	0.5	300	0.5
29	-0.00141522561600002	-0.1429582855	0	0.968	0.076	-0.00141522561600002	-0.1429582855	1	1000	A29	C1	1000	100	0	0.5	300	1
30	0.18467489288	0.436290729	0	0	0	0.18467489288	0.436290729	FGr	1000	A29	C1	1000	100	0	0.5	300	1
31	0.3659242436	0.981628365	0	0	0	0.3659242436	0.981628365	NoCorrection	1000	A29	C1	1000	100	0	0.5	300	1
32	0.00332497157	-0.081017371	0	0.923	0.274	0.00332497157	-0.081017371	ID	1000	A29	C1	1000	100	0	0.5	300	1
33	-0.061739862005	-0.0270709199999999	0	0.113	0.785	-0.061739862005	-0.0270709199999999	1	10000	A29	C1	1000	100	0	0.5	300	0
34	-0.0687035366749999	-0.0808814099999998	0	0.093	0.401	-0.0687035366749999	-0.0808814099999998	FGr	10000	A29	C1	1000	100	0	0.5	300	0
35	-0.0963931444660001	-0.328064067	0	0.014	0.004	-0.0963931444660001	-0.328064067	NoCorrection	10000	A29	C1	1000	100	0	0.5	300	0
36	-0.0619592559700001	-0.0228014450000001	0	0.13	0.804	-0.0619592559700001	-0.0228014450000001	ID	10000	A29	C1	1000	100	0	0.5	300	0
37	-0.06700762553	-0.0935227269999998	0	0.067	0.326	-0.06700762553	-0.0935227269999998	1	10000	A29	C1	1000	100	0	0.5	300	0.1
38	-0.069901495345	-0.127045004	0	0.068	0.202	-0.069901495345	-0.127045004	FGr	10000	A29	C1	1000	100	0	0.5	300	0.1
39	-0.042637469558	0.0809088275000001	0	0.214	0.365	-0.042637469558	0.0809088275000001	NoCorrection	10000	A29	C1	1000	100	0	0.5	300	0.1
40	-0.070056337025	-0.1176137585	0	0.05	0.22	-0.070056337025	-0.1176137585	ID	10000	A29	C1	1000	100	0	0.5	300	0.1
41	0.02172590964	0.1021703855	0	0.56	0.284	0.02172590964	0.1021703855	1	10000	A29	C1	1000	100	0	0.5	300	0.5
42	0.0451721017155	0.208247296	0	0.228	0.027	0.0451721017155	0.208247296	FGr	10000	A29	C1	1000	100	0	0.5	300	0.5
43	0.16769248613	1.218671885	0	0	0	0.16769248613	1.218671885	NoCorrection	10000	A29	C1	1000	100	0	0.5	300	0.5
44	0.02520069741	0.0887861215000002	0	0.508	0.372	0.02520069741	0.0887861215000002	ID	10000	A29	C1	1000	100	0	0.5	300	0.5
45	0.05663395148	-0.0439076175000001	0	0.117	0.656	0.05663395148	-0.0439076175000001	1	10000	A29	C1	1000	100	0	0.5	300	1
46	0.0909135713795	0.161994745	0	0.008	0.132	0.0909135713795	0.161994745	FGr	10000	A29	C1	1000	100	0	0.5	300	1
47	0.29903693216	1.543031695	0	0	0	0.29903693216	1.543031695	NoCorrection	10000	A29	C1	1000	100	0	0.5	300	1
48	0.0600986229465	-0.0257891805	0	0.097	0.786	0.0600986229465	-0.0257891805	ID	10000	A29	C1	1000	100	0	0.5	300	1
49	0.00533237090499996	0.00533237090500002	0	0.835	0.828	0.00533237090499996	0.00533237090500002	1	300	A29	C1	1000	1000	0	0.5	300	0
50	0.0142260774537	0.0142260774537	0	0.606	0.605	0.0142260774537	0.0142260774537	FGr	300	A29	C1	1000	1000	0	0.5	300	0
51	0.0152146953644999	0.0152146953645	0	0.594	0.599	0.0152146953644999	0.0152146953645	NoCorrection	300	A29	C1	1000	1000	0	0.5	300	0
52	0.0301403751975	0.0301403751975	0	0.283	0.254	0.0301403751975	0.0301403751975	ID	300	A29	C1	1000	1000	0	0.5	300	0
53	-0.00680005564349999	-0.00680005564350002	0	0.771	0.778	-0.00680005564349999	-0.00680005564350002	1	300	A29	C1	1000	1000	0	0.5	300	0.1
54	0.0118428423320999	0.0118428423320999	0	0.647	0.657	0.0118428423320999	0.0118428423320999	FGr	300	A29	C1	1000	1000	0	0.5	300	0.1
55	0.0148480444329999	0.014848044433	0	0.575	0.571	0.0148480444329999	0.014848044433	NoCorrection	300	A29	C1	1000	1000	0	0.5	300	0.1
56	-0.0108270926155	-0.0108270926155	0	0.672	0.682	-0.0108270926155	-0.0108270926155	ID	300	A29	C1	1000	1000	0	0.5	300	0.1
57	0.00947354819449971	0.00947354819449978	0	0.694	0.738	0.00947354819449971	0.00947354819449978	1	300	A29	C1	1000	1000	0	0.5	300	0.5
58	0.1400129874725	0.1400129874725	0	0	0	0.1400129874725	0.1400129874725	FGr	300	A29	C1	1000	1000	0	0.5	300	0.5
59	0.167771238386	0.167771238386	0	0	0	0.167771238386	0.167771238386	NoCorrection	300	A29	C1	1000	1000	0	0.5	300	0.5
60	0.0186529442240001	0.0186529442240001	0	0.468	0.479	0.0186529442240001	0.0186529442240001	ID	300	A29	C1	1000	1000	0	0.5	300	0.5
61	0.01948565851	0.01948565851	0	0.534	0.531	0.01948565851	0.01948565851	1	300	A29	C1	1000	1000	0	0.5	300	1
62	0.20716883912865	0.20716883912865	0	0	0	0.20716883912865	0.20716883912865	FGr	300	A29	C1	1000	1000	0	0.5	300	1
63	0.299027942135	0.299027942135	0	0	0	0.299027942135	0.299027942135	NoCorrection	300	A29	C1	1000	1000	0	0.5	300	1
64	0.00581654285914998	0.00581654285914998	0	0.83	0.845	0.00581654285914998	0.00581654285914998	ID	300	A29	C1	1000	1000	0	0.5	300	1
65	-0.0221189728280001	-0.0192352528000001	0	0.399	0.675	-0.0221189728280001	-0.0192352528000001	1	1000	A29	C1	1000	1000	0	0.5	300	0
66	-0.0302673572883	-0.0475725033499998	0	0.278	0.261	-0.0302673572883	-0.0475725033499998	FGr	1000	A29	C1	1000	1000	0	0.5	300	0
67	-0.0320577570310003	-0.0533766849000001	0	0.262	0.217	-0.0320577570310003	-0.0533766849000001	NoCorrection	1000	A29	C1	1000	1000	0	0.5	300	0
68	-0.0165946651104999	0.000488609399999832	0	0.524	0.992	-0.0165946651104999	0.000488609399999832	ID	1000	A29	C1	1000	1000	0	0.5	300	0
69	-0.0284741633185001	-0.0450542863000002	0	0.322	0.338	-0.0284741633185001	-0.0450542863000002	1	1000	A29	C1	1000	1000	0	0.5	300	0.1
70	-0.026216296835	-0.0429485739499998	0	0.349	0.366	-0.026216296835	-0.0429485739499998	FGr	1000	A29	C1	1000	1000	0	0.5	300	0.1
71	-0.0245708365389998	-0.0374770367500001	0	0.377	0.409	-0.0245708365389998	-0.0374770367500001	NoCorrection	1000	A29	C1	1000	1000	0	0.5	300	0.1
72	-0.0176006866070002	-0.0201689720499996	0	0.542	0.682	-0.0176006866070002	-0.0201689720499996	ID	1000	A29	C1	1000	1000	0	0.5	300	0.1
73	0.0209422360235	-0.00530169184999976	0	0.442	0.923	0.0209422360235	-0.00530169184999976	1	1000	A29	C1	1000	1000	0	0.5	300	0.5
74	0.088564320133	0.15721304505	0	0.001	0	0.088564320133	0.15721304505	FGr	1000	A29	C1	1000	1000	0	0.5	300	0.5
75	0.238241121381	0.4220696728	0	0	0	0.238241121381	0.4220696728	NoCorrection	1000	A29	C1	1000	1000	0	0.5	300	0.5
76	0.01371647234	-0.0240027157499998	0	0.611	0.572	0.01371647234	-0.0240027157499998	ID	1000	A29	C1	1000	1000	0	0.5	300	0.5
77	0.0286166716605	0.000764357850000046	0	0.282	0.988	0.0286166716605	0.000764357850000046	1	1000	A29	C1	1000	1000	0	0.5	300	1
78	0.1545900025515	0.31716134815	0	0	0	0.1545900025515	0.31716134815	FGr	1000	A29	C1	1000	1000	0	0.5	300	1
79	0.373151658119	0.7690275303	0	0	0	0.373151658119	0.7690275303	NoCorrection	1000	A29	C1	1000	1000	0	0.5	300	1
80	0.0145905549040001	-0.01712489475	0	0.581	0.688	0.0145905549040001	-0.01712489475	ID	1000	A29	C1	1000	1000	0	0.5	300	1
81	-0.022590547162	-0.0298283285500001	0	0.465	0.665	-0.022590547162	-0.0298283285500001	1	10000	A29	C1	1000	1000	0	0.5	300	0
82	-0.0281382475015	-0.0506671254999998	0	0.348	0.467	-0.0281382475015	-0.0506671254999998	FGr	10000	A29	C1	1000	1000	0	0.5	300	0
83	-0.0725570778065	-0.31609568195	0	0.021	0	-0.0725570778065	-0.31609568195	NoCorrection	10000	A29	C1	1000	1000	0	0.5	300	0
84	-0.02270816139575	-0.0443605699999998	0	0.483	0.515	-0.02270816139575	-0.0443605699999998	ID	10000	A29	C1	1000	1000	0	0.5	300	0
85	0.016465641154	-0.0863760259999995	0	0.639	0.228	0.016465641154	-0.0863760259999995	1	10000	A29	C1	1000	1000	0	0.5	300	0.1
86	0.0180974441285001	-0.0730959565000002	0	0.562	0.314	0.0180974441285001	-0.0730959565000002	FGr	10000	A29	C1	1000	1000	0	0.5	300	0.1
87	0.0531102550359496	0.143114978000001	0	0.11	0.046	0.0531102550359496	0.143114978000001	NoCorrection	10000	A29	C1	1000	1000	0	0.5	300	0.1
88	0.0183500635434102	-0.0856558469999998	0	0.592	0.23	0.0183500635434102	-0.0856558469999998	ID	10000	A29	C1	1000	1000	0	0.5	300	0.1
89	0.012419412541	0.0387595346999999	0	0.651	0.58	0.012419412541	0.0387595346999999	1	10000	A29	C1	1000	1000	0	0.5	300	0.5
90	0.00915068238499999	0.0443766075	0	0.758	0.545	0.00915068238499999	0.0443766075	FGr	10000	A29	C1	1000	1000	0	0.5	300	0.5
91	0.2350623237574	1.113610878	0	0	0	0.2350623237574	1.113610878	NoCorrection	10000	A29	C1	1000	1000	0	0.5	300	0.5
92	0.0141752240164999	0.0288504032000001	0	0.651	0.674	0.0141752240164999	0.0288504032000001	ID	10000	A29	C1	1000	1000	0	0.5	300	0.5
93	-0.0261953243284999	0.010529917	0	0.418	0.882	-0.0261953243284999	0.010529917	1	10000	A29	C1	1000	1000	0	0.5	300	1
94	-0.017355512222	0.0320447621000001	0	0.576	0.655	-0.017355512222	0.0320447621000001	FGr	10000	A29	C1	1000	1000	0	0.5	300	1
95	0.3552348666255	1.8547349935	0	0	0	0.3552348666255	1.8547349935	NoCorrection	10000	A29	C1	1000	1000	0	0.5	300	1
96	-0.02633781019895	-0.0267318073	0	0.395	0.712	-0.02633781019895	-0.0267318073	ID	10000	A29	C1	1000	1000	0	0.5	300	1
97	-0.0144102233952499	-0.0144102233952499	0	0.569	0.608	-0.0144102233952499	-0.0144102233952499	1	300	A29	C1	1000	10000	0	0.5	300	0
98	0.00836237267995003	0.00836237267995004	0	0.761	0.759	0.00836237267995003	0.00836237267995004	FGr	300	A29	C1	1000	10000	0	0.5	300	0
99	0.0189046955190001	0.018904695519	0	0.482	0.509	0.0189046955190001	0.018904695519	NoCorrection	300	A29	C1	1000	10000	0	0.5	300	0
100	0.00169034518915001	0.00169034518915002	0	0.948	0.94	0.00169034518915001	0.00169034518915002	ID	300	A29	C1	1000	10000	0	0.5	300	0
101	0.00447406517191031	0.00447406517191017	0	0.878	0.88	0.00447406517191031	0.00447406517191017	1	300	A29	C1	1000	10000	0	0.5	300	0.1
102	0.0174249028264509	0.0174249028264506	0	0.483	0.495	0.0174249028264509	0.0174249028264506	FGr	300	A29	C1	1000	10000	0	0.5	300	0.1
103	0.00736010864452608	0.00736010864452613	0	0.768	0.783	0.00736010864452608	0.00736010864452613	NoCorrection	300	A29	C1	1000	10000	0	0.5	300	0.1
104	-0.00530198257904872	-0.00530198257904875	0	0.834	0.824	-0.00530198257904872	-0.00530198257904875	ID	300	A29	C1	1000	10000	0	0.5	300	0.1
105	-0.01758040827495	-0.01758040827495	0	0.533	0.507	-0.01758040827495	-0.01758040827495	1	300	A29	C1	1000	10000	0	0.5	300	0.5
106	0.0856153759707296	0.0856153759707296	0	0.002	0.002	0.0856153759707296	0.0856153759707296	FGr	300	A29	C1	1000	10000	0	0.5	300	0.5
107	0.1669648443837	0.1669648443837	0	0	0	0.1669648443837	0.1669648443837	NoCorrection	300	A29	C1	1000	10000	0	0.5	300	0.5
108	-0.0340765064410201	-0.0340765064410202	0	0.244	0.204	-0.0340765064410201	-0.0340765064410202	ID	300	A29	C1	1000	10000	0	0.5	300	0.5
109	0.0243416574938999	0.0243416574938999	0	0.4	0.407	0.0243416574938999	0.0243416574938999	1	300	A29	C1	1000	10000	0	0.5	300	1
110	0.258313426888101	0.258313426888101	0	0	0	0.258313426888101	0.258313426888101	FGr	300	A29	C1	1000	10000	0	0.5	300	1
111	0.426649156246	0.426649156246	0	0	0	0.426649156246	0.426649156246	NoCorrection	300	A29	C1	1000	10000	0	0.5	300	1
112	0.0330901937327499	0.0330901937327499	0	0.263	0.225	0.0330901937327499	0.0330901937327499	ID	300	A29	C1	1000	10000	0	0.5	300	1
113	0.0216404099645143	-0.0395616409100001	0	0.457	0.386	0.0216404099645143	-0.0395616409100001	1	1000	A29	C1	1000	10000	0	0.5	300	0
114	0.0265136718528986	-0.02667225526	0	0.365	0.547	0.0265136718528986	-0.02667225526	FGr	1000	A29	C1	1000	10000	0	0.5	300	0
115	0.0114737706082997	-0.0618589406149999	0	0.705	0.174	0.0114737706082997	-0.0618589406149999	NoCorrection	1000	A29	C1	1000	10000	0	0.5	300	0
116	0.0295344673292998	-0.0203442421	0	0.295	0.637	0.0295344673292998	-0.0203442421	ID	1000	A29	C1	1000	10000	0	0.5	300	0
117	-0.00369267591550003	-0.000904994644999963	0	0.877	0.986	-0.00369267591550003	-0.000904994644999963	1	1000	A29	C1	1000	10000	0	0.5	300	0.1
118	-0.00160758626364007	0.00243240201999999	0	0.94	0.945	-0.00160758626364007	0.00243240201999999	FGr	1000	A29	C1	1000	10000	0	0.5	300	0.1
119	0.0212216482524502	0.055783118905	0	0.407	0.183	0.0212216482524502	0.055783118905	NoCorrection	1000	A29	C1	1000	10000	0	0.5	300	0.1
120	0.000122072947300071	0.00273972031499997	0	0.996	0.955	0.000122072947300071	0.00273972031499997	ID	1000	A29	C1	1000	10000	0	0.5	300	0.1
121	0.00154822604325055	0.01016834144	0	0.964	0.804	0.00154822604325055	0.01016834144	1	1000	A29	C1	1000	10000	0	0.5	300	0.5
122	0.0458045978751201	0.12480261889	0	0.07	0.002	0.0458045978751201	0.12480261889	FGr	1000	A29	C1	1000	10000	0	0.5	300	0.5
123	0.14967417541335	0.418324467015	0	0	0	0.14967417541335	0.418324467015	NoCorrection	1000	A29	C1	1000	10000	0	0.5	300	0.5
124	-0.00733877781454983	-0.00523988829499999	0	0.771	0.897	-0.00733877781454983	-0.00523988829499999	ID	1000	A29	C1	1000	10000	0	0.5	300	0.5
125	-0.015099861717	-0.00643531072500048	0	0.531	0.864	-0.015099861717	-0.00643531072500048	1	1000	A29	C1	1000	10000	0	0.5	300	1
126	0.0842270538648998	0.26514435177	0	0.003	0	0.0842270538648998	0.26514435177	FGr	1000	A29	C1	1000	10000	0	0.5	300	1
127	0.281721445404695	0.842019450815001	0	0	0	0.281721445404695	0.842019450815001	NoCorrection	1000	A29	C1	1000	10000	0	0.5	300	1
128	-0.00814712080112999	0.0208114342950001	0	0.756	0.641	-0.00814712080112999	0.0208114342950001	ID	1000	A29	C1	1000	10000	0	0.5	300	1
129	0.0114609079437001	0.0963135625	0	0.608	0.136	0.0114609079437001	0.0963135625	1	10000	A29	C1	1000	10000	0	0.5	300	0
130	0.00844033329899993	0.0685210943000001	0	0.669	0.322	0.00844033329899993	0.0685210943000001	FGr	10000	A29	C1	1000	10000	0	0.5	300	0
131	0.0127186576057502	0.0999169925949999	0	0.551	0.116	0.0127186576057502	0.0999169925949999	NoCorrection	10000	A29	C1	1000	10000	0	0.5	300	0
132	0.0103231729430499	0.0831877628499997	0	0.646	0.211	0.0103231729430499	0.0831877628499997	ID	10000	A29	C1	1000	10000	0	0.5	300	0
133	-0.02213375634445	0.083926350935002	0	0.442	0.211	-0.02213375634445	0.083926350935002	1	10000	A29	C1	1000	10000	0	0.5	300	0.1
134	-0.0223896326064699	0.0692528238249981	0	0.433	0.299	-0.0223896326064699	0.0692528238249981	FGr	10000	A29	C1	1000	10000	0	0.5	300	0.1
135	0.00713743684120012	0.298794893065	0	0.769	0	0.00713743684120012	0.298794893065	NoCorrection	10000	A29	C1	1000	10000	0	0.5	300	0.1
136	-0.0223631661336	0.0738940873649995	0	0.441	0.3	-0.0223631661336	0.0738940873649995	ID	10000	A29	C1	1000	10000	0	0.5	300	0.1
137	-0.0422826992036799	-0.116865398995	0	0.092	0.074	-0.0422826992036799	-0.116865398995	1	10000	A29	C1	1000	10000	0	0.5	300	0.5
138	-0.0327063714903501	-0.02968002315	0	0.199	0.636	-0.0327063714903501	-0.02968002315	FGr	10000	A29	C1	1000	10000	0	0.5	300	0.5
139	0.0911921510379999	0.8177873915	0	0.001	0	0.0911921510379999	0.8177873915	NoCorrection	10000	A29	C1	1000	10000	0	0.5	300	0.5
140	-0.0401481822609002	-0.09499267027	0	0.11	0.142	-0.0401481822609002	-0.09499267027	ID	10000	A29	C1	1000	10000	0	0.5	300	0.5
141	-0.0240143649714001	0.0243542471600003	0	0.352	0.716	-0.0240143649714001	0.0243542471600003	1	10000	A29	C1	1000	10000	0	0.5	300	1
142	-0.0161104304093	0.0797526652300001	0	0.528	0.239	-0.0161104304093	0.0797526652300001	FGr	10000	A29	C1	1000	10000	0	0.5	300	1
143	0.309211624601799	1.89787253825	0	0	0	0.309211624601799	1.89787253825	NoCorrection	10000	A29	C1	1000	10000	0	0.5	300	1
144	-0.02373757762603	0.0355081347499999	0	0.358	0.619	-0.02373757762603	0.0355081347499999	ID	10000	A29	C1	1000	10000	0	0.5	300	1
145	-0.0097235147	-0.0097235147	0	0.435	0.427	-0.0097235147	-0.0097235147	1	300	A29	C1	10000	100	0	0.5	300	0
146	-0.0103435099215	-0.0103435099215	0	0.408	0.413	-0.0103435099215	-0.0103435099215	FGr	300	A29	C1	10000	100	0	0.5	300	0
147	-0.010367791527	-0.010367791527	0	0.416	0.396	-0.010367791527	-0.010367791527	NoCorrection	300	A29	C1	10000	100	0	0.5	300	0
148	-0.01314772628	-0.01314772628	0	0.279	0.281	-0.01314772628	-0.01314772628	ID	300	A29	C1	10000	100	0	0.5	300	0
149	-0.00239065576	-0.00239065576	0	0.86	0.846	-0.00239065576	-0.00239065576	1	300	A29	C1	10000	100	0	0.5	300	0.1
150	0.0139840422975	0.0139840422975	0	0.288	0.281	0.0139840422975	0.0139840422975	FGr	300	A29	C1	10000	100	0	0.5	300	0.1
151	0.0161742271255	0.0161742271255	0	0.201	0.203	0.0161742271255	0.0161742271255	NoCorrection	300	A29	C1	10000	100	0	0.5	300	0.1
152	-0.00959841089000001	-0.00959841089	0	0.437	0.451	-0.00959841089000001	-0.00959841089	ID	300	A29	C1	10000	100	0	0.5	300	0.1
153	-0.003121821755	-0.00312182175500001	0	0.807	0.812	-0.003121821755	-0.00312182175500001	1	300	A29	C1	10000	100	0	0.5	300	0.5
154	0.115560057997	0.115560057997	0	0	0	0.115560057997	0.115560057997	FGr	300	A29	C1	10000	100	0	0.5	300	0.5
155	0.137892508175	0.137892508175	0	0	0	0.137892508175	0.137892508175	NoCorrection	300	A29	C1	10000	100	0	0.5	300	0.5
156	-0.00428080273	-0.00428080272999999	0	0.776	0.74	-0.00428080273	-0.00428080272999999	ID	300	A29	C1	10000	100	0	0.5	300	0.5
157	0.00560578908749999	0.0056057890875	0	0.607	0.628	0.00560578908749999	0.0056057890875	1	300	A29	C1	10000	100	0	0.5	300	1
158	0.24046100025	0.24046100025	0	0	0	0.24046100025	0.24046100025	FGr	300	A29	C1	10000	100	0	0.5	300	1
159	0.28395386087	0.28395386087	0	0	0	0.28395386087	0.28395386087	NoCorrection	300	A29	C1	10000	100	0	0.5	300	1
160	0.0088917372575	0.0088917372575	0	0.426	0.439	0.0088917372575	0.0088917372575	ID	300	A29	C1	10000	100	0	0.5	300	1
161	0.017654806304	0.01806454	0	0.157	0.334	0.017654806304	0.01806454	1	1000	A29	C1	10000	100	0	0.5	300	0
162	0.020534855815	0.0276095155	0	0.091	0.154	0.020534855815	0.0276095155	FGr	1000	A29	C1	10000	100	0	0.5	300	0
163	0.021237711195	0.0313185725	0	0.082	0.102	0.021237711195	0.0313185725	NoCorrection	1000	A29	C1	10000	100	0	0.5	300	0
164	0.017766769805	0.017612704	0	0.161	0.358	0.017766769805	0.017612704	ID	1000	A29	C1	10000	100	0	0.5	300	0
165	0.000985709114999993	-0.037711498	0	0.94	0.042	0.000985709114999993	-0.037711498	1	1000	A29	C1	10000	100	0	0.5	300	0.1
166	0.013392898485	-0.01398212	0	0.274	0.447	0.013392898485	-0.01398212	FGr	1000	A29	C1	10000	100	0	0.5	300	0.1
167	0.02906229853	0.047977701	0	0.024	0.016	0.02906229853	0.047977701	NoCorrection	1000	A29	C1	10000	100	0	0.5	300	0.1
168	0.000793829945	-0.0350162255	0	0.955	0.064	0.000793829945	-0.0350162255	ID	1000	A29	C1	10000	100	0	0.5	300	0.1
169	0.00604736340359998	0.020372187	0	0.615	0.294	0.00604736340359998	0.020372187	1	1000	A29	C1	10000	100	0	0.5	300	0.5
170	0.07546676382	0.2434788985	0	0	0	0.07546676382	0.2434788985	FGr	1000	A29	C1	10000	100	0	0.5	300	0.5
171	0.15625223774	0.513299299	0	0	0	0.15625223774	0.513299299	NoCorrection	1000	A29	C1	10000	100	0	0.5	300	0.5
172	0.00970281506500002	0.030040401	0	0.486	0.138	0.00970281506500002	0.030040401	ID	1000	A29	C1	10000	100	0	0.5	300	0.5
173	0.00848022515500001	-0.00792306650000001	0	0.516	0.697	0.00848022515500001	-0.00792306650000001	1	1000	A29	C1	10000	100	0	0.5	300	1
174	0.14750399443	0.47108128	0	0	0	0.14750399443	0.47108128	FGr	1000	A29	C1	10000	100	0	0.5	300	1
175	0.307243334744	1.0058725775	0	0	0	0.307243334744	1.0058725775	NoCorrection	1000	A29	C1	10000	100	0	0.5	300	1
176	0.010112009075	-0.00477489099999999	0	0.371	0.819	0.010112009075	-0.00477489099999999	ID	1000	A29	C1	10000	100	0	0.5	300	1
177	0.00881795652150001	-0.0288861425	0	0.478	0.366	0.00881795652150001	-0.0288861425	1	10000	A29	C1	10000	100	0	0.5	300	0
178	0.00969207110800001	-0.0256825055	0	0.398	0.452	0.00969207110800001	-0.0256825055	FGr	10000	A29	C1	10000	100	0	0.5	300	0
179	0.00902124284	-0.0240782865	0	0.467	0.485	0.00902124284	-0.0240782865	NoCorrection	10000	A29	C1	10000	100	0	0.5	300	0
180	0.010184686595	-0.018435346	0	0.384	0.591	0.010184686595	-0.018435346	ID	10000	A29	C1	10000	100	0	0.5	300	0
181	0.009174577307	0.031912059	0	0.425	0.336	0.009174577307	0.031912059	1	10000	A29	C1	10000	100	0	0.5	300	0.1
182	0.014928611905	0.0780905145	0	0.2	0.021	0.014928611905	0.0780905145	FGr	10000	A29	C1	10000	100	0	0.5	300	0.1
183	0.039556252043	0.2323573585	0	0.001	0	0.039556252043	0.2323573585	NoCorrection	10000	A29	C1	10000	100	0	0.5	300	0.1
184	0.011036233316	0.0416852195	0	0.361	0.211	0.011036233316	0.0416852195	ID	10000	A29	C1	10000	100	0	0.5	300	0.1
185	0.000858780810000005	-0.0523665625	0	0.945	0.111	0.000858780810000005	-0.0523665625	1	10000	A29	C1	10000	100	0	0.5	300	0.5
186	0.013879777035	0.0372029925000001	0	0.264	0.262	0.013879777035	0.0372029925000001	FGr	10000	A29	C1	10000	100	0	0.5	300	0.5
187	0.156811754085	0.947055948	0	0	0	0.156811754085	0.947055948	NoCorrection	10000	A29	C1	10000	100	0	0.5	300	0.5
188	0.000947838115	-0.052093233	0	0.935	0.106	0.000947838115	-0.052093233	ID	10000	A29	C1	10000	100	0	0.5	300	0.5
189	0.00138281815000001	-0.0199234525	0	0.909	0.522	0.00138281815000001	-0.0199234525	1	10000	A29	C1	10000	100	0	0.5	300	1
190	0.0294250337885	0.1757671195	0	0.046	0	0.0294250337885	0.1757671195	FGr	10000	A29	C1	10000	100	0	0.5	300	1
191	0.31356516912	1.812993885	0	0	0	0.31356516912	1.812993885	NoCorrection	10000	A29	C1	10000	100	0	0.5	300	1
192	0.000194438222999996	-0.0381188254999999	0	0.991	0.217	0.000194438222999996	-0.0381188254999999	ID	10000	A29	C1	10000	100	0	0.5	300	1
193	0.000642638351599994	0.000642638351599995	0	0.93	0.945	0.000642638351599994	0.000642638351599995	1	300	A29	C1	10000	1000	0	0.5	300	0
194	0.00225538295069997	0.00225538295069997	0	0.793	0.811	0.00225538295069997	0.00225538295069997	FGr	300	A29	C1	10000	1000	0	0.5	300	0
195	0.00466119744870004	0.00466119744870004	0	0.618	0.619	0.00466119744870004	0.00466119744870004	NoCorrection	300	A29	C1	10000	1000	0	0.5	300	0
196	0.00183466714749995	0.00183466714749995	0	0.826	0.843	0.00183466714749995	0.00183466714749995	ID	300	A29	C1	10000	1000	0	0.5	300	0
197	-0.00807162203350002	-0.00807162203350003	0	0.409	0.424	-0.00807162203350002	-0.00807162203350003	1	300	A29	C1	10000	1000	0	0.5	300	0.1
198	0.0186357362805	0.0186357362805	0	0.11	0.105	0.0186357362805	0.0186357362805	FGr	300	A29	C1	10000	1000	0	0.5	300	0.1
199	0.0232406080885	0.0232406080885	0	0.042	0.034	0.0232406080885	0.0232406080885	NoCorrection	300	A29	C1	10000	1000	0	0.5	300	0.1
200	-0.0062510190015	-0.0062510190015	0	0.542	0.539	-0.0062510190015	-0.0062510190015	ID	300	A29	C1	10000	1000	0	0.5	300	0.1
201	-0.0199300715442	-0.0199300715442	0	0.027	0.022	-0.0199300715442	-0.0199300715442	1	300	A29	C1	10000	1000	0	0.5	300	0.5
202	0.07878885138905	0.07878885138905	0	0	0	0.07878885138905	0.07878885138905	FGr	300	A29	C1	10000	1000	0	0.5	300	0.5
203	0.13128974524605	0.13128974524605	0	0	0	0.13128974524605	0.13128974524605	NoCorrection	300	A29	C1	10000	1000	0	0.5	300	0.5
204	-0.02430070038015	-0.02430070038015	0	0.01	0.001	-0.02430070038015	-0.02430070038015	ID	300	A29	C1	10000	1000	0	0.5	300	0.5
205	0.006572835315935	0.006572835315935	0	0.42	0.422	0.006572835315935	0.006572835315935	1	300	A29	C1	10000	1000	0	0.5	300	1
206	0.21653742320165	0.21653742320165	0	0	0	0.21653742320165	0.21653742320165	FGr	300	A29	C1	10000	1000	0	0.5	300	1
207	0.3169183419935	0.3169183419935	0	0	0	0.3169183419935	0.3169183419935	NoCorrection	300	A29	C1	10000	1000	0	0.5	300	1
208	0.008896200937	0.00889620093700001	0	0.259	0.277	0.008896200937	0.00889620093700001	ID	300	A29	C1	10000	1000	0	0.5	300	1
209	0.0147066453712	0.01818230785	0	0.087	0.187	0.0147066453712	0.01818230785	1	1000	A29	C1	10000	1000	0	0.5	300	0
210	0.02534657987325	0.0474943058	0	0.001	0.001	0.02534657987325	0.0474943058	FGr	1000	A29	C1	10000	1000	0	0.5	300	0
211	0.0256054001205	0.04994465795	0	0.002	0	0.0256054001205	0.04994465795	NoCorrection	1000	A29	C1	10000	1000	0	0.5	300	0
212	0.0149976822943	0.0173013785	0	0.066	0.204	0.0149976822943	0.0173013785	ID	1000	A29	C1	10000	1000	0	0.5	300	0
213	0.0039140103361	-0.0118819566999999	0	0.578	0.366	0.0039140103361	-0.0118819566999999	1	1000	A29	C1	10000	1000	0	0.5	300	0.1
214	0.0162855627805	0.02060129375	0	0.015	0.114	0.0162855627805	0.02060129375	FGr	1000	A29	C1	10000	1000	0	0.5	300	0.1
215	0.0348737564525	0.0673512531000001	0	0	0	0.0348737564525	0.0673512531000001	NoCorrection	1000	A29	C1	10000	1000	0	0.5	300	0.1
216	0.003898964693	-0.00965827080000006	0	0.577	0.494	0.003898964693	-0.00965827080000006	ID	1000	A29	C1	10000	1000	0	0.5	300	0.1
217	0.0082017480554	0.023363107	0	0.364	0.124	0.0082017480554	0.023363107	1	1000	A29	C1	10000	1000	0	0.5	300	0.5
218	0.070828153908	0.1872612964	0	0	0	0.070828153908	0.1872612964	FGr	1000	A29	C1	10000	1000	0	0.5	300	0.5
219	0.1665109863075	0.42670741175	0	0	0	0.1665109863075	0.42670741175	NoCorrection	1000	A29	C1	10000	1000	0	0.5	300	0.5
220	0.00727569481919996	0.0210213559	0	0.367	0.184	0.00727569481919996	0.0210213559	ID	1000	A29	C1	10000	1000	0	0.5	300	0.5
221	0.00404674708009999	-0.00639445139999999	0	0.668	0.646	0.00404674708009999	-0.00639445139999999	1	1000	A29	C1	10000	1000	0	0.5	300	1
222	0.1109086621825	0.2790231835	0	0	0	0.1109086621825	0.2790231835	FGr	1000	A29	C1	10000	1000	0	0.5	300	1
223	0.31644442936865	0.81583296645	0	0	0	0.31644442936865	0.81583296645	NoCorrection	1000	A29	C1	10000	1000	0	0.5	300	1
224	0.00303069863689998	-0.00545823264999999	0	0.773	0.684	0.00303069863689998	-0.00545823264999999	ID	1000	A29	C1	10000	1000	0	0.5	300	1
225	0.003752111268	0.01735959135	0	0.679	0.454	0.003752111268	0.01735959135	1	10000	A29	C1	10000	1000	0	0.5	300	0
226	0.00273925946400001	0.0102255862500001	0	0.744	0.675	0.00273925946400001	0.0102255862500001	FGr	10000	A29	C1	10000	1000	0	0.5	300	0
227	-0.000647284341650004	-0.0151296206	0	0.946	0.505	-0.000647284341650004	-0.0151296206	NoCorrection	10000	A29	C1	10000	1000	0	0.5	300	0
228	0.00287794841699999	0.0108210227000001	0	0.72	0.682	0.00287794841699999	0.0108210227000001	ID	10000	A29	C1	10000	1000	0	0.5	300	0
229	0.0030310541794	0.034499145	0	0.719	0.085	0.0030310541794	0.034499145	1	10000	A29	C1	10000	1000	0	0.5	300	0.1
230	0.0022327566553	0.0275904635499999	0	0.821	0.216	0.0022327566553	0.0275904635499999	FGr	10000	A29	C1	10000	1000	0	0.5	300	0.1
231	0.0302879175875	0.1700654314	0	0.001	0	0.0302879175875	0.1700654314	NoCorrection	10000	A29	C1	10000	1000	0	0.5	300	0.1
232	0.003375437297111	0.0370481658	0	0.71	0.105	0.003375437297111	0.0370481658	ID	10000	A29	C1	10000	1000	0	0.5	300	0.1
233	-0.0196721115283	-0.00717564670000001	0	0.034	0.758	-0.0196721115283	-0.00717564670000001	1	10000	A29	C1	10000	1000	0	0.5	300	0.5
234	-0.00980379973280001	0.0552650697499999	0	0.297	0.008	-0.00980379973280001	0.0552650697499999	FGr	10000	A29	C1	10000	1000	0	0.5	300	0.5
235	0.137329247513	0.90846209815	0	0	0	0.137329247513	0.90846209815	NoCorrection	10000	A29	C1	10000	1000	0	0.5	300	0.5
236	-0.019852653898115	-0.00553086134999999	0	0.03	0.79	-0.019852653898115	-0.00553086134999999	ID	10000	A29	C1	10000	1000	0	0.5	300	0.5
237	-0.00701395902369999	0.00596723294999996	0	0.482	0.781	-0.00701395902369999	0.00596723294999996	1	10000	A29	C1	10000	1000	0	0.5	300	1
238	0.01512766651355	0.13475134325	0	0.176	0	0.01512766651355	0.13475134325	FGr	10000	A29	C1	10000	1000	0	0.5	300	1
239	0.3342219058675	2.0018456615	0	0	0	0.3342219058675	2.0018456615	NoCorrection	10000	A29	C1	10000	1000	0	0.5	300	1
240	-0.00495981810499999	0.0313776030999999	0	0.659	0.149	-0.00495981810499999	0.0313776030999999	ID	10000	A29	C1	10000	1000	0	0.5	300	1
241	0.00554479935410003	0.00554479935410003	0	0.525	0.52	0.00554479935410003	0.00554479935410003	1	300	A29	C1	10000	10000	0	0.5	300	0
242	0.00827695964019492	0.00827695964019493	0	0.347	0.316	0.00827695964019492	0.00827695964019493	FGr	300	A29	C1	10000	10000	0	0.5	300	0
243	0.00643527056459001	0.00643527056459001	0	0.428	0.417	0.00643527056459001	0.00643527056459001	NoCorrection	300	A29	C1	10000	10000	0	0.5	300	0
244	0.00635301831452996	0.00635301831452997	0	0.457	0.434	0.00635301831452996	0.00635301831452997	ID	300	A29	C1	10000	10000	0	0.5	300	0
245	0.00430967901255008	0.00430967901255008	0	0.601	0.625	0.00430967901255008	0.00430967901255008	1	300	A29	C1	10000	10000	0	0.5	300	0.1
246	0.0226369381362	0.0226369381362	0	0.005	0.008	0.0226369381362	0.0226369381362	FGr	300	A29	C1	10000	10000	0	0.5	300	0.1
247	0.0292103374183	0.0292103374183	0	0.002	0.001	0.0292103374183	0.0292103374183	NoCorrection	300	A29	C1	10000	10000	0	0.5	300	0.1
248	0.00621623565528005	0.00621623565528005	0	0.47	0.47	0.00621623565528005	0.00621623565528005	ID	300	A29	C1	10000	10000	0	0.5	300	0.1
249	0.004611737511	0.004611737511	0	0.553	0.552	0.004611737511	0.004611737511	1	300	A29	C1	10000	10000	0	0.5	300	0.5
250	0.111807217397229	0.111807217397229	0	0	0	0.111807217397229	0.111807217397229	FGr	300	A29	C1	10000	10000	0	0.5	300	0.5
251	0.1742826316781	0.1742826316781	0	0	0	0.1742826316781	0.1742826316781	NoCorrection	300	A29	C1	10000	10000	0	0.5	300	0.5
252	0.00608819389715999	0.00608819389716	0	0.42	0.447	0.00608819389715999	0.00608819389716	ID	300	A29	C1	10000	10000	0	0.5	300	0.5
253	0.00359339602589993	0.00359339602589993	0	0.706	0.706	0.00359339602589993	0.00359339602589993	1	300	A29	C1	10000	10000	0	0.5	300	1
254	0.214251242637399	0.214251242637399	0	0	0	0.214251242637399	0.214251242637399	FGr	300	A29	C1	10000	10000	0	0.5	300	1
255	0.3373797462582	0.3373797462582	0	0	0	0.3373797462582	0.3373797462582	NoCorrection	300	A29	C1	10000	10000	0	0.5	300	1
256	0.00575652776143506	0.00575652776143505	0	0.519	0.529	0.00575652776143506	0.00575652776143505	ID	300	A29	C1	10000	10000	0	0.5	300	1
257	0.00893380836845004	-0.00878357735499993	0	0.274	0.487	0.00893380836845004	-0.00878357735499993	1	1000	A29	C1	10000	10000	0	0.5	300	0
258	0.000583843695600027	-0.0224381166799997	0	0.941	0.096	0.000583843695600027	-0.0224381166799997	FGr	1000	A29	C1	10000	10000	0	0.5	300	0
259	0.00258934490857485	-0.0194670004450001	0	0.745	0.137	0.00258934490857485	-0.0194670004450001	NoCorrection	1000	A29	C1	10000	10000	0	0.5	300	0
260	0.00324177583974092	-0.0193321182649999	0	0.72	0.128	0.00324177583974092	-0.0193321182649999	ID	1000	A29	C1	10000	10000	0	0.5	300	0
261	-0.00785949161437982	-0.00160634476999913	0	0.279	0.902	-0.00785949161437982	-0.00160634476999913	1	1000	A29	C1	10000	10000	0	0.5	300	0.1
262	0.0115065385237001	0.0461944662650002	0	0.137	0	0.0115065385237001	0.0461944662650002	FGr	1000	A29	C1	10000	10000	0	0.5	300	0.1
263	0.0403092523483799	0.11144205088	0	0	0	0.0403092523483799	0.11144205088	NoCorrection	1000	A29	C1	10000	10000	0	0.5	300	0.1
264	-0.00851282402291767	-0.00305254825500012	0	0.238	0.818	-0.00851282402291767	-0.00305254825500012	ID	1000	A29	C1	10000	10000	0	0.5	300	0.1
265	0.00201947786994003	-0.0212611262249998	0	0.818	0.126	0.00201947786994003	-0.0212611262249998	1	1000	A29	C1	10000	10000	0	0.5	300	0.5
266	0.06539198071905	0.10154162696	0	0	0	0.06539198071905	0.10154162696	FGr	1000	A29	C1	10000	10000	0	0.5	300	0.5
267	0.19802735858535	0.3755459085	0	0	0	0.19802735858535	0.3755459085	NoCorrection	1000	A29	C1	10000	10000	0	0.5	300	0.5
268	-0.000626255339939979	-0.026080672445	0	0.948	0.05	-0.000626255339939979	-0.026080672445	ID	1000	A29	C1	10000	10000	0	0.5	300	0.5
269	-0.004171557877	-0.01051238853	0	0.648	0.441	-0.004171557877	-0.01051238853	1	1000	A29	C1	10000	10000	0	0.5	300	1
270	0.12236328548103	0.25483847452	0	0	0	0.12236328548103	0.25483847452	FGr	1000	A29	C1	10000	10000	0	0.5	300	1
271	0.380506234258299	0.820014864750001	0	0	0	0.380506234258299	0.820014864750001	NoCorrection	1000	A29	C1	10000	10000	0	0.5	300	1
272	-0.00597293381467501	-0.017863144175	0	0.536	0.184	-0.00597293381467501	-0.017863144175	ID	1000	A29	C1	10000	10000	0	0.5	300	1
273	-0.01164519122625	-0.01093993706	0	0.159	0.602	-0.01164519122625	-0.01093993706	1	10000	A29	C1	10000	10000	0	0.5	300	0
274	-0.014897791277615	-0.02434112533	0	0.063	0.246	-0.014897791277615	-0.02434112533	FGr	10000	A29	C1	10000	10000	0	0.5	300	0
275	-0.02056530771245	-0.050550730445	0	0.015	0.013	-0.02056530771245	-0.050550730445	NoCorrection	10000	A29	C1	10000	10000	0	0.5	300	0
276	-0.01259870133985	-0.017307612175	0	0.106	0.428	-0.01259870133985	-0.017307612175	ID	10000	A29	C1	10000	10000	0	0.5	300	0
277	0.00523631168842999	0.00337665835500001	0	0.504	0.878	0.00523631168842999	0.00337665835500001	1	10000	A29	C1	10000	10000	0	0.5	300	0.1
278	0.00603864695553986	0.00415298357	0	0.442	0.851	0.00603864695553986	0.00415298357	FGr	10000	A29	C1	10000	10000	0	0.5	300	0.1
279	0.0437319069156451	0.22142260827	0	0	0	0.0437319069156451	0.22142260827	NoCorrection	10000	A29	C1	10000	10000	0	0.5	300	0.1
280	0.00491943061055003	0.000261893394999997	0	0.537	0.987	0.00491943061055003	0.000261893394999997	ID	10000	A29	C1	10000	10000	0	0.5	300	0.1
281	-0.01648763292675	-0.0359269391399998	0	0.032	0.092	-0.01648763292675	-0.0359269391399998	1	10000	A29	C1	10000	10000	0	0.5	300	0.5
282	-0.00621198125612999	0.0381132494899999	0	0.422	0.085	-0.00621198125612999	0.0381132494899999	FGr	10000	A29	C1	10000	10000	0	0.5	300	0.5
283	0.14888338194915	0.951066525149999	0	0	0	0.14888338194915	0.951066525149999	NoCorrection	10000	A29	C1	10000	10000	0	0.5	300	0.5
284	-0.017059758363235	-0.0372248534949999	0	0.018	0.084	-0.017059758363235	-0.0372248534949999	ID	10000	A29	C1	10000	10000	0	0.5	300	0.5
285	0.01807183903305	0.00981440583999998	0	0.036	0.634	0.01807183903305	0.00981440583999998	1	10000	A29	C1	10000	10000	0	0.5	300	1
286	0.03455066238014	0.102998623955	0	0	0	0.03455066238014	0.102998623955	FGr	10000	A29	C1	10000	10000	0	0.5	300	1
287	0.345734369471	1.7524455969	0	0	0	0.345734369471	1.7524455969	NoCorrection	10000	A29	C1	10000	10000	0	0.5	300	1
288	0.018171280394355	0.0188719914900002	0	0.038	0.339	0.018171280394355	0.0188719914900002	ID	10000	A29	C1	10000	10000	0	0.5	300	1
289	0.00787442232499999	0.00787442232499999	0	0.826	0.837	0.00787442232499999	0.00787442232499999	1	300	A29	C2	1000	100	0	0.5	300	0
290	0.007576136155	0.00757613615499999	0	0.823	0.837	0.007576136155	0.00757613615499999	FGr	300	A29	C2	1000	100	0	0.5	300	0
291	0.00750828275000001	0.00750828275000003	0	0.836	0.847	0.00750828275000001	0.00750828275000003	NoCorrection	300	A29	C2	1000	100	0	0.5	300	0
292	0.006757860395	0.00675786039499999	0	0.838	0.853	0.006757860395	0.00675786039499999	ID	300	A29	C2	1000	100	0	0.5	300	0
293	0.0324985523	0.0324985523	0	0.438	0.399	0.0324985523	0.0324985523	1	300	A29	C2	1000	100	0	0.5	300	0.1
294	0.034820916425	0.034820916425	0	0.383	0.36	0.034820916425	0.034820916425	FGr	300	A29	C2	1000	100	0	0.5	300	0.1
295	0.035027032475	0.035027032475	0	0.407	0.372	0.035027032475	0.035027032475	NoCorrection	300	A29	C2	1000	100	0	0.5	300	0.1
296	0.02324575556	0.02324575556	0	0.53	0.54	0.02324575556	0.02324575556	ID	300	A29	C2	1000	100	0	0.5	300	0.1
297	0.00842325913799999	0.00842325913799998	0	0.818	0.817	0.00842325913799999	0.00842325913799998	1	300	A29	C2	1000	100	0	0.5	300	0.5
298	0.02264822203	0.02264822203	0	0.535	0.584	0.02264822203	0.02264822203	FGr	300	A29	C2	1000	100	0	0.5	300	0.5
299	0.02396438233	0.02396438233	0	0.548	0.555	0.02396438233	0.02396438233	NoCorrection	300	A29	C2	1000	100	0	0.5	300	0.5
300	-0.013613796891	-0.013613796891	0	0.688	0.704	-0.013613796891	-0.013613796891	ID	300	A29	C2	1000	100	0	0.5	300	0.5
301	0.04140884005	0.04140884005	0	0.406	0.4	0.04140884005	0.04140884005	1	300	A29	C2	1000	100	0	0.5	300	1
302	0.07141247728	0.07141247728	0	0.214	0.199	0.07141247728	0.07141247728	FGr	300	A29	C2	1000	100	0	0.5	300	1
303	0.07357593248	0.0735759324799999	0	0.237	0.207	0.07357593248	0.0735759324799999	NoCorrection	300	A29	C2	1000	100	0	0.5	300	1
304	-0.00668290328999996	-0.00668290328999998	0	0.861	0.855	-0.00668290328999996	-0.00668290328999998	ID	300	A29	C2	1000	100	0	0.5	300	1
305	-0.05886741624	-0.001728484	0	0.041	0.979	-0.05886741624	-0.001728484	1	1000	A29	C2	1000	100	0	0.5	300	0
306	-0.05859980849	-0.00457033449999986	0	0.035	0.945	-0.05859980849	-0.00457033449999986	FGr	1000	A29	C2	1000	100	0	0.5	300	0
307	-0.058586836215	-0.00153790500000009	0	0.055	0.981	-0.058586836215	-0.00153790500000009	NoCorrection	1000	A29	C2	1000	100	0	0.5	300	0
308	-0.05873520864	-0.00485214500000018	0	0.044	0.928	-0.05873520864	-0.00485214500000018	ID	1000	A29	C2	1000	100	0	0.5	300	0
309	-0.0322607649955	-0.101816216	0	0.422	0.066	-0.0322607649955	-0.101816216	1	1000	A29	C2	1000	100	0	0.5	300	0.1
310	-0.032795077815	-0.110302501	0	0.394	0.051	-0.032795077815	-0.110302501	FGr	1000	A29	C2	1000	100	0	0.5	300	0.1
311	-0.03274773768	-0.114057731	0	0.413	0.046	-0.03274773768	-0.114057731	NoCorrection	1000	A29	C2	1000	100	0	0.5	300	0.1
312	-0.03307940727	-0.1123937225	0	0.394	0.043	-0.03307940727	-0.1123937225	ID	1000	A29	C2	1000	100	0	0.5	300	0.1
313	0.05530157807	0.0537798025	0	0.081	0.322	0.05530157807	0.0537798025	1	1000	A29	C2	1000	100	0	0.5	300	0.5
314	0.049546026195	0.023036328	0	0.116	0.73	0.049546026195	0.023036328	FGr	1000	A29	C2	1000	100	0	0.5	300	0.5
315	0.049557864	0.0231301025	0	0.146	0.711	0.049557864	0.0231301025	NoCorrection	1000	A29	C2	1000	100	0	0.5	300	0.5
316	0.048875854536	0.0564892105	0	0.089	0.304	0.048875854536	0.0564892105	ID	1000	A29	C2	1000	100	0	0.5	300	0.5
317	-0.0452571308	-0.0245258025	0	0.144	0.645	-0.0452571308	-0.0245258025	1	1000	A29	C2	1000	100	0	0.5	300	1
318	-0.0560232301435	-0.0485331620000001	0	0.245	0.562	-0.0560232301435	-0.0485331620000001	FGr	1000	A29	C2	1000	100	0	0.5	300	1
319	-0.0559608206125	-0.0484299465000001	0	0.22	0.572	-0.0559608206125	-0.0484299465000001	NoCorrection	1000	A29	C2	1000	100	0	0.5	300	1
320	-0.058224536625	-0.0625784255	0	0.063	0.237	-0.058224536625	-0.0625784255	ID	1000	A29	C2	1000	100	0	0.5	300	1
321	0.0589004267895	0.040518292	0	0.123	0.587	0.0589004267895	0.040518292	1	10000	A29	C2	1000	100	0	0.5	300	0
322	0.061601642585	0.0265083875	0	0.104	0.746	0.061601642585	0.0265083875	FGr	10000	A29	C2	1000	100	0	0.5	300	0
323	0.06249278878	0.0217319620000001	0	0.106	0.792	0.06249278878	0.0217319620000001	NoCorrection	10000	A29	C2	1000	100	0	0.5	300	0
324	0.05781064447	0.0370936205	0	0.129	0.63	0.05781064447	0.0370936205	ID	10000	A29	C2	1000	100	0	0.5	300	0
325	-0.01188977951	-0.076416176	0	0.75	0.423	-0.01188977951	-0.076416176	1	10000	A29	C2	1000	100	0	0.5	300	0.1
326	-0.01426812948	-0.101336185	0	0.671	0.269	-0.01426812948	-0.101336185	FGr	10000	A29	C2	1000	100	0	0.5	300	0.1
327	-0.01284452775	-0.0964917565	0	0.712	0.312	-0.01284452775	-0.0964917565	NoCorrection	10000	A29	C2	1000	100	0	0.5	300	0.1
328	-0.0114717632112	-0.076530077	0	0.775	0.402	-0.0114717632112	-0.076530077	ID	10000	A29	C2	1000	100	0	0.5	300	0.1
329	-0.03545437205	-0.00878074499999997	0	0.366	0.926	-0.03545437205	-0.00878074499999997	1	10000	A29	C2	1000	100	0	0.5	300	0.5
330	-0.067318029285	-0.13958957	0	0.194	0.191	-0.067318029285	-0.13958957	FGr	10000	A29	C2	1000	100	0	0.5	300	0.5
331	-0.0672263037472	-0.143181385	0	0.18	0.145	-0.0672263037472	-0.143181385	NoCorrection	10000	A29	C2	1000	100	0	0.5	300	0.5
332	-0.036466596811	-0.06322056	0	0.358	0.472	-0.036466596811	-0.06322056	ID	10000	A29	C2	1000	100	0	0.5	300	0.5
333	-0.0532611669949999	0.043647805	0	0.138	0.626	-0.0532611669949999	0.043647805	1	10000	A29	C2	1000	100	0	0.5	300	1
334	-0.101505559	-0.139582135	0	0.067	0.301	-0.101505559	-0.139582135	FGr	10000	A29	C2	1000	100	0	0.5	300	1
335	-0.10054818916	-0.14555072	0	0.08	0.31	-0.10054818916	-0.14555072	NoCorrection	10000	A29	C2	1000	100	0	0.5	300	1
336	-0.054170080723	0.041257262	0	0.138	0.656	-0.054170080723	0.041257262	ID	10000	A29	C2	1000	100	0	0.5	300	1
337	-0.0325797956205	-0.0325797956204998	0	0.171	0.173	-0.0325797956205	-0.0325797956204998	1	300	A29	C2	1000	1000	0	0.5	300	0
338	-0.0349943160189999	-0.0349943160189999	0	0.127	0.104	-0.0349943160189999	-0.0349943160189999	FGr	300	A29	C2	1000	1000	0	0.5	300	0
339	-0.0340361595415001	-0.0340361595415	0	0.137	0.121	-0.0340361595415001	-0.0340361595415	NoCorrection	300	A29	C2	1000	1000	0	0.5	300	0
340	-0.0335352180025001	-0.0335352180025002	0	0.12	0.128	-0.0335352180025001	-0.0335352180025002	ID	300	A29	C2	1000	1000	0	0.5	300	0
341	0.0089188656465	0.00891886564649999	0	0.678	0.65	0.0089188656465	0.00891886564649999	1	300	A29	C2	1000	1000	0	0.5	300	0.1
342	0.00544552506299999	0.005445525063	0	0.809	0.811	0.00544552506299999	0.005445525063	FGr	300	A29	C2	1000	1000	0	0.5	300	0.1
343	0.00515963808200001	0.00515963808200001	0	0.838	0.825	0.00515963808200001	0.00515963808200001	NoCorrection	300	A29	C2	1000	1000	0	0.5	300	0.1
344	0.00670425985400001	0.00670425985400001	0	0.791	0.751	0.00670425985400001	0.00670425985400001	ID	300	A29	C2	1000	1000	0	0.5	300	0.1
345	0.00108543772399994	0.00108543772399993	0	0.946	0.944	0.00108543772399994	0.00108543772399993	1	300	A29	C2	1000	1000	0	0.5	300	0.5
346	-0.00686797990100005	-0.006867979901	0	0.797	0.783	-0.00686797990100005	-0.006867979901	FGr	300	A29	C2	1000	1000	0	0.5	300	0.5
347	-0.00774721339700002	-0.007747213397	0	0.731	0.749	-0.00774721339700002	-0.007747213397	NoCorrection	300	A29	C2	1000	1000	0	0.5	300	0.5
348	-0.00237187566284998	-0.00237187566284991	0	0.914	0.901	-0.00237187566284998	-0.00237187566284991	ID	300	A29	C2	1000	1000	0	0.5	300	0.5
349	-3.76478384999546e-05	-3.76478384999512e-05	0	1	1	-3.76478384999546e-05	-3.76478384999512e-05	1	300	A29	C2	1000	1000	0	0.5	300	1
350	-0.0182378955435	-0.0182378955435	0	0.563	0.538	-0.0182378955435	-0.0182378955435	FGr	300	A29	C2	1000	1000	0	0.5	300	1
351	-0.018986419867	-0.018986419867	0	0.504	0.539	-0.018986419867	-0.018986419867	NoCorrection	300	A29	C2	1000	1000	0	0.5	300	1
352	-0.00830962521600004	-0.00830962521600008	0	0.701	0.745	-0.00830962521600004	-0.00830962521600008	ID	300	A29	C2	1000	1000	0	0.5	300	1
353	0.0312375986725001	-0.00439613024999999	0	0.108	0.897	0.0312375986725001	-0.00439613024999999	1	1000	A29	C2	1000	1000	0	0.5	300	0
354	0.0330971650150001	-0.0166538502999996	0	0.106	0.605	0.0330971650150001	-0.0166538502999996	FGr	1000	A29	C2	1000	1000	0	0.5	300	0
355	0.032683391088	-0.0166533916500001	0	0.123	0.613	0.032683391088	-0.0166533916500001	NoCorrection	1000	A29	C2	1000	1000	0	0.5	300	0
356	0.031494373125	-0.000161941449999929	0	0.112	0.998	0.031494373125	-0.000161941449999929	ID	1000	A29	C2	1000	1000	0	0.5	300	0
357	0.0171887048920002	0.0319616898	0	0.417	0.335	0.0171887048920002	0.0319616898	1	1000	A29	C2	1000	1000	0	0.5	300	0.1
358	0.0154529982775001	0.0317595186	0	0.501	0.367	0.0154529982775001	0.0317595186	FGr	1000	A29	C2	1000	1000	0	0.5	300	0.1
359	0.015613969437	0.0287945468999999	0	0.457	0.397	0.015613969437	0.0287945468999999	NoCorrection	1000	A29	C2	1000	1000	0	0.5	300	0.1
360	0.016548826357	0.0295008404	0	0.408	0.387	0.016548826357	0.0295008404	ID	1000	A29	C2	1000	1000	0	0.5	300	0.1
361	-0.01143447178	0.01563358205	0	0.583	0.645	-0.01143447178	0.01563358205	1	1000	A29	C2	1000	1000	0	0.5	300	0.5
362	-0.0187203784565	0.04191079405	0	0.375	0.277	-0.0187203784565	0.04191079405	FGr	1000	A29	C2	1000	1000	0	0.5	300	0.5
363	-0.0190176753305	0.039508914	0	0.377	0.305	-0.0190176753305	0.039508914	NoCorrection	1000	A29	C2	1000	1000	0	0.5	300	0.5
364	-0.0116799243415	-0.000503906850000045	0	0.558	0.991	-0.0116799243415	-0.000503906850000045	ID	1000	A29	C2	1000	1000	0	0.5	300	0.5
365	-0.0168641638020001	-0.03310052955	0	0.473	0.384	-0.0168641638020001	-0.03310052955	1	1000	A29	C2	1000	1000	0	0.5	300	1
366	-0.031602565843	-0.0160007779500001	0	0.265	0.723	-0.031602565843	-0.0160007779500001	FGr	1000	A29	C2	1000	1000	0	0.5	300	1
367	-0.0328098089639998	-0.0210059634000001	0	0.26	0.663	-0.0328098089639998	-0.0210059634000001	NoCorrection	1000	A29	C2	1000	1000	0	0.5	300	1
368	-0.0177861953881999	-0.03988973725	0	0.422	0.244	-0.0177861953881999	-0.03988973725	ID	1000	A29	C2	1000	1000	0	0.5	300	1
369	0.00460720180975	-0.0612468828000004	0	0.832	0.238	0.00460720180975	-0.0612468828000004	1	10000	A29	C2	1000	1000	0	0.5	300	0
370	0.00240237624399999	-0.06269854845	0	0.901	0.249	0.00240237624399999	-0.06269854845	FGr	10000	A29	C2	1000	1000	0	0.5	300	0
371	0.00442382248549998	-0.0347635354500001	0	0.828	0.484	0.00442382248549998	-0.0347635354500001	NoCorrection	10000	A29	C2	1000	1000	0	0.5	300	0
372	0.00441338387879997	-0.0536551326999998	0	0.842	0.284	0.00441338387879997	-0.0536551326999998	ID	10000	A29	C2	1000	1000	0	0.5	300	0
373	0.0214361598440001	-0.0824257705999999	0	0.281	0.126	0.0214361598440001	-0.0824257705999999	1	10000	A29	C2	1000	1000	0	0.5	300	0.1
374	0.021290053614	-0.0914273284500003	0	0.248	0.088	0.021290053614	-0.0914273284500003	FGr	10000	A29	C2	1000	1000	0	0.5	300	0.1
375	0.0196090021915	-0.0989138974499996	0	0.327	0.067	0.0196090021915	-0.0989138974499996	NoCorrection	10000	A29	C2	1000	1000	0	0.5	300	0.1
376	0.0215507228539999	-0.0879430007000003	0	0.244	0.085	0.0215507228539999	-0.0879430007000003	ID	10000	A29	C2	1000	1000	0	0.5	300	0.1
377	0.0230465036850001	0.0259777917500001	0	0.242	0.613	0.0230465036850001	0.0259777917500001	1	10000	A29	C2	1000	1000	0	0.5	300	0.5
378	0.0177357492229999	0.10924982	0	0.452	0.053	0.0177357492229999	0.10924982	FGr	10000	A29	C2	1000	1000	0	0.5	300	0.5
379	0.0175190473995001	0.1119323355	0	0.487	0.071	0.0175190473995001	0.1119323355	NoCorrection	10000	A29	C2	1000	1000	0	0.5	300	0.5
380	0.0233023862910002	0.0184140063999994	0	0.234	0.719	0.0233023862910002	0.0184140063999994	ID	10000	A29	C2	1000	1000	0	0.5	300	0.5
381	0.0257116699207	0.05643005005	0	0.28	0.249	0.0257116699207	0.05643005005	1	10000	A29	C2	1000	1000	0	0.5	300	1
382	0.017803376505	0.0290049789999996	0	0.619	0.674	0.017803376505	0.0290049789999996	FGr	10000	A29	C2	1000	1000	0	0.5	300	1
383	0.01594006792	0.0324324575000001	0	0.683	0.668	0.01594006792	0.0324324575000001	NoCorrection	10000	A29	C2	1000	1000	0	0.5	300	1
384	0.0262173686335	0.0520704796500001	0	0.237	0.273	0.0262173686335	0.0520704796500001	ID	10000	A29	C2	1000	1000	0	0.5	300	1
385	-0.0127836625248	-0.0127836625248	0	0.516	0.515	-0.0127836625248	-0.0127836625248	1	300	A29	C2	1000	10000	0	0.5	300	0
386	-0.0123826976309001	-0.0123826976309001	0	0.523	0.555	-0.0123826976309001	-0.0123826976309001	FGr	300	A29	C2	1000	10000	0	0.5	300	0
387	-0.01262220056385	-0.0126222005638499	0	0.513	0.53	-0.01262220056385	-0.0126222005638499	NoCorrection	300	A29	C2	1000	10000	0	0.5	300	0
388	-0.0128282761927001	-0.0128282761927001	0	0.534	0.53	-0.0128282761927001	-0.0128282761927001	ID	300	A29	C2	1000	10000	0	0.5	300	0
389	-0.0127913774020015	-0.0127913774020014	0	0.544	0.567	-0.0127913774020015	-0.0127913774020014	1	300	A29	C2	1000	10000	0	0.5	300	0.1
390	-0.0118026827731498	-0.0118026827731498	0	0.607	0.606	-0.0118026827731498	-0.0118026827731498	FGr	300	A29	C2	1000	10000	0	0.5	300	0.1
391	-0.0118034320107004	-0.0118034320107004	0	0.613	0.622	-0.0118034320107004	-0.0118034320107004	NoCorrection	300	A29	C2	1000	10000	0	0.5	300	0.1
392	-0.0102399657137995	-0.0102399657137995	0	0.651	0.66	-0.0102399657137995	-0.0102399657137995	ID	300	A29	C2	1000	10000	0	0.5	300	0.1
393	0.0203903299053202	0.0203903299053202	0	0.331	0.337	0.0203903299053202	0.0203903299053202	1	300	A29	C2	1000	10000	0	0.5	300	0.5
394	0.0228094397296001	0.0228094397296001	0	0.33	0.318	0.0228094397296001	0.0228094397296001	FGr	300	A29	C2	1000	10000	0	0.5	300	0.5
395	0.0241695081686782	0.0241695081686782	0	0.315	0.313	0.0241695081686782	0.0241695081686782	NoCorrection	300	A29	C2	1000	10000	0	0.5	300	0.5
396	0.03033249148375	0.03033249148375	0	0.121	0.09	0.03033249148375	0.03033249148375	ID	300	A29	C2	1000	10000	0	0.5	300	0.5
397	-0.00914437748240006	-0.00914437748239992	0	0.665	0.635	-0.00914437748240006	-0.00914437748239992	1	300	A29	C2	1000	10000	0	0.5	300	1
398	-0.00353553923437004	-0.00353553923437001	0	0.913	0.9	-0.00353553923437004	-0.00353553923437001	FGr	300	A29	C2	1000	10000	0	0.5	300	1
399	-0.00225467520700039	-0.00225467520700045	0	0.931	0.932	-0.00225467520700039	-0.00225467520700045	NoCorrection	300	A29	C2	1000	10000	0	0.5	300	1
400	0.00784874542827014	0.00784874542827017	0	0.69	0.681	0.00784874542827014	0.00784874542827017	ID	300	A29	C2	1000	10000	0	0.5	300	1
401	-0.00525271493112748	-0.00602659806	0	0.804	0.832	-0.00525271493112748	-0.00602659806	1	1000	A29	C2	1000	10000	0	0.5	300	0
402	-0.00861618827100014	-0.021948321785	0	0.641	0.472	-0.00861618827100014	-0.021948321785	FGr	1000	A29	C2	1000	10000	0	0.5	300	0
403	-0.00858437648034993	-0.0192792292700001	0	0.649	0.573	-0.00858437648034993	-0.0192792292700001	NoCorrection	1000	A29	C2	1000	10000	0	0.5	300	0
404	-0.00544544553114958	-0.00476594819500002	0	0.768	0.876	-0.00544544553114958	-0.00476594819500002	ID	1000	A29	C2	1000	10000	0	0.5	300	0
405	-0.00608891238916047	0.00433967620500021	0	0.722	0.894	-0.00608891238916047	0.00433967620500021	1	1000	A29	C2	1000	10000	0	0.5	300	0.1
406	-0.00644699695885997	0.00667719015999974	0	0.698	0.827	-0.00644699695885997	0.00667719015999974	FGr	1000	A29	C2	1000	10000	0	0.5	300	0.1
407	-0.00641600755723988	0.00385424900499993	0	0.71	0.899	-0.00641600755723988	0.00385424900499993	NoCorrection	1000	A29	C2	1000	10000	0	0.5	300	0.1
408	-0.00518148358677069	0.0052888276750003	0	0.766	0.889	-0.00518148358677069	0.0052888276750003	ID	1000	A29	C2	1000	10000	0	0.5	300	0.1
409	-0.0181929358783499	0.00442849719499929	0	0.27	0.855	-0.0181929358783499	0.00442849719499929	1	1000	A29	C2	1000	10000	0	0.5	300	0.5
410	-0.0306886200514196	-0.0188350447800014	0	0.084	0.543	-0.0306886200514196	-0.0188350447800014	FGr	1000	A29	C2	1000	10000	0	0.5	300	0.5
411	-0.0306737589107994	-0.0188584371850011	0	0.096	0.547	-0.0306737589107994	-0.0188584371850011	NoCorrection	1000	A29	C2	1000	10000	0	0.5	300	0.5
412	-0.0148841585622504	0.0106488106600013	0	0.382	0.682	-0.0148841585622504	0.0106488106600013	ID	1000	A29	C2	1000	10000	0	0.5	300	0.5
413	-0.0218756903674994	-0.0457886158849998	0	0.335	0.173	-0.0218756903674994	-0.0457886158849998	1	1000	A29	C2	1000	10000	0	0.5	300	1
414	-0.0595908852231005	-0.00736495569000069	0	0.06	0.886	-0.0595908852231005	-0.00736495569000069	FGr	1000	A29	C2	1000	10000	0	0.5	300	1
415	-0.0595504404392501	-0.00905209948000141	0	0.06	0.849	-0.0595504404392501	-0.00905209948000141	NoCorrection	1000	A29	C2	1000	10000	0	0.5	300	1
416	-0.0197514254864041	-0.0435940125249999	0	0.359	0.182	-0.0197514254864041	-0.0435940125249999	ID	1000	A29	C2	1000	10000	0	0.5	300	1
417	-0.00836845516850115	-0.0313901535549993	0	0.672	0.536	-0.00836845516850115	-0.0313901535549993	1	10000	A29	C2	1000	10000	0	0.5	300	0
418	-0.00779712522095012	-0.0173706018000003	0	0.737	0.721	-0.00779712522095012	-0.0173706018000003	FGr	10000	A29	C2	1000	10000	0	0.5	300	0
419	-0.00844893837573468	-0.0268519838500011	0	0.702	0.625	-0.00844893837573468	-0.0268519838500011	NoCorrection	10000	A29	C2	1000	10000	0	0.5	300	0
420	-0.0081800969054989	-0.0296549960850001	0	0.707	0.575	-0.0081800969054989	-0.0296549960850001	ID	10000	A29	C2	1000	10000	0	0.5	300	0
421	-0.0276566828695998	0.0181844452399967	0	0.182	0.715	-0.0276566828695998	0.0181844452399967	1	10000	A29	C2	1000	10000	0	0.5	300	0.1
422	-0.0267570899155202	0.0558836133999996	0	0.191	0.251	-0.0267570899155202	0.0558836133999996	FGr	10000	A29	C2	1000	10000	0	0.5	300	0.1
423	-0.0272962352189499	0.0675311445999972	0	0.177	0.18	-0.0272962352189499	0.0675311445999972	NoCorrection	10000	A29	C2	1000	10000	0	0.5	300	0.1
424	-0.02819480542455	0.0297943213600002	0	0.183	0.526	-0.02819480542455	0.0297943213600002	ID	10000	A29	C2	1000	10000	0	0.5	300	0.1
425	0.0116558302584002	0.00647046118999949	0	0.531	0.888	0.0116558302584002	0.00647046118999949	1	10000	A29	C2	1000	10000	0	0.5	300	0.5
426	0.0120864832850499	-0.00381104999999976	0	0.59	0.938	0.0120864832850499	-0.00381104999999976	FGr	10000	A29	C2	1000	10000	0	0.5	300	0.5
427	0.0120646169396502	-0.0037604027499995	0	0.569	0.938	0.0120646169396502	-0.0037604027499995	NoCorrection	10000	A29	C2	1000	10000	0	0.5	300	0.5
428	0.00956692354515501	0.0254820472600002	0	0.612	0.578	0.00956692354515501	0.0254820472600002	ID	10000	A29	C2	1000	10000	0	0.5	300	0.5
429	-0.00502408116929997	-0.0200727777000008	0	0.833	0.7	-0.00502408116929997	-0.0200727777000008	1	10000	A29	C2	1000	10000	0	0.5	300	1
430	-0.00324682199479989	9.70969999991015e-05	0	0.925	1	-0.00324682199479989	9.70969999991015e-05	FGr	10000	A29	C2	1000	10000	0	0.5	300	1
431	-0.0040727904135005	0.0362556941000001	0	0.891	0.589	-0.0040727904135005	0.0362556941000001	NoCorrection	10000	A29	C2	1000	10000	0	0.5	300	1
432	-0.00914727621869998	0.0171897944400009	0	0.688	0.749	-0.00914727621869998	0.0171897944400009	ID	10000	A29	C2	1000	10000	0	0.5	300	1
433	0.013303430889	0.013303430889	0	0.219	0.185	0.013303430889	0.013303430889	1	300	A29	C2	10000	100	0	0.5	300	0
434	0.0132349875325	0.0132349875325	0	0.187	0.178	0.0132349875325	0.0132349875325	FGr	300	A29	C2	10000	100	0	0.5	300	0
435	0.013169964747	0.013169964747	0	0.222	0.204	0.013169964747	0.013169964747	NoCorrection	300	A29	C2	10000	100	0	0.5	300	0
436	0.013052528425	0.013052528425	0	0.213	0.208	0.013052528425	0.013052528425	ID	300	A29	C2	10000	100	0	0.5	300	0
437	0.001330226425	0.001330226425	0	0.922	0.911	0.001330226425	0.001330226425	1	300	A29	C2	10000	100	0	0.5	300	0.1
438	0.00665328015	0.00665328015	0	0.574	0.549	0.00665328015	0.00665328015	FGr	300	A29	C2	10000	100	0	0.5	300	0.1
439	0.00638083983249999	0.00638083983249999	0	0.589	0.569	0.00638083983249999	0.00638083983249999	NoCorrection	300	A29	C2	10000	100	0	0.5	300	0.1
440	0.000713747751500001	0.000713747751500001	0	0.955	0.942	0.000713747751500001	0.000713747751500001	ID	300	A29	C2	10000	100	0	0.5	300	0.1
441	-0.001279637595	-0.00127963759499998	0	0.915	0.92	-0.001279637595	-0.00127963759499998	1	300	A29	C2	10000	100	0	0.5	300	0.5
442	0.02208954932	0.02208954932	0	0.252	0.229	0.02208954932	0.02208954932	FGr	300	A29	C2	10000	100	0	0.5	300	0.5
443	0.02170689401	0.02170689401	0	0.275	0.246	0.02170689401	0.02170689401	NoCorrection	300	A29	C2	10000	100	0	0.5	300	0.5
444	-0.00374541012500005	-0.00374541012499998	0	0.744	0.733	-0.00374541012500005	-0.00374541012499998	ID	300	A29	C2	10000	100	0	0.5	300	0.5
445	-0.0112164302925	-0.0112164302925	0	0.324	0.346	-0.0112164302925	-0.0112164302925	1	300	A29	C2	10000	100	0	0.5	300	1
446	0.04140414616	0.04140414616	0	0.317	0.299	0.04140414616	0.04140414616	FGr	300	A29	C2	10000	100	0	0.5	300	1
447	0.0404407622950001	0.040440762295	0	0.337	0.296	0.0404407622950001	0.040440762295	NoCorrection	300	A29	C2	10000	100	0	0.5	300	1
448	-0.01548472477	-0.01548472477	0	0.133	0.126	-0.01548472477	-0.01548472477	ID	300	A29	C2	10000	100	0	0.5	300	1
449	0.009116155233	0.021901818	0	0.421	0.281	0.009116155233	0.021901818	1	1000	A29	C2	10000	100	0	0.5	300	0
450	0.009110984595	0.019734766	0	0.406	0.332	0.009110984595	0.019734766	FGr	1000	A29	C2	10000	100	0	0.5	300	0
451	0.00916543181	0.0197818415	0	0.41	0.342	0.00916543181	0.0197818415	NoCorrection	1000	A29	C2	10000	100	0	0.5	300	0
452	0.009120203305	0.0217147775000001	0	0.402	0.303	0.009120203305	0.0217147775000001	ID	1000	A29	C2	10000	100	0	0.5	300	0
453	-0.01526238417	-0.00707661699999999	0	0.122	0.675	-0.01526238417	-0.00707661699999999	1	1000	A29	C2	10000	100	0	0.5	300	0.1
454	-0.014624653026	-0.0086784445	0	0.152	0.637	-0.014624653026	-0.0086784445	FGr	1000	A29	C2	10000	100	0	0.5	300	0.1
455	-0.014673544544	-0.008660457	0	0.159	0.639	-0.014673544544	-0.008660457	NoCorrection	1000	A29	C2	10000	100	0	0.5	300	0.1
456	-0.01546128146	-0.00763600849999999	0	0.125	0.647	-0.01546128146	-0.00763600849999999	ID	1000	A29	C2	10000	100	0	0.5	300	0.1
457	-0.003306169781	-0.00991234349999999	0	0.726	0.589	-0.003306169781	-0.00991234349999999	1	1000	A29	C2	10000	100	0	0.5	300	0.5
458	-0.000572501021499996	-0.0303251955	0	0.974	0.343	-0.000572501021499996	-0.0303251955	FGr	1000	A29	C2	10000	100	0	0.5	300	0.5
459	-0.000459315897999979	-0.0302751905	0	0.979	0.344	-0.000459315897999979	-0.0302751905	NoCorrection	1000	A29	C2	10000	100	0	0.5	300	0.5
460	-0.00395629520600001	-0.0106329415	0	0.674	0.557	-0.00395629520600001	-0.0106329415	ID	1000	A29	C2	10000	100	0	0.5	300	0.5
461	-0.0115796422274	0.00997101950000001	0	0.252	0.563	-0.0115796422274	0.00997101950000001	1	1000	A29	C2	10000	100	0	0.5	300	1
462	-0.00569046503	0.00106181800000007	0	0.874	0.989	-0.00569046503	0.00106181800000007	FGr	1000	A29	C2	10000	100	0	0.5	300	1
463	-0.0054956963845	0.00234894400000003	0	0.869	0.97	-0.0054956963845	0.00234894400000003	NoCorrection	1000	A29	C2	10000	100	0	0.5	300	1
464	-0.012933679865	0.00603784900000001	0	0.196	0.728	-0.012933679865	0.00603784900000001	ID	1000	A29	C2	10000	100	0	0.5	300	1
465	-0.000339243999499994	-0.006903613	0	0.98	0.797	-0.000339243999499994	-0.006903613	1	10000	A29	C2	10000	100	0	0.5	300	0
466	-0.000792790187799998	-0.00722183349999999	0	0.953	0.82	-0.000792790187799998	-0.00722183349999999	FGr	10000	A29	C2	10000	100	0	0.5	300	0
467	-0.00089490021	-0.0143013935	0	0.952	0.624	-0.00089490021	-0.0143013935	NoCorrection	10000	A29	C2	10000	100	0	0.5	300	0
468	-0.000307389410000002	-0.00831862699999998	0	0.984	0.773	-0.000307389410000002	-0.00831862699999998	ID	10000	A29	C2	10000	100	0	0.5	300	0
469	-0.006598032565	-0.0378136294999999	0	0.572	0.185	-0.006598032565	-0.0378136294999999	1	10000	A29	C2	10000	100	0	0.5	300	0.1
470	-0.001532781014	-0.0460912235	0	0.913	0.143	-0.001532781014	-0.0460912235	FGr	10000	A29	C2	10000	100	0	0.5	300	0.1
471	-0.00159306754700001	-0.0491612475	0	0.895	0.111	-0.00159306754700001	-0.0491612475	NoCorrection	10000	A29	C2	10000	100	0	0.5	300	0.1
472	-0.00639132374	-0.0411169220000001	0	0.586	0.156	-0.00639132374	-0.0411169220000001	ID	10000	A29	C2	10000	100	0	0.5	300	0.1
473	-0.0149780699735	-0.037596376	0	0.17	0.226	-0.0149780699735	-0.037596376	1	10000	A29	C2	10000	100	0	0.5	300	0.5
474	0.00883538662150003	0.047996677	0	0.684	0.385	0.00883538662150003	0.047996677	FGr	10000	A29	C2	10000	100	0	0.5	300	0.5
475	0.00881893864500001	0.0479662715	0	0.697	0.386	0.00881893864500001	0.0479662715	NoCorrection	10000	A29	C2	10000	100	0	0.5	300	0.5
476	-0.014783984034	-0.040525266	0	0.193	0.191	-0.014783984034	-0.040525266	ID	10000	A29	C2	10000	100	0	0.5	300	0.5
477	-0.012854028516	-0.0210021420000001	0	0.273	0.507	-0.012854028516	-0.0210021420000001	1	10000	A29	C2	10000	100	0	0.5	300	1
478	0.03474943744	0.0479037450000001	0	0.377	0.61	0.03474943744	0.0479037450000001	FGr	10000	A29	C2	10000	100	0	0.5	300	1
479	0.0352072623945	0.069366065	0	0.372	0.459	0.0352072623945	0.069366065	NoCorrection	10000	A29	C2	10000	100	0	0.5	300	1
480	-0.012547710698	-0.016028989	0	0.28	0.611	-0.012547710698	-0.016028989	ID	10000	A29	C2	10000	100	0	0.5	300	1
481	-0.00699378809762499	-0.006993788097625	0	0.301	0.282	-0.00699378809762499	-0.006993788097625	1	300	A29	C2	10000	1000	0	0.5	300	0
482	-0.006678402815	-0.00667840281499999	0	0.313	0.296	-0.006678402815	-0.00667840281499999	FGr	300	A29	C2	10000	1000	0	0.5	300	0
483	-0.00670153429899999	-0.00670153429899999	0	0.305	0.284	-0.00670153429899999	-0.00670153429899999	NoCorrection	300	A29	C2	10000	1000	0	0.5	300	0
484	-0.006663929724	-0.006663929724	0	0.304	0.311	-0.006663929724	-0.006663929724	ID	300	A29	C2	10000	1000	0	0.5	300	0
485	0.0121355876121	0.0121355876121	0	0.075	0.086	0.0121355876121	0.0121355876121	1	300	A29	C2	10000	1000	0	0.5	300	0.1
486	0.010763495819	0.010763495819	0	0.122	0.111	0.010763495819	0.010763495819	FGr	300	A29	C2	10000	1000	0	0.5	300	0.1
487	0.01075027331325	0.01075027331325	0	0.109	0.124	0.01075027331325	0.01075027331325	NoCorrection	300	A29	C2	10000	1000	0	0.5	300	0.1
488	0.01213269019076	0.01213269019076	0	0.069	0.08	0.01213269019076	0.01213269019076	ID	300	A29	C2	10000	1000	0	0.5	300	0.1
489	-0.00803322939859498	-0.00803322939859499	0	0.267	0.257	-0.00803322939859498	-0.00803322939859499	1	300	A29	C2	10000	1000	0	0.5	300	0.5
490	-0.013133091908	-0.013133091908	0	0.235	0.255	-0.013133091908	-0.013133091908	FGr	300	A29	C2	10000	1000	0	0.5	300	0.5
491	-0.0131506142605	-0.0131506142605	0	0.251	0.261	-0.0131506142605	-0.0131506142605	NoCorrection	300	A29	C2	10000	1000	0	0.5	300	0.5
492	-0.0083978256727	-0.0083978256727	0	0.224	0.198	-0.0083978256727	-0.0083978256727	ID	300	A29	C2	10000	1000	0	0.5	300	0.5
493	-0.0090325888725	-0.0090325888725	0	0.209	0.178	-0.0090325888725	-0.0090325888725	1	300	A29	C2	10000	1000	0	0.5	300	1
494	-0.02015952185835	-0.02015952185835	0	0.327	0.353	-0.02015952185835	-0.02015952185835	FGr	300	A29	C2	10000	1000	0	0.5	300	1
495	-0.02014470112045	-0.02014470112045	0	0.374	0.297	-0.02014470112045	-0.02014470112045	NoCorrection	300	A29	C2	10000	1000	0	0.5	300	1
496	-0.009603833792	-0.009603833792	0	0.117	0.142	-0.009603833792	-0.009603833792	ID	300	A29	C2	10000	1000	0	0.5	300	1
497	-0.0101439450124	-0.00814205445	0	0.094	0.432	-0.0101439450124	-0.00814205445	1	1000	A29	C2	10000	1000	0	0.5	300	0
498	-0.01122193456055	-0.0096508867500001	0	0.094	0.397	-0.01122193456055	-0.0096508867500001	FGr	1000	A29	C2	10000	1000	0	0.5	300	0
499	-0.0110949646320999	-0.00957191689999996	0	0.083	0.373	-0.0110949646320999	-0.00957191689999996	NoCorrection	1000	A29	C2	10000	1000	0	0.5	300	0
500	-0.0103622749635	-0.00987660869999995	0	0.108	0.367	-0.0103622749635	-0.00987660869999995	ID	1000	A29	C2	10000	1000	0	0.5	300	0
501	0.0118788757050001	0.00408820834999991	0	0.077	0.708	0.0118788757050001	0.00408820834999991	1	1000	A29	C2	10000	1000	0	0.5	300	0.1
502	0.00412646760620002	-0.00430698675	0	0.548	0.712	0.00412646760620002	-0.00430698675	FGr	1000	A29	C2	10000	1000	0	0.5	300	0.1
503	0.00410459417250005	-0.00424251184999999	0	0.545	0.719	0.00410459417250005	-0.00424251184999999	NoCorrection	1000	A29	C2	10000	1000	0	0.5	300	0.1
504	0.0108124010089999	0.00343321720000005	0	0.085	0.765	0.0108124010089999	0.00343321720000005	ID	1000	A29	C2	10000	1000	0	0.5	300	0.1
505	0.0112476873229	0.00943707970000001	0	0.129	0.403	0.0112476873229	0.00943707970000001	1	1000	A29	C2	10000	1000	0	0.5	300	0.5
506	-0.0140176701656916	-0.00473801145000005	0	0.279	0.806	-0.0140176701656916	-0.00473801145000005	FGr	1000	A29	C2	10000	1000	0	0.5	300	0.5
507	-0.0142491075135	-0.00438482995000011	0	0.241	0.822	-0.0142491075135	-0.00438482995000011	NoCorrection	1000	A29	C2	10000	1000	0	0.5	300	0.5
508	0.012405975677	0.0108419791	0	0.106	0.349	0.012405975677	0.0108419791	ID	1000	A29	C2	10000	1000	0	0.5	300	0.5
509	0.00611935422999999	0.0159196682	0	0.434	0.142	0.00611935422999999	0.0159196682	1	1000	A29	C2	10000	1000	0	0.5	300	1
510	-0.04825044493515	-0.0612639407000001	0	0.065	0.106	-0.04825044493515	-0.0612639407000001	FGr	1000	A29	C2	10000	1000	0	0.5	300	1
511	-0.048699850957	-0.0616555631	0	0.075	0.136	-0.048699850957	-0.0616555631	NoCorrection	1000	A29	C2	10000	1000	0	0.5	300	1
512	0.00806548635025	0.02173603555	0	0.266	0.061	0.00806548635025	0.02173603555	ID	1000	A29	C2	10000	1000	0	0.5	300	1
513	-0.0094734111421	-0.01941579885	0	0.138	0.28	-0.0094734111421	-0.01941579885	1	10000	A29	C2	10000	1000	0	0.5	300	0
514	-0.00911995294275	-0.0179360546	0	0.16	0.309	-0.00911995294275	-0.0179360546	FGr	10000	A29	C2	10000	1000	0	0.5	300	0
515	-0.0090497353919	-0.0181759887	0	0.155	0.308	-0.0090497353919	-0.0181759887	NoCorrection	10000	A29	C2	10000	1000	0	0.5	300	0
516	-0.0094760409586	-0.02084081295	0	0.153	0.241	-0.0094760409586	-0.02084081295	ID	10000	A29	C2	10000	1000	0	0.5	300	0
517	0.00487999225585	-0.00502486310000002	0	0.43	0.741	0.00487999225585	-0.00502486310000002	1	10000	A29	C2	10000	1000	0	0.5	300	0.1
518	0.00577019897749999	-0.01644389825	0	0.371	0.343	0.00577019897749999	-0.01644389825	FGr	10000	A29	C2	10000	1000	0	0.5	300	0.1
519	0.0057860073805	-0.0164351190999999	0	0.349	0.341	0.0057860073805	-0.0164351190999999	NoCorrection	10000	A29	C2	10000	1000	0	0.5	300	0.1
520	0.004923726911	-0.00596612159999996	0	0.412	0.697	0.004923726911	-0.00596612159999996	ID	10000	A29	C2	10000	1000	0	0.5	300	0.1
521	0.001983638189	-0.01504147035	0	0.779	0.346	0.001983638189	-0.01504147035	1	10000	A29	C2	10000	1000	0	0.5	300	0.5
522	0.00719533101600004	-0.00545158644999994	0	0.587	0.872	0.00719533101600004	-0.00545158644999994	FGr	10000	A29	C2	10000	1000	0	0.5	300	0.5
523	0.00708531269499999	-0.00356311925000018	0	0.538	0.903	0.00708531269499999	-0.00356311925000018	NoCorrection	10000	A29	C2	10000	1000	0	0.5	300	0.5
524	0.0021765189199	-0.00315822594999999	0	0.727	0.836	0.0021765189199	-0.00315822594999999	ID	10000	A29	C2	10000	1000	0	0.5	300	0.5
525	0.00619785513989994	0.01704800575	0	0.351	0.316	0.00619785513989994	0.01704800575	1	10000	A29	C2	10000	1000	0	0.5	300	1
526	0.016412164901	0.0124465185000002	0	0.465	0.846	0.016412164901	0.0124465185000002	FGr	10000	A29	C2	10000	1000	0	0.5	300	1
527	0.016379944808	0.0124461610000003	0	0.48	0.844	0.016379944808	0.0124461610000003	NoCorrection	10000	A29	C2	10000	1000	0	0.5	300	1
528	0.00664875575117406	0.0204158033	0	0.33	0.239	0.00664875575117406	0.0204158033	ID	10000	A29	C2	10000	1000	0	0.5	300	1
529	-0.000623154725999913	-0.000623154725999927	0	0.908	0.924	-0.000623154725999913	-0.000623154725999927	1	300	A29	C2	10000	10000	0	0.5	300	0
530	-0.000677570354599976	-0.000677570354599961	0	0.921	0.918	-0.000677570354599976	-0.000677570354599961	FGr	300	A29	C2	10000	10000	0	0.5	300	0
531	-0.000700377611774947	-0.000700377611774964	0	0.915	0.902	-0.000700377611774947	-0.000700377611774964	NoCorrection	300	A29	C2	10000	10000	0	0.5	300	0
532	-0.000643783096289823	-0.000643783096289836	0	0.915	0.928	-0.000643783096289823	-0.000643783096289836	ID	300	A29	C2	10000	10000	0	0.5	300	0
533	0.00346501538312308	0.00346501538312309	0	0.54	0.569	0.00346501538312308	0.00346501538312309	1	300	A29	C2	10000	10000	0	0.5	300	0.1
534	0.00402394837814989	0.00402394837814988	0	0.51	0.517	0.00402394837814989	0.00402394837814988	FGr	300	A29	C2	10000	10000	0	0.5	300	0.1
535	0.0040138124522	0.00401381245220001	0	0.495	0.475	0.0040138124522	0.00401381245220001	NoCorrection	300	A29	C2	10000	10000	0	0.5	300	0.1
536	0.0032555976476	0.00325559764760001	0	0.599	0.595	0.0032555976476	0.00325559764760001	ID	300	A29	C2	10000	10000	0	0.5	300	0.1
537	-0.000630309324149789	-0.000630309324149767	0	0.911	0.91	-0.000630309324149789	-0.000630309324149767	1	300	A29	C2	10000	10000	0	0.5	300	0.5
538	0.00401538249039988	0.00401538249039988	0	0.722	0.732	0.00401538249039988	0.00401538249039988	FGr	300	A29	C2	10000	10000	0	0.5	300	0.5
539	0.004024115821885	0.00402411582188498	0	0.734	0.727	0.004024115821885	0.00402411582188498	NoCorrection	300	A29	C2	10000	10000	0	0.5	300	0.5
540	0.000290384134550207	0.000290384134550183	0	0.957	0.952	0.000290384134550207	0.000290384134550183	ID	300	A29	C2	10000	10000	0	0.5	300	0.5
541	-0.00413901630905012	-0.00413901630905012	0	0.559	0.51	-0.00413901630905012	-0.00413901630905012	1	300	A29	C2	10000	10000	0	0.5	300	1
542	0.00467967375285018	0.0046796737528502	0	0.845	0.797	0.00467967375285018	0.0046796737528502	FGr	300	A29	C2	10000	10000	0	0.5	300	1
543	0.00470089625309976	0.0047008962530998	0	0.821	0.799	0.00470089625309976	0.0047008962530998	NoCorrection	300	A29	C2	10000	10000	0	0.5	300	1
544	-0.00242555033540008	-0.00242555033540007	0	0.672	0.682	-0.00242555033540008	-0.00242555033540007	ID	300	A29	C2	10000	10000	0	0.5	300	1
545	-0.00524034439616499	-0.008709824245	0	0.366	0.378	-0.00524034439616499	-0.008709824245	1	1000	A29	C2	10000	10000	0	0.5	300	0
546	-0.00507815421854999	-0.00801352632999999	0	0.397	0.401	-0.00507815421854999	-0.00801352632999999	FGr	1000	A29	C2	10000	10000	0	0.5	300	0
547	-0.00509958076585	-0.00809538231000001	0	0.373	0.405	-0.00509958076585	-0.00809538231000001	NoCorrection	1000	A29	C2	10000	10000	0	0.5	300	0
548	-0.00560229012148	-0.01027148769	0	0.307	0.278	-0.00560229012148	-0.01027148769	ID	1000	A29	C2	10000	10000	0	0.5	300	0
549	0.00200601928955009	-0.000394861799999952	0	0.75	0.961	0.00200601928955009	-0.000394861799999952	1	1000	A29	C2	10000	10000	0	0.5	300	0.1
550	-0.00108652941239307	-0.00141507916	0	0.876	0.898	-0.00108652941239307	-0.00141507916	FGr	1000	A29	C2	10000	10000	0	0.5	300	0.1
551	-0.00109395527244004	-0.00175089935000005	0	0.896	0.849	-0.00109395527244004	-0.00175089935000005	NoCorrection	1000	A29	C2	10000	10000	0	0.5	300	0.1
552	0.00191542696513004	0.000893203899999999	0	0.776	0.931	0.00191542696513004	0.000893203899999999	ID	1000	A29	C2	10000	10000	0	0.5	300	0.1
553	0.00555925416926	0.00441973624499987	0	0.354	0.655	0.00555925416926	0.00441973624499987	1	1000	A29	C2	10000	10000	0	0.5	300	0.5
554	-0.0076792643227999	0.00841006339499981	0	0.456	0.681	-0.0076792643227999	0.00841006339499981	FGr	1000	A29	C2	10000	10000	0	0.5	300	0.5
555	-0.00772153061852504	0.00878478377000003	0	0.499	0.639	-0.00772153061852504	0.00878478377000003	NoCorrection	1000	A29	C2	10000	10000	0	0.5	300	0.5
556	0.00553106257650001	0.00942153086000001	0	0.341	0.359	0.00553106257650001	0.00942153086000001	ID	1000	A29	C2	10000	10000	0	0.5	300	0.5
557	-0.000324148792399915	-0.000472569660000004	0	0.952	0.964	-0.000324148792399915	-0.000472569660000004	1	1000	A29	C2	10000	10000	0	0.5	300	1
558	-0.0275637534384	-0.0186219916700002	0	0.165	0.645	-0.0275637534384	-0.0186219916700002	FGr	1000	A29	C2	10000	10000	0	0.5	300	1
559	-0.0276397883967005	-0.0158541373800003	0	0.176	0.651	-0.0276397883967005	-0.0158541373800003	NoCorrection	1000	A29	C2	10000	10000	0	0.5	300	1
560	-8.54124226000321e-05	0.00930439100000002	0	0.988	0.331	-8.54124226000321e-05	0.00930439100000002	ID	1000	A29	C2	10000	10000	0	0.5	300	1
561	0.00794216089309995	0.0253144028399999	0	0.23	0.09	0.00794216089309995	0.0253144028399999	1	10000	A29	C2	10000	10000	0	0.5	300	0
562	0.00739768784580003	0.0252851029700004	0	0.243	0.099	0.00739768784580003	0.0252851029700004	FGr	10000	A29	C2	10000	10000	0	0.5	300	0
563	0.00768431243758006	0.0277761958800002	0	0.22	0.059	0.00768431243758006	0.0277761958800002	NoCorrection	10000	A29	C2	10000	10000	0	0.5	300	0
564	0.00791312532972504	0.02606925433	0	0.218	0.064	0.00791312532972504	0.02606925433	ID	10000	A29	C2	10000	10000	0	0.5	300	0
565	-0.00653416273590004	-0.00762423991999977	0	0.288	0.624	-0.00653416273590004	-0.00762423991999977	1	10000	A29	C2	10000	10000	0	0.5	300	0.1
566	-0.0091160550173	-0.00935023674000038	0	0.161	0.56	-0.0091160550173	-0.00935023674000038	FGr	10000	A29	C2	10000	10000	0	0.5	300	0.1
567	-0.00949491484493009	-0.00712990399499906	0	0.149	0.651	-0.00949491484493009	-0.00712990399499906	NoCorrection	10000	A29	C2	10000	10000	0	0.5	300	0.1
568	-0.006414606608525	-0.00746637340999977	0	0.322	0.605	-0.006414606608525	-0.00746637340999977	ID	10000	A29	C2	10000	10000	0	0.5	300	0.1
569	-0.00775419551499999	-0.00974029442999994	0	0.153	0.539	-0.00775419551499999	-0.00974029442999994	1	10000	A29	C2	10000	10000	0	0.5	300	0.5
570	-0.0205933884208201	-0.0342348224449999	0	0.048	0.199	-0.0205933884208201	-0.0342348224449999	FGr	10000	A29	C2	10000	10000	0	0.5	300	0.5
571	-0.0209398333216999	-0.026925218825	0	0.044	0.307	-0.0209398333216999	-0.026925218825	NoCorrection	10000	A29	C2	10000	10000	0	0.5	300	0.5
572	-0.00768264924145001	-0.0106304590200001	0	0.157	0.492	-0.00768264924145001	-0.0106304590200001	ID	10000	A29	C2	10000	10000	0	0.5	300	0.5
573	0.012889013464925	-0.00748286685499999	0	0.065	0.625	0.012889013464925	-0.00748286685499999	1	10000	A29	C2	10000	10000	0	0.5	300	1
574	-0.0140822421463001	-0.0275960398	0	0.503	0.599	-0.0140822421463001	-0.0275960398	FGr	10000	A29	C2	10000	10000	0	0.5	300	1
575	-0.0154218132493099	-0.0238515743	0	0.485	0.637	-0.0154218132493099	-0.0238515743	NoCorrection	10000	A29	C2	10000	10000	0	0.5	300	1
576	0.013114318436085	-0.00141161281000001	0	0.047	0.945	0.013114318436085	-0.00141161281000001	ID	10000	A29	C2	10000	10000	0	0.5	300	1
