	c-q	nc-q	true-q	c-p	nc-p	c-bias	nc-bias	type	L	rep	config	gwas_size	test_size	h2	ts	num_causal	env
1	0.0224430828750001	0.022443082875	0	0.487	0.526	0.0224430828750001	0.022443082875	1	300	A23	C1	1000	100	0	0.5	300	0
2	0.0521115008	0.0521115008	0	0.115	0.139	0.0521115008	0.0521115008	FGr	300	A23	C1	1000	100	0	0.5	300	0
3	0.03601223493	0.03601223493	0	0.285	0.284	0.03601223493	0.03601223493	NoCorrection	300	A23	C1	1000	100	0	0.5	300	0
4	0.0201233503	0.0201233503	0	0.544	0.553	0.0201233503	0.0201233503	ID	300	A23	C1	1000	100	0	0.5	300	0
5	0.0345442404535	0.0345442404535001	0	0.4	0.394	0.0345442404535	0.0345442404535001	1	300	A23	C1	1000	100	0	0.5	300	0.1
6	0.089514697135	0.0895146971350002	0	0.025	0.031	0.089514697135	0.0895146971350002	FGr	300	A23	C1	1000	100	0	0.5	300	0.1
7	0.08010064735	0.08010064735	0	0.051	0.038	0.08010064735	0.08010064735	NoCorrection	300	A23	C1	1000	100	0	0.5	300	0.1
8	0.0333630951259999	0.033363095126	0	0.424	0.414	0.0333630951259999	0.033363095126	ID	300	A23	C1	1000	100	0	0.5	300	0.1
9	-0.02376872711	-0.02376872711	0	0.555	0.552	-0.02376872711	-0.02376872711	1	300	A23	C1	1000	100	0	0.5	300	0.5
10	0.109909898315	0.109909898315	0	0.011	0.012	0.109909898315	0.109909898315	FGr	300	A23	C1	1000	100	0	0.5	300	0.5
11	0.17005250008	0.17005250008	0	0	0	0.17005250008	0.17005250008	NoCorrection	300	A23	C1	1000	100	0	0.5	300	0.5
12	-0.022718339694	-0.022718339694	0	0.566	0.584	-0.022718339694	-0.022718339694	ID	300	A23	C1	1000	100	0	0.5	300	0.5
13	0.0225875672075	0.0225875672075001	0	0.583	0.575	0.0225875672075	0.0225875672075001	1	300	A23	C1	1000	100	0	0.5	300	1
14	0.27106311058	0.27106311058	0	0	0	0.27106311058	0.27106311058	FGr	300	A23	C1	1000	100	0	0.5	300	1
15	0.357816001285	0.357816001285	0	0	0	0.357816001285	0.357816001285	NoCorrection	300	A23	C1	1000	100	0	0.5	300	1
16	0.0124282853595	0.0124282853595	0	0.76	0.766	0.0124282853595	0.0124282853595	ID	300	A23	C1	1000	100	0	0.5	300	1
17	-0.0474084425	0.017547792	0	0.203	0.755	-0.0474084425	0.017547792	1	1000	A23	C1	1000	100	0	0.5	300	0
18	-0.064827928487	-0.0618014405	0	0.092	0.292	-0.064827928487	-0.0618014405	FGr	1000	A23	C1	1000	100	0	0.5	300	0
19	-0.049436140835	0.017710212	0	0.198	0.745	-0.049436140835	0.017710212	NoCorrection	1000	A23	C1	1000	100	0	0.5	300	0
20	-0.05896246707	-0.026529038	0	0.1	0.691	-0.05896246707	-0.026529038	ID	1000	A23	C1	1000	100	0	0.5	300	0
21	-0.0318838918499999	-0.00816239700000003	0	0.402	0.885	-0.0318838918499999	-0.00816239700000003	1	1000	A23	C1	1000	100	0	0.5	300	0.1
22	-0.01369132785	0.00936400699999991	0	0.734	0.877	-0.01369132785	0.00936400699999991	FGr	1000	A23	C1	1000	100	0	0.5	300	0.1
23	0.03220166337	0.116751604	0	0.412	0.08	0.03220166337	0.116751604	NoCorrection	1000	A23	C1	1000	100	0	0.5	300	0.1
24	-0.042420422255	-0.0584914545	0	0.295	0.358	-0.042420422255	-0.0584914545	ID	1000	A23	C1	1000	100	0	0.5	300	0.1
25	-0.0247960832495	-0.051705925	0	0.425	0.349	-0.0247960832495	-0.051705925	1	1000	A23	C1	1000	100	0	0.5	300	0.5
26	0.04487338287	0.105452056	0	0.198	0.073	0.04487338287	0.105452056	FGr	1000	A23	C1	1000	100	0	0.5	300	0.5
27	0.11834822355	0.273656458	0	0.001	0	0.11834822355	0.273656458	NoCorrection	1000	A23	C1	1000	100	0	0.5	300	0.5
28	-0.01393311987	-0.032713389	0	0.655	0.547	-0.01393311987	-0.032713389	ID	1000	A23	C1	1000	100	0	0.5	300	0.5
29	0.017864534313	-0.0192718485000001	0	0.617	0.754	0.017864534313	-0.0192718485000001	1	1000	A23	C1	1000	100	0	0.5	300	1
30	0.205149948655	0.44811601	0	0	0	0.205149948655	0.44811601	FGr	1000	A23	C1	1000	100	0	0.5	300	1
31	0.3518943233825	0.878604623	0	0	0	0.3518943233825	0.878604623	NoCorrection	1000	A23	C1	1000	100	0	0.5	300	1
32	0.0265982765949999	0.0142490435000001	0	0.48	0.817	0.0265982765949999	0.0142490435000001	ID	1000	A23	C1	1000	100	0	0.5	300	1
33	0.00821379161000007	-0.2085568445	0	0.816	0.018	0.00821379161000007	-0.2085568445	1	10000	A23	C1	1000	100	0	0.5	300	0
34	0.013903576375	-0.1671633425	0	0.715	0.081	0.013903576375	-0.1671633425	FGr	10000	A23	C1	1000	100	0	0.5	300	0
35	0.0325384873099999	-0.040763619	0	0.421	0.658	0.0325384873099999	-0.040763619	NoCorrection	10000	A23	C1	1000	100	0	0.5	300	0
36	0.0083898395199999	-0.2070243625	0	0.832	0.018	0.0083898395199999	-0.2070243625	ID	10000	A23	C1	1000	100	0	0.5	300	0
37	-0.00679881275350005	-0.020668619	0	0.852	0.836	-0.00679881275350005	-0.020668619	1	10000	A23	C1	1000	100	0	0.5	300	0.1
38	0.016423163329	0.105527944	0	0.622	0.308	0.016423163329	0.105527944	FGr	10000	A23	C1	1000	100	0	0.5	300	0.1
39	0.084310321985	0.442854745	0	0.032	0	0.084310321985	0.442854745	NoCorrection	10000	A23	C1	1000	100	0	0.5	300	0.1
40	-0.00342697179299997	0.0120346315	0	0.924	0.913	-0.00342697179299997	0.0120346315	ID	10000	A23	C1	1000	100	0	0.5	300	0.1
41	0.00682249184	0.033214087	0	0.855	0.729	0.00682249184	0.033214087	1	10000	A23	C1	1000	100	0	0.5	300	0.5
42	0.0270840996	0.113131721	0	0.523	0.228	0.0270840996	0.113131721	FGr	10000	A23	C1	1000	100	0	0.5	300	0.5
43	0.18614858616	0.99299165	0	0	0	0.18614858616	0.99299165	NoCorrection	10000	A23	C1	1000	100	0	0.5	300	0.5
44	0.0102820059	0.0442142680000001	0	0.81	0.646	0.0102820059	0.0442142680000001	ID	10000	A23	C1	1000	100	0	0.5	300	0.5
45	0.01553114778	0.0245179000000001	0	0.75	0.82	0.01553114778	0.0245179000000001	1	10000	A23	C1	1000	100	0	0.5	300	1
46	0.05486264304	0.26849467	0	0.238	0.006	0.05486264304	0.26849467	FGr	10000	A23	C1	1000	100	0	0.5	300	1
47	0.40192186775	2.21297338	0	0	0	0.40192186775	2.21297338	NoCorrection	10000	A23	C1	1000	100	0	0.5	300	1
48	0.01694621391	0.0244857849999999	0	0.69	0.829	0.01694621391	0.0244857849999999	ID	10000	A23	C1	1000	100	0	0.5	300	1
49	-0.0206297325384	-0.0206297325383999	0	0.478	0.444	-0.0206297325384	-0.0206297325383999	1	300	A23	C1	1000	1000	0	0.5	300	0
50	-0.0186920582102	-0.0186920582102001	0	0.49	0.512	-0.0186920582102	-0.0186920582102001	FGr	300	A23	C1	1000	1000	0	0.5	300	0
51	-0.0263195248979999	-0.0263195248979999	0	0.359	0.341	-0.0263195248979999	-0.0263195248979999	NoCorrection	300	A23	C1	1000	1000	0	0.5	300	0
52	-0.00727341493221994	-0.00727341493221996	0	0.801	0.795	-0.00727341493221994	-0.00727341493221996	ID	300	A23	C1	1000	1000	0	0.5	300	0
53	-0.0136216171999998	-0.0136216171999999	0	0.638	0.655	-0.0136216171999998	-0.0136216171999999	1	300	A23	C1	1000	1000	0	0.5	300	0.1
54	0.0452127363365	0.0452127363365	0	0.15	0.119	0.0452127363365	0.0452127363365	FGr	300	A23	C1	1000	1000	0	0.5	300	0.1
55	0.0779989710204999	0.0779989710204999	0	0.012	0.016	0.0779989710204999	0.0779989710204999	NoCorrection	300	A23	C1	1000	1000	0	0.5	300	0.1
56	0.00481722023314999	0.0048172202331499	0	0.872	0.852	0.00481722023314999	0.0048172202331499	ID	300	A23	C1	1000	1000	0	0.5	300	0.1
57	-0.0458539843435001	-0.0458539843435002	0	0.114	0.117	-0.0458539843435001	-0.0458539843435002	1	300	A23	C1	1000	1000	0	0.5	300	0.5
58	0.066732312664	0.066732312664	0	0.044	0.049	0.066732312664	0.066732312664	FGr	300	A23	C1	1000	1000	0	0.5	300	0.5
59	0.141711056549	0.141711056549	0	0	0	0.141711056549	0.141711056549	NoCorrection	300	A23	C1	1000	1000	0	0.5	300	0.5
60	-0.0286140432500001	-0.0286140432500001	0	0.357	0.354	-0.0286140432500001	-0.0286140432500001	ID	300	A23	C1	1000	1000	0	0.5	300	0.5
61	-0.001361828597	-0.00136182859700003	0	0.96	0.948	-0.001361828597	-0.00136182859700003	1	300	A23	C1	1000	1000	0	0.5	300	1
62	0.206978859564	0.206978859564	0	0	0	0.206978859564	0.206978859564	FGr	300	A23	C1	1000	1000	0	0.5	300	1
63	0.3518541521365	0.3518541521365	0	0	0	0.3518541521365	0.3518541521365	NoCorrection	300	A23	C1	1000	1000	0	0.5	300	1
64	-0.00677350991499992	-0.00677350991499989	0	0.826	0.827	-0.00677350991499992	-0.00677350991499989	ID	300	A23	C1	1000	1000	0	0.5	300	1
65	-0.0253450188629999	0.0713494599999998	0	0.367	0.143	-0.0253450188629999	0.0713494599999998	1	1000	A23	C1	1000	1000	0	0.5	300	0
66	-0.03385088432	0.0415233238000004	0	0.244	0.381	-0.03385088432	0.0415233238000004	FGr	1000	A23	C1	1000	1000	0	0.5	300	0
67	-0.02851128249	0.0621118957499999	0	0.273	0.195	-0.02851128249	0.0621118957499999	NoCorrection	1000	A23	C1	1000	1000	0	0.5	300	0
68	-0.0166768938670001	0.0908868366499992	0	0.566	0.048	-0.0166768938670001	0.0908868366499992	ID	1000	A23	C1	1000	1000	0	0.5	300	0
69	0.0169728516445	0.00568057394999997	0	0.57	0.913	0.0169728516445	0.00568057394999997	1	1000	A23	C1	1000	1000	0	0.5	300	0.1
70	0.031592585005	0.0487130346	0	0.313	0.292	0.031592585005	0.0487130346	FGr	1000	A23	C1	1000	1000	0	0.5	300	0.1
71	0.0726825184175	0.16483245215	0	0.017	0	0.0726825184175	0.16483245215	NoCorrection	1000	A23	C1	1000	1000	0	0.5	300	0.1
72	0.027235158641	0.0442385852	0	0.373	0.325	0.027235158641	0.0442385852	ID	1000	A23	C1	1000	1000	0	0.5	300	0.1
73	0.0374499980855	0.09830661335	0	0.187	0.039	0.0374499980855	0.09830661335	1	1000	A23	C1	1000	1000	0	0.5	300	0.5
74	0.109565791697	0.28810061985	0	0	0	0.109565791697	0.28810061985	FGr	1000	A23	C1	1000	1000	0	0.5	300	0.5
75	0.20567764282	0.5845417403	0	0	0	0.20567764282	0.5845417403	NoCorrection	1000	A23	C1	1000	1000	0	0.5	300	0.5
76	0.052555064564	0.143898661	0	0.061	0	0.052555064564	0.143898661	ID	1000	A23	C1	1000	1000	0	0.5	300	0.5
77	-0.0347605779965	-0.0173893192500001	0	0.207	0.709	-0.0347605779965	-0.0173893192500001	1	1000	A23	C1	1000	1000	0	0.5	300	1
78	0.0759571224275	0.27691816025	0	0.017	0	0.0759571224275	0.27691816025	FGr	1000	A23	C1	1000	1000	0	0.5	300	1
79	0.275814113902	0.83769034135	0	0	0	0.275814113902	0.83769034135	NoCorrection	1000	A23	C1	1000	1000	0	0.5	300	1
80	-0.0401690268365	-0.03573222755	0	0.176	0.412	-0.0401690268365	-0.03573222755	ID	1000	A23	C1	1000	1000	0	0.5	300	1
81	-0.00511249898799994	0.00792654050000004	0	0.867	0.902	-0.00511249898799994	0.00792654050000004	1	10000	A23	C1	1000	1000	0	0.5	300	0
82	-0.00218906824050007	0.0132714530000003	0	0.941	0.847	-0.00218906824050007	0.0132714530000003	FGr	10000	A23	C1	1000	1000	0	0.5	300	0
83	0.000727837742999988	0.0360411775000001	0	0.973	0.586	0.000727837742999988	0.0360411775000001	NoCorrection	10000	A23	C1	1000	1000	0	0.5	300	0
84	-0.00191712501100002	0.0137511705000004	0	0.944	0.825	-0.00191712501100002	0.0137511705000004	ID	10000	A23	C1	1000	1000	0	0.5	300	0
85	0.028894129476	0.03214542895	0	0.322	0.637	0.028894129476	0.03214542895	1	10000	A23	C1	1000	1000	0	0.5	300	0.1
86	0.0371924257294999	0.0606112669999998	0	0.221	0.398	0.0371924257294999	0.0606112669999998	FGr	10000	A23	C1	1000	1000	0	0.5	300	0.1
87	0.0954704975510002	0.4940539091	0	0	0	0.0954704975510002	0.4940539091	NoCorrection	10000	A23	C1	1000	1000	0	0.5	300	0.1
88	0.0317048720264998	0.0382628358	0	0.277	0.599	0.0317048720264998	0.0382628358	ID	10000	A23	C1	1000	1000	0	0.5	300	0.1
89	0.00338649912800002	0.2281228264	0	0.913	0.001	0.00338649912800002	0.2281228264	1	10000	A23	C1	1000	1000	0	0.5	300	0.5
90	0.00858844567699998	0.2141402916	0	0.747	0.001	0.00858844567699998	0.2141402916	FGr	10000	A23	C1	1000	1000	0	0.5	300	0.5
91	0.186523268873	1.182255933	0	0	0	0.186523268873	1.182255933	NoCorrection	10000	A23	C1	1000	1000	0	0.5	300	0.5
92	0.00327796372000004	0.1746448287	0	0.909	0.013	0.00327796372000004	0.1746448287	ID	10000	A23	C1	1000	1000	0	0.5	300	0.5
93	-0.0007920564975	0.0948236879999998	0	0.971	0.188	-0.0007920564975	0.0948236879999998	1	10000	A23	C1	1000	1000	0	0.5	300	1
94	0.0389987145990001	0.307504502	0	0.164	0	0.0389987145990001	0.307504502	FGr	10000	A23	C1	1000	1000	0	0.5	300	1
95	0.382023613428	2.1798907275	0	0	0	0.382023613428	2.1798907275	NoCorrection	10000	A23	C1	1000	1000	0	0.5	300	1
96	0.00353642002000002	0.123888131	0	0.91	0.079	0.00353642002000002	0.123888131	ID	10000	A23	C1	1000	1000	0	0.5	300	1
97	-0.0428153139195498	-0.0428153139195499	0	0.088	0.085	-0.0428153139195498	-0.0428153139195499	1	300	A23	C1	1000	10000	0	0.5	300	0
98	-0.071017062637	-0.071017062637	0	0.007	0.009	-0.071017062637	-0.071017062637	FGr	300	A23	C1	1000	10000	0	0.5	300	0
99	-0.0456252486509999	-0.0456252486509999	0	0.073	0.075	-0.0456252486509999	-0.0456252486509999	NoCorrection	300	A23	C1	1000	10000	0	0.5	300	0
100	-0.0481102760734998	-0.0481102760734998	0	0.054	0.065	-0.0481102760734998	-0.0481102760734998	ID	300	A23	C1	1000	10000	0	0.5	300	0
101	0.0283584262349098	0.0283584262349098	0	0.32	0.35	0.0283584262349098	0.0283584262349098	1	300	A23	C1	1000	10000	0	0.5	300	0.1
102	0.0369233847102502	0.0369233847102502	0	0.209	0.188	0.0369233847102502	0.0369233847102502	FGr	300	A23	C1	1000	10000	0	0.5	300	0.1
103	0.0726037447611249	0.0726037447611249	0	0.009	0.012	0.0726037447611249	0.0726037447611249	NoCorrection	300	A23	C1	1000	10000	0	0.5	300	0.1
104	0.00667118822349975	0.00667118822349978	0	0.812	0.791	0.00667118822349975	0.00667118822349978	ID	300	A23	C1	1000	10000	0	0.5	300	0.1
105	0.0112588139504497	0.0112588139504497	0	0.702	0.698	0.0112588139504497	0.0112588139504497	1	300	A23	C1	1000	10000	0	0.5	300	0.5
106	0.11928158106545	0.11928158106545	0	0	0	0.11928158106545	0.11928158106545	FGr	300	A23	C1	1000	10000	0	0.5	300	0.5
107	0.247388752904749	0.247388752904749	0	0	0	0.247388752904749	0.247388752904749	NoCorrection	300	A23	C1	1000	10000	0	0.5	300	0.5
108	0.00604994372365018	0.00604994372365021	0	0.835	0.824	0.00604994372365018	0.00604994372365021	ID	300	A23	C1	1000	10000	0	0.5	300	0.5
109	0.0174030182344998	0.0174030182344999	0	0.523	0.519	0.0174030182344998	0.0174030182344999	1	300	A23	C1	1000	10000	0	0.5	300	1
110	0.227466975285951	0.227466975285951	0	0	0	0.227466975285951	0.227466975285951	FGr	300	A23	C1	1000	10000	0	0.5	300	1
111	0.46072468651985	0.46072468651985	0	0	0	0.46072468651985	0.46072468651985	NoCorrection	300	A23	C1	1000	10000	0	0.5	300	1
112	0.0219272080013002	0.0219272080013002	0	0.388	0.364	0.0219272080013002	0.0219272080013002	ID	300	A23	C1	1000	10000	0	0.5	300	1
113	0.0178002972381498	0.07595067361	0	0.494	0.065	0.0178002972381498	0.07595067361	1	1000	A23	C1	1000	10000	0	0.5	300	0
114	0.00206988130340012	0.0352764954249992	0	0.94	0.389	0.00206988130340012	0.0352764954249992	FGr	1000	A23	C1	1000	10000	0	0.5	300	0
115	0.0292488592494498	0.104774042649999	0	0.229	0.011	0.0292488592494498	0.104774042649999	NoCorrection	1000	A23	C1	1000	10000	0	0.5	300	0
116	0.0171086233967499	0.0768213248950008	0	0.501	0.063	0.0171086233967499	0.0768213248950008	ID	1000	A23	C1	1000	10000	0	0.5	300	0
117	0.02487732020755	0.06105584954	0	0.399	0.155	0.02487732020755	0.06105584954	1	1000	A23	C1	1000	10000	0	0.5	300	0.1
118	0.02105565233695	0.0505665236199996	0	0.438	0.224	0.02105565233695	0.0505665236199996	FGr	1000	A23	C1	1000	10000	0	0.5	300	0.1
119	0.0332299917400002	0.0732432547850001	0	0.225	0.07	0.0332299917400002	0.0732432547850001	NoCorrection	1000	A23	C1	1000	10000	0	0.5	300	0.1
120	0.02776358000315	0.0632148480099997	0	0.28	0.133	0.02776358000315	0.0632148480099997	ID	1000	A23	C1	1000	10000	0	0.5	300	0.1
121	-0.0183143152753999	-0.040312186505	0	0.466	0.312	-0.0183143152753999	-0.040312186505	1	1000	A23	C1	1000	10000	0	0.5	300	0.5
122	0.0205532994173	0.06502825834	0	0.447	0.127	0.0205532994173	0.06502825834	FGr	1000	A23	C1	1000	10000	0	0.5	300	0.5
123	0.1121119643555	0.331959988165	0	0.001	0	0.1121119643555	0.331959988165	NoCorrection	1000	A23	C1	1000	10000	0	0.5	300	0.5
124	-0.01870868170515	-0.043402468045	0	0.478	0.276	-0.01870868170515	-0.043402468045	ID	1000	A23	C1	1000	10000	0	0.5	300	0.5
125	-0.00470166335905004	-0.04192221239	0	0.854	0.282	-0.00470166335905004	-0.04192221239	1	1000	A23	C1	1000	10000	0	0.5	300	1
126	0.0612190946035001	0.18582067331	0	0.04	0	0.0612190946035001	0.18582067331	FGr	1000	A23	C1	1000	10000	0	0.5	300	1
127	0.2863401468587	0.87964367505	0	0	0	0.2863401468587	0.87964367505	NoCorrection	1000	A23	C1	1000	10000	0	0.5	300	1
128	-0.0111265412156002	-0.062028804075	0	0.641	0.11	-0.0111265412156002	-0.062028804075	ID	1000	A23	C1	1000	10000	0	0.5	300	1
129	0.0215757286677001	0.07603292515	0	0.487	0.278	0.0215757286677001	0.07603292515	1	10000	A23	C1	1000	10000	0	0.5	300	0
130	0.0254234888797001	0.0933461862549998	0	0.389	0.175	0.0254234888797001	0.0933461862549998	FGr	10000	A23	C1	1000	10000	0	0.5	300	0
131	0.00341313272100004	-0.0469688917950001	0	0.906	0.491	0.00341313272100004	-0.0469688917950001	NoCorrection	10000	A23	C1	1000	10000	0	0.5	300	0
132	0.0204296939539	0.0841533840049999	0	0.478	0.224	0.0204296939539	0.0841533840049999	ID	10000	A23	C1	1000	10000	0	0.5	300	0
133	-0.00706387797245015	-0.0841693074149997	0	0.798	0.186	-0.00706387797245015	-0.0841693074149997	1	10000	A23	C1	1000	10000	0	0.5	300	0.1
134	-0.00351876257910013	-0.073471149225	0	0.896	0.243	-0.00351876257910013	-0.073471149225	FGr	10000	A23	C1	1000	10000	0	0.5	300	0.1
135	0.0360003612407497	0.16751295522	0	0.206	0.011	0.0360003612407497	0.16751295522	NoCorrection	10000	A23	C1	1000	10000	0	0.5	300	0.1
136	-0.0060521030992502	-0.0784867252900002	0	0.831	0.232	-0.0060521030992502	-0.0784867252900002	ID	10000	A23	C1	1000	10000	0	0.5	300	0.1
137	0.0272262741630507	0.0680282748499994	0	0.335	0.309	0.0272262741630507	0.0680282748499994	1	10000	A23	C1	1000	10000	0	0.5	300	0.5
138	0.0300058552627494	0.10154979035	0	0.29	0.14	0.0300058552627494	0.10154979035	FGr	10000	A23	C1	1000	10000	0	0.5	300	0.5
139	0.1811066038133	0.9877530589	0	0	0	0.1811066038133	0.9877530589	NoCorrection	10000	A23	C1	1000	10000	0	0.5	300	0.5
140	0.0196818859929999	0.0249885874000002	0	0.491	0.706	0.0196818859929999	0.0249885874000002	ID	10000	A23	C1	1000	10000	0	0.5	300	0.5
141	-0.0121219450070496	-0.0651950442800003	0	0.644	0.322	-0.0121219450070496	-0.0651950442800003	1	10000	A23	C1	1000	10000	0	0.5	300	1
142	0.00882352335739982	0.0237732406900002	0	0.783	0.711	0.00882352335739982	0.0237732406900002	FGr	10000	A23	C1	1000	10000	0	0.5	300	1
143	0.346282751223585	1.90001937015	0	0	0	0.346282751223585	1.90001937015	NoCorrection	10000	A23	C1	1000	10000	0	0.5	300	1
144	-0.0113808515055501	-0.095350747225	0	0.665	0.158	-0.0113808515055501	-0.095350747225	ID	10000	A23	C1	1000	10000	0	0.5	300	1
145	0.00276238523999998	0.00276238524000001	0	0.825	0.812	0.00276238523999998	0.00276238524000001	1	300	A23	C1	10000	100	0	0.5	300	0
146	0.0039331835166	0.0039331835166	0	0.751	0.761	0.0039331835166	0.0039331835166	FGr	300	A23	C1	10000	100	0	0.5	300	0
147	0.00276682165349998	0.00276682165349999	0	0.828	0.843	0.00276682165349998	0.00276682165349999	NoCorrection	300	A23	C1	10000	100	0	0.5	300	0
148	0.00339995347000001	0.00339995346999999	0	0.78	0.787	0.00339995347000001	0.00339995346999999	ID	300	A23	C1	10000	100	0	0.5	300	0
149	-0.011328508015	-0.011328508015	0	0.342	0.328	-0.011328508015	-0.011328508015	1	300	A23	C1	10000	100	0	0.5	300	0.1
150	0.00454390388999999	0.00454390389000001	0	0.733	0.718	0.00454390388999999	0.00454390389000001	FGr	300	A23	C1	10000	100	0	0.5	300	0.1
151	0.00571115331000001	0.00571115331000001	0	0.667	0.637	0.00571115331000001	0.00571115331000001	NoCorrection	300	A23	C1	10000	100	0	0.5	300	0.1
152	-0.016813137165	-0.016813137165	0	0.159	0.173	-0.016813137165	-0.016813137165	ID	300	A23	C1	10000	100	0	0.5	300	0.1
153	0.00544048997	0.00544048997000001	0	0.66	0.671	0.00544048997	0.00544048997000001	1	300	A23	C1	10000	100	0	0.5	300	0.5
154	0.1045421932425	0.1045421932425	0	0.001	0	0.1045421932425	0.1045421932425	FGr	300	A23	C1	10000	100	0	0.5	300	0.5
155	0.119377814005	0.119377814005	0	0	0	0.119377814005	0.119377814005	NoCorrection	300	A23	C1	10000	100	0	0.5	300	0.5
156	0.00883059078399997	0.00883059078400002	0	0.44	0.448	0.00883059078399997	0.00883059078400002	ID	300	A23	C1	10000	100	0	0.5	300	0.5
157	-0.018187931945	-0.018187931945	0	0.17	0.158	-0.018187931945	-0.018187931945	1	300	A23	C1	10000	100	0	0.5	300	1
158	0.164577453805	0.164577453805	0	0.001	0	0.164577453805	0.164577453805	FGr	300	A23	C1	10000	100	0	0.5	300	1
159	0.18771192185	0.18771192185	0	0	0	0.18771192185	0.18771192185	NoCorrection	300	A23	C1	10000	100	0	0.5	300	1
160	-0.020565039175	-0.020565039175	0	0.129	0.123	-0.020565039175	-0.020565039175	ID	300	A23	C1	10000	100	0	0.5	300	1
161	-0.002003012907	0.012475335	0	0.884	0.534	-0.002003012907	0.012475335	1	1000	A23	C1	10000	100	0	0.5	300	0
162	-0.00253194298999997	0.008703655	0	0.845	0.648	-0.00253194298999997	0.008703655	FGr	1000	A23	C1	10000	100	0	0.5	300	0
163	-0.00308396357699998	0.00279256550000001	0	0.796	0.888	-0.00308396357699998	0.00279256550000001	NoCorrection	1000	A23	C1	10000	100	0	0.5	300	0
164	-0.000466783451800004	0.0155725165	0	0.976	0.425	-0.000466783451800004	0.0155725165	ID	1000	A23	C1	10000	100	0	0.5	300	0
165	0.000425727622500007	0.0197415645	0	0.974	0.299	0.000425727622500007	0.0197415645	1	1000	A23	C1	10000	100	0	0.5	300	0.1
166	0.012961187607	0.0572296395	0	0.226	0.003	0.012961187607	0.0572296395	FGr	1000	A23	C1	10000	100	0	0.5	300	0.1
167	0.028727112533	0.0850473405	0	0.023	0	0.028727112533	0.0850473405	NoCorrection	1000	A23	C1	10000	100	0	0.5	300	0.1
168	0.00138243175959996	0.020980236	0	0.901	0.257	0.00138243175959996	0.020980236	ID	1000	A23	C1	10000	100	0	0.5	300	0.1
169	0.020497421585	0.0319065755	0	0.066	0.13	0.020497421585	0.0319065755	1	1000	A23	C1	10000	100	0	0.5	300	0.5
170	0.0825966810995	0.225772946	0	0	0	0.0825966810995	0.225772946	FGr	1000	A23	C1	10000	100	0	0.5	300	0.5
171	0.148267685306	0.437652085	0	0	0	0.148267685306	0.437652085	NoCorrection	1000	A23	C1	10000	100	0	0.5	300	0.5
172	0.021243774363	0.0245256845000001	0	0.052	0.234	0.021243774363	0.0245256845000001	ID	1000	A23	C1	10000	100	0	0.5	300	0.5
173	-0.019702825215	0.015237793	0	0.112	0.475	-0.019702825215	0.015237793	1	1000	A23	C1	10000	100	0	0.5	300	1
174	0.10645405788	0.4188781915	0	0	0	0.10645405788	0.4188781915	FGr	1000	A23	C1	10000	100	0	0.5	300	1
175	0.24220796233	0.804903325	0	0	0	0.24220796233	0.804903325	NoCorrection	1000	A23	C1	10000	100	0	0.5	300	1
176	-0.0207084203075	0.012044764	0	0.109	0.587	-0.0207084203075	0.012044764	ID	1000	A23	C1	10000	100	0	0.5	300	1
177	-0.025628835875	0.00118231450000003	0	0.043	0.968	-0.025628835875	0.00118231450000003	1	10000	A23	C1	10000	100	0	0.5	300	0
178	-0.02479435962	0.005973413	0	0.038	0.825	-0.02479435962	0.005973413	FGr	10000	A23	C1	10000	100	0	0.5	300	0
179	-0.01279179278525	0.0928815665	0	0.321	0.004	-0.01279179278525	0.0928815665	NoCorrection	10000	A23	C1	10000	100	0	0.5	300	0
180	-0.024938298995	0.00627680050000001	0	0.05	0.859	-0.024938298995	0.00627680050000001	ID	10000	A23	C1	10000	100	0	0.5	300	0
181	-0.000444666320999999	0.0555040935	0	0.977	0.066	-0.000444666320999999	0.0555040935	1	10000	A23	C1	10000	100	0	0.5	300	0.1
182	0.00156230490099998	0.0809363175	0	0.883	0.005	0.00156230490099998	0.0809363175	FGr	10000	A23	C1	10000	100	0	0.5	300	0.1
183	0.029678567589	0.2489222765	0	0.017	0	0.029678567589	0.2489222765	NoCorrection	10000	A23	C1	10000	100	0	0.5	300	0.1
184	-0.000995778091000007	0.052102149	0	0.934	0.1	-0.000995778091000007	0.052102149	ID	10000	A23	C1	10000	100	0	0.5	300	0.1
185	0.000736433852999984	-0.00938371249999992	0	0.953	0.782	0.000736433852999984	-0.00938371249999992	1	10000	A23	C1	10000	100	0	0.5	300	0.5
186	0.01472049511375	0.0719644995	0	0.296	0.041	0.01472049511375	0.0719644995	FGr	10000	A23	C1	10000	100	0	0.5	300	0.5
187	0.15728967572	1.0998813965	0	0	0	0.15728967572	1.0998813965	NoCorrection	10000	A23	C1	10000	100	0	0.5	300	0.5
188	9.74908790002171e-06	-0.0172023695	0	1	0.607	9.74908790002171e-06	-0.0172023695	ID	10000	A23	C1	10000	100	0	0.5	300	0.5
189	-0.015389530935	0.076867315	0	0.197	0.014	-0.015389530935	0.076867315	1	10000	A23	C1	10000	100	0	0.5	300	1
190	0.004823291783	0.1773860415	0	0.701	0	0.004823291783	0.1773860415	FGr	10000	A23	C1	10000	100	0	0.5	300	1
191	0.299685901995	2.137079445	0	0	0	0.299685901995	2.137079445	NoCorrection	10000	A23	C1	10000	100	0	0.5	300	1
192	-0.01749535808392	0.060875285	0	0.145	0.052	-0.01749535808392	0.060875285	ID	10000	A23	C1	10000	100	0	0.5	300	1
193	0.00298073658819998	0.00298073658819997	0	0.765	0.771	0.00298073658819998	0.00298073658819997	1	300	A23	C1	10000	1000	0	0.5	300	0
194	-0.00459557126069997	-0.00459557126069999	0	0.621	0.622	-0.00459557126069997	-0.00459557126069999	FGr	300	A23	C1	10000	1000	0	0.5	300	0
195	-0.00113150217569999	-0.00113150217570001	0	0.901	0.904	-0.00113150217569999	-0.00113150217570001	NoCorrection	300	A23	C1	10000	1000	0	0.5	300	0
196	-0.00175943395949997	-0.00175943395949998	0	0.837	0.863	-0.00175943395949997	-0.00175943395949998	ID	300	A23	C1	10000	1000	0	0.5	300	0
197	-0.00697618394185	-0.00697618394185	0	0.35	0.334	-0.00697618394185	-0.00697618394185	1	300	A23	C1	10000	1000	0	0.5	300	0.1
198	0.0230168369649999	0.023016836965	0	0.007	0.009	0.0230168369649999	0.023016836965	FGr	300	A23	C1	10000	1000	0	0.5	300	0.1
199	0.031423419451	0.031423419451	0	0	0.001	0.031423419451	0.031423419451	NoCorrection	300	A23	C1	10000	1000	0	0.5	300	0.1
200	-0.00126308001610001	-0.00126308001610001	0	0.853	0.882	-0.00126308001610001	-0.00126308001610001	ID	300	A23	C1	10000	1000	0	0.5	300	0.1
201	0.00649446391182	0.00649446391182	0	0.461	0.456	0.00649446391182	0.00649446391182	1	300	A23	C1	10000	1000	0	0.5	300	0.5
202	0.1091095614869	0.1091095614869	0	0	0	0.1091095614869	0.1091095614869	FGr	300	A23	C1	10000	1000	0	0.5	300	0.5
203	0.154385030955	0.154385030955	0	0	0	0.154385030955	0.154385030955	NoCorrection	300	A23	C1	10000	1000	0	0.5	300	0.5
204	0.0065973450014	0.0065973450014	0	0.463	0.446	0.0065973450014	0.0065973450014	ID	300	A23	C1	10000	1000	0	0.5	300	0.5
205	0.00334031511149997	0.00334031511149995	0	0.735	0.732	0.00334031511149997	0.00334031511149995	1	300	A23	C1	10000	1000	0	0.5	300	1
206	0.182576457526499	0.1825764575265	0	0	0	0.182576457526499	0.1825764575265	FGr	300	A23	C1	10000	1000	0	0.5	300	1
207	0.28730579613613	0.28730579613613	0	0	0	0.28730579613613	0.28730579613613	NoCorrection	300	A23	C1	10000	1000	0	0.5	300	1
208	-0.00132144013482994	-0.00132144013482994	0	0.878	0.874	-0.00132144013482994	-0.00132144013482994	ID	300	A23	C1	10000	1000	0	0.5	300	1
209	0.0129548605899	0.0134685633	0	0.104	0.287	0.0129548605899	0.0134685633	1	1000	A23	C1	10000	1000	0	0.5	300	0
210	0.01167497139725	0.01111325865	0	0.129	0.386	0.01167497139725	0.01111325865	FGr	1000	A23	C1	10000	1000	0	0.5	300	0
211	0.0116677049524	0.0119106157	0	0.146	0.348	0.0116677049524	0.0119106157	NoCorrection	1000	A23	C1	10000	1000	0	0.5	300	0
212	0.0138610185425	0.017865316	0	0.085	0.158	0.0138610185425	0.017865316	ID	1000	A23	C1	10000	1000	0	0.5	300	0
213	0.0185421649985	-0.00561986975000001	0	0.044	0.729	0.0185421649985	-0.00561986975000001	1	1000	A23	C1	10000	1000	0	0.5	300	0.1
214	0.0289047347682	0.01603106835	0	0.001	0.275	0.0289047347682	0.01603106835	FGr	1000	A23	C1	10000	1000	0	0.5	300	0.1
215	0.046807002963	0.06091423925	0	0	0	0.046807002963	0.06091423925	NoCorrection	1000	A23	C1	10000	1000	0	0.5	300	0.1
216	0.019024797223	-0.00305422970000001	0	0.033	0.835	0.019024797223	-0.00305422970000001	ID	1000	A23	C1	10000	1000	0	0.5	300	0.1
217	0.0108589856725	0.00611300080000007	0	0.284	0.657	0.0108589856725	0.00611300080000007	1	1000	A23	C1	10000	1000	0	0.5	300	0.5
218	0.0728794327865	0.15190107595	0	0	0	0.0728794327865	0.15190107595	FGr	1000	A23	C1	10000	1000	0	0.5	300	0.5
219	0.18958659288	0.4204643048	0	0	0	0.18958659288	0.4204643048	NoCorrection	1000	A23	C1	10000	1000	0	0.5	300	0.5
220	0.010961696565	0.00496877285000002	0	0.247	0.709	0.010961696565	0.00496877285000002	ID	1000	A23	C1	10000	1000	0	0.5	300	0.5
221	-0.000713031400699987	-0.01944579455	0	0.937	0.178	-0.000713031400699987	-0.01944579455	1	1000	A23	C1	10000	1000	0	0.5	300	1
222	0.123881727152	0.3011079576	0	0	0	0.123881727152	0.3011079576	FGr	1000	A23	C1	10000	1000	0	0.5	300	1
223	0.3536124953605	0.838026752	0	0	0	0.3536124953605	0.838026752	NoCorrection	1000	A23	C1	10000	1000	0	0.5	300	1
224	0.00103112190035001	-0.01430919765	0	0.908	0.316	0.00103112190035001	-0.01430919765	ID	1000	A23	C1	10000	1000	0	0.5	300	1
225	-0.00137219080334402	-0.0033491939500001	0	0.872	0.862	-0.00137219080334402	-0.0033491939500001	1	10000	A23	C1	10000	1000	0	0.5	300	0
226	0.00109057686300003	0.00753329515000009	0	0.909	0.723	0.00109057686300003	0.00753329515000009	FGr	10000	A23	C1	10000	1000	0	0.5	300	0
227	0.00788139341500003	0.0364715625	0	0.412	0.067	0.00788139341500003	0.0364715625	NoCorrection	10000	A23	C1	10000	1000	0	0.5	300	0
228	-0.000702287139499982	-0.0017537563499999	0	0.93	0.941	-0.000702287139499982	-0.0017537563499999	ID	10000	A23	C1	10000	1000	0	0.5	300	0
229	-0.0108849563245	0.0428577672999999	0	0.291	0.048	-0.0108849563245	0.0428577672999999	1	10000	A23	C1	10000	1000	0	0.5	300	0.1
230	-0.00878315126825003	0.05360570705	0	0.368	0.016	-0.00878315126825003	0.05360570705	FGr	10000	A23	C1	10000	1000	0	0.5	300	0.1
231	0.0351575733055	0.2816281047	0	0	0	0.0351575733055	0.2816281047	NoCorrection	10000	A23	C1	10000	1000	0	0.5	300	0.1
232	-0.0105584546096	0.04570193395	0	0.289	0.04	-0.0105584546096	0.04570193395	ID	10000	A23	C1	10000	1000	0	0.5	300	0.1
233	-0.00960348584600003	0.01621553415	0	0.312	0.454	-0.00960348584600003	0.01621553415	1	10000	A23	C1	10000	1000	0	0.5	300	0.5
234	-0.00127030082956502	0.0611555133	0	0.872	0.008	-0.00127030082956502	0.0611555133	FGr	10000	A23	C1	10000	1000	0	0.5	300	0.5
235	0.182281010119	0.934548908950001	0	0	0	0.182281010119	0.934548908950001	NoCorrection	10000	A23	C1	10000	1000	0	0.5	300	0.5
236	-0.010344530934	0.013674412	0	0.28	0.526	-0.010344530934	0.013674412	ID	10000	A23	C1	10000	1000	0	0.5	300	0.5
237	0.00637471558449998	0.03562337105	0	0.485	0.136	0.00637471558449998	0.03562337105	1	10000	A23	C1	10000	1000	0	0.5	300	1
238	0.0252189936745	0.1276945253	0	0.011	0	0.0252189936745	0.1276945253	FGr	10000	A23	C1	10000	1000	0	0.5	300	1
239	0.375429062956	1.7863441225	0	0	0	0.375429062956	1.7863441225	NoCorrection	10000	A23	C1	10000	1000	0	0.5	300	1
240	0.00684788784770001	0.0464943184	0	0.44	0.029	0.00684788784770001	0.0464943184	ID	10000	A23	C1	10000	1000	0	0.5	300	1
241	0.00395796482797	0.00395796482797	0	0.642	0.663	0.00395796482797	0.00395796482797	1	300	A23	C1	10000	10000	0	0.5	300	0
242	-0.000425185609279992	-0.000425185609279998	0	0.95	0.961	-0.000425185609279992	-0.000425185609279998	FGr	300	A23	C1	10000	10000	0	0.5	300	0
243	0.00778950663919995	0.00778950663919993	0	0.362	0.351	0.00778950663919995	0.00778950663919993	NoCorrection	300	A23	C1	10000	10000	0	0.5	300	0
244	-0.00409467866865	-0.00409467866865001	0	0.659	0.632	-0.00409467866865	-0.00409467866865001	ID	300	A23	C1	10000	10000	0	0.5	300	0
245	-0.00570193661734989	-0.0057019366173499	0	0.53	0.556	-0.00570193661734989	-0.0057019366173499	1	300	A23	C1	10000	10000	0	0.5	300	0.1
246	0.028729159730815	0.028729159730815	0	0.01	0.003	0.028729159730815	0.028729159730815	FGr	300	A23	C1	10000	10000	0	0.5	300	0.1
247	0.0499478242094997	0.0499478242094997	0	0	0	0.0499478242094997	0.0499478242094997	NoCorrection	300	A23	C1	10000	10000	0	0.5	300	0.1
248	-0.00094447798950489	-0.000944477989504894	0	0.92	0.931	-0.00094447798950489	-0.000944477989504894	ID	300	A23	C1	10000	10000	0	0.5	300	0.1
249	0.00616967541778497	0.00616967541778497	0	0.54	0.501	0.00616967541778497	0.00616967541778497	1	300	A23	C1	10000	10000	0	0.5	300	0.5
250	0.1226120179556	0.1226120179556	0	0	0	0.1226120179556	0.1226120179556	FGr	300	A23	C1	10000	10000	0	0.5	300	0.5
251	0.2101620833834	0.2101620833834	0	0	0	0.2101620833834	0.2101620833834	NoCorrection	300	A23	C1	10000	10000	0	0.5	300	0.5
252	0.01047626136443	0.01047626136443	0	0.265	0.28	0.01047626136443	0.01047626136443	ID	300	A23	C1	10000	10000	0	0.5	300	0.5
253	0.0128120941895165	0.0128120941895165	0	0.244	0.21	0.0128120941895165	0.0128120941895165	1	300	A23	C1	10000	10000	0	0.5	300	1
254	0.21973065841175	0.21973065841175	0	0	0	0.21973065841175	0.21973065841175	FGr	300	A23	C1	10000	10000	0	0.5	300	1
255	0.3863366079395	0.3863366079395	0	0	0	0.3863366079395	0.3863366079395	NoCorrection	300	A23	C1	10000	10000	0	0.5	300	1
256	0.0116430071821	0.0116430071821001	0	0.26	0.272	0.0116430071821	0.0116430071821001	ID	300	A23	C1	10000	10000	0	0.5	300	1
257	0.00663015599713006	0.014723571525	0	0.489	0.336	0.00663015599713006	0.014723571525	1	1000	A23	C1	10000	10000	0	0.5	300	0
258	0.00823429655949994	0.0212439625250003	0	0.35	0.139	0.00823429655949994	0.0212439625250003	FGr	1000	A23	C1	10000	10000	0	0.5	300	0
259	0.0066817161500501	0.0141985061149998	0	0.47	0.31	0.0066817161500501	0.0141985061149998	NoCorrection	1000	A23	C1	10000	10000	0	0.5	300	0
260	0.00487467695250008	0.00856576478499994	0	0.598	0.554	0.00487467695250008	0.00856576478499994	ID	1000	A23	C1	10000	10000	0	0.5	300	0
261	0.00125359885851099	-0.002995189205	0	0.845	0.809	0.00125359885851099	-0.002995189205	1	1000	A23	C1	10000	10000	0	0.5	300	0.1
262	0.01387155459224	0.032269580785	0	0.037	0.006	0.01387155459224	0.032269580785	FGr	1000	A23	C1	10000	10000	0	0.5	300	0.1
263	0.035651150257928	0.09592549249	0	0	0	0.035651150257928	0.09592549249	NoCorrection	1000	A23	C1	10000	10000	0	0.5	300	0.1
264	0.00106801790426053	-0.003283979975	0	0.851	0.796	0.00106801790426053	-0.003283979975	ID	1000	A23	C1	10000	10000	0	0.5	300	0.1
265	-0.00119274783377491	-0.00737383313500003	0	0.884	0.58	-0.00119274783377491	-0.00737383313500003	1	1000	A23	C1	10000	10000	0	0.5	300	0.5
266	0.05457893603105	0.16235927848	0	0	0	0.05457893603105	0.16235927848	FGr	1000	A23	C1	10000	10000	0	0.5	300	0.5
267	0.148879599889	0.441915357755	0	0	0	0.148879599889	0.441915357755	NoCorrection	1000	A23	C1	10000	10000	0	0.5	300	0.5
268	-0.000364442834455085	-0.00239094293499996	0	0.965	0.877	-0.000364442834455085	-0.00239094293499996	ID	1000	A23	C1	10000	10000	0	0.5	300	0.5
269	-0.01266267463491	-0.01418702022	0	0.075	0.27	-0.01266267463491	-0.01418702022	1	1000	A23	C1	10000	10000	0	0.5	300	1
270	0.0921921166768651	0.28572208013	0	0	0	0.0921921166768651	0.28572208013	FGr	1000	A23	C1	10000	10000	0	0.5	300	1
271	0.280577173912215	0.843951907590001	0	0	0	0.280577173912215	0.843951907590001	NoCorrection	1000	A23	C1	10000	10000	0	0.5	300	1
272	-0.00825924719259001	-0.00271290170999998	0	0.273	0.842	-0.00825924719259001	-0.00271290170999998	ID	1000	A23	C1	10000	10000	0	0.5	300	1
273	0.0131777158253502	-0.00897161496999968	0	0.158	0.7	0.0131777158253502	-0.00897161496999968	1	10000	A23	C1	10000	10000	0	0.5	300	0
274	0.0164093827531498	0.00698069873500009	0	0.091	0.753	0.0164093827531498	0.00698069873500009	FGr	10000	A23	C1	10000	10000	0	0.5	300	0
275	0.00460763603644007	-0.0582160339150005	0	0.61	0.01	0.00460763603644007	-0.0582160339150005	NoCorrection	10000	A23	C1	10000	10000	0	0.5	300	0
276	0.0135144750105501	-0.00861832166999948	0	0.142	0.714	0.0135144750105501	-0.00861832166999948	ID	10000	A23	C1	10000	10000	0	0.5	300	0
277	-0.000287792304200002	-0.0223200359000001	0	0.974	0.298	-0.000287792304200002	-0.0223200359000001	1	10000	A23	C1	10000	10000	0	0.5	300	0.1
278	0.000523113808149988	-0.014004203825	0	0.94	0.522	0.000523113808149988	-0.014004203825	FGr	10000	A23	C1	10000	10000	0	0.5	300	0.1
279	0.04213325887028	0.207751706745	0	0	0	0.04213325887028	0.207751706745	NoCorrection	10000	A23	C1	10000	10000	0	0.5	300	0.1
280	4.80870838500039e-05	-0.0170209718800001	0	1	0.429	4.80870838500039e-05	-0.0170209718800001	ID	10000	A23	C1	10000	10000	0	0.5	300	0.1
281	-0.0138220479350501	-0.010919373435	0	0.198	0.587	-0.0138220479350501	-0.010919373435	1	10000	A23	C1	10000	10000	0	0.5	300	0.5
282	-0.00503948906298507	0.0500026020500002	0	0.636	0.021	-0.00503948906298507	0.0500026020500002	FGr	10000	A23	C1	10000	10000	0	0.5	300	0.5
283	0.17784142610994	0.940395579525	0	0	0	0.17784142610994	0.940395579525	NoCorrection	10000	A23	C1	10000	10000	0	0.5	300	0.5
284	-0.0128779121020504	-0.0140255259949999	0	0.241	0.482	-0.0128779121020504	-0.0140255259949999	ID	10000	A23	C1	10000	10000	0	0.5	300	0.5
285	-0.00336422908419999	-0.00158123387999981	0	0.708	0.943	-0.00336422908419999	-0.00158123387999981	1	10000	A23	C1	10000	10000	0	0.5	300	1
286	0.01288188543645	0.091711147235	0	0.13	0	0.01288188543645	0.091711147235	FGr	10000	A23	C1	10000	10000	0	0.5	300	1
287	0.39178130597885	1.95064557265	0	0	0	0.39178130597885	1.95064557265	NoCorrection	10000	A23	C1	10000	10000	0	0.5	300	1
288	-0.00260923938789999	-9.02209899998872e-05	0	0.74	0.994	-0.00260923938789999	-9.02209899998872e-05	ID	10000	A23	C1	10000	10000	0	0.5	300	1
289	0.0243985577000001	0.0243985577	0	0.393	0.411	0.0243985577000001	0.0243985577	1	300	A23	C2	1000	100	0	0.5	300	0
290	0.0222477335800001	0.0222477335800001	0	0.444	0.449	0.0222477335800001	0.0222477335800001	FGr	300	A23	C2	1000	100	0	0.5	300	0
291	0.022599553375	0.022599553375	0	0.425	0.444	0.022599553375	0.022599553375	NoCorrection	300	A23	C2	1000	100	0	0.5	300	0
292	0.0225254849125	0.0225254849125	0	0.437	0.423	0.0225254849125	0.0225254849125	ID	300	A23	C2	1000	100	0	0.5	300	0
293	-0.00923002786450001	-0.0092300278645	0	0.764	0.754	-0.00923002786450001	-0.0092300278645	1	300	A23	C2	1000	100	0	0.5	300	0.1
294	-0.01391437766	-0.01391437766	0	0.644	0.654	-0.01391437766	-0.01391437766	FGr	300	A23	C2	1000	100	0	0.5	300	0.1
295	-0.01387777574	-0.01387777574	0	0.661	0.66	-0.01387777574	-0.01387777574	NoCorrection	300	A23	C2	1000	100	0	0.5	300	0.1
296	-0.014176920725	-0.014176920725	0	0.645	0.622	-0.014176920725	-0.014176920725	ID	300	A23	C2	1000	100	0	0.5	300	0.1
297	-0.060811035525	-0.060811035525	0	0.052	0.033	-0.060811035525	-0.060811035525	1	300	A23	C2	1000	100	0	0.5	300	0.5
298	-0.0698325582449999	-0.0698325582449999	0	0.031	0.043	-0.0698325582449999	-0.0698325582449999	FGr	300	A23	C2	1000	100	0	0.5	300	0.5
299	-0.0697563651450001	-0.069756365145	0	0.037	0.036	-0.0697563651450001	-0.069756365145	NoCorrection	300	A23	C2	1000	100	0	0.5	300	0.5
300	-0.069638457938	-0.069638457938	0	0.02	0.025	-0.069638457938	-0.069638457938	ID	300	A23	C2	1000	100	0	0.5	300	0.5
301	0.00374587069500004	0.00374587069499998	0	0.914	0.911	0.00374587069500004	0.00374587069499998	1	300	A23	C2	1000	100	0	0.5	300	1
302	-0.0160345793150001	-0.0160345793149999	0	0.731	0.741	-0.0160345793150001	-0.0160345793149999	FGr	300	A23	C2	1000	100	0	0.5	300	1
303	-0.016000054905	-0.0160000549049999	0	0.749	0.734	-0.016000054905	-0.0160000549049999	NoCorrection	300	A23	C2	1000	100	0	0.5	300	1
304	-0.01560293966	-0.01560293966	0	0.597	0.572	-0.01560293966	-0.01560293966	ID	300	A23	C2	1000	100	0	0.5	300	1
305	-0.066274335515	-0.0680125340000001	0	0.103	0.244	-0.066274335515	-0.0680125340000001	1	1000	A23	C2	1000	100	0	0.5	300	0
306	-0.072148841345	-0.0488075195000001	0	0.089	0.406	-0.072148841345	-0.0488075195000001	FGr	1000	A23	C2	1000	100	0	0.5	300	0
307	-0.071202352335	-0.051541174	0	0.1	0.368	-0.071202352335	-0.051541174	NoCorrection	1000	A23	C2	1000	100	0	0.5	300	0
308	-0.06560468494	-0.0571968845000001	0	0.102	0.386	-0.06560468494	-0.0571968845000001	ID	1000	A23	C2	1000	100	0	0.5	300	0
309	-0.0508988471825	0.0440679825000001	0	0.217	0.404	-0.0508988471825	0.0440679825000001	1	1000	A23	C2	1000	100	0	0.5	300	0.1
310	-0.0462580587300001	0.0350519964999999	0	0.26	0.554	-0.0462580587300001	0.0350519964999999	FGr	1000	A23	C2	1000	100	0	0.5	300	0.1
311	-0.04682575042	0.029124958	0	0.25	0.619	-0.04682575042	0.029124958	NoCorrection	1000	A23	C2	1000	100	0	0.5	300	0.1
312	-0.0520411129699999	0.0548409955	0	0.19	0.325	-0.0520411129699999	0.0548409955	ID	1000	A23	C2	1000	100	0	0.5	300	0.1
313	-0.01498328138	-0.0718863254999999	0	0.687	0.206	-0.01498328138	-0.0718863254999999	1	1000	A23	C2	1000	100	0	0.5	300	0.5
314	0.00706445827	-0.0596838224999998	0	0.909	0.43	0.00706445827	-0.0596838224999998	FGr	1000	A23	C2	1000	100	0	0.5	300	0.5
315	0.00528353433500001	-0.0825609744999999	0	0.905	0.252	0.00528353433500001	-0.0825609744999999	NoCorrection	1000	A23	C2	1000	100	0	0.5	300	0.5
316	-0.01609924157	-0.0785260739999997	0	0.672	0.155	-0.01609924157	-0.0785260739999997	ID	1000	A23	C2	1000	100	0	0.5	300	0.5
317	-0.00767063385	-0.013240014	0	0.877	0.819	-0.00767063385	-0.013240014	1	1000	A23	C2	1000	100	0	0.5	300	1
318	0.02443887425	0.005530157	0	0.712	0.953	0.02443887425	0.005530157	FGr	1000	A23	C2	1000	100	0	0.5	300	1
319	0.022586661455	0.0222699040000001	0	0.703	0.817	0.022586661455	0.0222699040000001	NoCorrection	1000	A23	C2	1000	100	0	0.5	300	1
320	-0.008695438995	0.00421403050000007	0	0.82	0.935	-0.008695438995	0.00421403050000007	ID	1000	A23	C2	1000	100	0	0.5	300	1
321	-0.02201804191	0.01570016	0	0.554	0.879	-0.02201804191	0.01570016	1	10000	A23	C2	1000	100	0	0.5	300	0
322	-0.0192401359239	-0.00145054500000005	0	0.599	0.99	-0.0192401359239	-0.00145054500000005	FGr	10000	A23	C2	1000	100	0	0.5	300	0
323	-0.018774626505	0.00330206999999997	0	0.57	0.962	-0.018774626505	0.00330206999999997	NoCorrection	10000	A23	C2	1000	100	0	0.5	300	0
324	-0.021280885455	0.019690555	0	0.561	0.843	-0.021280885455	0.019690555	ID	10000	A23	C2	1000	100	0	0.5	300	0
325	0.00567989035999999	0.0792041200000002	0	0.867	0.408	0.00567989035999999	0.0792041200000002	1	10000	A23	C2	1000	100	0	0.5	300	0.1
326	-0.002484839131	0.128447827	0	0.939	0.159	-0.002484839131	0.128447827	FGr	10000	A23	C2	1000	100	0	0.5	300	0.1
327	-0.00233073598299999	0.1241050265	0	0.947	0.182	-0.00233073598299999	0.1241050265	NoCorrection	10000	A23	C2	1000	100	0	0.5	300	0.1
328	0.00518646843500001	0.0753534715	0	0.893	0.422	0.00518646843500001	0.0753534715	ID	10000	A23	C2	1000	100	0	0.5	300	0.1
329	-0.113237116318	0.0148247429999999	0	0	0.864	-0.113237116318	0.0148247429999999	1	10000	A23	C2	1000	100	0	0.5	300	0.5
330	-0.13928360169	-0.0797511999999999	0	0	0.398	-0.13928360169	-0.0797511999999999	FGr	10000	A23	C2	1000	100	0	0.5	300	0.5
331	-0.13893700299	-0.082903765	0	0.001	0.397	-0.13893700299	-0.082903765	NoCorrection	10000	A23	C2	1000	100	0	0.5	300	0.5
332	-0.1148946083715	-0.0293705135	0	0.002	0.725	-0.1148946083715	-0.0293705135	ID	10000	A23	C2	1000	100	0	0.5	300	0.5
333	0.011165825425	-0.0510715955	0	0.73	0.6	0.011165825425	-0.0510715955	1	10000	A23	C2	1000	100	0	0.5	300	1
334	-0.0513000742800001	0.127908095	0	0.341	0.395	-0.0513000742800001	0.127908095	FGr	10000	A23	C2	1000	100	0	0.5	300	1
335	-0.0509407860700001	0.122469005	0	0.321	0.429	-0.0509407860700001	0.122469005	NoCorrection	10000	A23	C2	1000	100	0	0.5	300	1
336	0.00827199883499996	-0.0420078330000001	0	0.831	0.655	0.00827199883499996	-0.0420078330000001	ID	10000	A23	C2	1000	100	0	0.5	300	1
337	-0.00928887023850001	-0.00928887023850001	0	0.682	0.684	-0.00928887023850001	-0.00928887023850001	1	300	A23	C2	1000	1000	0	0.5	300	0
338	-0.00858418360805001	-0.00858418360805	0	0.719	0.702	-0.00858418360805001	-0.00858418360805	FGr	300	A23	C2	1000	1000	0	0.5	300	0
339	-0.008695895223	-0.008695895223	0	0.711	0.702	-0.008695895223	-0.008695895223	NoCorrection	300	A23	C2	1000	1000	0	0.5	300	0
340	-0.0086385814426	-0.00863858144260001	0	0.716	0.708	-0.0086385814426	-0.00863858144260001	ID	300	A23	C2	1000	1000	0	0.5	300	0
341	0.0476628814874999	0.0476628814874999	0	0.084	0.085	0.0476628814874999	0.0476628814874999	1	300	A23	C2	1000	1000	0	0.5	300	0.1
342	0.0499435110545003	0.0499435110545003	0	0.069	0.068	0.0499435110545003	0.0499435110545003	FGr	300	A23	C2	1000	1000	0	0.5	300	0.1
343	0.049898650497	0.049898650497	0	0.068	0.065	0.049898650497	0.049898650497	NoCorrection	300	A23	C2	1000	1000	0	0.5	300	0.1
344	0.0492439738470002	0.049243973847	0	0.068	0.068	0.0492439738470002	0.049243973847	ID	300	A23	C2	1000	1000	0	0.5	300	0.1
345	-0.00356747675	-0.00356747675000006	0	0.869	0.901	-0.00356747675	-0.00356747675000006	1	300	A23	C2	1000	1000	0	0.5	300	0.5
346	0.00321400981799987	0.00321400981799988	0	0.927	0.905	0.00321400981799987	0.00321400981799988	FGr	300	A23	C2	1000	1000	0	0.5	300	0.5
347	0.00319474145600007	0.00319474145600011	0	0.909	0.907	0.00319474145600007	0.00319474145600011	NoCorrection	300	A23	C2	1000	1000	0	0.5	300	0.5
348	-0.00805929896249991	-0.00805929896249988	0	0.761	0.735	-0.00805929896249991	-0.00805929896249988	ID	300	A23	C2	1000	1000	0	0.5	300	0.5
349	0.019815252317	0.019815252317	0	0.351	0.328	0.019815252317	0.019815252317	1	300	A23	C2	1000	1000	0	0.5	300	1
350	0.034607087845	0.034607087845	0	0.236	0.25	0.034607087845	0.034607087845	FGr	300	A23	C2	1000	1000	0	0.5	300	1
351	0.034783212872	0.034783212872	0	0.237	0.224	0.034783212872	0.034783212872	NoCorrection	300	A23	C2	1000	1000	0	0.5	300	1
352	0.0124578595758	0.0124578595758	0	0.52	0.534	0.0124578595758	0.0124578595758	ID	300	A23	C2	1000	1000	0	0.5	300	1
353	0.0256081806158249	0.0341986685000001	0	0.267	0.308	0.0256081806158249	0.0341986685000001	1	1000	A23	C2	1000	1000	0	0.5	300	0
354	0.0243831085749999	0.0356657801	0	0.312	0.297	0.0243831085749999	0.0356657801	FGr	1000	A23	C2	1000	1000	0	0.5	300	0
355	0.024604957035	0.03906571695	0	0.298	0.209	0.024604957035	0.03906571695	NoCorrection	1000	A23	C2	1000	1000	0	0.5	300	0
356	0.0250218056320001	0.04099746645	0	0.278	0.23	0.0250218056320001	0.04099746645	ID	1000	A23	C2	1000	1000	0	0.5	300	0
357	-0.00183553434600005	-0.0217672232499999	0	0.941	0.501	-0.00183553434600005	-0.0217672232499999	1	1000	A23	C2	1000	1000	0	0.5	300	0.1
358	-0.000635904858999956	-0.0186690190999998	0	0.976	0.592	-0.000635904858999956	-0.0186690190999998	FGr	1000	A23	C2	1000	1000	0	0.5	300	0.1
359	-0.000647006741500005	-0.0186161980000001	0	0.983	0.559	-0.000647006741500005	-0.0186161980000001	NoCorrection	1000	A23	C2	1000	1000	0	0.5	300	0.1
360	-0.00159290690719997	-0.0181645430500001	0	0.937	0.55	-0.00159290690719997	-0.0181645430500001	ID	1000	A23	C2	1000	1000	0	0.5	300	0.1
361	0.00585092913600005	-0.00844889890000011	0	0.773	0.803	0.00585092913600005	-0.00844889890000011	1	1000	A23	C2	1000	1000	0	0.5	300	0.5
362	0.0181835072560001	-0.0308175522000002	0	0.459	0.432	0.0181835072560001	-0.0308175522000002	FGr	1000	A23	C2	1000	1000	0	0.5	300	0.5
363	0.0178717739225001	-0.02386030275	0	0.477	0.566	0.0178717739225001	-0.02386030275	NoCorrection	1000	A23	C2	1000	1000	0	0.5	300	0.5
364	0.00545201072800004	-0.0270217375499995	0	0.781	0.444	0.00545201072800004	-0.0270217375499995	ID	1000	A23	C2	1000	1000	0	0.5	300	0.5
365	0.0192495855975	-0.00916931985	0	0.335	0.777	0.0192495855975	-0.00916931985	1	1000	A23	C2	1000	1000	0	0.5	300	1
366	0.0394189136250004	-0.00855836454999998	0	0.203	0.854	0.0394189136250004	-0.00855836454999998	FGr	1000	A23	C2	1000	1000	0	0.5	300	1
367	0.0396102731481999	-0.00886545685000001	0	0.204	0.848	0.0396102731481999	-0.00886545685000001	NoCorrection	1000	A23	C2	1000	1000	0	0.5	300	1
368	0.0202012418195	-0.00933463355000004	0	0.284	0.759	0.0202012418195	-0.00933463355000004	ID	1000	A23	C2	1000	1000	0	0.5	300	1
369	-0.00535440244449998	0.0103312200000002	0	0.741	0.836	-0.00535440244449998	0.0103312200000002	1	10000	A23	C2	1000	1000	0	0.5	300	0
370	-0.00416918875149989	-0.00443601100000005	0	0.837	0.914	-0.00416918875149989	-0.00443601100000005	FGr	10000	A23	C2	1000	1000	0	0.5	300	0
371	-0.00430212142350011	-1.97498999998547e-05	0	0.814	1	-0.00430212142350011	-1.97498999998547e-05	NoCorrection	10000	A23	C2	1000	1000	0	0.5	300	0
372	-0.00515057432750001	0.0125032133	0	0.819	0.793	-0.00515057432750001	0.0125032133	ID	10000	A23	C2	1000	1000	0	0.5	300	0
373	-0.0105704936665	-0.04903225935	0	0.588	0.318	-0.0105704936665	-0.04903225935	1	10000	A23	C2	1000	1000	0	0.5	300	0.1
374	-0.00871752931199993	-0.0345104609999997	0	0.647	0.504	-0.00871752931199993	-0.0345104609999997	FGr	10000	A23	C2	1000	1000	0	0.5	300	0.1
375	-0.00862987377265	-0.0327614333000001	0	0.647	0.519	-0.00862987377265	-0.0327614333000001	NoCorrection	10000	A23	C2	1000	1000	0	0.5	300	0.1
376	-0.010858824397	-0.0438184761499999	0	0.549	0.359	-0.010858824397	-0.0438184761499999	ID	10000	A23	C2	1000	1000	0	0.5	300	0.1
377	0.026357749851	0.0982322232999997	0	0.168	0.051	0.026357749851	0.0982322232999997	1	10000	A23	C2	1000	1000	0	0.5	300	0.5
378	0.03807609310895	0.0624290780000002	0	0.073	0.275	0.03807609310895	0.0624290780000002	FGr	10000	A23	C2	1000	1000	0	0.5	300	0.5
379	0.03895429513985	0.0572339105000001	0	0.057	0.331	0.03895429513985	0.0572339105000001	NoCorrection	10000	A23	C2	1000	1000	0	0.5	300	0.5
380	0.0267095957194999	0.10169204545	0	0.15	0.043	0.0267095957194999	0.10169204545	ID	10000	A23	C2	1000	1000	0	0.5	300	0.5
381	-0.0252237528727498	0.0407608427499999	0	0.241	0.441	-0.0252237528727498	0.0407608427499999	1	10000	A23	C2	1000	1000	0	0.5	300	1
382	0.00959238220499997	-0.0523711015000001	0	0.776	0.518	0.00959238220499997	-0.0523711015000001	FGr	10000	A23	C2	1000	1000	0	0.5	300	1
383	0.0102985340215001	-0.0435930694999995	0	0.76	0.59	0.0102985340215001	-0.0435930694999995	NoCorrection	10000	A23	C2	1000	1000	0	0.5	300	1
384	-0.0250749513043	0.0030556455	0	0.235	0.96	-0.0250749513043	0.0030556455	ID	10000	A23	C2	1000	1000	0	0.5	300	1
385	-4.49370201997939e-05	-4.49370201997953e-05	0	0.996	0.999	-4.49370201997939e-05	-4.49370201997953e-05	1	300	A23	C2	1000	10000	0	0.5	300	0
386	-0.0011300888155	-0.00113008881549997	0	0.947	0.954	-0.0011300888155	-0.00113008881549997	FGr	300	A23	C2	1000	10000	0	0.5	300	0
387	-0.0013041862018001	-0.00130418620180011	0	0.933	0.953	-0.0013041862018001	-0.00130418620180011	NoCorrection	300	A23	C2	1000	10000	0	0.5	300	0
388	-0.000398132662750046	-0.000398132662750065	0	0.989	0.982	-0.000398132662750046	-0.000398132662750065	ID	300	A23	C2	1000	10000	0	0.5	300	0
389	-0.00750232436294975	-0.00750232436294975	0	0.75	0.721	-0.00750232436294975	-0.00750232436294975	1	300	A23	C2	1000	10000	0	0.5	300	0.1
390	-0.0089581952926001	-0.00895819529260006	0	0.701	0.677	-0.0089581952926001	-0.00895819529260006	FGr	300	A23	C2	1000	10000	0	0.5	300	0.1
391	-0.00904630168239933	-0.00904630168239934	0	0.683	0.691	-0.00904630168239933	-0.00904630168239934	NoCorrection	300	A23	C2	1000	10000	0	0.5	300	0.1
392	-0.00856668654325096	-0.00856668654325096	0	0.713	0.723	-0.00856668654325096	-0.00856668654325096	ID	300	A23	C2	1000	10000	0	0.5	300	0.1
393	0.00816923095760013	0.00816923095760014	0	0.683	0.677	0.00816923095760013	0.00816923095760014	1	300	A23	C2	1000	10000	0	0.5	300	0.5
394	0.00332214982580002	0.00332214982580009	0	0.874	0.868	0.00332214982580002	0.00332214982580009	FGr	300	A23	C2	1000	10000	0	0.5	300	0.5
395	0.00383095814400002	0.00383095814399997	0	0.866	0.877	0.00383095814400002	0.00383095814399997	NoCorrection	300	A23	C2	1000	10000	0	0.5	300	0.5
396	0.00848074988459964	0.00848074988459961	0	0.67	0.633	0.00848074988459964	0.00848074988459961	ID	300	A23	C2	1000	10000	0	0.5	300	0.5
397	0.013449811473	0.013449811473	0	0.497	0.527	0.013449811473	0.013449811473	1	300	A23	C2	1000	10000	0	0.5	300	1
398	0.003886788283	0.00388678828300001	0	0.908	0.888	0.003886788283	0.00388678828300001	FGr	300	A23	C2	1000	10000	0	0.5	300	1
399	0.00394740660184986	0.00394740660184983	0	0.901	0.883	0.00394740660184986	0.00394740660184983	NoCorrection	300	A23	C2	1000	10000	0	0.5	300	1
400	0.0126324846224	0.0126324846224	0	0.498	0.53	0.0126324846224	0.0126324846224	ID	300	A23	C2	1000	10000	0	0.5	300	1
401	0.0240443692228998	0.0231389840050003	0	0.166	0.485	0.0240443692228998	0.0231389840050003	1	1000	A23	C2	1000	10000	0	0.5	300	0
402	0.0254101556799503	0.00397680190500047	0	0.169	0.91	0.0254101556799503	0.00397680190500047	FGr	1000	A23	C2	1000	10000	0	0.5	300	0
403	0.02531568859335	0.00394744835499962	0	0.164	0.895	0.02531568859335	0.00394744835499962	NoCorrection	1000	A23	C2	1000	10000	0	0.5	300	0
404	0.0255592981445602	0.0187031716750003	0	0.136	0.56	0.0255592981445602	0.0187031716750003	ID	1000	A23	C2	1000	10000	0	0.5	300	0
405	-0.02949371490325	0.0135215947799994	0	0.175	0.645	-0.02949371490325	0.0135215947799994	1	1000	A23	C2	1000	10000	0	0.5	300	0.1
406	-0.0297635462444002	0.0113023596050001	0	0.139	0.729	-0.0297635462444002	0.0113023596050001	FGr	1000	A23	C2	1000	10000	0	0.5	300	0.1
407	-0.0300100177076001	0.0155070768150004	0	0.141	0.633	-0.0300100177076001	0.0155070768150004	NoCorrection	1000	A23	C2	1000	10000	0	0.5	300	0.1
408	-0.03030815049195	0.0143650599249999	0	0.14	0.671	-0.03030815049195	0.0143650599249999	ID	1000	A23	C2	1000	10000	0	0.5	300	0.1
409	0.01010676384665	0.00127523023500024	0	0.562	0.967	0.01010676384665	0.00127523023500024	1	1000	A23	C2	1000	10000	0	0.5	300	0.5
410	0.01377911215	-0.0150477664149999	0	0.462	0.644	0.01377911215	-0.0150477664149999	FGr	1000	A23	C2	1000	10000	0	0.5	300	0.5
411	0.0137304986495001	-0.0180928863649995	0	0.471	0.605	0.0137304986495001	-0.0180928863649995	NoCorrection	1000	A23	C2	1000	10000	0	0.5	300	0.5
412	0.0142615393999499	0.00695569912500018	0	0.408	0.818	0.0142615393999499	0.00695569912500018	ID	1000	A23	C2	1000	10000	0	0.5	300	0.5
413	-0.0158344518894499	0.000608724890000133	0	0.437	0.993	-0.0158344518894499	0.000608724890000133	1	1000	A23	C2	1000	10000	0	0.5	300	1
414	-0.00836804860764992	-0.0170873908349994	0	0.764	0.737	-0.00836804860764992	-0.0170873908349994	FGr	1000	A23	C2	1000	10000	0	0.5	300	1
415	-0.00807230430605014	-0.0202619401350005	0	0.792	0.672	-0.00807230430605014	-0.0202619401350005	NoCorrection	1000	A23	C2	1000	10000	0	0.5	300	1
416	-0.00743852043609999	0.00437281389999991	0	0.704	0.897	-0.00743852043609999	0.00437281389999991	ID	1000	A23	C2	1000	10000	0	0.5	300	1
417	-0.0165196392097502	0.0662865157000021	0	0.354	0.178	-0.0165196392097502	0.0662865157000021	1	10000	A23	C2	1000	10000	0	0.5	300	0
418	-0.0160426574156499	0.0550235381000014	0	0.378	0.249	-0.0160426574156499	0.0550235381000014	FGr	10000	A23	C2	1000	10000	0	0.5	300	0
419	-0.0165734136147	0.059528586100001	0	0.36	0.237	-0.0165734136147	0.059528586100001	NoCorrection	10000	A23	C2	1000	10000	0	0.5	300	0
420	-0.01628287365425	0.07858877155	0	0.363	0.114	-0.01628287365425	0.07858877155	ID	10000	A23	C2	1000	10000	0	0.5	300	0
421	0.00532230577000023	-0.0327722559899996	0	0.754	0.519	0.00532230577000023	-0.0327722559899996	1	10000	A23	C2	1000	10000	0	0.5	300	0.1
422	0.00578513699925008	-0.0323989965599991	0	0.761	0.503	0.00578513699925008	-0.0323989965599991	FGr	10000	A23	C2	1000	10000	0	0.5	300	0.1
423	0.00557814851899961	-0.030028776874999	0	0.743	0.533	0.00557814851899961	-0.030028776874999	NoCorrection	10000	A23	C2	1000	10000	0	0.5	300	0.1
424	0.00535292691485008	-0.0335326668100015	0	0.777	0.479	0.00535292691485008	-0.0335326668100015	ID	10000	A23	C2	1000	10000	0	0.5	300	0.1
425	-0.0258253139561	0.0482486579600001	0	0.132	0.314	-0.0258253139561	0.0482486579600001	1	10000	A23	C2	1000	10000	0	0.5	300	0.5
426	-0.0265829468939	0.0164025597000008	0	0.185	0.746	-0.0265829468939	0.0164025597000008	FGr	10000	A23	C2	1000	10000	0	0.5	300	0.5
427	-0.02698684299695	0.0157029292499989	0	0.182	0.785	-0.02698684299695	0.0157029292499989	NoCorrection	10000	A23	C2	1000	10000	0	0.5	300	0.5
428	-0.02424690140655	0.0625500621649997	0	0.167	0.18	-0.02424690140655	0.0625500621649997	ID	10000	A23	C2	1000	10000	0	0.5	300	0.5
429	-0.0155636870692	-0.08110777445	0	0.372	0.118	-0.0155636870692	-0.08110777445	1	10000	A23	C2	1000	10000	0	0.5	300	1
430	-0.0180248436796	0.0396777677999991	0	0.408	0.543	-0.0180248436796	0.0396777677999991	FGr	10000	A23	C2	1000	10000	0	0.5	300	1
431	-0.01772053657318	0.03857607065	0	0.403	0.539	-0.01772053657318	0.03857607065	NoCorrection	10000	A23	C2	1000	10000	0	0.5	300	1
432	-0.0125631540923	-0.0653574955000002	0	0.46	0.204	-0.0125631540923	-0.0653574955000002	ID	10000	A23	C2	1000	10000	0	0.5	300	1
433	0.0106741833545	0.0106741833545	0	0.352	0.295	0.0106741833545	0.0106741833545	1	300	A23	C2	10000	100	0	0.5	300	0
434	0.011069590109	0.011069590109	0	0.303	0.315	0.011069590109	0.011069590109	FGr	300	A23	C2	10000	100	0	0.5	300	0
435	0.01111285235	0.01111285235	0	0.28	0.3	0.01111285235	0.01111285235	NoCorrection	300	A23	C2	10000	100	0	0.5	300	0
436	0.01033146299	0.01033146299	0	0.307	0.361	0.01033146299	0.01033146299	ID	300	A23	C2	10000	100	0	0.5	300	0
437	0.0200446535357	0.0200446535357	0	0.092	0.1	0.0200446535357	0.0200446535357	1	300	A23	C2	10000	100	0	0.5	300	0.1
438	0.020861606309	0.020861606309	0	0.103	0.104	0.020861606309	0.020861606309	FGr	300	A23	C2	10000	100	0	0.5	300	0.1
439	0.020883291994	0.020883291994	0	0.095	0.085	0.020883291994	0.020883291994	NoCorrection	300	A23	C2	10000	100	0	0.5	300	0.1
440	0.018827025105	0.018827025105	0	0.117	0.127	0.018827025105	0.018827025105	ID	300	A23	C2	10000	100	0	0.5	300	0.1
441	0.018791114922	0.018791114922	0	0.149	0.14	0.018791114922	0.018791114922	1	300	A23	C2	10000	100	0	0.5	300	0.5
442	0.02774562605	0.02774562605	0	0.284	0.259	0.02774562605	0.02774562605	FGr	300	A23	C2	10000	100	0	0.5	300	0.5
443	0.027713512988	0.027713512988	0	0.26	0.24	0.027713512988	0.027713512988	NoCorrection	300	A23	C2	10000	100	0	0.5	300	0.5
444	0.01888753814	0.01888753814	0	0.131	0.159	0.01888753814	0.01888753814	ID	300	A23	C2	10000	100	0	0.5	300	0.5
445	-0.00122563464	-0.00122563464	0	0.909	0.927	-0.00122563464	-0.00122563464	1	300	A23	C2	10000	100	0	0.5	300	1
446	0.015755445545	0.015755445545	0	0.689	0.672	0.015755445545	0.015755445545	FGr	300	A23	C2	10000	100	0	0.5	300	1
447	0.015795261975	0.0157952619749999	0	0.689	0.686	0.015795261975	0.0157952619749999	NoCorrection	300	A23	C2	10000	100	0	0.5	300	1
448	-0.00238616625	-0.00238616625	0	0.847	0.838	-0.00238616625	-0.00238616625	ID	300	A23	C2	10000	100	0	0.5	300	1
449	0.00194654092949999	0.0114087195	0	0.869	0.562	0.00194654092949999	0.0114087195	1	1000	A23	C2	10000	100	0	0.5	300	0
450	0.0017397348275	0.011470508	0	0.892	0.549	0.0017397348275	0.011470508	FGr	1000	A23	C2	10000	100	0	0.5	300	0
451	0.0018132950985	0.0115277605	0	0.872	0.543	0.0018132950985	0.0115277605	NoCorrection	1000	A23	C2	10000	100	0	0.5	300	0
452	0.0018812774585	0.012304317	0	0.871	0.482	0.0018812774585	0.012304317	ID	1000	A23	C2	10000	100	0	0.5	300	0
453	0.0034786132085	0.019510311	0	0.744	0.227	0.0034786132085	0.019510311	1	1000	A23	C2	10000	100	0	0.5	300	0.1
454	0.002637159894	0.011190804	0	0.807	0.529	0.002637159894	0.011190804	FGr	1000	A23	C2	10000	100	0	0.5	300	0.1
455	0.002651760345	0.0111933245	0	0.796	0.539	0.002651760345	0.0111933245	NoCorrection	1000	A23	C2	10000	100	0	0.5	300	0.1
456	0.0035840559905	0.0174073785	0	0.743	0.325	0.0035840559905	0.0174073785	ID	1000	A23	C2	10000	100	0	0.5	300	0.1
457	-0.00749080440499998	-0.046994701	0	0.442	0.007	-0.00749080440499998	-0.046994701	1	1000	A23	C2	10000	100	0	0.5	300	0.5
458	-0.012884655432	-0.052460074	0	0.492	0.13	-0.012884655432	-0.052460074	FGr	1000	A23	C2	10000	100	0	0.5	300	0.5
459	-0.012832518701785	-0.0522176235	0	0.515	0.131	-0.012832518701785	-0.0522176235	NoCorrection	1000	A23	C2	10000	100	0	0.5	300	0.5
460	-0.00658269087379999	-0.047808164	0	0.502	0.008	-0.00658269087379999	-0.047808164	ID	1000	A23	C2	10000	100	0	0.5	300	0.5
461	0.0127649630317	0.012662802	0	0.304	0.534	0.0127649630317	0.012662802	1	1000	A23	C2	10000	100	0	0.5	300	1
462	0.00191118262999998	0.00468069850000005	0	0.955	0.93	0.00191118262999998	0.00468069850000005	FGr	1000	A23	C2	10000	100	0	0.5	300	1
463	0.00199257344999999	0.00480063150000024	0	0.958	0.944	0.00199257344999999	0.00480063150000024	NoCorrection	1000	A23	C2	10000	100	0	0.5	300	1
464	0.01493612333	0.0170888765	0	0.257	0.36	0.01493612333	0.0170888765	ID	1000	A23	C2	10000	100	0	0.5	300	1
465	0.00487132011900002	-0.029322494	0	0.701	0.22	0.00487132011900002	-0.029322494	1	10000	A23	C2	10000	100	0	0.5	300	0
466	0.005206719005	-0.0270046525	0	0.641	0.306	0.005206719005	-0.0270046525	FGr	10000	A23	C2	10000	100	0	0.5	300	0
467	0.00515305990699998	-0.0269413165	0	0.659	0.297	0.00515305990699998	-0.0269413165	NoCorrection	10000	A23	C2	10000	100	0	0.5	300	0
468	0.00487327542200001	-0.034185902	0	0.667	0.19	0.00487327542200001	-0.034185902	ID	10000	A23	C2	10000	100	0	0.5	300	0
469	0.02049616819	-0.031526417	0	0.044	0.306	0.02049616819	-0.031526417	1	10000	A23	C2	10000	100	0	0.5	300	0.1
470	0.022280536135	-0.0183698095	0	0.035	0.567	0.022280536135	-0.0183698095	FGr	10000	A23	C2	10000	100	0	0.5	300	0.1
471	0.0222245390227	-0.0291643455	0	0.035	0.371	0.0222245390227	-0.0291643455	NoCorrection	10000	A23	C2	10000	100	0	0.5	300	0.1
472	0.020372593213	-0.032042145	0	0.023	0.29	0.020372593213	-0.032042145	ID	10000	A23	C2	10000	100	0	0.5	300	0.1
473	-0.004599720863	0.00709051150000001	0	0.658	0.779	-0.004599720863	0.00709051150000001	1	10000	A23	C2	10000	100	0	0.5	300	0.5
474	0.00429292809	-0.00479308849999996	0	0.843	0.929	0.00429292809	-0.00479308849999996	FGr	10000	A23	C2	10000	100	0	0.5	300	0.5
475	0.004336857025	-0.00239250550000003	0	0.858	0.96	0.004336857025	-0.00239250550000003	NoCorrection	10000	A23	C2	10000	100	0	0.5	300	0.5
476	-0.00495680085999999	0.00211793850000001	0	0.601	0.926	-0.00495680085999999	0.00211793850000001	ID	10000	A23	C2	10000	100	0	0.5	300	0.5
477	0.01243665326	0.010586466	0	0.156	0.718	0.01243665326	0.010586466	1	10000	A23	C2	10000	100	0	0.5	300	1
478	0.03065324118	-0.0451326000000001	0	0.442	0.667	0.03065324118	-0.0451326000000001	FGr	10000	A23	C2	10000	100	0	0.5	300	1
479	0.030686737325	-0.0457313150000002	0	0.459	0.672	0.030686737325	-0.0457313150000002	NoCorrection	10000	A23	C2	10000	100	0	0.5	300	1
480	0.0116347628565	0.022914293	0	0.199	0.425	0.0116347628565	0.022914293	ID	10000	A23	C2	10000	100	0	0.5	300	1
481	-0.0033520734895	-0.0033520734895	0	0.697	0.683	-0.0033520734895	-0.0033520734895	1	300	A23	C2	10000	1000	0	0.5	300	0
482	-0.0032256182255	-0.0032256182255	0	0.672	0.677	-0.0032256182255	-0.0032256182255	FGr	300	A23	C2	10000	1000	0	0.5	300	0
483	-0.0032599701685	-0.0032599701685	0	0.676	0.682	-0.0032599701685	-0.0032599701685	NoCorrection	300	A23	C2	10000	1000	0	0.5	300	0
484	-0.0032996542767	-0.0032996542767	0	0.696	0.67	-0.0032996542767	-0.0032996542767	ID	300	A23	C2	10000	1000	0	0.5	300	0
485	-0.00467293303430001	-0.00467293303430001	0	0.479	0.492	-0.00467293303430001	-0.00467293303430001	1	300	A23	C2	10000	1000	0	0.5	300	0.1
486	-0.00435377369970001	-0.00435377369970002	0	0.519	0.535	-0.00435377369970001	-0.00435377369970002	FGr	300	A23	C2	10000	1000	0	0.5	300	0.1
487	-0.00442380532960001	-0.00442380532960003	0	0.523	0.498	-0.00442380532960001	-0.00442380532960003	NoCorrection	300	A23	C2	10000	1000	0	0.5	300	0.1
488	-0.00454346497824001	-0.00454346497824001	0	0.485	0.516	-0.00454346497824001	-0.00454346497824001	ID	300	A23	C2	10000	1000	0	0.5	300	0.1
489	-0.00242289533525	-0.00242289533524999	0	0.655	0.701	-0.00242289533525	-0.00242289533524999	1	300	A23	C2	10000	1000	0	0.5	300	0.5
490	-0.00139311774899999	-0.001393117749	0	0.906	0.913	-0.00139311774899999	-0.001393117749	FGr	300	A23	C2	10000	1000	0	0.5	300	0.5
491	-0.00129896203	-0.00129896203000001	0	0.906	0.911	-0.00129896203	-0.00129896203000001	NoCorrection	300	A23	C2	10000	1000	0	0.5	300	0.5
492	-0.00172073058485	-0.00172073058484999	0	0.759	0.815	-0.00172073058485	-0.00172073058484999	ID	300	A23	C2	10000	1000	0	0.5	300	0.5
493	-0.00605373491491	-0.00605373491490996	0	0.372	0.346	-0.00605373491491	-0.00605373491490996	1	300	A23	C2	10000	1000	0	0.5	300	1
494	-0.00369132490800014	-0.00369132490800012	0	0.877	0.872	-0.00369132490800014	-0.00369132490800012	FGr	300	A23	C2	10000	1000	0	0.5	300	1
495	-0.00365083830599995	-0.00365083830599992	0	0.874	0.867	-0.00365083830599995	-0.00365083830599992	NoCorrection	300	A23	C2	10000	1000	0	0.5	300	1
496	-0.00453775671000001	-0.00453775671000001	0	0.46	0.45	-0.00453775671000001	-0.00453775671000001	ID	300	A23	C2	10000	1000	0	0.5	300	1
497	0.00293014973790002	0.01437693995	0	0.668	0.165	0.00293014973790002	0.01437693995	1	1000	A23	C2	10000	1000	0	0.5	300	0
498	0.00305974765900003	0.0086539135	0	0.632	0.412	0.00305974765900003	0.0086539135	FGr	1000	A23	C2	10000	1000	0	0.5	300	0
499	0.00304844394905001	0.00863175780000012	0	0.643	0.415	0.00304844394905001	0.00863175780000012	NoCorrection	1000	A23	C2	10000	1000	0	0.5	300	0
500	0.00296400858605005	0.01215726765	0	0.644	0.247	0.00296400858605005	0.01215726765	ID	1000	A23	C2	10000	1000	0	0.5	300	0
501	0.00366012002440001	0.0102436194	0	0.577	0.341	0.00366012002440001	0.0102436194	1	1000	A23	C2	10000	1000	0	0.5	300	0.1
502	0.00388997068960001	0.01545683675	0	0.568	0.191	0.00388997068960001	0.01545683675	FGr	1000	A23	C2	10000	1000	0	0.5	300	0.1
503	0.00387519259757997	0.01533764635	0	0.574	0.191	0.00387519259757997	0.01533764635	NoCorrection	1000	A23	C2	10000	1000	0	0.5	300	0.1
504	0.00369986025790002	0.00941783910000008	0	0.579	0.391	0.00369986025790002	0.00941783910000008	ID	1000	A23	C2	10000	1000	0	0.5	300	0.1
505	-0.00879211886145	-0.00767418259999998	0	0.183	0.43	-0.00879211886145	-0.00767418259999998	1	1000	A23	C2	10000	1000	0	0.5	300	0.5
506	-0.00776732101350004	0.00433114685	0	0.581	0.826	-0.00776732101350004	0.00433114685	FGr	1000	A23	C2	10000	1000	0	0.5	300	0.5
507	-0.00784719560800002	0.00560963024999997	0	0.588	0.82	-0.00784719560800002	0.00560963024999997	NoCorrection	1000	A23	C2	10000	1000	0	0.5	300	0.5
508	-0.00867773783441999	-0.00983842085000001	0	0.164	0.311	-0.00867773783441999	-0.00983842085000001	ID	1000	A23	C2	10000	1000	0	0.5	300	0.5
509	0.0033147443992	-0.00742947350000002	0	0.579	0.473	0.0033147443992	-0.00742947350000002	1	1000	A23	C2	10000	1000	0	0.5	300	1
510	0.00514021476400005	0.0224406417000001	0	0.827	0.55	0.00514021476400005	0.0224406417000001	FGr	1000	A23	C2	10000	1000	0	0.5	300	1
511	0.00504782724949999	0.0253135233500001	0	0.834	0.502	0.00504782724949999	0.0253135233500001	NoCorrection	1000	A23	C2	10000	1000	0	0.5	300	1
512	0.00356125470499999	0.00497526294999998	0	0.593	0.639	0.00356125470499999	0.00497526294999998	ID	1000	A23	C2	10000	1000	0	0.5	300	1
513	-0.01085365097835	0.00840354825	0	0.058	0.631	-0.01085365097835	0.00840354825	1	10000	A23	C2	10000	1000	0	0.5	300	0
514	-0.0110661520936	0.0103562023	0	0.047	0.56	-0.0110661520936	0.0103562023	FGr	10000	A23	C2	10000	1000	0	0.5	300	0
515	-0.010957799222	0.0109404192	0	0.054	0.558	-0.010957799222	0.0109404192	NoCorrection	10000	A23	C2	10000	1000	0	0.5	300	0
516	-0.0109116660575	0.01185725925	0	0.062	0.483	-0.0109116660575	0.01185725925	ID	10000	A23	C2	10000	1000	0	0.5	300	0
517	-0.00620203843888499	0.00856019955	0	0.255	0.618	-0.00620203843888499	0.00856019955	1	10000	A23	C2	10000	1000	0	0.5	300	0.1
518	-0.00741166162450003	0.01319259335	0	0.222	0.451	-0.00741166162450003	0.01319259335	FGr	10000	A23	C2	10000	1000	0	0.5	300	0.1
519	-0.00732576376700004	0.01428162705	0	0.235	0.426	-0.00732576376700004	0.01428162705	NoCorrection	10000	A23	C2	10000	1000	0	0.5	300	0.1
520	-0.00638615642062201	0.00676810924999999	0	0.233	0.644	-0.00638615642062201	0.00676810924999999	ID	10000	A23	C2	10000	1000	0	0.5	300	0.1
521	-0.0068829400645	-0.0232642448	0	0.254	0.177	-0.0068829400645	-0.0232642448	1	10000	A23	C2	10000	1000	0	0.5	300	0.5
522	-0.01198963475005	0.0407853912499999	0	0.4	0.199	-0.01198963475005	0.0407853912499999	FGr	10000	A23	C2	10000	1000	0	0.5	300	0.5
523	-0.0119254192726502	0.0408384736499999	0	0.399	0.199	-0.0119254192726502	0.0408384736499999	NoCorrection	10000	A23	C2	10000	1000	0	0.5	300	0.5
524	-0.00760553231020004	-0.02549684235	0	0.195	0.115	-0.00760553231020004	-0.02549684235	ID	10000	A23	C2	10000	1000	0	0.5	300	0.5
525	-0.000851877319649977	-0.00445163040000001	0	0.901	0.802	-0.000851877319649977	-0.00445163040000001	1	10000	A23	C2	10000	1000	0	0.5	300	1
526	-0.0108484329390002	0.171813148	0	0.646	0.004	-0.0108484329390002	0.171813148	FGr	10000	A23	C2	10000	1000	0	0.5	300	1
527	-0.0105597163662	0.1752874565	0	0.62	0.005	-0.0105597163662	0.1752874565	NoCorrection	10000	A23	C2	10000	1000	0	0.5	300	1
528	-0.00217265914935003	-0.000201817349999965	0	0.743	0.988	-0.00217265914935003	-0.000201817349999965	ID	10000	A23	C2	10000	1000	0	0.5	300	1
529	-0.000359198164650054	-0.000359198164650047	0	0.943	0.947	-0.000359198164650054	-0.000359198164650047	1	300	A23	C2	10000	10000	0	0.5	300	0
530	-0.00102877941057008	-0.00102877941057007	0	0.865	0.858	-0.00102877941057008	-0.00102877941057007	FGr	300	A23	C2	10000	10000	0	0.5	300	0
531	-0.000997827841199848	-0.000997827841199816	0	0.856	0.856	-0.000997827841199848	-0.000997827841199816	NoCorrection	300	A23	C2	10000	10000	0	0.5	300	0
532	-0.000823174822200076	-0.000823174822200062	0	0.882	0.88	-0.000823174822200076	-0.000823174822200062	ID	300	A23	C2	10000	10000	0	0.5	300	0
533	0.00220787450167998	0.00220787450167997	0	0.742	0.744	0.00220787450167998	0.00220787450167997	1	300	A23	C2	10000	10000	0	0.5	300	0.1
534	-0.000144559726150013	-0.000144559726150005	0	0.981	0.987	-0.000144559726150013	-0.000144559726150005	FGr	300	A23	C2	10000	10000	0	0.5	300	0.1
535	-0.000236376546600037	-0.000236376546600043	0	0.97	0.972	-0.000236376546600037	-0.000236376546600043	NoCorrection	300	A23	C2	10000	10000	0	0.5	300	0.1
536	0.00219722430432005	0.00219722430432006	0	0.73	0.737	0.00219722430432005	0.00219722430432006	ID	300	A23	C2	10000	10000	0	0.5	300	0.1
537	0.00278027629429999	0.00278027629429999	0	0.654	0.694	0.00278027629429999	0.00278027629429999	1	300	A23	C2	10000	10000	0	0.5	300	0.5
538	-0.007478627125675	-0.00747862712567501	0	0.549	0.515	-0.007478627125675	-0.00747862712567501	FGr	300	A23	C2	10000	10000	0	0.5	300	0.5
539	-0.00748694333841005	-0.00748694333841005	0	0.544	0.555	-0.00748694333841005	-0.00748694333841005	NoCorrection	300	A23	C2	10000	10000	0	0.5	300	0.5
540	0.00290612218958	0.00290612218958	0	0.654	0.706	0.00290612218958	0.00290612218958	ID	300	A23	C2	10000	10000	0	0.5	300	0.5
541	-0.00138842421019986	-0.0013884242101999	0	0.857	0.86	-0.00138842421019986	-0.0013884242101999	1	300	A23	C2	10000	10000	0	0.5	300	1
542	-0.0210112270869499	-0.0210112270869499	0	0.314	0.299	-0.0210112270869499	-0.0210112270869499	FGr	300	A23	C2	10000	10000	0	0.5	300	1
543	-0.0212475549171351	-0.0212475549171351	0	0.339	0.321	-0.0212475549171351	-0.0212475549171351	NoCorrection	300	A23	C2	10000	10000	0	0.5	300	1
544	-0.00105897678724488	-0.00105897678724491	0	0.859	0.878	-0.00105897678724488	-0.00105897678724491	ID	300	A23	C2	10000	10000	0	0.5	300	1
545	0.00988247623675003	0.012654698905	0	0.081	0.188	0.00988247623675003	0.012654698905	1	1000	A23	C2	10000	10000	0	0.5	300	0
546	0.0102532964177051	0.01106944622	0	0.06	0.256	0.0102532964177051	0.01106944622	FGr	1000	A23	C2	10000	10000	0	0.5	300	0
547	0.010303909536625	0.0115715559700002	0	0.063	0.238	0.010303909536625	0.0115715559700002	NoCorrection	1000	A23	C2	10000	10000	0	0.5	300	0
548	0.00982281435296498	0.0129871753450001	0	0.072	0.166	0.00982281435296498	0.0129871753450001	ID	1000	A23	C2	10000	10000	0	0.5	300	0
549	-0.0029188605505901	-0.000245860920000004	0	0.572	0.984	-0.0029188605505901	-0.000245860920000004	1	1000	A23	C2	10000	10000	0	0.5	300	0.1
550	-0.00228656425838101	-0.00489994413500001	0	0.673	0.582	-0.00228656425838101	-0.00489994413500001	FGr	1000	A23	C2	10000	10000	0	0.5	300	0.1
551	-0.00227081753614989	-0.00525076053499999	0	0.662	0.589	-0.00227081753614989	-0.00525076053499999	NoCorrection	1000	A23	C2	10000	10000	0	0.5	300	0.1
552	-0.00302807767118999	-0.000793519699999995	0	0.536	0.927	-0.00302807767118999	-0.000793519699999995	ID	1000	A23	C2	10000	10000	0	0.5	300	0.1
553	0.0041900302020699	-0.00800601156500003	0	0.488	0.453	0.0041900302020699	-0.00800601156500003	1	1000	A23	C2	10000	10000	0	0.5	300	0.5
554	0.00753845804101797	-0.0274274467050001	0	0.436	0.147	0.00753845804101797	-0.0274274467050001	FGr	1000	A23	C2	10000	10000	0	0.5	300	0.5
555	0.0077653802038001	-0.0249843245700001	0	0.47	0.202	0.0077653802038001	-0.0249843245700001	NoCorrection	1000	A23	C2	10000	10000	0	0.5	300	0.5
556	0.00358053649599988	-0.00704678374999982	0	0.562	0.47	0.00358053649599988	-0.00704678374999982	ID	1000	A23	C2	10000	10000	0	0.5	300	0.5
557	0.00324752184535994	-0.00375908204000004	0	0.565	0.653	0.00324752184535994	-0.00375908204000004	1	1000	A23	C2	10000	10000	0	0.5	300	1
558	0.0105012652673597	-0.0387917279400004	0	0.606	0.226	0.0105012652673597	-0.0387917279400004	FGr	1000	A23	C2	10000	10000	0	0.5	300	1
559	0.0106744532574249	-0.037458306685	0	0.621	0.255	0.0106744532574249	-0.037458306685	NoCorrection	1000	A23	C2	10000	10000	0	0.5	300	1
560	0.00182995587859003	-0.0107043925	0	0.751	0.255	0.00182995587859003	-0.0107043925	ID	1000	A23	C2	10000	10000	0	0.5	300	1
561	0.00320967413074987	-0.00507342198499996	0	0.594	0.745	0.00320967413074987	-0.00507342198499996	1	10000	A23	C2	10000	10000	0	0.5	300	0
562	0.00310395656553197	-0.005037870615	0	0.631	0.746	0.00310395656553197	-0.005037870615	FGr	10000	A23	C2	10000	10000	0	0.5	300	0
563	0.00304264780260915	-0.00695609834500038	0	0.62	0.633	0.00304264780260915	-0.00695609834500038	NoCorrection	10000	A23	C2	10000	10000	0	0.5	300	0
564	0.00324741282682471	-0.00500355460000015	0	0.599	0.754	0.00324741282682471	-0.00500355460000015	ID	10000	A23	C2	10000	10000	0	0.5	300	0
565	-0.00419904632965008	-0.0227263429000001	0	0.518	0.11	-0.00419904632965008	-0.0227263429000001	1	10000	A23	C2	10000	10000	0	0.5	300	0.1
566	-0.00364915765390508	-0.00475485778000011	0	0.6	0.74	-0.00364915765390508	-0.00475485778000011	FGr	10000	A23	C2	10000	10000	0	0.5	300	0.1
567	-0.00363707415880501	-0.00559813591499973	0	0.564	0.722	-0.00363707415880501	-0.00559813591499973	NoCorrection	10000	A23	C2	10000	10000	0	0.5	300	0.1
568	-0.00418125516903999	-0.0227253257100007	0	0.518	0.105	-0.00418125516903999	-0.0227253257100007	ID	10000	A23	C2	10000	10000	0	0.5	300	0.1
569	0.00700183263065	0.0104444057250002	0	0.285	0.473	0.00700183263065	0.0104444057250002	1	10000	A23	C2	10000	10000	0	0.5	300	0.5
570	0.011192452395	0.0122074657600001	0	0.364	0.685	0.011192452395	0.0122074657600001	FGr	10000	A23	C2	10000	10000	0	0.5	300	0.5
571	0.011202950904	0.0122006456550003	0	0.378	0.688	0.011202950904	0.0122006456550003	NoCorrection	10000	A23	C2	10000	10000	0	0.5	300	0.5
572	0.00707436249815	0.0095441967199997	0	0.283	0.527	0.00707436249815	0.0095441967199997	ID	10000	A23	C2	10000	10000	0	0.5	300	0.5
573	-0.00430978289939999	-0.00981462544999997	0	0.444	0.579	-0.00430978289939999	-0.00981462544999997	1	10000	A23	C2	10000	10000	0	0.5	300	1
574	0.00442709047164999	-0.0401475460499999	0	0.81	0.421	0.00442709047164999	-0.0401475460499999	FGr	10000	A23	C2	10000	10000	0	0.5	300	1
575	0.00429902629922011	-0.038061107749999	0	0.86	0.423	0.00429902629922011	-0.038061107749999	NoCorrection	10000	A23	C2	10000	10000	0	0.5	300	1
576	-0.004211053923427	-0.00765865598500023	0	0.482	0.621	-0.004211053923427	-0.00765865598500023	ID	10000	A23	C2	10000	10000	0	0.5	300	1
