	c-q	nc-q	true-q	c-p	nc-p	c-bias	nc-bias	type	L	rep	config	gwas_size	test_size	h2	ts	num_causal	env
1	0.01089700435	0.0108970043499999	0	0.808	0.809	0.01089700435	0.0108970043499999	1	300	A2	C1	1000	100	0	0.5	300	0
2	0.01915101683	0.01915101683	0	0.681	0.657	0.01915101683	0.01915101683	FGr	300	A2	C1	1000	100	0	0.5	300	0
3	0.013745218175	0.013745218175	0	0.756	0.74	0.013745218175	0.013745218175	NoCorrection	300	A2	C1	1000	100	0	0.5	300	0
4	0.02163041792	0.02163041792	0	0.61	0.601	0.02163041792	0.02163041792	ID	300	A2	C1	1000	100	0	0.5	300	0
5	-0.055844972455	-0.055844972455	0	0.158	0.166	-0.055844972455	-0.055844972455	1	300	A2	C1	1000	100	0	0.5	300	0.1
6	-0.039366993835	-0.039366993835	0	0.328	0.297	-0.039366993835	-0.039366993835	FGr	300	A2	C1	1000	100	0	0.5	300	0.1
7	-0.0356636191700001	-0.03566361917	0	0.379	0.363	-0.0356636191700001	-0.03566361917	NoCorrection	300	A2	C1	1000	100	0	0.5	300	0.1
8	-0.05838290307	-0.0583829030700001	0	0.137	0.134	-0.05838290307	-0.0583829030700001	ID	300	A2	C1	1000	100	0	0.5	300	0.1
9	-0.038270011265	-0.038270011265	0	0.335	0.345	-0.038270011265	-0.038270011265	1	300	A2	C1	1000	100	0	0.5	300	0.5
10	0.10044458235	0.10044458235	0	0.036	0.038	0.10044458235	0.10044458235	FGr	300	A2	C1	1000	100	0	0.5	300	0.5
11	0.1297893047625	0.1297893047625	0	0.014	0.01	0.1297893047625	0.1297893047625	NoCorrection	300	A2	C1	1000	100	0	0.5	300	0.5
12	-0.043290974926	-0.043290974926	0	0.292	0.287	-0.043290974926	-0.043290974926	ID	300	A2	C1	1000	100	0	0.5	300	0.5
13	0.000254146634999994	0.000254146635000003	0	0.99	0.994	0.000254146634999994	0.000254146635000003	1	300	A2	C1	1000	100	0	0.5	300	1
14	0.22815856018	0.22815856018	0	0	0	0.22815856018	0.22815856018	FGr	300	A2	C1	1000	100	0	0.5	300	1
15	0.301946787145	0.301946787145	0	0	0	0.301946787145	0.301946787145	NoCorrection	300	A2	C1	1000	100	0	0.5	300	1
16	-0.03692539117	-0.03692539117	0	0.337	0.333	-0.03692539117	-0.03692539117	ID	300	A2	C1	1000	100	0	0.5	300	1
17	0.063896762035	0.030241043	0	0.146	0.661	0.063896762035	0.030241043	1	1000	A2	C1	1000	100	0	0.5	300	0
18	0.09022175462	0.062019403	0	0.041	0.39	0.09022175462	0.062019403	FGr	1000	A2	C1	1000	100	0	0.5	300	0
19	0.088721025685	0.0592124530000001	0	0.028	0.394	0.088721025685	0.0592124530000001	NoCorrection	1000	A2	C1	1000	100	0	0.5	300	0
20	0.061494976425	0.0145662344999999	0	0.165	0.831	0.061494976425	0.0145662344999999	ID	1000	A2	C1	1000	100	0	0.5	300	0
21	0.01133454608	0.063476685	0	0.779	0.37	0.01133454608	0.063476685	1	1000	A2	C1	1000	100	0	0.5	300	0.1
22	0.04246081978	0.150244639	0	0.318	0.032	0.04246081978	0.150244639	FGr	1000	A2	C1	1000	100	0	0.5	300	0.1
23	0.0825892379949999	0.227802215	0	0.051	0.001	0.0825892379949999	0.227802215	NoCorrection	1000	A2	C1	1000	100	0	0.5	300	0.1
24	0.016789307395	0.0830680715	0	0.699	0.226	0.016789307395	0.0830680715	ID	1000	A2	C1	1000	100	0	0.5	300	0.1
25	-0.02544907578	0.0300057915	0	0.493	0.684	-0.02544907578	0.0300057915	1	1000	A2	C1	1000	100	0	0.5	300	0.5
26	0.082752357584	0.230772567	0	0.081	0.003	0.082752357584	0.230772567	FGr	1000	A2	C1	1000	100	0	0.5	300	0.5
27	0.179201362143	0.4423160845	0	0.001	0	0.179201362143	0.4423160845	NoCorrection	1000	A2	C1	1000	100	0	0.5	300	0.5
28	-0.023590259577	0.0234171875	0	0.58	0.713	-0.023590259577	0.0234171875	ID	1000	A2	C1	1000	100	0	0.5	300	0.5
29	0.03121615962	0.022237683	0	0.406	0.73	0.03121615962	0.022237683	1	1000	A2	C1	1000	100	0	0.5	300	1
30	0.215620077245	0.4510672645	0	0	0	0.215620077245	0.4510672645	FGr	1000	A2	C1	1000	100	0	0.5	300	1
31	0.4035134616	0.9234334325	0	0	0	0.4035134616	0.9234334325	NoCorrection	1000	A2	C1	1000	100	0	0.5	300	1
32	0.027225335195	0.0100371475	0	0.427	0.873	0.027225335195	0.0100371475	ID	1000	A2	C1	1000	100	0	0.5	300	1
33	0.02943881027	0.0616351200000001	0	0.448	0.549	0.02943881027	0.0616351200000001	1	10000	A2	C1	1000	100	0	0.5	300	0
34	0.02416346922	0.03640083	0	0.552	0.701	0.02416346922	0.03640083	FGr	10000	A2	C1	1000	100	0	0.5	300	0
35	0.01928743078	0.0189152600000001	0	0.608	0.858	0.01928743078	0.0189152600000001	NoCorrection	10000	A2	C1	1000	100	0	0.5	300	0
36	0.02789899774	0.0475060550000002	0	0.454	0.631	0.02789899774	0.0475060550000002	ID	10000	A2	C1	1000	100	0	0.5	300	0
37	0.035032559845	0.00268887400000002	0	0.364	0.976	0.035032559845	0.00268887400000002	1	10000	A2	C1	1000	100	0	0.5	300	0.1
38	0.0387667892	-0.00289955200000003	0	0.308	0.971	0.0387667892	-0.00289955200000003	FGr	10000	A2	C1	1000	100	0	0.5	300	0.1
39	0.035499530155	-0.00578282400000004	0	0.381	0.944	0.035499530155	-0.00578282400000004	NoCorrection	10000	A2	C1	1000	100	0	0.5	300	0.1
40	0.034513887505	0.00238299550000002	0	0.386	0.974	0.034513887505	0.00238299550000002	ID	10000	A2	C1	1000	100	0	0.5	300	0.1
41	-0.058888799485	0.0206826490000001	0	0.108	0.812	-0.058888799485	0.0206826490000001	1	10000	A2	C1	1000	100	0	0.5	300	0.5
42	-0.0427468877599999	0.111366267	0	0.257	0.262	-0.0427468877599999	0.111366267	FGr	10000	A2	C1	1000	100	0	0.5	300	0.5
43	0.11462417244	1.0795296	0	0.026	0	0.11462417244	1.0795296	NoCorrection	10000	A2	C1	1000	100	0	0.5	300	0.5
44	-0.0576925443575	0.049571484	0	0.139	0.612	-0.0576925443575	0.049571484	ID	10000	A2	C1	1000	100	0	0.5	300	0.5
45	-0.0229782410300001	-0.024226991	0	0.58	0.782	-0.0229782410300001	-0.024226991	1	10000	A2	C1	1000	100	0	0.5	300	1
46	-0.00152048812750002	0.1149823315	0	0.977	0.254	-0.00152048812750002	0.1149823315	FGr	10000	A2	C1	1000	100	0	0.5	300	1
47	0.33985097653	2.0387025	0	0	0	0.33985097653	2.0387025	NoCorrection	10000	A2	C1	1000	100	0	0.5	300	1
48	-0.026084432935	-0.042444482	0	0.557	0.637	-0.026084432935	-0.042444482	ID	10000	A2	C1	1000	100	0	0.5	300	1
49	-0.019497627545	-0.019497627545	0	0.476	0.473	-0.019497627545	-0.019497627545	1	300	A2	C1	1000	1000	0	0.5	300	0
50	-0.03815329107	-0.03815329107	0	0.184	0.172	-0.03815329107	-0.03815329107	FGr	300	A2	C1	1000	1000	0	0.5	300	0
51	-0.032735893351	-0.032735893351	0	0.245	0.214	-0.032735893351	-0.032735893351	NoCorrection	300	A2	C1	1000	1000	0	0.5	300	0
52	-0.031810703597	-0.031810703597	0	0.26	0.233	-0.031810703597	-0.031810703597	ID	300	A2	C1	1000	1000	0	0.5	300	0
53	-0.0252876606535001	-0.0252876606535001	0	0.381	0.389	-0.0252876606535001	-0.0252876606535001	1	300	A2	C1	1000	1000	0	0.5	300	0.1
54	0.0352424722212499	0.0352424722212499	0	0.257	0.255	0.0352424722212499	0.0352424722212499	FGr	300	A2	C1	1000	1000	0	0.5	300	0.1
55	0.0372511522735	0.0372511522735	0	0.242	0.227	0.0372511522735	0.0372511522735	NoCorrection	300	A2	C1	1000	1000	0	0.5	300	0.1
56	-0.0219422521885	-0.0219422521885	0	0.432	0.492	-0.0219422521885	-0.0219422521885	ID	300	A2	C1	1000	1000	0	0.5	300	0.1
57	-0.0312784407893851	-0.0312784407893849	0	0.265	0.275	-0.0312784407893851	-0.0312784407893849	1	300	A2	C1	1000	1000	0	0.5	300	0.5
58	0.0876631108525001	0.0876631108525001	0	0.006	0.006	0.0876631108525001	0.0876631108525001	FGr	300	A2	C1	1000	1000	0	0.5	300	0.5
59	0.136530271689	0.136530271689001	0	0.001	0	0.136530271689	0.136530271689001	NoCorrection	300	A2	C1	1000	1000	0	0.5	300	0.5
60	-0.0281229925654999	-0.0281229925654999	0	0.318	0.315	-0.0281229925654999	-0.0281229925654999	ID	300	A2	C1	1000	1000	0	0.5	300	0.5
61	-0.0061173016420001	-0.0061173016420001	0	0.851	0.834	-0.0061173016420001	-0.0061173016420001	1	300	A2	C1	1000	1000	0	0.5	300	1
62	0.21404904456	0.21404904456	0	0	0	0.21404904456	0.21404904456	FGr	300	A2	C1	1000	1000	0	0.5	300	1
63	0.2835643721945	0.2835643721945	0	0	0	0.2835643721945	0.2835643721945	NoCorrection	300	A2	C1	1000	1000	0	0.5	300	1
64	-0.0219815007875	-0.0219815007875001	0	0.404	0.428	-0.0219815007875	-0.0219815007875001	ID	300	A2	C1	1000	1000	0	0.5	300	1
65	-0.00265958183150001	-0.0435661005500002	0	0.922	0.331	-0.00265958183150001	-0.0435661005500002	1	1000	A2	C1	1000	1000	0	0.5	300	0
66	-0.0131220907615001	-0.0500600944500005	0	0.656	0.243	-0.0131220907615001	-0.0500600944500005	FGr	1000	A2	C1	1000	1000	0	0.5	300	0
67	-0.0488550522319998	-0.1487689612	0	0.089	0.003	-0.0488550522319998	-0.1487689612	NoCorrection	1000	A2	C1	1000	1000	0	0.5	300	0
68	-0.00154018666999999	-0.0366098809000002	0	0.949	0.413	-0.00154018666999999	-0.0366098809000002	ID	1000	A2	C1	1000	1000	0	0.5	300	0
69	0.0264872083155	0.0329387543	0	0.312	0.369	0.0264872083155	0.0329387543	1	1000	A2	C1	1000	1000	0	0.5	300	0.1
70	0.0539440399955	0.11220894265	0	0.03	0.005	0.0539440399955	0.11220894265	FGr	1000	A2	C1	1000	1000	0	0.5	300	0.1
71	0.06928750396475	0.14535120195	0	0.006	0.001	0.06928750396475	0.14535120195	NoCorrection	1000	A2	C1	1000	1000	0	0.5	300	0.1
72	0.032025229177	0.0518601654	0	0.197	0.188	0.032025229177	0.0518601654	ID	1000	A2	C1	1000	1000	0	0.5	300	0.1
73	-0.00596138123000003	0.0467920105000001	0	0.831	0.228	-0.00596138123000003	0.0467920105000001	1	1000	A2	C1	1000	1000	0	0.5	300	0.5
74	0.0255570285985	0.1116616807	0	0.318	0.005	0.0255570285985	0.1116616807	FGr	1000	A2	C1	1000	1000	0	0.5	300	0.5
75	0.116332644984	0.34405228245	0	0	0	0.116332644984	0.34405228245	NoCorrection	1000	A2	C1	1000	1000	0	0.5	300	0.5
76	-0.01060381834	0.0513111910999992	0	0.683	0.206	-0.01060381834	0.0513111910999992	ID	1000	A2	C1	1000	1000	0	0.5	300	0.5
77	-0.00429885696975003	-0.0217166517000001	0	0.875	0.637	-0.00429885696975003	-0.0217166517000001	1	1000	A2	C1	1000	1000	0	0.5	300	1
78	0.115388160128	0.26046938645	0	0	0	0.115388160128	0.26046938645	FGr	1000	A2	C1	1000	1000	0	0.5	300	1
79	0.3156805622305	0.71577852355	0	0	0	0.3156805622305	0.71577852355	NoCorrection	1000	A2	C1	1000	1000	0	0.5	300	1
80	-0.00461865668899982	-0.0277484332499999	0	0.862	0.544	-0.00461865668899982	-0.0277484332499999	ID	1000	A2	C1	1000	1000	0	0.5	300	1
81	-0.0276328912600001	0.00556132929999999	0	0.297	0.939	-0.0276328912600001	0.00556132929999999	1	10000	A2	C1	1000	1000	0	0.5	300	0
82	-0.0310189079904999	-0.01992370825	0	0.254	0.752	-0.0310189079904999	-0.01992370825	FGr	10000	A2	C1	1000	1000	0	0.5	300	0
83	-0.031336024611	-0.01805059205	0	0.249	0.775	-0.031336024611	-0.01805059205	NoCorrection	10000	A2	C1	1000	1000	0	0.5	300	0
84	-0.0271516493725	0.01423792745	0	0.321	0.832	-0.0271516493725	0.01423792745	ID	10000	A2	C1	1000	1000	0	0.5	300	0
85	0.00484284062800002	0.18260107625	0	0.856	0.014	0.00484284062800002	0.18260107625	1	10000	A2	C1	1000	1000	0	0.5	300	0.1
86	0.00723551824850002	0.1914301752	0	0.809	0.004	0.00723551824850002	0.1914301752	FGr	10000	A2	C1	1000	1000	0	0.5	300	0.1
87	0.056348347476	0.5455211585	0	0.06	0	0.056348347476	0.5455211585	NoCorrection	10000	A2	C1	1000	1000	0	0.5	300	0.1
88	0.00297713958724999	0.17160536955	0	0.903	0.02	0.00297713958724999	0.17160536955	ID	10000	A2	C1	1000	1000	0	0.5	300	0.1
89	-0.0246104334605	-0.0605285381	0	0.253	0.379	-0.0246104334605	-0.0605285381	1	10000	A2	C1	1000	1000	0	0.5	300	0.5
90	-0.0208753481	-0.02018010625	0	0.321	0.773	-0.0208753481	-0.02018010625	FGr	10000	A2	C1	1000	1000	0	0.5	300	0.5
91	0.112276851981	1.070504633	0	0	0	0.112276851981	1.070504633	NoCorrection	10000	A2	C1	1000	1000	0	0.5	300	0.5
92	-0.0268524185555	-0.07606223015	0	0.196	0.286	-0.0268524185555	-0.07606223015	ID	10000	A2	C1	1000	1000	0	0.5	300	0.5
93	0.0241986679820001	0.065940343	0	0.338	0.341	0.0241986679820001	0.065940343	1	10000	A2	C1	1000	1000	0	0.5	300	1
94	0.0472278032265	0.1852063541	0	0.066	0.004	0.0472278032265	0.1852063541	FGr	10000	A2	C1	1000	1000	0	0.5	300	1
95	0.290394753635	1.8059208535	0	0	0	0.290394753635	1.8059208535	NoCorrection	10000	A2	C1	1000	1000	0	0.5	300	1
96	0.0238707751253501	0.0228872466000001	0	0.331	0.733	0.0238707751253501	0.0228872466000001	ID	10000	A2	C1	1000	1000	0	0.5	300	1
97	-0.0107715495315	-0.0107715495315	0	0.692	0.712	-0.0107715495315	-0.0107715495315	1	300	A2	C1	1000	10000	0	0.5	300	0
98	-0.0257290768018001	-0.0257290768018001	0	0.31	0.354	-0.0257290768018001	-0.0257290768018001	FGr	300	A2	C1	1000	10000	0	0.5	300	0
99	-0.00342931089785003	-0.00342931089785003	0	0.888	0.881	-0.00342931089785003	-0.00342931089785003	NoCorrection	300	A2	C1	1000	10000	0	0.5	300	0
100	-0.01018873826159	-0.01018873826159	0	0.698	0.716	-0.01018873826159	-0.01018873826159	ID	300	A2	C1	1000	10000	0	0.5	300	0
101	0.0432842351576501	0.0432842351576501	0	0.111	0.099	0.0432842351576501	0.0432842351576501	1	300	A2	C1	1000	10000	0	0.5	300	0.1
102	0.0832421246787502	0.0832421246787503	0	0.001	0.002	0.0832421246787502	0.0832421246787503	FGr	300	A2	C1	1000	10000	0	0.5	300	0.1
103	0.0789829932400001	0.0789829932400001	0	0.001	0.004	0.0789829932400001	0.0789829932400001	NoCorrection	300	A2	C1	1000	10000	0	0.5	300	0.1
104	0.0404553923689	0.0404553923689	0	0.133	0.122	0.0404553923689	0.0404553923689	ID	300	A2	C1	1000	10000	0	0.5	300	0.1
105	0.0303641025319998	0.0303641025319998	0	0.282	0.271	0.0303641025319998	0.0303641025319998	1	300	A2	C1	1000	10000	0	0.5	300	0.5
106	0.1004129628355	0.1004129628355	0	0.001	0	0.1004129628355	0.1004129628355	FGr	300	A2	C1	1000	10000	0	0.5	300	0.5
107	0.1719625356755	0.1719625356755	0	0	0	0.1719625356755	0.1719625356755	NoCorrection	300	A2	C1	1000	10000	0	0.5	300	0.5
108	0.0242853415573901	0.0242853415573901	0	0.39	0.353	0.0242853415573901	0.0242853415573901	ID	300	A2	C1	1000	10000	0	0.5	300	0.5
109	0.0619140620899001	0.0619140620899001	0	0.043	0.04	0.0619140620899001	0.0619140620899001	1	300	A2	C1	1000	10000	0	0.5	300	1
110	0.3134878546184	0.3134878546184	0	0	0	0.3134878546184	0.3134878546184	FGr	300	A2	C1	1000	10000	0	0.5	300	1
111	0.496053057799549	0.496053057799549	0	0	0	0.496053057799549	0.496053057799549	NoCorrection	300	A2	C1	1000	10000	0	0.5	300	1
112	0.06474430924925	0.06474430924925	0	0.025	0.023	0.06474430924925	0.06474430924925	ID	300	A2	C1	1000	10000	0	0.5	300	1
113	0.01125619672645	0.0127847561050001	0	0.66	0.734	0.01125619672645	0.0127847561050001	1	1000	A2	C1	1000	10000	0	0.5	300	0
114	0.0117888490221	0.0249557327049999	0	0.645	0.518	0.0117888490221	0.0249557327049999	FGr	1000	A2	C1	1000	10000	0	0.5	300	0
115	0.00258933261600004	-0.00549722998999991	0	0.928	0.895	0.00258933261600004	-0.00549722998999991	NoCorrection	1000	A2	C1	1000	10000	0	0.5	300	0
116	0.00573211273345002	8.79210550000198e-05	0	0.822	0.999	0.00573211273345002	8.79210550000198e-05	ID	1000	A2	C1	1000	10000	0	0.5	300	0
117	0.0030715373519	-0.0075368025500003	0	0.904	0.853	0.0030715373519	-0.0075368025500003	1	1000	A2	C1	1000	10000	0	0.5	300	0.1
118	0.000925368832500012	-0.0117593993750011	0	0.976	0.767	0.000925368832500012	-0.0117593993750011	FGr	1000	A2	C1	1000	10000	0	0.5	300	0.1
119	0.02766852103805	0.0657805446550004	0	0.306	0.099	0.02766852103805	0.0657805446550004	NoCorrection	1000	A2	C1	1000	10000	0	0.5	300	0.1
120	0.00270794081104999	-0.00808095492999931	0	0.925	0.844	0.00270794081104999	-0.00808095492999931	ID	1000	A2	C1	1000	10000	0	0.5	300	0.1
121	-0.00957281058044976	0.0493915977	0	0.686	0.224	-0.00957281058044976	0.0493915977	1	1000	A2	C1	1000	10000	0	0.5	300	0.5
122	0.0329028884319998	0.207833313065	0	0.169	0	0.0329028884319998	0.207833313065	FGr	1000	A2	C1	1000	10000	0	0.5	300	0.5
123	0.112834595406449	0.43231231687	0	0	0	0.112834595406449	0.43231231687	NoCorrection	1000	A2	C1	1000	10000	0	0.5	300	0.5
124	-0.0125698240974994	0.0415258353549998	0	0.598	0.303	-0.0125698240974994	0.0415258353549998	ID	1000	A2	C1	1000	10000	0	0.5	300	0.5
125	0.0396714284810499	0.0421293780249997	0	0.104	0.279	0.0396714284810499	0.0421293780249997	1	1000	A2	C1	1000	10000	0	0.5	300	1
126	0.135563697278125	0.31326784295	0	0	0	0.135563697278125	0.31326784295	FGr	1000	A2	C1	1000	10000	0	0.5	300	1
127	0.327899142633	0.872100528959999	0	0	0	0.327899142633	0.872100528959999	NoCorrection	1000	A2	C1	1000	10000	0	0.5	300	1
128	0.0393275740935502	0.0489073618700003	0	0.098	0.184	0.0393275740935502	0.0489073618700003	ID	1000	A2	C1	1000	10000	0	0.5	300	1
129	0.00478935491652	-0.055636767385001	0	0.863	0.439	0.00478935491652	-0.055636767385001	1	10000	A2	C1	1000	10000	0	0.5	300	0
130	0.00045690400265049	-0.0842094311949996	0	0.987	0.243	0.00045690400265049	-0.0842094311949996	FGr	10000	A2	C1	1000	10000	0	0.5	300	0
131	0.00556742138198006	-0.0309511325450008	0	0.845	0.679	0.00556742138198006	-0.0309511325450008	NoCorrection	10000	A2	C1	1000	10000	0	0.5	300	0
132	0.0021027347550486	-0.0702671386949999	0	0.956	0.323	0.0021027347550486	-0.0702671386949999	ID	10000	A2	C1	1000	10000	0	0.5	300	0
133	0.00514715641934999	0.10785912465	0	0.812	0.138	0.00514715641934999	0.10785912465	1	10000	A2	C1	1000	10000	0	0.5	300	0.1
134	0.00582927616864995	0.108475015970001	0	0.844	0.142	0.00582927616864995	0.108475015970001	FGr	10000	A2	C1	1000	10000	0	0.5	300	0.1
135	0.03902055275255	0.338594945819999	0	0.132	0	0.03902055275255	0.338594945819999	NoCorrection	10000	A2	C1	1000	10000	0	0.5	300	0.1
136	0.00430669519870015	0.091433418310001	0	0.863	0.223	0.00430669519870015	0.091433418310001	ID	10000	A2	C1	1000	10000	0	0.5	300	0.1
137	-0.00155962277605002	-0.016739844	0	0.948	0.828	-0.00155962277605002	-0.016739844	1	10000	A2	C1	1000	10000	0	0.5	300	0.5
138	0.0072844721109001	0.029664174750001	0	0.774	0.688	0.0072844721109001	0.029664174750001	FGr	10000	A2	C1	1000	10000	0	0.5	300	0.5
139	0.15200162624215	1.14023091245	0	0	0	0.15200162624215	1.14023091245	NoCorrection	10000	A2	C1	1000	10000	0	0.5	300	0.5
140	-0.00169234763519999	-0.0274714548499995	0	0.951	0.712	-0.00169234763519999	-0.0274714548499995	ID	10000	A2	C1	1000	10000	0	0.5	300	0.5
141	-0.0135402488964999	-0.0616217613150001	0	0.566	0.329	-0.0135402488964999	-0.0616217613150001	1	10000	A2	C1	1000	10000	0	0.5	300	1
142	0.00634141407362489	0.059836639645	0	0.809	0.369	0.00634141407362489	0.059836639645	FGr	10000	A2	C1	1000	10000	0	0.5	300	1
143	0.2973371986279	2.01165349485	0	0	0	0.2973371986279	2.01165349485	NoCorrection	10000	A2	C1	1000	10000	0	0.5	300	1
144	-0.0099688751662999	-0.0267082442200002	0	0.679	0.703	-0.0099688751662999	-0.0267082442200002	ID	10000	A2	C1	1000	10000	0	0.5	300	1
145	-0.01189156907	-0.01189156907	0	0.411	0.424	-0.01189156907	-0.01189156907	1	300	A2	C1	10000	100	0	0.5	300	0
146	0.000591942714999999	0.000591942714999993	0	0.97	0.97	0.000591942714999999	0.000591942714999993	FGr	300	A2	C1	10000	100	0	0.5	300	0
147	-0.00219879745250002	-0.0021987974525	0	0.863	0.892	-0.00219879745250002	-0.0021987974525	NoCorrection	300	A2	C1	10000	100	0	0.5	300	0
148	-0.00624951141	-0.00624951141	0	0.634	0.658	-0.00624951141	-0.00624951141	ID	300	A2	C1	10000	100	0	0.5	300	0
149	0.01291532083	0.01291532083	0	0.324	0.33	0.01291532083	0.01291532083	1	300	A2	C1	10000	100	0	0.5	300	0.1
150	0.0439708313457	0.0439708313457	0	0.001	0.003	0.0439708313457	0.0439708313457	FGr	300	A2	C1	10000	100	0	0.5	300	0.1
151	0.051712707353	0.051712707353	0	0	0.002	0.051712707353	0.051712707353	NoCorrection	300	A2	C1	10000	100	0	0.5	300	0.1
152	0.0094573197505	0.0094573197505	0	0.492	0.506	0.0094573197505	0.0094573197505	ID	300	A2	C1	10000	100	0	0.5	300	0.1
153	-0.007399987335	-0.007399987335	0	0.572	0.574	-0.007399987335	-0.007399987335	1	300	A2	C1	10000	100	0	0.5	300	0.5
154	0.120627297385	0.120627297385	0	0	0	0.120627297385	0.120627297385	FGr	300	A2	C1	10000	100	0	0.5	300	0.5
155	0.152685611556	0.152685611556	0	0	0	0.152685611556	0.152685611556	NoCorrection	300	A2	C1	10000	100	0	0.5	300	0.5
156	-0.014051388885	-0.014051388885	0	0.291	0.271	-0.014051388885	-0.014051388885	ID	300	A2	C1	10000	100	0	0.5	300	0.5
157	0.013749645107	0.013749645107	0	0.398	0.382	0.013749645107	0.013749645107	1	300	A2	C1	10000	100	0	0.5	300	1
158	0.287597207215	0.287597207215	0	0	0	0.287597207215	0.287597207215	FGr	300	A2	C1	10000	100	0	0.5	300	1
159	0.35523471205	0.35523471205	0	0	0	0.35523471205	0.35523471205	NoCorrection	300	A2	C1	10000	100	0	0.5	300	1
160	0.015751600554	0.015751600554	0	0.297	0.292	0.015751600554	0.015751600554	ID	300	A2	C1	10000	100	0	0.5	300	1
161	-0.016110312625	-0.00738113249999999	0	0.206	0.724	-0.016110312625	-0.00738113249999999	1	1000	A2	C1	10000	100	0	0.5	300	0
162	-0.017559918235	-0.0145427105	0	0.153	0.472	-0.017559918235	-0.0145427105	FGr	1000	A2	C1	10000	100	0	0.5	300	0
163	-0.0184023497685	-0.016992243	0	0.159	0.433	-0.0184023497685	-0.016992243	NoCorrection	1000	A2	C1	10000	100	0	0.5	300	0
164	-0.016585521595	-0.00714524800000001	0	0.209	0.753	-0.016585521595	-0.00714524800000001	ID	1000	A2	C1	10000	100	0	0.5	300	0
165	0.0112670702455	0.0151814835	0	0.372	0.445	0.0112670702455	0.0151814835	1	1000	A2	C1	10000	100	0	0.5	300	0.1
166	0.0216189558245	0.0407975485	0	0.08	0.037	0.0216189558245	0.0407975485	FGr	1000	A2	C1	10000	100	0	0.5	300	0.1
167	0.04798169448	0.134606046	0	0	0	0.04798169448	0.134606046	NoCorrection	1000	A2	C1	10000	100	0	0.5	300	0.1
168	0.010189352522	0.0140440705	0	0.403	0.443	0.010189352522	0.0140440705	ID	1000	A2	C1	10000	100	0	0.5	300	0.1
169	-0.038135311425	-0.0524049705	0	0.01	0.016	-0.038135311425	-0.0524049705	1	1000	A2	C1	10000	100	0	0.5	300	0.5
170	0.040351509935	0.159077514	0	0.015	0	0.040351509935	0.159077514	FGr	1000	A2	C1	10000	100	0	0.5	300	0.5
171	0.127931381845	0.4217424575	0	0	0	0.127931381845	0.4217424575	NoCorrection	1000	A2	C1	10000	100	0	0.5	300	0.5
172	-0.036094875585	-0.0478080015	0	0.009	0.031	-0.036094875585	-0.0478080015	ID	1000	A2	C1	10000	100	0	0.5	300	0.5
173	0.010835726495	0.024890193	0	0.431	0.246	0.010835726495	0.024890193	1	1000	A2	C1	10000	100	0	0.5	300	1
174	0.169625519596	0.5041539625	0	0	0	0.169625519596	0.5041539625	FGr	1000	A2	C1	10000	100	0	0.5	300	1
175	0.346329294335	0.988657029	0	0	0	0.346329294335	0.988657029	NoCorrection	1000	A2	C1	10000	100	0	0.5	300	1
176	0.00877695594	0.0268729285	0	0.503	0.224	0.00877695594	0.0268729285	ID	1000	A2	C1	10000	100	0	0.5	300	1
177	0.00417734269099998	-0.00780490749999999	0	0.68	0.791	0.00417734269099998	-0.00780490749999999	1	10000	A2	C1	10000	100	0	0.5	300	0
178	0.01026390474	0.0319205174999999	0	0.321	0.274	0.01026390474	0.0319205174999999	FGr	10000	A2	C1	10000	100	0	0.5	300	0
179	0.012567765325	0.041113779	0	0.26	0.19	0.012567765325	0.041113779	NoCorrection	10000	A2	C1	10000	100	0	0.5	300	0
180	0.00528199301500001	-0.00283275700000002	0	0.613	0.927	0.00528199301500001	-0.00283275700000002	ID	10000	A2	C1	10000	100	0	0.5	300	0
181	-0.000333020075000003	0.0129303915	0	0.978	0.706	-0.000333020075000003	0.0129303915	1	10000	A2	C1	10000	100	0	0.5	300	0.1
182	0.000764284165000008	0.0206874325	0	0.936	0.535	0.000764284165000008	0.0206874325	FGr	10000	A2	C1	10000	100	0	0.5	300	0.1
183	0.029786836807	0.1852397985	0	0.01	0	0.029786836807	0.1852397985	NoCorrection	10000	A2	C1	10000	100	0	0.5	300	0.1
184	-0.0017956311345	0.00843814100000001	0	0.877	0.795	-0.0017956311345	0.00843814100000001	ID	10000	A2	C1	10000	100	0	0.5	300	0.1
185	-0.00946866544500002	0.0136882565	0	0.422	0.677	-0.00946866544500002	0.0136882565	1	10000	A2	C1	10000	100	0	0.5	300	0.5
186	0.00812581131499998	0.1080389605	0	0.488	0.002	0.00812581131499998	0.1080389605	FGr	10000	A2	C1	10000	100	0	0.5	300	0.5
187	0.193651105062	1.0360794105	0	0	0	0.193651105062	1.0360794105	NoCorrection	10000	A2	C1	10000	100	0	0.5	300	0.5
188	-0.00974887560900001	0.010378324	0	0.378	0.76	-0.00974887560900001	0.010378324	ID	10000	A2	C1	10000	100	0	0.5	300	0.5
189	0.00304997801550003	-0.00549423599999996	0	0.818	0.849	0.00304997801550003	-0.00549423599999996	1	10000	A2	C1	10000	100	0	0.5	300	1
190	0.0315512866865	0.1665176875	0	0.016	0	0.0315512866865	0.1665176875	FGr	10000	A2	C1	10000	100	0	0.5	300	1
191	0.3881430486	1.93889069	0	0	0	0.3881430486	1.93889069	NoCorrection	10000	A2	C1	10000	100	0	0.5	300	1
192	0.00235953351500001	-0.00337855549999999	0	0.839	0.913	0.00235953351500001	-0.00337855549999999	ID	10000	A2	C1	10000	100	0	0.5	300	1
193	-0.00783827415199995	-0.00783827415199994	0	0.373	0.362	-0.00783827415199995	-0.00783827415199994	1	300	A2	C1	10000	1000	0	0.5	300	0
194	-0.0237722839844999	-0.0237722839844999	0	0.005	0.009	-0.0237722839844999	-0.0237722839844999	FGr	300	A2	C1	10000	1000	0	0.5	300	0
195	-0.026452801774	-0.026452801774	0	0.01	0.003	-0.026452801774	-0.026452801774	NoCorrection	300	A2	C1	10000	1000	0	0.5	300	0
196	-0.0162391022462999	-0.0162391022462999	0	0.062	0.067	-0.0162391022462999	-0.0162391022462999	ID	300	A2	C1	10000	1000	0	0.5	300	0
197	0.005438607483	0.005438607483	0	0.55	0.561	0.005438607483	0.005438607483	1	300	A2	C1	10000	1000	0	0.5	300	0.1
198	0.028504915659	0.028504915659	0	0.003	0.003	0.028504915659	0.028504915659	FGr	300	A2	C1	10000	1000	0	0.5	300	0.1
199	0.0356110546685	0.0356110546685	0	0	0.001	0.0356110546685	0.0356110546685	NoCorrection	300	A2	C1	10000	1000	0	0.5	300	0.1
200	0.00539933240799997	0.00539933240799997	0	0.572	0.552	0.00539933240799997	0.00539933240799997	ID	300	A2	C1	10000	1000	0	0.5	300	0.1
201	0.0144539821535	0.0144539821535	0	0.069	0.058	0.0144539821535	0.0144539821535	1	300	A2	C1	10000	1000	0	0.5	300	0.5
202	0.1101965606104	0.1101965606104	0	0	0	0.1101965606104	0.1101965606104	FGr	300	A2	C1	10000	1000	0	0.5	300	0.5
203	0.180884724127	0.180884724127	0	0	0	0.180884724127	0.180884724127	NoCorrection	300	A2	C1	10000	1000	0	0.5	300	0.5
204	0.0075409277998	0.0075409277998	0	0.345	0.329	0.0075409277998	0.0075409277998	ID	300	A2	C1	10000	1000	0	0.5	300	0.5
205	0.0130303929762001	0.0130303929762001	0	0.125	0.135	0.0130303929762001	0.0130303929762001	1	300	A2	C1	10000	1000	0	0.5	300	1
206	0.2230680371865	0.2230680371865	0	0	0	0.2230680371865	0.2230680371865	FGr	300	A2	C1	10000	1000	0	0.5	300	1
207	0.363846397141	0.363846397141	0	0	0	0.363846397141	0.363846397141	NoCorrection	300	A2	C1	10000	1000	0	0.5	300	1
208	0.0103906382625	0.0103906382625	0	0.212	0.215	0.0103906382625	0.0103906382625	ID	300	A2	C1	10000	1000	0	0.5	300	1
209	-0.00741567460650001	-0.0344433904999999	0	0.471	0.037	-0.00741567460650001	-0.0344433904999999	1	1000	A2	C1	10000	1000	0	0.5	300	0
210	-0.006053621926	-0.03002265215	0	0.533	0.056	-0.006053621926	-0.03002265215	FGr	1000	A2	C1	10000	1000	0	0.5	300	0
211	-0.00838020568930001	-0.0356036802	0	0.371	0.024	-0.00838020568930001	-0.0356036802	NoCorrection	1000	A2	C1	10000	1000	0	0.5	300	0
212	-0.00578184336969997	-0.0290120869500001	0	0.545	0.064	-0.00578184336969997	-0.0290120869500001	ID	1000	A2	C1	10000	1000	0	0.5	300	0
213	0.00350597372	-0.02207698415	0	0.687	0.127	0.00350597372	-0.02207698415	1	1000	A2	C1	10000	1000	0	0.5	300	0.1
214	0.0122187479868	-0.00171894674999999	0	0.179	0.889	0.0122187479868	-0.00171894674999999	FGr	1000	A2	C1	10000	1000	0	0.5	300	0.1
215	0.0332672176835	0.06822066875	0	0.001	0	0.0332672176835	0.06822066875	NoCorrection	1000	A2	C1	10000	1000	0	0.5	300	0.1
216	0.00377314791669999	-0.02139790985	0	0.648	0.146	0.00377314791669999	-0.02139790985	ID	1000	A2	C1	10000	1000	0	0.5	300	0.1
217	0.0114686989855	0.01787303615	0	0.21	0.207	0.0114686989855	0.01787303615	1	1000	A2	C1	10000	1000	0	0.5	300	0.5
218	0.0682790835655	0.1667043844	0	0	0	0.0682790835655	0.1667043844	FGr	1000	A2	C1	10000	1000	0	0.5	300	0.5
219	0.18142170794305	0.48545381145	0	0	0	0.18142170794305	0.48545381145	NoCorrection	1000	A2	C1	10000	1000	0	0.5	300	0.5
220	0.01319392275347	0.02279046945	0	0.156	0.089	0.01319392275347	0.02279046945	ID	1000	A2	C1	10000	1000	0	0.5	300	0.5
221	-0.013054611375	-0.01591382495	0	0.169	0.261	-0.013054611375	-0.01591382495	1	1000	A2	C1	10000	1000	0	0.5	300	1
222	0.0952023715169999	0.2881012823	0	0	0	0.0952023715169999	0.2881012823	FGr	1000	A2	C1	10000	1000	0	0.5	300	1
223	0.321827986886	0.849895766400001	0	0	0	0.321827986886	0.849895766400001	NoCorrection	1000	A2	C1	10000	1000	0	0.5	300	1
224	-0.0155588338447	-0.01774763005	0	0.087	0.207	-0.0155588338447	-0.01774763005	ID	1000	A2	C1	10000	1000	0	0.5	300	1
225	0.00117185772950003	-0.00836380790000032	0	0.883	0.72	0.00117185772950003	-0.00836380790000032	1	10000	A2	C1	10000	1000	0	0.5	300	0
226	0.000949900542200022	-0.0125634957000004	0	0.893	0.571	0.000949900542200022	-0.0125634957000004	FGr	10000	A2	C1	10000	1000	0	0.5	300	0
227	0.000921557470725012	-0.00655370759999976	0	0.895	0.76	0.000921557470725012	-0.00655370759999976	NoCorrection	10000	A2	C1	10000	1000	0	0.5	300	0
228	0.00145445189064997	-0.00401780369999977	0	0.845	0.871	0.00145445189064997	-0.00401780369999977	ID	10000	A2	C1	10000	1000	0	0.5	300	0
229	0.00663146739599997	0.0277290634500001	0	0.449	0.221	0.00663146739599997	0.0277290634500001	1	10000	A2	C1	10000	1000	0	0.5	300	0.1
230	0.00715022491174999	0.03568511465	0	0.389	0.098	0.00715022491174999	0.03568511465	FGr	10000	A2	C1	10000	1000	0	0.5	300	0.1
231	0.0355574568395	0.21562563505	0	0	0	0.0355574568395	0.21562563505	NoCorrection	10000	A2	C1	10000	1000	0	0.5	300	0.1
232	0.00654107515399999	0.0245342618499999	0	0.438	0.265	0.00654107515399999	0.0245342618499999	ID	10000	A2	C1	10000	1000	0	0.5	300	0.1
233	-0.01244746794996	-0.00363609140000002	0	0.119	0.885	-0.01244746794996	-0.00363609140000002	1	10000	A2	C1	10000	1000	0	0.5	300	0.5
234	-0.005676671288	0.06461082465	0	0.513	0.002	-0.005676671288	0.06461082465	FGr	10000	A2	C1	10000	1000	0	0.5	300	0.5
235	0.1152702308195	0.92232858265	0	0	0	0.1152702308195	0.92232858265	NoCorrection	10000	A2	C1	10000	1000	0	0.5	300	0.5
236	-0.01213126835785	-0.000953081400000007	0	0.128	0.972	-0.01213126835785	-0.000953081400000007	ID	10000	A2	C1	10000	1000	0	0.5	300	0.5
237	-0.00368813913150002	0.03820608965	0	0.602	0.099	-0.00368813913150002	0.03820608965	1	10000	A2	C1	10000	1000	0	0.5	300	1
238	0.00884166596400003	0.1333263416	0	0.218	0	0.00884166596400003	0.1333263416	FGr	10000	A2	C1	10000	1000	0	0.5	300	1
239	0.267508606071	2.000564459	0	0	0	0.267508606071	2.000564459	NoCorrection	10000	A2	C1	10000	1000	0	0.5	300	1
240	-0.00370277992470002	0.03834054335	0	0.59	0.102	-0.00370277992470002	0.03834054335	ID	10000	A2	C1	10000	1000	0	0.5	300	1
241	-0.0147486207291796	-0.0147486207291797	0	0.098	0.114	-0.0147486207291796	-0.0147486207291797	1	300	A2	C1	10000	10000	0	0.5	300	0
242	-0.0115348805610497	-0.0115348805610497	0	0.201	0.2	-0.0115348805610497	-0.0115348805610497	FGr	300	A2	C1	10000	10000	0	0.5	300	0
243	-0.01689111756342	-0.0168911175634199	0	0.055	0.067	-0.01689111756342	-0.0168911175634199	NoCorrection	300	A2	C1	10000	10000	0	0.5	300	0
244	-0.0168954850064796	-0.0168954850064795	0	0.062	0.073	-0.0168954850064796	-0.0168954850064795	ID	300	A2	C1	10000	10000	0	0.5	300	0
245	0.00657659961643995	0.00657659961643994	0	0.461	0.461	0.00657659961643995	0.00657659961643994	1	300	A2	C1	10000	10000	0	0.5	300	0.1
246	0.028067949923305	0.028067949923305	0	0.003	0.005	0.028067949923305	0.028067949923305	FGr	300	A2	C1	10000	10000	0	0.5	300	0.1
247	0.0435881714921999	0.0435881714921999	0	0	0	0.0435881714921999	0.0435881714921999	NoCorrection	300	A2	C1	10000	10000	0	0.5	300	0.1
248	0.00928634487172493	0.00928634487172495	0	0.293	0.282	0.00928634487172493	0.00928634487172495	ID	300	A2	C1	10000	10000	0	0.5	300	0.1
249	0.000578402604305094	0.000578402604305077	0	0.95	0.951	0.000578402604305094	0.000578402604305077	1	300	A2	C1	10000	10000	0	0.5	300	0.5
250	0.092848431805825	0.092848431805825	0	0	0	0.092848431805825	0.092848431805825	FGr	300	A2	C1	10000	10000	0	0.5	300	0.5
251	0.16111253976915	0.16111253976915	0	0	0	0.16111253976915	0.16111253976915	NoCorrection	300	A2	C1	10000	10000	0	0.5	300	0.5
252	-0.00980804082508002	-0.00980804082508003	0	0.311	0.288	-0.00980804082508002	-0.00980804082508003	ID	300	A2	C1	10000	10000	0	0.5	300	0.5
253	-0.00992001747190006	-0.00992001747190006	0	0.209	0.222	-0.00992001747190006	-0.00992001747190006	1	300	A2	C1	10000	10000	0	0.5	300	1
254	0.2017851258209	0.2017851258209	0	0	0	0.2017851258209	0.2017851258209	FGr	300	A2	C1	10000	10000	0	0.5	300	1
255	0.35030028586182	0.35030028586182	0	0	0	0.35030028586182	0.35030028586182	NoCorrection	300	A2	C1	10000	10000	0	0.5	300	1
256	-0.0079018709781001	-0.0079018709781001	0	0.327	0.331	-0.0079018709781001	-0.0079018709781001	ID	300	A2	C1	10000	10000	0	0.5	300	1
257	0.00482750588381	0.00195410466499991	0	0.556	0.892	0.00482750588381	0.00195410466499991	1	1000	A2	C1	10000	10000	0	0.5	300	0
258	0.0041391901545	0.00276113677999992	0	0.595	0.858	0.0041391901545	0.00276113677999992	FGr	1000	A2	C1	10000	10000	0	0.5	300	0
259	0.00197811397667749	-0.00398870754499994	0	0.807	0.788	0.00197811397667749	-0.00398870754499994	NoCorrection	1000	A2	C1	10000	10000	0	0.5	300	0
260	0.0030079992679	-0.00275407343	0	0.711	0.849	0.0030079992679	-0.00275407343	ID	1000	A2	C1	10000	10000	0	0.5	300	0
261	0.0122745629426001	0.00224237219999999	0	0.134	0.87	0.0122745629426001	0.00224237219999999	1	1000	A2	C1	10000	10000	0	0.5	300	0.1
262	0.0252671463134	0.044358268015	0	0.003	0.001	0.0252671463134	0.044358268015	FGr	1000	A2	C1	10000	10000	0	0.5	300	0.1
263	0.0453629931549299	0.102991687245	0	0	0	0.0453629931549299	0.102991687245	NoCorrection	1000	A2	C1	10000	10000	0	0.5	300	0.1
264	0.0100709710086801	-0.005923332695	0	0.228	0.693	0.0100709710086801	-0.005923332695	ID	1000	A2	C1	10000	10000	0	0.5	300	0.1
265	0.00114567160340017	0.00105104712999998	0	0.873	0.94	0.00114567160340017	0.00105104712999998	1	1000	A2	C1	10000	10000	0	0.5	300	0.5
266	0.0424965869562999	0.11046553402	0	0	0	0.0424965869562999	0.11046553402	FGr	1000	A2	C1	10000	10000	0	0.5	300	0.5
267	0.14142961609034	0.402943201239999	0	0	0	0.14142961609034	0.402943201239999	NoCorrection	1000	A2	C1	10000	10000	0	0.5	300	0.5
268	0.00115404266063998	-0.00166522090500068	0	0.879	0.884	0.00115404266063998	-0.00166522090500068	ID	1000	A2	C1	10000	10000	0	0.5	300	0.5
269	0.00274359449195005	0.0052898697	0	0.742	0.668	0.00274359449195005	0.0052898697	1	1000	A2	C1	10000	10000	0	0.5	300	1
270	0.1053093661827	0.28144677889	0	0	0	0.1053093661827	0.28144677889	FGr	1000	A2	C1	10000	10000	0	0.5	300	1
271	0.30530527031345	0.871886433945	0	0	0	0.30530527031345	0.871886433945	NoCorrection	1000	A2	C1	10000	10000	0	0.5	300	1
272	0.00472105474270002	0.01193507345	0	0.576	0.354	0.00472105474270002	0.01193507345	ID	1000	A2	C1	10000	10000	0	0.5	300	1
273	0.00979135473985007	-0.0163906397749997	0	0.228	0.433	0.00979135473985007	-0.0163906397749997	1	10000	A2	C1	10000	10000	0	0.5	300	0
274	0.00738911701738847	-0.0257159794200001	0	0.352	0.229	0.00738911701738847	-0.0257159794200001	FGr	10000	A2	C1	10000	10000	0	0.5	300	0
275	0.00102235888334998	-0.0659790746949993	0	0.912	0.004	0.00102235888334998	-0.0659790746949993	NoCorrection	10000	A2	C1	10000	10000	0	0.5	300	0
276	0.00881414434294973	-0.0148598240900003	0	0.297	0.51	0.00881414434294973	-0.0148598240900003	ID	10000	A2	C1	10000	10000	0	0.5	300	0
277	-0.01271225315681	0.0153644922350001	0	0.107	0.461	-0.01271225315681	0.0153644922350001	1	10000	A2	C1	10000	10000	0	0.5	300	0.1
278	-0.01256702707947	0.0133307879799993	0	0.107	0.521	-0.01256702707947	0.0133307879799993	FGr	10000	A2	C1	10000	10000	0	0.5	300	0.1
279	0.01590029560608	0.19593441713	0	0.06	0	0.01590029560608	0.19593441713	NoCorrection	10000	A2	C1	10000	10000	0	0.5	300	0.1
280	-0.0132520626821499	0.00893521006999936	0	0.072	0.682	-0.0132520626821499	0.00893521006999936	ID	10000	A2	C1	10000	10000	0	0.5	300	0.1
281	0.00863548771275005	0.00793973773500003	0	0.293	0.716	0.00863548771275005	0.00793973773500003	1	10000	A2	C1	10000	10000	0	0.5	300	0.5
282	0.01303074262577	0.0387334797599999	0	0.105	0.065	0.01303074262577	0.0387334797599999	FGr	10000	A2	C1	10000	10000	0	0.5	300	0.5
283	0.14056071821945	0.849085974255	0	0	0	0.14056071821945	0.849085974255	NoCorrection	10000	A2	C1	10000	10000	0	0.5	300	0.5
284	0.00859769850332497	0.00291239879499999	0	0.298	0.874	0.00859769850332497	0.00291239879499999	ID	10000	A2	C1	10000	10000	0	0.5	300	0.5
285	-9.97238149803104e-07	-0.022766215015	0	1	0.278	-9.97238149803104e-07	-0.022766215015	1	10000	A2	C1	10000	10000	0	0.5	300	1
286	0.0130986060591497	0.081772880205	0	0.083	0.001	0.0130986060591497	0.081772880205	FGr	10000	A2	C1	10000	10000	0	0.5	300	1
287	0.27044084905445	1.85575040925	0	0	0	0.27044084905445	1.85575040925	NoCorrection	10000	A2	C1	10000	10000	0	0.5	300	1
288	0.00102545969873974	-0.01255142588	0	0.904	0.547	0.00102545969873974	-0.01255142588	ID	10000	A2	C1	10000	10000	0	0.5	300	1
289	0.023864872155	0.023864872155	0	0.485	0.446	0.023864872155	0.023864872155	1	300	A2	C2	1000	100	0	0.5	300	0
290	0.0205395747500001	0.02053957475	0	0.533	0.517	0.0205395747500001	0.02053957475	FGr	300	A2	C2	1000	100	0	0.5	300	0
291	0.0208070603	0.0208070603	0	0.532	0.52	0.0208070603	0.0208070603	NoCorrection	300	A2	C2	1000	100	0	0.5	300	0
292	0.0215442187500001	0.02154421875	0	0.512	0.511	0.0215442187500001	0.02154421875	ID	300	A2	C2	1000	100	0	0.5	300	0
293	-0.03692740603	-0.03692740603	0	0.283	0.273	-0.03692740603	-0.03692740603	1	300	A2	C2	1000	100	0	0.5	300	0.1
294	-0.035001994815	-0.035001994815	0	0.29	0.321	-0.035001994815	-0.035001994815	FGr	300	A2	C2	1000	100	0	0.5	300	0.1
295	-0.034716487691	-0.034716487691	0	0.335	0.33	-0.034716487691	-0.034716487691	NoCorrection	300	A2	C2	1000	100	0	0.5	300	0.1
296	-0.034172399097	-0.034172399097	0	0.328	0.311	-0.034172399097	-0.034172399097	ID	300	A2	C2	1000	100	0	0.5	300	0.1
297	-0.0427913692499999	-0.04279136925	0	0.281	0.246	-0.0427913692499999	-0.04279136925	1	300	A2	C2	1000	100	0	0.5	300	0.5
298	-0.05375946783	-0.0537594678300001	0	0.177	0.192	-0.05375946783	-0.0537594678300001	FGr	300	A2	C2	1000	100	0	0.5	300	0.5
299	-0.053941818245	-0.0539418182450001	0	0.167	0.157	-0.053941818245	-0.0539418182450001	NoCorrection	300	A2	C2	1000	100	0	0.5	300	0.5
300	-0.04619251686	-0.0461925168600001	0	0.256	0.226	-0.04619251686	-0.0461925168600001	ID	300	A2	C2	1000	100	0	0.5	300	0.5
301	-0.00782374943000009	-0.00782374942999994	0	0.87	0.859	-0.00782374943000009	-0.00782374942999994	1	300	A2	C2	1000	100	0	0.5	300	1
302	-0.0404789431	-0.0404789431000001	0	0.441	0.499	-0.0404789431	-0.0404789431000001	FGr	300	A2	C2	1000	100	0	0.5	300	1
303	-0.0396233707	-0.0396233707	0	0.502	0.482	-0.0396233707	-0.0396233707	NoCorrection	300	A2	C2	1000	100	0	0.5	300	1
304	-0.016355382273	-0.016355382273	0	0.628	0.63	-0.016355382273	-0.016355382273	ID	300	A2	C2	1000	100	0	0.5	300	1
305	0.06836114509	0.12187592	0	0.111	0.051	0.06836114509	0.12187592	1	1000	A2	C2	1000	100	0	0.5	300	0
306	0.071814833818	0.131269146	0	0.082	0.028	0.071814833818	0.131269146	FGr	1000	A2	C2	1000	100	0	0.5	300	0
307	0.07183364392	0.140821856	0	0.085	0.022	0.07183364392	0.140821856	NoCorrection	1000	A2	C2	1000	100	0	0.5	300	0
308	0.06897749632	0.123021188	0	0.099	0.048	0.06897749632	0.123021188	ID	1000	A2	C2	1000	100	0	0.5	300	0
309	-0.03026598895	0.0705701065	0	0.383	0.185	-0.03026598895	0.0705701065	1	1000	A2	C2	1000	100	0	0.5	300	0.1
310	-0.029132911765	0.076702485	0	0.394	0.131	-0.029132911765	0.076702485	FGr	1000	A2	C2	1000	100	0	0.5	300	0.1
311	-0.029112907395	0.074559166	0	0.402	0.176	-0.029112907395	0.074559166	NoCorrection	1000	A2	C2	1000	100	0	0.5	300	0.1
312	-0.033421517125	0.070125664	0	0.304	0.157	-0.033421517125	0.070125664	ID	1000	A2	C2	1000	100	0	0.5	300	0.1
313	-0.036967673942	0.069064208	0	0.265	0.245	-0.036967673942	0.069064208	1	1000	A2	C2	1000	100	0	0.5	300	0.5
314	-0.012287943325	0.0128805095	0	0.746	0.843	-0.012287943325	0.0128805095	FGr	1000	A2	C2	1000	100	0	0.5	300	0.5
315	-0.01232500305	0.0127573405	0	0.754	0.855	-0.01232500305	0.0127573405	NoCorrection	1000	A2	C2	1000	100	0	0.5	300	0.5
316	-0.039378841575	0.0557051225	0	0.223	0.346	-0.039378841575	0.0557051225	ID	1000	A2	C2	1000	100	0	0.5	300	0.5
317	-0.00982476245000001	-0.0153692805	0	0.783	0.789	-0.00982476245000001	-0.0153692805	1	1000	A2	C2	1000	100	0	0.5	300	1
318	0.03464408155	0.0266967835	0	0.561	0.766	0.03464408155	0.0266967835	FGr	1000	A2	C2	1000	100	0	0.5	300	1
319	0.03479046046	0.029487607	0	0.545	0.761	0.03479046046	0.029487607	NoCorrection	1000	A2	C2	1000	100	0	0.5	300	1
320	-0.010173955833	-0.0199743445	0	0.815	0.735	-0.010173955833	-0.0199743445	ID	1000	A2	C2	1000	100	0	0.5	300	1
321	0.02266286165	-0.000842426000000018	0	0.504	0.988	0.02266286165	-0.000842426000000018	1	10000	A2	C2	1000	100	0	0.5	300	0
322	0.02082398978	-0.018294645	0	0.529	0.825	0.02082398978	-0.018294645	FGr	10000	A2	C2	1000	100	0	0.5	300	0
323	0.021640311115	-0.0189280579999999	0	0.527	0.824	0.021640311115	-0.0189280579999999	NoCorrection	10000	A2	C2	1000	100	0	0.5	300	0
324	0.02246934425	-0.0194843474999999	0	0.492	0.822	0.02246934425	-0.0194843474999999	ID	10000	A2	C2	1000	100	0	0.5	300	0
325	0.07445151219	-0.0523116805	0	0.029	0.515	0.07445151219	-0.0523116805	1	10000	A2	C2	1000	100	0	0.5	300	0.1
326	0.073574418989	-0.12978682	0	0.035	0.109	0.073574418989	-0.12978682	FGr	10000	A2	C2	1000	100	0	0.5	300	0.1
327	0.0745369171050001	-0.113573972	0	0.02	0.163	0.0745369171050001	-0.113573972	NoCorrection	10000	A2	C2	1000	100	0	0.5	300	0.1
328	0.074523473106	-0.061226327	0	0.026	0.462	0.074523473106	-0.061226327	ID	10000	A2	C2	1000	100	0	0.5	300	0.1
329	-0.05330789632	0.0936613059999999	0	0.108	0.273	-0.05330789632	0.0936613059999999	1	10000	A2	C2	1000	100	0	0.5	300	0.5
330	-0.0517240212	0.01546217	0	0.157	0.888	-0.0517240212	0.01546217	FGr	10000	A2	C2	1000	100	0	0.5	300	0.5
331	-0.05075855875	0.014886025	0	0.196	0.872	-0.05075855875	0.014886025	NoCorrection	10000	A2	C2	1000	100	0	0.5	300	0.5
332	-0.052725319135	0.0587478585	0	0.106	0.484	-0.052725319135	0.0587478585	ID	10000	A2	C2	1000	100	0	0.5	300	0.5
333	0.025599794723	0.2126006635	0	0.463	0.023	0.025599794723	0.2126006635	1	10000	A2	C2	1000	100	0	0.5	300	1
334	0.0280852886	0.1480318	0	0.565	0.229	0.0280852886	0.1480318	FGr	10000	A2	C2	1000	100	0	0.5	300	1
335	0.0294918026	0.17574112	0	0.566	0.148	0.0294918026	0.17574112	NoCorrection	10000	A2	C2	1000	100	0	0.5	300	1
336	0.0263865834	0.2226433705	0	0.457	0.011	0.0263865834	0.2226433705	ID	10000	A2	C2	1000	100	0	0.5	300	1
337	-0.00947854069464996	-0.00947854069464999	0	0.65	0.679	-0.00947854069464996	-0.00947854069464999	1	300	A2	C2	1000	1000	0	0.5	300	0
338	-0.00913277735199993	-0.00913277735199993	0	0.673	0.681	-0.00913277735199993	-0.00913277735199993	FGr	300	A2	C2	1000	1000	0	0.5	300	0
339	-0.00963081293130001	-0.00963081293129996	0	0.658	0.654	-0.00963081293130001	-0.00963081293129996	NoCorrection	300	A2	C2	1000	1000	0	0.5	300	0
340	-0.0101115163765499	-0.0101115163765499	0	0.622	0.624	-0.0101115163765499	-0.0101115163765499	ID	300	A2	C2	1000	1000	0	0.5	300	0
341	-0.00614709433550007	-0.00614709433550004	0	0.761	0.746	-0.00614709433550007	-0.00614709433550004	1	300	A2	C2	1000	1000	0	0.5	300	0.1
342	-0.00572653037050002	-0.00572653037049996	0	0.776	0.792	-0.00572653037050002	-0.00572653037049996	FGr	300	A2	C2	1000	1000	0	0.5	300	0.1
343	-0.00566201794720004	-0.00566201794720005	0	0.801	0.774	-0.00566201794720004	-0.00566201794720005	NoCorrection	300	A2	C2	1000	1000	0	0.5	300	0.1
344	-0.00495115942875001	-0.00495115942875001	0	0.846	0.79	-0.00495115942875001	-0.00495115942875001	ID	300	A2	C2	1000	1000	0	0.5	300	0.1
345	-0.0204582668843	-0.0204582668843	0	0.373	0.338	-0.0204582668843	-0.0204582668843	1	300	A2	C2	1000	1000	0	0.5	300	0.5
346	-0.0183256675369999	-0.018325667537	0	0.486	0.514	-0.0183256675369999	-0.018325667537	FGr	300	A2	C2	1000	1000	0	0.5	300	0.5
347	-0.018586169739	-0.018586169739	0	0.475	0.482	-0.018586169739	-0.018586169739	NoCorrection	300	A2	C2	1000	1000	0	0.5	300	0.5
348	-0.015294375789	-0.015294375789	0	0.463	0.488	-0.015294375789	-0.015294375789	ID	300	A2	C2	1000	1000	0	0.5	300	0.5
349	-0.0226726730942	-0.0226726730942	0	0.361	0.402	-0.0226726730942	-0.0226726730942	1	300	A2	C2	1000	1000	0	0.5	300	1
350	-0.0186131870775	-0.0186131870774999	0	0.574	0.585	-0.0186131870775	-0.0186131870774999	FGr	300	A2	C2	1000	1000	0	0.5	300	1
351	-0.0185135472074999	-0.0185135472074999	0	0.579	0.606	-0.0185135472074999	-0.0185135472074999	NoCorrection	300	A2	C2	1000	1000	0	0.5	300	1
352	-0.0127862934700001	-0.0127862934700001	0	0.582	0.575	-0.0127862934700001	-0.0127862934700001	ID	300	A2	C2	1000	1000	0	0.5	300	1
353	0.00200620101700002	5.0831199999992e-05	0	0.923	0.998	0.00200620101700002	5.0831199999992e-05	1	1000	A2	C2	1000	1000	0	0.5	300	0
354	0.00261133642929999	-0.00547592445	0	0.909	0.852	0.00261133642929999	-0.00547592445	FGr	1000	A2	C2	1000	1000	0	0.5	300	0
355	0.00231351964049999	-0.00445358795	0	0.919	0.886	0.00231351964049999	-0.00445358795	NoCorrection	1000	A2	C2	1000	1000	0	0.5	300	0
356	0.00182385657125001	-0.000488345050000065	0	0.937	0.985	0.00182385657125001	-0.000488345050000065	ID	1000	A2	C2	1000	1000	0	0.5	300	0
357	0.014894154875	0.0261949524000002	0	0.429	0.402	0.014894154875	0.0261949524000002	1	1000	A2	C2	1000	1000	0	0.5	300	0.1
358	0.0145276349288	0.0212813717999999	0	0.442	0.506	0.0145276349288	0.0212813717999999	FGr	1000	A2	C2	1000	1000	0	0.5	300	0.1
359	0.014599621905	0.02291901605	0	0.467	0.47	0.014599621905	0.02291901605	NoCorrection	1000	A2	C2	1000	1000	0	0.5	300	0.1
360	0.01501761235	0.0344419090000003	0	0.429	0.266	0.01501761235	0.0344419090000003	ID	1000	A2	C2	1000	1000	0	0.5	300	0.1
361	0.00358952138699968	-0.00355095374999999	0	0.852	0.894	0.00358952138699968	-0.00355095374999999	1	1000	A2	C2	1000	1000	0	0.5	300	0.5
362	0.00350095452099993	-0.01110552275	0	0.862	0.763	0.00350095452099993	-0.01110552275	FGr	1000	A2	C2	1000	1000	0	0.5	300	0.5
363	0.00333982556550015	-0.0109617155	0	0.866	0.781	0.00333982556550015	-0.0109617155	NoCorrection	1000	A2	C2	1000	1000	0	0.5	300	0.5
364	0.00433910744425016	-0.00822147710000001	0	0.85	0.794	0.00433910744425016	-0.00822147710000001	ID	1000	A2	C2	1000	1000	0	0.5	300	0.5
365	-0.0384829823275999	-0.0579012428999999	0	0.036	0.107	-0.0384829823275999	-0.0579012428999999	1	1000	A2	C2	1000	1000	0	0.5	300	1
366	-0.0387467179365001	-0.054037478	0	0.169	0.285	-0.0387467179365001	-0.054037478	FGr	1000	A2	C2	1000	1000	0	0.5	300	1
367	-0.0388633020235	-0.0546412992499997	0	0.176	0.249	-0.0388633020235	-0.0546412992499997	NoCorrection	1000	A2	C2	1000	1000	0	0.5	300	1
368	-0.036889634277	-0.0468611028	0	0.052	0.191	-0.036889634277	-0.0468611028	ID	1000	A2	C2	1000	1000	0	0.5	300	1
369	0.0098199282194601	0.0815191856	0	0.633	0.117	0.0098199282194601	0.0815191856	1	10000	A2	C2	1000	1000	0	0.5	300	0
370	0.0153111006504003	0.09548227355	0	0.435	0.063	0.0153111006504003	0.09548227355	FGr	10000	A2	C2	1000	1000	0	0.5	300	0
371	0.0153941163052	0.0961019134999997	0	0.429	0.059	0.0153941163052	0.0961019134999997	NoCorrection	10000	A2	C2	1000	1000	0	0.5	300	0
372	0.00996920045719975	0.0940236580000001	0	0.603	0.065	0.00996920045719975	0.0940236580000001	ID	10000	A2	C2	1000	1000	0	0.5	300	0
373	-0.000243643971499993	-0.00949964874999999	0	0.993	0.851	-0.000243643971499993	-0.00949964874999999	1	10000	A2	C2	1000	1000	0	0.5	300	0.1
374	-0.00358823209799998	-0.0223382729	0	0.864	0.661	-0.00358823209799998	-0.0223382729	FGr	10000	A2	C2	1000	1000	0	0.5	300	0.1
375	-0.00346057079219999	-0.01810843045	0	0.88	0.744	-0.00346057079219999	-0.01810843045	NoCorrection	10000	A2	C2	1000	1000	0	0.5	300	0.1
376	-0.00105901313758997	-0.00703302519999996	0	0.965	0.906	-0.00105901313758997	-0.00703302519999996	ID	10000	A2	C2	1000	1000	0	0.5	300	0.1
377	0.0268105885759999	-0.00780797114999998	0	0.124	0.868	0.0268105885759999	-0.00780797114999998	1	10000	A2	C2	1000	1000	0	0.5	300	0.5
378	-0.00186291242699998	0.02316304	0	0.927	0.657	-0.00186291242699998	0.02316304	FGr	10000	A2	C2	1000	1000	0	0.5	300	0.5
379	-0.00210208834150001	0.00722261849999996	0	0.921	0.895	-0.00210208834150001	0.00722261849999996	NoCorrection	10000	A2	C2	1000	1000	0	0.5	300	0.5
380	0.027083012331	-0.00478727634999995	0	0.125	0.927	0.027083012331	-0.00478727634999995	ID	10000	A2	C2	1000	1000	0	0.5	300	0.5
381	-0.0196782310060001	-0.0661377994000002	0	0.378	0.175	-0.0196782310060001	-0.0661377994000002	1	10000	A2	C2	1000	1000	0	0.5	300	1
382	-0.0822448520200001	0.0467125610000003	0	0.022	0.508	-0.0822448520200001	0.0467125610000003	FGr	10000	A2	C2	1000	1000	0	0.5	300	1
383	-0.082427840344	0.0498244620000002	0	0.012	0.502	-0.082427840344	0.0498244620000002	NoCorrection	10000	A2	C2	1000	1000	0	0.5	300	1
384	-0.0199704624550001	-0.0534332452500001	0	0.397	0.303	-0.0199704624550001	-0.0534332452500001	ID	10000	A2	C2	1000	1000	0	0.5	300	1
385	0.00993216157775003	0.00993216157775001	0	0.646	0.639	0.00993216157775003	0.00993216157775001	1	300	A2	C2	1000	10000	0	0.5	300	0
386	0.0100832636791001	0.0100832636791001	0	0.642	0.679	0.0100832636791001	0.0100832636791001	FGr	300	A2	C2	1000	10000	0	0.5	300	0
387	0.0101470733483	0.0101470733483	0	0.651	0.621	0.0101470733483	0.0101470733483	NoCorrection	300	A2	C2	1000	10000	0	0.5	300	0
388	0.00985842747400003	0.00985842747400003	0	0.651	0.646	0.00985842747400003	0.00985842747400003	ID	300	A2	C2	1000	10000	0	0.5	300	0
389	-0.00688384166624998	-0.00688384166624998	0	0.706	0.722	-0.00688384166624998	-0.00688384166624998	1	300	A2	C2	1000	10000	0	0.5	300	0.1
390	-0.00724037584685003	-0.00724037584685002	0	0.718	0.692	-0.00724037584685003	-0.00724037584685002	FGr	300	A2	C2	1000	10000	0	0.5	300	0.1
391	-0.00656953702490001	-0.00656953702490001	0	0.738	0.71	-0.00656953702490001	-0.00656953702490001	NoCorrection	300	A2	C2	1000	10000	0	0.5	300	0.1
392	-0.0066414496971	-0.0066414496971	0	0.725	0.749	-0.0066414496971	-0.0066414496971	ID	300	A2	C2	1000	10000	0	0.5	300	0.1
393	-0.00889715968465002	-0.00889715968465001	0	0.647	0.638	-0.00889715968465002	-0.00889715968465001	1	300	A2	C2	1000	10000	0	0.5	300	0.5
394	-0.0102337903305001	-0.0102337903305001	0	0.658	0.67	-0.0102337903305001	-0.0102337903305001	FGr	300	A2	C2	1000	10000	0	0.5	300	0.5
395	-0.0111833920091001	-0.0111833920091001	0	0.639	0.621	-0.0111833920091001	-0.0111833920091001	NoCorrection	300	A2	C2	1000	10000	0	0.5	300	0.5
396	-0.00836147191400007	-0.00836147191400007	0	0.636	0.683	-0.00836147191400007	-0.00836147191400007	ID	300	A2	C2	1000	10000	0	0.5	300	0.5
397	0.00696530506709999	0.0069653050671	0	0.745	0.767	0.00696530506709999	0.0069653050671	1	300	A2	C2	1000	10000	0	0.5	300	1
398	0.00477280117350016	0.00477280117350013	0	0.868	0.879	0.00477280117350016	0.00477280117350013	FGr	300	A2	C2	1000	10000	0	0.5	300	1
399	0.00408051650880009	0.00408051650880011	0	0.899	0.893	0.00408051650880009	0.00408051650880011	NoCorrection	300	A2	C2	1000	10000	0	0.5	300	1
400	0.00901972262380004	0.00901972262380007	0	0.624	0.647	0.00901972262380004	0.00901972262380007	ID	300	A2	C2	1000	10000	0	0.5	300	1
401	-0.0197809258253501	-0.00865335251500006	0	0.216	0.777	-0.0197809258253501	-0.00865335251500006	1	1000	A2	C2	1000	10000	0	0.5	300	0
402	-0.0190310861664748	-0.00519817487500002	0	0.258	0.863	-0.0190310861664748	-0.00519817487500002	FGr	1000	A2	C2	1000	10000	0	0.5	300	0
403	-0.0195516121892007	-0.00165501514999998	0	0.226	0.958	-0.0195516121892007	-0.00165501514999998	NoCorrection	1000	A2	C2	1000	10000	0	0.5	300	0
404	-0.0198623695809498	-0.00502465405500005	0	0.207	0.858	-0.0198623695809498	-0.00502465405500005	ID	1000	A2	C2	1000	10000	0	0.5	300	0
405	0.00921045795542519	0.00660194430000003	0	0.605	0.847	0.00921045795542519	0.00660194430000003	1	1000	A2	C2	1000	10000	0	0.5	300	0.1
406	0.00880425815564992	-0.00211914266000032	0	0.59	0.959	0.00880425815564992	-0.00211914266000032	FGr	1000	A2	C2	1000	10000	0	0.5	300	0.1
407	0.00867621223389988	-0.00236544156999987	0	0.607	0.952	0.00867621223389988	-0.00236544156999987	NoCorrection	1000	A2	C2	1000	10000	0	0.5	300	0.1
408	0.00878397500049995	0.00696372438499985	0	0.602	0.856	0.00878397500049995	0.00696372438499985	ID	1000	A2	C2	1000	10000	0	0.5	300	0.1
409	0.0163445028355001	0.0112259225749998	0	0.318	0.669	0.0163445028355001	0.0112259225749998	1	1000	A2	C2	1000	10000	0	0.5	300	0.5
410	0.0156608351339001	0.0134294144349998	0	0.405	0.669	0.0156608351339001	0.0134294144349998	FGr	1000	A2	C2	1000	10000	0	0.5	300	0.5
411	0.0146256417085999	0.0204654278000004	0	0.457	0.529	0.0146256417085999	0.0204654278000004	NoCorrection	1000	A2	C2	1000	10000	0	0.5	300	0.5
412	0.0145151270007	0.00563234512999947	0	0.384	0.839	0.0145151270007	0.00563234512999947	ID	1000	A2	C2	1000	10000	0	0.5	300	0.5
413	0.0283710853857501	0.0506790557449999	0	0.09	0.117	0.0283710853857501	0.0506790557449999	1	1000	A2	C2	1000	10000	0	0.5	300	1
414	0.0243438834578496	0.0142138347599993	0	0.421	0.793	0.0243438834578496	0.0142138347599993	FGr	1000	A2	C2	1000	10000	0	0.5	300	1
415	0.0241031352148999	0.010417958610001	0	0.389	0.834	0.0241031352148999	0.010417958610001	NoCorrection	1000	A2	C2	1000	10000	0	0.5	300	1
416	0.0239071626369251	0.0429253946200001	0	0.143	0.204	0.0239071626369251	0.0429253946200001	ID	1000	A2	C2	1000	10000	0	0.5	300	1
417	-0.0139082734157496	-0.01001553838	0	0.419	0.835	-0.0139082734157496	-0.01001553838	1	10000	A2	C2	1000	10000	0	0.5	300	0
418	-0.0140893235579998	0.000659730214999796	0	0.392	0.987	-0.0140893235579998	0.000659730214999796	FGr	10000	A2	C2	1000	10000	0	0.5	300	0
419	-0.01329131970415	-0.00374030846499912	0	0.416	0.923	-0.01329131970415	-0.00374030846499912	NoCorrection	10000	A2	C2	1000	10000	0	0.5	300	0
420	-0.0132985406732499	-0.0135777107549998	0	0.439	0.782	-0.0132985406732499	-0.0135777107549998	ID	10000	A2	C2	1000	10000	0	0.5	300	0
421	-0.0334296267620001	-0.031996600500001	0	0.088	0.528	-0.0334296267620001	-0.031996600500001	1	10000	A2	C2	1000	10000	0	0.5	300	0.1
422	-0.0349250547748602	-0.00995209500000243	0	0.101	0.843	-0.0349250547748602	-0.00995209500000243	FGr	10000	A2	C2	1000	10000	0	0.5	300	0.1
423	-0.0353966394393999	-0.0164304604000002	0	0.086	0.762	-0.0353966394393999	-0.0164304604000002	NoCorrection	10000	A2	C2	1000	10000	0	0.5	300	0.1
424	-0.0337102387397502	-0.0232802884499986	0	0.078	0.629	-0.0337102387397502	-0.0232802884499986	ID	10000	A2	C2	1000	10000	0	0.5	300	0.1
425	-0.01630977277695	0.0219723686950006	0	0.366	0.629	-0.01630977277695	0.0219723686950006	1	10000	A2	C2	1000	10000	0	0.5	300	0.5
426	-0.000378967752800195	0.0272609438000009	0	0.982	0.602	-0.000378967752800195	0.0272609438000009	FGr	10000	A2	C2	1000	10000	0	0.5	300	0.5
427	0.000947254953850039	0.0224805483499989	0	0.963	0.676	0.000947254953850039	0.0224805483499989	NoCorrection	10000	A2	C2	1000	10000	0	0.5	300	0.5
428	-0.01541719584925	0.0148600883150041	0	0.388	0.763	-0.01541719584925	0.0148600883150041	ID	10000	A2	C2	1000	10000	0	0.5	300	0.5
429	-0.00577809767504923	-0.0469213323349993	0	0.732	0.346	-0.00577809767504923	-0.0469213323349993	1	10000	A2	C2	1000	10000	0	0.5	300	1
430	0.0312268786545225	0.104795244249999	0	0.269	0.132	0.0312268786545225	0.104795244249999	FGr	10000	A2	C2	1000	10000	0	0.5	300	1
431	0.0327050551523706	0.122197170900001	0	0.233	0.092	0.0327050551523706	0.122197170900001	NoCorrection	10000	A2	C2	1000	10000	0	0.5	300	1
432	-0.00372295394145035	-0.0290537808500006	0	0.828	0.564	-0.00372295394145035	-0.0290537808500006	ID	10000	A2	C2	1000	10000	0	0.5	300	1
433	0.003916319185	0.00391631918499999	0	0.767	0.772	0.003916319185	0.00391631918499999	1	300	A2	C2	10000	100	0	0.5	300	0
434	0.0039797869362	0.00397978693619998	0	0.733	0.732	0.0039797869362	0.00397978693619998	FGr	300	A2	C2	10000	100	0	0.5	300	0
435	0.0039817233553575	0.00398172335535748	0	0.745	0.763	0.0039817233553575	0.00398172335535748	NoCorrection	300	A2	C2	10000	100	0	0.5	300	0
436	0.0039560860555	0.0039560860555	0	0.727	0.736	0.0039560860555	0.0039560860555	ID	300	A2	C2	10000	100	0	0.5	300	0
437	0.024230104572	0.024230104572	0	0.022	0.012	0.024230104572	0.024230104572	1	300	A2	C2	10000	100	0	0.5	300	0.1
438	0.024288839428	0.024288839428	0	0.017	0.023	0.024288839428	0.024288839428	FGr	300	A2	C2	10000	100	0	0.5	300	0.1
439	0.024269439945	0.024269439945	0	0.013	0.021	0.024269439945	0.024269439945	NoCorrection	300	A2	C2	10000	100	0	0.5	300	0.1
440	0.0242682064885	0.0242682064885	0	0.011	0.011	0.0242682064885	0.0242682064885	ID	300	A2	C2	10000	100	0	0.5	300	0.1
441	0.00675219494524999	0.00675219494525001	0	0.571	0.564	0.00675219494524999	0.00675219494525001	1	300	A2	C2	10000	100	0	0.5	300	0.5
442	0.00759700481	0.00759700481000001	0	0.693	0.706	0.00759700481	0.00759700481000001	FGr	300	A2	C2	10000	100	0	0.5	300	0.5
443	0.00759807139500003	0.007598071395	0	0.717	0.723	0.00759807139500003	0.007598071395	NoCorrection	300	A2	C2	10000	100	0	0.5	300	0.5
444	0.007432026199	0.007432026199	0	0.505	0.524	0.007432026199	0.007432026199	ID	300	A2	C2	10000	100	0	0.5	300	0.5
445	-0.00396700968199999	-0.003967009682	0	0.747	0.764	-0.00396700968199999	-0.003967009682	1	300	A2	C2	10000	100	0	0.5	300	1
446	-0.00232012906499994	-0.00232012906499994	0	0.943	0.941	-0.00232012906499994	-0.00232012906499994	FGr	300	A2	C2	10000	100	0	0.5	300	1
447	-0.00230878892500003	-0.00230878892499998	0	0.953	0.961	-0.00230878892500003	-0.00230878892499998	NoCorrection	300	A2	C2	10000	100	0	0.5	300	1
448	-0.00267515325499998	-0.00267515325500001	0	0.825	0.799	-0.00267515325499998	-0.00267515325500001	ID	300	A2	C2	10000	100	0	0.5	300	1
449	-0.00804379676	-0.0225354255	0	0.418	0.17	-0.00804379676	-0.0225354255	1	1000	A2	C2	10000	100	0	0.5	300	0
450	-0.0067591570685	-0.0238882585	0	0.49	0.138	-0.0067591570685	-0.0238882585	FGr	1000	A2	C2	10000	100	0	0.5	300	0
451	-0.0067702391041	-0.0235337285	0	0.472	0.156	-0.0067702391041	-0.0235337285	NoCorrection	1000	A2	C2	10000	100	0	0.5	300	0
452	-0.007741159862	-0.0234408715	0	0.42	0.174	-0.007741159862	-0.0234408715	ID	1000	A2	C2	10000	100	0	0.5	300	0
453	0.00904830140449998	0.00221619950000001	0	0.324	0.891	0.00904830140449998	0.00221619950000001	1	1000	A2	C2	10000	100	0	0.5	300	0.1
454	0.00712255960000001	0.003040307	0	0.463	0.835	0.00712255960000001	0.003040307	FGr	1000	A2	C2	10000	100	0	0.5	300	0.1
455	0.00706909389999999	0.00243143949999996	0	0.428	0.885	0.00706909389999999	0.00243143949999996	NoCorrection	1000	A2	C2	10000	100	0	0.5	300	0.1
456	0.009751688155	0.00187127850000002	0	0.298	0.899	0.009751688155	0.00187127850000002	ID	1000	A2	C2	10000	100	0	0.5	300	0.1
457	0.0003465062	-0.0032343455	0	0.978	0.843	0.0003465062	-0.0032343455	1	1000	A2	C2	10000	100	0	0.5	300	0.5
458	-0.01687110067	-0.0212562545	0	0.46	0.534	-0.01687110067	-0.0212562545	FGr	1000	A2	C2	10000	100	0	0.5	300	0.5
459	-0.01690903007	-0.019437119	0	0.421	0.55	-0.01690903007	-0.019437119	NoCorrection	1000	A2	C2	10000	100	0	0.5	300	0.5
460	0.00295771676499999	-0.00231931300000001	0	0.741	0.903	0.00295771676499999	-0.00231931300000001	ID	1000	A2	C2	10000	100	0	0.5	300	0.5
461	-0.02854410655	-0.0336762025	0	0.008	0.038	-0.02854410655	-0.0336762025	1	1000	A2	C2	10000	100	0	0.5	300	1
462	-0.0634135462325	-0.092532154	0	0.111	0.128	-0.0634135462325	-0.092532154	FGr	1000	A2	C2	10000	100	0	0.5	300	1
463	-0.0634493437735	-0.0925208734999999	0	0.097	0.112	-0.0634493437735	-0.0925208734999999	NoCorrection	1000	A2	C2	10000	100	0	0.5	300	1
464	-0.0238376474255	-0.0284753155	0	0.023	0.084	-0.0238376474255	-0.0284753155	ID	1000	A2	C2	10000	100	0	0.5	300	1
465	-0.00721369606599999	-0.013443835	0	0.43	0.597	-0.00721369606599999	-0.013443835	1	10000	A2	C2	10000	100	0	0.5	300	0
466	-0.00691161937500001	-0.00426707300000001	0	0.473	0.869	-0.00691161937500001	-0.00426707300000001	FGr	10000	A2	C2	10000	100	0	0.5	300	0
467	-0.00691085705499999	-0.00345279400000001	0	0.449	0.913	-0.00691085705499999	-0.00345279400000001	NoCorrection	10000	A2	C2	10000	100	0	0.5	300	0
468	-0.0072758068975	-0.00947444899999999	0	0.448	0.726	-0.0072758068975	-0.00947444899999999	ID	10000	A2	C2	10000	100	0	0.5	300	0
469	0.01963946683	0.0198743295	0	0.049	0.453	0.01963946683	0.0198743295	1	10000	A2	C2	10000	100	0	0.5	300	0.1
470	0.02079503211	0.0256312645	0	0.048	0.381	0.02079503211	0.0256312645	FGr	10000	A2	C2	10000	100	0	0.5	300	0.1
471	0.020789201345	0.026634985	0	0.058	0.339	0.020789201345	0.026634985	NoCorrection	10000	A2	C2	10000	100	0	0.5	300	0.1
472	0.019495765875	0.0116381175	0	0.064	0.659	0.019495765875	0.0116381175	ID	10000	A2	C2	10000	100	0	0.5	300	0.1
473	-0.0122693372695	-0.0279957185	0	0.2	0.302	-0.0122693372695	-0.0279957185	1	10000	A2	C2	10000	100	0	0.5	300	0.5
474	-0.006583640845	-0.049427619	0	0.726	0.323	-0.006583640845	-0.049427619	FGr	10000	A2	C2	10000	100	0	0.5	300	0.5
475	-0.00657556105500001	-0.0449303570000001	0	0.724	0.359	-0.00657556105500001	-0.0449303570000001	NoCorrection	10000	A2	C2	10000	100	0	0.5	300	0.5
476	-0.012813730961	-0.043327951	0	0.181	0.096	-0.012813730961	-0.043327951	ID	10000	A2	C2	10000	100	0	0.5	300	0.5
477	-0.00537765161499999	0.0544276199999999	0	0.602	0.067	-0.00537765161499999	0.0544276199999999	1	10000	A2	C2	10000	100	0	0.5	300	1
478	0.00623246525500009	-0.132769945	0	0.852	0.181	0.00623246525500009	-0.132769945	FGr	10000	A2	C2	10000	100	0	0.5	300	1
479	0.00624756380499989	-0.149090865	0	0.856	0.126	0.00624756380499989	-0.149090865	NoCorrection	10000	A2	C2	10000	100	0	0.5	300	1
480	-0.0064724020505	0.0484938575	0	0.507	0.096	-0.0064724020505	0.0484938575	ID	10000	A2	C2	10000	100	0	0.5	300	1
481	-0.00833673427374993	-0.00833673427374994	0	0.218	0.206	-0.00833673427374993	-0.00833673427374994	1	300	A2	C2	10000	1000	0	0.5	300	0
482	-0.00829087365550002	-0.00829087365550001	0	0.198	0.196	-0.00829087365550002	-0.00829087365550001	FGr	300	A2	C2	10000	1000	0	0.5	300	0
483	-0.008272347328	-0.00827234732800001	0	0.173	0.187	-0.008272347328	-0.00827234732800001	NoCorrection	300	A2	C2	10000	1000	0	0.5	300	0
484	-0.00820263379699998	-0.00820263379699998	0	0.206	0.215	-0.00820263379699998	-0.00820263379699998	ID	300	A2	C2	10000	1000	0	0.5	300	0
485	-0.00205434584999998	-0.00205434584999999	0	0.749	0.736	-0.00205434584999998	-0.00205434584999999	1	300	A2	C2	10000	1000	0	0.5	300	0.1
486	-0.00130932446089999	-0.00130932446089998	0	0.835	0.85	-0.00130932446089999	-0.00130932446089998	FGr	300	A2	C2	10000	1000	0	0.5	300	0.1
487	-0.00130298965099997	-0.00130298965099998	0	0.851	0.853	-0.00130298965099997	-0.00130298965099998	NoCorrection	300	A2	C2	10000	1000	0	0.5	300	0.1
488	-0.00200551929488996	-0.00200551929488995	0	0.759	0.78	-0.00200551929488996	-0.00200551929488995	ID	300	A2	C2	10000	1000	0	0.5	300	0.1
489	0.00162480677600002	0.00162480677600002	0	0.791	0.764	0.00162480677600002	0.00162480677600002	1	300	A2	C2	10000	1000	0	0.5	300	0.5
490	0.0049197870275	0.0049197870275	0	0.718	0.695	0.0049197870275	0.0049197870275	FGr	300	A2	C2	10000	1000	0	0.5	300	0.5
491	0.004979395453	0.004979395453	0	0.71	0.723	0.004979395453	0.004979395453	NoCorrection	300	A2	C2	10000	1000	0	0.5	300	0.5
492	0.00148273129149998	0.00148273129149997	0	0.817	0.788	0.00148273129149998	0.00148273129149997	ID	300	A2	C2	10000	1000	0	0.5	300	0.5
493	0.0038748055173	0.00387480551730001	0	0.607	0.564	0.0038748055173	0.00387480551730001	1	300	A2	C2	10000	1000	0	0.5	300	1
494	0.00992786873300003	0.00992786873300005	0	0.672	0.652	0.00992786873300003	0.00992786873300005	FGr	300	A2	C2	10000	1000	0	0.5	300	1
495	0.00995348807632	0.00995348807632	0	0.669	0.687	0.00995348807632	0.00995348807632	NoCorrection	300	A2	C2	10000	1000	0	0.5	300	1
496	0.0031640260215	0.0031640260215	0	0.635	0.635	0.0031640260215	0.0031640260215	ID	300	A2	C2	10000	1000	0	0.5	300	1
497	0.00719336310000002	0.00980782950000001	0	0.288	0.422	0.00719336310000002	0.00980782950000001	1	1000	A2	C2	10000	1000	0	0.5	300	0
498	0.00719554259049998	0.0102039405	0	0.294	0.359	0.00719554259049998	0.0102039405	FGr	1000	A2	C2	10000	1000	0	0.5	300	0
499	0.00722970839440003	0.0102866462	0	0.294	0.384	0.00722970839440003	0.0102866462	NoCorrection	1000	A2	C2	10000	1000	0	0.5	300	0
500	0.00689349522149992	0.0100089212	0	0.317	0.396	0.00689349522149992	0.0100089212	ID	1000	A2	C2	10000	1000	0	0.5	300	0
501	0.00970970939179991	0.00566057249999991	0	0.12	0.607	0.00970970939179991	0.00566057249999991	1	1000	A2	C2	10000	1000	0	0.5	300	0.1
502	0.00776212851150002	0.00313770475000001	0	0.215	0.786	0.00776212851150002	0.00313770475000001	FGr	1000	A2	C2	10000	1000	0	0.5	300	0.1
503	0.007823931147	0.00446334140000006	0	0.22	0.665	0.007823931147	0.00446334140000006	NoCorrection	1000	A2	C2	10000	1000	0	0.5	300	0.1
504	0.00993029460469996	0.00464118945	0	0.099	0.65	0.00993029460469996	0.00464118945	ID	1000	A2	C2	10000	1000	0	0.5	300	0.1
505	0.000322397632999987	0.00723188585000004	0	0.956	0.533	0.000322397632999987	0.00723188585000004	1	1000	A2	C2	10000	1000	0	0.5	300	0.5
506	-0.0109128994296	-0.0069620475	0	0.402	0.723	-0.0109128994296	-0.0069620475	FGr	1000	A2	C2	10000	1000	0	0.5	300	0.5
507	-0.0109986942134	-0.00764967099999994	0	0.431	0.689	-0.0109986942134	-0.00764967099999994	NoCorrection	1000	A2	C2	10000	1000	0	0.5	300	0.5
508	0.000404242086500009	0.0111439511	0	0.952	0.28	0.000404242086500009	0.0111439511	ID	1000	A2	C2	10000	1000	0	0.5	300	0.5
509	-0.00270057050349999	0.0146246066	0	0.745	0.207	-0.00270057050349999	0.0146246066	1	1000	A2	C2	10000	1000	0	0.5	300	1
510	-0.025548012682	-0.00014210379999999	0	0.293	0.997	-0.025548012682	-0.00014210379999999	FGr	1000	A2	C2	10000	1000	0	0.5	300	1
511	-0.0258036693700001	-0.00290801635000003	0	0.266	0.934	-0.0258036693700001	-0.00290801635000003	NoCorrection	1000	A2	C2	10000	1000	0	0.5	300	1
512	-0.00223136892789998	0.01009772295	0	0.757	0.377	-0.00223136892789998	0.01009772295	ID	1000	A2	C2	10000	1000	0	0.5	300	1
513	-0.00194582325450002	0.013625479	0	0.749	0.387	-0.00194582325450002	0.013625479	1	10000	A2	C2	10000	1000	0	0.5	300	0
514	-0.00292784654956499	0.0054288201	0	0.608	0.718	-0.00292784654956499	0.0054288201	FGr	10000	A2	C2	10000	1000	0	0.5	300	0
515	-0.00301786010700002	0.00393873279999998	0	0.586	0.798	-0.00301786010700002	0.00393873279999998	NoCorrection	10000	A2	C2	10000	1000	0	0.5	300	0
516	-0.00202442819300002	0.0142771827	0	0.731	0.369	-0.00202442819300002	0.0142771827	ID	10000	A2	C2	10000	1000	0	0.5	300	0
517	-0.0068416587693	0.00365116990000002	0	0.338	0.815	-0.0068416587693	0.00365116990000002	1	10000	A2	C2	10000	1000	0	0.5	300	0.1
518	-0.01089422362705	0.00450014324999999	0	0.109	0.785	-0.01089422362705	0.00450014324999999	FGr	10000	A2	C2	10000	1000	0	0.5	300	0.1
519	-0.0108120098424	0.0080910169	0	0.098	0.658	-0.0108120098424	0.0080910169	NoCorrection	10000	A2	C2	10000	1000	0	0.5	300	0.1
520	-0.00674219640550001	0.0039001376	0	0.299	0.831	-0.00674219640550001	0.0039001376	ID	10000	A2	C2	10000	1000	0	0.5	300	0.1
521	0.0085272425405	-0.00372663970000002	0	0.168	0.826	0.0085272425405	-0.00372663970000002	1	10000	A2	C2	10000	1000	0	0.5	300	0.5
522	-0.00954367620499996	-0.0141549032999997	0	0.444	0.636	-0.00954367620499996	-0.0141549032999997	FGr	10000	A2	C2	10000	1000	0	0.5	300	0.5
523	-0.00943574187160004	-0.0231428630000003	0	0.423	0.436	-0.00943574187160004	-0.0231428630000003	NoCorrection	10000	A2	C2	10000	1000	0	0.5	300	0.5
524	0.00832670835849999	-0.00664883449999992	0	0.199	0.696	0.00832670835849999	-0.00664883449999992	ID	10000	A2	C2	10000	1000	0	0.5	300	0.5
525	0.012108957399195	0.00619974594999992	0	0.028	0.652	0.012108957399195	0.00619974594999992	1	10000	A2	C2	10000	1000	0	0.5	300	1
526	-0.0245200318096	-0.0337027014999996	0	0.271	0.551	-0.0245200318096	-0.0337027014999996	FGr	10000	A2	C2	10000	1000	0	0.5	300	1
527	-0.02449933961971	-0.0336727025	0	0.274	0.504	-0.02449933961971	-0.0336727025	NoCorrection	10000	A2	C2	10000	1000	0	0.5	300	1
528	0.0119003020405	0.000389709499999899	0	0.037	0.974	0.0119003020405	0.000389709499999899	ID	10000	A2	C2	10000	1000	0	0.5	300	1
529	-0.00759931122934999	-0.00759931122934999	0	0.228	0.218	-0.00759931122934999	-0.00759931122934999	1	300	A2	C2	10000	10000	0	0.5	300	0
530	-0.00754208429830001	-0.00754208429830001	0	0.226	0.241	-0.00754208429830001	-0.00754208429830001	FGr	300	A2	C2	10000	10000	0	0.5	300	0
531	-0.00744412014061498	-0.00744412014061499	0	0.23	0.233	-0.00744412014061498	-0.00744412014061499	NoCorrection	300	A2	C2	10000	10000	0	0.5	300	0
532	-0.00730763688284501	-0.00730763688284501	0	0.257	0.244	-0.00730763688284501	-0.00730763688284501	ID	300	A2	C2	10000	10000	0	0.5	300	0
533	-0.00438285061909008	-0.00438285061909008	0	0.524	0.443	-0.00438285061909008	-0.00438285061909008	1	300	A2	C2	10000	10000	0	0.5	300	0.1
534	-0.00378662262803698	-0.00378662262803698	0	0.555	0.517	-0.00378662262803698	-0.00378662262803698	FGr	300	A2	C2	10000	10000	0	0.5	300	0.1
535	-0.0037416223416999	-0.00374162234169991	0	0.495	0.54	-0.0037416223416999	-0.00374162234169991	NoCorrection	300	A2	C2	10000	10000	0	0.5	300	0.1
536	-0.00448011047393004	-0.00448011047393003	0	0.439	0.445	-0.00448011047393004	-0.00448011047393003	ID	300	A2	C2	10000	10000	0	0.5	300	0.1
537	0.00738927350260001	0.0073892735026	0	0.328	0.33	0.00738927350260001	0.0073892735026	1	300	A2	C2	10000	10000	0	0.5	300	0.5
538	0.0169875923763	0.0169875923763	0	0.155	0.16	0.0169875923763	0.0169875923763	FGr	300	A2	C2	10000	10000	0	0.5	300	0.5
539	0.0170540045073001	0.0170540045073001	0	0.145	0.155	0.0170540045073001	0.0170540045073001	NoCorrection	300	A2	C2	10000	10000	0	0.5	300	0.5
540	0.00783769908178	0.00783769908178001	0	0.263	0.266	0.00783769908178	0.00783769908178001	ID	300	A2	C2	10000	10000	0	0.5	300	0.5
541	0.00744291348360004	0.00744291348360005	0	0.298	0.295	0.00744291348360004	0.00744291348360005	1	300	A2	C2	10000	10000	0	0.5	300	1
542	0.0261926506403001	0.0261926506403	0	0.154	0.18	0.0261926506403001	0.0261926506403	FGr	300	A2	C2	10000	10000	0	0.5	300	1
543	0.0266128924718994	0.0266128924718994	0	0.146	0.169	0.0266128924718994	0.0266128924718994	NoCorrection	300	A2	C2	10000	10000	0	0.5	300	1
544	0.00842749470714993	0.00842749470714994	0	0.179	0.176	0.00842749470714993	0.00842749470714994	ID	300	A2	C2	10000	10000	0	0.5	300	1
545	-0.00171925762544994	0.0113637108499997	0	0.805	0.267	-0.00171925762544994	0.0113637108499997	1	1000	A2	C2	10000	10000	0	0.5	300	0
546	-0.00205432886189502	0.0116214094800001	0	0.769	0.258	-0.00205432886189502	0.0116214094800001	FGr	1000	A2	C2	10000	10000	0	0.5	300	0
547	-0.00213608601454999	0.011686133675	0	0.743	0.239	-0.00213608601454999	0.011686133675	NoCorrection	1000	A2	C2	10000	10000	0	0.5	300	0
548	-0.00173022226129991	0.0108192657950002	0	0.797	0.298	-0.00173022226129991	0.0108192657950002	ID	1000	A2	C2	10000	10000	0	0.5	300	0
549	-0.00477094616595003	-0.00382367847000001	0	0.47	0.688	-0.00477094616595003	-0.00382367847000001	1	1000	A2	C2	10000	10000	0	0.5	300	0.1
550	-0.00306131283445	-0.00598216947500002	0	0.612	0.525	-0.00306131283445	-0.00598216947500002	FGr	1000	A2	C2	10000	10000	0	0.5	300	0.1
551	-0.0030208012565	-0.00537280520499993	0	0.644	0.564	-0.0030208012565	-0.00537280520499993	NoCorrection	1000	A2	C2	10000	10000	0	0.5	300	0.1
552	-0.00482143030249998	-0.001667768425	0	0.469	0.879	-0.00482143030249998	-0.001667768425	ID	1000	A2	C2	10000	10000	0	0.5	300	0.1
553	-0.0107888143826001	-0.00157435851999999	0	0.083	0.857	-0.0107888143826001	-0.00157435851999999	1	1000	A2	C2	10000	10000	0	0.5	300	0.5
554	0.000459134895650078	0.00438399653000027	0	0.97	0.807	0.000459134895650078	0.00438399653000027	FGr	1000	A2	C2	10000	10000	0	0.5	300	0.5
555	0.000437437352850209	0.00437577178999992	0	0.975	0.793	0.000437437352850209	0.00437577178999992	NoCorrection	1000	A2	C2	10000	10000	0	0.5	300	0.5
556	-0.0096042949224799	-8.69669099999993e-05	0	0.117	0.995	-0.0096042949224799	-8.69669099999993e-05	ID	1000	A2	C2	10000	10000	0	0.5	300	0.5
557	0.0039939289599999	-0.0125607375849999	0	0.517	0.199	0.0039939289599999	-0.0125607375849999	1	1000	A2	C2	10000	10000	0	0.5	300	1
558	0.02625120144375	0.0210447307149999	0	0.16	0.537	0.02625120144375	0.0210447307149999	FGr	1000	A2	C2	10000	10000	0	0.5	300	1
559	0.0265709482156005	0.01613672843	0	0.196	0.598	0.0265709482156005	0.01613672843	NoCorrection	1000	A2	C2	10000	10000	0	0.5	300	1
560	0.00569350535362739	-0.00361480742500005	0	0.324	0.693	0.00569350535362739	-0.00361480742500005	ID	1000	A2	C2	10000	10000	0	0.5	300	1
561	-0.00130118305359004	0.031606607675	0	0.847	0.037	-0.00130118305359004	0.031606607675	1	10000	A2	C2	10000	10000	0	0.5	300	0
562	-0.00109644292244999	0.0262548920600002	0	0.857	0.104	-0.00109644292244999	0.0262548920600002	FGr	10000	A2	C2	10000	10000	0	0.5	300	0
563	-0.00107450738714393	0.0249144004899999	0	0.874	0.113	-0.00107450738714393	0.0249144004899999	NoCorrection	10000	A2	C2	10000	10000	0	0.5	300	0
564	-0.00128219063919999	0.0320415352750001	0	0.852	0.052	-0.00128219063919999	0.0320415352750001	ID	10000	A2	C2	10000	10000	0	0.5	300	0
565	-0.00205151933849998	-0.0341504089499998	0	0.707	0.03	-0.00205151933849998	-0.0341504089499998	1	10000	A2	C2	10000	10000	0	0.5	300	0.1
566	-0.00123224161854999	-0.036301109435	0	0.825	0.019	-0.00123224161854999	-0.036301109435	FGr	10000	A2	C2	10000	10000	0	0.5	300	0.1
567	-0.00111026683284993	-0.0354100343549997	0	0.858	0.023	-0.00111026683284993	-0.0354100343549997	NoCorrection	10000	A2	C2	10000	10000	0	0.5	300	0.1
568	-0.00196464002725	-0.0360531581700004	0	0.724	0.017	-0.00196464002725	-0.0360531581700004	ID	10000	A2	C2	10000	10000	0	0.5	300	0.1
569	-0.00169112837508004	-0.0182584115800002	0	0.79	0.19	-0.00169112837508004	-0.0182584115800002	1	10000	A2	C2	10000	10000	0	0.5	300	0.5
570	0.00345995109559992	0.0257687297100008	0	0.753	0.407	0.00345995109559992	0.0257687297100008	FGr	10000	A2	C2	10000	10000	0	0.5	300	0.5
571	0.00356281153060009	0.0294139022800002	0	0.749	0.313	0.00356281153060009	0.0294139022800002	NoCorrection	10000	A2	C2	10000	10000	0	0.5	300	0.5
572	-0.00140949670238035	-0.0217686892250001	0	0.826	0.129	-0.00140949670238035	-0.0217686892250001	ID	10000	A2	C2	10000	10000	0	0.5	300	0.5
573	-0.00680413361852002	-0.0140453825400006	0	0.251	0.376	-0.00680413361852002	-0.0140453825400006	1	10000	A2	C2	10000	10000	0	0.5	300	1
574	0.00360297206874997	-0.0106296168500004	0	0.866	0.821	0.00360297206874997	-0.0106296168500004	FGr	10000	A2	C2	10000	10000	0	0.5	300	1
575	0.00373805612149982	-0.0106100665999997	0	0.867	0.841	0.00373805612149982	-0.0106100665999997	NoCorrection	10000	A2	C2	10000	10000	0	0.5	300	1
576	-0.00617105995459999	-0.018879127125	0	0.298	0.211	-0.00617105995459999	-0.018879127125	ID	10000	A2	C2	10000	10000	0	0.5	300	1
