	c-q	nc-q	true-q	c-p	nc-p	c-bias	nc-bias	type	L	rep	config	gwas_size	test_size	h2	ts	num_causal	env
1	0.00906276321999994	0.00906276321999998	0	0.81	0.831	0.00906276321999994	0.00906276321999998	1	300	A28	C1	1000	100	0	0.5	300	0
2	-0.04600105259	-0.04600105259	0	0.229	0.233	-0.04600105259	-0.04600105259	FGr	300	A28	C1	1000	100	0	0.5	300	0
3	-0.046807977254	-0.0468079772540001	0	0.218	0.225	-0.046807977254	-0.0468079772540001	NoCorrection	300	A28	C1	1000	100	0	0.5	300	0
4	-0.028194290435	-0.028194290435	0	0.466	0.47	-0.028194290435	-0.028194290435	ID	300	A28	C1	1000	100	0	0.5	300	0
5	0.004586878975	0.00458687897500003	0	0.904	0.91	0.004586878975	0.00458687897500003	1	300	A28	C1	1000	100	0	0.5	300	0.1
6	0.00799353705700002	0.007993537057	0	0.85	0.844	0.00799353705700002	0.007993537057	FGr	300	A28	C1	1000	100	0	0.5	300	0.1
7	0.016597362775	0.016597362775	0	0.699	0.713	0.016597362775	0.016597362775	NoCorrection	300	A28	C1	1000	100	0	0.5	300	0.1
8	-0.004533140505	-0.00453314050499998	0	0.926	0.902	-0.004533140505	-0.00453314050499998	ID	300	A28	C1	1000	100	0	0.5	300	0.1
9	-0.05604204197075	-0.05604204197075	0	0.102	0.126	-0.05604204197075	-0.05604204197075	1	300	A28	C1	1000	100	0	0.5	300	0.5
10	0.04229807314	0.04229807314	0	0.3	0.285	0.04229807314	0.04229807314	FGr	300	A28	C1	1000	100	0	0.5	300	0.5
11	0.106139734885	0.106139734885	0	0.02	0.025	0.106139734885	0.106139734885	NoCorrection	300	A28	C1	1000	100	0	0.5	300	0.5
12	-0.058257855118	-0.058257855118	0	0.078	0.095	-0.058257855118	-0.058257855118	ID	300	A28	C1	1000	100	0	0.5	300	0.5
13	0.026492366161	0.026492366161	0	0.486	0.481	0.026492366161	0.026492366161	1	300	A28	C1	1000	100	0	0.5	300	1
14	0.239162275005	0.239162275005	0	0	0	0.239162275005	0.239162275005	FGr	300	A28	C1	1000	100	0	0.5	300	1
15	0.33366786704	0.33366786704	0	0	0	0.33366786704	0.33366786704	NoCorrection	300	A28	C1	1000	100	0	0.5	300	1
16	0.022369273835	0.022369273835	0	0.595	0.568	0.022369273835	0.022369273835	ID	300	A28	C1	1000	100	0	0.5	300	1
17	-0.01582729186	-0.0362464155	0	0.706	0.576	-0.01582729186	-0.0362464155	1	1000	A28	C1	1000	100	0	0.5	300	0
18	-0.01991757581	-0.062921198	0	0.633	0.313	-0.01991757581	-0.062921198	FGr	1000	A28	C1	1000	100	0	0.5	300	0
19	0.000288123765	0.00322176350000001	0	0.993	0.949	0.000288123765	0.00322176350000001	NoCorrection	1000	A28	C1	1000	100	0	0.5	300	0
20	-0.033636396465	-0.1025404015	0	0.379	0.103	-0.033636396465	-0.1025404015	ID	1000	A28	C1	1000	100	0	0.5	300	0
21	0.08295178004	-0.00710687900000002	0	0.018	0.88	0.08295178004	-0.00710687900000002	1	1000	A28	C1	1000	100	0	0.5	300	0.1
22	0.074092330765	-0.0264218095	0	0.026	0.63	0.074092330765	-0.0264218095	FGr	1000	A28	C1	1000	100	0	0.5	300	0.1
23	0.0649918883	-0.051554192	0	0.056	0.39	0.0649918883	-0.051554192	NoCorrection	1000	A28	C1	1000	100	0	0.5	300	0.1
24	0.081869821145	-0.005847985	0	0.011	0.903	0.081869821145	-0.005847985	ID	1000	A28	C1	1000	100	0	0.5	300	0.1
25	0.019527905275	-0.0147062635	0	0.618	0.821	0.019527905275	-0.0147062635	1	1000	A28	C1	1000	100	0	0.5	300	0.5
26	0.09170386543	0.187913749	0	0.038	0.007	0.09170386543	0.187913749	FGr	1000	A28	C1	1000	100	0	0.5	300	0.5
27	0.13760408899	0.3040669975	0	0.008	0	0.13760408899	0.3040669975	NoCorrection	1000	A28	C1	1000	100	0	0.5	300	0.5
28	0.025716100445	0.00633923249999995	0	0.534	0.921	0.025716100445	0.00633923249999995	ID	1000	A28	C1	1000	100	0	0.5	300	0.5
29	-0.00295556922000001	-0.0111240155	0	0.936	0.877	-0.00295556922000001	-0.0111240155	1	1000	A28	C1	1000	100	0	0.5	300	1
30	0.15323220218	0.4559545175	0	0.004	0	0.15323220218	0.4559545175	FGr	1000	A28	C1	1000	100	0	0.5	300	1
31	0.296416853	0.916805479	0	0.001	0	0.296416853	0.916805479	NoCorrection	1000	A28	C1	1000	100	0	0.5	300	1
32	-0.00612445720699999	-0.025190255	0	0.891	0.672	-0.00612445720699999	-0.025190255	ID	1000	A28	C1	1000	100	0	0.5	300	1
33	-0.011795031755	-0.036088045	0	0.757	0.713	-0.011795031755	-0.036088045	1	10000	A28	C1	1000	100	0	0.5	300	0
34	-0.005341475575	-0.0127843650000002	0	0.896	0.905	-0.005341475575	-0.0127843650000002	FGr	10000	A28	C1	1000	100	0	0.5	300	0
35	-0.024764017872	-0.0565110945	0	0.512	0.585	-0.024764017872	-0.0565110945	NoCorrection	10000	A28	C1	1000	100	0	0.5	300	0
36	-0.012426105545	-0.021426435	0	0.751	0.851	-0.012426105545	-0.021426435	ID	10000	A28	C1	1000	100	0	0.5	300	0
37	0.00708507982000003	0.149794385	0	0.875	0.149	0.00708507982000003	0.149794385	1	10000	A28	C1	1000	100	0	0.5	300	0.1
38	-0.00439635706500001	0.068176605	0	0.918	0.517	-0.00439635706500001	0.068176605	FGr	10000	A28	C1	1000	100	0	0.5	300	0.1
39	0.02438643396	0.226079319	0	0.577	0.038	0.02438643396	0.226079319	NoCorrection	10000	A28	C1	1000	100	0	0.5	300	0.1
40	0.00848602278499994	0.16335618	0	0.833	0.139	0.00848602278499994	0.16335618	ID	10000	A28	C1	1000	100	0	0.5	300	0.1
41	0.0194388722	-0.2206340305	0	0.641	0.024	0.0194388722	-0.2206340305	1	10000	A28	C1	1000	100	0	0.5	300	0.5
42	0.03550584057	-0.062025521	0	0.414	0.537	0.03550584057	-0.062025521	FGr	10000	A28	C1	1000	100	0	0.5	300	0.5
43	0.235238193925	0.92509209	0	0	0	0.235238193925	0.92509209	NoCorrection	10000	A28	C1	1000	100	0	0.5	300	0.5
44	0.01694986684	-0.2054953195	0	0.689	0.034	0.01694986684	-0.2054953195	ID	10000	A28	C1	1000	100	0	0.5	300	0.5
45	-0.00768648169000002	-0.12016629	0	0.822	0.204	-0.00768648169000002	-0.12016629	1	10000	A28	C1	1000	100	0	0.5	300	1
46	0.01406031728	0.0903599699999999	0	0.725	0.354	0.01406031728	0.0903599699999999	FGr	10000	A28	C1	1000	100	0	0.5	300	1
47	0.341948434905	1.99916911	0	0	0	0.341948434905	1.99916911	NoCorrection	10000	A28	C1	1000	100	0	0.5	300	1
48	-0.00928829597500002	-0.1048672525	0	0.803	0.254	-0.00928829597500002	-0.1048672525	ID	10000	A28	C1	1000	100	0	0.5	300	1
49	-0.0626838375415001	-0.0626838375415001	0	0.012	0.013	-0.0626838375415001	-0.0626838375415001	1	300	A28	C1	1000	1000	0	0.5	300	0
50	-0.0835565396919999	-0.0835565396919999	0	0.002	0.002	-0.0835565396919999	-0.0835565396919999	FGr	300	A28	C1	1000	1000	0	0.5	300	0
51	-0.0950515932224999	-0.0950515932224999	0	0	0	-0.0950515932224999	-0.0950515932224999	NoCorrection	300	A28	C1	1000	1000	0	0.5	300	0
52	-0.064110472624	-0.064110472624	0	0.015	0.004	-0.064110472624	-0.064110472624	ID	300	A28	C1	1000	1000	0	0.5	300	0
53	0.00575806182	0.00575806181999997	0	0.834	0.813	0.00575806182	0.00575806181999997	1	300	A28	C1	1000	1000	0	0.5	300	0.1
54	0.03675514677445	0.03675514677445	0	0.192	0.173	0.03675514677445	0.03675514677445	FGr	300	A28	C1	1000	1000	0	0.5	300	0.1
55	0.0259639838224	0.0259639838224	0	0.35	0.35	0.0259639838224	0.0259639838224	NoCorrection	300	A28	C1	1000	1000	0	0.5	300	0.1
56	0.025376785814	0.025376785814	0	0.328	0.338	0.025376785814	0.025376785814	ID	300	A28	C1	1000	1000	0	0.5	300	0.1
57	-0.00365217118629998	-0.00365217118629993	0	0.884	0.882	-0.00365217118629998	-0.00365217118629993	1	300	A28	C1	1000	1000	0	0.5	300	0.5
58	0.1311415470659	0.1311415470659	0	0	0	0.1311415470659	0.1311415470659	FGr	300	A28	C1	1000	1000	0	0.5	300	0.5
59	0.168321422122	0.168321422122	0	0	0	0.168321422122	0.168321422122	NoCorrection	300	A28	C1	1000	1000	0	0.5	300	0.5
60	0.00901520333699993	0.00901520333699986	0	0.722	0.73	0.00901520333699993	0.00901520333699986	ID	300	A28	C1	1000	1000	0	0.5	300	0.5
61	-0.036280724262	-0.036280724262	0	0.198	0.199	-0.036280724262	-0.036280724262	1	300	A28	C1	1000	1000	0	0.5	300	1
62	0.18465626013096	0.18465626013096	0	0	0	0.18465626013096	0.18465626013096	FGr	300	A28	C1	1000	1000	0	0.5	300	1
63	0.305885732313	0.305885732313	0	0	0	0.305885732313	0.305885732313	NoCorrection	300	A28	C1	1000	1000	0	0.5	300	1
64	-0.044520938825	-0.044520938825	0	0.119	0.102	-0.044520938825	-0.044520938825	ID	300	A28	C1	1000	1000	0	0.5	300	1
65	-0.04378901062	-0.0509765333	0	0.126	0.264	-0.04378901062	-0.0509765333	1	1000	A28	C1	1000	1000	0	0.5	300	0
66	-0.0588305634523002	-0.11143716055	0	0.037	0.023	-0.0588305634523002	-0.11143716055	FGr	1000	A28	C1	1000	1000	0	0.5	300	0
67	-0.0527310497725	-0.0827290858	0	0.059	0.063	-0.0527310497725	-0.0827290858	NoCorrection	1000	A28	C1	1000	1000	0	0.5	300	0
68	-0.0434213910149999	-0.0491805777	0	0.135	0.279	-0.0434213910149999	-0.0491805777	ID	1000	A28	C1	1000	1000	0	0.5	300	0
69	0.00434601771500001	0.00485956169999983	0	0.875	0.919	0.00434601771500001	0.00485956169999983	1	1000	A28	C1	1000	1000	0	0.5	300	0.1
70	0.0320548380245	0.0872431973000004	0	0.257	0.056	0.0320548380245	0.0872431973000004	FGr	1000	A28	C1	1000	1000	0	0.5	300	0.1
71	0.069117029007	0.19074677765	0	0.02	0	0.069117029007	0.19074677765	NoCorrection	1000	A28	C1	1000	1000	0	0.5	300	0.1
72	0.00644293301300002	0.00526242425000005	0	0.842	0.89	0.00644293301300002	0.00526242425000005	ID	1000	A28	C1	1000	1000	0	0.5	300	0.1
73	-0.0185664827449999	0.0519636275	0	0.437	0.263	-0.0185664827449999	0.0519636275	1	1000	A28	C1	1000	1000	0	0.5	300	0.5
74	0.022655139792	0.18120900915	0	0.354	0	0.022655139792	0.18120900915	FGr	1000	A28	C1	1000	1000	0	0.5	300	0.5
75	0.092090585103	0.3773130591	0	0.001	0	0.092090585103	0.3773130591	NoCorrection	1000	A28	C1	1000	1000	0	0.5	300	0.5
76	-0.0177760694509999	0.0529989040999999	0	0.441	0.25	-0.0177760694509999	0.0529989040999999	ID	1000	A28	C1	1000	1000	0	0.5	300	0.5
77	-0.0241097343544003	-0.0281435306500003	0	0.383	0.542	-0.0241097343544003	-0.0281435306500003	1	1000	A28	C1	1000	1000	0	0.5	300	1
78	0.0522328143464001	0.14334762815	0	0.096	0.003	0.0522328143464001	0.14334762815	FGr	1000	A28	C1	1000	1000	0	0.5	300	1
79	0.250585713224	0.7301400084	0	0	0	0.250585713224	0.7301400084	NoCorrection	1000	A28	C1	1000	1000	0	0.5	300	1
80	-0.0281487949289999	-0.0739903355999999	0	0.309	0.103	-0.0281487949289999	-0.0739903355999999	ID	1000	A28	C1	1000	1000	0	0.5	300	1
81	0.0357552539180001	-0.059471252	0	0.172	0.376	0.0357552539180001	-0.059471252	1	10000	A28	C1	1000	1000	0	0.5	300	0
82	0.0404239864355	-0.0574628615	0	0.129	0.396	0.0404239864355	-0.0574628615	FGr	10000	A28	C1	1000	1000	0	0.5	300	0
83	0.0485622922234999	-0.0384120715	0	0.07	0.543	0.0485622922234999	-0.0384120715	NoCorrection	10000	A28	C1	1000	1000	0	0.5	300	0
84	0.0391025056850001	-0.0567978795	0	0.134	0.394	0.0391025056850001	-0.0567978795	ID	10000	A28	C1	1000	1000	0	0.5	300	0
85	0.0151352618055	0.0616243806999998	0	0.586	0.391	0.0151352618055	0.0616243806999998	1	10000	A28	C1	1000	1000	0	0.5	300	0.1
86	0.0248056085385	0.1161806187	0	0.372	0.11	0.0248056085385	0.1161806187	FGr	10000	A28	C1	1000	1000	0	0.5	300	0.1
87	0.0817346666715	0.400246733	0	0.005	0	0.0817346666715	0.400246733	NoCorrection	10000	A28	C1	1000	1000	0	0.5	300	0.1
88	0.016439974057	0.093958796	0	0.544	0.19	0.016439974057	0.093958796	ID	10000	A28	C1	1000	1000	0	0.5	300	0.1
89	-0.01677370872	0.0169146251500005	0	0.558	0.792	-0.01677370872	0.0169146251500005	1	10000	A28	C1	1000	1000	0	0.5	300	0.5
90	-0.0100931216445	0.0748557587500002	0	0.721	0.278	-0.0100931216445	0.0748557587500002	FGr	10000	A28	C1	1000	1000	0	0.5	300	0.5
91	0.1612216940565	1.113578442	0	0	0	0.1612216940565	1.113578442	NoCorrection	10000	A28	C1	1000	1000	0	0.5	300	0.5
92	-0.01892187373	0.0260620464499996	0	0.525	0.728	-0.01892187373	0.0260620464499996	ID	10000	A28	C1	1000	1000	0	0.5	300	0.5
93	0.00795576033600029	-0.0201417461999999	0	0.772	0.804	0.00795576033600029	-0.0201417461999999	1	10000	A28	C1	1000	1000	0	0.5	300	1
94	0.0203006699577497	0.06053717995	0	0.472	0.422	0.0203006699577497	0.06053717995	FGr	10000	A28	C1	1000	1000	0	0.5	300	1
95	0.3353168789125	1.904311754	0	0	0	0.3353168789125	1.904311754	NoCorrection	10000	A28	C1	1000	1000	0	0.5	300	1
96	0.00543224992550017	-0.00849407849999997	0	0.825	0.899	0.00543224992550017	-0.00849407849999997	ID	10000	A28	C1	1000	1000	0	0.5	300	1
97	0.0179157004133499	0.0179157004133499	0	0.522	0.518	0.0179157004133499	0.0179157004133499	1	300	A28	C1	1000	10000	0	0.5	300	0
98	0.0127547010518851	0.0127547010518851	0	0.63	0.63	0.0127547010518851	0.0127547010518851	FGr	300	A28	C1	1000	10000	0	0.5	300	0
99	0.00400590237366983	0.00400590237366984	0	0.869	0.857	0.00400590237366983	0.00400590237366984	NoCorrection	300	A28	C1	1000	10000	0	0.5	300	0
100	0.00505445128725009	0.00505445128725009	0	0.861	0.84	0.00505445128725009	0.00505445128725009	ID	300	A28	C1	1000	10000	0	0.5	300	0
101	0.0080390387475	0.0080390387475	0	0.775	0.764	0.0080390387475	0.0080390387475	1	300	A28	C1	1000	10000	0	0.5	300	0.1
102	0.0707066449336999	0.0707066449336999	0	0.01	0.009	0.0707066449336999	0.0707066449336999	FGr	300	A28	C1	1000	10000	0	0.5	300	0.1
103	0.0958812846338	0.0958812846337999	0	0.001	0.001	0.0958812846338	0.0958812846337999	NoCorrection	300	A28	C1	1000	10000	0	0.5	300	0.1
104	0.0371922668241719	0.0371922668241719	0	0.158	0.156	0.0371922668241719	0.0371922668241719	ID	300	A28	C1	1000	10000	0	0.5	300	0.1
105	0.0121168375184997	0.0121168375184997	0	0.691	0.646	0.0121168375184997	0.0121168375184997	1	300	A28	C1	1000	10000	0	0.5	300	0.5
106	0.1010905092173	0.1010905092173	0	0.001	0	0.1010905092173	0.1010905092173	FGr	300	A28	C1	1000	10000	0	0.5	300	0.5
107	0.145412666041351	0.14541266604135	0	0	0	0.145412666041351	0.14541266604135	NoCorrection	300	A28	C1	1000	10000	0	0.5	300	0.5
108	0.0127094886344203	0.0127094886344203	0	0.614	0.629	0.0127094886344203	0.0127094886344203	ID	300	A28	C1	1000	10000	0	0.5	300	0.5
109	0.00772119815659996	0.00772119815659999	0	0.752	0.761	0.00772119815659996	0.00772119815659999	1	300	A28	C1	1000	10000	0	0.5	300	1
110	0.20105938367985	0.20105938367985	0	0	0	0.20105938367985	0.20105938367985	FGr	300	A28	C1	1000	10000	0	0.5	300	1
111	0.2771221664889	0.2771221664889	0	0	0	0.2771221664889	0.2771221664889	NoCorrection	300	A28	C1	1000	10000	0	0.5	300	1
112	0.0179250491761	0.0179250491760999	0	0.451	0.5	0.0179250491761	0.0179250491760999	ID	300	A28	C1	1000	10000	0	0.5	300	1
113	-0.0208843330106001	0.0066726598799992	0	0.411	0.885	-0.0208843330106001	0.0066726598799992	1	1000	A28	C1	1000	10000	0	0.5	300	0
114	-0.0356638977814993	-0.0343650277799992	0	0.175	0.445	-0.0356638977814993	-0.0343650277799992	FGr	1000	A28	C1	1000	10000	0	0.5	300	0
115	-0.0606179644843544	-0.106522304025	0	0.024	0.011	-0.0606179644843544	-0.106522304025	NoCorrection	1000	A28	C1	1000	10000	0	0.5	300	0
116	-0.0263967519036496	-0.012444240715	0	0.329	0.783	-0.0263967519036496	-0.012444240715	ID	1000	A28	C1	1000	10000	0	0.5	300	0
117	0.000862770640000566	-0.0294880575050001	0	0.971	0.479	0.000862770640000566	-0.0294880575050001	1	1000	A28	C1	1000	10000	0	0.5	300	0.1
118	0.0210043407989498	0.00310852879499964	0	0.362	0.935	0.0210043407989498	0.00310852879499964	FGr	1000	A28	C1	1000	10000	0	0.5	300	0.1
119	0.0502818570861991	0.0670268649300002	0	0.04	0.096	0.0502818570861991	0.0670268649300002	NoCorrection	1000	A28	C1	1000	10000	0	0.5	300	0.1
120	0.00448210449559981	-0.0199335555199994	0	0.844	0.636	0.00448210449559981	-0.0199335555199994	ID	1000	A28	C1	1000	10000	0	0.5	300	0.1
121	-0.0489366344366377	-0.069256401775	0	0.058	0.142	-0.0489366344366377	-0.069256401775	1	1000	A28	C1	1000	10000	0	0.5	300	0.5
122	0.0333097713319998	0.19014159695	0	0.202	0	0.0333097713319998	0.19014159695	FGr	1000	A28	C1	1000	10000	0	0.5	300	0.5
123	0.111365448519	0.364471020165	0	0	0	0.111365448519	0.364471020165	NoCorrection	1000	A28	C1	1000	10000	0	0.5	300	0.5
124	-0.0334907532478996	-0.00744950801500011	0	0.19	0.866	-0.0334907532478996	-0.00744950801500011	ID	1000	A28	C1	1000	10000	0	0.5	300	0.5
125	0.00278449549070002	-0.02858765027	0	0.927	0.536	0.00278449549070002	-0.02858765027	1	1000	A28	C1	1000	10000	0	0.5	300	1
126	0.1059048567755	0.22428936113	0	0	0	0.1059048567755	0.22428936113	FGr	1000	A28	C1	1000	10000	0	0.5	300	1
127	0.371621307552601	0.907424103970001	0	0	0	0.371621307552601	0.907424103970001	NoCorrection	1000	A28	C1	1000	10000	0	0.5	300	1
128	-0.00621954084340013	-0.0568599242699999	0	0.81	0.214	-0.00621954084340013	-0.0568599242699999	ID	1000	A28	C1	1000	10000	0	0.5	300	1
129	-0.0258422560556002	0.0129809976299997	0	0.24	0.838	-0.0258422560556002	0.0129809976299997	1	10000	A28	C1	1000	10000	0	0.5	300	0
130	-0.0240304481351997	0.0284715918950005	0	0.261	0.678	-0.0240304481351997	0.0284715918950005	FGr	10000	A28	C1	1000	10000	0	0.5	300	0
131	-0.0421628404403501	-0.0787328374700003	0	0.048	0.249	-0.0421628404403501	-0.0787328374700003	NoCorrection	10000	A28	C1	1000	10000	0	0.5	300	0
132	-0.0266233991771998	0.000896722334999769	0	0.223	0.987	-0.0266233991771998	0.000896722334999769	ID	10000	A28	C1	1000	10000	0	0.5	300	0
133	-0.00762274047669982	0.0825900848250003	0	0.748	0.2	-0.00762274047669982	0.0825900848250003	1	10000	A28	C1	1000	10000	0	0.5	300	0.1
134	-0.0136129051150999	0.0490528791000003	0	0.52	0.426	-0.0136129051150999	0.0490528791000003	FGr	10000	A28	C1	1000	10000	0	0.5	300	0.1
135	0.0216638036418749	0.307277184975	0	0.337	0	0.0216638036418749	0.307277184975	NoCorrection	10000	A28	C1	1000	10000	0	0.5	300	0.1
136	-0.0101898525725499	0.0701850873500009	0	0.649	0.293	-0.0101898525725499	0.0701850873500009	ID	10000	A28	C1	1000	10000	0	0.5	300	0.1
137	0.0380027215237851	-0.0822516498399999	0	0.172	0.234	0.0380027215237851	-0.0822516498399999	1	10000	A28	C1	1000	10000	0	0.5	300	0.5
138	0.0462326988461	-0.0321391081000002	0	0.082	0.645	0.0462326988461	-0.0321391081000002	FGr	10000	A28	C1	1000	10000	0	0.5	300	0.5
139	0.213614051026	1.18562108715	0	0	0	0.213614051026	1.18562108715	NoCorrection	10000	A28	C1	1000	10000	0	0.5	300	0.5
140	0.0366708344964499	-0.0987037900000001	0	0.2	0.157	0.0366708344964499	-0.0987037900000001	ID	10000	A28	C1	1000	10000	0	0.5	300	0.5
141	0.0223571513490002	0.03769243768	0	0.417	0.596	0.0223571513490002	0.03769243768	1	10000	A28	C1	1000	10000	0	0.5	300	1
142	0.03375732252345	0.142735659815	0	0.194	0.043	0.03375732252345	0.142735659815	FGr	10000	A28	C1	1000	10000	0	0.5	300	1
143	0.3281437027752	2.00259595705	0	0	0	0.3281437027752	2.00259595705	NoCorrection	10000	A28	C1	1000	10000	0	0.5	300	1
144	0.0200834625126001	0.0522136779800009	0	0.458	0.426	0.0200834625126001	0.0522136779800009	ID	10000	A28	C1	1000	10000	0	0.5	300	1
145	0.00420897447999999	0.00420897447999999	0	0.644	0.641	0.00420897447999999	0.00420897447999999	1	300	A28	C1	10000	100	0	0.5	300	0
146	0.016551246187	0.016551246187	0	0.065	0.063	0.016551246187	0.016551246187	FGr	300	A28	C1	10000	100	0	0.5	300	0
147	0.0233209712795	0.0233209712795	0	0.011	0.011	0.0233209712795	0.0233209712795	NoCorrection	300	A28	C1	10000	100	0	0.5	300	0
148	0.00565865272	0.00565865272	0	0.552	0.532	0.00565865272	0.00565865272	ID	300	A28	C1	10000	100	0	0.5	300	0
149	-0.00302770452999999	-0.00302770452999999	0	0.804	0.819	-0.00302770452999999	-0.00302770452999999	1	300	A28	C1	10000	100	0	0.5	300	0.1
150	0.01338162671072	0.01338162671072	0	0.292	0.293	0.01338162671072	0.01338162671072	FGr	300	A28	C1	10000	100	0	0.5	300	0.1
151	0.0192987967675	0.0192987967675	0	0.135	0.145	0.0192987967675	0.0192987967675	NoCorrection	300	A28	C1	10000	100	0	0.5	300	0.1
152	-0.00662727116	-0.00662727116	0	0.587	0.592	-0.00662727116	-0.00662727116	ID	300	A28	C1	10000	100	0	0.5	300	0.1
153	0.0017964968365	0.00179649683649999	0	0.876	0.866	0.0017964968365	0.00179649683649999	1	300	A28	C1	10000	100	0	0.5	300	0.5
154	0.154959017985	0.154959017985	0	0	0	0.154959017985	0.154959017985	FGr	300	A28	C1	10000	100	0	0.5	300	0.5
155	0.211223794255	0.211223794255	0	0	0	0.211223794255	0.211223794255	NoCorrection	300	A28	C1	10000	100	0	0.5	300	0.5
156	0.007898475612	0.007898475612	0	0.49	0.472	0.007898475612	0.007898475612	ID	300	A28	C1	10000	100	0	0.5	300	0.5
157	-0.003348789796	-0.00334878979599999	0	0.816	0.798	-0.003348789796	-0.00334878979599999	1	300	A28	C1	10000	100	0	0.5	300	1
158	0.275351256505	0.275351256505	0	0	0	0.275351256505	0.275351256505	FGr	300	A28	C1	10000	100	0	0.5	300	1
159	0.396729673965	0.396729673965	0	0	0	0.396729673965	0.396729673965	NoCorrection	300	A28	C1	10000	100	0	0.5	300	1
160	0.000367568610000029	0.000367568610000006	0	0.977	0.974	0.000367568610000029	0.000367568610000006	ID	300	A28	C1	10000	100	0	0.5	300	1
161	-0.000259786495000001	0.0184570455	0	0.979	0.372	-0.000259786495000001	0.0184570455	1	1000	A28	C1	10000	100	0	0.5	300	0
162	-0.004767624095	0.009233805	0	0.702	0.656	-0.004767624095	0.009233805	FGr	1000	A28	C1	10000	100	0	0.5	300	0
163	-0.00298617417	0.0101170555	0	0.792	0.61	-0.00298617417	0.0101170555	NoCorrection	1000	A28	C1	10000	100	0	0.5	300	0
164	0.000182836469999993	0.02095978	0	0.984	0.301	0.000182836469999993	0.02095978	ID	1000	A28	C1	10000	100	0	0.5	300	0
165	0.00710270224500001	0.012049634	0	0.569	0.571	0.00710270224500001	0.012049634	1	1000	A28	C1	10000	100	0	0.5	300	0.1
166	0.0327842130975	0.089172666	0	0.007	0	0.0327842130975	0.089172666	FGr	1000	A28	C1	10000	100	0	0.5	300	0.1
167	0.0648204642	0.162969278	0	0	0	0.0648204642	0.162969278	NoCorrection	1000	A28	C1	10000	100	0	0.5	300	0.1
168	0.00895960372	0.0189804405	0	0.453	0.372	0.00895960372	0.0189804405	ID	1000	A28	C1	10000	100	0	0.5	300	0.1
169	-0.000180265680000012	-0.0040065205	0	0.988	0.867	-0.000180265680000012	-0.0040065205	1	1000	A28	C1	10000	100	0	0.5	300	0.5
170	0.08423571973	0.1742222965	0	0	0	0.08423571973	0.1742222965	FGr	1000	A28	C1	10000	100	0	0.5	300	0.5
171	0.18609051897	0.4270353735	0	0	0	0.18609051897	0.4270353735	NoCorrection	1000	A28	C1	10000	100	0	0.5	300	0.5
172	-0.000230497478750001	-0.0111346535	0	0.992	0.591	-0.000230497478750001	-0.0111346535	ID	1000	A28	C1	10000	100	0	0.5	300	0.5
173	0.00828767957899998	-0.01380218	0	0.447	0.458	0.00828767957899998	-0.01380218	1	1000	A28	C1	10000	100	0	0.5	300	1
174	0.1816508136465	0.41414435	0	0	0	0.1816508136465	0.41414435	FGr	1000	A28	C1	10000	100	0	0.5	300	1
175	0.3940680355	0.9485190905	0	0	0	0.3940680355	0.9485190905	NoCorrection	1000	A28	C1	10000	100	0	0.5	300	1
176	0.00791718420499999	-0.011076618	0	0.458	0.581	0.00791718420499999	-0.011076618	ID	1000	A28	C1	10000	100	0	0.5	300	1
177	-0.025013627145	-0.0504269515	0	0.029	0.102	-0.025013627145	-0.0504269515	1	10000	A28	C1	10000	100	0	0.5	300	0
178	-0.02475761677	-0.049704635	0	0.034	0.107	-0.02475761677	-0.049704635	FGr	10000	A28	C1	10000	100	0	0.5	300	0
179	-0.0370169114625	-0.167145423	0	0.001	0	-0.0370169114625	-0.167145423	NoCorrection	10000	A28	C1	10000	100	0	0.5	300	0
180	-0.02465801449	-0.0476705625	0	0.033	0.112	-0.02465801449	-0.0476705625	ID	10000	A28	C1	10000	100	0	0.5	300	0
181	0.0195885963475	-0.0323376875	0	0.096	0.296	0.0195885963475	-0.0323376875	1	10000	A28	C1	10000	100	0	0.5	300	0.1
182	0.023064046395	-0.000503632499999995	0	0.047	0.987	0.023064046395	-0.000503632499999995	FGr	10000	A28	C1	10000	100	0	0.5	300	0.1
183	0.050721624727	0.2018287235	0	0	0	0.050721624727	0.2018287235	NoCorrection	10000	A28	C1	10000	100	0	0.5	300	0.1
184	0.0191934533235	-0.035832005	0	0.126	0.259	0.0191934533235	-0.035832005	ID	10000	A28	C1	10000	100	0	0.5	300	0.1
185	-0.00320937879	-0.011006019	0	0.789	0.695	-0.00320937879	-0.011006019	1	10000	A28	C1	10000	100	0	0.5	300	0.5
186	0.010490140586	0.0600926075000001	0	0.338	0.055	0.010490140586	0.0600926075000001	FGr	10000	A28	C1	10000	100	0	0.5	300	0.5
187	0.139823312415	1.048966923	0	0	0	0.139823312415	1.048966923	NoCorrection	10000	A28	C1	10000	100	0	0.5	300	0.5
188	-0.00331629121	-0.019260525	0	0.799	0.549	-0.00331629121	-0.019260525	ID	10000	A28	C1	10000	100	0	0.5	300	0.5
189	0.000418218230000007	0.00635644999999999	0	0.972	0.845	0.000418218230000007	0.00635644999999999	1	10000	A28	C1	10000	100	0	0.5	300	1
190	0.032888271506078	0.213859368	0	0.014	0	0.032888271506078	0.213859368	FGr	10000	A28	C1	10000	100	0	0.5	300	1
191	0.29721075122	2.095356365	0	0	0	0.29721075122	2.095356365	NoCorrection	10000	A28	C1	10000	100	0	0.5	300	1
192	0.000623741539500012	0.00643961350000001	0	0.964	0.837	0.000623741539500012	0.00643961350000001	ID	10000	A28	C1	10000	100	0	0.5	300	1
193	-0.00730085617814997	-0.00730085617814999	0	0.406	0.394	-0.00730085617814997	-0.00730085617814999	1	300	A28	C1	10000	1000	0	0.5	300	0
194	-0.006771127234	-0.00677112723399998	0	0.418	0.407	-0.006771127234	-0.00677112723399998	FGr	300	A28	C1	10000	1000	0	0.5	300	0
195	-0.0145919239935999	-0.0145919239935999	0	0.077	0.09	-0.0145919239935999	-0.0145919239935999	NoCorrection	300	A28	C1	10000	1000	0	0.5	300	0
196	-0.0135555025669499	-0.01355550256695	0	0.116	0.11	-0.0135555025669499	-0.01355550256695	ID	300	A28	C1	10000	1000	0	0.5	300	0
197	0.0100840716745	0.0100840716745	0	0.285	0.278	0.0100840716745	0.0100840716745	1	300	A28	C1	10000	1000	0	0.5	300	0.1
198	0.02661726170325	0.02661726170325	0	0.002	0.003	0.02661726170325	0.02661726170325	FGr	300	A28	C1	10000	1000	0	0.5	300	0.1
199	0.04480306881	0.04480306881	0	0	0	0.04480306881	0.04480306881	NoCorrection	300	A28	C1	10000	1000	0	0.5	300	0.1
200	0.00446425183199999	0.00446425183199999	0	0.62	0.622	0.00446425183199999	0.00446425183199999	ID	300	A28	C1	10000	1000	0	0.5	300	0.1
201	0.00227075557745	0.00227075557745	0	0.765	0.775	0.00227075557745	0.00227075557745	1	300	A28	C1	10000	1000	0	0.5	300	0.5
202	0.1088598922216	0.1088598922216	0	0	0	0.1088598922216	0.1088598922216	FGr	300	A28	C1	10000	1000	0	0.5	300	0.5
203	0.2001321024515	0.2001321024515	0	0	0	0.2001321024515	0.2001321024515	NoCorrection	300	A28	C1	10000	1000	0	0.5	300	0.5
204	0.00499661956895	0.00499661956895	0	0.561	0.54	0.00499661956895	0.00499661956895	ID	300	A28	C1	10000	1000	0	0.5	300	0.5
205	-0.00248006064395001	-0.00248006064394999	0	0.814	0.827	-0.00248006064395001	-0.00248006064394999	1	300	A28	C1	10000	1000	0	0.5	300	1
206	0.214843715156	0.214843715156	0	0	0	0.214843715156	0.214843715156	FGr	300	A28	C1	10000	1000	0	0.5	300	1
207	0.386735583545	0.386735583545	0	0	0	0.386735583545	0.386735583545	NoCorrection	300	A28	C1	10000	1000	0	0.5	300	1
208	-0.00169129937100003	-0.00169129937100001	0	0.874	0.883	-0.00169129937100003	-0.00169129937100001	ID	300	A28	C1	10000	1000	0	0.5	300	1
209	-0.0048381599542	-0.00444177660000007	0	0.576	0.75	-0.0048381599542	-0.00444177660000007	1	1000	A28	C1	10000	1000	0	0.5	300	0
210	-0.0087127615357	-0.0195168068000001	0	0.299	0.168	-0.0087127615357	-0.0195168068000001	FGr	1000	A28	C1	10000	1000	0	0.5	300	0
211	-0.0111596990054	-0.0267011376499999	0	0.183	0.073	-0.0111596990054	-0.0267011376499999	NoCorrection	1000	A28	C1	10000	1000	0	0.5	300	0
212	-0.00562272275399998	-0.00661840660000004	0	0.506	0.64	-0.00562272275399998	-0.00661840660000004	ID	1000	A28	C1	10000	1000	0	0.5	300	0
213	-0.00530200125300005	0.0018521374	0	0.468	0.88	-0.00530200125300005	0.0018521374	1	1000	A28	C1	10000	1000	0	0.5	300	0.1
214	0.0120729294016	0.05514180615	0	0.133	0	0.0120729294016	0.05514180615	FGr	1000	A28	C1	10000	1000	0	0.5	300	0.1
215	0.0259402011965	0.0999857315	0	0.004	0	0.0259402011965	0.0999857315	NoCorrection	1000	A28	C1	10000	1000	0	0.5	300	0.1
216	-0.00411689079279998	0.00547161995000001	0	0.566	0.663	-0.00411689079279998	0.00547161995000001	ID	1000	A28	C1	10000	1000	0	0.5	300	0.1
217	-0.00438847663700003	0.000644847899999894	0	0.541	0.96	-0.00438847663700003	0.000644847899999894	1	1000	A28	C1	10000	1000	0	0.5	300	0.5
218	0.0463941690661	0.1471126536	0	0	0	0.0463941690661	0.1471126536	FGr	1000	A28	C1	10000	1000	0	0.5	300	0.5
219	0.15070096728939	0.4640246797	0	0	0	0.15070096728939	0.4640246797	NoCorrection	1000	A28	C1	10000	1000	0	0.5	300	0.5
220	-0.00318038235649998	-0.00860180340000002	0	0.659	0.504	-0.00318038235649998	-0.00860180340000002	ID	1000	A28	C1	10000	1000	0	0.5	300	0.5
221	0.0033452073485	0.00820665104999999	0	0.717	0.554	0.0033452073485	0.00820665104999999	1	1000	A28	C1	10000	1000	0	0.5	300	1
222	0.0988345143005	0.2732631323	0	0	0	0.0988345143005	0.2732631323	FGr	1000	A28	C1	10000	1000	0	0.5	300	1
223	0.304431175076	0.8708952919	0	0	0	0.304431175076	0.8708952919	NoCorrection	1000	A28	C1	10000	1000	0	0.5	300	1
224	0.00621060500204999	0.00783257410000001	0	0.481	0.574	0.00621060500204999	0.00783257410000001	ID	1000	A28	C1	10000	1000	0	0.5	300	1
225	0.00304600922239999	0.00558510479999998	0	0.723	0.802	0.00304600922239999	0.00558510479999998	1	10000	A28	C1	10000	1000	0	0.5	300	0
226	0.00329638851609999	0.00769988020000002	0	0.697	0.752	0.00329638851609999	0.00769988020000002	FGr	10000	A28	C1	10000	1000	0	0.5	300	0
227	0.0141104079150001	0.0968945579	0	0.079	0	0.0141104079150001	0.0968945579	NoCorrection	10000	A28	C1	10000	1000	0	0.5	300	0
228	0.00344807136639998	0.00783855705	0	0.684	0.733	0.00344807136639998	0.00783855705	ID	10000	A28	C1	10000	1000	0	0.5	300	0
229	-0.009352859121	0.0172577158	0	0.353	0.48	-0.009352859121	0.0172577158	1	10000	A28	C1	10000	1000	0	0.5	300	0.1
230	-0.00850335898410001	0.026282389	0	0.416	0.29	-0.00850335898410001	0.026282389	FGr	10000	A28	C1	10000	1000	0	0.5	300	0.1
231	0.0242104514585001	0.23275929415	0	0.022	0	0.0242104514585001	0.23275929415	NoCorrection	10000	A28	C1	10000	1000	0	0.5	300	0.1
232	-0.00893067713000001	0.0214768919	0	0.356	0.381	-0.00893067713000001	0.0214768919	ID	10000	A28	C1	10000	1000	0	0.5	300	0.1
233	-0.0097383202383	-0.0147407297	0	0.262	0.505	-0.0097383202383	-0.0147407297	1	10000	A28	C1	10000	1000	0	0.5	300	0.5
234	-0.00262106811814999	0.0465347889	0	0.759	0.039	-0.00262106811814999	0.0465347889	FGr	10000	A28	C1	10000	1000	0	0.5	300	0.5
235	0.1680320173763	0.962629502699999	0	0	0	0.1680320173763	0.962629502699999	NoCorrection	10000	A28	C1	10000	1000	0	0.5	300	0.5
236	-0.00958389600435	-0.01093184865	0	0.279	0.645	-0.00958389600435	-0.01093184865	ID	10000	A28	C1	10000	1000	0	0.5	300	0.5
237	0.0125281597735	0.01469644545	0	0.168	0.547	0.0125281597735	0.01469644545	1	10000	A28	C1	10000	1000	0	0.5	300	1
238	0.0281355953695	0.1125182076	0	0.006	0	0.0281355953695	0.1125182076	FGr	10000	A28	C1	10000	1000	0	0.5	300	1
239	0.352151107795	1.9317613845	0	0	0	0.352151107795	1.9317613845	NoCorrection	10000	A28	C1	10000	1000	0	0.5	300	1
240	0.0136813059626	0.0114580174	0	0.154	0.61	0.0136813059626	0.0114580174	ID	10000	A28	C1	10000	1000	0	0.5	300	1
241	0.0163444833961301	0.0163444833961301	0	0.056	0.055	0.0163444833961301	0.0163444833961301	1	300	A28	C1	10000	10000	0	0.5	300	0
242	0.00664784528815007	0.00664784528815007	0	0.452	0.434	0.00664784528815007	0.00664784528815007	FGr	300	A28	C1	10000	10000	0	0.5	300	0
243	0.00662411111691003	0.00662411111691004	0	0.453	0.434	0.00662411111691003	0.00662411111691004	NoCorrection	300	A28	C1	10000	10000	0	0.5	300	0
244	0.0101115240702001	0.0101115240702001	0	0.236	0.229	0.0101115240702001	0.0101115240702001	ID	300	A28	C1	10000	10000	0	0.5	300	0
245	0.00106055118854008	0.00106055118854006	0	0.884	0.888	0.00106055118854008	0.00106055118854006	1	300	A28	C1	10000	10000	0	0.5	300	0.1
246	0.01624199778425	0.01624199778425	0	0.042	0.034	0.01624199778425	0.01624199778425	FGr	300	A28	C1	10000	10000	0	0.5	300	0.1
247	0.0232623807464	0.0232623807464	0	0.003	0.007	0.0232623807464	0.0232623807464	NoCorrection	300	A28	C1	10000	10000	0	0.5	300	0.1
248	-0.00358500618514999	-0.00358500618515	0	0.658	0.636	-0.00358500618514999	-0.00358500618515	ID	300	A28	C1	10000	10000	0	0.5	300	0.1
249	-0.00532844501262207	-0.00532844501262207	0	0.505	0.476	-0.00532844501262207	-0.00532844501262207	1	300	A28	C1	10000	10000	0	0.5	300	0.5
250	0.0864322491008999	0.0864322491008999	0	0	0	0.0864322491008999	0.0864322491008999	FGr	300	A28	C1	10000	10000	0	0.5	300	0.5
251	0.13678894641549	0.13678894641549	0	0	0	0.13678894641549	0.13678894641549	NoCorrection	300	A28	C1	10000	10000	0	0.5	300	0.5
252	-0.00415783295960007	-0.00415783295960008	0	0.599	0.569	-0.00415783295960007	-0.00415783295960008	ID	300	A28	C1	10000	10000	0	0.5	300	0.5
253	-0.00901858925563502	-0.00901858925563501	0	0.332	0.303	-0.00901858925563502	-0.00901858925563501	1	300	A28	C1	10000	10000	0	0.5	300	1
254	0.185574628299051	0.185574628299051	0	0	0	0.185574628299051	0.185574628299051	FGr	300	A28	C1	10000	10000	0	0.5	300	1
255	0.284605885727999	0.284605885727999	0	0	0	0.284605885727999	0.284605885727999	NoCorrection	300	A28	C1	10000	10000	0	0.5	300	1
256	-0.00985687396509998	-0.00985687396509998	0	0.282	0.281	-0.00985687396509998	-0.00985687396509998	ID	300	A28	C1	10000	10000	0	0.5	300	1
257	0.00232585456699996	0.00349943428499991	0	0.723	0.769	0.00232585456699996	0.00349943428499991	1	1000	A28	C1	10000	10000	0	0.5	300	0
258	0.00589553218720001	0.0119108005	0	0.433	0.325	0.00589553218720001	0.0119108005	FGr	1000	A28	C1	10000	10000	0	0.5	300	0
259	0.005766576087	0.011697832295	0	0.422	0.323	0.005766576087	0.011697832295	NoCorrection	1000	A28	C1	10000	10000	0	0.5	300	0
260	0.00339892682330008	0.00544716067500008	0	0.672	0.666	0.00339892682330008	0.00544716067500008	ID	1000	A28	C1	10000	10000	0	0.5	300	0
261	-0.00622655566324999	-0.00724458177000014	0	0.357	0.593	-0.00622655566324999	-0.00724458177000014	1	1000	A28	C1	10000	10000	0	0.5	300	0.1
262	0.000463045503070003	0.01598318219	0	0.948	0.252	0.000463045503070003	0.01598318219	FGr	1000	A28	C1	10000	10000	0	0.5	300	0.1
263	0.0192274539574501	0.0793353616149999	0	0.017	0	0.0192274539574501	0.0793353616149999	NoCorrection	1000	A28	C1	10000	10000	0	0.5	300	0.1
264	-0.00324029128130006	0.00560592154499996	0	0.641	0.649	-0.00324029128130006	0.00560592154499996	ID	1000	A28	C1	10000	10000	0	0.5	300	0.1
265	0.000508451149167503	-0.00863698562999985	0	0.961	0.522	0.000508451149167503	-0.00863698562999985	1	1000	A28	C1	10000	10000	0	0.5	300	0.5
266	0.0466942262041651	0.135281560015	0	0	0	0.0466942262041651	0.135281560015	FGr	1000	A28	C1	10000	10000	0	0.5	300	0.5
267	0.1231829537047	0.375327310229999	0	0	0	0.1231829537047	0.375327310229999	NoCorrection	1000	A28	C1	10000	10000	0	0.5	300	0.5
268	0.00107697202370001	-0.00924175277000005	0	0.904	0.497	0.00107697202370001	-0.00924175277000005	ID	1000	A28	C1	10000	10000	0	0.5	300	0.5
269	0.0111556233434	0.00271008321999997	0	0.212	0.84	0.0111556233434	0.00271008321999997	1	1000	A28	C1	10000	10000	0	0.5	300	1
270	0.0984325663103001	0.27539079724	0	0	0	0.0984325663103001	0.27539079724	FGr	1000	A28	C1	10000	10000	0	0.5	300	1
271	0.2568927183576	0.756445901995	0	0	0	0.2568927183576	0.756445901995	NoCorrection	1000	A28	C1	10000	10000	0	0.5	300	1
272	0.00887614255368001	-0.00208773169500003	0	0.299	0.882	0.00887614255368001	-0.00208773169500003	ID	1000	A28	C1	10000	10000	0	0.5	300	1
273	0.00166101272428002	0.024874589435	0	0.838	0.225	0.00166101272428002	0.024874589435	1	10000	A28	C1	10000	10000	0	0.5	300	0
274	0.00309580782085499	0.0312173186099999	0	0.698	0.133	0.00309580782085499	0.0312173186099999	FGr	10000	A28	C1	10000	10000	0	0.5	300	0
275	-0.00805927837096003	-0.04281769454	0	0.309	0.039	-0.00805927837096003	-0.04281769454	NoCorrection	10000	A28	C1	10000	10000	0	0.5	300	0
276	0.00257466330675003	0.02824853912	0	0.74	0.17	0.00257466330675003	0.02824853912	ID	10000	A28	C1	10000	10000	0	0.5	300	0
277	0.01701006072426	-0.00253808735000003	0	0.069	0.916	0.01701006072426	-0.00253808735000003	1	10000	A28	C1	10000	10000	0	0.5	300	0.1
278	0.01631889377582	0.000268961449999985	0	0.082	0.991	0.01631889377582	0.000268961449999985	FGr	10000	A28	C1	10000	10000	0	0.5	300	0.1
279	0.0522311088536	0.21121312642	0	0	0	0.0522311088536	0.21121312642	NoCorrection	10000	A28	C1	10000	10000	0	0.5	300	0.1
280	0.01666434883649	-0.00242018725499995	0	0.077	0.909	0.01666434883649	-0.00242018725499995	ID	10000	A28	C1	10000	10000	0	0.5	300	0.1
281	0.00690796672802493	-0.007305210595	0	0.365	0.744	0.00690796672802493	-0.007305210595	1	10000	A28	C1	10000	10000	0	0.5	300	0.5
282	0.0123693932094201	0.03573041225	0	0.119	0.11	0.0123693932094201	0.03573041225	FGr	10000	A28	C1	10000	10000	0	0.5	300	0.5
283	0.1841909674631	1.0114918068	0	0	0	0.1841909674631	1.0114918068	NoCorrection	10000	A28	C1	10000	10000	0	0.5	300	0.5
284	0.00706927625705009	-0.010739432895	0	0.36	0.642	0.00706927625705009	-0.010739432895	ID	10000	A28	C1	10000	10000	0	0.5	300	0.5
285	0.0155956800347998	0.023172875465	0	0.076	0.194	0.0155956800347998	0.023172875465	1	10000	A28	C1	10000	10000	0	0.5	300	1
286	0.0282645352114	0.08392303938	0	0.001	0	0.0282645352114	0.08392303938	FGr	10000	A28	C1	10000	10000	0	0.5	300	1
287	0.3375034742203	1.82035032839999	0	0	0	0.3375034742203	1.82035032839999	NoCorrection	10000	A28	C1	10000	10000	0	0.5	300	1
288	0.0144069085865999	0.0167949401599997	0	0.117	0.369	0.0144069085865999	0.0167949401599997	ID	10000	A28	C1	10000	10000	0	0.5	300	1
289	-0.01942509095	-0.0194250909499999	0	0.558	0.597	-0.01942509095	-0.0194250909499999	1	300	A28	C2	1000	100	0	0.5	300	0
290	-0.019270538905	-0.019270538905	0	0.595	0.582	-0.019270538905	-0.019270538905	FGr	300	A28	C2	1000	100	0	0.5	300	0
291	-0.019363419397	-0.019363419397	0	0.6	0.581	-0.019363419397	-0.019363419397	NoCorrection	300	A28	C2	1000	100	0	0.5	300	0
292	-0.019384688555	-0.019384688555	0	0.608	0.621	-0.019384688555	-0.019384688555	ID	300	A28	C2	1000	100	0	0.5	300	0
293	0.00545026335500001	0.00545026335500003	0	0.874	0.861	0.00545026335500001	0.00545026335500003	1	300	A28	C2	1000	100	0	0.5	300	0.1
294	0.00410678684000001	0.00410678684000001	0	0.9	0.9	0.00410678684000001	0.00410678684000001	FGr	300	A28	C2	1000	100	0	0.5	300	0.1
295	0.00433626846474999	0.00433626846474999	0	0.891	0.916	0.00433626846474999	0.00433626846474999	NoCorrection	300	A28	C2	1000	100	0	0.5	300	0.1
296	0.00341909641499999	0.00341909641500003	0	0.908	0.901	0.00341909641499999	0.00341909641500003	ID	300	A28	C2	1000	100	0	0.5	300	0.1
297	-0.020404616795	-0.020404616795	0	0.566	0.591	-0.020404616795	-0.020404616795	1	300	A28	C2	1000	100	0	0.5	300	0.5
298	-0.0269638811285	-0.0269638811285001	0	0.53	0.516	-0.0269638811285	-0.0269638811285001	FGr	300	A28	C2	1000	100	0	0.5	300	0.5
299	-0.026696242975	-0.026696242975	0	0.504	0.515	-0.026696242975	-0.026696242975	NoCorrection	300	A28	C2	1000	100	0	0.5	300	0.5
300	-0.0297302219839999	-0.0297302219839999	0	0.407	0.41	-0.0297302219839999	-0.0297302219839999	ID	300	A28	C2	1000	100	0	0.5	300	0.5
301	0.0254356510249999	0.025435651025	0	0.524	0.476	0.0254356510249999	0.025435651025	1	300	A28	C2	1000	100	0	0.5	300	1
302	0.013662693625	0.013662693625	0	0.806	0.809	0.013662693625	0.013662693625	FGr	300	A28	C2	1000	100	0	0.5	300	1
303	0.0132461715000001	0.0132461715	0	0.818	0.838	0.0132461715000001	0.0132461715	NoCorrection	300	A28	C2	1000	100	0	0.5	300	1
304	0.00780974832	0.00780974832000006	0	0.838	0.816	0.00780974832	0.00780974832000006	ID	300	A28	C2	1000	100	0	0.5	300	1
305	0.00767900692	0.0118517340000001	0	0.806	0.823	0.00767900692	0.0118517340000001	1	1000	A28	C2	1000	100	0	0.5	300	0
306	0.01957683196	0.0229623554999999	0	0.537	0.66	0.01957683196	0.0229623554999999	FGr	1000	A28	C2	1000	100	0	0.5	300	0
307	0.020770837481	0.018297518	0	0.529	0.701	0.020770837481	0.018297518	NoCorrection	1000	A28	C2	1000	100	0	0.5	300	0
308	0.01519065329	0.0134939915000001	0	0.649	0.778	0.01519065329	0.0134939915000001	ID	1000	A28	C2	1000	100	0	0.5	300	0
309	0.022856447955	0.0428300955	0	0.529	0.432	0.022856447955	0.0428300955	1	1000	A28	C2	1000	100	0	0.5	300	0.1
310	0.00923868275999997	0.0277030055	0	0.818	0.632	0.00923868275999997	0.0277030055	FGr	1000	A28	C2	1000	100	0	0.5	300	0.1
311	0.00941871087749999	0.0321177389999999	0	0.808	0.579	0.00941871087749999	0.0321177389999999	NoCorrection	1000	A28	C2	1000	100	0	0.5	300	0.1
312	0.025989549445	0.0413011204999999	0	0.475	0.505	0.025989549445	0.0413011204999999	ID	1000	A28	C2	1000	100	0	0.5	300	0.1
313	0.01255204854	-0.0225546460000001	0	0.726	0.681	0.01255204854	-0.0225546460000001	1	1000	A28	C2	1000	100	0	0.5	300	0.5
314	-0.0366460045835	-0.0677296825	0	0.312	0.295	-0.0366460045835	-0.0677296825	FGr	1000	A28	C2	1000	100	0	0.5	300	0.5
315	-0.037185132109	-0.072083557	0	0.279	0.251	-0.037185132109	-0.072083557	NoCorrection	1000	A28	C2	1000	100	0	0.5	300	0.5
316	0.0158002125	-0.029095871	0	0.62	0.599	0.0158002125	-0.029095871	ID	1000	A28	C2	1000	100	0	0.5	300	0.5
317	-0.039170429	0.00981011500000003	0	0.246	0.872	-0.039170429	0.00981011500000003	1	1000	A28	C2	1000	100	0	0.5	300	1
318	-0.159472557985	-0.032669098	0	0	0.705	-0.159472557985	-0.032669098	FGr	1000	A28	C2	1000	100	0	0.5	300	1
319	-0.1616729678	-0.0327204645	0	0.003	0.722	-0.1616729678	-0.0327204645	NoCorrection	1000	A28	C2	1000	100	0	0.5	300	1
320	-0.02037752871	0.0276182405000001	0	0.547	0.614	-0.02037752871	0.0276182405000001	ID	1000	A28	C2	1000	100	0	0.5	300	1
321	-0.025053197175	0.1566562125	0	0.473	0.085	-0.025053197175	0.1566562125	1	10000	A28	C2	1000	100	0	0.5	300	0
322	-0.02550360546	0.14143001	0	0.512	0.133	-0.02550360546	0.14143001	FGr	10000	A28	C2	1000	100	0	0.5	300	0
323	-0.02638557169	0.1525962265	0	0.436	0.078	-0.02638557169	0.1525962265	NoCorrection	10000	A28	C2	1000	100	0	0.5	300	0
324	-0.02542894826	0.1576283535	0	0.474	0.084	-0.02542894826	0.1576283535	ID	10000	A28	C2	1000	100	0	0.5	300	0
325	-0.0037444534	-0.018068446	0	0.911	0.837	-0.0037444534	-0.018068446	1	10000	A28	C2	1000	100	0	0.5	300	0.1
326	-0.00343421955850001	-0.0281097500000002	0	0.931	0.756	-0.00343421955850001	-0.0281097500000002	FGr	10000	A28	C2	1000	100	0	0.5	300	0.1
327	-0.00333956622299999	-0.028400816	0	0.929	0.751	-0.00333956622299999	-0.028400816	NoCorrection	10000	A28	C2	1000	100	0	0.5	300	0.1
328	-0.00375493960000001	-0.0113569605000001	0	0.895	0.901	-0.00375493960000001	-0.0113569605000001	ID	10000	A28	C2	1000	100	0	0.5	300	0.1
329	-0.018324074068	-0.0855252335	0	0.575	0.319	-0.018324074068	-0.0855252335	1	10000	A28	C2	1000	100	0	0.5	300	0.5
330	-0.029145269515	0.0263027749999999	0	0.447	0.796	-0.029145269515	0.0263027749999999	FGr	10000	A28	C2	1000	100	0	0.5	300	0.5
331	-0.0292450115365	0.0274933	0	0.427	0.776	-0.0292450115365	0.0274933	NoCorrection	10000	A28	C2	1000	100	0	0.5	300	0.5
332	-0.019615272345	-0.0883530355	0	0.56	0.33	-0.019615272345	-0.0883530355	ID	10000	A28	C2	1000	100	0	0.5	300	0.5
333	-0.04630044952	0.042248287	0	0.197	0.629	-0.04630044952	0.042248287	1	10000	A28	C2	1000	100	0	0.5	300	1
334	-0.07150785549	0.0463333850000001	0	0.268	0.742	-0.07150785549	0.0463333850000001	FGr	10000	A28	C2	1000	100	0	0.5	300	1
335	-0.073146923695	0.126424255	0	0.272	0.381	-0.073146923695	0.126424255	NoCorrection	10000	A28	C2	1000	100	0	0.5	300	1
336	-0.0504545004225	0.0417392615	0	0.195	0.603	-0.0504545004225	0.0417392615	ID	10000	A28	C2	1000	100	0	0.5	300	1
337	-0.0330355466435	-0.0330355466435	0	0.129	0.096	-0.0330355466435	-0.0330355466435	1	300	A28	C2	1000	1000	0	0.5	300	0
338	-0.03034834031	-0.03034834031	0	0.142	0.142	-0.03034834031	-0.03034834031	FGr	300	A28	C2	1000	1000	0	0.5	300	0
339	-0.031435148982	-0.031435148982	0	0.122	0.13	-0.031435148982	-0.031435148982	NoCorrection	300	A28	C2	1000	1000	0	0.5	300	0
340	-0.0336429875745	-0.0336429875745	0	0.092	0.123	-0.0336429875745	-0.0336429875745	ID	300	A28	C2	1000	1000	0	0.5	300	0
341	0.0243682052580001	0.024368205258	0	0.265	0.246	0.0243682052580001	0.024368205258	1	300	A28	C2	1000	1000	0	0.5	300	0.1
342	0.02545029601	0.02545029601	0	0.215	0.243	0.02545029601	0.02545029601	FGr	300	A28	C2	1000	1000	0	0.5	300	0.1
343	0.025688997361	0.025688997361	0	0.245	0.235	0.025688997361	0.025688997361	NoCorrection	300	A28	C2	1000	1000	0	0.5	300	0.1
344	0.021909808455	0.021909808455	0	0.297	0.297	0.021909808455	0.021909808455	ID	300	A28	C2	1000	1000	0	0.5	300	0.1
345	0.0338715013840001	0.0338715013840001	0	0.083	0.073	0.0338715013840001	0.0338715013840001	1	300	A28	C2	1000	1000	0	0.5	300	0.5
346	0.0353101554429998	0.0353101554429999	0	0.08	0.086	0.0353101554429998	0.0353101554429999	FGr	300	A28	C2	1000	1000	0	0.5	300	0.5
347	0.0346761875204999	0.0346761875205	0	0.079	0.073	0.0346761875204999	0.0346761875205	NoCorrection	300	A28	C2	1000	1000	0	0.5	300	0.5
348	0.0256344844092998	0.0256344844092998	0	0.167	0.184	0.0256344844092998	0.0256344844092998	ID	300	A28	C2	1000	1000	0	0.5	300	0.5
349	-0.000936398771849971	-0.000936398771849987	0	0.966	0.969	-0.000936398771849971	-0.000936398771849987	1	300	A28	C2	1000	1000	0	0.5	300	1
350	0.00336321299549993	0.00336321299549991	0	0.899	0.913	0.00336321299549993	0.00336321299549991	FGr	300	A28	C2	1000	1000	0	0.5	300	1
351	0.00376893245900001	0.003768932459	0	0.9	0.893	0.00376893245900001	0.003768932459	NoCorrection	300	A28	C2	1000	1000	0	0.5	300	1
352	-0.0167279771665	-0.0167279771665	0	0.371	0.401	-0.0167279771665	-0.0167279771665	ID	300	A28	C2	1000	1000	0	0.5	300	1
353	-0.0250983877532	-0.032263497	0	0.236	0.325	-0.0250983877532	-0.032263497	1	1000	A28	C2	1000	1000	0	0.5	300	0
354	-0.0247722087928	-0.03457741185	0	0.239	0.277	-0.0247722087928	-0.03457741185	FGr	1000	A28	C2	1000	1000	0	0.5	300	0
355	-0.0246645750602498	-0.0326548655499999	0	0.228	0.318	-0.0246645750602498	-0.0326548655499999	NoCorrection	1000	A28	C2	1000	1000	0	0.5	300	0
356	-0.0251483559004999	-0.03610481105	0	0.228	0.25	-0.0251483559004999	-0.03610481105	ID	1000	A28	C2	1000	1000	0	0.5	300	0
357	0.00619516954570007	-0.0219736995499999	0	0.789	0.509	0.00619516954570007	-0.0219736995499999	1	1000	A28	C2	1000	1000	0	0.5	300	0.1
358	0.00609580969450001	-0.01866983615	0	0.785	0.57	0.00609580969450001	-0.01866983615	FGr	1000	A28	C2	1000	1000	0	0.5	300	0.1
359	0.00622024907499992	-0.0196495817000006	0	0.801	0.552	0.00622024907499992	-0.0196495817000006	NoCorrection	1000	A28	C2	1000	1000	0	0.5	300	0.1
360	0.00534383896799994	-0.022223994	0	0.84	0.518	0.00534383896799994	-0.022223994	ID	1000	A28	C2	1000	1000	0	0.5	300	0.1
361	0.0350299571605	0.0215992641500001	0	0.124	0.543	0.0350299571605	0.0215992641500001	1	1000	A28	C2	1000	1000	0	0.5	300	0.5
362	0.0345047678555	0.02294243425	0	0.172	0.545	0.0345047678555	0.02294243425	FGr	1000	A28	C2	1000	1000	0	0.5	300	0.5
363	0.0344811951042001	0.0297782456	0	0.157	0.436	0.0344811951042001	0.0297782456	NoCorrection	1000	A28	C2	1000	1000	0	0.5	300	0.5
364	0.03273842240675	0.0337624468	0	0.126	0.314	0.03273842240675	0.0337624468	ID	1000	A28	C2	1000	1000	0	0.5	300	0.5
365	-0.0234077047199	-0.0280038649999999	0	0.32	0.419	-0.0234077047199	-0.0280038649999999	1	1000	A28	C2	1000	1000	0	0.5	300	1
366	-0.0233568470990004	-0.00155504205000014	0	0.456	0.972	-0.0233568470990004	-0.00155504205000014	FGr	1000	A28	C2	1000	1000	0	0.5	300	1
367	-0.0234078474747499	-0.0162732198	0	0.462	0.717	-0.0234078474747499	-0.0162732198	NoCorrection	1000	A28	C2	1000	1000	0	0.5	300	1
368	-0.0282164296666501	-0.03331778505	0	0.184	0.31	-0.0282164296666501	-0.03331778505	ID	1000	A28	C2	1000	1000	0	0.5	300	1
369	0.0296742017283001	-0.00282834334999992	0	0.1	0.958	0.0296742017283001	-0.00282834334999992	1	10000	A28	C2	1000	1000	0	0.5	300	0
370	0.0295933629459	0.00279908535000011	0	0.106	0.955	0.0295933629459	0.00279908535000011	FGr	10000	A28	C2	1000	1000	0	0.5	300	0
371	0.029551926604	-0.00128439195000001	0	0.108	0.984	0.029551926604	-0.00128439195000001	NoCorrection	10000	A28	C2	1000	1000	0	0.5	300	0
372	0.0296452239380001	0.0117727453	0	0.107	0.83	0.0296452239380001	0.0117727453	ID	10000	A28	C2	1000	1000	0	0.5	300	0
373	0.000942318224499763	0.0537217602499998	0	0.962	0.309	0.000942318224499763	0.0537217602499998	1	10000	A28	C2	1000	1000	0	0.5	300	0.1
374	0.00179917101899959	0.0297412397999998	0	0.92	0.56	0.00179917101899959	0.0297412397999998	FGr	10000	A28	C2	1000	1000	0	0.5	300	0.1
375	0.00185911230499997	0.0318512615	0	0.925	0.533	0.00185911230499997	0.0318512615	NoCorrection	10000	A28	C2	1000	1000	0	0.5	300	0.1
376	0.00106499788249991	0.05712416245	0	0.942	0.251	0.00106499788249991	0.05712416245	ID	10000	A28	C2	1000	1000	0	0.5	300	0.1
377	0.0120288205825	0.0677140840000008	0	0.584	0.193	0.0120288205825	0.0677140840000008	1	10000	A28	C2	1000	1000	0	0.5	300	0.5
378	0.0185895997209998	0.0272939909999996	0	0.41	0.639	0.0185895997209998	0.0272939909999996	FGr	10000	A28	C2	1000	1000	0	0.5	300	0.5
379	0.0184890244799999	0.015661975499999	0	0.435	0.799	0.0184890244799999	0.015661975499999	NoCorrection	10000	A28	C2	1000	1000	0	0.5	300	0.5
380	0.0134716914949999	0.0818443404999999	0	0.504	0.126	0.0134716914949999	0.0818443404999999	ID	10000	A28	C2	1000	1000	0	0.5	300	0.5
381	0.0293005115908	0.048713698	0	0.167	0.361	0.0293005115908	0.048713698	1	10000	A28	C2	1000	1000	0	0.5	300	1
382	0.0425612544955002	-0.0306194340000001	0	0.225	0.68	0.0425612544955002	-0.0306194340000001	FGr	10000	A28	C2	1000	1000	0	0.5	300	1
383	0.0423511690254998	-0.0506993349999997	0	0.226	0.502	0.0423511690254998	-0.0506993349999997	NoCorrection	10000	A28	C2	1000	1000	0	0.5	300	1
384	0.0322997429430001	0.0389233445	0	0.116	0.438	0.0322997429430001	0.0389233445	ID	10000	A28	C2	1000	1000	0	0.5	300	1
385	-0.0275352223711	-0.0275352223710999	0	0.125	0.099	-0.0275352223711	-0.0275352223710999	1	300	A28	C2	1000	10000	0	0.5	300	0
386	-0.0257794338857303	-0.0257794338857303	0	0.124	0.136	-0.0257794338857303	-0.0257794338857303	FGr	300	A28	C2	1000	10000	0	0.5	300	0
387	-0.0272701227787502	-0.0272701227787502	0	0.12	0.091	-0.0272701227787502	-0.0272701227787502	NoCorrection	300	A28	C2	1000	10000	0	0.5	300	0
388	-0.0273766183441502	-0.0273766183441502	0	0.127	0.109	-0.0273766183441502	-0.0273766183441502	ID	300	A28	C2	1000	10000	0	0.5	300	0
389	0.00227855978649967	0.00227855978649965	0	0.905	0.906	0.00227855978649967	0.00227855978649965	1	300	A28	C2	1000	10000	0	0.5	300	0.1
390	-0.000223214133099806	-0.000223214133099786	0	0.992	0.988	-0.000223214133099806	-0.000223214133099786	FGr	300	A28	C2	1000	10000	0	0.5	300	0.1
391	0.00155414215804986	0.00155414215804982	0	0.935	0.951	0.00155414215804986	0.00155414215804982	NoCorrection	300	A28	C2	1000	10000	0	0.5	300	0.1
392	0.00159002158460039	0.00159002158460038	0	0.931	0.939	0.00159002158460039	0.00159002158460038	ID	300	A28	C2	1000	10000	0	0.5	300	0.1
393	0.0125777010942642	0.0125777010942642	0	0.49	0.486	0.0125777010942642	0.0125777010942642	1	300	A28	C2	1000	10000	0	0.5	300	0.5
394	0.0126766326068003	0.0126766326068003	0	0.511	0.535	0.0126766326068003	0.0126766326068003	FGr	300	A28	C2	1000	10000	0	0.5	300	0.5
395	0.0121270477764496	0.0121270477764497	0	0.581	0.564	0.0121270477764496	0.0121270477764497	NoCorrection	300	A28	C2	1000	10000	0	0.5	300	0.5
396	0.0112956837966503	0.0112956837966504	0	0.553	0.542	0.0112956837966503	0.0112956837966504	ID	300	A28	C2	1000	10000	0	0.5	300	0.5
397	-0.0334077620465	-0.0334077620465	0	0.138	0.126	-0.0334077620465	-0.0334077620465	1	300	A28	C2	1000	10000	0	0.5	300	1
398	-0.0332781397340999	-0.0332781397340999	0	0.211	0.24	-0.0332781397340999	-0.0332781397340999	FGr	300	A28	C2	1000	10000	0	0.5	300	1
399	-0.0338154127609	-0.0338154127609	0	0.253	0.225	-0.0338154127609	-0.0338154127609	NoCorrection	300	A28	C2	1000	10000	0	0.5	300	1
400	-0.03550681190725	-0.03550681190725	0	0.062	0.073	-0.03550681190725	-0.03550681190725	ID	300	A28	C2	1000	10000	0	0.5	300	1
401	-0.0537914055657301	-0.0374007257300008	0	0.003	0.252	-0.0537914055657301	-0.0374007257300008	1	1000	A28	C2	1000	10000	0	0.5	300	0
402	-0.0564951563828496	-0.0388959349900001	0	0	0.244	-0.0564951563828496	-0.0388959349900001	FGr	1000	A28	C2	1000	10000	0	0.5	300	0
403	-0.0544591942267494	-0.0305220193549999	0	0.008	0.332	-0.0544591942267494	-0.0305220193549999	NoCorrection	1000	A28	C2	1000	10000	0	0.5	300	0
404	-0.0538093373563003	-0.034577459035	0	0.001	0.273	-0.0538093373563003	-0.034577459035	ID	1000	A28	C2	1000	10000	0	0.5	300	0
405	0.0117548945192998	0.0288472549899995	0	0.528	0.404	0.0117548945192998	0.0288472549899995	1	1000	A28	C2	1000	10000	0	0.5	300	0.1
406	0.0125710063065153	0.0187108425800002	0	0.53	0.624	0.0125710063065153	0.0187108425800002	FGr	1000	A28	C2	1000	10000	0	0.5	300	0.1
407	0.0108838171890001	0.0279722917850005	0	0.563	0.435	0.0108838171890001	0.0279722917850005	NoCorrection	1000	A28	C2	1000	10000	0	0.5	300	0.1
408	0.012231996696935	0.0272662834799999	0	0.527	0.427	0.012231996696935	0.0272662834799999	ID	1000	A28	C2	1000	10000	0	0.5	300	0.1
409	0.0288146200376	0.0174414720450001	0	0.128	0.631	0.0288146200376	0.0174414720450001	1	1000	A28	C2	1000	10000	0	0.5	300	0.5
410	0.0246273275878	0.00307073056000052	0	0.189	0.937	0.0246273275878	0.00307073056000052	FGr	1000	A28	C2	1000	10000	0	0.5	300	0.5
411	0.0238504154039001	0.00513126033500148	0	0.258	0.88	0.0238504154039001	0.00513126033500148	NoCorrection	1000	A28	C2	1000	10000	0	0.5	300	0.5
412	0.0296398020187502	0.0225756219699989	0	0.123	0.535	0.0296398020187502	0.0225756219699989	ID	1000	A28	C2	1000	10000	0	0.5	300	0.5
413	0.0126890176032501	0.00793193612000062	0	0.563	0.811	0.0126890176032501	0.00793193612000062	1	1000	A28	C2	1000	10000	0	0.5	300	1
414	0.0032974126852496	-0.0375341976749994	0	0.918	0.432	0.0032974126852496	-0.0375341976749994	FGr	1000	A28	C2	1000	10000	0	0.5	300	1
415	0.00406094549330004	-0.0397837910850006	0	0.889	0.384	0.00406094549330004	-0.0397837910850006	NoCorrection	1000	A28	C2	1000	10000	0	0.5	300	1
416	0.0156754087659	-0.00519660275500015	0	0.387	0.882	0.0156754087659	-0.00519660275500015	ID	1000	A28	C2	1000	10000	0	0.5	300	1
417	0.00944091325139993	-0.00932180083499905	0	0.6	0.822	0.00944091325139993	-0.00932180083499905	1	10000	A28	C2	1000	10000	0	0.5	300	0
418	0.00902705684099999	-0.0187190228900009	0	0.608	0.701	0.00902705684099999	-0.0187190228900009	FGr	10000	A28	C2	1000	10000	0	0.5	300	0
419	0.00910922967169059	-0.0190674983549996	0	0.588	0.672	0.00910922967169059	-0.0190674983549996	NoCorrection	10000	A28	C2	1000	10000	0	0.5	300	0
420	0.00985112360234964	-0.0140815823499984	0	0.59	0.758	0.00985112360234964	-0.0140815823499984	ID	10000	A28	C2	1000	10000	0	0.5	300	0
421	0.0139883467965	-0.0255219850500008	0	0.497	0.559	0.0139883467965	-0.0255219850500008	1	10000	A28	C2	1000	10000	0	0.5	300	0.1
422	0.0110011288577499	-0.0513744566800004	0	0.586	0.25	0.0110011288577499	-0.0513744566800004	FGr	10000	A28	C2	1000	10000	0	0.5	300	0.1
423	0.01090088080748	-0.0434727602050006	0	0.608	0.325	0.01090088080748	-0.0434727602050006	NoCorrection	10000	A28	C2	1000	10000	0	0.5	300	0.1
424	0.0142146621842	-0.0246888329300002	0	0.505	0.604	0.0142146621842	-0.0246888329300002	ID	10000	A28	C2	1000	10000	0	0.5	300	0.1
425	0.01274033755735	-0.0777319931900004	0	0.48	0.097	0.01274033755735	-0.0777319931900004	1	10000	A28	C2	1000	10000	0	0.5	300	0.5
426	-0.000324940941899999	-0.0674736593499999	0	0.988	0.201	-0.000324940941899999	-0.0674736593499999	FGr	10000	A28	C2	1000	10000	0	0.5	300	0.5
427	2.87387500110925e-08	-0.0535234522499998	0	1	0.304	2.87387500110925e-08	-0.0535234522499998	NoCorrection	10000	A28	C2	1000	10000	0	0.5	300	0.5
428	0.0129353963315501	-0.0659866594400004	0	0.47	0.144	0.0129353963315501	-0.0659866594400004	ID	10000	A28	C2	1000	10000	0	0.5	300	0.5
429	0.0118646067854996	-0.00789809493500002	0	0.546	0.878	0.0118646067854996	-0.00789809493500002	1	10000	A28	C2	1000	10000	0	0.5	300	1
430	-0.0145299544439998	-0.0455960888500001	0	0.661	0.561	-0.0145299544439998	-0.0455960888500001	FGr	10000	A28	C2	1000	10000	0	0.5	300	1
431	-0.01544337706525	-0.0588382213499998	0	0.646	0.409	-0.01544337706525	-0.0588382213499998	NoCorrection	10000	A28	C2	1000	10000	0	0.5	300	1
432	0.0121554534596502	-0.015438074175	0	0.517	0.742	0.0121554534596502	-0.015438074175	ID	10000	A28	C2	1000	10000	0	0.5	300	1
433	0.00737043660500002	0.00737043660499999	0	0.464	0.464	0.00737043660500002	0.00737043660499999	1	300	A28	C2	10000	100	0	0.5	300	0
434	0.00716617922999997	0.00716617923000001	0	0.497	0.467	0.00716617922999997	0.00716617923000001	FGr	300	A28	C2	10000	100	0	0.5	300	0
435	0.00701579085645	0.00701579085645	0	0.478	0.467	0.00701579085645	0.00701579085645	NoCorrection	300	A28	C2	10000	100	0	0.5	300	0
436	0.007353655296	0.007353655296	0	0.464	0.473	0.007353655296	0.007353655296	ID	300	A28	C2	10000	100	0	0.5	300	0
437	-0.000917561784399998	-0.000917561784399995	0	0.93	0.925	-0.000917561784399998	-0.000917561784399995	1	300	A28	C2	10000	100	0	0.5	300	0.1
438	0.00036844996	0.000368449960000008	0	0.959	0.961	0.00036844996	0.000368449960000008	FGr	300	A28	C2	10000	100	0	0.5	300	0.1
439	0.000262768761000002	0.000262768761000001	0	0.98	0.977	0.000262768761000002	0.000262768761000001	NoCorrection	300	A28	C2	10000	100	0	0.5	300	0.1
440	-0.000774603172000002	-0.00077460317200001	0	0.937	0.926	-0.000774603172000002	-0.00077460317200001	ID	300	A28	C2	10000	100	0	0.5	300	0.1
441	-0.00501010463600001	-0.00501010463599999	0	0.697	0.646	-0.00501010463600001	-0.00501010463599999	1	300	A28	C2	10000	100	0	0.5	300	0.5
442	0.000494649847500015	0.000494649847500035	0	0.984	0.986	0.000494649847500015	0.000494649847500035	FGr	300	A28	C2	10000	100	0	0.5	300	0.5
443	0.000855122046999992	0.000855122047000025	0	0.978	0.964	0.000855122046999992	0.000855122047000025	NoCorrection	300	A28	C2	10000	100	0	0.5	300	0.5
444	-0.00495883905749999	-0.00495883905749998	0	0.663	0.677	-0.00495883905749999	-0.00495883905749998	ID	300	A28	C2	10000	100	0	0.5	300	0.5
445	-0.0334038939565	-0.0334038939565	0	0.002	0.002	-0.0334038939565	-0.0334038939565	1	300	A28	C2	10000	100	0	0.5	300	1
446	-0.02167847653	-0.02167847653	0	0.563	0.569	-0.02167847653	-0.02167847653	FGr	300	A28	C2	10000	100	0	0.5	300	1
447	-0.021245834255	-0.0212458342550001	0	0.592	0.59	-0.021245834255	-0.0212458342550001	NoCorrection	300	A28	C2	10000	100	0	0.5	300	1
448	-0.033739579792	-0.033739579792	0	0.001	0	-0.033739579792	-0.033739579792	ID	300	A28	C2	10000	100	0	0.5	300	1
449	-0.00431637578	0.000323225000000014	0	0.681	0.99	-0.00431637578	0.000323225000000014	1	1000	A28	C2	10000	100	0	0.5	300	0
450	-0.00417227631300002	0.00132765749999999	0	0.734	0.955	-0.00417227631300002	0.00132765749999999	FGr	1000	A28	C2	10000	100	0	0.5	300	0
451	-0.00410731704499999	0.0026098935	0	0.716	0.893	-0.00410731704499999	0.0026098935	NoCorrection	1000	A28	C2	10000	100	0	0.5	300	0
452	-0.00436970363	0.00165329350000002	0	0.718	0.925	-0.00436970363	0.00165329350000002	ID	1000	A28	C2	10000	100	0	0.5	300	0
453	-0.004858226835	-0.00932839899999998	0	0.674	0.605	-0.004858226835	-0.00932839899999998	1	1000	A28	C2	10000	100	0	0.5	300	0.1
454	-0.005173065933	-0.020742945	0	0.65	0.268	-0.005173065933	-0.020742945	FGr	1000	A28	C2	10000	100	0	0.5	300	0.1
455	-0.005232065661	-0.0191510715	0	0.642	0.286	-0.005232065661	-0.0191510715	NoCorrection	1000	A28	C2	10000	100	0	0.5	300	0.1
456	-0.0045971791145	-0.013368981	0	0.653	0.417	-0.0045971791145	-0.013368981	ID	1000	A28	C2	10000	100	0	0.5	300	0.1
457	-0.02597447779	-0.020787975	0	0.016	0.243	-0.02597447779	-0.020787975	1	1000	A28	C2	10000	100	0	0.5	300	0.5
458	-0.02750560555	-0.0251269754999999	0	0.252	0.49	-0.02750560555	-0.0251269754999999	FGr	1000	A28	C2	10000	100	0	0.5	300	0.5
459	-0.02757539157	-0.0212708905000001	0	0.201	0.527	-0.02757539157	-0.0212708905000001	NoCorrection	1000	A28	C2	10000	100	0	0.5	300	0.5
460	-0.024226524367	-0.016887829	0	0.021	0.341	-0.024226524367	-0.016887829	ID	1000	A28	C2	10000	100	0	0.5	300	0.5
461	0.000152379108999991	0.00132282700000002	0	0.986	0.942	0.000152379108999991	0.00132282700000002	1	1000	A28	C2	10000	100	0	0.5	300	1
462	-0.00313121726999992	-0.00824961450000003	0	0.93	0.895	-0.00313121726999992	-0.00824961450000003	FGr	1000	A28	C2	10000	100	0	0.5	300	1
463	-0.00326893463100001	-0.00562132200000002	0	0.949	0.939	-0.00326893463100001	-0.00562132200000002	NoCorrection	1000	A28	C2	10000	100	0	0.5	300	1
464	0.00353601621499999	0.00200293600000002	0	0.696	0.906	0.00353601621499999	0.00200293600000002	ID	1000	A28	C2	10000	100	0	0.5	300	1
465	0.008412281925	-0.0265776945	0	0.373	0.313	0.008412281925	-0.0265776945	1	10000	A28	C2	10000	100	0	0.5	300	0
466	0.0073745979075	-0.026576427	0	0.452	0.32	0.0073745979075	-0.026576427	FGr	10000	A28	C2	10000	100	0	0.5	300	0
467	0.007377174518	-0.0215585934999999	0	0.473	0.411	0.007377174518	-0.0215585934999999	NoCorrection	10000	A28	C2	10000	100	0	0.5	300	0
468	0.00844613936	-0.028416368	0	0.394	0.252	0.00844613936	-0.028416368	ID	10000	A28	C2	10000	100	0	0.5	300	0
469	0.00190386534	-0.027439674	0	0.864	0.329	0.00190386534	-0.027439674	1	10000	A28	C2	10000	100	0	0.5	300	0.1
470	0.00620374639499998	-0.039293034	0	0.656	0.182	0.00620374639499998	-0.039293034	FGr	10000	A28	C2	10000	100	0	0.5	300	0.1
471	0.00619834426200001	-0.0392543035	0	0.626	0.181	0.00619834426200001	-0.0392543035	NoCorrection	10000	A28	C2	10000	100	0	0.5	300	0.1
472	0.00175718554000001	-0.0296058845	0	0.901	0.266	0.00175718554000001	-0.0296058845	ID	10000	A28	C2	10000	100	0	0.5	300	0.1
473	-0.014258024961	-0.0319697675	0	0.13	0.223	-0.014258024961	-0.0319697675	1	10000	A28	C2	10000	100	0	0.5	300	0.5
474	0.00182113689999998	-0.0970343755	0	0.924	0.065	0.00182113689999998	-0.0970343755	FGr	10000	A28	C2	10000	100	0	0.5	300	0.5
475	0.00181457383999997	-0.0952775575	0	0.936	0.06	0.00181457383999997	-0.0952775575	NoCorrection	10000	A28	C2	10000	100	0	0.5	300	0.5
476	-0.01463597429	-0.0329526025	0	0.126	0.219	-0.01463597429	-0.0329526025	ID	10000	A28	C2	10000	100	0	0.5	300	0.5
477	-0.01312632176495	-0.013914504	0	0.256	0.61	-0.01312632176495	-0.013914504	1	10000	A28	C2	10000	100	0	0.5	300	1
478	0.02122776561	-0.21346376	0	0.568	0.032	0.02122776561	-0.21346376	FGr	10000	A28	C2	10000	100	0	0.5	300	1
479	0.021224321955	-0.22537023	0	0.572	0.032	0.021224321955	-0.22537023	NoCorrection	10000	A28	C2	10000	100	0	0.5	300	1
480	-0.01369175414	-0.011479992	0	0.254	0.644	-0.01369175414	-0.011479992	ID	10000	A28	C2	10000	100	0	0.5	300	1
481	0.0030455696655	0.0030455696655	0	0.706	0.701	0.0030455696655	0.0030455696655	1	300	A28	C2	10000	1000	0	0.5	300	0
482	0.0028012479128	0.0028012479128	0	0.718	0.707	0.0028012479128	0.0028012479128	FGr	300	A28	C2	10000	1000	0	0.5	300	0
483	0.0029065222505	0.0029065222505	0	0.713	0.733	0.0029065222505	0.0029065222505	NoCorrection	300	A28	C2	10000	1000	0	0.5	300	0
484	0.00277503650005	0.00277503650005	0	0.717	0.734	0.00277503650005	0.00277503650005	ID	300	A28	C2	10000	1000	0	0.5	300	0
485	-0.0115515901283	-0.0115515901283	0	0.098	0.099	-0.0115515901283	-0.0115515901283	1	300	A28	C2	10000	1000	0	0.5	300	0.1
486	-0.0140524197972	-0.0140524197972	0	0.06	0.071	-0.0140524197972	-0.0140524197972	FGr	300	A28	C2	10000	1000	0	0.5	300	0.1
487	-0.01396332036755	-0.01396332036755	0	0.053	0.068	-0.01396332036755	-0.01396332036755	NoCorrection	300	A28	C2	10000	1000	0	0.5	300	0.1
488	-0.01171579543625	-0.01171579543625	0	0.087	0.094	-0.01171579543625	-0.01171579543625	ID	300	A28	C2	10000	1000	0	0.5	300	0.1
489	-0.00981602501850001	-0.00981602501850001	0	0.145	0.164	-0.00981602501850001	-0.00981602501850001	1	300	A28	C2	10000	1000	0	0.5	300	0.5
490	-0.022488907384	-0.022488907384	0	0.041	0.063	-0.022488907384	-0.022488907384	FGr	300	A28	C2	10000	1000	0	0.5	300	0.5
491	-0.0225573912685	-0.0225573912685	0	0.054	0.059	-0.0225573912685	-0.0225573912685	NoCorrection	300	A28	C2	10000	1000	0	0.5	300	0.5
492	-0.00838437221350001	-0.0083843722135	0	0.194	0.223	-0.00838437221350001	-0.0083843722135	ID	300	A28	C2	10000	1000	0	0.5	300	0.5
493	-0.00117063870833	-0.00117063870833	0	0.871	0.873	-0.00117063870833	-0.00117063870833	1	300	A28	C2	10000	1000	0	0.5	300	1
494	-0.027956822284	-0.0279568222839999	0	0.205	0.179	-0.027956822284	-0.0279568222839999	FGr	300	A28	C2	10000	1000	0	0.5	300	1
495	-0.0283787748704999	-0.0283787748704999	0	0.197	0.208	-0.0283787748704999	-0.0283787748704999	NoCorrection	300	A28	C2	10000	1000	0	0.5	300	1
496	0.000182150033800009	0.000182150033800005	0	0.979	0.97	0.000182150033800009	0.000182150033800005	ID	300	A28	C2	10000	1000	0	0.5	300	1
497	-0.014435285433	-0.0178318109	0	0.023	0.08	-0.014435285433	-0.0178318109	1	1000	A28	C2	10000	1000	0	0.5	300	0
498	-0.014326240571	-0.01763805025	0	0.017	0.081	-0.014326240571	-0.01763805025	FGr	1000	A28	C2	10000	1000	0	0.5	300	0
499	-0.0143190875935	-0.01763745545	0	0.02	0.078	-0.0143190875935	-0.01763745545	NoCorrection	1000	A28	C2	10000	1000	0	0.5	300	0
500	-0.0144119997305	-0.0181681389	0	0.022	0.068	-0.0144119997305	-0.0181681389	ID	1000	A28	C2	10000	1000	0	0.5	300	0
501	0.00627337147900002	-0.0155536124	0	0.287	0.102	0.00627337147900002	-0.0155536124	1	1000	A28	C2	10000	1000	0	0.5	300	0.1
502	0.00615107406990003	-0.01113459145	0	0.29	0.249	0.00615107406990003	-0.01113459145	FGr	1000	A28	C2	10000	1000	0	0.5	300	0.1
503	0.00622025811350001	-0.0100248804999999	0	0.32	0.356	0.00622025811350001	-0.0100248804999999	NoCorrection	1000	A28	C2	10000	1000	0	0.5	300	0.1
504	0.00622756246050001	-0.0160751296	0	0.268	0.114	0.00622756246050001	-0.0160751296	ID	1000	A28	C2	10000	1000	0	0.5	300	0.1
505	0.000379444617899999	-0.0061278133000001	0	0.958	0.556	0.000379444617899999	-0.0061278133000001	1	1000	A28	C2	10000	1000	0	0.5	300	0.5
506	0.000347704995499988	0.02364650855	0	0.966	0.228	0.000347704995499988	0.02364650855	FGr	1000	A28	C2	10000	1000	0	0.5	300	0.5
507	0.000402863165999951	0.0252705246	0	0.964	0.206	0.000402863165999951	0.0252705246	NoCorrection	1000	A28	C2	10000	1000	0	0.5	300	0.5
508	0.000216374580349975	-0.00664651760000003	0	0.971	0.526	0.000216374580349975	-0.00664651760000003	ID	1000	A28	C2	10000	1000	0	0.5	300	0.5
509	-0.0051842729425	-0.02001988715	0	0.479	0.07	-0.0051842729425	-0.02001988715	1	1000	A28	C2	10000	1000	0	0.5	300	1
510	-0.00517040001150001	0.0246254629	0	0.778	0.507	-0.00517040001150001	0.0246254629	FGr	1000	A28	C2	10000	1000	0	0.5	300	1
511	-0.005044467523	0.02007267655	0	0.795	0.555	-0.005044467523	0.02007267655	NoCorrection	1000	A28	C2	10000	1000	0	0.5	300	1
512	-0.00548526935820001	-0.01731873425	0	0.442	0.13	-0.00548526935820001	-0.01731873425	ID	1000	A28	C2	10000	1000	0	0.5	300	1
513	0.0039286853885	-0.00286272265	0	0.561	0.852	0.0039286853885	-0.00286272265	1	10000	A28	C2	10000	1000	0	0.5	300	0
514	0.00392988059480002	0.0016531706	0	0.573	0.923	0.00392988059480002	0.0016531706	FGr	10000	A28	C2	10000	1000	0	0.5	300	0
515	0.00392707675150001	0.0045837953	0	0.572	0.764	0.00392707675150001	0.0045837953	NoCorrection	10000	A28	C2	10000	1000	0	0.5	300	0
516	0.00386473096765	0.0030241517	0	0.584	0.855	0.00386473096765	0.0030241517	ID	10000	A28	C2	10000	1000	0	0.5	300	0
517	0.0036067246185	0.00575975495000007	0	0.6	0.74	0.0036067246185	0.00575975495000007	1	10000	A28	C2	10000	1000	0	0.5	300	0.1
518	0.0053766188589	-0.000214467500000081	0	0.404	0.994	0.0053766188589	-0.000214467500000081	FGr	10000	A28	C2	10000	1000	0	0.5	300	0.1
519	0.0054877861455	0.00200416589999997	0	0.407	0.905	0.0054877861455	0.00200416589999997	NoCorrection	10000	A28	C2	10000	1000	0	0.5	300	0.1
520	0.0036111035016	0.00559814010000003	0	0.556	0.722	0.0036111035016	0.00559814010000003	ID	10000	A28	C2	10000	1000	0	0.5	300	0.1
521	-0.00043871057389995	0.00144275305000013	0	0.935	0.941	-0.00043871057389995	0.00144275305000013	1	10000	A28	C2	10000	1000	0	0.5	300	0.5
522	0.0101592238165	-0.0200901729000002	0	0.454	0.546	0.0101592238165	-0.0200901729000002	FGr	10000	A28	C2	10000	1000	0	0.5	300	0.5
523	0.01029862516525	-0.0200193013999999	0	0.458	0.537	0.01029862516525	-0.0200193013999999	NoCorrection	10000	A28	C2	10000	1000	0	0.5	300	0.5
524	-0.000514802953550042	0.00189770020000021	0	0.919	0.918	-0.000514802953550042	0.00189770020000021	ID	10000	A28	C2	10000	1000	0	0.5	300	0.5
525	-0.005370879892	0.000204669299999802	0	0.401	0.992	-0.005370879892	0.000204669299999802	1	10000	A28	C2	10000	1000	0	0.5	300	1
526	0.0154921406485	-0.160422226	0	0.573	0.012	0.0154921406485	-0.160422226	FGr	10000	A28	C2	10000	1000	0	0.5	300	1
527	0.0157852505807	-0.1377283295	0	0.584	0.022	0.0157852505807	-0.1377283295	NoCorrection	10000	A28	C2	10000	1000	0	0.5	300	1
528	-0.00551776577930001	-0.00679561935000014	0	0.418	0.69	-0.00551776577930001	-0.00679561935000014	ID	10000	A28	C2	10000	1000	0	0.5	300	1
529	0.00269548835566999	0.00269548835566999	0	0.657	0.632	0.00269548835566999	0.00269548835566999	1	300	A28	C2	10000	10000	0	0.5	300	0
530	0.00309951394075	0.00309951394075	0	0.557	0.564	0.00309951394075	0.00309951394075	FGr	300	A28	C2	10000	10000	0	0.5	300	0
531	0.003162009804275	0.003162009804275	0	0.559	0.539	0.003162009804275	0.003162009804275	NoCorrection	300	A28	C2	10000	10000	0	0.5	300	0
532	0.00391079856592001	0.00391079856592001	0	0.454	0.446	0.00391079856592001	0.00391079856592001	ID	300	A28	C2	10000	10000	0	0.5	300	0
533	-0.00570400023050002	-0.00570400023050002	0	0.4	0.383	-0.00570400023050002	-0.00570400023050002	1	300	A28	C2	10000	10000	0	0.5	300	0.1
534	-0.00944489794827499	-0.00944489794827499	0	0.19	0.204	-0.00944489794827499	-0.00944489794827499	FGr	300	A28	C2	10000	10000	0	0.5	300	0.1
535	-0.00940796389253299	-0.00940796389253298	0	0.157	0.189	-0.00940796389253299	-0.00940796389253298	NoCorrection	300	A28	C2	10000	10000	0	0.5	300	0.1
536	-0.0055230192967601	-0.0055230192967601	0	0.39	0.42	-0.0055230192967601	-0.0055230192967601	ID	300	A28	C2	10000	10000	0	0.5	300	0.1
537	-0.00236325215228014	-0.00236325215228016	0	0.703	0.715	-0.00236325215228014	-0.00236325215228016	1	300	A28	C2	10000	10000	0	0.5	300	0.5
538	-0.0202929211337399	-0.0202929211337399	0	0.071	0.086	-0.0202929211337399	-0.0202929211337399	FGr	300	A28	C2	10000	10000	0	0.5	300	0.5
539	-0.020431469816525	-0.020431469816525	0	0.091	0.063	-0.020431469816525	-0.020431469816525	NoCorrection	300	A28	C2	10000	10000	0	0.5	300	0.5
540	0.000274868296470022	0.000274868296470025	0	0.959	0.966	0.000274868296470022	0.000274868296470025	ID	300	A28	C2	10000	10000	0	0.5	300	0.5
541	-0.00525359329160001	-0.00525359329160001	0	0.426	0.431	-0.00525359329160001	-0.00525359329160001	1	300	A28	C2	10000	10000	0	0.5	300	1
542	-0.0425905848666505	-0.0425905848666505	0	0.036	0.037	-0.0425905848666505	-0.0425905848666505	FGr	300	A28	C2	10000	10000	0	0.5	300	1
543	-0.0429043624080501	-0.04290436240805	0	0.034	0.025	-0.0429043624080501	-0.04290436240805	NoCorrection	300	A28	C2	10000	10000	0	0.5	300	1
544	-0.00127564888355	-0.00127564888355	0	0.814	0.823	-0.00127564888355	-0.00127564888355	ID	300	A28	C2	10000	10000	0	0.5	300	1
545	-0.00677009302755398	0.00437601326999996	0	0.355	0.67	-0.00677009302755398	0.00437601326999996	1	1000	A28	C2	10000	10000	0	0.5	300	0
546	-0.00670278774688406	0.00418105829500001	0	0.334	0.691	-0.00670278774688406	0.00418105829500001	FGr	1000	A28	C2	10000	10000	0	0.5	300	0
547	-0.00672360377492501	0.00455103915499996	0	0.347	0.66	-0.00672360377492501	0.00455103915499996	NoCorrection	1000	A28	C2	10000	10000	0	0.5	300	0
548	-0.00677918755465994	0.00498943227000006	0	0.371	0.611	-0.00677918755465994	0.00498943227000006	ID	1000	A28	C2	10000	10000	0	0.5	300	0
549	0.00179753456850002	0.00256900235499976	0	0.749	0.802	0.00179753456850002	0.00256900235499976	1	1000	A28	C2	10000	10000	0	0.5	300	0.1
550	0.0018337841717	-0.000569614309999886	0	0.765	0.953	0.0018337841717	-0.000569614309999886	FGr	1000	A28	C2	10000	10000	0	0.5	300	0.1
551	0.00183463599970001	-0.000699486730000009	0	0.792	0.943	0.00183463599970001	-0.000699486730000009	NoCorrection	1000	A28	C2	10000	10000	0	0.5	300	0.1
552	0.00191813651983497	0.00326888776500001	0	0.74	0.765	0.00191813651983497	0.00326888776500001	ID	1000	A28	C2	10000	10000	0	0.5	300	0.1
553	0.00211776817580001	-0.000373256479999892	0	0.746	0.981	0.00211776817580001	-0.000373256479999892	1	1000	A28	C2	10000	10000	0	0.5	300	0.5
554	0.00219560986441505	0.00971177951999984	0	0.875	0.62	0.00219560986441505	0.00971177951999984	FGr	1000	A28	C2	10000	10000	0	0.5	300	0.5
555	0.00220609359265015	0.00917652473499959	0	0.853	0.656	0.00220609359265015	0.00917652473499959	NoCorrection	1000	A28	C2	10000	10000	0	0.5	300	0.5
556	0.00292248043035006	0.00014952802999996	0	0.631	0.987	0.00292248043035006	0.00014952802999996	ID	1000	A28	C2	10000	10000	0	0.5	300	0.5
557	0.00359247822749995	0.00788611618999999	0	0.588	0.42	0.00359247822749995	0.00788611618999999	1	1000	A28	C2	10000	10000	0	0.5	300	1
558	0.00354295838055037	0.00643486111500016	0	0.876	0.864	0.00354295838055037	0.00643486111500016	FGr	1000	A28	C2	10000	10000	0	0.5	300	1
559	0.00357523050119993	0.00416022326499986	0	0.869	0.914	0.00357523050119993	0.00416022326499986	NoCorrection	1000	A28	C2	10000	10000	0	0.5	300	1
560	0.0051705115577499	0.010772117	0	0.398	0.28	0.0051705115577499	0.010772117	ID	1000	A28	C2	10000	10000	0	0.5	300	1
561	0.00109783107155002	-0.00204152331999974	0	0.877	0.907	0.00109783107155002	-0.00204152331999974	1	10000	A28	C2	10000	10000	0	0.5	300	0
562	0.000925574224249998	-0.00234505064500036	0	0.874	0.905	0.000925574224249998	-0.00234505064500036	FGr	10000	A28	C2	10000	10000	0	0.5	300	0
563	0.000954139018999998	-0.0015783224199999	0	0.889	0.924	0.000954139018999998	-0.0015783224199999	NoCorrection	10000	A28	C2	10000	10000	0	0.5	300	0
564	0.00109022653289998	-0.00231873278499972	0	0.868	0.87	0.00109022653289998	-0.00231873278499972	ID	10000	A28	C2	10000	10000	0	0.5	300	0
565	-0.000175136978684947	0.0152697956999999	0	0.964	0.326	-0.000175136978684947	0.0152697956999999	1	10000	A28	C2	10000	10000	0	0.5	300	0.1
566	-0.0014827460393997	0.0143521814	0	0.818	0.403	-0.0014827460393997	0.0143521814	FGr	10000	A28	C2	10000	10000	0	0.5	300	0.1
567	-0.00154717409825026	0.0155710669899998	0	0.821	0.348	-0.00154717409825026	0.0155710669899998	NoCorrection	10000	A28	C2	10000	10000	0	0.5	300	0.1
568	-0.00022222780287003	0.015929203585	0	0.957	0.326	-0.00022222780287003	0.015929203585	ID	10000	A28	C2	10000	10000	0	0.5	300	0.1
569	-0.00534282756125003	-0.00763493343000005	0	0.346	0.584	-0.00534282756125003	-0.00763493343000005	1	10000	A28	C2	10000	10000	0	0.5	300	0.5
570	-0.0134481708040002	-0.0165023984500002	0	0.236	0.593	-0.0134481708040002	-0.0165023984500002	FGr	10000	A28	C2	10000	10000	0	0.5	300	0.5
571	-0.0133844293175993	-0.0207482193650004	0	0.231	0.505	-0.0133844293175993	-0.0207482193650004	NoCorrection	10000	A28	C2	10000	10000	0	0.5	300	0.5
572	-0.00517439936477003	-0.0092902935000002	0	0.377	0.555	-0.00517439936477003	-0.0092902935000002	ID	10000	A28	C2	10000	10000	0	0.5	300	0.5
573	0.0102025468219365	-0.0197814563000004	0	0.051	0.183	0.0102025468219365	-0.0197814563000004	1	10000	A28	C2	10000	10000	0	0.5	300	1
574	-0.00557936300245501	-0.0429267498	0	0.767	0.435	-0.00557936300245501	-0.0429267498	FGr	10000	A28	C2	10000	10000	0	0.5	300	1
575	-0.00534660728086128	-0.0476534937500002	0	0.781	0.369	-0.00534660728086128	-0.0476534937500002	NoCorrection	10000	A28	C2	10000	10000	0	0.5	300	1
576	0.01057804529262	-0.0295522256849999	0	0.045	0.054	0.01057804529262	-0.0295522256849999	ID	10000	A28	C2	10000	10000	0	0.5	300	1
