	c-q	nc-q	true-q	c-p	nc-p	c-bias	nc-bias	type	L	rep	config	gwas_size	test_size	h2	ts	num_causal	env
1	0.02211040078	0.02211040078	0	0.552	0.564	0.02211040078	0.02211040078	1	300	A25	C1	1000	100	0	0.5	300	0
2	0.022140893255	0.022140893255	0	0.565	0.565	0.022140893255	0.022140893255	FGr	300	A25	C1	1000	100	0	0.5	300	0
3	0.020253987257	0.020253987257	0	0.58	0.583	0.020253987257	0.020253987257	NoCorrection	300	A25	C1	1000	100	0	0.5	300	0
4	0.029007083865	0.029007083865	0	0.428	0.448	0.029007083865	0.029007083865	ID	300	A25	C1	1000	100	0	0.5	300	0
5	-0.03430022445	-0.03430022445	0	0.368	0.384	-0.03430022445	-0.03430022445	1	300	A25	C1	1000	100	0	0.5	300	0.01
6	-0.03670002112	-0.03670002112	0	0.347	0.363	-0.03670002112	-0.03670002112	FGr	300	A25	C1	1000	100	0	0.5	300	0.01
7	-0.0374586096	-0.0374586096	0	0.318	0.325	-0.0374586096	-0.0374586096	NoCorrection	300	A25	C1	1000	100	0	0.5	300	0.01
8	-0.03441331884	-0.03441331884	0	0.406	0.38	-0.03441331884	-0.03441331884	ID	300	A25	C1	1000	100	0	0.5	300	0.01
9	-0.01718906653	-0.0171890665299999	0	0.675	0.693	-0.01718906653	-0.0171890665299999	1	300	A25	C1	1000	100	0	0.5	300	0.03
10	-0.0187295814169999	-0.018729581417	0	0.671	0.644	-0.0187295814169999	-0.018729581417	FGr	300	A25	C1	1000	100	0	0.5	300	0.03
11	-4.6802996250036e-05	-4.68029962500394e-05	0	1	1	-4.6802996250036e-05	-4.68029962500394e-05	NoCorrection	300	A25	C1	1000	100	0	0.5	300	0.03
12	-0.011250286946	-0.011250286946	0	0.79	0.801	-0.011250286946	-0.011250286946	ID	300	A25	C1	1000	100	0	0.5	300	0.03
13	-0.01390427187	-0.01390427187	0	0.684	0.714	-0.01390427187	-0.01390427187	1	300	A25	C1	1000	100	0	0.5	300	0.1
14	-0.00120537106	-0.00120537105999999	0	0.967	0.971	-0.00120537106	-0.00120537105999999	FGr	300	A25	C1	1000	100	0	0.5	300	0.1
15	0.01643894134	0.01643894134	0	0.634	0.612	0.01643894134	0.01643894134	NoCorrection	300	A25	C1	1000	100	0	0.5	300	0.1
16	-0.0190071161375	-0.0190071161375	0	0.628	0.603	-0.0190071161375	-0.0190071161375	ID	300	A25	C1	1000	100	0	0.5	300	0.1
17	-0.06349897673	0.00876423999999998	0	0.085	0.885	-0.06349897673	0.00876423999999998	1	1000	A25	C1	1000	100	0	0.5	300	0
18	-0.0388767324500001	0.0933139105	0	0.26	0.131	-0.0388767324500001	0.0933139105	FGr	1000	A25	C1	1000	100	0	0.5	300	0
19	-0.037977526435	0.0979244495	0	0.278	0.118	-0.037977526435	0.0979244495	NoCorrection	1000	A25	C1	1000	100	0	0.5	300	0
20	-0.04653832668	0.0704987635	0	0.195	0.259	-0.04653832668	0.0704987635	ID	1000	A25	C1	1000	100	0	0.5	300	0
21	0.00371953948599997	0.049715631	0	0.917	0.418	0.00371953948599997	0.049715631	1	1000	A25	C1	1000	100	0	0.5	300	0.01
22	0.031197224755	0.1488556865	0	0.377	0.015	0.031197224755	0.1488556865	FGr	1000	A25	C1	1000	100	0	0.5	300	0.01
23	0.052749501741	0.2085847665	0	0.132	0	0.052749501741	0.2085847665	NoCorrection	1000	A25	C1	1000	100	0	0.5	300	0.01
24	0.016595466835	0.0922221875	0	0.655	0.12	0.016595466835	0.0922221875	ID	1000	A25	C1	1000	100	0	0.5	300	0.01
25	0.029952986475	0.037056386	0	0.462	0.536	0.029952986475	0.037056386	1	1000	A25	C1	1000	100	0	0.5	300	0.03
26	0.02898755586	0.0374371575	0	0.457	0.512	0.02898755586	0.0374371575	FGr	1000	A25	C1	1000	100	0	0.5	300	0.03
27	0.022494485425	0.013583304	0	0.593	0.823	0.022494485425	0.013583304	NoCorrection	1000	A25	C1	1000	100	0	0.5	300	0.03
28	0.04287669665	0.058848909	0	0.313	0.339	0.04287669665	0.058848909	ID	1000	A25	C1	1000	100	0	0.5	300	0.03
29	0.0611900466485	0.057751023	0	0.081	0.339	0.0611900466485	0.057751023	1	1000	A25	C1	1000	100	0	0.5	300	0.1
30	0.094793031615	0.1268114535	0	0.005	0.037	0.094793031615	0.1268114535	FGr	1000	A25	C1	1000	100	0	0.5	300	0.1
31	0.132111710275	0.22711991	0	0.001	0.001	0.132111710275	0.22711991	NoCorrection	1000	A25	C1	1000	100	0	0.5	300	0.1
32	0.064328522542	0.0681791695	0	0.066	0.256	0.064328522542	0.0681791695	ID	1000	A25	C1	1000	100	0	0.5	300	0.1
33	-0.02510615517	-0.0070738905	0	0.506	0.952	-0.02510615517	-0.0070738905	1	10000	A25	C1	1000	100	0	0.5	300	0
34	-0.016929178485	0.03664105	0	0.672	0.705	-0.016929178485	0.03664105	FGr	10000	A25	C1	1000	100	0	0.5	300	0
35	-0.012282687815	0.0510864819999999	0	0.756	0.604	-0.012282687815	0.0510864819999999	NoCorrection	10000	A25	C1	1000	100	0	0.5	300	0
36	-0.0241230012365	-0.00962672900000011	0	0.558	0.904	-0.0241230012365	-0.00962672900000011	ID	10000	A25	C1	1000	100	0	0.5	300	0
37	0.018946163805	0.196866305	0	0.638	0.048	0.018946163805	0.196866305	1	10000	A25	C1	1000	100	0	0.5	300	0.01
38	0.03199178737	0.231510475	0	0.414	0.011	0.03199178737	0.231510475	FGr	10000	A25	C1	1000	100	0	0.5	300	0.01
39	0.02009120546	0.19898581	0	0.633	0.048	0.02009120546	0.19898581	NoCorrection	10000	A25	C1	1000	100	0	0.5	300	0.01
40	0.02236535951	0.19888241	0	0.578	0.035	0.02236535951	0.19888241	ID	10000	A25	C1	1000	100	0	0.5	300	0.01
41	-0.06755902931	0.013871351	0	0.086	0.906	-0.06755902931	0.013871351	1	10000	A25	C1	1000	100	0	0.5	300	0.03
42	-0.0774606933099999	-0.039435437	0	0.048	0.69	-0.0774606933099999	-0.039435437	FGr	10000	A25	C1	1000	100	0	0.5	300	0.03
43	-0.0712902510650001	-0.0116116005	0	0.067	0.91	-0.0712902510650001	-0.0116116005	NoCorrection	10000	A25	C1	1000	100	0	0.5	300	0.03
44	-0.0720639082300001	-0.0100628645	0	0.071	0.929	-0.0720639082300001	-0.0100628645	ID	10000	A25	C1	1000	100	0	0.5	300	0.03
45	0.004241623715	-0.055539984	0	0.915	0.562	0.004241623715	-0.055539984	1	10000	A25	C1	1000	100	0	0.5	300	0.1
46	0.00837325007999999	-0.0371036560000001	0	0.866	0.719	0.00837325007999999	-0.0371036560000001	FGr	10000	A25	C1	1000	100	0	0.5	300	0.1
47	0.029751320495	0.1203243535	0	0.503	0.251	0.029751320495	0.1203243535	NoCorrection	10000	A25	C1	1000	100	0	0.5	300	0.1
48	0.00390908343	-0.073208304	0	0.922	0.477	0.00390908343	-0.073208304	ID	10000	A25	C1	1000	100	0	0.5	300	0.1
49	0.0171284480625	0.0171284480625	0	0.533	0.482	0.0171284480625	0.0171284480625	1	300	A25	C1	1000	1000	0	0.5	300	0
50	0.0211324687974499	0.0211324687974499	0	0.396	0.445	0.0211324687974499	0.0211324687974499	FGr	300	A25	C1	1000	1000	0	0.5	300	0
51	0.0294195124960002	0.0294195124960001	0	0.239	0.246	0.0294195124960002	0.0294195124960001	NoCorrection	300	A25	C1	1000	1000	0	0.5	300	0
52	0.0253224604197997	0.0253224604197998	0	0.33	0.292	0.0253224604197997	0.0253224604197998	ID	300	A25	C1	1000	1000	0	0.5	300	0
53	0.0346539353075	0.0346539353075	0	0.2	0.226	0.0346539353075	0.0346539353075	1	300	A25	C1	1000	1000	0	0.5	300	0.01
54	0.0068344598325	0.0068344598325	0	0.822	0.803	0.0068344598325	0.0068344598325	FGr	300	A25	C1	1000	1000	0	0.5	300	0.01
55	0.02125822034828	0.02125822034828	0	0.455	0.445	0.02125822034828	0.02125822034828	NoCorrection	300	A25	C1	1000	1000	0	0.5	300	0.01
56	0.023741862572	0.023741862572	0	0.404	0.417	0.023741862572	0.023741862572	ID	300	A25	C1	1000	1000	0	0.5	300	0.01
57	0.00710454853	0.00710454853000001	0	0.786	0.786	0.00710454853	0.00710454853000001	1	300	A25	C1	1000	1000	0	0.5	300	0.03
58	0.016288459686	0.016288459686	0	0.525	0.52	0.016288459686	0.016288459686	FGr	300	A25	C1	1000	1000	0	0.5	300	0.03
59	0.019246224768	0.019246224768	0	0.488	0.452	0.019246224768	0.019246224768	NoCorrection	300	A25	C1	1000	1000	0	0.5	300	0.03
60	-0.000268548495500002	-0.000268548495500005	0	0.995	0.992	-0.000268548495500002	-0.000268548495500005	ID	300	A25	C1	1000	1000	0	0.5	300	0.03
61	-0.0513106609390001	-0.0513106609390001	0	0.045	0.035	-0.0513106609390001	-0.0513106609390001	1	300	A25	C1	1000	1000	0	0.5	300	0.1
62	-0.00979346392700002	-0.0097934639269999	0	0.703	0.719	-0.00979346392700002	-0.0097934639269999	FGr	300	A25	C1	1000	1000	0	0.5	300	0.1
63	0.0095894773394999	0.00958947733949989	0	0.692	0.731	0.0095894773394999	0.00958947733949989	NoCorrection	300	A25	C1	1000	1000	0	0.5	300	0.1
64	-0.048224787027	-0.048224787027	0	0.05	0.051	-0.048224787027	-0.048224787027	ID	300	A25	C1	1000	1000	0	0.5	300	0.1
65	0.00763047440499997	-0.0182618238500001	0	0.753	0.661	0.00763047440499997	-0.0182618238500001	1	1000	A25	C1	1000	1000	0	0.5	300	0
66	0.022379934338	0.0333320839999997	0	0.348	0.395	0.022379934338	0.0333320839999997	FGr	1000	A25	C1	1000	1000	0	0.5	300	0
67	0.00681218221350004	-0.0173417146000001	0	0.814	0.667	0.00681218221350004	-0.0173417146000001	NoCorrection	1000	A25	C1	1000	1000	0	0.5	300	0
68	0.00986751762049999	-0.0107727933500001	0	0.705	0.784	0.00986751762049999	-0.0107727933500001	ID	1000	A25	C1	1000	1000	0	0.5	300	0
69	0.00576068830949996	0.0343752239499999	0	0.821	0.368	0.00576068830949996	0.0343752239499999	1	1000	A25	C1	1000	1000	0	0.5	300	0.01
70	-0.00798508840949988	0.00742316000000003	0	0.753	0.857	-0.00798508840949988	0.00742316000000003	FGr	1000	A25	C1	1000	1000	0	0.5	300	0.01
71	-0.00111349584400003	0.022747979	0	0.963	0.562	-0.00111349584400003	0.022747979	NoCorrection	1000	A25	C1	1000	1000	0	0.5	300	0.01
72	0.00491933040336002	0.0332024632500001	0	0.86	0.417	0.00491933040336002	0.0332024632500001	ID	1000	A25	C1	1000	1000	0	0.5	300	0.01
73	-0.02725606227675	-0.0628801048999998	0	0.297	0.119	-0.02725606227675	-0.0628801048999998	1	1000	A25	C1	1000	1000	0	0.5	300	0.03
74	-0.04553196832015	-0.1111829168	0	0.066	0.008	-0.04553196832015	-0.1111829168	FGr	1000	A25	C1	1000	1000	0	0.5	300	0.03
75	-0.02780460148055	-0.0641497858999998	0	0.301	0.127	-0.02780460148055	-0.0641497858999998	NoCorrection	1000	A25	C1	1000	1000	0	0.5	300	0.03
76	-0.0385796303985	-0.0933810352000003	0	0.133	0.027	-0.0385796303985	-0.0933810352000003	ID	1000	A25	C1	1000	1000	0	0.5	300	0.03
77	0.0141569105874999	0.03659599275	0	0.605	0.431	0.0141569105874999	0.03659599275	1	1000	A25	C1	1000	1000	0	0.5	300	0.1
78	0.00795561056200002	0.0209311708	0	0.771	0.624	0.00795561056200002	0.0209311708	FGr	1000	A25	C1	1000	1000	0	0.5	300	0.1
79	0.017177296222	0.05433406865	0	0.525	0.217	0.017177296222	0.05433406865	NoCorrection	1000	A25	C1	1000	1000	0	0.5	300	0.1
80	0.005711578524	0.0134384542	0	0.834	0.763	0.005711578524	0.0134384542	ID	1000	A25	C1	1000	1000	0	0.5	300	0.1
81	0.026462097451	-0.0773684865	0	0.317	0.28	0.026462097451	-0.0773684865	1	10000	A25	C1	1000	1000	0	0.5	300	0
82	0.0224876351374	-0.1225106845	0	0.418	0.091	0.0224876351374	-0.1225106845	FGr	10000	A25	C1	1000	1000	0	0.5	300	0
83	0.018323083786	-0.1490444905	0	0.486	0.049	0.018323083786	-0.1490444905	NoCorrection	10000	A25	C1	1000	1000	0	0.5	300	0
84	0.0246724572835	-0.0994000855	0	0.344	0.187	0.0246724572835	-0.0994000855	ID	10000	A25	C1	1000	1000	0	0.5	300	0
85	-0.0163338238645	0.00091699890000009	0	0.53	0.992	-0.0163338238645	0.00091699890000009	1	10000	A25	C1	1000	1000	0	0.5	300	0.01
86	-0.015599320373	0.00574460840000033	0	0.539	0.932	-0.015599320373	0.00574460840000033	FGr	10000	A25	C1	1000	1000	0	0.5	300	0.01
87	-0.025939221901	-0.0619163187999999	0	0.313	0.394	-0.025939221901	-0.0619163187999999	NoCorrection	10000	A25	C1	1000	1000	0	0.5	300	0.01
88	-0.0150589412635	0.00753017985000038	0	0.558	0.924	-0.0150589412635	0.00753017985000038	ID	10000	A25	C1	1000	1000	0	0.5	300	0.01
89	-0.042023108756	-0.0774979449	0	0.119	0.267	-0.042023108756	-0.0774979449	1	10000	A25	C1	1000	1000	0	0.5	300	0.03
90	-0.0367302274025	-0.03696085355	0	0.177	0.6	-0.0367302274025	-0.03696085355	FGr	10000	A25	C1	1000	1000	0	0.5	300	0.03
91	-0.0133101245404351	0.1487937352	0	0.597	0.024	-0.0133101245404351	0.1487937352	NoCorrection	10000	A25	C1	1000	1000	0	0.5	300	0.03
92	-0.04346726641	-0.0852524340500001	0	0.108	0.24	-0.04346726641	-0.0852524340500001	ID	10000	A25	C1	1000	1000	0	0.5	300	0.03
93	0.017023449902	0.12075338005	0	0.553	0.115	0.017023449902	0.12075338005	1	10000	A25	C1	1000	1000	0	0.5	300	0.1
94	0.021459263337	0.175910307299999	0	0.498	0.025	0.021459263337	0.175910307299999	FGr	10000	A25	C1	1000	1000	0	0.5	300	0.1
95	0.06236127633	0.4521969425	0	0.038	0	0.06236127633	0.4521969425	NoCorrection	10000	A25	C1	1000	1000	0	0.5	300	0.1
96	0.018470409034	0.13071780595	0	0.51	0.092	0.018470409034	0.13071780595	ID	10000	A25	C1	1000	1000	0	0.5	300	0.1
97	-0.00186594532970019	-0.00186594532970019	0	0.943	0.949	-0.00186594532970019	-0.00186594532970019	1	300	A25	C1	1000	10000	0	0.5	300	0
98	-0.0322626342794997	-0.0322626342794997	0	0.242	0.221	-0.0322626342794997	-0.0322626342794997	FGr	300	A25	C1	1000	10000	0	0.5	300	0
99	-0.0504686017596005	-0.0504686017596005	0	0.056	0.048	-0.0504686017596005	-0.0504686017596005	NoCorrection	300	A25	C1	1000	10000	0	0.5	300	0
100	-0.0279721458256999	-0.0279721458256999	0	0.302	0.314	-0.0279721458256999	-0.0279721458256999	ID	300	A25	C1	1000	10000	0	0.5	300	0
101	-0.0195685887327	-0.0195685887327	0	0.468	0.454	-0.0195685887327	-0.0195685887327	1	300	A25	C1	1000	10000	0	0.5	300	0.01
102	-0.057703479852975	-0.057703479852975	0	0.038	0.031	-0.057703479852975	-0.057703479852975	FGr	300	A25	C1	1000	10000	0	0.5	300	0.01
103	-0.04926643666605	-0.04926643666605	0	0.066	0.069	-0.04926643666605	-0.04926643666605	NoCorrection	300	A25	C1	1000	10000	0	0.5	300	0.01
104	-0.0380918741499499	-0.0380918741499499	0	0.154	0.166	-0.0380918741499499	-0.0380918741499499	ID	300	A25	C1	1000	10000	0	0.5	300	0.01
105	-0.0135872391215	-0.0135872391215	0	0.61	0.618	-0.0135872391215	-0.0135872391215	1	300	A25	C1	1000	10000	0	0.5	300	0.03
106	0.04647639000581	0.04647639000581	0	0.089	0.103	0.04647639000581	0.04647639000581	FGr	300	A25	C1	1000	10000	0	0.5	300	0.03
107	0.02573892728995	0.02573892728995	0	0.363	0.368	0.02573892728995	0.02573892728995	NoCorrection	300	A25	C1	1000	10000	0	0.5	300	0.03
108	-0.00419042885896988	-0.00419042885896988	0	0.87	0.873	-0.00419042885896988	-0.00419042885896988	ID	300	A25	C1	1000	10000	0	0.5	300	0.03
109	-0.0218544447901999	-0.0218544447901999	0	0.471	0.454	-0.0218544447901999	-0.0218544447901999	1	300	A25	C1	1000	10000	0	0.5	300	0.1
110	-0.02150231449395	-0.02150231449395	0	0.452	0.431	-0.02150231449395	-0.02150231449395	FGr	300	A25	C1	1000	10000	0	0.5	300	0.1
111	-0.00139059128465002	-0.00139059128465004	0	0.952	0.958	-0.00139059128465002	-0.00139059128465004	NoCorrection	300	A25	C1	1000	10000	0	0.5	300	0.1
112	-0.03268113768315	-0.03268113768315	0	0.304	0.264	-0.03268113768315	-0.03268113768315	ID	300	A25	C1	1000	10000	0	0.5	300	0.1
113	-0.0118262625600501	-0.0382778091750001	0	0.738	0.403	-0.0118262625600501	-0.0382778091750001	1	1000	A25	C1	1000	10000	0	0.5	300	0
114	-0.0276083455305	-0.0933699304950001	0	0.381	0.046	-0.0276083455305	-0.0933699304950001	FGr	1000	A25	C1	1000	10000	0	0.5	300	0
115	-0.00747635180280003	-0.0221158546099999	0	0.778	0.617	-0.00747635180280003	-0.0221158546099999	NoCorrection	1000	A25	C1	1000	10000	0	0.5	300	0
116	-0.00621422120810002	-0.020808208155	0	0.84	0.637	-0.00621422120810002	-0.020808208155	ID	1000	A25	C1	1000	10000	0	0.5	300	0
117	-0.0221128474501499	-0.00229691183499915	0	0.356	0.951	-0.0221128474501499	-0.00229691183499915	1	1000	A25	C1	1000	10000	0	0.5	300	0.01
118	-0.0214956546123999	0.00839424020500011	0	0.388	0.834	-0.0214956546123999	0.00839424020500011	FGr	1000	A25	C1	1000	10000	0	0.5	300	0.01
119	-0.0408885177814245	-0.0532173888349999	0	0.079	0.204	-0.0408885177814245	-0.0532173888349999	NoCorrection	1000	A25	C1	1000	10000	0	0.5	300	0.01
120	-0.0281851305069002	-0.0247983442400003	0	0.257	0.564	-0.0281851305069002	-0.0247983442400003	ID	1000	A25	C1	1000	10000	0	0.5	300	0.01
121	-0.0130283931105999	0.0265281254000002	0	0.62	0.517	-0.0130283931105999	0.0265281254000002	1	1000	A25	C1	1000	10000	0	0.5	300	0.03
122	-0.0227601476827002	0.0038011898500003	0	0.383	0.928	-0.0227601476827002	0.0038011898500003	FGr	1000	A25	C1	1000	10000	0	0.5	300	0.03
123	-0.0341369105647699	-0.0114324531099998	0	0.166	0.781	-0.0341369105647699	-0.0114324531099998	NoCorrection	1000	A25	C1	1000	10000	0	0.5	300	0.03
124	-0.0155857553056103	0.0193594182499998	0	0.532	0.634	-0.0155857553056103	0.0193594182499998	ID	1000	A25	C1	1000	10000	0	0.5	300	0.03
125	0.0231559451774999	0.0227253640049994	0	0.345	0.545	0.0231559451774999	0.0227253640049994	1	1000	A25	C1	1000	10000	0	0.5	300	0.1
126	0.0453256601100001	0.0709519026299994	0	0.068	0.074	0.0453256601100001	0.0709519026299994	FGr	1000	A25	C1	1000	10000	0	0.5	300	0.1
127	0.0818039394830001	0.184037091265	0	0.002	0	0.0818039394830001	0.184037091265	NoCorrection	1000	A25	C1	1000	10000	0	0.5	300	0.1
128	0.0225299678555498	0.0216725239050004	0	0.345	0.58	0.0225299678555498	0.0216725239050004	ID	1000	A25	C1	1000	10000	0	0.5	300	0.1
129	0.0272683708974999	0.118470764900001	0	0.238	0.123	0.0272683708974999	0.118470764900001	1	10000	A25	C1	1000	10000	0	0.5	300	0
130	0.0281791617321002	0.1235493121	0	0.217	0.085	0.0281791617321002	0.1235493121	FGr	10000	A25	C1	1000	10000	0	0.5	300	0
131	0.0498574406970503	0.246689658575	0	0.032	0	0.0498574406970503	0.246689658575	NoCorrection	10000	A25	C1	1000	10000	0	0.5	300	0
132	0.0271825021976879	0.118341821450001	0	0.25	0.119	0.0271825021976879	0.118341821450001	ID	10000	A25	C1	1000	10000	0	0.5	300	0
133	-0.000484631830149965	0.0666260875600015	0	0.989	0.258	-0.000484631830149965	0.0666260875600015	1	10000	A25	C1	1000	10000	0	0.5	300	0.01
134	0.000394132655649926	0.0768852724699985	0	0.988	0.175	0.000394132655649926	0.0768852724699985	FGr	10000	A25	C1	1000	10000	0	0.5	300	0.01
135	0.0198196347795	0.13637584145	0	0.372	0.01	0.0198196347795	0.13637584145	NoCorrection	10000	A25	C1	1000	10000	0	0.5	300	0.01
136	0.000140155879550074	0.0773151144200005	0	0.996	0.201	0.000140155879550074	0.0773151144200005	ID	10000	A25	C1	1000	10000	0	0.5	300	0.01
137	-0.0323567676179002	0.0382418484500003	0	0.193	0.557	-0.0323567676179002	0.0382418484500003	1	10000	A25	C1	1000	10000	0	0.5	300	0.03
138	-0.0301635102874687	0.0461686364700002	0	0.205	0.478	-0.0301635102874687	0.0461686364700002	FGr	10000	A25	C1	1000	10000	0	0.5	300	0.03
139	-0.0208086412777503	0.0930571270799997	0	0.379	0.168	-0.0208086412777503	0.0930571270799997	NoCorrection	10000	A25	C1	1000	10000	0	0.5	300	0.03
140	-0.0274493599085998	0.0582946802049998	0	0.264	0.385	-0.0274493599085998	0.0582946802049998	ID	10000	A25	C1	1000	10000	0	0.5	300	0.03
141	-0.0703152813183496	-0.0251433620449999	0	0.008	0.74	-0.0703152813183496	-0.0251433620449999	1	10000	A25	C1	1000	10000	0	0.5	300	0.1
142	-0.0678292983031007	-0.0189996318999999	0	0.011	0.795	-0.0678292983031007	-0.0189996318999999	FGr	10000	A25	C1	1000	10000	0	0.5	300	0.1
143	-0.0105250527822991	0.309767086624999	0	0.687	0	-0.0105250527822991	0.309767086624999	NoCorrection	10000	A25	C1	1000	10000	0	0.5	300	0.1
144	-0.0732187212428294	-0.026751521205	0	0.003	0.697	-0.0732187212428294	-0.026751521205	ID	10000	A25	C1	1000	10000	0	0.5	300	0.1
145	0.0142702997775	0.0142702997775	0	0.259	0.246	0.0142702997775	0.0142702997775	1	300	A25	C1	10000	100	0	0.5	300	0
146	0.009565570305	0.009565570305	0	0.415	0.446	0.009565570305	0.009565570305	FGr	300	A25	C1	10000	100	0	0.5	300	0
147	0.0091322048405	0.0091322048405	0	0.455	0.455	0.0091322048405	0.0091322048405	NoCorrection	300	A25	C1	10000	100	0	0.5	300	0
148	0.015658139447	0.015658139447	0	0.189	0.221	0.015658139447	0.015658139447	ID	300	A25	C1	10000	100	0	0.5	300	0
149	0.002342099852	0.002342099852	0	0.87	0.848	0.002342099852	0.002342099852	1	300	A25	C1	10000	100	0	0.5	300	0.01
150	0.01482990998	0.01482990998	0	0.292	0.276	0.01482990998	0.01482990998	FGr	300	A25	C1	10000	100	0	0.5	300	0.01
151	0.0146648437075	0.0146648437075	0	0.297	0.279	0.0146648437075	0.0146648437075	NoCorrection	300	A25	C1	10000	100	0	0.5	300	0.01
152	0.0052450256041	0.0052450256041	0	0.717	0.693	0.0052450256041	0.0052450256041	ID	300	A25	C1	10000	100	0	0.5	300	0.01
153	0.011106362509	0.011106362509	0	0.346	0.322	0.011106362509	0.011106362509	1	300	A25	C1	10000	100	0	0.5	300	0.03
154	0.01062968513965	0.01062968513965	0	0.343	0.351	0.01062968513965	0.01062968513965	FGr	300	A25	C1	10000	100	0	0.5	300	0.03
155	0.01572921193	0.01572921193	0	0.165	0.196	0.01572921193	0.01572921193	NoCorrection	300	A25	C1	10000	100	0	0.5	300	0.03
156	0.00994569997199999	0.00994569997200001	0	0.368	0.372	0.00994569997199999	0.00994569997200001	ID	300	A25	C1	10000	100	0	0.5	300	0.03
157	-0.009607739533	-0.00960773953299999	0	0.417	0.434	-0.009607739533	-0.00960773953299999	1	300	A25	C1	10000	100	0	0.5	300	0.1
158	0.014256388192	0.014256388192	0	0.255	0.235	0.014256388192	0.014256388192	FGr	300	A25	C1	10000	100	0	0.5	300	0.1
159	0.0193882369	0.0193882369	0	0.125	0.154	0.0193882369	0.0193882369	NoCorrection	300	A25	C1	10000	100	0	0.5	300	0.1
160	-0.013645042594	-0.013645042594	0	0.267	0.23	-0.013645042594	-0.013645042594	ID	300	A25	C1	10000	100	0	0.5	300	0.1
161	0.0131653050105	-0.0080014635	0	0.298	0.729	0.0131653050105	-0.0080014635	1	1000	A25	C1	10000	100	0	0.5	300	0
162	0.022353496275	0.016646339	0	0.101	0.461	0.022353496275	0.016646339	FGr	1000	A25	C1	10000	100	0	0.5	300	0
163	0.01998154551	0.011554177	0	0.117	0.607	0.01998154551	0.011554177	NoCorrection	1000	A25	C1	10000	100	0	0.5	300	0
164	0.0161630391804	-0.00214331250000001	0	0.212	0.933	0.0161630391804	-0.00214331250000001	ID	1000	A25	C1	10000	100	0	0.5	300	0
165	0.02025317382	0.0167660545	0	0.152	0.431	0.02025317382	0.0167660545	1	1000	A25	C1	10000	100	0	0.5	300	0.01
166	0.0105636114	-0.0072581145	0	0.45	0.719	0.0105636114	-0.0072581145	FGr	1000	A25	C1	10000	100	0	0.5	300	0.01
167	0.00382347322349999	-0.017173911	0	0.793	0.407	0.00382347322349999	-0.017173911	NoCorrection	1000	A25	C1	10000	100	0	0.5	300	0.01
168	0.018090648565	0.010563423	0	0.173	0.602	0.018090648565	0.010563423	ID	1000	A25	C1	10000	100	0	0.5	300	0.01
169	0.0033910716735	0.00966944950000002	0	0.805	0.619	0.0033910716735	0.00966944950000002	1	1000	A25	C1	10000	100	0	0.5	300	0.03
170	0.003423327377	0.00981777900000001	0	0.797	0.643	0.003423327377	0.00981777900000001	FGr	1000	A25	C1	10000	100	0	0.5	300	0.03
171	0.02048899995	0.032478928	0	0.103	0.108	0.02048899995	0.032478928	NoCorrection	1000	A25	C1	10000	100	0	0.5	300	0.03
172	0.003412698442	0.0105243355	0	0.808	0.571	0.003412698442	0.0105243355	ID	1000	A25	C1	10000	100	0	0.5	300	0.03
173	-0.00527920694100002	-0.0214279775	0	0.618	0.275	-0.00527920694100002	-0.0214279775	1	1000	A25	C1	10000	100	0	0.5	300	0.1
174	0.00675331670300002	0.016296699	0	0.552	0.412	0.00675331670300002	0.016296699	FGr	1000	A25	C1	10000	100	0	0.5	300	0.1
175	0.03286121817	0.073020694	0	0.015	0	0.03286121817	0.073020694	NoCorrection	1000	A25	C1	10000	100	0	0.5	300	0.1
176	-0.00747323117649999	-0.0257841805	0	0.507	0.218	-0.00747323117649999	-0.0257841805	ID	1000	A25	C1	10000	100	0	0.5	300	0.1
177	0.002835230462	-0.0052183965	0	0.818	0.861	0.002835230462	-0.0052183965	1	10000	A25	C1	10000	100	0	0.5	300	0
178	0.002742353544	-0.00524138650000002	0	0.809	0.87	0.002742353544	-0.00524138650000002	FGr	10000	A25	C1	10000	100	0	0.5	300	0
179	0.00387462198000001	0.000624418999999983	0	0.683	0.986	0.00387462198000001	0.000624418999999983	NoCorrection	10000	A25	C1	10000	100	0	0.5	300	0
180	0.00330961654399999	-0.00476990799999996	0	0.742	0.871	0.00330961654399999	-0.00476990799999996	ID	10000	A25	C1	10000	100	0	0.5	300	0
181	-0.00908277485849999	-0.0538824475	0	0.456	0.082	-0.00908277485849999	-0.0538824475	1	10000	A25	C1	10000	100	0	0.5	300	0.01
182	-0.00862574696	-0.049350596	0	0.475	0.103	-0.00862574696	-0.049350596	FGr	10000	A25	C1	10000	100	0	0.5	300	0.01
183	-0.00701508932499999	-0.041673909	0	0.551	0.148	-0.00701508932499999	-0.041673909	NoCorrection	10000	A25	C1	10000	100	0	0.5	300	0.01
184	-0.00918786364	-0.054021965	0	0.456	0.072	-0.00918786364	-0.054021965	ID	10000	A25	C1	10000	100	0	0.5	300	0.01
185	0.00689733759500001	-0.00561832650000001	0	0.593	0.839	0.00689733759500001	-0.00561832650000001	1	10000	A25	C1	10000	100	0	0.5	300	0.03
186	0.00464451328500002	-0.0141825415	0	0.699	0.64	0.00464451328500002	-0.0141825415	FGr	10000	A25	C1	10000	100	0	0.5	300	0.03
187	0.00693362100000001	-0.00815790150000002	0	0.572	0.769	0.00693362100000001	-0.00815790150000002	NoCorrection	10000	A25	C1	10000	100	0	0.5	300	0.03
188	0.0063431150541	-0.00853038200000002	0	0.615	0.785	0.0063431150541	-0.00853038200000002	ID	10000	A25	C1	10000	100	0	0.5	300	0.03
189	-0.000640210443500003	-0.027653224	0	0.97	0.31	-0.000640210443500003	-0.027653224	1	10000	A25	C1	10000	100	0	0.5	300	0.1
190	0.000275321412250008	-0.0257646035	0	0.984	0.352	0.000275321412250008	-0.0257646035	FGr	10000	A25	C1	10000	100	0	0.5	300	0.1
191	0.030089454135	0.205889243	0	0.027	0	0.030089454135	0.205889243	NoCorrection	10000	A25	C1	10000	100	0	0.5	300	0.1
192	-0.000691628794999996	-0.027715807	0	0.942	0.299	-0.000691628794999996	-0.027715807	ID	10000	A25	C1	10000	100	0	0.5	300	0.1
193	-0.003809009452	-0.003809009452	0	0.677	0.684	-0.003809009452	-0.003809009452	1	300	A25	C1	10000	1000	0	0.5	300	0
194	-0.005556673489	-0.005556673489	0	0.553	0.564	-0.005556673489	-0.005556673489	FGr	300	A25	C1	10000	1000	0	0.5	300	0
195	-0.00494353313869999	-0.00494353313870001	0	0.601	0.625	-0.00494353313869999	-0.00494353313870001	NoCorrection	300	A25	C1	10000	1000	0	0.5	300	0
196	-0.00753560532600001	-0.00753560532600002	0	0.403	0.419	-0.00753560532600001	-0.00753560532600002	ID	300	A25	C1	10000	1000	0	0.5	300	0
197	0.0069304985531	0.00693049855309999	0	0.463	0.462	0.0069304985531	0.00693049855309999	1	300	A25	C1	10000	1000	0	0.5	300	0.01
198	0.00216735068769999	0.00216735068769999	0	0.83	0.821	0.00216735068769999	0.00216735068769999	FGr	300	A25	C1	10000	1000	0	0.5	300	0.01
199	0.00471259198830001	0.00471259198830001	0	0.6	0.628	0.00471259198830001	0.00471259198830001	NoCorrection	300	A25	C1	10000	1000	0	0.5	300	0.01
200	0.0044736369065	0.00447363690649998	0	0.65	0.64	0.0044736369065	0.00447363690649998	ID	300	A25	C1	10000	1000	0	0.5	300	0.01
201	-0.0061688805033	-0.00616888050329997	0	0.472	0.483	-0.0061688805033	-0.00616888050329997	1	300	A25	C1	10000	1000	0	0.5	300	0.03
202	-0.013712964377	-0.013712964377	0	0.094	0.123	-0.013712964377	-0.013712964377	FGr	300	A25	C1	10000	1000	0	0.5	300	0.03
203	-0.01630846518365	-0.01630846518365	0	0.061	0.07	-0.01630846518365	-0.01630846518365	NoCorrection	300	A25	C1	10000	1000	0	0.5	300	0.03
204	-0.00635736518550003	-0.00635736518550002	0	0.443	0.441	-0.00635736518550003	-0.00635736518550002	ID	300	A25	C1	10000	1000	0	0.5	300	0.03
205	-0.00546542002390002	-0.00546542002390001	0	0.597	0.595	-0.00546542002390002	-0.00546542002390001	1	300	A25	C1	10000	1000	0	0.5	300	0.1
206	0.0123080428285	0.0123080428285	0	0.239	0.218	0.0123080428285	0.0123080428285	FGr	300	A25	C1	10000	1000	0	0.5	300	0.1
207	0.021902404174	0.021902404174	0	0.035	0.036	0.021902404174	0.021902404174	NoCorrection	300	A25	C1	10000	1000	0	0.5	300	0.1
208	-0.0107235138416	-0.0107235138415999	0	0.293	0.284	-0.0107235138416	-0.0107235138415999	ID	300	A25	C1	10000	1000	0	0.5	300	0.1
209	-0.00151007687400001	0.00729676920000003	0	0.867	0.652	-0.00151007687400001	0.00729676920000003	1	1000	A25	C1	10000	1000	0	0.5	300	0
210	-0.00766819452699998	-0.00430257234999998	0	0.365	0.774	-0.00766819452699998	-0.00430257234999998	FGr	1000	A25	C1	10000	1000	0	0.5	300	0
211	-0.00871777813420001	-0.00534201205	0	0.293	0.727	-0.00871777813420001	-0.00534201205	NoCorrection	1000	A25	C1	10000	1000	0	0.5	300	0
212	0.000615716481000013	0.00987640630000008	0	0.941	0.511	0.000615716481000013	0.00987640630000008	ID	1000	A25	C1	10000	1000	0	0.5	300	0
213	0.00546526772049999	-0.0216978863999999	0	0.486	0.132	0.00546526772049999	-0.0216978863999999	1	1000	A25	C1	10000	1000	0	0.5	300	0.01
214	0.01151623837957	-0.01000121765	0	0.132	0.461	0.01151623837957	-0.01000121765	FGr	1000	A25	C1	10000	1000	0	0.5	300	0.01
215	0.0152992894935	-0.00445037024999997	0	0.054	0.759	0.0152992894935	-0.00445037024999997	NoCorrection	1000	A25	C1	10000	1000	0	0.5	300	0.01
216	0.0080461063232	-0.0182931323999999	0	0.318	0.188	0.0080461063232	-0.0182931323999999	ID	1000	A25	C1	10000	1000	0	0.5	300	0.01
217	-0.00146807515600004	0.00580261495000004	0	0.862	0.667	-0.00146807515600004	0.00580261495000004	1	1000	A25	C1	10000	1000	0	0.5	300	0.03
218	0.00974399600899999	0.04118323945	0	0.229	0.004	0.00974399600899999	0.04118323945	FGr	1000	A25	C1	10000	1000	0	0.5	300	0.03
219	0.0201716293425	0.0624156018000001	0	0.011	0	0.0201716293425	0.0624156018000001	NoCorrection	1000	A25	C1	10000	1000	0	0.5	300	0.03
220	0.000438591677000038	0.0129093337000001	0	0.954	0.345	0.000438591677000038	0.0129093337000001	ID	1000	A25	C1	10000	1000	0	0.5	300	0.03
221	-0.00257891725355	-0.0194987306999999	0	0.766	0.156	-0.00257891725355	-0.0194987306999999	1	1000	A25	C1	10000	1000	0	0.5	300	0.1
222	0.00898800045203999	0.0142653806499999	0	0.266	0.332	0.00898800045203999	0.0142653806499999	FGr	1000	A25	C1	10000	1000	0	0.5	300	0.1
223	0.0466503097695	0.12299723855	0	0	0	0.0466503097695	0.12299723855	NoCorrection	1000	A25	C1	10000	1000	0	0.5	300	0.1
224	-0.000166913027600003	-0.01180651915	0	0.981	0.373	-0.000166913027600003	-0.01180651915	ID	1000	A25	C1	10000	1000	0	0.5	300	0.1
225	-0.00336680424286505	0.04781144695	0	0.705	0.032	-0.00336680424286505	0.04781144695	1	10000	A25	C1	10000	1000	0	0.5	300	0
226	-0.00484570489800005	0.0449110393000001	0	0.598	0.045	-0.00484570489800005	0.0449110393000001	FGr	10000	A25	C1	10000	1000	0	0.5	300	0
227	3.54473685000444e-05	0.06458582995	0	0.994	0.001	3.54473685000444e-05	0.06458582995	NoCorrection	10000	A25	C1	10000	1000	0	0.5	300	0
228	-0.00361328959249995	0.0476515946	0	0.725	0.023	-0.00361328959249995	0.0476515946	ID	10000	A25	C1	10000	1000	0	0.5	300	0
229	-0.000744546052499969	-0.0084439792	0	0.928	0.693	-0.000744546052499969	-0.0084439792	1	10000	A25	C1	10000	1000	0	0.5	300	0.01
230	-5.83020467499731e-05	-0.0028927803	0	0.99	0.903	-5.83020467499731e-05	-0.0028927803	FGr	10000	A25	C1	10000	1000	0	0.5	300	0.01
231	0.013755145328	0.0805322045000001	0	0.107	0.001	0.013755145328	0.0805322045000001	NoCorrection	10000	A25	C1	10000	1000	0	0.5	300	0.01
232	-0.000317285088000003	-0.00439260050000001	0	0.963	0.84	-0.000317285088000003	-0.00439260050000001	ID	10000	A25	C1	10000	1000	0	0.5	300	0.01
233	0.00801069430049997	0.03351260035	0	0.343	0.141	0.00801069430049997	0.03351260035	1	10000	A25	C1	10000	1000	0	0.5	300	0.03
234	0.00900327199150002	0.034965841	0	0.293	0.117	0.00900327199150002	0.034965841	FGr	10000	A25	C1	10000	1000	0	0.5	300	0.03
235	0.0249307408505	0.1270265377	0	0.009	0	0.0249307408505	0.1270265377	NoCorrection	10000	A25	C1	10000	1000	0	0.5	300	0.03
236	0.00807387839949996	0.0348937730500001	0	0.341	0.12	0.00807387839949996	0.0348937730500001	ID	10000	A25	C1	10000	1000	0	0.5	300	0.03
237	-0.0112219348005	-0.00107477385000001	0	0.184	0.969	-0.0112219348005	-0.00107477385000001	1	10000	A25	C1	10000	1000	0	0.5	300	0.1
238	-0.0076662960705	0.01806892805	0	0.345	0.461	-0.0076662960705	0.01806892805	FGr	10000	A25	C1	10000	1000	0	0.5	300	0.1
239	0.03139948943895	0.23171200505	0	0.002	0	0.03139948943895	0.23171200505	NoCorrection	10000	A25	C1	10000	1000	0	0.5	300	0.1
240	-0.011041760397	0.000629187149999955	0	0.197	0.984	-0.011041760397	0.000629187149999955	ID	10000	A25	C1	10000	1000	0	0.5	300	0.1
241	-0.00608232818286999	-0.00608232818286999	0	0.418	0.437	-0.00608232818286999	-0.00608232818286999	1	300	A25	C1	10000	10000	0	0.5	300	0
242	-0.0073580857181048	-0.00735808571810482	0	0.352	0.343	-0.0073580857181048	-0.00735808571810482	FGr	300	A25	C1	10000	10000	0	0.5	300	0
243	-0.0134533446346801	-0.01345334463468	0	0.078	0.088	-0.0134533446346801	-0.01345334463468	NoCorrection	300	A25	C1	10000	10000	0	0.5	300	0
244	-0.00294126812972992	-0.00294126812972992	0	0.695	0.692	-0.00294126812972992	-0.00294126812972992	ID	300	A25	C1	10000	10000	0	0.5	300	0
245	-0.003315515000957	-0.00331551500095698	0	0.689	0.699	-0.003315515000957	-0.00331551500095698	1	300	A25	C1	10000	10000	0	0.5	300	0.01
246	0.000165781051260018	0.000165781051259999	0	0.989	0.984	0.000165781051260018	0.000165781051259999	FGr	300	A25	C1	10000	10000	0	0.5	300	0.01
247	-0.00357749003533145	-0.00357749003533146	0	0.674	0.64	-0.00357749003533145	-0.00357749003533146	NoCorrection	300	A25	C1	10000	10000	0	0.5	300	0.01
248	0.00156819978440004	0.00156819978440005	0	0.856	0.861	0.00156819978440004	0.00156819978440005	ID	300	A25	C1	10000	10000	0	0.5	300	0.01
249	0.00911382250759799	0.00911382250759801	0	0.278	0.292	0.00911382250759799	0.00911382250759801	1	300	A25	C1	10000	10000	0	0.5	300	0.03
250	0.0152547635558135	0.0152547635558135	0	0.067	0.068	0.0152547635558135	0.0152547635558135	FGr	300	A25	C1	10000	10000	0	0.5	300	0.03
251	0.0236491907270499	0.0236491907270499	0	0.002	0.005	0.0236491907270499	0.0236491907270499	NoCorrection	300	A25	C1	10000	10000	0	0.5	300	0.03
252	0.012995180541	0.012995180541	0	0.117	0.11	0.012995180541	0.012995180541	ID	300	A25	C1	10000	10000	0	0.5	300	0.03
253	0.000128584218949941	0.000128584218949898	0	0.983	0.986	0.000128584218949941	0.000128584218949898	1	300	A25	C1	10000	10000	0	0.5	300	0.1
254	0.0300368321671998	0.0300368321671998	0	0.001	0.001	0.0300368321671998	0.0300368321671998	FGr	300	A25	C1	10000	10000	0	0.5	300	0.1
255	0.0447094781473501	0.0447094781473501	0	0	0	0.0447094781473501	0.0447094781473501	NoCorrection	300	A25	C1	10000	10000	0	0.5	300	0.1
256	0.00386677001989997	0.00386677001989994	0	0.654	0.671	0.00386677001989997	0.00386677001989994	ID	300	A25	C1	10000	10000	0	0.5	300	0.1
257	0.00236665234655003	0.000929653020000024	0	0.807	0.953	0.00236665234655003	0.000929653020000024	1	1000	A25	C1	10000	10000	0	0.5	300	0
258	0.00846131262430004	0.0151085857849999	0	0.392	0.326	0.00846131262430004	0.0151085857849999	FGr	1000	A25	C1	10000	10000	0	0.5	300	0
259	0.0139512350936501	0.0237165056100001	0	0.176	0.111	0.0139512350936501	0.0237165056100001	NoCorrection	1000	A25	C1	10000	10000	0	0.5	300	0
260	0.00609222529845996	0.00980518349500008	0	0.545	0.529	0.00609222529845996	0.00980518349500008	ID	1000	A25	C1	10000	10000	0	0.5	300	0
261	0.0008287717444	0.00559621865499973	0	0.93	0.687	0.0008287717444	0.00559621865499973	1	1000	A25	C1	10000	10000	0	0.5	300	0.01
262	-0.000733154800950015	0.00151631053999951	0	0.943	0.913	-0.000733154800950015	0.00151631053999951	FGr	1000	A25	C1	10000	10000	0	0.5	300	0.01
263	0.01653494147278	0.0381420001899998	0	0.111	0.011	0.01653494147278	0.0381420001899998	NoCorrection	1000	A25	C1	10000	10000	0	0.5	300	0.01
264	0.00230746304807997	0.00915810269000011	0	0.826	0.519	0.00230746304807997	0.00915810269000011	ID	1000	A25	C1	10000	10000	0	0.5	300	0.01
265	-0.00231327554477995	-0.0122217817300002	0	0.828	0.441	-0.00231327554477995	-0.0122217817300002	1	1000	A25	C1	10000	10000	0	0.5	300	0.03
266	-0.00428584121670196	-0.016061643235	0	0.685	0.269	-0.00428584121670196	-0.016061643235	FGr	1000	A25	C1	10000	10000	0	0.5	300	0.03
267	-0.00433720055826501	-0.0165129173700002	0	0.643	0.263	-0.00433720055826501	-0.0165129173700002	NoCorrection	1000	A25	C1	10000	10000	0	0.5	300	0.03
268	-0.00378107802511499	-0.0156374530250002	0	0.714	0.315	-0.00378107802511499	-0.0156374530250002	ID	1000	A25	C1	10000	10000	0	0.5	300	0.03
269	-0.00557065138584509	-0.00964103477000002	0	0.58	0.476	-0.00557065138584509	-0.00964103477000002	1	1000	A25	C1	10000	10000	0	0.5	300	0.1
270	0.00664016119186492	0.020579333305	0	0.533	0.129	0.00664016119186492	0.020579333305	FGr	1000	A25	C1	10000	10000	0	0.5	300	0.1
271	0.03127012336915	0.0762989211250001	0	0.003	0	0.03127012336915	0.0762989211250001	NoCorrection	1000	A25	C1	10000	10000	0	0.5	300	0.1
272	-0.00871625577677992	-0.0173210907400002	0	0.382	0.204	-0.00871625577677992	-0.0173210907400002	ID	1000	A25	C1	10000	10000	0	0.5	300	0.1
273	-0.000958559800450063	-0.0173116493749999	0	0.917	0.429	-0.000958559800450063	-0.0173116493749999	1	10000	A25	C1	10000	10000	0	0.5	300	0
274	-0.00143444111424999	-0.0238533462499998	0	0.87	0.285	-0.00143444111424999	-0.0238533462499998	FGr	10000	A25	C1	10000	10000	0	0.5	300	0
275	-0.00647579251402503	-0.05551152217	0	0.471	0.01	-0.00647579251402503	-0.05551152217	NoCorrection	10000	A25	C1	10000	10000	0	0.5	300	0
276	-0.0014412344723	-0.0226509620550005	0	0.858	0.296	-0.0014412344723	-0.0226509620550005	ID	10000	A25	C1	10000	10000	0	0.5	300	0
277	-0.00305784598094992	0.0144231765750002	0	0.728	0.499	-0.00305784598094992	0.0144231765750002	1	10000	A25	C1	10000	10000	0	0.5	300	0.01
278	-0.00354463998590009	0.012293971835	0	0.652	0.545	-0.00354463998590009	0.012293971835	FGr	10000	A25	C1	10000	10000	0	0.5	300	0.01
279	0.00856453684425022	0.0708846572399998	0	0.3	0.002	0.00856453684425022	0.0708846572399998	NoCorrection	10000	A25	C1	10000	10000	0	0.5	300	0.01
280	-0.00276584222570034	0.0170027917049999	0	0.715	0.447	-0.00276584222570034	0.0170027917049999	ID	10000	A25	C1	10000	10000	0	0.5	300	0.01
281	0.00694522016385022	0.0171295686350001	0	0.373	0.373	0.00694522016385022	0.0171295686350001	1	10000	A25	C1	10000	10000	0	0.5	300	0.03
282	0.00660722729981991	0.0171627396199999	0	0.356	0.34	0.00660722729981991	0.0171627396199999	FGr	10000	A25	C1	10000	10000	0	0.5	300	0.03
283	0.0258332931320649	0.129913463995	0	0.001	0	0.0258332931320649	0.129913463995	NoCorrection	10000	A25	C1	10000	10000	0	0.5	300	0.03
284	0.00673703143235003	0.015853465855	0	0.366	0.383	0.00673703143235003	0.015853465855	ID	10000	A25	C1	10000	10000	0	0.5	300	0.03
285	0.00874719298118504	0.0207725989550001	0	0.317	0.319	0.00874719298118504	0.0207725989550001	1	10000	A25	C1	10000	10000	0	0.5	300	0.1
286	0.0105932671340999	0.037018620005	0	0.21	0.081	0.0105932671340999	0.037018620005	FGr	10000	A25	C1	10000	10000	0	0.5	300	0.1
287	0.038255794336355	0.175096674415	0	0	0	0.038255794336355	0.175096674415	NoCorrection	10000	A25	C1	10000	10000	0	0.5	300	0.1
288	0.00948068776848994	0.0255116255200001	0	0.247	0.213	0.00948068776848994	0.0255116255200001	ID	10000	A25	C1	10000	10000	0	0.5	300	0.1
289	0.02028513815	0.02028513815	0	0.574	0.551	0.02028513815	0.02028513815	1	300	A25	C2	1000	100	0	0.5	300	0
290	0.01649617847	0.01649617847	0	0.649	0.638	0.01649617847	0.01649617847	FGr	300	A25	C2	1000	100	0	0.5	300	0
291	0.0166190509	0.0166190509	0	0.612	0.628	0.0166190509	0.0166190509	NoCorrection	300	A25	C2	1000	100	0	0.5	300	0
292	0.0151304456135	0.0151304456135	0	0.678	0.693	0.0151304456135	0.0151304456135	ID	300	A25	C2	1000	100	0	0.5	300	0
293	-0.00879529986999996	-0.00879529986999999	0	0.809	0.81	-0.00879529986999996	-0.00879529986999999	1	300	A25	C2	1000	100	0	0.5	300	0.01
294	-0.00931639554140008	-0.00931639554140004	0	0.787	0.78	-0.00931639554140008	-0.00931639554140004	FGr	300	A25	C2	1000	100	0	0.5	300	0.01
295	-0.009268435653	-0.00926843565299997	0	0.76	0.778	-0.009268435653	-0.00926843565299997	NoCorrection	300	A25	C2	1000	100	0	0.5	300	0.01
296	-0.00740696726500004	-0.00740696726499998	0	0.833	0.817	-0.00740696726500004	-0.00740696726499998	ID	300	A25	C2	1000	100	0	0.5	300	0.01
297	-0.00230248731999999	-0.00230248732	0	0.956	0.953	-0.00230248731999999	-0.00230248732	1	300	A25	C2	1000	100	0	0.5	300	0.03
298	0.000356895420000009	0.000356895420000001	0	0.994	0.993	0.000356895420000009	0.000356895420000001	FGr	300	A25	C2	1000	100	0	0.5	300	0.03
299	0.00034629442500003	0.000346294424999978	0	0.991	0.994	0.00034629442500003	0.000346294424999978	NoCorrection	300	A25	C2	1000	100	0	0.5	300	0.03
300	-0.00260562306	-0.00260562306000001	0	0.951	0.952	-0.00260562306	-0.00260562306000001	ID	300	A25	C2	1000	100	0	0.5	300	0.03
301	-0.01304291987	-0.01304291987	0	0.727	0.741	-0.01304291987	-0.01304291987	1	300	A25	C2	1000	100	0	0.5	300	0.1
302	-0.00808228356	-0.00808228356	0	0.833	0.844	-0.00808228356	-0.00808228356	FGr	300	A25	C2	1000	100	0	0.5	300	0.1
303	-0.00808489735000001	-0.00808489734999999	0	0.836	0.843	-0.00808489735000001	-0.00808489734999999	NoCorrection	300	A25	C2	1000	100	0	0.5	300	0.1
304	-0.014523392105	-0.014523392105	0	0.717	0.725	-0.014523392105	-0.014523392105	ID	300	A25	C2	1000	100	0	0.5	300	0.1
305	0.0317890768	0.0124076905000001	0	0.284	0.829	0.0317890768	0.0124076905000001	1	1000	A25	C2	1000	100	0	0.5	300	0
306	0.03386555603	0.0198899925	0	0.236	0.669	0.03386555603	0.0198899925	FGr	1000	A25	C2	1000	100	0	0.5	300	0
307	0.0316066368	0.0251368895	0	0.277	0.617	0.0316066368	0.0251368895	NoCorrection	1000	A25	C2	1000	100	0	0.5	300	0
308	0.031815166605	0.023508566	0	0.302	0.615	0.031815166605	0.023508566	ID	1000	A25	C2	1000	100	0	0.5	300	0
309	-0.014235186905	0.00919730100000001	0	0.638	0.863	-0.014235186905	0.00919730100000001	1	1000	A25	C2	1000	100	0	0.5	300	0.01
310	-0.017802206385	0.0129654075	0	0.547	0.823	-0.017802206385	0.0129654075	FGr	1000	A25	C2	1000	100	0	0.5	300	0.01
311	-0.014245253585	0.00548665700000004	0	0.654	0.925	-0.014245253585	0.00548665700000004	NoCorrection	1000	A25	C2	1000	100	0	0.5	300	0.01
312	-0.014246712655	0.00476781799999996	0	0.648	0.926	-0.014246712655	0.00476781799999996	ID	1000	A25	C2	1000	100	0	0.5	300	0.01
313	-0.02752118563435	-0.00118109650000005	0	0.355	0.98	-0.02752118563435	-0.00118109650000005	1	1000	A25	C2	1000	100	0	0.5	300	0.03
314	-0.0249748254149999	0.0230195145000001	0	0.43	0.656	-0.0249748254149999	0.0230195145000001	FGr	1000	A25	C2	1000	100	0	0.5	300	0.03
315	-0.0266653721050001	0.016654084	0	0.41	0.78	-0.0266653721050001	0.016654084	NoCorrection	1000	A25	C2	1000	100	0	0.5	300	0.03
316	-0.0272289975679999	-0.000649439000000047	0	0.374	0.992	-0.0272289975679999	-0.000649439000000047	ID	1000	A25	C2	1000	100	0	0.5	300	0.03
317	-0.018002618544	-0.0141507335	0	0.527	0.803	-0.018002618544	-0.0141507335	1	1000	A25	C2	1000	100	0	0.5	300	0.1
318	-0.01806268258	0.00810822799999998	0	0.544	0.873	-0.01806268258	0.00810822799999998	FGr	1000	A25	C2	1000	100	0	0.5	300	0.1
319	-0.017996149895	0.0081951520000001	0	0.566	0.865	-0.017996149895	0.0081951520000001	NoCorrection	1000	A25	C2	1000	100	0	0.5	300	0.1
320	-0.018055240019	-0.0103604250000001	0	0.544	0.846	-0.018055240019	-0.0103604250000001	ID	1000	A25	C2	1000	100	0	0.5	300	0.1
321	-0.01921386018	-0.1060284375	0	0.572	0.203	-0.01921386018	-0.1060284375	1	10000	A25	C2	1000	100	0	0.5	300	0
322	-0.0193473441805	-0.1071663115	0	0.527	0.23	-0.0193473441805	-0.1071663115	FGr	10000	A25	C2	1000	100	0	0.5	300	0
323	-0.019308719731	-0.103475088	0	0.594	0.225	-0.019308719731	-0.103475088	NoCorrection	10000	A25	C2	1000	100	0	0.5	300	0
324	-0.01918483458	-0.101678581	0	0.572	0.202	-0.01918483458	-0.101678581	ID	10000	A25	C2	1000	100	0	0.5	300	0
325	0.0292893942599	0.085067965	0	0.337	0.302	0.0292893942599	0.085067965	1	10000	A25	C2	1000	100	0	0.5	300	0.01
326	0.029414049015	0.0636238664999998	0	0.353	0.439	0.029414049015	0.0636238664999998	FGr	10000	A25	C2	1000	100	0	0.5	300	0.01
327	0.0293444334927345	0.0720226555000001	0	0.358	0.403	0.0293444334927345	0.0720226555000001	NoCorrection	10000	A25	C2	1000	100	0	0.5	300	0.01
328	0.029384450355	0.0731757475	0	0.355	0.421	0.029384450355	0.0731757475	ID	10000	A25	C2	1000	100	0	0.5	300	0.01
329	0.00477954886199997	0.168891208	0	0.898	0.044	0.00477954886199997	0.168891208	1	10000	A25	C2	1000	100	0	0.5	300	0.03
330	0.00497943536000001	0.1170983935	0	0.883	0.151	0.00497943536000001	0.1170983935	FGr	10000	A25	C2	1000	100	0	0.5	300	0.03
331	0.00487893328500004	0.1523463905	0	0.879	0.07	0.00487893328500004	0.1523463905	NoCorrection	10000	A25	C2	1000	100	0	0.5	300	0.03
332	0.004614552446	0.168454487	0	0.897	0.045	0.004614552446	0.168454487	ID	10000	A25	C2	1000	100	0	0.5	300	0.03
333	0.0440760886735	0.049627407	0	0.206	0.609	0.0440760886735	0.049627407	1	10000	A25	C2	1000	100	0	0.5	300	0.1
334	0.04434789337	0.0222562230000001	0	0.197	0.81	0.04434789337	0.0222562230000001	FGr	10000	A25	C2	1000	100	0	0.5	300	0.1
335	0.04416328411	0.0370217805	0	0.23	0.672	0.04416328411	0.0370217805	NoCorrection	10000	A25	C2	1000	100	0	0.5	300	0.1
336	0.043920439365	0.043235601	0	0.204	0.614	0.043920439365	0.043235601	ID	10000	A25	C2	1000	100	0	0.5	300	0.1
337	0.0053793826235	0.00537938262349999	0	0.801	0.786	0.0053793826235	0.00537938262349999	1	300	A25	C2	1000	1000	0	0.5	300	0
338	0.00618681063240007	0.00618681063240005	0	0.741	0.762	0.00618681063240007	0.00618681063240005	FGr	300	A25	C2	1000	1000	0	0.5	300	0
339	0.00578010143100004	0.00578010143100007	0	0.755	0.782	0.00578010143100004	0.00578010143100007	NoCorrection	300	A25	C2	1000	1000	0	0.5	300	0
340	0.00529171573569998	0.00529171573569996	0	0.788	0.794	0.00529171573569998	0.00529171573569996	ID	300	A25	C2	1000	1000	0	0.5	300	0
341	-0.000469946657000064	-0.000469946657000041	0	0.979	0.981	-0.000469946657000064	-0.000469946657000041	1	300	A25	C2	1000	1000	0	0.5	300	0.01
342	-0.00173104968244996	-0.00173104968244996	0	0.93	0.935	-0.00173104968244996	-0.00173104968244996	FGr	300	A25	C2	1000	1000	0	0.5	300	0.01
343	-0.00193333975950004	-0.00193333975950005	0	0.909	0.935	-0.00193333975950004	-0.00193333975950005	NoCorrection	300	A25	C2	1000	1000	0	0.5	300	0.01
344	-0.00241960360849991	-0.00241960360849992	0	0.917	0.92	-0.00241960360849991	-0.00241960360849992	ID	300	A25	C2	1000	1000	0	0.5	300	0.01
345	-0.011298880638	-0.011298880638	0	0.548	0.571	-0.011298880638	-0.011298880638	1	300	A25	C2	1000	1000	0	0.5	300	0.03
346	-0.012947833505	-0.012947833505	0	0.47	0.488	-0.012947833505	-0.012947833505	FGr	300	A25	C2	1000	1000	0	0.5	300	0.03
347	-0.013073764753	-0.013073764753	0	0.464	0.457	-0.013073764753	-0.013073764753	NoCorrection	300	A25	C2	1000	1000	0	0.5	300	0.03
348	-0.0133760874052001	-0.0133760874052	0	0.48	0.497	-0.0133760874052001	-0.0133760874052	ID	300	A25	C2	1000	1000	0	0.5	300	0.03
349	-0.00677342688500013	-0.00677342688500007	0	0.768	0.772	-0.00677342688500013	-0.00677342688500007	1	300	A25	C2	1000	1000	0	0.5	300	0.1
350	-0.00503698562100001	-0.005036985621	0	0.819	0.83	-0.00503698562100001	-0.005036985621	FGr	300	A25	C2	1000	1000	0	0.5	300	0.1
351	-0.00527095925099999	-0.005270959251	0	0.809	0.817	-0.00527095925099999	-0.005270959251	NoCorrection	300	A25	C2	1000	1000	0	0.5	300	0.1
352	-0.00701615326049997	-0.00701615326049999	0	0.758	0.742	-0.00701615326049997	-0.00701615326049999	ID	300	A25	C2	1000	1000	0	0.5	300	0.1
353	-0.000626137236999993	0.0107350552999999	0	0.973	0.752	-0.000626137236999993	0.0107350552999999	1	1000	A25	C2	1000	1000	0	0.5	300	0
354	-0.00142237022749999	0.0173626935499999	0	0.945	0.609	-0.00142237022749999	0.0173626935499999	FGr	1000	A25	C2	1000	1000	0	0.5	300	0
355	-0.00142735611999999	0.0173299821	0	0.943	0.599	-0.00142735611999999	0.0173299821	NoCorrection	1000	A25	C2	1000	1000	0	0.5	300	0
356	0.000173466909499992	0.0158307805500001	0	0.993	0.639	0.000173466909499992	0.0158307805500001	ID	1000	A25	C2	1000	1000	0	0.5	300	0
357	0.021588599686	0.0408672920999998	0	0.324	0.226	0.021588599686	0.0408672920999998	1	1000	A25	C2	1000	1000	0	0.5	300	0.01
358	0.0222687392625	0.0368910692500001	0	0.335	0.289	0.0222687392625	0.0368910692500001	FGr	1000	A25	C2	1000	1000	0	0.5	300	0.01
359	0.022291223629	0.0382320469500001	0	0.311	0.278	0.022291223629	0.0382320469500001	NoCorrection	1000	A25	C2	1000	1000	0	0.5	300	0.01
360	0.0205167487975	0.0330074682000002	0	0.347	0.344	0.0205167487975	0.0330074682000002	ID	1000	A25	C2	1000	1000	0	0.5	300	0.01
361	0.00915680275099998	0.01922488825	0	0.636	0.535	0.00915680275099998	0.01922488825	1	1000	A25	C2	1000	1000	0	0.5	300	0.03
362	0.00776494601249998	0.0103923866000001	0	0.728	0.757	0.00776494601249998	0.0103923866000001	FGr	1000	A25	C2	1000	1000	0	0.5	300	0.03
363	0.00783758322200003	0.00961948040000017	0	0.72	0.768	0.00783758322200003	0.00961948040000017	NoCorrection	1000	A25	C2	1000	1000	0	0.5	300	0.03
364	0.00937045786349999	0.0176964826	0	0.689	0.59	0.00937045786349999	0.0176964826	ID	1000	A25	C2	1000	1000	0	0.5	300	0.03
365	0.00461316454380003	0.0510446426000002	0	0.844	0.202	0.00461316454380003	0.0510446426000002	1	1000	A25	C2	1000	1000	0	0.5	300	0.1
366	0.00501717249850004	0.04484837535	0	0.84	0.245	0.00501717249850004	0.04484837535	FGr	1000	A25	C2	1000	1000	0	0.5	300	0.1
367	0.00506831327230002	0.04772990625	0	0.837	0.214	0.00506831327230002	0.04772990625	NoCorrection	1000	A25	C2	1000	1000	0	0.5	300	0.1
368	0.00442363590949999	0.04798124775	0	0.844	0.182	0.00442363590949999	0.04798124775	ID	1000	A25	C2	1000	1000	0	0.5	300	0.1
369	0.0222925205525	0.0159693454999999	0	0.337	0.756	0.0222925205525	0.0159693454999999	1	10000	A25	C2	1000	1000	0	0.5	300	0
370	0.0249180110829501	0.0128681370000002	0	0.31	0.794	0.0249180110829501	0.0128681370000002	FGr	10000	A25	C2	1000	1000	0	0.5	300	0
371	0.0248600678292801	0.0249208240499998	0	0.31	0.632	0.0248600678292801	0.0249208240499998	NoCorrection	10000	A25	C2	1000	1000	0	0.5	300	0
372	0.0225386232555002	0.0105554794499998	0	0.374	0.823	0.0225386232555002	0.0105554794499998	ID	10000	A25	C2	1000	1000	0	0.5	300	0
373	0.035787402583	0.0345447067499999	0	0.085	0.468	0.035787402583	0.0345447067499999	1	10000	A25	C2	1000	1000	0	0.5	300	0.01
374	0.03824145044	0.0229939568	0	0.057	0.663	0.03824145044	0.0229939568	FGr	10000	A25	C2	1000	1000	0	0.5	300	0.01
375	0.038180185722	0.0179723092	0	0.049	0.743	0.038180185722	0.0179723092	NoCorrection	10000	A25	C2	1000	1000	0	0.5	300	0.01
376	0.0362317976713999	0.03349075325	0	0.076	0.51	0.0362317976713999	0.03349075325	ID	10000	A25	C2	1000	1000	0	0.5	300	0.01
377	-0.010631053634	-0.0213014744999998	0	0.622	0.688	-0.010631053634	-0.0213014744999998	1	10000	A25	C2	1000	1000	0	0.5	300	0.03
378	-0.0107477333717	-0.005930043	0	0.63	0.898	-0.0107477333717	-0.005930043	FGr	10000	A25	C2	1000	1000	0	0.5	300	0.03
379	-0.010764795761	-0.0199692875	0	0.603	0.682	-0.010764795761	-0.0199692875	NoCorrection	10000	A25	C2	1000	1000	0	0.5	300	0.03
380	-0.0108132518551	-0.0215947674999999	0	0.614	0.662	-0.0108132518551	-0.0215947674999999	ID	10000	A25	C2	1000	1000	0	0.5	300	0.03
381	-0.0113097096425	0.0651041421	0	0.657	0.197	-0.0113097096425	0.0651041421	1	10000	A25	C2	1000	1000	0	0.5	300	0.1
382	-0.01774571671335	0.0605802009499999	0	0.536	0.261	-0.01774571671335	0.0605802009499999	FGr	10000	A25	C2	1000	1000	0	0.5	300	0.1
383	-0.0177551449341	0.0589267262	0	0.524	0.269	-0.0177551449341	0.0589267262	NoCorrection	10000	A25	C2	1000	1000	0	0.5	300	0.1
384	-0.0119354912695	0.0654852234	0	0.644	0.219	-0.0119354912695	0.0654852234	ID	10000	A25	C2	1000	1000	0	0.5	300	0.1
385	-0.0060051509172003	-0.0060051509172003	0	0.684	0.723	-0.0060051509172003	-0.0060051509172003	1	300	A25	C2	1000	10000	0	0.5	300	0
386	-0.00561921738514976	-0.00561921738514976	0	0.743	0.73	-0.00561921738514976	-0.00561921738514976	FGr	300	A25	C2	1000	10000	0	0.5	300	0
387	-0.00589820481649976	-0.00589820481649974	0	0.704	0.699	-0.00589820481649976	-0.00589820481649974	NoCorrection	300	A25	C2	1000	10000	0	0.5	300	0
388	-0.00712096216765992	-0.00712096216765996	0	0.636	0.639	-0.00712096216765992	-0.00712096216765996	ID	300	A25	C2	1000	10000	0	0.5	300	0
389	-0.0115704049329999	-0.0115704049329999	0	0.621	0.636	-0.0115704049329999	-0.0115704049329999	1	300	A25	C2	1000	10000	0	0.5	300	0.01
390	-0.0108282361568502	-0.0108282361568502	0	0.652	0.64	-0.0108282361568502	-0.0108282361568502	FGr	300	A25	C2	1000	10000	0	0.5	300	0.01
391	-0.01131431604685	-0.0113143160468499	0	0.645	0.628	-0.01131431604685	-0.0113143160468499	NoCorrection	300	A25	C2	1000	10000	0	0.5	300	0.01
392	-0.0113383987906501	-0.0113383987906501	0	0.633	0.64	-0.0113383987906501	-0.0113383987906501	ID	300	A25	C2	1000	10000	0	0.5	300	0.01
393	-0.00249730585299956	-0.00249730585299956	0	0.905	0.873	-0.00249730585299956	-0.00249730585299956	1	300	A25	C2	1000	10000	0	0.5	300	0.03
394	-0.00273723731160005	-0.00273723731160004	0	0.89	0.875	-0.00273723731160005	-0.00273723731160004	FGr	300	A25	C2	1000	10000	0	0.5	300	0.03
395	-0.00261720370855053	-0.00261720370855042	0	0.897	0.891	-0.00261720370855053	-0.00261720370855042	NoCorrection	300	A25	C2	1000	10000	0	0.5	300	0.03
396	-0.00216640795020062	-0.00216640795020061	0	0.914	0.914	-0.00216640795020062	-0.00216640795020061	ID	300	A25	C2	1000	10000	0	0.5	300	0.03
397	-0.0179542314027002	-0.0179542314027002	0	0.354	0.348	-0.0179542314027002	-0.0179542314027002	1	300	A25	C2	1000	10000	0	0.5	300	0.1
398	-0.017584601541	-0.017584601541	0	0.347	0.348	-0.017584601541	-0.017584601541	FGr	300	A25	C2	1000	10000	0	0.5	300	0.1
399	-0.0175304100541501	-0.0175304100541502	0	0.357	0.328	-0.0175304100541501	-0.0175304100541502	NoCorrection	300	A25	C2	1000	10000	0	0.5	300	0.1
400	-0.0167494008344999	-0.0167494008344999	0	0.356	0.372	-0.0167494008344999	-0.0167494008344999	ID	300	A25	C2	1000	10000	0	0.5	300	0.1
401	0.0032940268240003	-0.00555874254000004	0	0.876	0.87	0.0032940268240003	-0.00555874254000004	1	1000	A25	C2	1000	10000	0	0.5	300	0
402	0.00268119201479951	0.00986465896	0	0.897	0.732	0.00268119201479951	0.00986465896	FGr	1000	A25	C2	1000	10000	0	0.5	300	0
403	0.00282450746520022	-0.00263404766500024	0	0.905	0.919	0.00282450746520022	-0.00263404766500024	NoCorrection	1000	A25	C2	1000	10000	0	0.5	300	0
404	0.00265946495199979	-0.00392754220999983	0	0.903	0.893	0.00265946495199979	-0.00392754220999983	ID	1000	A25	C2	1000	10000	0	0.5	300	0
405	-0.01594995899568	-0.0496629573350003	0	0.477	0.135	-0.01594995899568	-0.0496629573350003	1	1000	A25	C2	1000	10000	0	0.5	300	0.01
406	-0.0171906309235849	-0.0426612012450001	0	0.435	0.232	-0.0171906309235849	-0.0426612012450001	FGr	1000	A25	C2	1000	10000	0	0.5	300	0.01
407	-0.0170414005289001	-0.0440178507950003	0	0.445	0.214	-0.0170414005289001	-0.0440178507950003	NoCorrection	1000	A25	C2	1000	10000	0	0.5	300	0.01
408	-0.01710242514425	-0.0559045854299998	0	0.416	0.097	-0.01710242514425	-0.0559045854299998	ID	1000	A25	C2	1000	10000	0	0.5	300	0.01
409	0.00747059575466958	0.042982973385	0	0.733	0.166	0.00747059575466958	0.042982973385	1	1000	A25	C2	1000	10000	0	0.5	300	0.03
410	0.00712000109085075	0.0468813749900002	0	0.761	0.128	0.00712000109085075	0.0468813749900002	FGr	1000	A25	C2	1000	10000	0	0.5	300	0.03
411	0.00697064988424995	0.046996380325	0	0.768	0.148	0.00697064988424995	0.046996380325	NoCorrection	1000	A25	C2	1000	10000	0	0.5	300	0.03
412	0.00696647065199986	0.0405330216250002	0	0.737	0.193	0.00696647065199986	0.0405330216250002	ID	1000	A25	C2	1000	10000	0	0.5	300	0.03
413	-0.00471437835339988	-0.0139151025599986	0	0.825	0.72	-0.00471437835339988	-0.0139151025599986	1	1000	A25	C2	1000	10000	0	0.5	300	0.1
414	-0.00363620389749997	-0.0124327158800001	0	0.862	0.719	-0.00363620389749997	-0.0124327158800001	FGr	1000	A25	C2	1000	10000	0	0.5	300	0.1
415	-0.00362727999549996	-0.0123818348299995	0	0.879	0.735	-0.00362727999549996	-0.0123818348299995	NoCorrection	1000	A25	C2	1000	10000	0	0.5	300	0.1
416	-0.00365009305000007	-0.0063788459000009	0	0.869	0.864	-0.00365009305000007	-0.0063788459000009	ID	1000	A25	C2	1000	10000	0	0.5	300	0.1
417	0.0140711428481	0.000194414270000497	0	0.459	0.996	0.0140711428481	0.000194414270000497	1	10000	A25	C2	1000	10000	0	0.5	300	0
418	0.0148708414793	0.0205871060449999	0	0.44	0.651	0.0148708414793	0.0205871060449999	FGr	10000	A25	C2	1000	10000	0	0.5	300	0
419	0.0148852667490001	0.0196181566399995	0	0.471	0.689	0.0148852667490001	0.0196181566399995	NoCorrection	10000	A25	C2	1000	10000	0	0.5	300	0
420	0.01436705846675	0.00387278396500112	0	0.467	0.936	0.01436705846675	0.00387278396500112	ID	10000	A25	C2	1000	10000	0	0.5	300	0
421	0.0026468931711503	0.0497749932550006	0	0.883	0.28	0.0026468931711503	0.0497749932550006	1	10000	A25	C2	1000	10000	0	0.5	300	0.01
422	0.00298500676514951	0.0458374332200001	0	0.895	0.34	0.00298500676514951	0.0458374332200001	FGr	10000	A25	C2	1000	10000	0	0.5	300	0.01
423	0.00282060998200037	0.0475848432299988	0	0.893	0.3	0.00282060998200037	0.0475848432299988	NoCorrection	10000	A25	C2	1000	10000	0	0.5	300	0.01
424	0.00286701233130003	0.0482163877599988	0	0.88	0.312	0.00286701233130003	0.0482163877599988	ID	10000	A25	C2	1000	10000	0	0.5	300	0.01
425	-0.01297711994669	-0.0253877673150001	0	0.467	0.592	-0.01297711994669	-0.0253877673150001	1	10000	A25	C2	1000	10000	0	0.5	300	0.03
426	-0.0122702694632201	-0.0106803539900008	0	0.521	0.82	-0.0122702694632201	-0.0106803539900008	FGr	10000	A25	C2	1000	10000	0	0.5	300	0.03
427	-0.0125380961579502	-0.00680453262499999	0	0.472	0.864	-0.0125380961579502	-0.00680453262499999	NoCorrection	10000	A25	C2	1000	10000	0	0.5	300	0.03
428	-0.0129603253168795	-0.0253433029200001	0	0.47	0.558	-0.0129603253168795	-0.0253433029200001	ID	10000	A25	C2	1000	10000	0	0.5	300	0.03
429	-0.0016952150067499	-0.00758626377999925	0	0.932	0.857	-0.0016952150067499	-0.00758626377999925	1	10000	A25	C2	1000	10000	0	0.5	300	0.1
430	-0.00152424975910009	-0.00278195808499945	0	0.94	0.957	-0.00152424975910009	-0.00278195808499945	FGr	10000	A25	C2	1000	10000	0	0.5	300	0.1
431	-0.00197840687849992	-0.0127687253150008	0	0.918	0.783	-0.00197840687849992	-0.0127687253150008	NoCorrection	10000	A25	C2	1000	10000	0	0.5	300	0.1
432	-0.00136550219711504	0.0051207919799996	0	0.946	0.917	-0.00136550219711504	0.0051207919799996	ID	10000	A25	C2	1000	10000	0	0.5	300	0.1
433	-0.005868661282	-0.005868661282	0	0.681	0.699	-0.005868661282	-0.005868661282	1	300	A25	C2	10000	100	0	0.5	300	0
434	-0.00602546225646999	-0.00602546225646999	0	0.683	0.693	-0.00602546225646999	-0.00602546225646999	FGr	300	A25	C2	10000	100	0	0.5	300	0
435	-0.0060286212655	-0.00602862126550002	0	0.661	0.664	-0.0060286212655	-0.00602862126550002	NoCorrection	300	A25	C2	10000	100	0	0.5	300	0
436	-0.00607452379999999	-0.00607452379999999	0	0.69	0.653	-0.00607452379999999	-0.00607452379999999	ID	300	A25	C2	10000	100	0	0.5	300	0
437	0.015544656399	0.015544656399	0	0.21	0.209	0.015544656399	0.015544656399	1	300	A25	C2	10000	100	0	0.5	300	0.01
438	0.015502102815	0.015502102815	0	0.193	0.236	0.015502102815	0.015502102815	FGr	300	A25	C2	10000	100	0	0.5	300	0.01
439	0.01550223719	0.01550223719	0	0.228	0.201	0.01550223719	0.01550223719	NoCorrection	300	A25	C2	10000	100	0	0.5	300	0.01
440	0.01563162891	0.01563162891	0	0.227	0.238	0.01563162891	0.01563162891	ID	300	A25	C2	10000	100	0	0.5	300	0.01
441	0.005208013396	0.005208013396	0	0.649	0.642	0.005208013396	0.005208013396	1	300	A25	C2	10000	100	0	0.5	300	0.03
442	0.00488462619505	0.00488462619505	0	0.7	0.683	0.00488462619505	0.00488462619505	FGr	300	A25	C2	10000	100	0	0.5	300	0.03
443	0.0048769157125	0.0048769157125	0	0.671	0.695	0.0048769157125	0.0048769157125	NoCorrection	300	A25	C2	10000	100	0	0.5	300	0.03
444	0.00498214964	0.00498214963999999	0	0.672	0.714	0.00498214964	0.00498214963999999	ID	300	A25	C2	10000	100	0	0.5	300	0.03
445	0.011655730383	0.011655730383	0	0.333	0.351	0.011655730383	0.011655730383	1	300	A25	C2	10000	100	0	0.5	300	0.1
446	0.01058993811	0.01058993811	0	0.401	0.416	0.01058993811	0.01058993811	FGr	300	A25	C2	10000	100	0	0.5	300	0.1
447	0.010587187348	0.010587187348	0	0.373	0.374	0.010587187348	0.010587187348	NoCorrection	300	A25	C2	10000	100	0	0.5	300	0.1
448	0.0112367005635	0.0112367005635	0	0.343	0.341	0.0112367005635	0.0112367005635	ID	300	A25	C2	10000	100	0	0.5	300	0.1
449	-0.00939151103300001	0.00577109950000001	0	0.361	0.789	-0.00939151103300001	0.00577109950000001	1	1000	A25	C2	10000	100	0	0.5	300	0
450	-0.008454313561	0.00387009750000003	0	0.436	0.853	-0.008454313561	0.00387009750000003	FGr	1000	A25	C2	10000	100	0	0.5	300	0
451	-0.00843545894850001	0.00551036899999998	0	0.462	0.764	-0.00843545894850001	0.00551036899999998	NoCorrection	1000	A25	C2	10000	100	0	0.5	300	0
452	-0.00924868548999999	0.00480310649999999	0	0.356	0.806	-0.00924868548999999	0.00480310649999999	ID	1000	A25	C2	10000	100	0	0.5	300	0
453	-0.000583632365000035	0.00386744950000001	0	0.951	0.823	-0.000583632365000035	0.00386744950000001	1	1000	A25	C2	10000	100	0	0.5	300	0.01
454	-0.000321532754999995	0.00314180249999999	0	0.972	0.848	-0.000321532754999995	0.00314180249999999	FGr	1000	A25	C2	10000	100	0	0.5	300	0.01
455	-0.000332064740000007	0.0030308035	0	0.978	0.861	-0.000332064740000007	0.0030308035	NoCorrection	1000	A25	C2	10000	100	0	0.5	300	0.01
456	-0.000489713364999997	0.00377496249999999	0	0.969	0.836	-0.000489713364999997	0.00377496249999999	ID	1000	A25	C2	10000	100	0	0.5	300	0.01
457	-0.00678336072	-0.00947269149999999	0	0.561	0.585	-0.00678336072	-0.00947269149999999	1	1000	A25	C2	10000	100	0	0.5	300	0.03
458	-0.006368431354	-0.005120089	0	0.583	0.788	-0.006368431354	-0.005120089	FGr	1000	A25	C2	10000	100	0	0.5	300	0.03
459	-0.00636567226299999	-0.00514320849999999	0	0.589	0.769	-0.00636567226299999	-0.00514320849999999	NoCorrection	1000	A25	C2	10000	100	0	0.5	300	0.03
460	-0.006992987749	-0.011621438	0	0.536	0.497	-0.006992987749	-0.011621438	ID	1000	A25	C2	10000	100	0	0.5	300	0.03
461	0.00863303006300001	-0.01342962	0	0.452	0.482	0.00863303006300001	-0.01342962	1	1000	A25	C2	10000	100	0	0.5	300	0.1
462	0.01059338462	-0.0137598135	0	0.38	0.505	0.01059338462	-0.0137598135	FGr	1000	A25	C2	10000	100	0	0.5	300	0.1
463	0.010575667783	-0.0145439335	0	0.396	0.504	0.010575667783	-0.0145439335	NoCorrection	1000	A25	C2	10000	100	0	0.5	300	0.1
464	0.008984072628	-0.013823389	0	0.389	0.493	0.008984072628	-0.013823389	ID	1000	A25	C2	10000	100	0	0.5	300	0.1
465	-0.0161576785437	0.00252990300000002	0	0.187	0.933	-0.0161576785437	0.00252990300000002	1	10000	A25	C2	10000	100	0	0.5	300	0
466	-0.0147690958762	-0.00448091299999999	0	0.24	0.877	-0.0147690958762	-0.00448091299999999	FGr	10000	A25	C2	10000	100	0	0.5	300	0
467	-0.0147004899195	-0.00464036800000002	0	0.241	0.868	-0.0147004899195	-0.00464036800000002	NoCorrection	10000	A25	C2	10000	100	0	0.5	300	0
468	-0.016463330268	-0.00577426649999999	0	0.164	0.835	-0.016463330268	-0.00577426649999999	ID	10000	A25	C2	10000	100	0	0.5	300	0
469	0.013951497	-0.0356884355	0	0.193	0.169	0.013951497	-0.0356884355	1	10000	A25	C2	10000	100	0	0.5	300	0.01
470	0.014186816818	-0.0255039755	0	0.164	0.324	0.014186816818	-0.0255039755	FGr	10000	A25	C2	10000	100	0	0.5	300	0.01
471	0.01408213917	-0.0285188655	0	0.155	0.263	0.01408213917	-0.0285188655	NoCorrection	10000	A25	C2	10000	100	0	0.5	300	0.01
472	0.013720909135	-0.038684403	0	0.181	0.114	0.013720909135	-0.038684403	ID	10000	A25	C2	10000	100	0	0.5	300	0.01
473	0.00609907285999999	0.00183710900000001	0	0.605	0.952	0.00609907285999999	0.00183710900000001	1	10000	A25	C2	10000	100	0	0.5	300	0.03
474	0.0054835928435	0.00065871200000001	0	0.619	0.979	0.0054835928435	0.00065871200000001	FGr	10000	A25	C2	10000	100	0	0.5	300	0.03
475	0.005669719235	0.004046936	0	0.625	0.878	0.005669719235	0.004046936	NoCorrection	10000	A25	C2	10000	100	0	0.5	300	0.03
476	0.00611370347	0.00185215250000001	0	0.604	0.933	0.00611370347	0.00185215250000001	ID	10000	A25	C2	10000	100	0	0.5	300	0.03
477	-0.01871025731	-0.00981373800000002	0	0.09	0.7	-0.01871025731	-0.00981373800000002	1	10000	A25	C2	10000	100	0	0.5	300	0.1
478	-0.022763679675	-0.00179523349999999	0	0.067	0.944	-0.022763679675	-0.00179523349999999	FGr	10000	A25	C2	10000	100	0	0.5	300	0.1
479	-0.022787824965	-0.00179276149999999	0	0.072	0.943	-0.022787824965	-0.00179276149999999	NoCorrection	10000	A25	C2	10000	100	0	0.5	300	0.1
480	-0.0185535453125001	-0.0123597995	0	0.118	0.635	-0.0185535453125001	-0.0123597995	ID	10000	A25	C2	10000	100	0	0.5	300	0.1
481	0.0087544096255	0.00875440962550001	0	0.208	0.245	0.0087544096255	0.00875440962550001	1	300	A25	C2	10000	1000	0	0.5	300	0
482	0.00928044883800001	0.00928044883800002	0	0.198	0.174	0.00928044883800001	0.00928044883800002	FGr	300	A25	C2	10000	1000	0	0.5	300	0
483	0.00900781342545003	0.00900781342545003	0	0.216	0.221	0.00900781342545003	0.00900781342545003	NoCorrection	300	A25	C2	10000	1000	0	0.5	300	0
484	0.00884389155435001	0.00884389155435	0	0.234	0.211	0.00884389155435001	0.00884389155435	ID	300	A25	C2	10000	1000	0	0.5	300	0
485	-0.000801177188550004	-0.000801177188550006	0	0.889	0.912	-0.000801177188550004	-0.000801177188550006	1	300	A25	C2	10000	1000	0	0.5	300	0.01
486	-0.001145364075875	-0.00114536407587499	0	0.84	0.839	-0.001145364075875	-0.00114536407587499	FGr	300	A25	C2	10000	1000	0	0.5	300	0.01
487	-0.000966466069999995	-0.000966466069999997	0	0.871	0.884	-0.000966466069999995	-0.000966466069999997	NoCorrection	300	A25	C2	10000	1000	0	0.5	300	0.01
488	-0.000573659950000002	-0.000573659949999996	0	0.929	0.935	-0.000573659950000002	-0.000573659949999996	ID	300	A25	C2	10000	1000	0	0.5	300	0.01
489	0.00799140326650002	0.00799140326650001	0	0.275	0.256	0.00799140326650002	0.00799140326650001	1	300	A25	C2	10000	1000	0	0.5	300	0.03
490	0.00782763423199999	0.00782763423199999	0	0.271	0.274	0.00782763423199999	0.00782763423199999	FGr	300	A25	C2	10000	1000	0	0.5	300	0.03
491	0.00784912337150001	0.00784912337150001	0	0.271	0.272	0.00784912337150001	0.00784912337150001	NoCorrection	300	A25	C2	10000	1000	0	0.5	300	0.03
492	0.00783527843829999	0.00783527843829999	0	0.281	0.269	0.00783527843829999	0.00783527843829999	ID	300	A25	C2	10000	1000	0	0.5	300	0.03
493	-0.00150851094069999	-0.0015085109407	0	0.831	0.82	-0.00150851094069999	-0.0015085109407	1	300	A25	C2	10000	1000	0	0.5	300	0.1
494	-0.002924492972	-0.00292449297200001	0	0.711	0.691	-0.002924492972	-0.00292449297200001	FGr	300	A25	C2	10000	1000	0	0.5	300	0.1
495	-0.00265704362400001	-0.002657043624	0	0.703	0.703	-0.00265704362400001	-0.002657043624	NoCorrection	300	A25	C2	10000	1000	0	0.5	300	0.1
496	-0.00144341448224999	-0.00144341448224999	0	0.835	0.848	-0.00144341448224999	-0.00144341448224999	ID	300	A25	C2	10000	1000	0	0.5	300	0.1
497	0.010768291014	0.0352146742	0	0.082	0.001	0.010768291014	0.0352146742	1	1000	A25	C2	10000	1000	0	0.5	300	0
498	0.0108342449821	0.0325809994	0	0.1	0.003	0.0108342449821	0.0325809994	FGr	1000	A25	C2	10000	1000	0	0.5	300	0
499	0.01065717053475	0.0319623815499999	0	0.091	0.002	0.01065717053475	0.0319623815499999	NoCorrection	1000	A25	C2	10000	1000	0	0.5	300	0
500	0.0107669904125	0.0342018874000001	0	0.105	0.001	0.0107669904125	0.0342018874000001	ID	1000	A25	C2	10000	1000	0	0.5	300	0
501	0.0061305180055	-0.00294117845	0	0.343	0.78	0.0061305180055	-0.00294117845	1	1000	A25	C2	10000	1000	0	0.5	300	0.01
502	0.00593880049100001	-0.00308370070000001	0	0.361	0.753	0.00593880049100001	-0.00308370070000001	FGr	1000	A25	C2	10000	1000	0	0.5	300	0.01
503	0.00604239254135004	-0.0023876778	0	0.353	0.828	0.00604239254135004	-0.0023876778	NoCorrection	1000	A25	C2	10000	1000	0	0.5	300	0.01
504	0.00611363112225007	-0.00300715145000001	0	0.35	0.76	0.00611363112225007	-0.00300715145000001	ID	1000	A25	C2	10000	1000	0	0.5	300	0.01
505	-0.00146481122849998	0.000153585449999974	0	0.828	0.987	-0.00146481122849998	0.000153585449999974	1	1000	A25	C2	10000	1000	0	0.5	300	0.03
506	-0.00156888125399998	-0.00597809215	0	0.785	0.629	-0.00156888125399998	-0.00597809215	FGr	1000	A25	C2	10000	1000	0	0.5	300	0.03
507	-0.0015342323	-0.00499760470000001	0	0.819	0.663	-0.0015342323	-0.00499760470000001	NoCorrection	1000	A25	C2	10000	1000	0	0.5	300	0.03
508	-0.00144803292950002	-0.0010562847	0	0.803	0.916	-0.00144803292950002	-0.0010562847	ID	1000	A25	C2	10000	1000	0	0.5	300	0.03
509	0.0097033921565	0.0214338284	0	0.108	0.049	0.0097033921565	0.0214338284	1	1000	A25	C2	10000	1000	0	0.5	300	0.1
510	0.0095022127527	0.0224231283	0	0.152	0.039	0.0095022127527	0.0224231283	FGr	1000	A25	C2	10000	1000	0	0.5	300	0.1
511	0.00954114725165	0.02243419305	0	0.149	0.054	0.00954114725165	0.02243419305	NoCorrection	1000	A25	C2	10000	1000	0	0.5	300	0.1
512	0.009717648381875	0.02116205535	0	0.117	0.054	0.009717648381875	0.02116205535	ID	1000	A25	C2	10000	1000	0	0.5	300	0.1
513	-0.00328956257239993	-0.00419009505000002	0	0.673	0.83	-0.00328956257239993	-0.00419009505000002	1	10000	A25	C2	10000	1000	0	0.5	300	0
514	-0.00290861055524999	-0.00323638954999997	0	0.698	0.856	-0.00290861055524999	-0.00323638954999997	FGr	10000	A25	C2	10000	1000	0	0.5	300	0
515	-0.00300188267550002	-0.00366602929999998	0	0.696	0.844	-0.00300188267550002	-0.00366602929999998	NoCorrection	10000	A25	C2	10000	1000	0	0.5	300	0
516	-0.00321849403255	-0.0043700732	0	0.679	0.802	-0.00321849403255	-0.0043700732	ID	10000	A25	C2	10000	1000	0	0.5	300	0
517	-0.000344517519499966	0.03918864735	0	0.957	0.027	-0.000344517519499966	0.03918864735	1	10000	A25	C2	10000	1000	0	0.5	300	0.01
518	-0.000235186513999987	0.0389331851	0	0.966	0.023	-0.000235186513999987	0.0389331851	FGr	10000	A25	C2	10000	1000	0	0.5	300	0.01
519	-0.000291527580500014	0.03916827705	0	0.961	0.019	-0.000291527580500014	0.03916827705	NoCorrection	10000	A25	C2	10000	1000	0	0.5	300	0.01
520	-0.000348462727000003	0.0383239967	0	0.971	0.028	-0.000348462727000003	0.0383239967	ID	10000	A25	C2	10000	1000	0	0.5	300	0.01
521	-0.00975533546340001	0.00473761965000007	0	0.175	0.773	-0.00975533546340001	0.00473761965000007	1	10000	A25	C2	10000	1000	0	0.5	300	0.03
522	-0.00886186050090502	-0.0107037992999998	0	0.244	0.554	-0.00886186050090502	-0.0107037992999998	FGr	10000	A25	C2	10000	1000	0	0.5	300	0.03
523	-0.00881370998710005	-0.00940371680000015	0	0.242	0.572	-0.00881370998710005	-0.00940371680000015	NoCorrection	10000	A25	C2	10000	1000	0	0.5	300	0.03
524	-0.00974721303479996	0.00341201229999996	0	0.179	0.854	-0.00974721303479996	0.00341201229999996	ID	10000	A25	C2	10000	1000	0	0.5	300	0.03
525	0.00195444531850003	0.00840096905000001	0	0.811	0.627	0.00195444531850003	0.00840096905000001	1	10000	A25	C2	10000	1000	0	0.5	300	0.1
526	0.00455886075949993	0.00905156099999997	0	0.624	0.609	0.00455886075949993	0.00905156099999997	FGr	10000	A25	C2	10000	1000	0	0.5	300	0.1
527	0.00466799059040008	0.00864025639999999	0	0.571	0.64	0.00466799059040008	0.00864025639999999	NoCorrection	10000	A25	C2	10000	1000	0	0.5	300	0.1
528	0.00204548423450002	0.011565213	0	0.796	0.498	0.00204548423450002	0.011565213	ID	10000	A25	C2	10000	1000	0	0.5	300	0.1
529	-0.010038078805895	-0.010038078805895	0	0.071	0.073	-0.010038078805895	-0.010038078805895	1	300	A25	C2	10000	10000	0	0.5	300	0
530	-0.01034846859224	-0.01034846859224	0	0.068	0.078	-0.01034846859224	-0.01034846859224	FGr	300	A25	C2	10000	10000	0	0.5	300	0
531	-0.01032010779409	-0.01032010779409	0	0.064	0.07	-0.01032010779409	-0.01032010779409	NoCorrection	300	A25	C2	10000	10000	0	0.5	300	0
532	-0.00996305228510003	-0.00996305228510004	0	0.074	0.065	-0.00996305228510003	-0.00996305228510004	ID	300	A25	C2	10000	10000	0	0.5	300	0
533	-0.00158028223835998	-0.00158028223835998	0	0.772	0.786	-0.00158028223835998	-0.00158028223835998	1	300	A25	C2	10000	10000	0	0.5	300	0.01
534	-0.00170512807563001	-0.00170512807563001	0	0.745	0.76	-0.00170512807563001	-0.00170512807563001	FGr	300	A25	C2	10000	10000	0	0.5	300	0.01
535	-0.00174143671200002	-0.00174143671200002	0	0.746	0.763	-0.00174143671200002	-0.00174143671200002	NoCorrection	300	A25	C2	10000	10000	0	0.5	300	0.01
536	-0.00158670275906	-0.00158670275906	0	0.783	0.78	-0.00158670275906	-0.00158670275906	ID	300	A25	C2	10000	10000	0	0.5	300	0.01
537	-0.00206361235185017	-0.00206361235185016	0	0.732	0.721	-0.00206361235185017	-0.00206361235185016	1	300	A25	C2	10000	10000	0	0.5	300	0.03
538	-0.00342199741718992	-0.00342199741718993	0	0.539	0.546	-0.00342199741718992	-0.00342199741718993	FGr	300	A25	C2	10000	10000	0	0.5	300	0.03
539	-0.00336835094822501	-0.00336835094822501	0	0.55	0.559	-0.00336835094822501	-0.00336835094822501	NoCorrection	300	A25	C2	10000	10000	0	0.5	300	0.03
540	-0.00275933131294984	-0.00275933131294985	0	0.615	0.627	-0.00275933131294984	-0.00275933131294985	ID	300	A25	C2	10000	10000	0	0.5	300	0.03
541	0.000760868545750016	0.000760868545750019	0	0.905	0.914	0.000760868545750016	0.000760868545750019	1	300	A25	C2	10000	10000	0	0.5	300	0.1
542	-0.001653764461785	-0.001653764461785	0	0.808	0.79	-0.001653764461785	-0.001653764461785	FGr	300	A25	C2	10000	10000	0	0.5	300	0.1
543	-0.0016888421569605	-0.0016888421569605	0	0.787	0.796	-0.0016888421569605	-0.0016888421569605	NoCorrection	300	A25	C2	10000	10000	0	0.5	300	0.1
544	0.000292327033700005	0.000292327033700009	0	0.957	0.962	0.000292327033700005	0.000292327033700009	ID	300	A25	C2	10000	10000	0	0.5	300	0.1
545	-0.00272090935546	0.00636372602499988	0	0.65	0.535	-0.00272090935546	0.00636372602499988	1	1000	A25	C2	10000	10000	0	0.5	300	0
546	-0.00246391339525	0.00527413870500017	0	0.657	0.629	-0.00246391339525	0.00527413870500017	FGr	1000	A25	C2	10000	10000	0	0.5	300	0
547	-0.00250000278027493	0.00560948467000001	0	0.706	0.607	-0.00250000278027493	0.00560948467000001	NoCorrection	1000	A25	C2	10000	10000	0	0.5	300	0
548	-0.00309400098052795	0.00602470751500009	0	0.632	0.586	-0.00309400098052795	0.00602470751500009	ID	1000	A25	C2	10000	10000	0	0.5	300	0
549	-0.00287941798591506	0.00106902935499989	0	0.572	0.902	-0.00287941798591506	0.00106902935499989	1	1000	A25	C2	10000	10000	0	0.5	300	0.01
550	-0.00209337812209993	0.000954046994999972	0	0.698	0.922	-0.00209337812209993	0.000954046994999972	FGr	1000	A25	C2	10000	10000	0	0.5	300	0.01
551	-0.00205672400854997	0.00131175345000005	0	0.683	0.876	-0.00205672400854997	0.00131175345000005	NoCorrection	1000	A25	C2	10000	10000	0	0.5	300	0.01
552	-0.00280183659145597	0.000825711609999897	0	0.602	0.936	-0.00280183659145597	0.000825711609999897	ID	1000	A25	C2	10000	10000	0	0.5	300	0.01
553	-0.000581988364560168	-0.02079571914	0	0.933	0.037	-0.000581988364560168	-0.02079571914	1	1000	A25	C2	10000	10000	0	0.5	300	0.03
554	-0.00094987849519992	-0.0222527550849999	0	0.882	0.011	-0.00094987849519992	-0.0222527550849999	FGr	1000	A25	C2	10000	10000	0	0.5	300	0.03
555	-0.00115602033670019	-0.022298295395	0	0.835	0.018	-0.00115602033670019	-0.022298295395	NoCorrection	1000	A25	C2	10000	10000	0	0.5	300	0.03
556	-0.000354285820150974	-0.02054400064	0	0.961	0.031	-0.000354285820150974	-0.02054400064	ID	1000	A25	C2	10000	10000	0	0.5	300	0.03
557	0.00325423225189497	0.000322843960000123	0	0.573	0.962	0.00325423225189497	0.000322843960000123	1	1000	A25	C2	10000	10000	0	0.5	300	0.1
558	0.000704763211889886	-0.000268967300000093	0	0.889	0.977	0.000704763211889886	-0.000268967300000093	FGr	1000	A25	C2	10000	10000	0	0.5	300	0.1
559	0.000710696055420025	-0.000262758585000084	0	0.915	0.983	0.000710696055420025	-0.000262758585000084	NoCorrection	1000	A25	C2	10000	10000	0	0.5	300	0.1
560	0.00231054304599995	0.00290809447999997	0	0.692	0.773	0.00231054304599995	0.00290809447999997	ID	1000	A25	C2	10000	10000	0	0.5	300	0.1
561	-0.00562258041773008	-0.000990688714999536	0	0.346	0.952	-0.00562258041773008	-0.000990688714999536	1	10000	A25	C2	10000	10000	0	0.5	300	0
562	-0.00552627412592505	0.0103863254400003	0	0.352	0.527	-0.00552627412592505	0.0103863254400003	FGr	10000	A25	C2	10000	10000	0	0.5	300	0
563	-0.0055834250155001	0.0105683101549997	0	0.336	0.535	-0.0055834250155001	0.0105683101549997	NoCorrection	10000	A25	C2	10000	10000	0	0.5	300	0
564	-0.0056198308628499	0.00221964225500004	0	0.356	0.893	-0.0056198308628499	0.00221964225500004	ID	10000	A25	C2	10000	10000	0	0.5	300	0
565	0.00534770426615004	-0.00844218066000039	0	0.388	0.638	0.00534770426615004	-0.00844218066000039	1	10000	A25	C2	10000	10000	0	0.5	300	0.01
566	0.0052745188413599	-0.0096024386849995	0	0.414	0.552	0.0052745188413599	-0.0096024386849995	FGr	10000	A25	C2	10000	10000	0	0.5	300	0.01
567	0.00530177322645022	-0.00925369438000005	0	0.384	0.577	0.00530177322645022	-0.00925369438000005	NoCorrection	10000	A25	C2	10000	10000	0	0.5	300	0.01
568	0.00535047238809992	-0.00844124369999975	0	0.391	0.607	0.00535047238809992	-0.00844124369999975	ID	10000	A25	C2	10000	10000	0	0.5	300	0.01
569	-0.00776494797415002	-0.015221319795	0	0.254	0.301	-0.00776494797415002	-0.015221319795	1	10000	A25	C2	10000	10000	0	0.5	300	0.03
570	-0.00772176646714505	-0.0166125438299996	0	0.25	0.288	-0.00772176646714505	-0.0166125438299996	FGr	10000	A25	C2	10000	10000	0	0.5	300	0.03
571	-0.00769390083527252	-0.0175774975500002	0	0.236	0.231	-0.00769390083527252	-0.0175774975500002	NoCorrection	10000	A25	C2	10000	10000	0	0.5	300	0.03
572	-0.00777987351308499	-0.0162283511649999	0	0.238	0.274	-0.00777987351308499	-0.0162283511649999	ID	10000	A25	C2	10000	10000	0	0.5	300	0.03
573	0.00167597655242501	-0.0138674351000001	0	0.813	0.372	0.00167597655242501	-0.0138674351000001	1	10000	A25	C2	10000	10000	0	0.5	300	0.1
574	0.00179169442504999	-0.0110221232449999	0	0.77	0.515	0.00179169442504999	-0.0110221232449999	FGr	10000	A25	C2	10000	10000	0	0.5	300	0.1
575	0.00179963900446	-0.0110274525100001	0	0.784	0.498	0.00179963900446	-0.0110274525100001	NoCorrection	10000	A25	C2	10000	10000	0	0.5	300	0.1
576	0.00163497657793504	-0.0132233677649997	0	0.809	0.398	0.00163497657793504	-0.0132233677649997	ID	10000	A25	C2	10000	10000	0	0.5	300	0.1
