	c-q	nc-q	true-q	c-p	nc-p	c-bias	nc-bias	type	L	rep	config	gwas_size	test_size	h2	ts	num_causal	env
1	0.00175904105500002	0.00175904105499999	0	0.965	0.969	0.00175904105500002	0.00175904105499999	1	300	A22	C1	1000	100	0	0.5	300	0
2	0.000266853035000011	0.000266853035000005	0	0.995	0.993	0.000266853035000011	0.000266853035000005	FGr	300	A22	C1	1000	100	0	0.5	300	0
3	-0.013658445565	-0.013658445565	0	0.77	0.77	-0.013658445565	-0.013658445565	NoCorrection	300	A22	C1	1000	100	0	0.5	300	0
4	-0.027758953478	-0.027758953478	0	0.523	0.556	-0.027758953478	-0.027758953478	ID	300	A22	C1	1000	100	0	0.5	300	0
5	-0.008000848545	-0.008000848545	0	0.841	0.87	-0.008000848545	-0.008000848545	1	300	A22	C1	1000	100	0	0.5	300	0.1
6	0.000231363925000013	0.000231363924999997	0	0.997	0.997	0.000231363925000013	0.000231363924999997	FGr	300	A22	C1	1000	100	0	0.5	300	0.1
7	0.008421850918	0.008421850918	0	0.845	0.839	0.008421850918	0.008421850918	NoCorrection	300	A22	C1	1000	100	0	0.5	300	0.1
8	-0.016462223665	-0.016462223665	0	0.699	0.694	-0.016462223665	-0.016462223665	ID	300	A22	C1	1000	100	0	0.5	300	0.1
9	0.04359110288	0.0435911028800001	0	0.254	0.235	0.04359110288	0.0435911028800001	1	300	A22	C1	1000	100	0	0.5	300	0.5
10	0.1675248973375	0.1675248973375	0	0	0	0.1675248973375	0.1675248973375	FGr	300	A22	C1	1000	100	0	0.5	300	0.5
11	0.244980151375	0.244980151375	0	0	0	0.244980151375	0.244980151375	NoCorrection	300	A22	C1	1000	100	0	0.5	300	0.5
12	0.0261498029	0.0261498029	0	0.488	0.495	0.0261498029	0.0261498029	ID	300	A22	C1	1000	100	0	0.5	300	0.5
13	0.0334611374085002	0.0334611374085	0	0.395	0.397	0.0334611374085002	0.0334611374085	1	300	A22	C1	1000	100	0	0.5	300	1
14	0.308475732065	0.308475732065	0	0	0	0.308475732065	0.308475732065	FGr	300	A22	C1	1000	100	0	0.5	300	1
15	0.40736090125	0.40736090125	0	0	0	0.40736090125	0.40736090125	NoCorrection	300	A22	C1	1000	100	0	0.5	300	1
16	0.01085727125	0.0108572712500001	0	0.785	0.762	0.01085727125	0.0108572712500001	ID	300	A22	C1	1000	100	0	0.5	300	1
17	-0.028663385425	-0.100857962	0	0.419	0.12	-0.028663385425	-0.100857962	1	1000	A22	C1	1000	100	0	0.5	300	0
18	-0.034562862355	-0.1269525795	0	0.317	0.034	-0.034562862355	-0.1269525795	FGr	1000	A22	C1	1000	100	0	0.5	300	0
19	-0.036388845826	-0.134805673	0	0.316	0.033	-0.036388845826	-0.134805673	NoCorrection	1000	A22	C1	1000	100	0	0.5	300	0
20	-0.0333255545900001	-0.1177485145	0	0.339	0.059	-0.0333255545900001	-0.1177485145	ID	1000	A22	C1	1000	100	0	0.5	300	0
21	0.03587144995	-0.0430731385	0	0.343	0.499	0.03587144995	-0.0430731385	1	1000	A22	C1	1000	100	0	0.5	300	0.1
22	0.034407308635	-0.041002211	0	0.346	0.503	0.034407308635	-0.041002211	FGr	1000	A22	C1	1000	100	0	0.5	300	0.1
23	0.0405787758	-0.0321936015	0	0.257	0.581	0.0405787758	-0.0321936015	NoCorrection	1000	A22	C1	1000	100	0	0.5	300	0.1
24	0.02711706253	-0.0462015880000001	0	0.457	0.48	0.02711706253	-0.0462015880000001	ID	1000	A22	C1	1000	100	0	0.5	300	0.1
25	-0.00757138458000001	0.03576092	0	0.856	0.577	-0.00757138458000001	0.03576092	1	1000	A22	C1	1000	100	0	0.5	300	0.5
26	0.07272048175	0.297860011	0	0.115	0	0.07272048175	0.297860011	FGr	1000	A22	C1	1000	100	0	0.5	300	0.5
27	0.12640646896	0.4600988015	0	0.012	0	0.12640646896	0.4600988015	NoCorrection	1000	A22	C1	1000	100	0	0.5	300	0.5
28	-0.0148053863	0.018536666	0	0.761	0.753	-0.0148053863	0.018536666	ID	1000	A22	C1	1000	100	0	0.5	300	0.5
29	0.02089777614	0.00174249100000001	0	0.614	0.986	0.02089777614	0.00174249100000001	1	1000	A22	C1	1000	100	0	0.5	300	1
30	0.204318464605	0.5550468675	0	0	0	0.204318464605	0.5550468675	FGr	1000	A22	C1	1000	100	0	0.5	300	1
31	0.291629052665	0.800420694	0	0	0	0.291629052665	0.800420694	NoCorrection	1000	A22	C1	1000	100	0	0.5	300	1
32	0.015530366775	-0.00294836749999997	0	0.715	0.972	0.015530366775	-0.00294836749999997	ID	1000	A22	C1	1000	100	0	0.5	300	1
33	0.034449978825	-0.251429825	0	0.496	0.015	0.034449978825	-0.251429825	1	10000	A22	C1	1000	100	0	0.5	300	0
34	0.0366247255975	-0.232444305	0	0.435	0.043	0.0366247255975	-0.232444305	FGr	10000	A22	C1	1000	100	0	0.5	300	0
35	0.038132011775	-0.19712548	0	0.422	0.076	0.038132011775	-0.19712548	NoCorrection	10000	A22	C1	1000	100	0	0.5	300	0
36	0.032946882797	-0.2557437	0	0.497	0.034	0.032946882797	-0.2557437	ID	10000	A22	C1	1000	100	0	0.5	300	0
37	-0.049910594185	-0.0103688860000001	0	0.178	0.905	-0.049910594185	-0.0103688860000001	1	10000	A22	C1	1000	100	0	0.5	300	0.1
38	-0.0450544364479	0.0094574359999999	0	0.249	0.914	-0.0450544364479	0.0094574359999999	FGr	10000	A22	C1	1000	100	0	0.5	300	0.1
39	-0.01654045462	0.176005353	0	0.678	0.07	-0.01654045462	0.176005353	NoCorrection	10000	A22	C1	1000	100	0	0.5	300	0.1
40	-0.049454007065	-0.00982806399999998	0	0.183	0.917	-0.049454007065	-0.00982806399999998	ID	10000	A22	C1	1000	100	0	0.5	300	0.1
41	-0.0316310571	0.263949462	0	0.459	0.01	-0.0316310571	0.263949462	1	10000	A22	C1	1000	100	0	0.5	300	0.5
42	-0.00179915153000001	0.4375572715	0	0.972	0	-0.00179915153000001	0.4375572715	FGr	10000	A22	C1	1000	100	0	0.5	300	0.5
43	0.16288617855	1.026859275	0	0.005	0	0.16288617855	1.026859275	NoCorrection	10000	A22	C1	1000	100	0	0.5	300	0.5
44	-0.0304982357	0.286290007	0	0.476	0.006	-0.0304982357	0.286290007	ID	10000	A22	C1	1000	100	0	0.5	300	0.5
45	-0.01180656997	-0.159144803	0	0.78	0.119	-0.01180656997	-0.159144803	1	10000	A22	C1	1000	100	0	0.5	300	1
46	0.020519077265	0.00569394449999999	0	0.61	0.965	0.020519077265	0.00569394449999999	FGr	10000	A22	C1	1000	100	0	0.5	300	1
47	0.3829276046695	2.08396627	0	0	0	0.3829276046695	2.08396627	NoCorrection	10000	A22	C1	1000	100	0	0.5	300	1
48	-0.013267632805	-0.1428778625	0	0.727	0.126	-0.013267632805	-0.1428778625	ID	10000	A22	C1	1000	100	0	0.5	300	1
49	0.015849237017	0.015849237017	0	0.52	0.529	0.015849237017	0.015849237017	1	300	A22	C1	1000	1000	0	0.5	300	0
50	0.0157343441230001	0.0157343441230001	0	0.529	0.532	0.0157343441230001	0.0157343441230001	FGr	300	A22	C1	1000	1000	0	0.5	300	0
51	-0.00139600280079993	-0.00139600280079999	0	0.97	0.968	-0.00139600280079993	-0.00139600280079999	NoCorrection	300	A22	C1	1000	1000	0	0.5	300	0
52	0.00966677463950006	0.00966677463950008	0	0.708	0.721	0.00966677463950006	0.00966677463950008	ID	300	A22	C1	1000	1000	0	0.5	300	0
53	0.002567653321	0.002567653321	0	0.915	0.913	0.002567653321	0.002567653321	1	300	A22	C1	1000	1000	0	0.5	300	0.1
54	0.0529530394075	0.0529530394075	0	0.056	0.047	0.0529530394075	0.0529530394075	FGr	300	A22	C1	1000	1000	0	0.5	300	0.1
55	0.0437918278125	0.0437918278125	0	0.093	0.109	0.0437918278125	0.0437918278125	NoCorrection	300	A22	C1	1000	1000	0	0.5	300	0.1
56	0.00686979387500001	0.006869793875	0	0.794	0.803	0.00686979387500001	0.006869793875	ID	300	A22	C1	1000	1000	0	0.5	300	0.1
57	0.00875980415749998	0.00875980415749998	0	0.748	0.757	0.00875980415749998	0.00875980415749998	1	300	A22	C1	1000	1000	0	0.5	300	0.5
58	0.1290349924575	0.1290349924575	0	0	0	0.1290349924575	0.1290349924575	FGr	300	A22	C1	1000	1000	0	0.5	300	0.5
59	0.180666354606	0.180666354606	0	0	0	0.180666354606	0.180666354606	NoCorrection	300	A22	C1	1000	1000	0	0.5	300	0.5
60	0.0309762578925	0.0309762578925	0	0.284	0.298	0.0309762578925	0.0309762578925	ID	300	A22	C1	1000	1000	0	0.5	300	0.5
61	0.0270417237075	0.0270417237075	0	0.351	0.355	0.0270417237075	0.0270417237075	1	300	A22	C1	1000	1000	0	0.5	300	1
62	0.2360968395495	0.2360968395495	0	0	0	0.2360968395495	0.2360968395495	FGr	300	A22	C1	1000	1000	0	0.5	300	1
63	0.343778726038	0.343778726038	0	0	0	0.343778726038	0.343778726038	NoCorrection	300	A22	C1	1000	1000	0	0.5	300	1
64	0.0242397996545002	0.0242397996545002	0	0.377	0.391	0.0242397996545002	0.0242397996545002	ID	300	A22	C1	1000	1000	0	0.5	300	1
65	0.00954638358000015	-0.0835574218499997	0	0.724	0.072	0.00954638358000015	-0.0835574218499997	1	1000	A22	C1	1000	1000	0	0.5	300	0
66	-0.00849376066150011	-0.128753792	0	0.715	0.01	-0.00849376066150011	-0.128753792	FGr	1000	A22	C1	1000	1000	0	0.5	300	0
67	-0.00402760148175002	-0.116564218	0	0.85	0.007	-0.00402760148175002	-0.116564218	NoCorrection	1000	A22	C1	1000	1000	0	0.5	300	0
68	0.00195544086775006	-0.1034820197	0	0.947	0.031	0.00195544086775006	-0.1034820197	ID	1000	A22	C1	1000	1000	0	0.5	300	0
69	-0.00659842209525001	0.00205162770000005	0	0.813	0.965	-0.00659842209525001	0.00205162770000005	1	1000	A22	C1	1000	1000	0	0.5	300	0.1
70	0.00315607487	0.0322765184	0	0.911	0.459	0.00315607487	0.0322765184	FGr	1000	A22	C1	1000	1000	0	0.5	300	0.1
71	0.0212952641065	0.0706917757	0	0.432	0.105	0.0212952641065	0.0706917757	NoCorrection	1000	A22	C1	1000	1000	0	0.5	300	0.1
72	-0.00159342578500001	0.0154440557	0	0.953	0.74	-0.00159342578500001	0.0154440557	ID	1000	A22	C1	1000	1000	0	0.5	300	0.1
73	-0.0232990769695	0.01617811265	0	0.397	0.743	-0.0232990769695	0.01617811265	1	1000	A22	C1	1000	1000	0	0.5	300	0.5
74	0.019261357969	0.1081405041	0	0.469	0.016	0.019261357969	0.1081405041	FGr	1000	A22	C1	1000	1000	0	0.5	300	0.5
75	0.1144346231935	0.33862653425	0	0	0	0.1144346231935	0.33862653425	NoCorrection	1000	A22	C1	1000	1000	0	0.5	300	0.5
76	-0.0280823573975001	0.00547251769999999	0	0.287	0.922	-0.0280823573975001	0.00547251769999999	ID	1000	A22	C1	1000	1000	0	0.5	300	0.5
77	0.0216073056175001	0.00833413075	0	0.48	0.853	0.0216073056175001	0.00833413075	1	1000	A22	C1	1000	1000	0	0.5	300	1
78	0.1220640935895	0.2708806466	0	0	0	0.1220640935895	0.2708806466	FGr	1000	A22	C1	1000	1000	0	0.5	300	1
79	0.3504673688116	0.8597731122	0	0	0	0.3504673688116	0.8597731122	NoCorrection	1000	A22	C1	1000	1000	0	0.5	300	1
80	0.026983062566	0.01655091995	0	0.342	0.711	0.026983062566	0.01655091995	ID	1000	A22	C1	1000	1000	0	0.5	300	1
81	0.011749823787	-0.06562886525	0	0.614	0.354	0.011749823787	-0.06562886525	1	10000	A22	C1	1000	1000	0	0.5	300	0
82	0.010943875436	-0.0665536311499999	0	0.656	0.336	0.010943875436	-0.0665536311499999	FGr	10000	A22	C1	1000	1000	0	0.5	300	0
83	0.00986848933300003	-0.06473677215	0	0.684	0.317	0.00986848933300003	-0.06473677215	NoCorrection	10000	A22	C1	1000	1000	0	0.5	300	0
84	0.011473002144	-0.0659537284500001	0	0.683	0.316	0.011473002144	-0.0659537284500001	ID	10000	A22	C1	1000	1000	0	0.5	300	0
85	0.0411683340799999	0.0337207352000001	0	0.184	0.633	0.0411683340799999	0.0337207352000001	1	10000	A22	C1	1000	1000	0	0.5	300	0.1
86	0.0400658695969999	0.0355557390000001	0	0.2	0.644	0.0400658695969999	0.0355557390000001	FGr	10000	A22	C1	1000	1000	0	0.5	300	0.1
87	0.0954456181919998	0.4216541401	0	0.005	0	0.0954456181919998	0.4216541401	NoCorrection	10000	A22	C1	1000	1000	0	0.5	300	0.1
88	0.0399654981495	0.0341918065499996	0	0.198	0.629	0.0399654981495	0.0341918065499996	ID	10000	A22	C1	1000	1000	0	0.5	300	0.1
89	-0.0022615392238	-0.0495417289499998	0	0.937	0.482	-0.0022615392238	-0.0495417289499998	1	10000	A22	C1	1000	1000	0	0.5	300	0.5
90	0.00318658965149995	0.01282916745	0	0.903	0.847	0.00318658965149995	0.01282916745	FGr	10000	A22	C1	1000	1000	0	0.5	300	0.5
91	0.14657745146	0.9567872675	0	0	0	0.14657745146	0.9567872675	NoCorrection	10000	A22	C1	1000	1000	0	0.5	300	0.5
92	-0.00215077772550001	-0.0857812765499998	0	0.952	0.209	-0.00215077772550001	-0.0857812765499998	ID	10000	A22	C1	1000	1000	0	0.5	300	0.5
93	-0.00773806833249988	-0.0178745088499997	0	0.799	0.797	-0.00773806833249988	-0.0178745088499997	1	10000	A22	C1	1000	1000	0	0.5	300	1
94	-0.000406730289999972	0.0323243488999997	0	0.985	0.691	-0.000406730289999972	0.0323243488999997	FGr	10000	A22	C1	1000	1000	0	0.5	300	1
95	0.2858222052748	1.7879936265	0	0	0	0.2858222052748	1.7879936265	NoCorrection	10000	A22	C1	1000	1000	0	0.5	300	1
96	-0.00916886156700002	-0.0233648955999999	0	0.748	0.761	-0.00916886156700002	-0.0233648955999999	ID	10000	A22	C1	1000	1000	0	0.5	300	1
97	0.0292452270311496	0.0292452270311496	0	0.316	0.336	0.0292452270311496	0.0292452270311496	1	300	A22	C1	1000	10000	0	0.5	300	0
98	0.0640455518534347	0.0640455518534347	0	0.029	0.034	0.0640455518534347	0.0640455518534347	FGr	300	A22	C1	1000	10000	0	0.5	300	0
99	0.0630034563961651	0.063003456396165	0	0.034	0.035	0.0630034563961651	0.063003456396165	NoCorrection	300	A22	C1	1000	10000	0	0.5	300	0
100	0.0454927081692448	0.0454927081692447	0	0.135	0.145	0.0454927081692448	0.0454927081692447	ID	300	A22	C1	1000	10000	0	0.5	300	0
101	-0.00781027211189986	-0.00781027211189985	0	0.766	0.766	-0.00781027211189986	-0.00781027211189985	1	300	A22	C1	1000	10000	0	0.5	300	0.1
102	-0.0136605678767501	-0.0136605678767501	0	0.572	0.599	-0.0136605678767501	-0.0136605678767501	FGr	300	A22	C1	1000	10000	0	0.5	300	0.1
103	0.0117387127571997	0.0117387127571997	0	0.659	0.65	0.0117387127571997	0.0117387127571997	NoCorrection	300	A22	C1	1000	10000	0	0.5	300	0.1
104	-0.0356901751088851	-0.0356901751088851	0	0.152	0.185	-0.0356901751088851	-0.0356901751088851	ID	300	A22	C1	1000	10000	0	0.5	300	0.1
105	0.0302338480204501	0.0302338480204501	0	0.306	0.284	0.0302338480204501	0.0302338480204501	1	300	A22	C1	1000	10000	0	0.5	300	0.5
106	0.16816524794089	0.16816524794089	0	0	0	0.16816524794089	0.16816524794089	FGr	300	A22	C1	1000	10000	0	0.5	300	0.5
107	0.22910471699825	0.22910471699825	0	0	0	0.22910471699825	0.22910471699825	NoCorrection	300	A22	C1	1000	10000	0	0.5	300	0.5
108	0.04355459454075	0.04355459454075	0	0.125	0.126	0.04355459454075	0.04355459454075	ID	300	A22	C1	1000	10000	0	0.5	300	0.5
109	0.0474645276562248	0.0474645276562248	0	0.127	0.154	0.0474645276562248	0.0474645276562248	1	300	A22	C1	1000	10000	0	0.5	300	1
110	0.24353132902743	0.24353132902743	0	0	0	0.24353132902743	0.24353132902743	FGr	300	A22	C1	1000	10000	0	0.5	300	1
111	0.370220673448498	0.370220673448498	0	0	0	0.370220673448498	0.370220673448498	NoCorrection	300	A22	C1	1000	10000	0	0.5	300	1
112	0.00412948173269655	0.00412948173269651	0	0.871	0.884	0.00412948173269655	0.00412948173269651	ID	300	A22	C1	1000	10000	0	0.5	300	1
113	0.00151622075889068	0.0392254554299999	0	0.948	0.328	0.00151622075889068	0.0392254554299999	1	1000	A22	C1	1000	10000	0	0.5	300	0
114	0.0148231288513995	0.0694814631050001	0	0.507	0.096	0.0148231288513995	0.0694814631050001	FGr	1000	A22	C1	1000	10000	0	0.5	300	0
115	0.0123146533388007	0.0629862664400009	0	0.611	0.107	0.0123146533388007	0.0629862664400009	NoCorrection	1000	A22	C1	1000	10000	0	0.5	300	0
116	0.00113182646254205	0.0363313953999995	0	0.964	0.356	0.00113182646254205	0.0363313953999995	ID	1000	A22	C1	1000	10000	0	0.5	300	0
117	-0.0275863326613801	-0.0615819770000003	0	0.236	0.109	-0.0275863326613801	-0.0615819770000003	1	1000	A22	C1	1000	10000	0	0.5	300	0.1
118	-0.0319658627515998	-0.0738588949299999	0	0.151	0.078	-0.0319658627515998	-0.0738588949299999	FGr	1000	A22	C1	1000	10000	0	0.5	300	0.1
119	-0.0219297917550001	-0.0472922557799997	0	0.302	0.21	-0.0219297917550001	-0.0472922557799997	NoCorrection	1000	A22	C1	1000	10000	0	0.5	300	0.1
120	-0.0338835852711502	-0.0781898166549988	0	0.152	0.058	-0.0338835852711502	-0.0781898166549988	ID	1000	A22	C1	1000	10000	0	0.5	300	0.1
121	-0.01538904596825	-0.0103888518150004	0	0.468	0.804	-0.01538904596825	-0.0103888518150004	1	1000	A22	C1	1000	10000	0	0.5	300	0.5
122	0.0366997685683	0.116304903224999	0	0.076	0.007	0.0366997685683	0.116304903224999	FGr	1000	A22	C1	1000	10000	0	0.5	300	0.5
123	0.14199422954145	0.406109488894999	0	0	0	0.14199422954145	0.406109488894999	NoCorrection	1000	A22	C1	1000	10000	0	0.5	300	0.5
124	-0.00694873047104602	0.0030220778449996	0	0.746	0.935	-0.00694873047104602	0.0030220778449996	ID	1000	A22	C1	1000	10000	0	0.5	300	0.5
125	-0.0217531278721002	-0.02857071287	0	0.36	0.493	-0.0217531278721002	-0.02857071287	1	1000	A22	C1	1000	10000	0	0.5	300	1
126	0.10175199419475	0.310443099754999	0	0	0	0.10175199419475	0.310443099754999	FGr	1000	A22	C1	1000	10000	0	0.5	300	1
127	0.309573557549749	0.877147997010001	0	0	0	0.309573557549749	0.877147997010001	NoCorrection	1000	A22	C1	1000	10000	0	0.5	300	1
128	-0.0132539464051498	-0.00758945526500005	0	0.581	0.832	-0.0132539464051498	-0.00758945526500005	ID	1000	A22	C1	1000	10000	0	0.5	300	1
129	0.0294401668854008	-0.0286672208000001	0	0.233	0.721	0.0294401668854008	-0.0286672208000001	1	10000	A22	C1	1000	10000	0	0.5	300	0
130	0.0294705407359001	-0.02533734595	0	0.232	0.732	0.0294705407359001	-0.02533734595	FGr	10000	A22	C1	1000	10000	0	0.5	300	0
131	0.0508003843172498	0.0878898896500008	0	0.043	0.24	0.0508003843172498	0.0878898896500008	NoCorrection	10000	A22	C1	1000	10000	0	0.5	300	0
132	0.0289173150056999	-0.0328703653500001	0	0.253	0.654	0.0289173150056999	-0.0328703653500001	ID	10000	A22	C1	1000	10000	0	0.5	300	0
133	-0.0435198203687499	-0.151159120824999	0	0.11	0.032	-0.0435198203687499	-0.151159120824999	1	10000	A22	C1	1000	10000	0	0.5	300	0.1
134	-0.0417201036243499	-0.132505754194999	0	0.138	0.055	-0.0417201036243499	-0.132505754194999	FGr	10000	A22	C1	1000	10000	0	0.5	300	0.1
135	-0.0156143467172002	-0.013740821275	0	0.554	0.845	-0.0156143467172002	-0.013740821275	NoCorrection	10000	A22	C1	1000	10000	0	0.5	300	0.1
136	-0.0424436538201352	-0.13075279012	0	0.114	0.073	-0.0424436538201352	-0.13075279012	ID	10000	A22	C1	1000	10000	0	0.5	300	0.1
137	-0.0692894180163005	0.00689129019999933	0	0.027	0.922	-0.0692894180163005	0.00689129019999933	1	10000	A22	C1	1000	10000	0	0.5	300	0.5
138	-0.0717297631564999	-0.0140477395249998	0	0.008	0.84	-0.0717297631564999	-0.0140477395249998	FGr	10000	A22	C1	1000	10000	0	0.5	300	0.5
139	0.0944924790113497	1.08885951965	0	0.01	0	0.0944924790113497	1.08885951965	NoCorrection	10000	A22	C1	1000	10000	0	0.5	300	0.5
140	-0.07356697608972	-0.0512112746400001	0	0.013	0.456	-0.07356697608972	-0.0512112746400001	ID	10000	A22	C1	1000	10000	0	0.5	300	0.5
141	-0.011196891950208	-0.027776613075	0	0.712	0.706	-0.011196891950208	-0.027776613075	1	10000	A22	C1	1000	10000	0	0.5	300	1
142	0.00149006142389997	0.0783115477500004	0	0.968	0.245	0.00149006142389997	0.0783115477500004	FGr	10000	A22	C1	1000	10000	0	0.5	300	1
143	0.27663863895995	1.8432389447	0	0	0	0.27663863895995	1.8432389447	NoCorrection	10000	A22	C1	1000	10000	0	0.5	300	1
144	-0.0113032757368	-0.0217469195150003	0	0.7	0.739	-0.0113032757368	-0.0217469195150003	ID	10000	A22	C1	1000	10000	0	0.5	300	1
145	0.00922518154	0.00922518154	0	0.462	0.438	0.00922518154	0.00922518154	1	300	A22	C1	10000	100	0	0.5	300	0
146	-0.00388040091500002	-0.00388040091500002	0	0.739	0.737	-0.00388040091500002	-0.00388040091500002	FGr	300	A22	C1	10000	100	0	0.5	300	0
147	-0.00401970537000001	-0.00401970537	0	0.745	0.734	-0.00401970537000001	-0.00401970537	NoCorrection	300	A22	C1	10000	100	0	0.5	300	0
148	0.00233531337500001	0.002335313375	0	0.863	0.85	0.00233531337500001	0.002335313375	ID	300	A22	C1	10000	100	0	0.5	300	0
149	0.0085093937235	0.0085093937235	0	0.493	0.488	0.0085093937235	0.0085093937235	1	300	A22	C1	10000	100	0	0.5	300	0.1
150	0.027201172185	0.027201172185	0	0.035	0.046	0.027201172185	0.027201172185	FGr	300	A22	C1	10000	100	0	0.5	300	0.1
151	0.0311169359543	0.0311169359543	0	0.024	0.035	0.0311169359543	0.0311169359543	NoCorrection	300	A22	C1	10000	100	0	0.5	300	0.1
152	0.006325421252	0.006325421252	0	0.612	0.609	0.006325421252	0.006325421252	ID	300	A22	C1	10000	100	0	0.5	300	0.1
153	0.002448371235	0.002448371235	0	0.832	0.823	0.002448371235	0.002448371235	1	300	A22	C1	10000	100	0	0.5	300	0.5
154	0.124048642523	0.124048642523	0	0	0	0.124048642523	0.124048642523	FGr	300	A22	C1	10000	100	0	0.5	300	0.5
155	0.156175535545	0.156175535545	0	0	0	0.156175535545	0.156175535545	NoCorrection	300	A22	C1	10000	100	0	0.5	300	0.5
156	0.004425378637	0.00442537863700001	0	0.699	0.71	0.004425378637	0.00442537863700001	ID	300	A22	C1	10000	100	0	0.5	300	0.5
157	0.010955756793	0.010955756793	0	0.399	0.423	0.010955756793	0.010955756793	1	300	A22	C1	10000	100	0	0.5	300	1
158	0.26558228946	0.26558228946	0	0	0	0.26558228946	0.26558228946	FGr	300	A22	C1	10000	100	0	0.5	300	1
159	0.317791827085	0.317791827085	0	0	0	0.317791827085	0.317791827085	NoCorrection	300	A22	C1	10000	100	0	0.5	300	1
160	0.01842726983	0.01842726983	0	0.191	0.15	0.01842726983	0.01842726983	ID	300	A22	C1	10000	100	0	0.5	300	1
161	-5.92108449999795e-05	0.0173008445	0	0.995	0.344	-5.92108449999795e-05	0.0173008445	1	1000	A22	C1	10000	100	0	0.5	300	0
162	0.00123197423799999	0.021878551	0	0.909	0.231	0.00123197423799999	0.021878551	FGr	1000	A22	C1	10000	100	0	0.5	300	0
163	-0.000529046695000003	0.0166149875	0	0.964	0.372	-0.000529046695000003	0.0166149875	NoCorrection	1000	A22	C1	10000	100	0	0.5	300	0
164	-0.00249787083	0.0118724015	0	0.85	0.518	-0.00249787083	0.0118724015	ID	1000	A22	C1	10000	100	0	0.5	300	0
165	-0.00789639826999999	-0.004741725	0	0.494	0.78	-0.00789639826999999	-0.004741725	1	1000	A22	C1	10000	100	0	0.5	300	0.1
166	0.00678155172499999	0.028902939	0	0.611	0.138	0.00678155172499999	0.028902939	FGr	1000	A22	C1	10000	100	0	0.5	300	0.1
167	0.029888910363	0.1007779155	0	0.046	0	0.029888910363	0.1007779155	NoCorrection	1000	A22	C1	10000	100	0	0.5	300	0.1
168	-0.00891722212910001	-0.0118827775	0	0.468	0.544	-0.00891722212910001	-0.0118827775	ID	1000	A22	C1	10000	100	0	0.5	300	0.1
169	-0.017178191595	0.00535375700000001	0	0.253	0.8	-0.017178191595	0.00535375700000001	1	1000	A22	C1	10000	100	0	0.5	300	0.5
170	0.061935646759	0.200945065	0	0.001	0	0.061935646759	0.200945065	FGr	1000	A22	C1	10000	100	0	0.5	300	0.5
171	0.1371171616115	0.406030635	0	0	0	0.1371171616115	0.406030635	NoCorrection	1000	A22	C1	10000	100	0	0.5	300	0.5
172	-0.020103650295	-0.00229388099999999	0	0.145	0.911	-0.020103650295	-0.00229388099999999	ID	1000	A22	C1	10000	100	0	0.5	300	0.5
173	0.00426174072000003	0.0151493119999999	0	0.73	0.461	0.00426174072000003	0.0151493119999999	1	1000	A22	C1	10000	100	0	0.5	300	1
174	0.169206965085	0.4679541015	0	0	0	0.169206965085	0.4679541015	FGr	1000	A22	C1	10000	100	0	0.5	300	1
175	0.3132061032	0.869281901	0	0	0	0.3132061032	0.869281901	NoCorrection	1000	A22	C1	10000	100	0	0.5	300	1
176	0.005390066455	0.0131171585	0	0.682	0.536	0.005390066455	0.0131171585	ID	1000	A22	C1	10000	100	0	0.5	300	1
177	0.0097323268175	0.033612176	0	0.425	0.344	0.0097323268175	0.033612176	1	10000	A22	C1	10000	100	0	0.5	300	0
178	0.012726537346	0.0642455065	0	0.298	0.063	0.012726537346	0.0642455065	FGr	10000	A22	C1	10000	100	0	0.5	300	0
179	0.002536927295	-0.019941898	0	0.826	0.575	0.002536927295	-0.019941898	NoCorrection	10000	A22	C1	10000	100	0	0.5	300	0
180	0.0095483402535	0.0339635675	0	0.447	0.329	0.0095483402535	0.0339635675	ID	10000	A22	C1	10000	100	0	0.5	300	0
181	0.0011436778555	0.037754401	0	0.94	0.234	0.0011436778555	0.037754401	1	10000	A22	C1	10000	100	0	0.5	300	0.1
182	0.00364279902450002	0.061019001	0	0.778	0.055	0.00364279902450002	0.061019001	FGr	10000	A22	C1	10000	100	0	0.5	300	0.1
183	0.0451844193025	0.284385024	0	0.003	0	0.0451844193025	0.284385024	NoCorrection	10000	A22	C1	10000	100	0	0.5	300	0.1
184	-3.86994150000081e-05	0.0341352055	0	0.994	0.281	-3.86994150000081e-05	0.0341352055	ID	10000	A22	C1	10000	100	0	0.5	300	0.1
185	-0.00315304297499997	0.00816998050000001	0	0.802	0.778	-0.00315304297499997	0.00816998050000001	1	10000	A22	C1	10000	100	0	0.5	300	0.5
186	0.0187061881145	0.1438838275	0	0.154	0	0.0187061881145	0.1438838275	FGr	10000	A22	C1	10000	100	0	0.5	300	0.5
187	0.18647517182	0.8983022425	0	0	0	0.18647517182	0.8983022425	NoCorrection	10000	A22	C1	10000	100	0	0.5	300	0.5
188	-0.004005081738	0.00199552449999999	0	0.759	0.945	-0.004005081738	0.00199552449999999	ID	10000	A22	C1	10000	100	0	0.5	300	0.5
189	0.00315976001999999	0.00746656500000004	0	0.8	0.814	0.00315976001999999	0.00746656500000004	1	10000	A22	C1	10000	100	0	0.5	300	1
190	0.03908730532	0.255356912	0	0.005	0	0.03908730532	0.255356912	FGr	10000	A22	C1	10000	100	0	0.5	300	1
191	0.38678493467	2.104219275	0	0	0	0.38678493467	2.104219275	NoCorrection	10000	A22	C1	10000	100	0	0.5	300	1
192	0.00282425574499999	0.00698767150000003	0	0.825	0.835	0.00282425574499999	0.00698767150000003	ID	10000	A22	C1	10000	100	0	0.5	300	1
193	0.00586724238050002	0.00586724238050001	0	0.565	0.539	0.00586724238050002	0.00586724238050001	1	300	A22	C1	10000	1000	0	0.5	300	0
194	0.00521276255950003	0.00521276255950009	0	0.596	0.584	0.00521276255950003	0.00521276255950009	FGr	300	A22	C1	10000	1000	0	0.5	300	0
195	0.00301966297834999	0.00301966297835	0	0.74	0.772	0.00301966297834999	0.00301966297835	NoCorrection	300	A22	C1	10000	1000	0	0.5	300	0
196	0.00456363455284998	0.00456363455284999	0	0.637	0.654	0.00456363455284998	0.00456363455284999	ID	300	A22	C1	10000	1000	0	0.5	300	0
197	-0.00130608888619999	-0.0013060888862	0	0.876	0.9	-0.00130608888619999	-0.0013060888862	1	300	A22	C1	10000	1000	0	0.5	300	0.1
198	0.0256512830842	0.0256512830842	0	0.004	0.013	0.0256512830842	0.0256512830842	FGr	300	A22	C1	10000	1000	0	0.5	300	0.1
199	0.03868301150865	0.03868301150865	0	0	0	0.03868301150865	0.03868301150865	NoCorrection	300	A22	C1	10000	1000	0	0.5	300	0.1
200	7.45881580999887e-05	7.45881580999871e-05	0	0.994	0.991	7.45881580999887e-05	7.45881580999871e-05	ID	300	A22	C1	10000	1000	0	0.5	300	0.1
201	-0.00207230903735	-0.00207230903735	0	0.847	0.829	-0.00207230903735	-0.00207230903735	1	300	A22	C1	10000	1000	0	0.5	300	0.5
202	0.102953458821	0.102953458821	0	0	0	0.102953458821	0.102953458821	FGr	300	A22	C1	10000	1000	0	0.5	300	0.5
203	0.16393421821964	0.16393421821964	0	0	0	0.16393421821964	0.16393421821964	NoCorrection	300	A22	C1	10000	1000	0	0.5	300	0.5
204	-0.002681938663	-0.002681938663	0	0.809	0.809	-0.002681938663	-0.002681938663	ID	300	A22	C1	10000	1000	0	0.5	300	0.5
205	-0.0067198193658	-0.00671981936580001	0	0.522	0.516	-0.0067198193658	-0.00671981936580001	1	300	A22	C1	10000	1000	0	0.5	300	1
206	0.2112590703065	0.2112590703065	0	0	0	0.2112590703065	0.2112590703065	FGr	300	A22	C1	10000	1000	0	0.5	300	1
207	0.329898471465	0.329898471465	0	0	0	0.329898471465	0.329898471465	NoCorrection	300	A22	C1	10000	1000	0	0.5	300	1
208	-0.0040181782968	-0.0040181782968	0	0.671	0.665	-0.0040181782968	-0.0040181782968	ID	300	A22	C1	10000	1000	0	0.5	300	1
209	-0.000662697335999991	-0.0147634617	0	0.945	0.316	-0.000662697335999991	-0.0147634617	1	1000	A22	C1	10000	1000	0	0.5	300	0
210	-0.00729579563425	-0.03561468	0	0.425	0.014	-0.00729579563425	-0.03561468	FGr	1000	A22	C1	10000	1000	0	0.5	300	0
211	-0.0143373318905	-0.05639072645	0	0.132	0.001	-0.0143373318905	-0.05639072645	NoCorrection	1000	A22	C1	10000	1000	0	0.5	300	0
212	-0.00263763716909999	-0.0205398863	0	0.759	0.162	-0.00263763716909999	-0.0205398863	ID	1000	A22	C1	10000	1000	0	0.5	300	0
213	0.0035931275358	-0.00923795870000002	0	0.67	0.498	0.0035931275358	-0.00923795870000002	1	1000	A22	C1	10000	1000	0	0.5	300	0.1
214	0.0174497719625	0.02361180455	0	0.063	0.084	0.0174497719625	0.02361180455	FGr	1000	A22	C1	10000	1000	0	0.5	300	0.1
215	0.0400753174285	0.0775513991	0	0	0	0.0400753174285	0.0775513991	NoCorrection	1000	A22	C1	10000	1000	0	0.5	300	0.1
216	0.0054436963728	-0.00367458379999999	0	0.526	0.765	0.0054436963728	-0.00367458379999999	ID	1000	A22	C1	10000	1000	0	0.5	300	0.1
217	-0.00060386546060001	-0.02448697025	0	0.931	0.089	-0.00060386546060001	-0.02448697025	1	1000	A22	C1	10000	1000	0	0.5	300	0.5
218	0.0635234093445	0.144955807	0	0	0	0.0635234093445	0.144955807	FGr	1000	A22	C1	10000	1000	0	0.5	300	0.5
219	0.16068963857785	0.37405285125	0	0	0	0.16068963857785	0.37405285125	NoCorrection	1000	A22	C1	10000	1000	0	0.5	300	0.5
220	0.000244488943900002	-0.01830942605	0	0.974	0.187	0.000244488943900002	-0.01830942605	ID	1000	A22	C1	10000	1000	0	0.5	300	0.5
221	-0.0087900455385	0.00269444569999996	0	0.333	0.85	-0.0087900455385	0.00269444569999996	1	1000	A22	C1	10000	1000	0	0.5	300	1
222	0.1155987486005	0.30300022995	0	0	0	0.1155987486005	0.30300022995	FGr	1000	A22	C1	10000	1000	0	0.5	300	1
223	0.299751247361	0.751622244850001	0	0	0	0.299751247361	0.751622244850001	NoCorrection	1000	A22	C1	10000	1000	0	0.5	300	1
224	-0.0116139557011	0.000992747599999989	0	0.185	0.947	-0.0116139557011	0.000992747599999989	ID	1000	A22	C1	10000	1000	0	0.5	300	1
225	0.00222288632109998	0.03528581305	0	0.793	0.123	0.00222288632109998	0.03528581305	1	10000	A22	C1	10000	1000	0	0.5	300	0
226	0.00214800706419998	0.0365655766000001	0	0.799	0.121	0.00214800706419998	0.0365655766000001	FGr	10000	A22	C1	10000	1000	0	0.5	300	0
227	-0.0101000540366	-0.06586933065	0	0.248	0.006	-0.0101000540366	-0.06586933065	NoCorrection	10000	A22	C1	10000	1000	0	0.5	300	0
228	0.00247855499199999	0.03885653305	0	0.752	0.108	0.00247855499199999	0.03885653305	ID	10000	A22	C1	10000	1000	0	0.5	300	0
229	-0.00635668899600003	-0.0139833646499999	0	0.489	0.479	-0.00635668899600003	-0.0139833646499999	1	10000	A22	C1	10000	1000	0	0.5	300	0.1
230	-0.0045267370203	-0.00650213365000003	0	0.587	0.754	-0.0045267370203	-0.00650213365000003	FGr	10000	A22	C1	10000	1000	0	0.5	300	0.1
231	0.0208590044395	0.19035180955	0	0.01	0	0.0208590044395	0.19035180955	NoCorrection	10000	A22	C1	10000	1000	0	0.5	300	0.1
232	-0.00635366380673999	-0.0166284314	0	0.443	0.438	-0.00635366380673999	-0.0166284314	ID	10000	A22	C1	10000	1000	0	0.5	300	0.1
233	-0.0023067185725	-0.0260542379500001	0	0.807	0.274	-0.0023067185725	-0.0260542379500001	1	10000	A22	C1	10000	1000	0	0.5	300	0.5
234	0.00467389160985	0.0142171669999998	0	0.565	0.518	0.00467389160985	0.0142171669999998	FGr	10000	A22	C1	10000	1000	0	0.5	300	0.5
235	0.1426752440125	1.0129827165	0	0	0	0.1426752440125	1.0129827165	NoCorrection	10000	A22	C1	10000	1000	0	0.5	300	0.5
236	-0.002085777878435	-0.0324080342000001	0	0.796	0.147	-0.002085777878435	-0.0324080342000001	ID	10000	A22	C1	10000	1000	0	0.5	300	0.5
237	-0.0104378478181	0.02554667725	0	0.254	0.261	-0.0104378478181	0.02554667725	1	10000	A22	C1	10000	1000	0	0.5	300	1
238	0.005817836311	0.1076359407	0	0.512	0	0.005817836311	0.1076359407	FGr	10000	A22	C1	10000	1000	0	0.5	300	1
239	0.28701497385	1.983571767	0	0	0	0.28701497385	1.983571767	NoCorrection	10000	A22	C1	10000	1000	0	0.5	300	1
240	-0.00997896366709999	0.01865221415	0	0.274	0.437	-0.00997896366709999	0.01865221415	ID	10000	A22	C1	10000	1000	0	0.5	300	1
241	-0.0184878957538	-0.0184878957538	0	0.028	0.035	-0.0184878957538	-0.0184878957538	1	300	A22	C1	10000	10000	0	0.5	300	0
242	-0.02020930215925	-0.02020930215925	0	0.022	0.024	-0.02020930215925	-0.02020930215925	FGr	300	A22	C1	10000	10000	0	0.5	300	0
243	-0.02204289482665	-0.02204289482665	0	0.014	0.015	-0.02204289482665	-0.02204289482665	NoCorrection	300	A22	C1	10000	10000	0	0.5	300	0
244	-0.0211201716839	-0.0211201716839	0	0.014	0.009	-0.0211201716839	-0.0211201716839	ID	300	A22	C1	10000	10000	0	0.5	300	0
245	0.00450177179945956	0.00450177179945956	0	0.595	0.606	0.00450177179945956	0.00450177179945956	1	300	A22	C1	10000	10000	0	0.5	300	0.1
246	0.0245464925076101	0.02454649250761	0	0.002	0.008	0.0245464925076101	0.02454649250761	FGr	300	A22	C1	10000	10000	0	0.5	300	0.1
247	0.0356002287042001	0.0356002287042001	0	0.001	0	0.0356002287042001	0.0356002287042001	NoCorrection	300	A22	C1	10000	10000	0	0.5	300	0.1
248	0.00500895934529994	0.00500895934529993	0	0.554	0.546	0.00500895934529994	0.00500895934529993	ID	300	A22	C1	10000	10000	0	0.5	300	0.1
249	-0.00419814235845002	-0.00419814235845004	0	0.633	0.617	-0.00419814235845002	-0.00419814235845004	1	300	A22	C1	10000	10000	0	0.5	300	0.5
250	0.0974737030539185	0.0974737030539185	0	0	0	0.0974737030539185	0.0974737030539185	FGr	300	A22	C1	10000	10000	0	0.5	300	0.5
251	0.14397658942785	0.14397658942785	0	0	0	0.14397658942785	0.14397658942785	NoCorrection	300	A22	C1	10000	10000	0	0.5	300	0.5
252	0.00394238122653995	0.00394238122653996	0	0.64	0.636	0.00394238122653995	0.00394238122653996	ID	300	A22	C1	10000	10000	0	0.5	300	0.5
253	-0.00413560164419999	-0.00413560164419999	0	0.64	0.628	-0.00413560164419999	-0.00413560164419999	1	300	A22	C1	10000	10000	0	0.5	300	1
254	0.186851086835	0.186851086835	0	0	0	0.186851086835	0.186851086835	FGr	300	A22	C1	10000	10000	0	0.5	300	1
255	0.2779511334225	0.2779511334225	0	0	0	0.2779511334225	0.2779511334225	NoCorrection	300	A22	C1	10000	10000	0	0.5	300	1
256	-0.00760025329394998	-0.00760025329394998	0	0.319	0.356	-0.00760025329394998	-0.00760025329394998	ID	300	A22	C1	10000	10000	0	0.5	300	1
257	0.00207242362829	0.00951608116999999	0	0.758	0.488	0.00207242362829	0.00951608116999999	1	1000	A22	C1	10000	10000	0	0.5	300	0
258	0.0145456913678995	0.032819315175	0	0.051	0.014	0.0145456913678995	0.032819315175	FGr	1000	A22	C1	10000	10000	0	0.5	300	0
259	0.015560440881455	0.0348604007799999	0	0.028	0.004	0.015560440881455	0.0348604007799999	NoCorrection	1000	A22	C1	10000	10000	0	0.5	300	0
260	0.00380127734514995	0.01310471384	0	0.617	0.294	0.00380127734514995	0.01310471384	ID	1000	A22	C1	10000	10000	0	0.5	300	0
261	-0.00810355381406505	0.00391100634500007	0	0.341	0.765	-0.00810355381406505	0.00391100634500007	1	1000	A22	C1	10000	10000	0	0.5	300	0.1
262	0.00946383777616996	0.043054116985	0	0.231	0.001	0.00946383777616996	0.043054116985	FGr	1000	A22	C1	10000	10000	0	0.5	300	0.1
263	0.0340306688493901	0.0997780226300002	0	0.001	0	0.0340306688493901	0.0997780226300002	NoCorrection	1000	A22	C1	10000	10000	0	0.5	300	0.1
264	-0.00688145483715004	0.00461166167499994	0	0.375	0.739	-0.00688145483715004	0.00461166167499994	ID	1000	A22	C1	10000	10000	0	0.5	300	0.1
265	0.0156741577330501	0.00936663573999999	0	0.07	0.497	0.0156741577330501	0.00936663573999999	1	1000	A22	C1	10000	10000	0	0.5	300	0.5
266	0.0825585872415251	0.16259233704	0	0	0	0.0825585872415251	0.16259233704	FGr	1000	A22	C1	10000	10000	0	0.5	300	0.5
267	0.23252355848285	0.497617758865	0	0	0	0.23252355848285	0.497617758865	NoCorrection	1000	A22	C1	10000	10000	0	0.5	300	0.5
268	0.01960849024605	0.022682759715	0	0.03	0.089	0.01960849024605	0.022682759715	ID	1000	A22	C1	10000	10000	0	0.5	300	0.5
269	0.000613966538300083	-0.01190829671	0	0.938	0.379	0.000613966538300083	-0.01190829671	1	1000	A22	C1	10000	10000	0	0.5	300	1
270	0.1231384248731	0.249748639029999	0	0	0	0.1231384248731	0.249748639029999	FGr	1000	A22	C1	10000	10000	0	0.5	300	1
271	0.410956753578101	0.916070394825	0	0	0	0.410956753578101	0.916070394825	NoCorrection	1000	A22	C1	10000	10000	0	0.5	300	1
272	0.00377536603454964	-0.00137370977499985	0	0.656	0.923	0.00377536603454964	-0.00137370977499985	ID	1000	A22	C1	10000	10000	0	0.5	300	1
273	-0.0081735883098	0.0052681624099999	0	0.327	0.811	-0.0081735883098	0.0052681624099999	1	10000	A22	C1	10000	10000	0	0.5	300	0
274	-0.004910325775098	0.0238334939449997	0	0.578	0.312	-0.004910325775098	0.0238334939449997	FGr	10000	A22	C1	10000	10000	0	0.5	300	0
275	-0.0120470907166	-0.02406021283	0	0.155	0.291	-0.0120470907166	-0.02406021283	NoCorrection	10000	A22	C1	10000	10000	0	0.5	300	0
276	-0.00835640064440001	0.00510303158499993	0	0.34	0.831	-0.00835640064440001	0.00510303158499993	ID	10000	A22	C1	10000	10000	0	0.5	300	0
277	-0.00443972512282994	-0.0222017321750001	0	0.6	0.276	-0.00443972512282994	-0.0222017321750001	1	10000	A22	C1	10000	10000	0	0.5	300	0.1
278	-0.00416711062646998	-0.0202898703100002	0	0.591	0.353	-0.00416711062646998	-0.0202898703100002	FGr	10000	A22	C1	10000	10000	0	0.5	300	0.1
279	0.0538951844917503	0.238808947274999	0	0	0	0.0538951844917503	0.238808947274999	NoCorrection	10000	A22	C1	10000	10000	0	0.5	300	0.1
280	-0.00392856667000999	-0.0175403971399998	0	0.632	0.383	-0.00392856667000999	-0.0175403971399998	ID	10000	A22	C1	10000	10000	0	0.5	300	0.1
281	-0.01355405496013	-0.00871913585000016	0	0.06	0.734	-0.01355405496013	-0.00871913585000016	1	10000	A22	C1	10000	10000	0	0.5	300	0.5
282	-0.00213700467585003	0.040442579635	0	0.773	0.054	-0.00213700467585003	0.040442579635	FGr	10000	A22	C1	10000	10000	0	0.5	300	0.5
283	0.20523680260115	1.08516169948	0	0	0	0.20523680260115	1.08516169948	NoCorrection	10000	A22	C1	10000	10000	0	0.5	300	0.5
284	-0.013350724363045	-0.01812773283	0	0.049	0.409	-0.013350724363045	-0.01812773283	ID	10000	A22	C1	10000	10000	0	0.5	300	0.5
285	-0.00585824063427509	-0.017528746715	0	0.43	0.397	-0.00585824063427509	-0.017528746715	1	10000	A22	C1	10000	10000	0	0.5	300	1
286	0.0105893442567152	0.0687813582549997	0	0.203	0.003	0.0105893442567152	0.0687813582549997	FGr	10000	A22	C1	10000	10000	0	0.5	300	1
287	0.425331812664499	1.9767021712	0	0	0	0.425331812664499	1.9767021712	NoCorrection	10000	A22	C1	10000	10000	0	0.5	300	1
288	-0.00570165579164971	-0.0177711693499998	0	0.46	0.409	-0.00570165579164971	-0.0177711693499998	ID	10000	A22	C1	10000	10000	0	0.5	300	1
289	0.027698178726	0.027698178726	0	0.458	0.481	0.027698178726	0.027698178726	1	300	A22	C2	1000	100	0	0.5	300	0
290	0.030089549995	0.030089549995	0	0.411	0.41	0.030089549995	0.030089549995	FGr	300	A22	C2	1000	100	0	0.5	300	0
291	0.0293646319	0.0293646319	0	0.433	0.465	0.0293646319	0.0293646319	NoCorrection	300	A22	C2	1000	100	0	0.5	300	0
292	0.0270643429	0.0270643429	0	0.491	0.492	0.0270643429	0.0270643429	ID	300	A22	C2	1000	100	0	0.5	300	0
293	0.03035466285	0.0303546628500001	0	0.359	0.328	0.03035466285	0.0303546628500001	1	300	A22	C2	1000	100	0	0.5	300	0.1
294	0.02858115277	0.0285811527699999	0	0.358	0.354	0.02858115277	0.0285811527699999	FGr	300	A22	C2	1000	100	0	0.5	300	0.1
295	0.028468790885	0.028468790885	0	0.385	0.355	0.028468790885	0.028468790885	NoCorrection	300	A22	C2	1000	100	0	0.5	300	0.1
296	0.03117222276	0.03117222276	0	0.329	0.333	0.03117222276	0.03117222276	ID	300	A22	C2	1000	100	0	0.5	300	0.1
297	0.020814293526	0.020814293526	0	0.597	0.596	0.020814293526	0.020814293526	1	300	A22	C2	1000	100	0	0.5	300	0.5
298	0.00708666005500003	0.00708666005499997	0	0.857	0.862	0.00708666005500003	0.00708666005499997	FGr	300	A22	C2	1000	100	0	0.5	300	0.5
299	0.00792709182000004	0.00792709182000002	0	0.84	0.851	0.00792709182000004	0.00792709182000002	NoCorrection	300	A22	C2	1000	100	0	0.5	300	0.5
300	0.040402092735	0.040402092735	0	0.249	0.262	0.040402092735	0.040402092735	ID	300	A22	C2	1000	100	0	0.5	300	0.5
301	-0.04046126978	-0.04046126978	0	0.274	0.271	-0.04046126978	-0.04046126978	1	300	A22	C2	1000	100	0	0.5	300	1
302	-0.05964956522	-0.0596495652200001	0	0.256	0.251	-0.05964956522	-0.0596495652200001	FGr	300	A22	C2	1000	100	0	0.5	300	1
303	-0.058705462365	-0.058705462365	0	0.246	0.247	-0.058705462365	-0.058705462365	NoCorrection	300	A22	C2	1000	100	0	0.5	300	1
304	-0.011586593765	-0.011586593765	0	0.722	0.75	-0.011586593765	-0.011586593765	ID	300	A22	C2	1000	100	0	0.5	300	1
305	0.03239538262	0.0878089759999999	0	0.277	0.078	0.03239538262	0.0878089759999999	1	1000	A22	C2	1000	100	0	0.5	300	0
306	0.033830091455	0.104161128	0	0.306	0.043	0.033830091455	0.104161128	FGr	1000	A22	C2	1000	100	0	0.5	300	0
307	0.0338093383	0.0993704959999999	0	0.308	0.038	0.0338093383	0.0993704959999999	NoCorrection	1000	A22	C2	1000	100	0	0.5	300	0
308	0.03027305408	0.0852328944999999	0	0.368	0.076	0.03027305408	0.0852328944999999	ID	1000	A22	C2	1000	100	0	0.5	300	0
309	0.0310317795355	0.0043328	0	0.359	0.93	0.0310317795355	0.0043328	1	1000	A22	C2	1000	100	0	0.5	300	0.1
310	0.029920729184	0.013000719	0	0.377	0.814	0.029920729184	0.013000719	FGr	1000	A22	C2	1000	100	0	0.5	300	0.1
311	0.029922531255	-0.000741222500000008	0	0.386	0.993	0.029922531255	-0.000741222500000008	NoCorrection	1000	A22	C2	1000	100	0	0.5	300	0.1
312	0.033294347053	0.0329729075	0	0.332	0.541	0.033294347053	0.0329729075	ID	1000	A22	C2	1000	100	0	0.5	300	0.1
313	-0.0576744204000001	-0.0908329585	0	0.099	0.123	-0.0576744204000001	-0.0908329585	1	1000	A22	C2	1000	100	0	0.5	300	0.5
314	-0.06705978926	-0.0737076255	0	0.094	0.23	-0.06705978926	-0.0737076255	FGr	1000	A22	C2	1000	100	0	0.5	300	0.5
315	-0.06686020695	-0.077137689	0	0.119	0.219	-0.06686020695	-0.077137689	NoCorrection	1000	A22	C2	1000	100	0	0.5	300	0.5
316	-0.051211892023	-0.070479722	0	0.18	0.234	-0.051211892023	-0.070479722	ID	1000	A22	C2	1000	100	0	0.5	300	0.5
317	-0.00122791393150001	-0.0735052740000001	0	0.97	0.181	-0.00122791393150001	-0.0735052740000001	1	1000	A22	C2	1000	100	0	0.5	300	1
318	-0.02455220387	-0.00915358000000006	0	0.682	0.922	-0.02455220387	-0.00915358000000006	FGr	1000	A22	C2	1000	100	0	0.5	300	1
319	-0.02435512201	-0.00446390350000001	0	0.641	0.959	-0.02435512201	-0.00446390350000001	NoCorrection	1000	A22	C2	1000	100	0	0.5	300	1
320	0.01245853430105	-0.0287693665000001	0	0.722	0.615	0.01245853430105	-0.0287693665000001	ID	1000	A22	C2	1000	100	0	0.5	300	1
321	0.03103388114	0.0251272055000001	0	0.326	0.793	0.03103388114	0.0251272055000001	1	10000	A22	C2	1000	100	0	0.5	300	0
322	0.0273518449450002	0.0325660305	0	0.373	0.716	0.0273518449450002	0.0325660305	FGr	10000	A22	C2	1000	100	0	0.5	300	0
323	0.027307498095	0.0432439405	0	0.365	0.637	0.027307498095	0.0432439405	NoCorrection	10000	A22	C2	1000	100	0	0.5	300	0
324	0.0314136210449999	0.0314611515000001	0	0.299	0.721	0.0314136210449999	0.0314611515000001	ID	10000	A22	C2	1000	100	0	0.5	300	0
325	0.00316362199999999	0.0696963745000001	0	0.909	0.414	0.00316362199999999	0.0696963745000001	1	10000	A22	C2	1000	100	0	0.5	300	0.1
326	0.014189771355	0.0371218430000001	0	0.648	0.656	0.014189771355	0.0371218430000001	FGr	10000	A22	C2	1000	100	0	0.5	300	0.1
327	0.01425945233	0.0353741545	0	0.646	0.683	0.01425945233	0.0353741545	NoCorrection	10000	A22	C2	1000	100	0	0.5	300	0.1
328	0.00372034693500001	0.0493296340000001	0	0.907	0.558	0.00372034693500001	0.0493296340000001	ID	10000	A22	C2	1000	100	0	0.5	300	0.1
329	0.019983399395	0.0517837165	0	0.531	0.561	0.019983399395	0.0517837165	1	10000	A22	C2	1000	100	0	0.5	300	0.5
330	0.0618043055	0.113357865	0	0.127	0.251	0.0618043055	0.113357865	FGr	10000	A22	C2	1000	100	0	0.5	300	0.5
331	0.06182274456	0.130059415	0	0.119	0.2	0.06182274456	0.130059415	NoCorrection	10000	A22	C2	1000	100	0	0.5	300	0.5
332	0.0211081806076	0.06498407	0	0.549	0.495	0.0211081806076	0.06498407	ID	10000	A22	C2	1000	100	0	0.5	300	0.5
333	0.00694858483500005	0.067946765	0	0.835	0.506	0.00694858483500005	0.067946765	1	10000	A22	C2	1000	100	0	0.5	300	1
334	0.0756592596	-0.037607755	0	0.125	0.745	0.0756592596	-0.037607755	FGr	10000	A22	C2	1000	100	0	0.5	300	1
335	0.07553487579	-0.00831289500000019	0	0.13	0.943	0.07553487579	-0.00831289500000019	NoCorrection	10000	A22	C2	1000	100	0	0.5	300	1
336	0.00749874330000005	0.0744578400000002	0	0.822	0.429	0.00749874330000005	0.0744578400000002	ID	10000	A22	C2	1000	100	0	0.5	300	1
337	0.00704978235700014	0.00704978235700016	0	0.693	0.717	0.00704978235700014	0.00704978235700016	1	300	A22	C2	1000	1000	0	0.5	300	0
338	0.00568944011699984	0.00568944011699992	0	0.758	0.753	0.00568944011699984	0.00568944011699992	FGr	300	A22	C2	1000	1000	0	0.5	300	0
339	0.00696644891700011	0.00696644891700021	0	0.712	0.672	0.00696644891700011	0.00696644891700021	NoCorrection	300	A22	C2	1000	1000	0	0.5	300	0
340	0.00745806632100034	0.00745806632100035	0	0.686	0.701	0.00745806632100034	0.00745806632100035	ID	300	A22	C2	1000	1000	0	0.5	300	0
341	0.00297232906150001	0.0029723290615	0	0.897	0.892	0.00297232906150001	0.0029723290615	1	300	A22	C2	1000	1000	0	0.5	300	0.1
342	0.00385587175950001	0.00385587175950001	0	0.857	0.852	0.00385587175950001	0.00385587175950001	FGr	300	A22	C2	1000	1000	0	0.5	300	0.1
343	0.0037159079465	0.0037159079465	0	0.855	0.867	0.0037159079465	0.0037159079465	NoCorrection	300	A22	C2	1000	1000	0	0.5	300	0.1
344	0.00344221362199998	0.00344221362199999	0	0.865	0.86	0.00344221362199998	0.00344221362199999	ID	300	A22	C2	1000	1000	0	0.5	300	0.1
345	0.021213410664	0.021213410664	0	0.332	0.336	0.021213410664	0.021213410664	1	300	A22	C2	1000	1000	0	0.5	300	0.5
346	0.0160701767285001	0.0160701767285001	0	0.465	0.503	0.0160701767285001	0.0160701767285001	FGr	300	A22	C2	1000	1000	0	0.5	300	0.5
347	0.0179321624045001	0.0179321624045002	0	0.435	0.433	0.0179321624045001	0.0179321624045002	NoCorrection	300	A22	C2	1000	1000	0	0.5	300	0.5
348	0.0223576937835	0.0223576937835	0	0.266	0.276	0.0223576937835	0.0223576937835	ID	300	A22	C2	1000	1000	0	0.5	300	0.5
349	-0.0105011277455	-0.0105011277455	0	0.604	0.626	-0.0105011277455	-0.0105011277455	1	300	A22	C2	1000	1000	0	0.5	300	1
350	-0.019348322395	-0.019348322395	0	0.513	0.523	-0.019348322395	-0.019348322395	FGr	300	A22	C2	1000	1000	0	0.5	300	1
351	-0.0191478345099999	-0.01914783451	0	0.557	0.547	-0.0191478345099999	-0.01914783451	NoCorrection	300	A22	C2	1000	1000	0	0.5	300	1
352	-0.0101709469437	-0.0101709469437	0	0.585	0.589	-0.0101709469437	-0.0101709469437	ID	300	A22	C2	1000	1000	0	0.5	300	1
353	-0.03502402086	-0.02772602465	0	0.069	0.441	-0.03502402086	-0.02772602465	1	1000	A22	C2	1000	1000	0	0.5	300	0
354	-0.0382268532383	-0.0498268412	0	0.043	0.153	-0.0382268532383	-0.0498268412	FGr	1000	A22	C2	1000	1000	0	0.5	300	0
355	-0.0379891352177	-0.0493960192	0	0.035	0.166	-0.0379891352177	-0.0493960192	NoCorrection	1000	A22	C2	1000	1000	0	0.5	300	0
356	-0.034569523811	-0.02506260015	0	0.086	0.476	-0.034569523811	-0.02506260015	ID	1000	A22	C2	1000	1000	0	0.5	300	0
357	-0.029081137612	-0.07858006	0	0.176	0.01	-0.029081137612	-0.07858006	1	1000	A22	C2	1000	1000	0	0.5	300	0.1
358	-0.0231629125525	-0.0671769268000001	0	0.276	0.038	-0.0231629125525	-0.0671769268000001	FGr	1000	A22	C2	1000	1000	0	0.5	300	0.1
359	-0.0224575495895	-0.0703089522500001	0	0.298	0.032	-0.0224575495895	-0.0703089522500001	NoCorrection	1000	A22	C2	1000	1000	0	0.5	300	0.1
360	-0.02936478733516	-0.0724260683500002	0	0.147	0.024	-0.02936478733516	-0.0724260683500002	ID	1000	A22	C2	1000	1000	0	0.5	300	0.1
361	-0.0128641004450001	-0.0303827517499999	0	0.598	0.447	-0.0128641004450001	-0.0303827517499999	1	1000	A22	C2	1000	1000	0	0.5	300	0.5
362	-0.000924223198000031	0.0129880338000001	0	0.972	0.746	-0.000924223198000031	0.0129880338000001	FGr	1000	A22	C2	1000	1000	0	0.5	300	0.5
363	0.000316872482000005	0.0164351174	0	0.989	0.685	0.000316872482000005	0.0164351174	NoCorrection	1000	A22	C2	1000	1000	0	0.5	300	0.5
364	-0.0137998857945	-0.0346540268499999	0	0.572	0.354	-0.0137998857945	-0.0346540268499999	ID	1000	A22	C2	1000	1000	0	0.5	300	0.5
365	-0.0561409837200501	-0.0542205592999999	0	0.006	0.11	-0.0561409837200501	-0.0542205592999999	1	1000	A22	C2	1000	1000	0	0.5	300	1
366	-0.0195416950491	0.0293570152	0	0.514	0.583	-0.0195416950491	0.0293570152	FGr	1000	A22	C2	1000	1000	0	0.5	300	1
367	-0.0196959301395	0.03537337715	0	0.51	0.528	-0.0196959301395	0.03537337715	NoCorrection	1000	A22	C2	1000	1000	0	0.5	300	1
368	-0.054248124633	-0.04949467175	0	0.007	0.136	-0.054248124633	-0.04949467175	ID	1000	A22	C2	1000	1000	0	0.5	300	1
369	0.03361565957	0.00618792169999987	0	0.084	0.89	0.03361565957	0.00618792169999987	1	10000	A22	C2	1000	1000	0	0.5	300	0
370	0.0340165940175	0.0154059312500002	0	0.092	0.752	0.0340165940175	0.0154059312500002	FGr	10000	A22	C2	1000	1000	0	0.5	300	0
371	0.0334665122323	7.09693999997238e-05	0	0.087	0.999	0.0334665122323	7.09693999997238e-05	NoCorrection	10000	A22	C2	1000	1000	0	0.5	300	0
372	0.0335524764875	-0.00453945679999997	0	0.09	0.928	0.0335524764875	-0.00453945679999997	ID	10000	A22	C2	1000	1000	0	0.5	300	0
373	-0.012810429455	0.0351754908	0	0.554	0.508	-0.012810429455	0.0351754908	1	10000	A22	C2	1000	1000	0	0.5	300	0.1
374	-0.015045015156	0.0771375375	0	0.468	0.115	-0.015045015156	0.0771375375	FGr	10000	A22	C2	1000	1000	0	0.5	300	0.1
375	-0.0137959592196	0.0566676825	0	0.55	0.227	-0.0137959592196	0.0566676825	NoCorrection	10000	A22	C2	1000	1000	0	0.5	300	0.1
376	-0.013100410709	0.0419834596	0	0.563	0.406	-0.013100410709	0.0419834596	ID	10000	A22	C2	1000	1000	0	0.5	300	0.1
377	0.00820859796900003	0.00807637064999944	0	0.702	0.87	0.00820859796900003	0.00807637064999944	1	10000	A22	C2	1000	1000	0	0.5	300	0.5
378	0.00453979608950003	0.1043193225	0	0.858	0.105	0.00453979608950003	0.1043193225	FGr	10000	A22	C2	1000	1000	0	0.5	300	0.5
379	0.00511448230899971	0.1144423085	0	0.83	0.083	0.00511448230899971	0.1144423085	NoCorrection	10000	A22	C2	1000	1000	0	0.5	300	0.5
380	0.00732014213149983	-0.0102755562500004	0	0.754	0.875	0.00732014213149983	-0.0102755562500004	ID	10000	A22	C2	1000	1000	0	0.5	300	0.5
381	0.0241512483650003	0.062606719	0	0.292	0.226	0.0241512483650003	0.062606719	1	10000	A22	C2	1000	1000	0	0.5	300	1
382	0.0180076789836002	0.0874645914999992	0	0.554	0.251	0.0180076789836002	0.0874645914999992	FGr	10000	A22	C2	1000	1000	0	0.5	300	1
383	0.0190376875850003	0.0766027434999994	0	0.561	0.325	0.0190376875850003	0.0766027434999994	NoCorrection	10000	A22	C2	1000	1000	0	0.5	300	1
384	0.0224316776245	0.0522355094999996	0	0.323	0.338	0.0224316776245	0.0522355094999996	ID	10000	A22	C2	1000	1000	0	0.5	300	1
385	-0.00940105985899975	-0.00940105985899975	0	0.629	0.629	-0.00940105985899975	-0.00940105985899975	1	300	A22	C2	1000	10000	0	0.5	300	0
386	-0.00916466194844954	-0.00916466194844957	0	0.605	0.621	-0.00916466194844954	-0.00916466194844957	FGr	300	A22	C2	1000	10000	0	0.5	300	0
387	-0.00919317669966347	-0.00919317669966348	0	0.605	0.605	-0.00919317669966347	-0.00919317669966348	NoCorrection	300	A22	C2	1000	10000	0	0.5	300	0
388	-0.00878106958879997	-0.0087810695888	0	0.614	0.632	-0.00878106958879997	-0.0087810695888	ID	300	A22	C2	1000	10000	0	0.5	300	0
389	-0.0242549754341402	-0.0242549754341402	0	0.16	0.163	-0.0242549754341402	-0.0242549754341402	1	300	A22	C2	1000	10000	0	0.5	300	0.1
390	-0.0239161580371002	-0.0239161580371002	0	0.16	0.172	-0.0239161580371002	-0.0239161580371002	FGr	300	A22	C2	1000	10000	0	0.5	300	0.1
391	-0.0238870763314299	-0.0238870763314299	0	0.179	0.186	-0.0238870763314299	-0.0238870763314299	NoCorrection	300	A22	C2	1000	10000	0	0.5	300	0.1
392	-0.0252626488241	-0.0252626488241	0	0.144	0.136	-0.0252626488241	-0.0252626488241	ID	300	A22	C2	1000	10000	0	0.5	300	0.1
393	0.0138123374389501	0.0138123374389501	0	0.457	0.454	0.0138123374389501	0.0138123374389501	1	300	A22	C2	1000	10000	0	0.5	300	0.5
394	0.01359252304995	0.01359252304995	0	0.472	0.472	0.01359252304995	0.01359252304995	FGr	300	A22	C2	1000	10000	0	0.5	300	0.5
395	0.0135194560175	0.0135194560175	0	0.482	0.478	0.0135194560175	0.0135194560175	NoCorrection	300	A22	C2	1000	10000	0	0.5	300	0.5
396	0.00336301157634991	0.00336301157634988	0	0.847	0.846	0.00336301157634991	0.00336301157634988	ID	300	A22	C2	1000	10000	0	0.5	300	0.5
397	-0.00275480464585999	-0.00275480464585997	0	0.893	0.893	-0.00275480464585999	-0.00275480464585997	1	300	A22	C2	1000	10000	0	0.5	300	1
398	-0.00235029562855017	-0.00235029562855019	0	0.943	0.933	-0.00235029562855017	-0.00235029562855019	FGr	300	A22	C2	1000	10000	0	0.5	300	1
399	-0.00239112251555001	-0.00239112251555004	0	0.918	0.928	-0.00239112251555001	-0.00239112251555004	NoCorrection	300	A22	C2	1000	10000	0	0.5	300	1
400	-0.0226259380192009	-0.0226259380192008	0	0.234	0.221	-0.0226259380192009	-0.0226259380192008	ID	300	A22	C2	1000	10000	0	0.5	300	1
401	0.00612191042450008	-0.0113285927800001	0	0.752	0.681	0.00612191042450008	-0.0113285927800001	1	1000	A22	C2	1000	10000	0	0.5	300	0
402	0.00629057634470005	-0.01478364063	0	0.748	0.598	0.00629057634470005	-0.01478364063	FGr	1000	A22	C2	1000	10000	0	0.5	300	0
403	0.00611327233059994	-0.0143588849050001	0	0.747	0.635	0.00611327233059994	-0.0143588849050001	NoCorrection	1000	A22	C2	1000	10000	0	0.5	300	0
404	0.00643545325359998	-0.00952229224999997	0	0.757	0.746	0.00643545325359998	-0.00952229224999997	ID	1000	A22	C2	1000	10000	0	0.5	300	0
405	0.0117160027621001	0.025982221775	0	0.521	0.373	0.0117160027621001	0.025982221775	1	1000	A22	C2	1000	10000	0	0.5	300	0.1
406	0.0128493415813199	0.011634389925	0	0.495	0.694	0.0128493415813199	0.011634389925	FGr	1000	A22	C2	1000	10000	0	0.5	300	0.1
407	0.0123451248045001	0.01459468842	0	0.503	0.634	0.0123451248045001	0.01459468842	NoCorrection	1000	A22	C2	1000	10000	0	0.5	300	0.1
408	0.0109394743382999	0.018988769265	0	0.537	0.519	0.0109394743382999	0.018988769265	ID	1000	A22	C2	1000	10000	0	0.5	300	0.1
409	-0.0119473305910805	0.01978693157	0	0.558	0.491	-0.0119473305910805	0.01978693157	1	1000	A22	C2	1000	10000	0	0.5	300	0.5
410	-0.01002092206293	0.0169582639549992	0	0.635	0.619	-0.01002092206293	0.0169582639549992	FGr	1000	A22	C2	1000	10000	0	0.5	300	0.5
411	-0.00967204999890007	0.0170768982949999	0	0.666	0.631	-0.00967204999890007	0.0170768982949999	NoCorrection	1000	A22	C2	1000	10000	0	0.5	300	0.5
412	-0.0129604067191996	0.018974827455	0	0.547	0.506	-0.0129604067191996	0.018974827455	ID	1000	A22	C2	1000	10000	0	0.5	300	0.5
413	0.00635928028890009	-0.03913943788	0	0.703	0.193	0.00635928028890009	-0.03913943788	1	1000	A22	C2	1000	10000	0	0.5	300	1
414	0.0149926448177995	-0.0047584231149995	0	0.558	0.921	0.0149926448177995	-0.0047584231149995	FGr	1000	A22	C2	1000	10000	0	0.5	300	1
415	0.0128686802298508	0.00190234234499914	0	0.639	0.965	0.0128686802298508	0.00190234234499914	NoCorrection	1000	A22	C2	1000	10000	0	0.5	300	1
416	0.00300714264869999	-0.0328772838550002	0	0.856	0.282	0.00300714264869999	-0.0328772838550002	ID	1000	A22	C2	1000	10000	0	0.5	300	1
417	-0.000692878595059933	0.0441577856550004	0	0.974	0.383	-0.000692878595059933	0.0441577856550004	1	10000	A22	C2	1000	10000	0	0.5	300	0
418	0.000308855475700099	0.05228548065	0	0.989	0.293	0.000308855475700099	0.05228548065	FGr	10000	A22	C2	1000	10000	0	0.5	300	0
419	0.000265645105450253	0.0570899530199998	0	0.988	0.247	0.000265645105450253	0.0570899530199998	NoCorrection	10000	A22	C2	1000	10000	0	0.5	300	0
420	-0.000569963396550502	0.0394377828450007	0	0.977	0.446	-0.000569963396550502	0.0394377828450007	ID	10000	A22	C2	1000	10000	0	0.5	300	0
421	0.00795901791724982	-0.0211578942700005	0	0.67	0.654	0.00795901791724982	-0.0211578942700005	1	10000	A22	C2	1000	10000	0	0.5	300	0.1
422	0.00773163604805004	-0.0248083709450005	0	0.682	0.592	0.00773163604805004	-0.0248083709450005	FGr	10000	A22	C2	1000	10000	0	0.5	300	0.1
423	0.00771224357670021	-0.0247939652749994	0	0.702	0.609	0.00771224357670021	-0.0247939652749994	NoCorrection	10000	A22	C2	1000	10000	0	0.5	300	0.1
424	0.0078815446557998	-0.0241029600249993	0	0.702	0.62	0.0078815446557998	-0.0241029600249993	ID	10000	A22	C2	1000	10000	0	0.5	300	0.1
425	0.00487888668789001	0.0457561101499999	0	0.813	0.35	0.00487888668789001	0.0457561101499999	1	10000	A22	C2	1000	10000	0	0.5	300	0.5
426	-0.00417159963231999	0.0341232971499982	0	0.853	0.527	-0.00417159963231999	0.0341232971499982	FGr	10000	A22	C2	1000	10000	0	0.5	300	0.5
427	-0.00410461412660022	0.0371563285999992	0	0.87	0.505	-0.00410461412660022	0.0371563285999992	NoCorrection	10000	A22	C2	1000	10000	0	0.5	300	0.5
428	0.00401316478499996	0.0532374101999998	0	0.853	0.261	0.00401316478499996	0.0532374101999998	ID	10000	A22	C2	1000	10000	0	0.5	300	0.5
429	0.000757463032599974	-0.000738741714999951	0	0.972	0.989	0.000757463032599974	-0.000738741714999951	1	10000	A22	C2	1000	10000	0	0.5	300	1
430	-0.0179275286828502	-0.03438175385	0	0.577	0.611	-0.0179275286828502	-0.03438175385	FGr	10000	A22	C2	1000	10000	0	0.5	300	1
431	-0.0179197658960403	-0.0209357100500007	0	0.569	0.779	-0.0179197658960403	-0.0209357100500007	NoCorrection	10000	A22	C2	1000	10000	0	0.5	300	1
432	-0.00101488434480001	-0.0164190367150005	0	0.959	0.72	-0.00101488434480001	-0.0164190367150005	ID	10000	A22	C2	1000	10000	0	0.5	300	1
433	0.019561054571	0.019561054571	0	0.072	0.066	0.019561054571	0.019561054571	1	300	A22	C2	10000	100	0	0.5	300	0
434	0.0212422249513	0.0212422249513	0	0.045	0.037	0.0212422249513	0.0212422249513	FGr	300	A22	C2	10000	100	0	0.5	300	0
435	0.021207043835	0.021207043835	0	0.041	0.029	0.021207043835	0.021207043835	NoCorrection	300	A22	C2	10000	100	0	0.5	300	0
436	0.020169832525	0.020169832525	0	0.05	0.057	0.020169832525	0.020169832525	ID	300	A22	C2	10000	100	0	0.5	300	0
437	-0.011630609728	-0.011630609728	0	0.281	0.28	-0.011630609728	-0.011630609728	1	300	A22	C2	10000	100	0	0.5	300	0.1
438	-0.0064443472795	-0.0064443472795	0	0.58	0.579	-0.0064443472795	-0.0064443472795	FGr	300	A22	C2	10000	100	0	0.5	300	0.1
439	-0.00645132431799999	-0.006451324318	0	0.6	0.557	-0.00645132431799999	-0.006451324318	NoCorrection	300	A22	C2	10000	100	0	0.5	300	0.1
440	-0.010504840329	-0.010504840329	0	0.331	0.321	-0.010504840329	-0.010504840329	ID	300	A22	C2	10000	100	0	0.5	300	0.1
441	-0.0084596092495	-0.0084596092495	0	0.439	0.44	-0.0084596092495	-0.0084596092495	1	300	A22	C2	10000	100	0	0.5	300	0.5
442	0.013323281275	0.013323281275	0	0.496	0.49	0.013323281275	0.013323281275	FGr	300	A22	C2	10000	100	0	0.5	300	0.5
443	0.013323868905	0.013323868905	0	0.494	0.51	0.013323868905	0.013323868905	NoCorrection	300	A22	C2	10000	100	0	0.5	300	0.5
444	-0.00983635083099999	-0.009836350831	0	0.33	0.343	-0.00983635083099999	-0.009836350831	ID	300	A22	C2	10000	100	0	0.5	300	0.5
445	0.016285510417505	0.016285510417505	0	0.205	0.2	0.016285510417505	0.016285510417505	1	300	A22	C2	10000	100	0	0.5	300	1
446	0.0591626902	0.0591626902	0	0.107	0.112	0.0591626902	0.0591626902	FGr	300	A22	C2	10000	100	0	0.5	300	1
447	0.0592051833	0.0592051833	0	0.115	0.11	0.0592051833	0.0592051833	NoCorrection	300	A22	C2	10000	100	0	0.5	300	1
448	0.015109163804	0.015109163804	0	0.174	0.19	0.015109163804	0.015109163804	ID	300	A22	C2	10000	100	0	0.5	300	1
449	0.010356751322	0.00949699650000001	0	0.372	0.587	0.010356751322	0.00949699650000001	1	1000	A22	C2	10000	100	0	0.5	300	0
450	0.01066913878	0.011691906	0	0.344	0.504	0.01066913878	0.011691906	FGr	1000	A22	C2	10000	100	0	0.5	300	0
451	0.01067963308	0.011731447	0	0.333	0.534	0.01067963308	0.011731447	NoCorrection	1000	A22	C2	10000	100	0	0.5	300	0
452	0.0112096915625	0.011725947	0	0.341	0.526	0.0112096915625	0.011725947	ID	1000	A22	C2	10000	100	0	0.5	300	0
453	0.02165991541	0.0305523635	0	0.046	0.096	0.02165991541	0.0305523635	1	1000	A22	C2	10000	100	0	0.5	300	0.1
454	0.025810091945	0.0447146285	0	0.026	0.017	0.025810091945	0.0447146285	FGr	1000	A22	C2	10000	100	0	0.5	300	0.1
455	0.025791130205	0.0446135115	0	0.021	0.017	0.025791130205	0.0446135115	NoCorrection	1000	A22	C2	10000	100	0	0.5	300	0.1
456	0.02176113941	0.026169762	0	0.061	0.137	0.02176113941	0.026169762	ID	1000	A22	C2	10000	100	0	0.5	300	0.1
457	-0.005275493962	-0.0272768345	0	0.62	0.118	-0.005275493962	-0.0272768345	1	1000	A22	C2	10000	100	0	0.5	300	0.5
458	0.018699056145	0.005380567	0	0.35	0.88	0.018699056145	0.005380567	FGr	1000	A22	C2	10000	100	0	0.5	300	0.5
459	0.01864060115	0.00537838150000001	0	0.371	0.874	0.01864060115	0.00537838150000001	NoCorrection	1000	A22	C2	10000	100	0	0.5	300	0.5
460	-0.004849926005	-0.0311872165	0	0.654	0.07	-0.004849926005	-0.0311872165	ID	1000	A22	C2	10000	100	0	0.5	300	0.5
461	-0.004852399285	0.0116422325	0	0.607	0.503	-0.004852399285	0.0116422325	1	1000	A22	C2	10000	100	0	0.5	300	1
462	0.0403488407	0.026881317	0	0.278	0.628	0.0403488407	0.026881317	FGr	1000	A22	C2	10000	100	0	0.5	300	1
463	0.040249734515	0.0240151005	0	0.263	0.67	0.040249734515	0.0240151005	NoCorrection	1000	A22	C2	10000	100	0	0.5	300	1
464	-0.003923920975	0.018776728	0	0.705	0.248	-0.003923920975	0.018776728	ID	1000	A22	C2	10000	100	0	0.5	300	1
465	0.009635566995	-0.0189984445	0	0.381	0.474	0.009635566995	-0.0189984445	1	10000	A22	C2	10000	100	0	0.5	300	0
466	0.009461629455	-0.0180169245	0	0.361	0.497	0.009461629455	-0.0180169245	FGr	10000	A22	C2	10000	100	0	0.5	300	0
467	0.009457872708	-0.018021049	0	0.342	0.522	0.009457872708	-0.018021049	NoCorrection	10000	A22	C2	10000	100	0	0.5	300	0
468	0.00941355824499998	-0.0161777685	0	0.354	0.549	0.00941355824499998	-0.0161777685	ID	10000	A22	C2	10000	100	0	0.5	300	0
469	-0.010104422035	0.0369375735	0	0.364	0.199	-0.010104422035	0.0369375735	1	10000	A22	C2	10000	100	0	0.5	300	0.1
470	-0.00604779253499999	0.0065104635	0	0.656	0.824	-0.00604779253499999	0.0065104635	FGr	10000	A22	C2	10000	100	0	0.5	300	0.1
471	-0.006061032456	0.00649227099999999	0	0.658	0.833	-0.006061032456	0.00649227099999999	NoCorrection	10000	A22	C2	10000	100	0	0.5	300	0.1
472	-0.0100616479665	0.03382687	0	0.379	0.209	-0.0100616479665	0.03382687	ID	10000	A22	C2	10000	100	0	0.5	300	0.1
473	0.00834780971000001	0.000921933499999965	0	0.43	0.97	0.00834780971000001	0.000921933499999965	1	10000	A22	C2	10000	100	0	0.5	300	0.5
474	0.0241680006465	0.0398526920000001	0	0.238	0.373	0.0241680006465	0.0398526920000001	FGr	10000	A22	C2	10000	100	0	0.5	300	0.5
475	0.024287467464	0.0220000895	0	0.231	0.656	0.024287467464	0.0220000895	NoCorrection	10000	A22	C2	10000	100	0	0.5	300	0.5
476	0.00853849383699999	-0.00968794200000002	0	0.437	0.725	0.00853849383699999	-0.00968794200000002	ID	10000	A22	C2	10000	100	0	0.5	300	0.5
477	0.003430663625	-0.00975480400000001	0	0.774	0.757	0.003430663625	-0.00975480400000001	1	10000	A22	C2	10000	100	0	0.5	300	1
478	0.039391256052	0.10676724	0	0.35	0.31	0.039391256052	0.10676724	FGr	10000	A22	C2	10000	100	0	0.5	300	1
479	0.0397076557499999	0.135273595	0	0.371	0.186	0.0397076557499999	0.135273595	NoCorrection	10000	A22	C2	10000	100	0	0.5	300	1
480	0.0034599771835	0.000732225000000013	0	0.772	0.972	0.0034599771835	0.000732225000000013	ID	10000	A22	C2	10000	100	0	0.5	300	1
481	0.00131631619030001	0.0013163161903	0	0.827	0.818	0.00131631619030001	0.0013163161903	1	300	A22	C2	10000	1000	0	0.5	300	0
482	0.00119069589440001	0.00119069589440001	0	0.818	0.854	0.00119069589440001	0.00119069589440001	FGr	300	A22	C2	10000	1000	0	0.5	300	0
483	0.001276141458005	0.00127614145800499	0	0.807	0.824	0.001276141458005	0.00127614145800499	NoCorrection	300	A22	C2	10000	1000	0	0.5	300	0
484	0.00134020509375	0.00134020509374999	0	0.824	0.809	0.00134020509375	0.00134020509374999	ID	300	A22	C2	10000	1000	0	0.5	300	0
485	0.0113180389045	0.0113180389045	0	0.065	0.078	0.0113180389045	0.0113180389045	1	300	A22	C2	10000	1000	0	0.5	300	0.1
486	0.0122140816685	0.0122140816685	0	0.107	0.086	0.0122140816685	0.0122140816685	FGr	300	A22	C2	10000	1000	0	0.5	300	0.1
487	0.01212234261425	0.01212234261425	0	0.083	0.097	0.01212234261425	0.01212234261425	NoCorrection	300	A22	C2	10000	1000	0	0.5	300	0.1
488	0.0111021955938	0.0111021955938	0	0.093	0.091	0.0111021955938	0.0111021955938	ID	300	A22	C2	10000	1000	0	0.5	300	0.1
489	-0.00300955321850001	-0.0030095532185	0	0.631	0.636	-0.00300955321850001	-0.0030095532185	1	300	A22	C2	10000	1000	0	0.5	300	0.5
490	0.0010983263065	0.00109832630650001	0	0.921	0.931	0.0010983263065	0.00109832630650001	FGr	300	A22	C2	10000	1000	0	0.5	300	0.5
491	0.000905585661500076	0.000905585661500048	0	0.944	0.946	0.000905585661500076	0.000905585661500048	NoCorrection	300	A22	C2	10000	1000	0	0.5	300	0.5
492	-0.00404588065200002	-0.00404588065200001	0	0.497	0.507	-0.00404588065200002	-0.00404588065200001	ID	300	A22	C2	10000	1000	0	0.5	300	0.5
493	0.00307668074550502	0.00307668074550502	0	0.659	0.686	0.00307668074550502	0.00307668074550502	1	300	A22	C2	10000	1000	0	0.5	300	1
494	0.0118218972539999	0.0118218972539999	0	0.628	0.625	0.0118218972539999	0.0118218972539999	FGr	300	A22	C2	10000	1000	0	0.5	300	1
495	0.0115363873110001	0.0115363873110001	0	0.626	0.596	0.0115363873110001	0.0115363873110001	NoCorrection	300	A22	C2	10000	1000	0	0.5	300	1
496	0.00158629406449999	0.00158629406449998	0	0.803	0.811	0.00158629406449999	0.00158629406449998	ID	300	A22	C2	10000	1000	0	0.5	300	1
497	-0.00602298497730004	-0.00728444385	0	0.383	0.498	-0.00602298497730004	-0.00728444385	1	1000	A22	C2	10000	1000	0	0.5	300	0
498	-0.00610769449115003	-0.00691152424999999	0	0.389	0.551	-0.00610769449115003	-0.00691152424999999	FGr	1000	A22	C2	10000	1000	0	0.5	300	0
499	-0.00611894898469996	-0.00625588980000001	0	0.352	0.567	-0.00611894898469996	-0.00625588980000001	NoCorrection	1000	A22	C2	10000	1000	0	0.5	300	0
500	-0.00604758213850003	-0.00701958540000001	0	0.371	0.536	-0.00604758213850003	-0.00701958540000001	ID	1000	A22	C2	10000	1000	0	0.5	300	0
501	-0.000446293546500028	-0.0050688183	0	0.955	0.615	-0.000446293546500028	-0.0050688183	1	1000	A22	C2	10000	1000	0	0.5	300	0.1
502	5.15620979700423e-05	0.0049366106	0	0.991	0.664	5.15620979700423e-05	0.0049366106	FGr	1000	A22	C2	10000	1000	0	0.5	300	0.1
503	4.28437809999996e-05	0.0048600811	0	0.995	0.667	4.28437809999996e-05	0.0048600811	NoCorrection	1000	A22	C2	10000	1000	0	0.5	300	0.1
504	-0.000258536027500034	-0.00614646509999999	0	0.97	0.576	-0.000258536027500034	-0.00614646509999999	ID	1000	A22	C2	10000	1000	0	0.5	300	0.1
505	0.00329619926900001	0.00240780930000013	0	0.615	0.831	0.00329619926900001	0.00240780930000013	1	1000	A22	C2	10000	1000	0	0.5	300	0.5
506	0.00547122754799988	-0.00193429310000014	0	0.657	0.926	0.00547122754799988	-0.00193429310000014	FGr	1000	A22	C2	10000	1000	0	0.5	300	0.5
507	0.00548926509614998	-0.00177621925000027	0	0.664	0.927	0.00548926509614998	-0.00177621925000027	NoCorrection	1000	A22	C2	10000	1000	0	0.5	300	0.5
508	0.00407953787955003	-0.00447667724999995	0	0.552	0.708	0.00407953787955003	-0.00447667724999995	ID	1000	A22	C2	10000	1000	0	0.5	300	0.5
509	0.00867600336959996	0.012707829	0	0.167	0.216	0.00867600336959996	0.012707829	1	1000	A22	C2	10000	1000	0	0.5	300	1
510	0.0129551874235998	0.000790363749999952	0	0.55	0.972	0.0129551874235998	0.000790363749999952	FGr	1000	A22	C2	10000	1000	0	0.5	300	1
511	0.01299928203195	-0.00221709085000012	0	0.572	0.956	0.01299928203195	-0.00221709085000012	NoCorrection	1000	A22	C2	10000	1000	0	0.5	300	1
512	0.0102269512320001	0.01647819275	0	0.083	0.108	0.0102269512320001	0.01647819275	ID	1000	A22	C2	10000	1000	0	0.5	300	1
513	0.010524671014	0.0245816648	0	0.164	0.11	0.010524671014	0.0245816648	1	10000	A22	C2	10000	1000	0	0.5	300	0
514	0.0102847327544	0.032677035	0	0.171	0.048	0.0102847327544	0.032677035	FGr	10000	A22	C2	10000	1000	0	0.5	300	0
515	0.01038934110325	0.0315986021	0	0.163	0.064	0.01038934110325	0.0315986021	NoCorrection	10000	A22	C2	10000	1000	0	0.5	300	0
516	0.0105185562281	0.0246566924	0	0.2	0.123	0.0105185562281	0.0246566924	ID	10000	A22	C2	10000	1000	0	0.5	300	0
517	0.0004974148985	0.0165304630000001	0	0.953	0.381	0.0004974148985	0.0165304630000001	1	10000	A22	C2	10000	1000	0	0.5	300	0.1
518	-0.000363628451700005	0.0203295179000002	0	0.957	0.278	-0.000363628451700005	0.0203295179000002	FGr	10000	A22	C2	10000	1000	0	0.5	300	0.1
519	-0.000360225313500013	0.02032297995	0	0.969	0.283	-0.000360225313500013	0.02032297995	NoCorrection	10000	A22	C2	10000	1000	0	0.5	300	0.1
520	0.000395980512499995	0.0160407916000001	0	0.954	0.342	0.000395980512499995	0.0160407916000001	ID	10000	A22	C2	10000	1000	0	0.5	300	0.1
521	-0.00337188215193998	0.00247154529999994	0	0.694	0.869	-0.00337188215193998	0.00247154529999994	1	10000	A22	C2	10000	1000	0	0.5	300	0.5
522	-0.0072511978517	0.000586076149999985	0	0.541	0.982	-0.0072511978517	0.000586076149999985	FGr	10000	A22	C2	10000	1000	0	0.5	300	0.5
523	-0.0072170452065	0.00117443065000001	0	0.557	0.98	-0.0072170452065	0.00117443065000001	NoCorrection	10000	A22	C2	10000	1000	0	0.5	300	0.5
524	-0.0038831351509	0.00672945370000008	0	0.659	0.668	-0.0038831351509	0.00672945370000008	ID	10000	A22	C2	10000	1000	0	0.5	300	0.5
525	-0.00267104040100001	0.00329396290000001	0	0.731	0.831	-0.00267104040100001	0.00329396290000001	1	10000	A22	C2	10000	1000	0	0.5	300	1
526	-0.0105197448055	0.0513725465000005	0	0.658	0.362	-0.0105197448055	0.0513725465000005	FGr	10000	A22	C2	10000	1000	0	0.5	300	1
527	-0.010303435861	0.0532166810000003	0	0.631	0.331	-0.010303435861	0.0532166810000003	NoCorrection	10000	A22	C2	10000	1000	0	0.5	300	1
528	-0.00363096890179999	-0.0014882503	0	0.665	0.929	-0.00363096890179999	-0.0014882503	ID	10000	A22	C2	10000	1000	0	0.5	300	1
529	0.00310076952692598	0.003100769526926	0	0.595	0.613	0.00310076952692598	0.003100769526926	1	300	A22	C2	10000	10000	0	0.5	300	0
530	0.00339569662651497	0.00339569662651497	0	0.574	0.565	0.00339569662651497	0.00339569662651497	FGr	300	A22	C2	10000	10000	0	0.5	300	0
531	0.00327487883290493	0.00327487883290492	0	0.595	0.583	0.00327487883290493	0.00327487883290492	NoCorrection	300	A22	C2	10000	10000	0	0.5	300	0
532	0.0032359051798	0.0032359051798	0	0.611	0.59	0.0032359051798	0.0032359051798	ID	300	A22	C2	10000	10000	0	0.5	300	0
533	0.00762932119277998	0.00762932119277998	0	0.188	0.153	0.00762932119277998	0.00762932119277998	1	300	A22	C2	10000	10000	0	0.5	300	0.1
534	0.00847718709341498	0.00847718709341498	0	0.131	0.133	0.00847718709341498	0.00847718709341498	FGr	300	A22	C2	10000	10000	0	0.5	300	0.1
535	0.00837949538045001	0.00837949538045001	0	0.131	0.139	0.00837949538045001	0.00837949538045001	NoCorrection	300	A22	C2	10000	10000	0	0.5	300	0.1
536	0.00749509125730501	0.00749509125730502	0	0.157	0.181	0.00749509125730501	0.00749509125730502	ID	300	A22	C2	10000	10000	0	0.5	300	0.1
537	0.0061368761951501	0.0061368761951501	0	0.271	0.264	0.0061368761951501	0.0061368761951501	1	300	A22	C2	10000	10000	0	0.5	300	0.5
538	0.01169352517015	0.0116935251701501	0	0.265	0.278	0.01169352517015	0.0116935251701501	FGr	300	A22	C2	10000	10000	0	0.5	300	0.5
539	0.0117155683935502	0.0117155683935502	0	0.279	0.268	0.0117155683935502	0.0117155683935502	NoCorrection	300	A22	C2	10000	10000	0	0.5	300	0.5
540	0.00553718706817501	0.00553718706817501	0	0.321	0.322	0.00553718706817501	0.00553718706817501	ID	300	A22	C2	10000	10000	0	0.5	300	0.5
541	-0.00773338373764972	-0.00773338373764976	0	0.201	0.199	-0.00773338373764972	-0.00773338373764976	1	300	A22	C2	10000	10000	0	0.5	300	1
542	0.00492207622620981	0.00492207622620975	0	0.816	0.83	0.00492207622620981	0.00492207622620975	FGr	300	A22	C2	10000	10000	0	0.5	300	1
543	0.0050504049528496	0.00505040495284965	0	0.831	0.822	0.0050504049528496	0.00505040495284965	NoCorrection	300	A22	C2	10000	10000	0	0.5	300	1
544	-0.00810262716448485	-0.00810262716448489	0	0.171	0.194	-0.00810262716448485	-0.00810262716448489	ID	300	A22	C2	10000	10000	0	0.5	300	1
545	0.000155444336549776	-0.00962379692000001	0	0.972	0.335	0.000155444336549776	-0.00962379692000001	1	1000	A22	C2	10000	10000	0	0.5	300	0
546	-0.000287670162859587	-0.00933359282500001	0	0.954	0.363	-0.000287670162859587	-0.00933359282500001	FGr	1000	A22	C2	10000	10000	0	0.5	300	0
547	-0.000336108596250324	-0.00759853828499989	0	0.954	0.458	-0.000336108596250324	-0.00759853828499989	NoCorrection	1000	A22	C2	10000	10000	0	0.5	300	0
548	4.69740029599685e-05	-0.01024309556	0	0.997	0.313	4.69740029599685e-05	-0.01024309556	ID	1000	A22	C2	10000	10000	0	0.5	300	0
549	-0.00338143775394997	0.0128817515300002	0	0.562	0.167	-0.00338143775394997	0.0128817515300002	1	1000	A22	C2	10000	10000	0	0.5	300	0.1
550	-0.00158091683334999	0.02436489292	0	0.777	0.014	-0.00158091683334999	0.02436489292	FGr	1000	A22	C2	10000	10000	0	0.5	300	0.1
551	-0.00165146618900002	0.026327881025	0	0.756	0.004	-0.00165146618900002	0.026327881025	NoCorrection	1000	A22	C2	10000	10000	0	0.5	300	0.1
552	-0.003153514559809	0.0134587775249998	0	0.595	0.171	-0.003153514559809	0.0134587775249998	ID	1000	A22	C2	10000	10000	0	0.5	300	0.1
553	0.00660222685394993	0.000586638889999949	0	0.262	0.96	0.00660222685394993	0.000586638889999949	1	1000	A22	C2	10000	10000	0	0.5	300	0.5
554	0.0157325523581998	0.0281212406450001	0	0.15	0.153	0.0157325523581998	0.0281212406450001	FGr	1000	A22	C2	10000	10000	0	0.5	300	0.5
555	0.015769712229835	0.0281524482999999	0	0.144	0.164	0.015769712229835	0.0281524482999999	NoCorrection	1000	A22	C2	10000	10000	0	0.5	300	0.5
556	0.00701450225028008	-0.00352732269999994	0	0.227	0.731	0.00701450225028008	-0.00352732269999994	ID	1000	A22	C2	10000	10000	0	0.5	300	0.5
557	0.00309425100770504	-0.00553642142999995	0	0.584	0.517	0.00309425100770504	-0.00553642142999995	1	1000	A22	C2	10000	10000	0	0.5	300	1
558	0.0212948774850397	0.0479111801850003	0	0.287	0.147	0.0212948774850397	0.0479111801850003	FGr	1000	A22	C2	10000	10000	0	0.5	300	1
559	0.02137561973526	0.047540310585	0	0.311	0.168	0.02137561973526	0.047540310585	NoCorrection	1000	A22	C2	10000	10000	0	0.5	300	1
560	0.00416906658712993	2.05889650000735e-05	0	0.464	1	0.00416906658712993	2.05889650000735e-05	ID	1000	A22	C2	10000	10000	0	0.5	300	1
561	-0.00474465258409998	0.010684293295	0	0.458	0.496	-0.00474465258409998	0.010684293295	1	10000	A22	C2	10000	10000	0	0.5	300	0
562	-0.00316483982999999	0.016348886215	0	0.616	0.292	-0.00316483982999999	0.016348886215	FGr	10000	A22	C2	10000	10000	0	0.5	300	0
563	-0.00317797113415001	0.01649209645	0	0.636	0.263	-0.00317797113415001	0.01649209645	NoCorrection	10000	A22	C2	10000	10000	0	0.5	300	0
564	-0.00459892529300001	0.00880492931999996	0	0.461	0.563	-0.00459892529300001	0.00880492931999996	ID	10000	A22	C2	10000	10000	0	0.5	300	0
565	0.00309233297840017	-0.00998112916500007	0	0.647	0.497	0.00309233297840017	-0.00998112916500007	1	10000	A22	C2	10000	10000	0	0.5	300	0.1
566	0.00621551308799993	0.0073997372400004	0	0.384	0.66	0.00621551308799993	0.0073997372400004	FGr	10000	A22	C2	10000	10000	0	0.5	300	0.1
567	0.00617920315515004	0.00658367981499992	0	0.394	0.699	0.00617920315515004	0.00658367981499992	NoCorrection	10000	A22	C2	10000	10000	0	0.5	300	0.1
568	0.00315949315224483	-0.00998989476499964	0	0.625	0.521	0.00315949315224483	-0.00998989476499964	ID	10000	A22	C2	10000	10000	0	0.5	300	0.1
569	7.68289830499949e-05	-0.00329418753500001	0	0.989	0.809	7.68289830499949e-05	-0.00329418753500001	1	10000	A22	C2	10000	10000	0	0.5	300	0.5
570	0.02729963859585	0.0217334098999992	0	0.012	0.463	0.02729963859585	0.0217334098999992	FGr	10000	A22	C2	10000	10000	0	0.5	300	0.5
571	0.0273363102320499	0.0218637247550002	0	0.019	0.452	0.0273363102320499	0.0218637247550002	NoCorrection	10000	A22	C2	10000	10000	0	0.5	300	0.5
572	0.000143847233589998	-0.00442355827	0	0.975	0.751	0.000143847233589998	-0.00442355827	ID	10000	A22	C2	10000	10000	0	0.5	300	0.5
573	-0.00346580886899	0.0112908439299999	0	0.57	0.489	-0.00346580886899	0.0112908439299999	1	10000	A22	C2	10000	10000	0	0.5	300	1
574	0.0488598207365499	0.0380320568499998	0	0.02	0.454	0.0488598207365499	0.0380320568499998	FGr	10000	A22	C2	10000	10000	0	0.5	300	1
575	0.0489449171102402	0.0312176421500001	0	0.014	0.54	0.0489449171102402	0.0312176421500001	NoCorrection	10000	A22	C2	10000	10000	0	0.5	300	1
576	-0.00287627535614996	0.00472809850000006	0	0.638	0.762	-0.00287627535614996	0.00472809850000006	ID	10000	A22	C2	10000	10000	0	0.5	300	1
