	c-q	nc-q	true-q	c-p	nc-p	c-bias	nc-bias	type	L	rep	config	gwas_size	test_size	h2	ts	num_causal	env
1	0.030951494875	0.030951494875	0	0.411	0.372	0.030951494875	0.030951494875	1	300	A26	C1	1000	100	0	0.5	300	0
2	0.044080084645	0.044080084645	0	0.201	0.193	0.044080084645	0.044080084645	FGr	300	A26	C1	1000	100	0	0.5	300	0
3	0.051716396725	0.051716396725	0	0.146	0.128	0.051716396725	0.051716396725	NoCorrection	300	A26	C1	1000	100	0	0.5	300	0
4	0.01142974887	0.01142974887	0	0.741	0.759	0.01142974887	0.01142974887	ID	300	A26	C1	1000	100	0	0.5	300	0
5	-0.033365178675	-0.033365178675	0	0.332	0.367	-0.033365178675	-0.033365178675	1	300	A26	C1	1000	100	0	0.5	300	0.1
6	0.016445354305	0.016445354305	0	0.669	0.639	0.016445354305	0.016445354305	FGr	300	A26	C1	1000	100	0	0.5	300	0.1
7	0.01955489227	0.01955489227	0	0.619	0.603	0.01955489227	0.01955489227	NoCorrection	300	A26	C1	1000	100	0	0.5	300	0.1
8	-0.025425711381	-0.025425711381	0	0.492	0.461	-0.025425711381	-0.025425711381	ID	300	A26	C1	1000	100	0	0.5	300	0.1
9	-0.0117324879775	-0.0117324879775	0	0.753	0.745	-0.0117324879775	-0.0117324879775	1	300	A26	C1	1000	100	0	0.5	300	0.5
10	0.094135858935	0.094135858935	0	0.023	0.03	0.094135858935	0.094135858935	FGr	300	A26	C1	1000	100	0	0.5	300	0.5
11	0.121105748865	0.121105748865	0	0.012	0.005	0.121105748865	0.121105748865	NoCorrection	300	A26	C1	1000	100	0	0.5	300	0.5
12	-0.0206769011645	-0.0206769011645	0	0.57	0.573	-0.0206769011645	-0.0206769011645	ID	300	A26	C1	1000	100	0	0.5	300	0.5
13	0.03198118171	0.03198118171	0	0.405	0.395	0.03198118171	0.03198118171	1	300	A26	C1	1000	100	0	0.5	300	1
14	0.259379537315	0.259379537315	0	0	0	0.259379537315	0.259379537315	FGr	300	A26	C1	1000	100	0	0.5	300	1
15	0.31106063384	0.31106063384	0	0	0	0.31106063384	0.31106063384	NoCorrection	300	A26	C1	1000	100	0	0.5	300	1
16	0.0038899567445	0.00388995674450001	0	0.899	0.905	0.0038899567445	0.00388995674450001	ID	300	A26	C1	1000	100	0	0.5	300	1
17	-0.00411572631499998	0.0906175085	0	0.924	0.172	-0.00411572631499998	0.0906175085	1	1000	A26	C1	1000	100	0	0.5	300	0
18	0.00113560239350001	0.1072603715	0	0.978	0.113	0.00113560239350001	0.1072603715	FGr	1000	A26	C1	1000	100	0	0.5	300	0
19	-0.00543153196499999	0.084813568	0	0.891	0.219	-0.00543153196499999	0.084813568	NoCorrection	1000	A26	C1	1000	100	0	0.5	300	0
20	0.00224127697000003	0.1128927	0	0.962	0.103	0.00224127697000003	0.1128927	ID	1000	A26	C1	1000	100	0	0.5	300	0
21	-0.043342739855	0.0484311745	0	0.238	0.486	-0.043342739855	0.0484311745	1	1000	A26	C1	1000	100	0	0.5	300	0.1
22	-0.047812792275	0.036534046	0	0.185	0.548	-0.047812792275	0.036534046	FGr	1000	A26	C1	1000	100	0	0.5	300	0.1
23	-0.023990347175	0.0768185649999999	0	0.503	0.224	-0.023990347175	0.0768185649999999	NoCorrection	1000	A26	C1	1000	100	0	0.5	300	0.1
24	-0.044623015565	0.0488641244999999	0	0.231	0.448	-0.044623015565	0.0488641244999999	ID	1000	A26	C1	1000	100	0	0.5	300	0.1
25	-0.02597357164	-0.0586559215	0	0.457	0.321	-0.02597357164	-0.0586559215	1	1000	A26	C1	1000	100	0	0.5	300	0.5
26	0.04233968575	0.100227781	0	0.26	0.116	0.04233968575	0.100227781	FGr	1000	A26	C1	1000	100	0	0.5	300	0.5
27	0.155785356445	0.476701001	0	0.002	0	0.155785356445	0.476701001	NoCorrection	1000	A26	C1	1000	100	0	0.5	300	0.5
28	-0.01093712735	-0.00539444050000003	0	0.776	0.925	-0.01093712735	-0.00539444050000003	ID	1000	A26	C1	1000	100	0	0.5	300	0.5
29	-0.060757893485	-0.1442389665	0	0.11	0.018	-0.060757893485	-0.1442389665	1	1000	A26	C1	1000	100	0	0.5	300	1
30	0.07495143277	0.3413279635	0	0.11	0	0.07495143277	0.3413279635	FGr	1000	A26	C1	1000	100	0	0.5	300	1
31	0.27089242965	0.970944199	0	0	0	0.27089242965	0.970944199	NoCorrection	1000	A26	C1	1000	100	0	0.5	300	1
32	-0.055472189415	-0.09664176	0	0.153	0.109	-0.055472189415	-0.09664176	ID	1000	A26	C1	1000	100	0	0.5	300	1
33	-0.050741620717	-0.1496335635	0	0.178	0.133	-0.050741620717	-0.1496335635	1	10000	A26	C1	1000	100	0	0.5	300	0
34	-0.051627859175	-0.1530582925	0	0.164	0.142	-0.051627859175	-0.1530582925	FGr	10000	A26	C1	1000	100	0	0.5	300	0
35	-0.05196310881	-0.130068922	0	0.163	0.189	-0.05196310881	-0.130068922	NoCorrection	10000	A26	C1	1000	100	0	0.5	300	0
36	-0.05167285281	-0.1535066415	0	0.163	0.133	-0.05167285281	-0.1535066415	ID	10000	A26	C1	1000	100	0	0.5	300	0
37	0.014827657619	0.03291567	0	0.715	0.733	0.014827657619	0.03291567	1	10000	A26	C1	1000	100	0	0.5	300	0.1
38	0.01599023933	0.0523870300000001	0	0.69	0.618	0.01599023933	0.0523870300000001	FGr	10000	A26	C1	1000	100	0	0.5	300	0.1
39	0.051847830765	0.209874835	0	0.177	0.035	0.051847830765	0.209874835	NoCorrection	10000	A26	C1	1000	100	0	0.5	300	0.1
40	0.01339445719	0.039162195	0	0.71	0.675	0.01339445719	0.039162195	ID	10000	A26	C1	1000	100	0	0.5	300	0.1
41	0.0230739344620001	0.16230743	0	0.607	0.122	0.0230739344620001	0.16230743	1	10000	A26	C1	1000	100	0	0.5	300	0.5
42	0.04444360607	0.2499538405	0	0.285	0.017	0.04444360607	0.2499538405	FGr	10000	A26	C1	1000	100	0	0.5	300	0.5
43	0.22146589488	1.232656595	0	0	0	0.22146589488	1.232656595	NoCorrection	10000	A26	C1	1000	100	0	0.5	300	0.5
44	0.0288880328050001	0.1755417005	0	0.526	0.093	0.0288880328050001	0.1755417005	ID	10000	A26	C1	1000	100	0	0.5	300	0.5
45	0.071394789265	-0.115646425	0	0.082	0.261	0.071394789265	-0.115646425	1	10000	A26	C1	1000	100	0	0.5	300	1
46	0.111218377795	0.07306146	0	0.009	0.482	0.111218377795	0.07306146	FGr	10000	A26	C1	1000	100	0	0.5	300	1
47	0.457317021183	1.87694109	0	0	0	0.457317021183	1.87694109	NoCorrection	10000	A26	C1	1000	100	0	0.5	300	1
48	0.074868131755	-0.092950582	0	0.069	0.33	0.074868131755	-0.092950582	ID	10000	A26	C1	1000	100	0	0.5	300	1
49	-0.019651465034	-0.019651465034	0	0.475	0.485	-0.019651465034	-0.019651465034	1	300	A26	C1	1000	1000	0	0.5	300	0
50	-0.0329331029222	-0.0329331029222	0	0.245	0.228	-0.0329331029222	-0.0329331029222	FGr	300	A26	C1	1000	1000	0	0.5	300	0
51	-0.0330057726819	-0.0330057726819	0	0.214	0.217	-0.0330057726819	-0.0330057726819	NoCorrection	300	A26	C1	1000	1000	0	0.5	300	0
52	-0.023966511471	-0.023966511471	0	0.393	0.413	-0.023966511471	-0.023966511471	ID	300	A26	C1	1000	1000	0	0.5	300	0
53	0.000282248842999955	0.000282248842999951	0	0.986	0.991	0.000282248842999955	0.000282248842999951	1	300	A26	C1	1000	1000	0	0.5	300	0.1
54	0.032683525433	0.032683525433	0	0.149	0.138	0.032683525433	0.032683525433	FGr	300	A26	C1	1000	1000	0	0.5	300	0.1
55	0.0574689056808501	0.05746890568085	0	0.012	0.014	0.0574689056808501	0.05746890568085	NoCorrection	300	A26	C1	1000	1000	0	0.5	300	0.1
56	0.00686558356749993	0.00686558356749997	0	0.755	0.754	0.00686558356749993	0.00686558356749997	ID	300	A26	C1	1000	1000	0	0.5	300	0.1
57	-0.03818363060044	-0.03818363060044	0	0.144	0.129	-0.03818363060044	-0.03818363060044	1	300	A26	C1	1000	1000	0	0.5	300	0.5
58	0.065485144456	0.065485144456	0	0.017	0.017	0.065485144456	0.065485144456	FGr	300	A26	C1	1000	1000	0	0.5	300	0.5
59	0.1159577773685	0.1159577773685	0	0	0	0.1159577773685	0.1159577773685	NoCorrection	300	A26	C1	1000	1000	0	0.5	300	0.5
60	-0.038252201235	-0.038252201235	0	0.141	0.137	-0.038252201235	-0.038252201235	ID	300	A26	C1	1000	1000	0	0.5	300	0.5
61	0.052704795125	0.052704795125	0	0.06	0.078	0.052704795125	0.052704795125	1	300	A26	C1	1000	1000	0	0.5	300	1
62	0.243986987472	0.243986987472	0	0	0	0.243986987472	0.243986987472	FGr	300	A26	C1	1000	1000	0	0.5	300	1
63	0.355095189335	0.355095189335	0	0	0	0.355095189335	0.355095189335	NoCorrection	300	A26	C1	1000	1000	0	0.5	300	1
64	0.047030382482	0.047030382482	0	0.096	0.08	0.047030382482	0.047030382482	ID	300	A26	C1	1000	1000	0	0.5	300	1
65	-0.0113097729319998	0.0843218156499999	0	0.702	0.082	-0.0113097729319998	0.0843218156499999	1	1000	A26	C1	1000	1000	0	0.5	300	0
66	-0.0251575709224001	0.0499955024999997	0	0.382	0.291	-0.0251575709224001	0.0499955024999997	FGr	1000	A26	C1	1000	1000	0	0.5	300	0
67	-0.0313812628	0.0271716711500003	0	0.243	0.558	-0.0313812628	0.0271716711500003	NoCorrection	1000	A26	C1	1000	1000	0	0.5	300	0
68	-0.00821287174900008	0.0835827108500003	0	0.775	0.079	-0.00821287174900008	0.0835827108500003	ID	1000	A26	C1	1000	1000	0	0.5	300	0
69	0.0290102955005	0.0326257558000001	0	0.251	0.435	0.0290102955005	0.0326257558000001	1	1000	A26	C1	1000	1000	0	0.5	300	0.1
70	0.052348752706	0.08689637545	0	0.043	0.046	0.052348752706	0.08689637545	FGr	1000	A26	C1	1000	1000	0	0.5	300	0.1
71	0.0761280377875	0.1359172544	0	0.002	0.003	0.0761280377875	0.1359172544	NoCorrection	1000	A26	C1	1000	1000	0	0.5	300	0.1
72	0.0398838022305	0.0528593239	0	0.104	0.226	0.0398838022305	0.0528593239	ID	1000	A26	C1	1000	1000	0	0.5	300	0.1
73	-0.0149302084899999	-0.0182939757500002	0	0.592	0.7	-0.0149302084899999	-0.0182939757500002	1	1000	A26	C1	1000	1000	0	0.5	300	0.5
74	0.0580178398024999	0.159064082	0	0.061	0.003	0.0580178398024999	0.159064082	FGr	1000	A26	C1	1000	1000	0	0.5	300	0.5
75	0.153256437132	0.41182529335	0	0	0	0.153256437132	0.41182529335	NoCorrection	1000	A26	C1	1000	1000	0	0.5	300	0.5
76	-0.0124233528675	-0.0246335098499999	0	0.674	0.622	-0.0124233528675	-0.0246335098499999	ID	1000	A26	C1	1000	1000	0	0.5	300	0.5
77	-0.020856734167	-0.00251500194999994	0	0.443	0.964	-0.020856734167	-0.00251500194999994	1	1000	A26	C1	1000	1000	0	0.5	300	1
78	0.0880327496513998	0.2766820887	0	0	0	0.0880327496513998	0.2766820887	FGr	1000	A26	C1	1000	1000	0	0.5	300	1
79	0.30935497694	0.78942996845	0	0	0	0.30935497694	0.78942996845	NoCorrection	1000	A26	C1	1000	1000	0	0.5	300	1
80	-0.025180270673	-0.00397446104999997	0	0.355	0.944	-0.025180270673	-0.00397446104999997	ID	1000	A26	C1	1000	1000	0	0.5	300	1
81	0.02190580005	-0.0643216624999999	0	0.408	0.377	0.02190580005	-0.0643216624999999	1	10000	A26	C1	1000	1000	0	0.5	300	0
82	0.0313818723135001	0.0410619884999997	0	0.238	0.595	0.0313818723135001	0.0410619884999997	FGr	10000	A26	C1	1000	1000	0	0.5	300	0
83	0.0282034245190002	0.0216025605000002	0	0.264	0.772	0.0282034245190002	0.0216025605000002	NoCorrection	10000	A26	C1	1000	1000	0	0.5	300	0
84	0.0254328691999998	-0.0169612840000004	0	0.313	0.824	0.0254328691999998	-0.0169612840000004	ID	10000	A26	C1	1000	1000	0	0.5	300	0
85	0.0351306261364999	-0.0464996093499999	0	0.244	0.49	0.0351306261364999	-0.0464996093499999	1	10000	A26	C1	1000	1000	0	0.5	300	0.1
86	0.0415502448435002	0.0342562583000004	0	0.195	0.617	0.0415502448435002	0.0342562583000004	FGr	10000	A26	C1	1000	1000	0	0.5	300	0.1
87	0.1029229786265	0.53638590735	0	0.002	0	0.1029229786265	0.53638590735	NoCorrection	10000	A26	C1	1000	1000	0	0.5	300	0.1
88	0.0362293017340001	-0.0485620362000002	0	0.22	0.478	0.0362293017340001	-0.0485620362000002	ID	10000	A26	C1	1000	1000	0	0.5	300	0.1
89	0.0159730028335001	0.0146865862500001	0	0.551	0.83	0.0159730028335001	0.0146865862500001	1	10000	A26	C1	1000	1000	0	0.5	300	0.5
90	0.02667628302	0.10524466035	0	0.311	0.127	0.02667628302	0.10524466035	FGr	10000	A26	C1	1000	1000	0	0.5	300	0.5
91	0.1654254839145	1.086884573	0	0	0	0.1654254839145	1.086884573	NoCorrection	10000	A26	C1	1000	1000	0	0.5	300	0.5
92	0.0165256684594999	0.0263549917500002	0	0.54	0.691	0.0165256684594999	0.0263549917500002	ID	10000	A26	C1	1000	1000	0	0.5	300	0.5
93	-0.00907930577300005	0.0118983142499999	0	0.721	0.867	-0.00907930577300005	0.0118983142499999	1	10000	A26	C1	1000	1000	0	0.5	300	1
94	-0.011664336208	0.0499757429500001	0	0.625	0.485	-0.011664336208	0.0499757429500001	FGr	10000	A26	C1	1000	1000	0	0.5	300	1
95	0.27874913982	2.0641892235	0	0	0	0.27874913982	2.0641892235	NoCorrection	10000	A26	C1	1000	1000	0	0.5	300	1
96	-0.01136481688205	0.0123692690000001	0	0.601	0.866	-0.01136481688205	0.0123692690000001	ID	10000	A26	C1	1000	1000	0	0.5	300	1
97	-0.0039622419765505	-0.00396224197655039	0	0.889	0.88	-0.0039622419765505	-0.00396224197655039	1	300	A26	C1	1000	10000	0	0.5	300	0
98	0.00175066366324959	0.00175066366324959	0	0.953	0.947	0.00175066366324959	0.00175066366324959	FGr	300	A26	C1	1000	10000	0	0.5	300	0
99	-0.0016280813456997	-0.00162808134569972	0	0.954	0.951	-0.0016280813456997	-0.00162808134569972	NoCorrection	300	A26	C1	1000	10000	0	0.5	300	0
100	-0.0138237731605004	-0.0138237731605004	0	0.607	0.604	-0.0138237731605004	-0.0138237731605004	ID	300	A26	C1	1000	10000	0	0.5	300	0
101	-0.00535735466964999	-0.00535735466965	0	0.818	0.844	-0.00535735466964999	-0.00535735466965	1	300	A26	C1	1000	10000	0	0.5	300	0.1
102	-0.00985924330869993	-0.00985924330869995	0	0.729	0.701	-0.00985924330869993	-0.00985924330869995	FGr	300	A26	C1	1000	10000	0	0.5	300	0.1
103	-0.000690973970350032	-0.000690973970350025	0	0.976	0.964	-0.000690973970350032	-0.000690973970350025	NoCorrection	300	A26	C1	1000	10000	0	0.5	300	0.1
104	-0.021425423272605	-0.0214254232726051	0	0.421	0.433	-0.021425423272605	-0.0214254232726051	ID	300	A26	C1	1000	10000	0	0.5	300	0.1
105	-0.0127966469006	-0.0127966469006	0	0.681	0.686	-0.0127966469006	-0.0127966469006	1	300	A26	C1	1000	10000	0	0.5	300	0.5
106	0.08800841651835	0.08800841651835	0	0.007	0.005	0.08800841651835	0.08800841651835	FGr	300	A26	C1	1000	10000	0	0.5	300	0.5
107	0.13873899009905	0.13873899009905	0	0	0	0.13873899009905	0.13873899009905	NoCorrection	300	A26	C1	1000	10000	0	0.5	300	0.5
108	-0.0298137234687994	-0.0298137234687994	0	0.358	0.357	-0.0298137234687994	-0.0298137234687994	ID	300	A26	C1	1000	10000	0	0.5	300	0.5
109	-0.0142491051534001	-0.0142491051534001	0	0.665	0.643	-0.0142491051534001	-0.0142491051534001	1	300	A26	C1	1000	10000	0	0.5	300	1
110	0.2156461911795	0.2156461911795	0	0.001	0	0.2156461911795	0.2156461911795	FGr	300	A26	C1	1000	10000	0	0.5	300	1
111	0.32732727063105	0.32732727063105	0	0	0	0.32732727063105	0.32732727063105	NoCorrection	300	A26	C1	1000	10000	0	0.5	300	1
112	-0.0128819698467999	-0.0128819698468	0	0.714	0.712	-0.0128819698467999	-0.0128819698468	ID	300	A26	C1	1000	10000	0	0.5	300	1
113	0.0125943002761001	0.0179446805649999	0	0.623	0.664	0.0125943002761001	0.0179446805649999	1	1000	A26	C1	1000	10000	0	0.5	300	0
114	0.0128790765002998	0.0219847588499999	0	0.638	0.616	0.0128790765002998	0.0219847588499999	FGr	1000	A26	C1	1000	10000	0	0.5	300	0
115	-0.00612899013875005	-0.0563001474900003	0	0.798	0.172	-0.00612899013875005	-0.0563001474900003	NoCorrection	1000	A26	C1	1000	10000	0	0.5	300	0
116	0.01885527506865	0.0374790690799999	0	0.493	0.405	0.01885527506865	0.0374790690799999	ID	1000	A26	C1	1000	10000	0	0.5	300	0
117	-0.0330073881016997	0.020381780145	0	0.225	0.622	-0.0330073881016997	0.020381780145	1	1000	A26	C1	1000	10000	0	0.5	300	0.1
118	-0.0116269807984499	0.081866489855	0	0.647	0.055	-0.0116269807984499	0.081866489855	FGr	1000	A26	C1	1000	10000	0	0.5	300	0.1
119	0.0172418333993399	0.139922915365	0	0.513	0.001	0.0172418333993399	0.139922915365	NoCorrection	1000	A26	C1	1000	10000	0	0.5	300	0.1
120	-0.0285085234266996	0.031446469205	0	0.288	0.441	-0.0285085234266996	0.031446469205	ID	1000	A26	C1	1000	10000	0	0.5	300	0.1
121	-0.0569706192355001	-0.07726483813	0	0.026	0.075	-0.0569706192355001	-0.07726483813	1	1000	A26	C1	1000	10000	0	0.5	300	0.5
122	-0.00828564076245003	0.0579927576650002	0	0.74	0.151	-0.00828564076245003	0.0579927576650002	FGr	1000	A26	C1	1000	10000	0	0.5	300	0.5
123	0.0772961879508502	0.317575778295	0	0.016	0	0.0772961879508502	0.317575778295	NoCorrection	1000	A26	C1	1000	10000	0	0.5	300	0.5
124	-0.0575170064803849	-0.0727311445849996	0	0.026	0.087	-0.0575170064803849	-0.0727311445849996	ID	1000	A26	C1	1000	10000	0	0.5	300	0.5
125	-0.0379630129600001	0.0177686523999999	0	0.139	0.692	-0.0379630129600001	0.0177686523999999	1	1000	A26	C1	1000	10000	0	0.5	300	1
126	0.0553390401308498	0.245666369935	0	0.039	0	0.0553390401308498	0.245666369935	FGr	1000	A26	C1	1000	10000	0	0.5	300	1
127	0.2554033824305	0.769102991359997	0	0	0	0.2554033824305	0.769102991359997	NoCorrection	1000	A26	C1	1000	10000	0	0.5	300	1
128	-0.0402555220718498	0.000236707984999895	0	0.093	0.998	-0.0402555220718498	0.000236707984999895	ID	1000	A26	C1	1000	10000	0	0.5	300	1
129	0.0158189700630502	0.0510853470850002	0	0.532	0.463	0.0158189700630502	0.0510853470850002	1	10000	A26	C1	1000	10000	0	0.5	300	0
130	0.00930131345484927	0.00659020368000047	0	0.731	0.923	0.00930131345484927	0.00659020368000047	FGr	10000	A26	C1	1000	10000	0	0.5	300	0
131	0.0105641072383985	0.00656624656000043	0	0.711	0.91	0.0105641072383985	0.00656624656000043	NoCorrection	10000	A26	C1	1000	10000	0	0.5	300	0
132	0.0145883140213999	0.0386161163100009	0	0.608	0.56	0.0145883140213999	0.0386161163100009	ID	10000	A26	C1	1000	10000	0	0.5	300	0
133	0.0346580270787001	-0.15986952076	0	0.178	0.011	0.0346580270787001	-0.15986952076	1	10000	A26	C1	1000	10000	0	0.5	300	0.1
134	0.036233313858	-0.140217554025001	0	0.165	0.03	0.036233313858	-0.140217554025001	FGr	10000	A26	C1	1000	10000	0	0.5	300	0.1
135	0.0642404849797502	0.0460363697799989	0	0.019	0.466	0.0642404849797502	0.0460363697799989	NoCorrection	10000	A26	C1	1000	10000	0	0.5	300	0.1
136	0.03581037356615	-0.153188059690001	0	0.217	0.02	0.03581037356615	-0.153188059690001	ID	10000	A26	C1	1000	10000	0	0.5	300	0.1
137	0.0234544461883	0.15224258378	0	0.312	0.027	0.0234544461883	0.15224258378	1	10000	A26	C1	1000	10000	0	0.5	300	0.5
138	0.03320315948255	0.206938416770001	0	0.161	0.001	0.03320315948255	0.206938416770001	FGr	10000	A26	C1	1000	10000	0	0.5	300	0.5
139	0.1794151086735	1.13759481765	0	0	0	0.1794151086735	1.13759481765	NoCorrection	10000	A26	C1	1000	10000	0	0.5	300	0.5
140	0.0232228327535	0.130996187479999	0	0.302	0.062	0.0232228327535	0.130996187479999	ID	10000	A26	C1	1000	10000	0	0.5	300	0.5
141	-0.0189356462099	0.0570439254399989	0	0.483	0.364	-0.0189356462099	0.0570439254399989	1	10000	A26	C1	1000	10000	0	0.5	300	1
142	-0.00714610558579989	0.171765770290001	0	0.769	0.009	-0.00714610558579989	0.171765770290001	FGr	10000	A26	C1	1000	10000	0	0.5	300	1
143	0.26347329949645	1.81992496915	0	0	0	0.26347329949645	1.81992496915	NoCorrection	10000	A26	C1	1000	10000	0	0.5	300	1
144	-0.0199074782760001	0.0516637970799996	0	0.49	0.422	-0.0199074782760001	0.0516637970799996	ID	10000	A26	C1	1000	10000	0	0.5	300	1
145	-0.02415575716	-0.02415575716	0	0.066	0.06	-0.02415575716	-0.02415575716	1	300	A26	C1	10000	100	0	0.5	300	0
146	-0.032599381135	-0.032599381135	0	0.014	0.009	-0.032599381135	-0.032599381135	FGr	300	A26	C1	10000	100	0	0.5	300	0
147	-0.03055843757	-0.03055843757	0	0.011	0.023	-0.03055843757	-0.03055843757	NoCorrection	300	A26	C1	10000	100	0	0.5	300	0
148	-0.022505513885	-0.022505513885	0	0.065	0.09	-0.022505513885	-0.022505513885	ID	300	A26	C1	10000	100	0	0.5	300	0
149	0.01231149786	0.01231149786	0	0.268	0.296	0.01231149786	0.01231149786	1	300	A26	C1	10000	100	0	0.5	300	0.1
150	0.02952752324	0.02952752324	0	0.013	0.013	0.02952752324	0.02952752324	FGr	300	A26	C1	10000	100	0	0.5	300	0.1
151	0.0366307918287	0.0366307918287	0	0.001	0.003	0.0366307918287	0.0366307918287	NoCorrection	300	A26	C1	10000	100	0	0.5	300	0.1
152	0.014034248766	0.014034248766	0	0.221	0.204	0.014034248766	0.014034248766	ID	300	A26	C1	10000	100	0	0.5	300	0.1
153	0.000148029370000002	0.000148029370000002	0	0.99	0.992	0.000148029370000002	0.000148029370000002	1	300	A26	C1	10000	100	0	0.5	300	0.5
154	0.13939317604	0.13939317604	0	0	0	0.13939317604	0.13939317604	FGr	300	A26	C1	10000	100	0	0.5	300	0.5
155	0.192904474215	0.192904474215	0	0	0	0.192904474215	0.192904474215	NoCorrection	300	A26	C1	10000	100	0	0.5	300	0.5
156	-0.0038652568965	-0.0038652568965	0	0.761	0.758	-0.0038652568965	-0.0038652568965	ID	300	A26	C1	10000	100	0	0.5	300	0.5
157	-0.00910250693400001	-0.009102506934	0	0.45	0.462	-0.00910250693400001	-0.009102506934	1	300	A26	C1	10000	100	0	0.5	300	1
158	0.272215700473	0.272215700473	0	0	0	0.272215700473	0.272215700473	FGr	300	A26	C1	10000	100	0	0.5	300	1
159	0.38226254645	0.38226254645	0	0	0	0.38226254645	0.38226254645	NoCorrection	300	A26	C1	10000	100	0	0.5	300	1
160	-0.013006980068	-0.013006980068	0	0.259	0.218	-0.013006980068	-0.013006980068	ID	300	A26	C1	10000	100	0	0.5	300	1
161	0.01471761041103	0.00630781900000003	0	0.169	0.732	0.01471761041103	0.00630781900000003	1	1000	A26	C1	10000	100	0	0.5	300	0
162	0.011070029251	-0.00384770599999999	0	0.293	0.84	0.011070029251	-0.00384770599999999	FGr	1000	A26	C1	10000	100	0	0.5	300	0
163	0.012040798623	-0.00131993399999999	0	0.268	0.947	0.012040798623	-0.00131993399999999	NoCorrection	1000	A26	C1	10000	100	0	0.5	300	0
164	0.013323689215	0.00234255849999999	0	0.231	0.913	0.013323689215	0.00234255849999999	ID	1000	A26	C1	10000	100	0	0.5	300	0
165	-0.02951998014	-0.013783356	0	0.013	0.448	-0.02951998014	-0.013783356	1	1000	A26	C1	10000	100	0	0.5	300	0.1
166	-0.02051811821	0.00962269099999999	0	0.094	0.605	-0.02051811821	0.00962269099999999	FGr	1000	A26	C1	10000	100	0	0.5	300	0.1
167	-0.00221740514	0.06894816	0	0.874	0.001	-0.00221740514	0.06894816	NoCorrection	1000	A26	C1	10000	100	0	0.5	300	0.1
168	-0.031125153898	-0.017433796	0	0.007	0.328	-0.031125153898	-0.017433796	ID	1000	A26	C1	10000	100	0	0.5	300	0.1
169	0.0054813692645	0.012084738	0	0.678	0.528	0.0054813692645	0.012084738	1	1000	A26	C1	10000	100	0	0.5	300	0.5
170	0.080265901055	0.213045083	0	0.001	0	0.080265901055	0.213045083	FGr	1000	A26	C1	10000	100	0	0.5	300	0.5
171	0.1849363220305	0.5076873085	0	0	0	0.1849363220305	0.5076873085	NoCorrection	1000	A26	C1	10000	100	0	0.5	300	0.5
172	0.00323112343	0.005830029	0	0.823	0.747	0.00323112343	0.005830029	ID	1000	A26	C1	10000	100	0	0.5	300	0.5
173	0.009574661268	0.010608065	0	0.446	0.586	0.009574661268	0.010608065	1	1000	A26	C1	10000	100	0	0.5	300	1
174	0.160567551845	0.4334837725	0	0	0	0.160567551845	0.4334837725	FGr	1000	A26	C1	10000	100	0	0.5	300	1
175	0.364756834335	0.957255029	0	0	0	0.364756834335	0.957255029	NoCorrection	1000	A26	C1	10000	100	0	0.5	300	1
176	0.01130899201	0.016112813	0	0.328	0.432	0.01130899201	0.016112813	ID	1000	A26	C1	10000	100	0	0.5	300	1
177	-0.01041210406	-0.00893475999999999	0	0.331	0.759	-0.01041210406	-0.00893475999999999	1	10000	A26	C1	10000	100	0	0.5	300	0
178	-0.0100218605506	0.00100757800000001	0	0.379	0.971	-0.0100218605506	0.00100757800000001	FGr	10000	A26	C1	10000	100	0	0.5	300	0
179	-0.011893742395	-0.00883701750000001	0	0.275	0.782	-0.011893742395	-0.00883701750000001	NoCorrection	10000	A26	C1	10000	100	0	0.5	300	0
180	-0.010471396515	-0.010737233	0	0.355	0.711	-0.010471396515	-0.010737233	ID	10000	A26	C1	10000	100	0	0.5	300	0
181	0.012935563495	0.0515021235	0	0.311	0.104	0.012935563495	0.0515021235	1	10000	A26	C1	10000	100	0	0.5	300	0.1
182	0.0153074185325	0.06474338	0	0.205	0.059	0.0153074185325	0.06474338	FGr	10000	A26	C1	10000	100	0	0.5	300	0.1
183	0.028935490552	0.17464585	0	0.024	0	0.028935490552	0.17464585	NoCorrection	10000	A26	C1	10000	100	0	0.5	300	0.1
184	0.013005898945	0.0523079765	0	0.295	0.099	0.013005898945	0.0523079765	ID	10000	A26	C1	10000	100	0	0.5	300	0.1
185	0.024843458672	0.010397067	0	0.055	0.767	0.024843458672	0.010397067	1	10000	A26	C1	10000	100	0	0.5	300	0.5
186	0.038131430986	0.1275353295	0	0.006	0	0.038131430986	0.1275353295	FGr	10000	A26	C1	10000	100	0	0.5	300	0.5
187	0.135970070115	1.083567539	0	0	0	0.135970070115	1.083567539	NoCorrection	10000	A26	C1	10000	100	0	0.5	300	0.5
188	0.02562141114	0.010463193	0	0.061	0.762	0.02562141114	0.010463193	ID	10000	A26	C1	10000	100	0	0.5	300	0.5
189	0.00635161131499999	0.00886676650000003	0	0.589	0.745	0.00635161131499999	0.00886676650000003	1	10000	A26	C1	10000	100	0	0.5	300	1
190	0.0245583009	0.187062542	0	0.041	0	0.0245583009	0.187062542	FGr	10000	A26	C1	10000	100	0	0.5	300	1
191	0.2207175445	2.00305558	0	0	0	0.2207175445	2.00305558	NoCorrection	10000	A26	C1	10000	100	0	0.5	300	1
192	0.00739083708200001	0.0101680435	0	0.51	0.708	0.00739083708200001	0.0101680435	ID	10000	A26	C1	10000	100	0	0.5	300	1
193	-0.00554301937800001	-0.005543019378	0	0.442	0.453	-0.00554301937800001	-0.005543019378	1	300	A26	C1	10000	1000	0	0.5	300	0
194	0.00255172554049999	0.0025517255405	0	0.732	0.735	0.00255172554049999	0.0025517255405	FGr	300	A26	C1	10000	1000	0	0.5	300	0
195	0.00116180908299999	0.00116180908299999	0	0.874	0.863	0.00116180908299999	0.00116180908299999	NoCorrection	300	A26	C1	10000	1000	0	0.5	300	0
196	-0.000538924533999994	-0.000538924533999995	0	0.938	0.953	-0.000538924533999994	-0.000538924533999995	ID	300	A26	C1	10000	1000	0	0.5	300	0
197	0.00267421579275	0.00267421579275	0	0.793	0.778	0.00267421579275	0.00267421579275	1	300	A26	C1	10000	1000	0	0.5	300	0.1
198	0.023585422207	0.023585422207	0	0.011	0.018	0.023585422207	0.023585422207	FGr	300	A26	C1	10000	1000	0	0.5	300	0.1
199	0.0279045341725	0.0279045341725	0	0.004	0.006	0.0279045341725	0.0279045341725	NoCorrection	300	A26	C1	10000	1000	0	0.5	300	0.1
200	0.0084144317206	0.0084144317206	0	0.388	0.354	0.0084144317206	0.0084144317206	ID	300	A26	C1	10000	1000	0	0.5	300	0.1
201	0.00408722613400001	0.00408722613400003	0	0.658	0.642	0.00408722613400001	0.00408722613400003	1	300	A26	C1	10000	1000	0	0.5	300	0.5
202	0.1037014522446	0.1037014522446	0	0	0	0.1037014522446	0.1037014522446	FGr	300	A26	C1	10000	1000	0	0.5	300	0.5
203	0.146971046224	0.146971046224	0	0	0	0.146971046224	0.146971046224	NoCorrection	300	A26	C1	10000	1000	0	0.5	300	0.5
204	-0.00167995141350005	-0.00167995141350004	0	0.839	0.842	-0.00167995141350005	-0.00167995141350004	ID	300	A26	C1	10000	1000	0	0.5	300	0.5
205	0.00846847931680002	0.00846847931680001	0	0.329	0.362	0.00846847931680002	0.00846847931680001	1	300	A26	C1	10000	1000	0	0.5	300	1
206	0.2138523308305	0.2138523308305	0	0	0	0.2138523308305	0.2138523308305	FGr	300	A26	C1	10000	1000	0	0.5	300	1
207	0.293922808526	0.293922808526	0	0	0	0.293922808526	0.293922808526	NoCorrection	300	A26	C1	10000	1000	0	0.5	300	1
208	0.00446529445285004	0.00446529445285003	0	0.615	0.615	0.00446529445285004	0.00446529445285003	ID	300	A26	C1	10000	1000	0	0.5	300	1
209	-0.00510731992850003	-0.0060422926	0	0.585	0.683	-0.00510731992850003	-0.0060422926	1	1000	A26	C1	10000	1000	0	0.5	300	0
210	-0.0015859188385	0.00111486880000003	0	0.87	0.94	-0.0015859188385	0.00111486880000003	FGr	1000	A26	C1	10000	1000	0	0.5	300	0
211	-0.00559317390300002	-0.0081112096	0	0.541	0.542	-0.00559317390300002	-0.0081112096	NoCorrection	1000	A26	C1	10000	1000	0	0.5	300	0
212	-0.00782876307379999	-0.01256334905	0	0.382	0.394	-0.00782876307379999	-0.01256334905	ID	1000	A26	C1	10000	1000	0	0.5	300	0
213	0.00931218230200001	0.0207913358500001	0	0.309	0.136	0.00931218230200001	0.0207913358500001	1	1000	A26	C1	10000	1000	0	0.5	300	0.1
214	0.0111893345211	0.02407790415	0	0.197	0.097	0.0111893345211	0.02407790415	FGr	1000	A26	C1	10000	1000	0	0.5	300	0.1
215	0.0425150428859999	0.1019360226	0	0	0	0.0425150428859999	0.1019360226	NoCorrection	1000	A26	C1	10000	1000	0	0.5	300	0.1
216	0.00449169125499999	0.00947040844999997	0	0.629	0.502	0.00449169125499999	0.00947040844999997	ID	1000	A26	C1	10000	1000	0	0.5	300	0.1
217	-0.0120511966074	-0.0043036029500001	0	0.168	0.763	-0.0120511966074	-0.0043036029500001	1	1000	A26	C1	10000	1000	0	0.5	300	0.5
218	0.05851428839322	0.155432938	0	0	0	0.05851428839322	0.155432938	FGr	1000	A26	C1	10000	1000	0	0.5	300	0.5
219	0.1668311087875	0.412156204	0	0	0	0.1668311087875	0.412156204	NoCorrection	1000	A26	C1	10000	1000	0	0.5	300	0.5
220	-0.0124624352395	-0.00216599745000001	0	0.157	0.865	-0.0124624352395	-0.00216599745000001	ID	1000	A26	C1	10000	1000	0	0.5	300	0.5
221	-0.00481342238040001	-0.01019685245	0	0.571	0.451	-0.00481342238040001	-0.01019685245	1	1000	A26	C1	10000	1000	0	0.5	300	1
222	0.118571801081	0.2884160892	0	0	0	0.118571801081	0.2884160892	FGr	1000	A26	C1	10000	1000	0	0.5	300	1
223	0.349630335636	0.8138318408	0	0	0	0.349630335636	0.8138318408	NoCorrection	1000	A26	C1	10000	1000	0	0.5	300	1
224	-0.00429175414599999	-0.00761506564999999	0	0.629	0.583	-0.00429175414599999	-0.00761506564999999	ID	1000	A26	C1	10000	1000	0	0.5	300	1
225	-0.0140721882575	-0.0265217850499998	0	0.158	0.203	-0.0140721882575	-0.0265217850499998	1	10000	A26	C1	10000	1000	0	0.5	300	0
226	-0.0149876324595	-0.0362745011500001	0	0.142	0.087	-0.0149876324595	-0.0362745011500001	FGr	10000	A26	C1	10000	1000	0	0.5	300	0
227	-0.0272026030785	-0.11058947655	0	0.004	0	-0.0272026030785	-0.11058947655	NoCorrection	10000	A26	C1	10000	1000	0	0.5	300	0
228	-0.0164481473473	-0.0486535640499999	0	0.109	0.022	-0.0164481473473	-0.0486535640499999	ID	10000	A26	C1	10000	1000	0	0.5	300	0
229	-0.00283133994126	-0.0347421592500001	0	0.705	0.122	-0.00283133994126	-0.0347421592500001	1	10000	A26	C1	10000	1000	0	0.5	300	0.1
230	-0.00126823680675	-0.0243169592999999	0	0.857	0.304	-0.00126823680675	-0.0243169592999999	FGr	10000	A26	C1	10000	1000	0	0.5	300	0.1
231	0.044661321298	0.3021047381	0	0	0	0.044661321298	0.3021047381	NoCorrection	10000	A26	C1	10000	1000	0	0.5	300	0.1
232	-0.00276415209465	-0.03592425725	0	0.71	0.105	-0.00276415209465	-0.03592425725	ID	10000	A26	C1	10000	1000	0	0.5	300	0.1
233	-0.00480682350909999	-0.0128055763	0	0.575	0.573	-0.00480682350909999	-0.0128055763	1	10000	A26	C1	10000	1000	0	0.5	300	0.5
234	0.00287789453544999	0.02921152245	0	0.731	0.209	0.00287789453544999	0.02921152245	FGr	10000	A26	C1	10000	1000	0	0.5	300	0.5
235	0.1588176232885	1.01005209495	0	0	0	0.1588176232885	1.01005209495	NoCorrection	10000	A26	C1	10000	1000	0	0.5	300	0.5
236	-0.00524525182299999	-0.0116574598	0	0.548	0.616	-0.00524525182299999	-0.0116574598	ID	10000	A26	C1	10000	1000	0	0.5	300	0.5
237	0.00947670134150002	0.0308165457	0	0.288	0.158	0.00947670134150002	0.0308165457	1	10000	A26	C1	10000	1000	0	0.5	300	1
238	0.0228698029187	0.1215407254	0	0.009	0	0.0228698029187	0.1215407254	FGr	10000	A26	C1	10000	1000	0	0.5	300	1
239	0.34249158097	1.9853406035	0	0	0	0.34249158097	1.9853406035	NoCorrection	10000	A26	C1	10000	1000	0	0.5	300	1
240	0.00847884269075002	0.0128355500000001	0	0.346	0.517	0.00847884269075002	0.0128355500000001	ID	10000	A26	C1	10000	1000	0	0.5	300	1
241	-0.00804914591460998	-0.00804914591460999	0	0.315	0.329	-0.00804914591460998	-0.00804914591460999	1	300	A26	C1	10000	10000	0	0.5	300	0
242	-0.0176240784576499	-0.0176240784576499	0	0.031	0.024	-0.0176240784576499	-0.0176240784576499	FGr	300	A26	C1	10000	10000	0	0.5	300	0
243	-0.0169129276166249	-0.0169129276166249	0	0.036	0.036	-0.0169129276166249	-0.0169129276166249	NoCorrection	300	A26	C1	10000	10000	0	0.5	300	0
244	-0.012860389526655	-0.012860389526655	0	0.127	0.105	-0.012860389526655	-0.012860389526655	ID	300	A26	C1	10000	10000	0	0.5	300	0
245	-0.000529371200699892	-0.000529371200699895	0	0.958	0.952	-0.000529371200699892	-0.000529371200699895	1	300	A26	C1	10000	10000	0	0.5	300	0.1
246	0.0163512413136899	0.0163512413136899	0	0.093	0.078	0.0163512413136899	0.0163512413136899	FGr	300	A26	C1	10000	10000	0	0.5	300	0.1
247	0.03541555443205	0.03541555443205	0	0.001	0.001	0.03541555443205	0.03541555443205	NoCorrection	300	A26	C1	10000	10000	0	0.5	300	0.1
248	-1.05456064900985e-05	-1.05456064901134e-05	0	0.999	0.999	-1.05456064900985e-05	-1.05456064901134e-05	ID	300	A26	C1	10000	10000	0	0.5	300	0.1
249	0.000773258660250057	0.000773258660250066	0	0.933	0.94	0.000773258660250057	0.000773258660250066	1	300	A26	C1	10000	10000	0	0.5	300	0.5
250	0.11758099162531	0.11758099162531	0	0	0	0.11758099162531	0.11758099162531	FGr	300	A26	C1	10000	10000	0	0.5	300	0.5
251	0.19929024646952	0.19929024646952	0	0	0	0.19929024646952	0.19929024646952	NoCorrection	300	A26	C1	10000	10000	0	0.5	300	0.5
252	0.00479506650107485	0.00479506650107485	0	0.591	0.592	0.00479506650107485	0.00479506650107485	ID	300	A26	C1	10000	10000	0	0.5	300	0.5
253	0.00910762908943501	0.00910762908943501	0	0.337	0.323	0.00910762908943501	0.00910762908943501	1	300	A26	C1	10000	10000	0	0.5	300	1
254	0.22651094152633	0.22651094152633	0	0	0	0.22651094152633	0.22651094152633	FGr	300	A26	C1	10000	10000	0	0.5	300	1
255	0.382212058917	0.382212058917	0	0	0	0.382212058917	0.382212058917	NoCorrection	300	A26	C1	10000	10000	0	0.5	300	1
256	0.00366042427716486	0.00366042427716486	0	0.695	0.672	0.00366042427716486	0.00366042427716486	ID	300	A26	C1	10000	10000	0	0.5	300	1
257	0.00766235547810017	0.00597501046999999	0	0.4	0.658	0.00766235547810017	0.00597501046999999	1	1000	A26	C1	10000	10000	0	0.5	300	0
258	0.00213021584505017	-0.0133044433100002	0	0.812	0.359	0.00213021584505017	-0.0133044433100002	FGr	1000	A26	C1	10000	10000	0	0.5	300	0
259	0.00039288211590007	-0.0191968154299997	0	0.973	0.179	0.00039288211590007	-0.0191968154299997	NoCorrection	1000	A26	C1	10000	10000	0	0.5	300	0
260	0.00481460991937487	-0.00370685627000003	0	0.577	0.816	0.00481460991937487	-0.00370685627000003	ID	1000	A26	C1	10000	10000	0	0.5	300	0
261	0.00764166958665005	0.0262210295	0	0.376	0.05	0.00764166958665005	0.0262210295	1	1000	A26	C1	10000	10000	0	0.5	300	0.1
262	0.0126543642091	0.0419039418250001	0	0.137	0.001	0.0126543642091	0.0419039418250001	FGr	1000	A26	C1	10000	10000	0	0.5	300	0.1
263	0.03622411290945	0.09921201176	0	0	0	0.03622411290945	0.09921201176	NoCorrection	1000	A26	C1	10000	10000	0	0.5	300	0.1
264	0.00575223539282509	0.015358368745	0	0.491	0.255	0.00575223539282509	0.015358368745	ID	1000	A26	C1	10000	10000	0	0.5	300	0.1
265	0.000990521194299994	-0.0102955206849998	0	0.902	0.447	0.000990521194299994	-0.0102955206849998	1	1000	A26	C1	10000	10000	0	0.5	300	0.5
266	0.04365134812318	0.107620534345	0	0	0	0.04365134812318	0.107620534345	FGr	1000	A26	C1	10000	10000	0	0.5	300	0.5
267	0.1522721565708	0.435569750615	0	0	0	0.1522721565708	0.435569750615	NoCorrection	1000	A26	C1	10000	10000	0	0.5	300	0.5
268	-0.000259109881915055	-0.0141472815200001	0	0.97	0.297	-0.000259109881915055	-0.0141472815200001	ID	1000	A26	C1	10000	10000	0	0.5	300	0.5
269	-0.0104860104584202	-0.0247906117	0	0.206	0.077	-0.0104860104584202	-0.0247906117	1	1000	A26	C1	10000	10000	0	0.5	300	1
270	0.0831628885154	0.272294287725	0	0	0	0.0831628885154	0.272294287725	FGr	1000	A26	C1	10000	10000	0	0.5	300	1
271	0.30522606360075	0.925820693059999	0	0	0	0.30522606360075	0.925820693059999	NoCorrection	1000	A26	C1	10000	10000	0	0.5	300	1
272	-0.0103856310183999	-0.02075285528	0	0.211	0.18	-0.0103856310183999	-0.02075285528	ID	1000	A26	C1	10000	10000	0	0.5	300	1
273	-0.015293118706296	0.00968513289499956	0	0.047	0.632	-0.015293118706296	0.00968513289499956	1	10000	A26	C1	10000	10000	0	0.5	300	0
274	-0.01597935653281	0.0073775684399998	0	0.033	0.729	-0.01597935653281	0.0073775684399998	FGr	10000	A26	C1	10000	10000	0	0.5	300	0
275	-0.011591518543625	0.0345799425199998	0	0.122	0.088	-0.011591518543625	0.0345799425199998	NoCorrection	10000	A26	C1	10000	10000	0	0.5	300	0
276	-0.015246421010185	0.00973413857500024	0	0.056	0.6	-0.015246421010185	0.00973413857500024	ID	10000	A26	C1	10000	10000	0	0.5	300	0
277	0.00939259688962511	0.0334908591000001	0	0.323	0.136	0.00939259688962511	0.0334908591000001	1	10000	A26	C1	10000	10000	0	0.5	300	0.1
278	0.01192531358445	0.0469872324849998	0	0.192	0.027	0.01192531358445	0.0469872324849998	FGr	10000	A26	C1	10000	10000	0	0.5	300	0.1
279	0.04789764863475	0.25513549742	0	0	0	0.04789764863475	0.25513549742	NoCorrection	10000	A26	C1	10000	10000	0	0.5	300	0.1
280	0.0104069704622	0.04063203967	0	0.25	0.051	0.0104069704622	0.04063203967	ID	10000	A26	C1	10000	10000	0	0.5	300	0.1
281	-0.00488083296219	0.00495226134500009	0	0.561	0.832	-0.00488083296219	0.00495226134500009	1	10000	A26	C1	10000	10000	0	0.5	300	0.5
282	0.001949333588615	0.0422117143050004	0	0.831	0.047	0.001949333588615	0.0422117143050004	FGr	10000	A26	C1	10000	10000	0	0.5	300	0.5
283	0.147236860551736	0.916346276275	0	0	0	0.147236860551736	0.916346276275	NoCorrection	10000	A26	C1	10000	10000	0	0.5	300	0.5
284	-0.00479664086012001	0.00227024143999976	0	0.603	0.899	-0.00479664086012001	0.00227024143999976	ID	10000	A26	C1	10000	10000	0	0.5	300	0.5
285	0.00270795182889305	0.021940644035	0	0.767	0.333	0.00270795182889305	0.021940644035	1	10000	A26	C1	10000	10000	0	0.5	300	1
286	0.01551326012276	0.106264181655	0	0.096	0	0.01551326012276	0.106264181655	FGr	10000	A26	C1	10000	10000	0	0.5	300	1
287	0.30890078140665	1.9229660618	0	0	0	0.30890078140665	1.9229660618	NoCorrection	10000	A26	C1	10000	10000	0	0.5	300	1
288	0.00301609031559998	0.02243061984	0	0.71	0.306	0.00301609031559998	0.02243061984	ID	10000	A26	C1	10000	10000	0	0.5	300	1
289	0.018539291565	0.018539291565	0	0.561	0.543	0.018539291565	0.018539291565	1	300	A26	C2	1000	100	0	0.5	300	0
290	0.01905143197795	0.01905143197795	0	0.541	0.536	0.01905143197795	0.01905143197795	FGr	300	A26	C2	1000	100	0	0.5	300	0
291	0.018479383565	0.018479383565	0	0.563	0.549	0.018479383565	0.018479383565	NoCorrection	300	A26	C2	1000	100	0	0.5	300	0
292	0.01913321529	0.01913321529	0	0.531	0.496	0.01913321529	0.01913321529	ID	300	A26	C2	1000	100	0	0.5	300	0
293	-0.0276997398750001	-0.027699739875	0	0.414	0.397	-0.0276997398750001	-0.027699739875	1	300	A26	C2	1000	100	0	0.5	300	0.1
294	-0.02750231108	-0.02750231108	0	0.405	0.382	-0.02750231108	-0.02750231108	FGr	300	A26	C2	1000	100	0	0.5	300	0.1
295	-0.027011285708	-0.027011285708	0	0.413	0.398	-0.027011285708	-0.027011285708	NoCorrection	300	A26	C2	1000	100	0	0.5	300	0.1
296	-0.0280539270299999	-0.0280539270299999	0	0.39	0.399	-0.0280539270299999	-0.0280539270299999	ID	300	A26	C2	1000	100	0	0.5	300	0.1
297	0.087066833166	0.087066833166	0	0	0.004	0.087066833166	0.087066833166	1	300	A26	C2	1000	100	0	0.5	300	0.5
298	0.089717011615	0.089717011615	0	0.006	0.017	0.089717011615	0.089717011615	FGr	300	A26	C2	1000	100	0	0.5	300	0.5
299	0.09038783061	0.09038783061	0	0.011	0.01	0.09038783061	0.09038783061	NoCorrection	300	A26	C2	1000	100	0	0.5	300	0.5
300	0.0813252276	0.0813252276	0	0.002	0.002	0.0813252276	0.0813252276	ID	300	A26	C2	1000	100	0	0.5	300	0.5
301	-0.03050862691	-0.03050862691	0	0.49	0.494	-0.03050862691	-0.03050862691	1	300	A26	C2	1000	100	0	0.5	300	1
302	-0.02071199392	-0.02071199392	0	0.681	0.658	-0.02071199392	-0.02071199392	FGr	300	A26	C2	1000	100	0	0.5	300	1
303	-0.0211745715650001	-0.021174571565	0	0.68	0.654	-0.0211745715650001	-0.021174571565	NoCorrection	300	A26	C2	1000	100	0	0.5	300	1
304	-0.03947306337	-0.03947306337	0	0.31	0.346	-0.03947306337	-0.03947306337	ID	300	A26	C2	1000	100	0	0.5	300	1
305	0.055280864315	0.126504062	0	0.127	0.03	0.055280864315	0.126504062	1	1000	A26	C2	1000	100	0	0.5	300	0
306	0.054893514135	0.1384097015	0	0.133	0.017	0.054893514135	0.1384097015	FGr	1000	A26	C2	1000	100	0	0.5	300	0
307	0.053043900695	0.1438695435	0	0.147	0.015	0.053043900695	0.1438695435	NoCorrection	1000	A26	C2	1000	100	0	0.5	300	0
308	0.054411815575	0.1362230105	0	0.126	0.022	0.054411815575	0.1362230105	ID	1000	A26	C2	1000	100	0	0.5	300	0
309	-0.0312737211625	0.058375637	0	0.413	0.305	-0.0312737211625	0.058375637	1	1000	A26	C2	1000	100	0	0.5	300	0.1
310	-0.0267909076	0.0578931455	0	0.507	0.298	-0.0267909076	0.0578931455	FGr	1000	A26	C2	1000	100	0	0.5	300	0.1
311	-0.027662254795	0.065647225	0	0.462	0.255	-0.027662254795	0.065647225	NoCorrection	1000	A26	C2	1000	100	0	0.5	300	0.1
312	-0.03043071616	0.060329513	0	0.45	0.292	-0.03043071616	0.060329513	ID	1000	A26	C2	1000	100	0	0.5	300	0.1
313	-0.012077037505	-0.043773263	0	0.715	0.415	-0.012077037505	-0.043773263	1	1000	A26	C2	1000	100	0	0.5	300	0.5
314	0.00673158934999999	0.0862396945	0	0.87	0.139	0.00673158934999999	0.0862396945	FGr	1000	A26	C2	1000	100	0	0.5	300	0.5
315	0.00652133602499998	0.0860371710000001	0	0.862	0.158	0.00652133602499998	0.0860371710000001	NoCorrection	1000	A26	C2	1000	100	0	0.5	300	0.5
316	-0.012111246415	-0.038076753	0	0.72	0.483	-0.012111246415	-0.038076753	ID	1000	A26	C2	1000	100	0	0.5	300	0.5
317	-0.00770889141	-0.035439095	0	0.812	0.583	-0.00770889141	-0.035439095	1	1000	A26	C2	1000	100	0	0.5	300	1
318	0.035280449502	0.0317318005	0	0.495	0.714	0.035280449502	0.0317318005	FGr	1000	A26	C2	1000	100	0	0.5	300	1
319	0.03756018399	0.0347101925	0	0.475	0.699	0.03756018399	0.0347101925	NoCorrection	1000	A26	C2	1000	100	0	0.5	300	1
320	-0.00761036513	-0.0232321409999998	0	0.817	0.687	-0.00761036513	-0.0232321409999998	ID	1000	A26	C2	1000	100	0	0.5	300	1
321	-0.0428719782499999	-0.211511016	0	0.196	0.008	-0.0428719782499999	-0.211511016	1	10000	A26	C2	1000	100	0	0.5	300	0
322	-0.043136999515	-0.205503331	0	0.196	0.017	-0.043136999515	-0.205503331	FGr	10000	A26	C2	1000	100	0	0.5	300	0
323	-0.04258501125	-0.212722006	0	0.185	0.011	-0.04258501125	-0.212722006	NoCorrection	10000	A26	C2	1000	100	0	0.5	300	0
324	-0.0426248673	-0.194565265	0	0.189	0.02	-0.0426248673	-0.194565265	ID	10000	A26	C2	1000	100	0	0.5	300	0
325	-0.041594517475	-0.05102924	0	0.247	0.551	-0.041594517475	-0.05102924	1	10000	A26	C2	1000	100	0	0.5	300	0.1
326	-0.04397498918	-0.0175438235	0	0.227	0.834	-0.04397498918	-0.0175438235	FGr	10000	A26	C2	1000	100	0	0.5	300	0.1
327	-0.04213918058	-0.042746905	0	0.233	0.635	-0.04213918058	-0.042746905	NoCorrection	10000	A26	C2	1000	100	0	0.5	300	0.1
328	-0.041415338704	-0.049862186	0	0.229	0.557	-0.041415338704	-0.049862186	ID	10000	A26	C2	1000	100	0	0.5	300	0.1
329	-0.021549531075	-0.073993844	0	0.594	0.368	-0.021549531075	-0.073993844	1	10000	A26	C2	1000	100	0	0.5	300	0.5
330	-0.021402782501	-0.075501995	0	0.627	0.427	-0.021402782501	-0.075501995	FGr	10000	A26	C2	1000	100	0	0.5	300	0.5
331	-0.024317358635	-0.0932344499999999	0	0.58	0.345	-0.024317358635	-0.0932344499999999	NoCorrection	10000	A26	C2	1000	100	0	0.5	300	0.5
332	-0.021020889229	-0.0735431930000001	0	0.568	0.365	-0.021020889229	-0.0735431930000001	ID	10000	A26	C2	1000	100	0	0.5	300	0.5
333	-0.0207326956475	-0.192750135	0	0.475	0.02	-0.0207326956475	-0.192750135	1	10000	A26	C2	1000	100	0	0.5	300	1
334	-0.021354399541	-0.018276975	0	0.664	0.899	-0.021354399541	-0.018276975	FGr	10000	A26	C2	1000	100	0	0.5	300	1
335	-0.026319434415	-0.119201685	0	0.595	0.324	-0.026319434415	-0.119201685	NoCorrection	10000	A26	C2	1000	100	0	0.5	300	1
336	-0.01988524045	-0.182876741	0	0.487	0.04	-0.01988524045	-0.182876741	ID	10000	A26	C2	1000	100	0	0.5	300	1
337	-0.0417192408800001	-0.0417192408800001	0	0.026	0.031	-0.0417192408800001	-0.0417192408800001	1	300	A26	C2	1000	1000	0	0.5	300	0
338	-0.0343295573325	-0.0343295573325	0	0.076	0.086	-0.0343295573325	-0.0343295573325	FGr	300	A26	C2	1000	1000	0	0.5	300	0
339	-0.0346998866505001	-0.0346998866505001	0	0.078	0.087	-0.0346998866505001	-0.0346998866505001	NoCorrection	300	A26	C2	1000	1000	0	0.5	300	0
340	-0.036152399843	-0.0361523998429999	0	0.075	0.059	-0.036152399843	-0.0361523998429999	ID	300	A26	C2	1000	1000	0	0.5	300	0
341	0.0435297358705	0.0435297358705	0	0.035	0.028	0.0435297358705	0.0435297358705	1	300	A26	C2	1000	1000	0	0.5	300	0.1
342	0.0491663010755002	0.0491663010755002	0	0.016	0.03	0.0491663010755002	0.0491663010755002	FGr	300	A26	C2	1000	1000	0	0.5	300	0.1
343	0.0487508754895001	0.0487508754894999	0	0.02	0.014	0.0487508754895001	0.0487508754894999	NoCorrection	300	A26	C2	1000	1000	0	0.5	300	0.1
344	0.0498672970316001	0.0498672970316001	0	0.016	0.021	0.0498672970316001	0.0498672970316001	ID	300	A26	C2	1000	1000	0	0.5	300	0.1
345	0.000789275371500027	0.000789275371500022	0	0.967	0.966	0.000789275371500027	0.000789275371500022	1	300	A26	C2	1000	1000	0	0.5	300	0.5
346	-0.014077566935	-0.014077566935	0	0.507	0.521	-0.014077566935	-0.014077566935	FGr	300	A26	C2	1000	1000	0	0.5	300	0.5
347	-0.01411759883	-0.01411759883	0	0.526	0.52	-0.01411759883	-0.01411759883	NoCorrection	300	A26	C2	1000	1000	0	0.5	300	0.5
348	-0.00522813345550001	-0.00522813345550002	0	0.796	0.778	-0.00522813345550001	-0.00522813345550002	ID	300	A26	C2	1000	1000	0	0.5	300	0.5
349	-0.010279573082	-0.010279573082	0	0.679	0.678	-0.010279573082	-0.010279573082	1	300	A26	C2	1000	1000	0	0.5	300	1
350	-0.0477599009380001	-0.0477599009380001	0	0.112	0.114	-0.0477599009380001	-0.0477599009380001	FGr	300	A26	C2	1000	1000	0	0.5	300	1
351	-0.0474268795436002	-0.0474268795436002	0	0.111	0.12	-0.0474268795436002	-0.0474268795436002	NoCorrection	300	A26	C2	1000	1000	0	0.5	300	1
352	-0.0247356789559998	-0.0247356789559998	0	0.328	0.301	-0.0247356789559998	-0.0247356789559998	ID	300	A26	C2	1000	1000	0	0.5	300	1
353	0.011504096668	0.00647998924999983	0	0.661	0.865	0.011504096668	0.00647998924999983	1	1000	A26	C2	1000	1000	0	0.5	300	0
354	0.0107498987319998	0.0112838241000001	0	0.687	0.752	0.0107498987319998	0.0112838241000001	FGr	1000	A26	C2	1000	1000	0	0.5	300	0
355	0.010922732307	0.00726786915000018	0	0.651	0.843	0.010922732307	0.00726786915000018	NoCorrection	1000	A26	C2	1000	1000	0	0.5	300	0
356	0.0120698405804999	0.00246549254999991	0	0.652	0.949	0.0120698405804999	0.00246549254999991	ID	1000	A26	C2	1000	1000	0	0.5	300	0
357	-0.0368063937315	-0.00519985840000002	0	0.051	0.876	-0.0368063937315	-0.00519985840000002	1	1000	A26	C2	1000	1000	0	0.5	300	0.1
358	-0.0385349870685001	-0.00421351819999997	0	0.041	0.893	-0.0385349870685001	-0.00421351819999997	FGr	1000	A26	C2	1000	1000	0	0.5	300	0.1
359	-0.0385381540021501	-0.0040477648	0	0.041	0.921	-0.0385381540021501	-0.0040477648	NoCorrection	1000	A26	C2	1000	1000	0	0.5	300	0.1
360	-0.0372483933048	-0.00886769269999999	0	0.037	0.792	-0.0372483933048	-0.00886769269999999	ID	1000	A26	C2	1000	1000	0	0.5	300	0.1
361	-0.0246805522095	-0.0162576473	0	0.273	0.622	-0.0246805522095	-0.0162576473	1	1000	A26	C2	1000	1000	0	0.5	300	0.5
362	-0.0312201065000001	-0.0335155164000004	0	0.225	0.388	-0.0312201065000001	-0.0335155164000004	FGr	1000	A26	C2	1000	1000	0	0.5	300	0.5
363	-0.0308628385850001	-0.0358867121499997	0	0.246	0.367	-0.0308628385850001	-0.0358867121499997	NoCorrection	1000	A26	C2	1000	1000	0	0.5	300	0.5
364	-0.023857541747	-0.0193792613999999	0	0.275	0.591	-0.023857541747	-0.0193792613999999	ID	1000	A26	C2	1000	1000	0	0.5	300	0.5
365	0.0298049047535	-0.0108692310999999	0	0.243	0.759	0.0298049047535	-0.0108692310999999	1	1000	A26	C2	1000	1000	0	0.5	300	1
366	0.013577959224	-0.0896980189	0	0.733	0.128	0.013577959224	-0.0896980189	FGr	1000	A26	C2	1000	1000	0	0.5	300	1
367	0.0139622027325	-0.0926917843499999	0	0.7	0.11	0.0139622027325	-0.0926917843499999	NoCorrection	1000	A26	C2	1000	1000	0	0.5	300	1
368	0.0292409566105	-0.02558448565	0	0.211	0.464	0.0292409566105	-0.02558448565	ID	1000	A26	C2	1000	1000	0	0.5	300	1
369	0.0103514277251	-0.05677960395	0	0.638	0.224	0.0103514277251	-0.05677960395	1	10000	A26	C2	1000	1000	0	0.5	300	0
370	0.010679300737245	-0.0586870305	0	0.598	0.209	0.010679300737245	-0.0586870305	FGr	10000	A26	C2	1000	1000	0	0.5	300	0
371	0.0107624008335	-0.0618327865499998	0	0.603	0.184	0.0107624008335	-0.0618327865499998	NoCorrection	10000	A26	C2	1000	1000	0	0.5	300	0
372	0.0105920677255	-0.0599265254999998	0	0.605	0.201	0.0105920677255	-0.0599265254999998	ID	10000	A26	C2	1000	1000	0	0.5	300	0
373	-0.0428978120299999	-0.0243755232499999	0	0.083	0.569	-0.0428978120299999	-0.0243755232499999	1	10000	A26	C2	1000	1000	0	0.5	300	0.1
374	-0.039316274506	-0.0329134575999996	0	0.087	0.477	-0.039316274506	-0.0329134575999996	FGr	10000	A26	C2	1000	1000	0	0.5	300	0.1
375	-0.0392954481979999	-0.0345083119499999	0	0.093	0.446	-0.0392954481979999	-0.0345083119499999	NoCorrection	10000	A26	C2	1000	1000	0	0.5	300	0.1
376	-0.0431637752875	-0.0242491827000004	0	0.058	0.605	-0.0431637752875	-0.0242491827000004	ID	10000	A26	C2	1000	1000	0	0.5	300	0.1
377	-0.033619890414	-0.0807473415999998	0	0.125	0.169	-0.033619890414	-0.0807473415999998	1	10000	A26	C2	1000	1000	0	0.5	300	0.5
378	-0.0214814265900001	0.0157592234999999	0	0.378	0.802	-0.0214814265900001	0.0157592234999999	FGr	10000	A26	C2	1000	1000	0	0.5	300	0.5
379	-0.0215050404489998	0.0151320620000001	0	0.361	0.81	-0.0215050404489998	0.0151320620000001	NoCorrection	10000	A26	C2	1000	1000	0	0.5	300	0.5
380	-0.0333234530187001	-0.0745038454999997	0	0.139	0.189	-0.0333234530187001	-0.0745038454999997	ID	10000	A26	C2	1000	1000	0	0.5	300	0.5
381	0.00604431881399992	0.0108450983500001	0	0.772	0.843	0.00604431881399992	0.0108450983500001	1	10000	A26	C2	1000	1000	0	0.5	300	1
382	0.026240300702	0.049157867	0	0.394	0.519	0.026240300702	0.049157867	FGr	10000	A26	C2	1000	1000	0	0.5	300	1
383	0.0266918800685	0.0483327355	0	0.357	0.549	0.0266918800685	0.0483327355	NoCorrection	10000	A26	C2	1000	1000	0	0.5	300	1
384	0.00604173546800009	0.00363946565000024	0	0.792	0.948	0.00604173546800009	0.00363946565000024	ID	10000	A26	C2	1000	1000	0	0.5	300	1
385	0.0250224056689	0.0250224056689	0	0.151	0.168	0.0250224056689	0.0250224056689	1	300	A26	C2	1000	10000	0	0.5	300	0
386	0.0255184785336998	0.0255184785336999	0	0.181	0.138	0.0255184785336998	0.0255184785336999	FGr	300	A26	C2	1000	10000	0	0.5	300	0
387	0.025183413504	0.025183413504	0	0.149	0.155	0.025183413504	0.025183413504	NoCorrection	300	A26	C2	1000	10000	0	0.5	300	0
388	0.0247153690880002	0.0247153690880002	0	0.151	0.171	0.0247153690880002	0.0247153690880002	ID	300	A26	C2	1000	10000	0	0.5	300	0
389	0.0282165835368999	0.0282165835368999	0	0.095	0.099	0.0282165835368999	0.0282165835368999	1	300	A26	C2	1000	10000	0	0.5	300	0.1
390	0.0276175832908699	0.0276175832908699	0	0.117	0.095	0.0276175832908699	0.0276175832908699	FGr	300	A26	C2	1000	10000	0	0.5	300	0.1
391	0.0275413629318501	0.0275413629318501	0	0.101	0.095	0.0275413629318501	0.0275413629318501	NoCorrection	300	A26	C2	1000	10000	0	0.5	300	0.1
392	0.0292102176930499	0.0292102176930499	0	0.104	0.091	0.0292102176930499	0.0292102176930499	ID	300	A26	C2	1000	10000	0	0.5	300	0.1
393	0.0064008804193006	0.00640088041930064	0	0.681	0.718	0.0064008804193006	0.00640088041930064	1	300	A26	C2	1000	10000	0	0.5	300	0.5
394	0.0049744373955503	0.00497443739555038	0	0.773	0.783	0.0049744373955503	0.00497443739555038	FGr	300	A26	C2	1000	10000	0	0.5	300	0.5
395	0.0050266928218504	0.00502669282185022	0	0.78	0.762	0.0050266928218504	0.00502669282185022	NoCorrection	300	A26	C2	1000	10000	0	0.5	300	0.5
396	0.0100117432975995	0.0100117432975995	0	0.572	0.58	0.0100117432975995	0.0100117432975995	ID	300	A26	C2	1000	10000	0	0.5	300	0.5
397	-0.021611232268	-0.021611232268	0	0.2	0.217	-0.021611232268	-0.021611232268	1	300	A26	C2	1000	10000	0	0.5	300	1
398	-0.0253918644319992	-0.0253918644319992	0	0.291	0.309	-0.0253918644319992	-0.0253918644319992	FGr	300	A26	C2	1000	10000	0	0.5	300	1
399	-0.0247829845244996	-0.0247829845244997	0	0.342	0.3	-0.0247829845244996	-0.0247829845244997	NoCorrection	300	A26	C2	1000	10000	0	0.5	300	1
400	-0.0137552469133653	-0.0137552469133654	0	0.374	0.358	-0.0137552469133653	-0.0137552469133654	ID	300	A26	C2	1000	10000	0	0.5	300	1
401	-0.01933398772455	-0.0279651658650006	0	0.393	0.365	-0.01933398772455	-0.0279651658650006	1	1000	A26	C2	1000	10000	0	0.5	300	0
402	-0.0187823061267501	-0.0387146320550009	0	0.392	0.236	-0.0187823061267501	-0.0387146320550009	FGr	1000	A26	C2	1000	10000	0	0.5	300	0
403	-0.0189577127909501	-0.032387842174999	0	0.383	0.319	-0.0189577127909501	-0.032387842174999	NoCorrection	1000	A26	C2	1000	10000	0	0.5	300	0
404	-0.0194821149596999	-0.0245341614600002	0	0.395	0.464	-0.0194821149596999	-0.0245341614600002	ID	1000	A26	C2	1000	10000	0	0.5	300	0
405	0.00620442042944995	-0.00219261645499977	0	0.743	0.939	0.00620442042944995	-0.00219261645499977	1	1000	A26	C2	1000	10000	0	0.5	300	0.1
406	0.00542383336197006	-0.0120328956749998	0	0.798	0.709	0.00542383336197006	-0.0120328956749998	FGr	1000	A26	C2	1000	10000	0	0.5	300	0.1
407	0.00527909460229999	-0.011701010195	0	0.804	0.738	0.00527909460229999	-0.011701010195	NoCorrection	1000	A26	C2	1000	10000	0	0.5	300	0.1
408	0.00700484324519992	-0.00362521618000006	0	0.742	0.91	0.00700484324519992	-0.00362521618000006	ID	1000	A26	C2	1000	10000	0	0.5	300	0.1
409	0.0269138048715	-0.0168290649300007	0	0.136	0.573	0.0269138048715	-0.0168290649300007	1	1000	A26	C2	1000	10000	0	0.5	300	0.5
410	0.02479928920025	-0.00377238012999993	0	0.228	0.892	0.02479928920025	-0.00377238012999993	FGr	1000	A26	C2	1000	10000	0	0.5	300	0.5
411	0.02485217160925	0.00236902575499997	0	0.214	0.947	0.02485217160925	0.00236902575499997	NoCorrection	1000	A26	C2	1000	10000	0	0.5	300	0.5
412	0.0288984259881201	-0.00514633597499919	0	0.117	0.866	0.0288984259881201	-0.00514633597499919	ID	1000	A26	C2	1000	10000	0	0.5	300	0.5
413	-0.02038335316265	-0.0725803804	0	0.328	0.023	-0.02038335316265	-0.0725803804	1	1000	A26	C2	1000	10000	0	0.5	300	1
414	-0.0249584712450501	-0.0804315303199999	0	0.397	0.083	-0.0249584712450501	-0.0804315303199999	FGr	1000	A26	C2	1000	10000	0	0.5	300	1
415	-0.0249829073018051	-0.0795802858849999	0	0.428	0.094	-0.0249829073018051	-0.0795802858849999	NoCorrection	1000	A26	C2	1000	10000	0	0.5	300	1
416	-0.0153669157594	-0.0329035399649999	0	0.473	0.278	-0.0153669157594	-0.0329035399649999	ID	1000	A26	C2	1000	10000	0	0.5	300	1
417	-0.00822290640399999	-0.0192777327050004	0	0.647	0.659	-0.00822290640399999	-0.0192777327050004	1	10000	A26	C2	1000	10000	0	0.5	300	0
418	-0.0103046449767	0.00428723778499978	0	0.55	0.916	-0.0103046449767	0.00428723778499978	FGr	10000	A26	C2	1000	10000	0	0.5	300	0
419	-0.0102374419571	0.00214004421499963	0	0.567	0.965	-0.0102374419571	0.00214004421499963	NoCorrection	10000	A26	C2	1000	10000	0	0.5	300	0
420	-0.00819907162437499	-0.017751690905	0	0.642	0.712	-0.00819907162437499	-0.017751690905	ID	10000	A26	C2	1000	10000	0	0.5	300	0
421	-0.0329829518053498	0.0430590604050005	0	0.06	0.341	-0.0329829518053498	0.0430590604050005	1	10000	A26	C2	1000	10000	0	0.5	300	0.1
422	-0.0362518374477994	0.0505566616399999	0	0.046	0.256	-0.0362518374477994	0.0505566616399999	FGr	10000	A26	C2	1000	10000	0	0.5	300	0.1
423	-0.0363607332828999	0.0332387532500003	0	0.049	0.478	-0.0363607332828999	0.0332387532500003	NoCorrection	10000	A26	C2	1000	10000	0	0.5	300	0.1
424	-0.0329279326871981	0.0368267315849994	0	0.057	0.401	-0.0329279326871981	0.0368267315849994	ID	10000	A26	C2	1000	10000	0	0.5	300	0.1
425	0.01134212548925	0.0649038222849991	0	0.552	0.196	0.01134212548925	0.0649038222849991	1	10000	A26	C2	1000	10000	0	0.5	300	0.5
426	0.00288940140999994	0.0708882420500001	0	0.896	0.222	0.00288940140999994	0.0708882420500001	FGr	10000	A26	C2	1000	10000	0	0.5	300	0.5
427	0.00277425502232483	0.0839270047999998	0	0.894	0.146	0.00277425502232483	0.0839270047999998	NoCorrection	10000	A26	C2	1000	10000	0	0.5	300	0.5
428	0.01137951725325	0.0769832423400002	0	0.545	0.139	0.01137951725325	0.0769832423400002	ID	10000	A26	C2	1000	10000	0	0.5	300	0.5
429	0.0222997208149001	-0.0826013752000008	0	0.206	0.05	0.0222997208149001	-0.0826013752000008	1	10000	A26	C2	1000	10000	0	0.5	300	1
430	0.00728734689617983	-0.0278177064500004	0	0.756	0.678	0.00728734689617983	-0.0278177064500004	FGr	10000	A26	C2	1000	10000	0	0.5	300	1
431	0.00713973741615002	-0.04658146265	0	0.764	0.446	0.00713973741615002	-0.04658146265	NoCorrection	10000	A26	C2	1000	10000	0	0.5	300	1
432	0.0225191521541001	-0.0881710271750012	0	0.221	0.051	0.0225191521541001	-0.0881710271750012	ID	10000	A26	C2	1000	10000	0	0.5	300	1
433	-0.011413065626	-0.011413065626	0	0.305	0.337	-0.011413065626	-0.011413065626	1	300	A26	C2	10000	100	0	0.5	300	0
434	-0.011146433461	-0.011146433461	0	0.353	0.345	-0.011146433461	-0.011146433461	FGr	300	A26	C2	10000	100	0	0.5	300	0
435	-0.011165457986	-0.011165457986	0	0.352	0.333	-0.011165457986	-0.011165457986	NoCorrection	300	A26	C2	10000	100	0	0.5	300	0
436	-0.011284488649	-0.011284488649	0	0.315	0.341	-0.011284488649	-0.011284488649	ID	300	A26	C2	10000	100	0	0.5	300	0
437	0.0181919217025	0.0181919217025	0	0.144	0.15	0.0181919217025	0.0181919217025	1	300	A26	C2	10000	100	0	0.5	300	0.1
438	0.017545851782	0.017545851782	0	0.18	0.198	0.017545851782	0.017545851782	FGr	300	A26	C2	10000	100	0	0.5	300	0.1
439	0.0176576003065	0.0176576003065	0	0.205	0.191	0.0176576003065	0.0176576003065	NoCorrection	300	A26	C2	10000	100	0	0.5	300	0.1
440	0.017973140349	0.017973140349	0	0.167	0.17	0.017973140349	0.017973140349	ID	300	A26	C2	10000	100	0	0.5	300	0.1
441	-0.00598866120399999	-0.005988661204	0	0.671	0.675	-0.00598866120399999	-0.005988661204	1	300	A26	C2	10000	100	0	0.5	300	0.5
442	-0.00775148898	-0.00775148898000001	0	0.726	0.746	-0.00775148898	-0.00775148898000001	FGr	300	A26	C2	10000	100	0	0.5	300	0.5
443	-0.00774238411999999	-0.00774238412000001	0	0.742	0.713	-0.00774238411999999	-0.00774238412000001	NoCorrection	300	A26	C2	10000	100	0	0.5	300	0.5
444	-0.00679486816999998	-0.00679486817000001	0	0.581	0.611	-0.00679486816999998	-0.00679486817000001	ID	300	A26	C2	10000	100	0	0.5	300	0.5
445	0.00785305127499999	0.007853051275	0	0.457	0.437	0.00785305127499999	0.007853051275	1	300	A26	C2	10000	100	0	0.5	300	1
446	0.00395906392499998	0.00395906392499995	0	0.914	0.917	0.00395906392499998	0.00395906392499995	FGr	300	A26	C2	10000	100	0	0.5	300	1
447	0.00427202185000001	0.00427202184999998	0	0.923	0.897	0.00427202185000001	0.00427202184999998	NoCorrection	300	A26	C2	10000	100	0	0.5	300	1
448	0.0062629833905	0.0062629833905	0	0.53	0.57	0.0062629833905	0.0062629833905	ID	300	A26	C2	10000	100	0	0.5	300	1
449	-0.006433218715	0.00599439399999999	0	0.594	0.747	-0.006433218715	0.00599439399999999	1	1000	A26	C2	10000	100	0	0.5	300	0
450	-0.00670794296	0.000674641499999997	0	0.554	0.97	-0.00670794296	0.000674641499999997	FGr	1000	A26	C2	10000	100	0	0.5	300	0
451	-0.0068449004195	0.00200455249999998	0	0.56	0.918	-0.0068449004195	0.00200455249999998	NoCorrection	1000	A26	C2	10000	100	0	0.5	300	0
452	-0.00644023739000001	0.008185426	0	0.572	0.644	-0.00644023739000001	0.008185426	ID	1000	A26	C2	10000	100	0	0.5	300	0
453	0.002421515151	-0.0170270415	0	0.816	0.32	0.002421515151	-0.0170270415	1	1000	A26	C2	10000	100	0	0.5	300	0.1
454	0.00541318674949999	-0.009398537	0	0.701	0.629	0.00541318674949999	-0.009398537	FGr	1000	A26	C2	10000	100	0	0.5	300	0.1
455	0.005378731816	-0.00941127649999999	0	0.667	0.603	0.005378731816	-0.00941127649999999	NoCorrection	1000	A26	C2	10000	100	0	0.5	300	0.1
456	0.0027029085895	-0.013965554	0	0.812	0.414	0.0027029085895	-0.013965554	ID	1000	A26	C2	10000	100	0	0.5	300	0.1
457	-0.0015476887255	0.0064202675	0	0.904	0.769	-0.0015476887255	0.0064202675	1	1000	A26	C2	10000	100	0	0.5	300	0.5
458	0.01048714788	0.0317734074999999	0	0.618	0.352	0.01048714788	0.0317734074999999	FGr	1000	A26	C2	10000	100	0	0.5	300	0.5
459	0.01054456934	0.031821204	0	0.651	0.354	0.01054456934	0.031821204	NoCorrection	1000	A26	C2	10000	100	0	0.5	300	0.5
460	-0.00233437565125001	0.00286130300000001	0	0.86	0.891	-0.00233437565125001	0.00286130300000001	ID	1000	A26	C2	10000	100	0	0.5	300	0.5
461	-0.00967744467000001	-0.00189435099999999	0	0.432	0.908	-0.00967744467000001	-0.00189435099999999	1	1000	A26	C2	10000	100	0	0.5	300	1
462	0.01478093766	0.0355284375000001	0	0.696	0.572	0.01478093766	0.0355284375000001	FGr	1000	A26	C2	10000	100	0	0.5	300	1
463	0.01454742584	0.0353176209999999	0	0.717	0.598	0.01454742584	0.0353176209999999	NoCorrection	1000	A26	C2	10000	100	0	0.5	300	1
464	-0.0113678020585	-0.00536166250000001	0	0.372	0.8	-0.0113678020585	-0.00536166250000001	ID	1000	A26	C2	10000	100	0	0.5	300	1
465	0.019651364676	0.00462530949999999	0	0.046	0.843	0.019651364676	0.00462530949999999	1	10000	A26	C2	10000	100	0	0.5	300	0
466	0.02061031888	-0.0049805515	0	0.043	0.853	0.02061031888	-0.0049805515	FGr	10000	A26	C2	10000	100	0	0.5	300	0
467	0.0205917034509	-0.00055392199999998	0	0.04	0.979	0.0205917034509	-0.00055392199999998	NoCorrection	10000	A26	C2	10000	100	0	0.5	300	0
468	0.019646841095	-0.000658791000000012	0	0.043	0.977	0.019646841095	-0.000658791000000012	ID	10000	A26	C2	10000	100	0	0.5	300	0
469	0.00791549522099999	-0.0203686895	0	0.401	0.465	0.00791549522099999	-0.0203686895	1	10000	A26	C2	10000	100	0	0.5	300	0.1
470	0.00521955230500001	-0.0380388215	0	0.635	0.172	0.00521955230500001	-0.0380388215	FGr	10000	A26	C2	10000	100	0	0.5	300	0.1
471	0.00518642450000001	-0.035443588	0	0.644	0.212	0.00518642450000001	-0.035443588	NoCorrection	10000	A26	C2	10000	100	0	0.5	300	0.1
472	0.00780984997299999	-0.016971088	0	0.44	0.548	0.00780984997299999	-0.016971088	ID	10000	A26	C2	10000	100	0	0.5	300	0.1
473	-0.00717697132500001	0.00639288349999999	0	0.476	0.802	-0.00717697132500001	0.00639288349999999	1	10000	A26	C2	10000	100	0	0.5	300	0.5
474	-0.019313401445	-0.016565756	0	0.338	0.767	-0.019313401445	-0.016565756	FGr	10000	A26	C2	10000	100	0	0.5	300	0.5
475	-0.01932157614	-0.016579886	0	0.309	0.737	-0.01932157614	-0.016579886	NoCorrection	10000	A26	C2	10000	100	0	0.5	300	0.5
476	-0.007521542525	0.0163067300000001	0	0.511	0.546	-0.007521542525	0.0163067300000001	ID	10000	A26	C2	10000	100	0	0.5	300	0.5
477	0.00657155162054995	-0.0289904935	0	0.452	0.282	0.00657155162054995	-0.0289904935	1	10000	A26	C2	10000	100	0	0.5	300	1
478	-0.0172623149	0.00880466500000001	0	0.616	0.929	-0.0172623149	0.00880466500000001	FGr	10000	A26	C2	10000	100	0	0.5	300	1
479	-0.01729167295	0.00866964499999999	0	0.588	0.927	-0.01729167295	0.00866964499999999	NoCorrection	10000	A26	C2	10000	100	0	0.5	300	1
480	0.00581840944400001	-0.0118276235	0	0.52	0.652	0.00581840944400001	-0.0118276235	ID	10000	A26	C2	10000	100	0	0.5	300	1
481	0.011656634502	0.011656634502	0	0.112	0.122	0.011656634502	0.011656634502	1	300	A26	C2	10000	1000	0	0.5	300	0
482	0.0111699766485	0.0111699766485	0	0.149	0.146	0.0111699766485	0.0111699766485	FGr	300	A26	C2	10000	1000	0	0.5	300	0
483	0.0114008456897	0.0114008456897	0	0.135	0.103	0.0114008456897	0.0114008456897	NoCorrection	300	A26	C2	10000	1000	0	0.5	300	0
484	0.011777347715	0.011777347715	0	0.116	0.113	0.011777347715	0.011777347715	ID	300	A26	C2	10000	1000	0	0.5	300	0
485	-0.00873111288427	-0.00873111288426999	0	0.197	0.195	-0.00873111288427	-0.00873111288426999	1	300	A26	C2	10000	1000	0	0.5	300	0.1
486	-0.0055198112734	-0.0055198112734	0	0.48	0.444	-0.0055198112734	-0.0055198112734	FGr	300	A26	C2	10000	1000	0	0.5	300	0.1
487	-0.00559162791376	-0.00559162791376	0	0.438	0.442	-0.00559162791376	-0.00559162791376	NoCorrection	300	A26	C2	10000	1000	0	0.5	300	0.1
488	-0.0083309722352	-0.0083309722352	0	0.234	0.232	-0.0083309722352	-0.0083309722352	ID	300	A26	C2	10000	1000	0	0.5	300	0.1
489	-0.00762137897535002	-0.00762137897535003	0	0.234	0.248	-0.00762137897535002	-0.00762137897535003	1	300	A26	C2	10000	1000	0	0.5	300	0.5
490	0.00944641026195	0.00944641026194999	0	0.503	0.46	0.00944641026195	0.00944641026194999	FGr	300	A26	C2	10000	1000	0	0.5	300	0.5
491	0.00965820311750001	0.00965820311750001	0	0.473	0.485	0.00965820311750001	0.00965820311750001	NoCorrection	300	A26	C2	10000	1000	0	0.5	300	0.5
492	-0.007300234262715	-0.00730023426271499	0	0.242	0.241	-0.007300234262715	-0.00730023426271499	ID	300	A26	C2	10000	1000	0	0.5	300	0.5
493	-0.006052232598	-0.006052232598	0	0.469	0.435	-0.006052232598	-0.006052232598	1	300	A26	C2	10000	1000	0	0.5	300	1
494	0.02644182755061	0.02644182755061	0	0.221	0.213	0.02644182755061	0.02644182755061	FGr	300	A26	C2	10000	1000	0	0.5	300	1
495	0.027099873674	0.027099873674	0	0.203	0.187	0.027099873674	0.027099873674	NoCorrection	300	A26	C2	10000	1000	0	0.5	300	1
496	-0.006556494532	-0.006556494532	0	0.379	0.331	-0.006556494532	-0.006556494532	ID	300	A26	C2	10000	1000	0	0.5	300	1
497	-0.0069146247837	-0.01983299445	0	0.312	0.067	-0.0069146247837	-0.01983299445	1	1000	A26	C2	10000	1000	0	0.5	300	0
498	-0.0069221352964	-0.0209915242	0	0.297	0.047	-0.0069221352964	-0.0209915242	FGr	1000	A26	C2	10000	1000	0	0.5	300	0
499	-0.00692267159530001	-0.02098999515	0	0.305	0.043	-0.00692267159530001	-0.02098999515	NoCorrection	1000	A26	C2	10000	1000	0	0.5	300	0
500	-0.0066080830245	-0.02012875575	0	0.314	0.061	-0.0066080830245	-0.02012875575	ID	1000	A26	C2	10000	1000	0	0.5	300	0
501	-0.00379026461857501	0.00736691884999999	0	0.592	0.47	-0.00379026461857501	0.00736691884999999	1	1000	A26	C2	10000	1000	0	0.5	300	0.1
502	-0.00812848112650001	0.00797188019999999	0	0.257	0.438	-0.00812848112650001	0.00797188019999999	FGr	1000	A26	C2	10000	1000	0	0.5	300	0.1
503	-0.00812408027979999	0.00800373654999997	0	0.23	0.408	-0.00812408027979999	0.00800373654999997	NoCorrection	1000	A26	C2	10000	1000	0	0.5	300	0.1
504	-0.00413946926570001	0.00712450960000001	0	0.548	0.478	-0.00413946926570001	0.00712450960000001	ID	1000	A26	C2	10000	1000	0	0.5	300	0.1
505	-0.000624702849850002	0.0220734254999999	0	0.917	0.045	-0.000624702849850002	0.0220734254999999	1	1000	A26	C2	10000	1000	0	0.5	300	0.5
506	-0.0260884622885	-0.01193744915	0	0.033	0.56	-0.0260884622885	-0.01193744915	FGr	1000	A26	C2	10000	1000	0	0.5	300	0.5
507	-0.026104927017	-0.0110229033499999	0	0.046	0.608	-0.026104927017	-0.0110229033499999	NoCorrection	1000	A26	C2	10000	1000	0	0.5	300	0.5
508	-0.00131631038085002	0.01894402475	0	0.818	0.062	-0.00131631038085002	0.01894402475	ID	1000	A26	C2	10000	1000	0	0.5	300	0.5
509	-0.0046856850905	-0.00714573679999999	0	0.498	0.525	-0.0046856850905	-0.00714573679999999	1	1000	A26	C2	10000	1000	0	0.5	300	1
510	-0.0585820456890001	-0.0259528714	0	0.02	0.491	-0.0585820456890001	-0.0259528714	FGr	1000	A26	C2	10000	1000	0	0.5	300	1
511	-0.0585975744660001	-0.02655746395	0	0.018	0.5	-0.0585975744660001	-0.02655746395	NoCorrection	1000	A26	C2	10000	1000	0	0.5	300	1
512	-0.00621279450150002	-0.00613444500000001	0	0.401	0.554	-0.00621279450150002	-0.00613444500000001	ID	1000	A26	C2	10000	1000	0	0.5	300	1
513	-0.0022872297575	0.0189515530999999	0	0.782	0.254	-0.0022872297575	0.0189515530999999	1	10000	A26	C2	10000	1000	0	0.5	300	0
514	-0.00269292118371003	0.0227066772999999	0	0.732	0.181	-0.00269292118371003	0.0227066772999999	FGr	10000	A26	C2	10000	1000	0	0.5	300	0
515	-0.00267779350730001	0.0227453384999999	0	0.696	0.181	-0.00267779350730001	0.0227453384999999	NoCorrection	10000	A26	C2	10000	1000	0	0.5	300	0
516	-0.00221981688700003	0.0186095843499999	0	0.747	0.254	-0.00221981688700003	0.0186095843499999	ID	10000	A26	C2	10000	1000	0	0.5	300	0
517	-0.01431149860325	0.0083128702	0	0.038	0.6	-0.01431149860325	0.0083128702	1	10000	A26	C2	10000	1000	0	0.5	300	0.1
518	-0.017265353252	0.00995023139999997	0	0.025	0.562	-0.017265353252	0.00995023139999997	FGr	10000	A26	C2	10000	1000	0	0.5	300	0.1
519	-0.01723695206065	0.01046368095	0	0.03	0.553	-0.01723695206065	0.01046368095	NoCorrection	10000	A26	C2	10000	1000	0	0.5	300	0.1
520	-0.0142030212625	0.01150183615	0	0.03	0.472	-0.0142030212625	0.01150183615	ID	10000	A26	C2	10000	1000	0	0.5	300	0.1
521	0.00577967460924993	0.0056619552	0	0.407	0.754	0.00577967460924993	0.0056619552	1	10000	A26	C2	10000	1000	0	0.5	300	0.5
522	-0.0101533817318	-0.00124946239999992	0	0.444	0.982	-0.0101533817318	-0.00124946239999992	FGr	10000	A26	C2	10000	1000	0	0.5	300	0.5
523	-0.0101067872678001	-0.00251841615000003	0	0.453	0.933	-0.0101067872678001	-0.00251841615000003	NoCorrection	10000	A26	C2	10000	1000	0	0.5	300	0.5
524	0.00578783481395	0.0102640855	0	0.424	0.532	0.00578783481395	0.0102640855	ID	10000	A26	C2	10000	1000	0	0.5	300	0.5
525	0.004501116871	-0.0107964326500001	0	0.531	0.524	0.004501116871	-0.0107964326500001	1	10000	A26	C2	10000	1000	0	0.5	300	1
526	-0.0252275540740002	0.062913323	0	0.301	0.23	-0.0252275540740002	0.062913323	FGr	10000	A26	C2	10000	1000	0	0.5	300	1
527	-0.0251488364890001	0.06151886	0	0.293	0.228	-0.0251488364890001	0.06151886	NoCorrection	10000	A26	C2	10000	1000	0	0.5	300	1
528	0.00481382383150001	-0.0173954708499999	0	0.491	0.361	0.00481382383150001	-0.0173954708499999	ID	10000	A26	C2	10000	1000	0	0.5	300	1
529	0.00309334538810023	0.00309334538810025	0	0.58	0.551	0.00309334538810023	0.00309334538810025	1	300	A26	C2	10000	10000	0	0.5	300	0
530	0.00286575382930489	0.00286575382930485	0	0.599	0.582	0.00286575382930489	0.00286575382930485	FGr	300	A26	C2	10000	10000	0	0.5	300	0
531	0.00253120749031011	0.00253120749031011	0	0.639	0.637	0.00253120749031011	0.00253120749031011	NoCorrection	300	A26	C2	10000	10000	0	0.5	300	0
532	0.00323074740002497	0.00323074740002494	0	0.534	0.563	0.00323074740002497	0.00323074740002494	ID	300	A26	C2	10000	10000	0	0.5	300	0
533	0.000894939113585081	0.000894939113585072	0	0.879	0.862	0.000894939113585081	0.000894939113585072	1	300	A26	C2	10000	10000	0	0.5	300	0.1
534	0.00404759837962998	0.00404759837962998	0	0.453	0.452	0.00404759837962998	0.00404759837962998	FGr	300	A26	C2	10000	10000	0	0.5	300	0.1
535	0.00412076852564983	0.00412076852564981	0	0.429	0.442	0.00412076852564983	0.00412076852564981	NoCorrection	300	A26	C2	10000	10000	0	0.5	300	0.1
536	0.00081360351745008	0.000813603517450092	0	0.869	0.87	0.00081360351745008	0.000813603517450092	ID	300	A26	C2	10000	10000	0	0.5	300	0.1
537	0.0085474065497	0.0085474065497	0	0.125	0.112	0.0085474065497	0.0085474065497	1	300	A26	C2	10000	10000	0	0.5	300	0.5
538	0.0246520353292999	0.0246520353293	0	0.028	0.028	0.0246520353292999	0.0246520353293	FGr	300	A26	C2	10000	10000	0	0.5	300	0.5
539	0.0250269393407997	0.0250269393407998	0	0.021	0.027	0.0250269393407997	0.0250269393407998	NoCorrection	300	A26	C2	10000	10000	0	0.5	300	0.5
540	0.00788479102377501	0.00788479102377502	0	0.155	0.136	0.00788479102377501	0.00788479102377502	ID	300	A26	C2	10000	10000	0	0.5	300	0.5
541	0.00578415040580003	0.00578415040580004	0	0.349	0.374	0.00578415040580003	0.00578415040580004	1	300	A26	C2	10000	10000	0	0.5	300	1
542	0.0356359068300498	0.0356359068300497	0	0.07	0.068	0.0356359068300498	0.0356359068300497	FGr	300	A26	C2	10000	10000	0	0.5	300	1
543	0.0363356794461998	0.0363356794461999	0	0.06	0.078	0.0363356794461998	0.0363356794461999	NoCorrection	300	A26	C2	10000	10000	0	0.5	300	1
544	0.00459731640780409	0.00459731640780409	0	0.387	0.409	0.00459731640780409	0.00459731640780409	ID	300	A26	C2	10000	10000	0	0.5	300	1
545	0.00474784770663514	-0.00524084304500001	0	0.451	0.598	0.00474784770663514	-0.00524084304500001	1	1000	A26	C2	10000	10000	0	0.5	300	0
546	0.00470660139484976	-0.00510778685499994	0	0.446	0.573	0.00470660139484976	-0.00510778685499994	FGr	1000	A26	C2	10000	10000	0	0.5	300	0
547	0.00468833264829003	-0.00511523577000003	0	0.423	0.605	0.00468833264829003	-0.00511523577000003	NoCorrection	1000	A26	C2	10000	10000	0	0.5	300	0
548	0.00471417648484994	-0.00567384958500011	0	0.452	0.545	0.00471417648484994	-0.00567384958500011	ID	1000	A26	C2	10000	10000	0	0.5	300	0
549	0.00516162909150003	0.00739593744	0	0.455	0.483	0.00516162909150003	0.00739593744	1	1000	A26	C2	10000	10000	0	0.5	300	0.1
550	0.00526309516342403	0.00264502182999989	0	0.429	0.795	0.00526309516342403	0.00264502182999989	FGr	1000	A26	C2	10000	10000	0	0.5	300	0.1
551	0.00514311416732501	0.00522809087500007	0	0.461	0.646	0.00514311416732501	0.00522809087500007	NoCorrection	1000	A26	C2	10000	10000	0	0.5	300	0.1
552	0.0050260555721849	0.00743134725000001	0	0.448	0.491	0.0050260555721849	0.00743134725000001	ID	1000	A26	C2	10000	10000	0	0.5	300	0.1
553	0.00441696877929996	0.0192988992	0	0.518	0.086	0.00441696877929996	0.0192988992	1	1000	A26	C2	10000	10000	0	0.5	300	0.5
554	0.00400554454993996	0.00434371626999996	0	0.743	0.787	0.00400554454993996	0.00434371626999996	FGr	1000	A26	C2	10000	10000	0	0.5	300	0.5
555	0.00400994709673002	0.00434678378999992	0	0.747	0.799	0.00400994709673002	0.00434678378999992	NoCorrection	1000	A26	C2	10000	10000	0	0.5	300	0.5
556	0.00347309813499995	0.0203885859550001	0	0.622	0.069	0.00347309813499995	0.0203885859550001	ID	1000	A26	C2	10000	10000	0	0.5	300	0.5
557	0.00309430917608503	0.0241443188099995	0	0.631	0.028	0.00309430917608503	0.0241443188099995	1	1000	A26	C2	10000	10000	0	0.5	300	1
558	0.00221500539340512	-0.0160396613749998	0	0.918	0.593	0.00221500539340512	-0.0160396613749998	FGr	1000	A26	C2	10000	10000	0	0.5	300	1
559	0.00232723390246503	-0.0173827117349993	0	0.903	0.601	0.00232723390246503	-0.0173827117349993	NoCorrection	1000	A26	C2	10000	10000	0	0.5	300	1
560	0.00110440480814987	0.0163371279399996	0	0.861	0.086	0.00110440480814987	0.0163371279399996	ID	1000	A26	C2	10000	10000	0	0.5	300	1
561	0.00508592380094999	-0.02992693806	0	0.355	0.057	0.00508592380094999	-0.02992693806	1	10000	A26	C2	10000	10000	0	0.5	300	0
562	0.00484202538666004	-0.0317789464550002	0	0.328	0.03	0.00484202538666004	-0.0317789464550002	FGr	10000	A26	C2	10000	10000	0	0.5	300	0
563	0.00486412113179004	-0.0309821915899999	0	0.363	0.041	0.00486412113179004	-0.0309821915899999	NoCorrection	10000	A26	C2	10000	10000	0	0.5	300	0
564	0.00506907952040001	-0.0301095791650003	0	0.326	0.047	0.00506907952040001	-0.0301095791650003	ID	10000	A26	C2	10000	10000	0	0.5	300	0
565	-0.00952692411930995	0.012252021295	0	0.107	0.472	-0.00952692411930995	0.012252021295	1	10000	A26	C2	10000	10000	0	0.5	300	0.1
566	-0.00902046886365	0.0118698653999997	0	0.164	0.498	-0.00902046886365	0.0118698653999997	FGr	10000	A26	C2	10000	10000	0	0.5	300	0.1
567	-0.00900573093674998	0.0118758976749998	0	0.128	0.488	-0.00900573093674998	0.0118758976749998	NoCorrection	10000	A26	C2	10000	10000	0	0.5	300	0.1
568	-0.00954441486009001	0.0120034253549999	0	0.106	0.482	-0.00954441486009001	0.0120034253549999	ID	10000	A26	C2	10000	10000	0	0.5	300	0.1
569	0.00107202446523002	-0.00647342226000011	0	0.863	0.674	0.00107202446523002	-0.00647342226000011	1	10000	A26	C2	10000	10000	0	0.5	300	0.5
570	0.00418492085475978	0.0534256542149995	0	0.717	0.103	0.00418492085475978	0.0534256542149995	FGr	10000	A26	C2	10000	10000	0	0.5	300	0.5
571	0.00417167309697991	0.0521963425950001	0	0.722	0.093	0.00417167309697991	0.0521963425950001	NoCorrection	10000	A26	C2	10000	10000	0	0.5	300	0.5
572	0.00106139489843598	-0.00402649630500001	0	0.87	0.802	0.00106139489843598	-0.00402649630500001	ID	10000	A26	C2	10000	10000	0	0.5	300	0.5
573	-0.0016990033327	0.0208377192750002	0	0.753	0.206	-0.0016990033327	0.0208377192750002	1	10000	A26	C2	10000	10000	0	0.5	300	1
574	0.00437920511180038	0.0406330928499981	0	0.819	0.479	0.00437920511180038	0.0406330928499981	FGr	10000	A26	C2	10000	10000	0	0.5	300	1
575	0.00438213731610074	0.0406435140500011	0	0.838	0.437	0.00438213731610074	0.0406435140500011	NoCorrection	10000	A26	C2	10000	10000	0	0.5	300	1
576	-0.00168431468135002	0.0140501396250002	0	0.764	0.41	-0.00168431468135002	0.0140501396250002	ID	10000	A26	C2	10000	10000	0	0.5	300	1
