	c-q	nc-q	true-q	c-p	nc-p	c-bias	nc-bias	type	L	rep	config	gwas_size	test_size	h2	ts	num_causal	env
1	-0.02973527454	-0.02973527454	0	0.481	0.493	-0.02973527454	-0.02973527454	1	300	A21	C1	1000	100	0	0.5	300	0
2	-0.01258419143	-0.01258419143	0	0.768	0.755	-0.01258419143	-0.01258419143	FGr	300	A21	C1	1000	100	0	0.5	300	0
3	0.0223083041	0.0223083041	0	0.6	0.614	0.0223083041	0.0223083041	NoCorrection	300	A21	C1	1000	100	0	0.5	300	0
4	-0.045665864645	-0.045665864645	0	0.246	0.261	-0.045665864645	-0.045665864645	ID	300	A21	C1	1000	100	0	0.5	300	0
5	0.07192103361	0.07192103361	0	0.071	0.061	0.07192103361	0.07192103361	1	300	A21	C1	1000	100	0	0.5	300	0.01
6	0.07483266748	0.07483266748	0	0.044	0.048	0.07483266748	0.07483266748	FGr	300	A21	C1	1000	100	0	0.5	300	0.01
7	0.044501149168	0.044501149168	0	0.238	0.225	0.044501149168	0.044501149168	NoCorrection	300	A21	C1	1000	100	0	0.5	300	0.01
8	0.046920377495	0.046920377495	0	0.231	0.207	0.046920377495	0.046920377495	ID	300	A21	C1	1000	100	0	0.5	300	0.01
9	0.0261129681	0.0261129681	0	0.526	0.488	0.0261129681	0.0261129681	1	300	A21	C1	1000	100	0	0.5	300	0.03
10	0.02396819915	0.02396819915	0	0.52	0.526	0.02396819915	0.02396819915	FGr	300	A21	C1	1000	100	0	0.5	300	0.03
11	0.04425522446	0.04425522446	0	0.245	0.237	0.04425522446	0.04425522446	NoCorrection	300	A21	C1	1000	100	0	0.5	300	0.03
12	0.01892605823	0.01892605823	0	0.625	0.625	0.01892605823	0.01892605823	ID	300	A21	C1	1000	100	0	0.5	300	0.03
13	0.080219662545	0.080219662545	0	0.036	0.054	0.080219662545	0.080219662545	1	300	A21	C1	1000	100	0	0.5	300	0.1
14	0.0449396286999999	0.0449396287	0	0.25	0.273	0.0449396286999999	0.0449396287	FGr	300	A21	C1	1000	100	0	0.5	300	0.1
15	0.0372074781499999	0.0372074781500001	0	0.35	0.327	0.0372074781499999	0.0372074781500001	NoCorrection	300	A21	C1	1000	100	0	0.5	300	0.1
16	0.06992218122	0.06992218122	0	0.093	0.086	0.06992218122	0.06992218122	ID	300	A21	C1	1000	100	0	0.5	300	0.1
17	-0.0112660936406	-0.0879480845	0	0.767	0.163	-0.0112660936406	-0.0879480845	1	1000	A21	C1	1000	100	0	0.5	300	0
18	0.00380893194400001	-0.0460800525	0	0.912	0.461	0.00380893194400001	-0.0460800525	FGr	1000	A21	C1	1000	100	0	0.5	300	0
19	-0.01795829776	-0.1064691315	0	0.624	0.103	-0.01795829776	-0.1064691315	NoCorrection	1000	A21	C1	1000	100	0	0.5	300	0
20	-0.00906010877149999	-0.0812608555	0	0.805	0.182	-0.00906010877149999	-0.0812608555	ID	1000	A21	C1	1000	100	0	0.5	300	0
21	0.018152053675	0.0713684600000001	0	0.593	0.264	0.018152053675	0.0713684600000001	1	1000	A21	C1	1000	100	0	0.5	300	0.01
22	0.047059511415	0.143723105	0	0.133	0.036	0.047059511415	0.143723105	FGr	1000	A21	C1	1000	100	0	0.5	300	0.01
23	0.058001371884	0.177258581	0	0.101	0.008	0.058001371884	0.177258581	NoCorrection	1000	A21	C1	1000	100	0	0.5	300	0.01
24	0.03354911854	0.1159176885	0	0.332	0.071	0.03354911854	0.1159176885	ID	1000	A21	C1	1000	100	0	0.5	300	0.01
25	-0.014824717895	-0.0167873075000001	0	0.703	0.796	-0.014824717895	-0.0167873075000001	1	1000	A21	C1	1000	100	0	0.5	300	0.03
26	0.00726847466149996	0.060385837	0	0.811	0.351	0.00726847466149996	0.060385837	FGr	1000	A21	C1	1000	100	0	0.5	300	0.03
27	0.0225563660899999	0.0893040705	0	0.561	0.152	0.0225563660899999	0.0893040705	NoCorrection	1000	A21	C1	1000	100	0	0.5	300	0.03
28	-0.01872015681	-0.0273632335	0	0.603	0.647	-0.01872015681	-0.0273632335	ID	1000	A21	C1	1000	100	0	0.5	300	0.03
29	-0.00054477907500001	0.00232405249999997	0	0.99	0.959	-0.00054477907500001	0.00232405249999997	1	1000	A21	C1	1000	100	0	0.5	300	0.1
30	0.0256389846645	0.0767273435000001	0	0.532	0.211	0.0256389846645	0.0767273435000001	FGr	1000	A21	C1	1000	100	0	0.5	300	0.1
31	0.040906843495	0.1115431065	0	0.251	0.073	0.040906843495	0.1115431065	NoCorrection	1000	A21	C1	1000	100	0	0.5	300	0.1
32	-0.00114524575	0.000889310500000042	0	0.984	0.988	-0.00114524575	0.000889310500000042	ID	1000	A21	C1	1000	100	0	0.5	300	0.1
33	0.0252423141000001	-0.00603842500000013	0	0.583	0.953	0.0252423141000001	-0.00603842500000013	1	10000	A21	C1	1000	100	0	0.5	300	0
34	0.00843688172999991	-0.084844834	0	0.857	0.387	0.00843688172999991	-0.084844834	FGr	10000	A21	C1	1000	100	0	0.5	300	0
35	0.028362261245	0.00457185299999994	0	0.508	0.971	0.028362261245	0.00457185299999994	NoCorrection	10000	A21	C1	1000	100	0	0.5	300	0
36	0.026548305905	0.0105468330000001	0	0.548	0.928	0.026548305905	0.0105468330000001	ID	10000	A21	C1	1000	100	0	0.5	300	0
37	-0.061615691375	0.096451757	0	0.072	0.327	-0.061615691375	0.096451757	1	10000	A21	C1	1000	100	0	0.5	300	0.01
38	-0.05702686675	0.1182807715	0	0.119	0.257	-0.05702686675	0.1182807715	FGr	10000	A21	C1	1000	100	0	0.5	300	0.01
39	-0.029193233653	0.2668744905	0	0.391	0.012	-0.029193233653	0.2668744905	NoCorrection	10000	A21	C1	1000	100	0	0.5	300	0.01
40	-0.066392680065	0.0477705385	0	0.058	0.626	-0.066392680065	0.0477705385	ID	10000	A21	C1	1000	100	0	0.5	300	0.01
41	-0.0153370326950001	-0.063807611	0	0.72	0.545	-0.0153370326950001	-0.063807611	1	10000	A21	C1	1000	100	0	0.5	300	0.03
42	-0.01772304312	-0.03314868	0	0.704	0.736	-0.01772304312	-0.03314868	FGr	10000	A21	C1	1000	100	0	0.5	300	0.03
43	0.071531791618	0.34074255	0	0.118	0	0.071531791618	0.34074255	NoCorrection	10000	A21	C1	1000	100	0	0.5	300	0.03
44	-0.01482627353	-0.035304624	0	0.76	0.718	-0.01482627353	-0.035304624	ID	10000	A21	C1	1000	100	0	0.5	300	0.03
45	-0.0475229993513999	-0.01727065	0	0.203	0.857	-0.0475229993513999	-0.01727065	1	10000	A21	C1	1000	100	0	0.5	300	0.1
46	-0.06346995427	-0.1117838595	0	0.103	0.254	-0.06346995427	-0.1117838595	FGr	10000	A21	C1	1000	100	0	0.5	300	0.1
47	0.00814196640500001	0.234208855	0	0.826	0.024	0.00814196640500001	0.234208855	NoCorrection	10000	A21	C1	1000	100	0	0.5	300	0.1
48	-0.05281697973	-0.063073177	0	0.162	0.527	-0.05281697973	-0.063073177	ID	10000	A21	C1	1000	100	0	0.5	300	0.1
49	-0.00961704785050012	-0.00961704785050012	0	0.648	0.648	-0.00961704785050012	-0.00961704785050012	1	300	A21	C1	1000	1000	0	0.5	300	0
50	-0.00016567081799993	-0.000165670817999947	0	0.996	0.994	-0.00016567081799993	-0.000165670817999947	FGr	300	A21	C1	1000	1000	0	0.5	300	0
51	-0.0175774908725	-0.0175774908725	0	0.418	0.425	-0.0175774908725	-0.0175774908725	NoCorrection	300	A21	C1	1000	1000	0	0.5	300	0
52	0.00721111936649996	0.00721111936649997	0	0.759	0.744	0.00721111936649996	0.00721111936649997	ID	300	A21	C1	1000	1000	0	0.5	300	0
53	0.018519019993	0.0185190199930001	0	0.506	0.486	0.018519019993	0.0185190199930001	1	300	A21	C1	1000	1000	0	0.5	300	0.01
54	0.0282188694720003	0.0282188694720002	0	0.285	0.289	0.0282188694720003	0.0282188694720002	FGr	300	A21	C1	1000	1000	0	0.5	300	0.01
55	0.0384594632109995	0.0384594632109997	0	0.142	0.158	0.0384594632109995	0.0384594632109997	NoCorrection	300	A21	C1	1000	1000	0	0.5	300	0.01
56	0.0240823956297496	0.0240823956297496	0	0.372	0.362	0.0240823956297496	0.0240823956297496	ID	300	A21	C1	1000	1000	0	0.5	300	0.01
57	-0.017046133758	-0.017046133758	0	0.521	0.545	-0.017046133758	-0.017046133758	1	300	A21	C1	1000	1000	0	0.5	300	0.03
58	0.012756665766	0.012756665766	0	0.697	0.627	0.012756665766	0.012756665766	FGr	300	A21	C1	1000	1000	0	0.5	300	0.03
59	0.009182280865	0.009182280865	0	0.743	0.735	0.009182280865	0.009182280865	NoCorrection	300	A21	C1	1000	1000	0	0.5	300	0.03
60	-0.029530730557	-0.029530730557	0	0.283	0.285	-0.029530730557	-0.029530730557	ID	300	A21	C1	1000	1000	0	0.5	300	0.03
61	-0.0073260329	-0.00732603290000001	0	0.788	0.828	-0.0073260329	-0.00732603290000001	1	300	A21	C1	1000	1000	0	0.5	300	0.1
62	0.008859210639	0.00885921063900001	0	0.755	0.767	0.008859210639	0.00885921063900001	FGr	300	A21	C1	1000	1000	0	0.5	300	0.1
63	0.0368972438975	0.0368972438975	0	0.193	0.227	0.0368972438975	0.0368972438975	NoCorrection	300	A21	C1	1000	1000	0	0.5	300	0.1
64	-0.019076435066	-0.019076435066	0	0.518	0.504	-0.019076435066	-0.019076435066	ID	300	A21	C1	1000	1000	0	0.5	300	0.1
65	-0.0152708135655	0.1100395599	0	0.557	0.005	-0.0152708135655	0.1100395599	1	1000	A21	C1	1000	1000	0	0.5	300	0
66	-0.0329781188459999	0.0669093709	0	0.205	0.132	-0.0329781188459999	0.0669093709	FGr	1000	A21	C1	1000	1000	0	0.5	300	0
67	-0.0422506860225999	0.03783811535	0	0.115	0.402	-0.0422506860225999	0.03783811535	NoCorrection	1000	A21	C1	1000	1000	0	0.5	300	0
68	-0.0243119205305	0.0846654223	0	0.333	0.062	-0.0243119205305	0.0846654223	ID	1000	A21	C1	1000	1000	0	0.5	300	0
69	-0.00478900655950002	-0.040414031	0	0.855	0.365	-0.00478900655950002	-0.040414031	1	1000	A21	C1	1000	1000	0	0.5	300	0.01
70	0.00548762151000002	-0.00514754505	0	0.851	0.923	0.00548762151000002	-0.00514754505	FGr	1000	A21	C1	1000	1000	0	0.5	300	0.01
71	-0.055057952594	-0.1563252656	0	0.037	0	-0.055057952594	-0.1563252656	NoCorrection	1000	A21	C1	1000	1000	0	0.5	300	0.01
72	-7.81869634999947e-05	-0.0253053744	0	1	0.554	-7.81869634999947e-05	-0.0253053744	ID	1000	A21	C1	1000	1000	0	0.5	300	0.01
73	0.03111591424	-0.01909836405	0	0.236	0.703	0.03111591424	-0.01909836405	1	1000	A21	C1	1000	1000	0	0.5	300	0.03
74	0.0439706496967001	-0.000186029100000044	0	0.108	0.996	0.0439706496967001	-0.000186029100000044	FGr	1000	A21	C1	1000	1000	0	0.5	300	0.03
75	0.0771157072860002	0.104628896	0	0.006	0.024	0.0771157072860002	0.104628896	NoCorrection	1000	A21	C1	1000	1000	0	0.5	300	0.03
76	0.0324263803910004	-0.0167885008	0	0.23	0.715	0.0324263803910004	-0.0167885008	ID	1000	A21	C1	1000	1000	0	0.5	300	0.03
77	0.026528695861	0.0236062198999999	0	0.34	0.566	0.026528695861	0.0236062198999999	1	1000	A21	C1	1000	1000	0	0.5	300	0.1
78	0.03443606823	0.03613335145	0	0.218	0.384	0.03443606823	0.03613335145	FGr	1000	A21	C1	1000	1000	0	0.5	300	0.1
79	0.032995332585	0.0353111974500001	0	0.209	0.38	0.032995332585	0.0353111974500001	NoCorrection	1000	A21	C1	1000	1000	0	0.5	300	0.1
80	0.027281869021	0.0243566422000001	0	0.297	0.574	0.027281869021	0.0243566422000001	ID	1000	A21	C1	1000	1000	0	0.5	300	0.1
81	-0.00702627040599999	0.000865187799999993	0	0.814	0.992	-0.00702627040599999	0.000865187799999993	1	10000	A21	C1	1000	1000	0	0.5	300	0
82	-0.0075339500855	-0.00605179750000003	0	0.778	0.913	-0.0075339500855	-0.00605179750000003	FGr	10000	A21	C1	1000	1000	0	0.5	300	0
83	0.00286963939499998	0.0841499953999999	0	0.909	0.172	0.00286963939499998	0.0841499953999999	NoCorrection	10000	A21	C1	1000	1000	0	0.5	300	0
84	-0.00551873281000002	0.00673626124999998	0	0.831	0.928	-0.00551873281000002	0.00673626124999998	ID	10000	A21	C1	1000	1000	0	0.5	300	0
85	0.000959306925999998	0.0279899712500002	0	0.972	0.702	0.000959306925999998	0.0279899712500002	1	10000	A21	C1	1000	1000	0	0.5	300	0.01
86	-0.00413509343300001	-0.04448621945	0	0.886	0.512	-0.00413509343300001	-0.04448621945	FGr	10000	A21	C1	1000	1000	0	0.5	300	0.01
87	0.0116879658791	0.0986232604000002	0	0.674	0.157	0.0116879658791	0.0986232604000002	NoCorrection	10000	A21	C1	1000	1000	0	0.5	300	0.01
88	0.000424553981000012	0.0171776179499999	0	0.984	0.809	0.000424553981000012	0.0171776179499999	ID	10000	A21	C1	1000	1000	0	0.5	300	0.01
89	-0.00764016504899993	0.0292721446	0	0.742	0.684	-0.00764016504899993	0.0292721446	1	10000	A21	C1	1000	1000	0	0.5	300	0.03
90	-0.00641227620799999	0.0436199349999998	0	0.787	0.555	-0.00641227620799999	0.0436199349999998	FGr	10000	A21	C1	1000	1000	0	0.5	300	0.03
91	-0.007108793604	0.0396606920499999	0	0.77	0.577	-0.007108793604	0.0396606920499999	NoCorrection	10000	A21	C1	1000	1000	0	0.5	300	0.03
92	-0.00638675958919996	0.0436420029500003	0	0.79	0.556	-0.00638675958919996	0.0436420029500003	ID	10000	A21	C1	1000	1000	0	0.5	300	0.03
93	-0.0127838339475	-0.0211122110499991	0	0.56	0.773	-0.0127838339475	-0.0211122110499991	1	10000	A21	C1	1000	1000	0	0.5	300	0.1
94	-0.0102610796159	-2.17903000000783e-05	0	0.618	1	-0.0102610796159	-2.17903000000783e-05	FGr	10000	A21	C1	1000	1000	0	0.5	300	0.1
95	0.0111709947031001	0.1041257421	0	0.634	0.134	0.0111709947031001	0.1041257421	NoCorrection	10000	A21	C1	1000	1000	0	0.5	300	0.1
96	-0.0133029293110001	-0.0211955650500003	0	0.551	0.774	-0.0133029293110001	-0.0211955650500003	ID	10000	A21	C1	1000	1000	0	0.5	300	0.1
97	-0.00289155537429981	-0.00289155537429983	0	0.898	0.887	-0.00289155537429981	-0.00289155537429983	1	300	A21	C1	1000	10000	0	0.5	300	0
98	0.0208912298235001	0.0208912298235001	0	0.359	0.377	0.0208912298235001	0.0208912298235001	FGr	300	A21	C1	1000	10000	0	0.5	300	0
99	0.0321068374376503	0.0321068374376503	0	0.185	0.177	0.0321068374376503	0.0321068374376503	NoCorrection	300	A21	C1	1000	10000	0	0.5	300	0
100	-0.0155879543196901	-0.0155879543196901	0	0.497	0.487	-0.0155879543196901	-0.0155879543196901	ID	300	A21	C1	1000	10000	0	0.5	300	0
101	0.02750046150735	0.02750046150735	0	0.311	0.289	0.02750046150735	0.02750046150735	1	300	A21	C1	1000	10000	0	0.5	300	0.01
102	0.013147715553385	0.013147715553385	0	0.607	0.63	0.013147715553385	0.013147715553385	FGr	300	A21	C1	1000	10000	0	0.5	300	0.01
103	0.05612325163905	0.05612325163905	0	0.026	0.043	0.05612325163905	0.05612325163905	NoCorrection	300	A21	C1	1000	10000	0	0.5	300	0.01
104	0.02990579037215	0.02990579037215	0	0.282	0.275	0.02990579037215	0.02990579037215	ID	300	A21	C1	1000	10000	0	0.5	300	0.01
105	-0.00739059599989999	-0.00739059599989999	0	0.769	0.787	-0.00739059599989999	-0.00739059599989999	1	300	A21	C1	1000	10000	0	0.5	300	0.03
106	-0.00670814166349999	-0.00670814166349999	0	0.805	0.808	-0.00670814166349999	-0.00670814166349999	FGr	300	A21	C1	1000	10000	0	0.5	300	0.03
107	0.00239270630550002	0.00239270630550003	0	0.91	0.931	0.00239270630550002	0.00239270630550003	NoCorrection	300	A21	C1	1000	10000	0	0.5	300	0.03
108	2.64017170000401e-05	2.64017170000348e-05	0	1	1	2.64017170000401e-05	2.64017170000348e-05	ID	300	A21	C1	1000	10000	0	0.5	300	0.03
109	-0.0240806888740501	-0.0240806888740501	0	0.392	0.387	-0.0240806888740501	-0.0240806888740501	1	300	A21	C1	1000	10000	0	0.5	300	0.1
110	0.0122029227619999	0.0122029227619999	0	0.629	0.648	0.0122029227619999	0.0122029227619999	FGr	300	A21	C1	1000	10000	0	0.5	300	0.1
111	0.0177704268870705	0.0177704268870704	0	0.521	0.499	0.0177704268870705	0.0177704268870704	NoCorrection	300	A21	C1	1000	10000	0	0.5	300	0.1
112	-0.0216721618662998	-0.0216721618662998	0	0.445	0.431	-0.0216721618662998	-0.0216721618662998	ID	300	A21	C1	1000	10000	0	0.5	300	0.1
113	0.000859808359299786	-0.0308266249700001	0	0.972	0.474	0.000859808359299786	-0.0308266249700001	1	1000	A21	C1	1000	10000	0	0.5	300	0
114	0.0138860693996999	-0.0150670233250001	0	0.602	0.718	0.0138860693996999	-0.0150670233250001	FGr	1000	A21	C1	1000	10000	0	0.5	300	0
115	0.00615659451733023	-0.0227537348900002	0	0.827	0.6	0.00615659451733023	-0.0227537348900002	NoCorrection	1000	A21	C1	1000	10000	0	0.5	300	0
116	0.0158888450331001	-0.0113743539850009	0	0.571	0.782	0.0158888450331001	-0.0113743539850009	ID	1000	A21	C1	1000	10000	0	0.5	300	0
117	0.03156713484321	0.033137952535	0	0.265	0.504	0.03156713484321	0.033137952535	1	1000	A21	C1	1000	10000	0	0.5	300	0.01
118	0.0604523720706501	0.100073582245	0	0.032	0.033	0.0604523720706501	0.100073582245	FGr	1000	A21	C1	1000	10000	0	0.5	300	0.01
119	0.07231898446	0.123727913075	0	0.012	0.005	0.07231898446	0.123727913075	NoCorrection	1000	A21	C1	1000	10000	0	0.5	300	0.01
120	0.0327764495622174	0.0391061431849996	0	0.225	0.405	0.0327764495622174	0.0391061431849996	ID	1000	A21	C1	1000	10000	0	0.5	300	0.01
121	0.0249454958435499	0.0285052692849999	0	0.347	0.477	0.0249454958435499	0.0285052692849999	1	1000	A21	C1	1000	10000	0	0.5	300	0.03
122	0.0633742925037001	0.11182316763	0	0.019	0.003	0.0633742925037001	0.11182316763	FGr	1000	A21	C1	1000	10000	0	0.5	300	0.03
123	0.0577678800021	0.10044463209	0	0.031	0.009	0.0577678800021	0.10044463209	NoCorrection	1000	A21	C1	1000	10000	0	0.5	300	0.03
124	0.0488284106599	0.0675338316199997	0	0.062	0.099	0.0488284106599	0.0675338316199997	ID	1000	A21	C1	1000	10000	0	0.5	300	0.03
125	0.00450533060150001	0.00567270643999976	0	0.889	0.906	0.00450533060150001	0.00567270643999976	1	1000	A21	C1	1000	10000	0	0.5	300	0.1
126	0.0113784658011	0.0153488804400002	0	0.74	0.734	0.0113784658011	0.0153488804400002	FGr	1000	A21	C1	1000	10000	0	0.5	300	0.1
127	0.0280822027424501	0.0653987932400002	0	0.365	0.145	0.0280822027424501	0.0653987932400002	NoCorrection	1000	A21	C1	1000	10000	0	0.5	300	0.1
128	2.65417055000008e-05	-0.0151239392700004	0	1	0.751	2.65417055000008e-05	-0.0151239392700004	ID	1000	A21	C1	1000	10000	0	0.5	300	0.1
129	0.0193193142142002	-0.0958205671400005	0	0.432	0.176	0.0193193142142002	-0.0958205671400005	1	10000	A21	C1	1000	10000	0	0.5	300	0
130	0.0182816881701998	-0.107113550089997	0	0.505	0.086	0.0182816881701998	-0.107113550089997	FGr	10000	A21	C1	1000	10000	0	0.5	300	0
131	0.0273426195126801	-0.021998722914998	0	0.284	0.744	0.0273426195126801	-0.021998722914998	NoCorrection	10000	A21	C1	1000	10000	0	0.5	300	0
132	0.0202230600449449	-0.0932184093649979	0	0.406	0.145	0.0202230600449449	-0.0932184093649979	ID	10000	A21	C1	1000	10000	0	0.5	300	0
133	0.00577279289695	0.0380915670800018	0	0.802	0.568	0.00577279289695	0.0380915670800018	1	10000	A21	C1	1000	10000	0	0.5	300	0.01
134	0.000463857541840063	0.0148063798699995	0	0.983	0.806	0.000463857541840063	0.0148063798699995	FGr	10000	A21	C1	1000	10000	0	0.5	300	0.01
135	0.0125921470700001	0.0735265170499998	0	0.586	0.233	0.0125921470700001	0.0735265170499998	NoCorrection	10000	A21	C1	1000	10000	0	0.5	300	0.01
136	-0.0014408771905299	-0.0275094909900014	0	0.933	0.685	-0.0014408771905299	-0.0275094909900014	ID	10000	A21	C1	1000	10000	0	0.5	300	0.01
137	-0.05821486368425	0.0426645683250002	0	0.009	0.53	-0.05821486368425	0.0426645683250002	1	10000	A21	C1	1000	10000	0	0.5	300	0.03
138	-0.0600462736438504	0.0378347182150001	0	0.006	0.599	-0.0600462736438504	0.0378347182150001	FGr	10000	A21	C1	1000	10000	0	0.5	300	0.03
139	-0.0760614658844001	-0.13411496887	0	0.003	0.057	-0.0760614658844001	-0.13411496887	NoCorrection	10000	A21	C1	1000	10000	0	0.5	300	0.03
140	-0.056772107284	0.0558446410850001	0	0.01	0.447	-0.056772107284	0.0558446410850001	ID	10000	A21	C1	1000	10000	0	0.5	300	0.03
141	-0.0332015350025995	0.050619762425	0	0.271	0.494	-0.0332015350025995	0.050619762425	1	10000	A21	C1	1000	10000	0	0.5	300	0.1
142	-0.0264858973493997	0.118250411185	0	0.398	0.092	-0.0264858973493997	0.118250411185	FGr	10000	A21	C1	1000	10000	0	0.5	300	0.1
143	0.0095242409830497	0.396314119	0	0.756	0	0.0095242409830497	0.396314119	NoCorrection	10000	A21	C1	1000	10000	0	0.5	300	0.1
144	-0.0357054733441701	0.0283311983999999	0	0.238	0.685	-0.0357054733441701	0.0283311983999999	ID	10000	A21	C1	1000	10000	0	0.5	300	0.1
145	0.0072380231455	0.0072380231455	0	0.623	0.638	0.0072380231455	0.0072380231455	1	300	A21	C1	10000	100	0	0.5	300	0
146	0.0089561901645	0.0089561901645	0	0.541	0.532	0.0089561901645	0.0089561901645	FGr	300	A21	C1	10000	100	0	0.5	300	0
147	0.009596424655	0.009596424655	0	0.534	0.535	0.009596424655	0.009596424655	NoCorrection	300	A21	C1	10000	100	0	0.5	300	0
148	0.00714862211999999	0.00714862212	0	0.65	0.619	0.00714862211999999	0.00714862212	ID	300	A21	C1	10000	100	0	0.5	300	0
149	0.0022264231085	0.0022264231085	0	0.85	0.86	0.0022264231085	0.0022264231085	1	300	A21	C1	10000	100	0	0.5	300	0.01
150	-0.000281615055000005	-0.000281615055000006	0	0.979	0.984	-0.000281615055000005	-0.000281615055000006	FGr	300	A21	C1	10000	100	0	0.5	300	0.01
151	-0.00123345538399999	-0.001233455384	0	0.915	0.918	-0.00123345538399999	-0.001233455384	NoCorrection	300	A21	C1	10000	100	0	0.5	300	0.01
152	0.00410092249869999	0.00410092249870001	0	0.76	0.729	0.00410092249869999	0.00410092249870001	ID	300	A21	C1	10000	100	0	0.5	300	0.01
153	-0.013797864767	-0.013797864767	0	0.291	0.3	-0.013797864767	-0.013797864767	1	300	A21	C1	10000	100	0	0.5	300	0.03
154	-0.013092393263	-0.013092393263	0	0.335	0.312	-0.013092393263	-0.013092393263	FGr	300	A21	C1	10000	100	0	0.5	300	0.03
155	-0.01112951748	-0.01112951748	0	0.372	0.392	-0.01112951748	-0.01112951748	NoCorrection	300	A21	C1	10000	100	0	0.5	300	0.03
156	-0.011731374509008	-0.011731374509008	0	0.39	0.407	-0.011731374509008	-0.011731374509008	ID	300	A21	C1	10000	100	0	0.5	300	0.03
157	0.022527269335	0.022527269335	0	0.082	0.088	0.022527269335	0.022527269335	1	300	A21	C1	10000	100	0	0.5	300	0.1
158	0.0501829702925	0.0501829702925	0	0.001	0	0.0501829702925	0.0501829702925	FGr	300	A21	C1	10000	100	0	0.5	300	0.1
159	0.05292952711	0.05292952711	0	0	0	0.05292952711	0.05292952711	NoCorrection	300	A21	C1	10000	100	0	0.5	300	0.1
160	0.023356052495	0.023356052495	0	0.066	0.078	0.023356052495	0.023356052495	ID	300	A21	C1	10000	100	0	0.5	300	0.1
161	-0.014571787495	-0.021095861	0	0.289	0.281	-0.014571787495	-0.021095861	1	1000	A21	C1	10000	100	0	0.5	300	0
162	-0.012860535503	-0.015385336	0	0.313	0.411	-0.012860535503	-0.015385336	FGr	1000	A21	C1	10000	100	0	0.5	300	0
163	-0.01776155697	-0.0309415755	0	0.179	0.13	-0.01776155697	-0.0309415755	NoCorrection	1000	A21	C1	10000	100	0	0.5	300	0
164	-0.01339536302	-0.017029958	0	0.34	0.387	-0.01339536302	-0.017029958	ID	1000	A21	C1	10000	100	0	0.5	300	0
165	0.013168622899	0.000759762999999999	0	0.303	0.977	0.013168622899	0.000759762999999999	1	1000	A21	C1	10000	100	0	0.5	300	0.01
166	0.00550382576499999	-0.019954965	0	0.673	0.314	0.00550382576499999	-0.019954965	FGr	1000	A21	C1	10000	100	0	0.5	300	0.01
167	0.00515568269250001	-0.0206580985	0	0.66	0.277	0.00515568269250001	-0.0206580985	NoCorrection	1000	A21	C1	10000	100	0	0.5	300	0.01
168	0.00968154335000001	-0.012129507	0	0.448	0.519	0.00968154335000001	-0.012129507	ID	1000	A21	C1	10000	100	0	0.5	300	0.01
169	-0.00700477095600001	0.0108545995	0	0.543	0.536	-0.00700477095600001	0.0108545995	1	1000	A21	C1	10000	100	0	0.5	300	0.03
170	0.00168516846750003	0.031992001	0	0.896	0.106	0.00168516846750003	0.031992001	FGr	1000	A21	C1	10000	100	0	0.5	300	0.03
171	0.00927083717150001	0.0574262555	0	0.451	0.005	0.00927083717150001	0.0574262555	NoCorrection	1000	A21	C1	10000	100	0	0.5	300	0.03
172	-0.006070517275	0.0142230885	0	0.623	0.449	-0.006070517275	0.0142230885	ID	1000	A21	C1	10000	100	0	0.5	300	0.03
173	-0.00535335092930001	0.0152874155	0	0.674	0.396	-0.00535335092930001	0.0152874155	1	1000	A21	C1	10000	100	0	0.5	300	0.1
174	0.005196249704	0.0390019335	0	0.684	0.03	0.005196249704	0.0390019335	FGr	1000	A21	C1	10000	100	0	0.5	300	0.1
175	0.017643243362	0.071563492	0	0.164	0	0.017643243362	0.071563492	NoCorrection	1000	A21	C1	10000	100	0	0.5	300	0.1
176	-0.005124471277	0.015537942	0	0.684	0.412	-0.005124471277	0.015537942	ID	1000	A21	C1	10000	100	0	0.5	300	0.1
177	0.001615279064	-0.0268579709999999	0	0.887	0.427	0.001615279064	-0.0268579709999999	1	10000	A21	C1	10000	100	0	0.5	300	0
178	0.001953831015	-0.0248874575	0	0.846	0.441	0.001953831015	-0.0248874575	FGr	10000	A21	C1	10000	100	0	0.5	300	0
179	-0.005059825948	-0.053451	0	0.633	0.112	-0.005059825948	-0.053451	NoCorrection	10000	A21	C1	10000	100	0	0.5	300	0
180	0.000581450555999999	-0.029199898	0	0.951	0.386	0.000581450555999999	-0.029199898	ID	10000	A21	C1	10000	100	0	0.5	300	0
181	-0.0107142513825	0.021925	0	0.371	0.453	-0.0107142513825	0.021925	1	10000	A21	C1	10000	100	0	0.5	300	0.01
182	-0.0105858449208	0.0233371085	0	0.352	0.422	-0.0105858449208	0.0233371085	FGr	10000	A21	C1	10000	100	0	0.5	300	0.01
183	-0.003223215165	0.05129024	0	0.783	0.078	-0.003223215165	0.05129024	NoCorrection	10000	A21	C1	10000	100	0	0.5	300	0.01
184	-0.0100364236795	0.024783487	0	0.393	0.373	-0.0100364236795	0.024783487	ID	10000	A21	C1	10000	100	0	0.5	300	0.01
185	0.00210679678549999	-0.0420459235	0	0.844	0.191	0.00210679678549999	-0.0420459235	1	10000	A21	C1	10000	100	0	0.5	300	0.03
186	0.00276626327499999	-0.0376786425	0	0.818	0.247	0.00276626327499999	-0.0376786425	FGr	10000	A21	C1	10000	100	0	0.5	300	0.03
187	0.0128614267045	0.018465568	0	0.275	0.585	0.0128614267045	0.018465568	NoCorrection	10000	A21	C1	10000	100	0	0.5	300	0.03
188	0.00287255464	-0.0349142435	0	0.804	0.285	0.00287255464	-0.0349142435	ID	10000	A21	C1	10000	100	0	0.5	300	0.03
189	0.00784714015129999	0.0234287925	0	0.589	0.43	0.00784714015129999	0.0234287925	1	10000	A21	C1	10000	100	0	0.5	300	0.1
190	0.00553921675	0.017566686	0	0.649	0.577	0.00553921675	0.017566686	FGr	10000	A21	C1	10000	100	0	0.5	300	0.1
191	0.03548727446	0.1709764325	0	0.009	0	0.03548727446	0.1709764325	NoCorrection	10000	A21	C1	10000	100	0	0.5	300	0.1
192	0.00698414682749999	0.0237060895	0	0.596	0.469	0.00698414682749999	0.0237060895	ID	10000	A21	C1	10000	100	0	0.5	300	0.1
193	0.0105949822295	0.0105949822295	0	0.234	0.21	0.0105949822295	0.0105949822295	1	300	A21	C1	10000	1000	0	0.5	300	0
194	0.01037142862475	0.01037142862475	0	0.217	0.232	0.01037142862475	0.01037142862475	FGr	300	A21	C1	10000	1000	0	0.5	300	0
195	0.00840081844450001	0.00840081844450002	0	0.333	0.307	0.00840081844450001	0.00840081844450002	NoCorrection	300	A21	C1	10000	1000	0	0.5	300	0
196	0.0125299416765	0.0125299416765	0	0.138	0.149	0.0125299416765	0.0125299416765	ID	300	A21	C1	10000	1000	0	0.5	300	0
197	-0.00405397994899348	-0.00405397994899347	0	0.672	0.691	-0.00405397994899348	-0.00405397994899347	1	300	A21	C1	10000	1000	0	0.5	300	0.01
198	-0.00257609501339997	-0.00257609501339997	0	0.781	0.798	-0.00257609501339997	-0.00257609501339997	FGr	300	A21	C1	10000	1000	0	0.5	300	0.01
199	0.00119753466535	0.00119753466534998	0	0.888	0.9	0.00119753466535	0.00119753466534998	NoCorrection	300	A21	C1	10000	1000	0	0.5	300	0.01
200	0.00390243214255	0.00390243214254999	0	0.686	0.717	0.00390243214255	0.00390243214254999	ID	300	A21	C1	10000	1000	0	0.5	300	0.01
201	0.00897270124770001	0.00897270124770002	0	0.362	0.341	0.00897270124770001	0.00897270124770002	1	300	A21	C1	10000	1000	0	0.5	300	0.03
202	-0.000363978949325001	-0.000363978949324997	0	0.971	0.972	-0.000363978949325001	-0.000363978949324997	FGr	300	A21	C1	10000	1000	0	0.5	300	0.03
203	0.00159806832471001	0.00159806832471001	0	0.874	0.87	0.00159806832471001	0.00159806832471001	NoCorrection	300	A21	C1	10000	1000	0	0.5	300	0.03
204	0.00690477928484999	0.00690477928485	0	0.459	0.498	0.00690477928484999	0.00690477928485	ID	300	A21	C1	10000	1000	0	0.5	300	0.03
205	-0.02044428850905	-0.02044428850905	0	0.022	0.031	-0.02044428850905	-0.02044428850905	1	300	A21	C1	10000	1000	0	0.5	300	0.1
206	0.004445710465	0.004445710465	0	0.643	0.676	0.004445710465	0.004445710465	FGr	300	A21	C1	10000	1000	0	0.5	300	0.1
207	0.00872317581225	0.00872317581224999	0	0.365	0.382	0.00872317581225	0.00872317581224999	NoCorrection	300	A21	C1	10000	1000	0	0.5	300	0.1
208	-0.0152976604225	-0.0152976604225	0	0.098	0.105	-0.0152976604225	-0.0152976604225	ID	300	A21	C1	10000	1000	0	0.5	300	0.1
209	-0.00206714547205	0.006470085	0	0.813	0.638	-0.00206714547205	0.006470085	1	1000	A21	C1	10000	1000	0	0.5	300	0
210	0.0075205579703	0.0375420861	0	0.39	0.012	0.0075205579703	0.0375420861	FGr	1000	A21	C1	10000	1000	0	0.5	300	0
211	0.0085310340918	0.04032502845	0	0.364	0.005	0.0085310340918	0.04032502845	NoCorrection	1000	A21	C1	10000	1000	0	0.5	300	0
212	0.00190059370875	0.01877434715	0	0.839	0.197	0.00190059370875	0.01877434715	ID	1000	A21	C1	10000	1000	0	0.5	300	0
213	-0.004877595273	0.00864320835000003	0	0.521	0.512	-0.004877595273	0.00864320835000003	1	1000	A21	C1	10000	1000	0	0.5	300	0.01
214	-0.0014374877265	0.0194191978999999	0	0.87	0.15	-0.0014374877265	0.0194191978999999	FGr	1000	A21	C1	10000	1000	0	0.5	300	0.01
215	0.000736936405500006	0.02252900935	0	0.931	0.089	0.000736936405500006	0.02252900935	NoCorrection	1000	A21	C1	10000	1000	0	0.5	300	0.01
216	-0.00461643678650002	0.00882209274999998	0	0.542	0.514	-0.00461643678650002	0.00882209274999998	ID	1000	A21	C1	10000	1000	0	0.5	300	0.01
217	-0.00649663272625001	-0.006406091	0	0.454	0.666	-0.00649663272625001	-0.006406091	1	1000	A21	C1	10000	1000	0	0.5	300	0.03
218	-0.0084273288143	-0.01066186445	0	0.327	0.401	-0.0084273288143	-0.01066186445	FGr	1000	A21	C1	10000	1000	0	0.5	300	0.03
219	0.00107735782215	0.00603254495	0	0.891	0.687	0.00107735782215	0.00603254495	NoCorrection	1000	A21	C1	10000	1000	0	0.5	300	0.03
220	-0.00842508409970001	-0.0105536657	0	0.341	0.448	-0.00842508409970001	-0.0105536657	ID	1000	A21	C1	10000	1000	0	0.5	300	0.03
221	-0.00750936781265	-0.01868165045	0	0.427	0.176	-0.00750936781265	-0.01868165045	1	1000	A21	C1	10000	1000	0	0.5	300	0.1
222	0.0096596059485	0.02827300275	0	0.307	0.043	0.0096596059485	0.02827300275	FGr	1000	A21	C1	10000	1000	0	0.5	300	0.1
223	0.0278101216312	0.07310589395	0	0.005	0	0.0278101216312	0.07310589395	NoCorrection	1000	A21	C1	10000	1000	0	0.5	300	0.1
224	-0.00649905382750001	-0.0173595801	0	0.488	0.231	-0.00649905382750001	-0.0173595801	ID	1000	A21	C1	10000	1000	0	0.5	300	0.1
225	0.00160307704699998	-0.0141737115999997	0	0.847	0.544	0.00160307704699998	-0.0141737115999997	1	10000	A21	C1	10000	1000	0	0.5	300	0
226	0.00230527375114998	-0.0104659053500003	0	0.791	0.655	0.00230527375114998	-0.0104659053500003	FGr	10000	A21	C1	10000	1000	0	0.5	300	0
227	0.00484603775050005	0.00599070135000022	0	0.571	0.799	0.00484603775050005	0.00599070135000022	NoCorrection	10000	A21	C1	10000	1000	0	0.5	300	0
228	0.00184820555449998	-0.0109385664500002	0	0.818	0.636	0.00184820555449998	-0.0109385664500002	ID	10000	A21	C1	10000	1000	0	0.5	300	0
229	0.0100174779276001	0.04008880765	0	0.278	0.077	0.0100174779276001	0.04008880765	1	10000	A21	C1	10000	1000	0	0.5	300	0.01
230	0.00923761536150002	0.0322055816500001	0	0.315	0.152	0.00923761536150002	0.0322055816500001	FGr	10000	A21	C1	10000	1000	0	0.5	300	0.01
231	0.00542850335930002	-0.000915046300000023	0	0.582	0.965	0.00542850335930002	-0.000915046300000023	NoCorrection	10000	A21	C1	10000	1000	0	0.5	300	0.01
232	0.0101253084378	0.0401957989000002	0	0.271	0.072	0.0101253084378	0.0401957989000002	ID	10000	A21	C1	10000	1000	0	0.5	300	0.01
233	0.02121381844175	-0.01825594715	0	0.007	0.449	0.02121381844175	-0.01825594715	1	10000	A21	C1	10000	1000	0	0.5	300	0.03
234	0.022329158859775	-0.00497482105	0	0.006	0.839	0.022329158859775	-0.00497482105	FGr	10000	A21	C1	10000	1000	0	0.5	300	0.03
235	0.02155109699165	-0.0191539624	0	0.008	0.396	0.02155109699165	-0.0191539624	NoCorrection	10000	A21	C1	10000	1000	0	0.5	300	0.03
236	0.02212670110675	-0.00522383539999999	0	0.002	0.848	0.02212670110675	-0.00522383539999999	ID	10000	A21	C1	10000	1000	0	0.5	300	0.03
237	0.0123546355104	0.0191070554	0	0.18	0.396	0.0123546355104	0.0191070554	1	10000	A21	C1	10000	1000	0	0.5	300	0.1
238	0.01547205524345	0.032057584	0	0.089	0.149	0.01547205524345	0.032057584	FGr	10000	A21	C1	10000	1000	0	0.5	300	0.1
239	0.04613676736335	0.18436049375	0	0	0	0.04613676736335	0.18436049375	NoCorrection	10000	A21	C1	10000	1000	0	0.5	300	0.1
240	0.01362536739445	0.0242383425	0	0.13	0.267	0.01362536739445	0.0242383425	ID	10000	A21	C1	10000	1000	0	0.5	300	0.1
241	0.00710954287430004	0.00710954287430001	0	0.386	0.369	0.00710954287430004	0.00710954287430001	1	300	A21	C1	10000	10000	0	0.5	300	0
242	0.01273609296895	0.01273609296895	0	0.137	0.124	0.01273609296895	0.01273609296895	FGr	300	A21	C1	10000	10000	0	0.5	300	0
243	0.0099560933072398	0.00995609330723978	0	0.215	0.199	0.0099560933072398	0.00995609330723978	NoCorrection	300	A21	C1	10000	10000	0	0.5	300	0
244	0.0122722340797249	0.0122722340797249	0	0.13	0.137	0.0122722340797249	0.0122722340797249	ID	300	A21	C1	10000	10000	0	0.5	300	0
245	-0.00462399271618008	-0.00462399271618009	0	0.587	0.593	-0.00462399271618008	-0.00462399271618009	1	300	A21	C1	10000	10000	0	0.5	300	0.01
246	-0.00306320515412039	-0.00306320515412038	0	0.728	0.739	-0.00306320515412039	-0.00306320515412038	FGr	300	A21	C1	10000	10000	0	0.5	300	0.01
247	0.00359936539884975	0.00359936539884985	0	0.682	0.648	0.00359936539884975	0.00359936539884985	NoCorrection	300	A21	C1	10000	10000	0	0.5	300	0.01
248	-0.00303001224672515	-0.0030300122467251	0	0.729	0.722	-0.00303001224672515	-0.0030300122467251	ID	300	A21	C1	10000	10000	0	0.5	300	0.01
249	0.00847060332128029	0.00847060332128027	0	0.333	0.325	0.00847060332128029	0.00847060332128027	1	300	A21	C1	10000	10000	0	0.5	300	0.03
250	0.0185536272520001	0.0185536272520001	0	0.039	0.045	0.0185536272520001	0.0185536272520001	FGr	300	A21	C1	10000	10000	0	0.5	300	0.03
251	0.0150335797199001	0.0150335797199001	0	0.093	0.094	0.0150335797199001	0.0150335797199001	NoCorrection	300	A21	C1	10000	10000	0	0.5	300	0.03
252	0.00464868301327999	0.00464868301327998	0	0.578	0.587	0.00464868301327999	0.00464868301327998	ID	300	A21	C1	10000	10000	0	0.5	300	0.03
253	0.00196460453800999	0.00196460453801	0	0.798	0.805	0.00196460453800999	0.00196460453801	1	300	A21	C1	10000	10000	0	0.5	300	0.1
254	0.0155338716024001	0.0155338716024	0	0.041	0.057	0.0155338716024001	0.0155338716024	FGr	300	A21	C1	10000	10000	0	0.5	300	0.1
255	0.027822317776585	0.027822317776585	0	0.004	0.002	0.027822317776585	0.027822317776585	NoCorrection	300	A21	C1	10000	10000	0	0.5	300	0.1
256	-0.00303788568349994	-0.00303788568349993	0	0.715	0.717	-0.00303788568349994	-0.00303788568349993	ID	300	A21	C1	10000	10000	0	0.5	300	0.1
257	-0.00125951730695	-0.00301459837999998	0	0.883	0.835	-0.00125951730695	-0.00301459837999998	1	1000	A21	C1	10000	10000	0	0.5	300	0
258	3.78481769999595e-06	0.00118860221999998	0	0.999	0.94	3.78481769999595e-06	0.00118860221999998	FGr	1000	A21	C1	10000	10000	0	0.5	300	0
259	0.00319698690196	0.012551734375	0	0.714	0.358	0.00319698690196	0.012551734375	NoCorrection	1000	A21	C1	10000	10000	0	0.5	300	0
260	-0.0037990429693	-0.01059529902	0	0.653	0.473	-0.0037990429693	-0.01059529902	ID	1000	A21	C1	10000	10000	0	0.5	300	0
261	0.000980542187109846	-0.01899656053	0	0.889	0.133	0.000980542187109846	-0.01899656053	1	1000	A21	C1	10000	10000	0	0.5	300	0.01
262	0.00145510528417925	-0.019292145775	0	0.85	0.145	0.00145510528417925	-0.019292145775	FGr	1000	A21	C1	10000	10000	0	0.5	300	0.01
263	0.00699173055960022	-0.00119414658999998	0	0.348	0.928	0.00699173055960022	-0.00119414658999998	NoCorrection	1000	A21	C1	10000	10000	0	0.5	300	0.01
264	-0.00220923132814012	-0.02709026424	0	0.77	0.043	-0.00220923132814012	-0.02709026424	ID	1000	A21	C1	10000	10000	0	0.5	300	0.01
265	0.00141219966682	0.0026338176149999	0	0.866	0.838	0.00141219966682	0.0026338176149999	1	1000	A21	C1	10000	10000	0	0.5	300	0.03
266	0.00406436017254001	0.012612579125	0	0.616	0.342	0.00406436017254001	0.012612579125	FGr	1000	A21	C1	10000	10000	0	0.5	300	0.03
267	0.00504537260338	0.01621706662	0	0.552	0.216	0.00504537260338	0.01621706662	NoCorrection	1000	A21	C1	10000	10000	0	0.5	300	0.03
268	0.00293898541907999	0.00831856384500004	0	0.727	0.537	0.00293898541907999	0.00831856384500004	ID	1000	A21	C1	10000	10000	0	0.5	300	0.03
269	-0.00591128548399998	0.00638236640000002	0	0.483	0.625	-0.00591128548399998	0.00638236640000002	1	1000	A21	C1	10000	10000	0	0.5	300	0.1
270	0.0102299113553997	0.0459239807550004	0	0.191	0.001	0.0102299113553997	0.0459239807550004	FGr	1000	A21	C1	10000	10000	0	0.5	300	0.1
271	0.0253862928448381	0.0869594442900001	0	0.001	0	0.0253862928448381	0.0869594442900001	NoCorrection	1000	A21	C1	10000	10000	0	0.5	300	0.1
272	-0.00856724161676516	0.00132736742499998	0	0.306	0.908	-0.00856724161676516	0.00132736742499998	ID	1000	A21	C1	10000	10000	0	0.5	300	0.1
273	0.00191145657390009	-0.00151794025999999	0	0.807	0.942	0.00191145657390009	-0.00151794025999999	1	10000	A21	C1	10000	10000	0	0.5	300	0
274	-0.00115667977355	-0.02013034903	0	0.89	0.368	-0.00115667977355	-0.02013034903	FGr	10000	A21	C1	10000	10000	0	0.5	300	0
275	0.001467953851	0.000601324120000016	0	0.834	0.983	0.001467953851	0.000601324120000016	NoCorrection	10000	A21	C1	10000	10000	0	0.5	300	0
276	0.000825117393849892	-0.00571122151499999	0	0.926	0.817	0.000825117393849892	-0.00571122151499999	ID	10000	A21	C1	10000	10000	0	0.5	300	0
277	-0.01576435034715	-0.0204736431050001	0	0.083	0.347	-0.01576435034715	-0.0204736431050001	1	10000	A21	C1	10000	10000	0	0.5	300	0.01
278	-0.01344907129305	-0.0104992325050001	0	0.155	0.651	-0.01344907129305	-0.0104992325050001	FGr	10000	A21	C1	10000	10000	0	0.5	300	0.01
279	-0.000838110601734993	0.0789863944850004	0	0.931	0	-0.000838110601734993	0.0789863944850004	NoCorrection	10000	A21	C1	10000	10000	0	0.5	300	0.01
280	-0.015868759638	-0.0206018156600002	0	0.094	0.353	-0.015868759638	-0.0206018156600002	ID	10000	A21	C1	10000	10000	0	0.5	300	0.01
281	0.00575547176660002	-0.01635387258	0	0.48	0.373	0.00575547176660002	-0.01635387258	1	10000	A21	C1	10000	10000	0	0.5	300	0.03
282	0.007118443468125	-0.011256932285	0	0.363	0.564	0.007118443468125	-0.011256932285	FGr	10000	A21	C1	10000	10000	0	0.5	300	0.03
283	0.0231098391572	0.0784097241599998	0	0.004	0	0.0231098391572	0.0784097241599998	NoCorrection	10000	A21	C1	10000	10000	0	0.5	300	0.03
284	0.00619076012885	-0.0159555652750001	0	0.465	0.426	0.00619076012885	-0.0159555652750001	ID	10000	A21	C1	10000	10000	0	0.5	300	0.03
285	0.00123456701435001	-0.00969436371999997	0	0.888	0.642	0.00123456701435001	-0.00969436371999997	1	10000	A21	C1	10000	10000	0	0.5	300	0.1
286	0.00139118490015	-0.00929891906499996	0	0.87	0.642	0.00139118490015	-0.00929891906499996	FGr	10000	A21	C1	10000	10000	0	0.5	300	0.1
287	0.02952825924415	0.175436302875	0	0.002	0	0.02952825924415	0.175436302875	NoCorrection	10000	A21	C1	10000	10000	0	0.5	300	0.1
288	-0.000136119349650001	-0.016063814165	0	0.985	0.446	-0.000136119349650001	-0.016063814165	ID	10000	A21	C1	10000	10000	0	0.5	300	0.1
289	-0.04955560231	-0.04955560231	0	0.133	0.15	-0.04955560231	-0.04955560231	1	300	A21	C2	1000	100	0	0.5	300	0
290	-0.04853097524	-0.04853097524	0	0.14	0.152	-0.04853097524	-0.04853097524	FGr	300	A21	C2	1000	100	0	0.5	300	0
291	-0.04957518072	-0.04957518072	0	0.113	0.132	-0.04957518072	-0.04957518072	NoCorrection	300	A21	C2	1000	100	0	0.5	300	0
292	-0.049157025575	-0.049157025575	0	0.144	0.142	-0.049157025575	-0.049157025575	ID	300	A21	C2	1000	100	0	0.5	300	0
293	0.048639428925	0.048639428925	0	0.153	0.152	0.048639428925	0.048639428925	1	300	A21	C2	1000	100	0	0.5	300	0.01
294	0.047436863855	0.047436863855	0	0.152	0.145	0.047436863855	0.047436863855	FGr	300	A21	C2	1000	100	0	0.5	300	0.01
295	0.04803733669	0.04803733669	0	0.155	0.139	0.04803733669	0.04803733669	NoCorrection	300	A21	C2	1000	100	0	0.5	300	0.01
296	0.0485079707500001	0.04850797075	0	0.143	0.135	0.0485079707500001	0.04850797075	ID	300	A21	C2	1000	100	0	0.5	300	0.01
297	-0.048935516765	-0.048935516765	0	0.155	0.14	-0.048935516765	-0.048935516765	1	300	A21	C2	1000	100	0	0.5	300	0.03
298	-0.047100235795	-0.047100235795	0	0.164	0.188	-0.047100235795	-0.047100235795	FGr	300	A21	C2	1000	100	0	0.5	300	0.03
299	-0.047199407915	-0.047199407915	0	0.165	0.157	-0.047199407915	-0.047199407915	NoCorrection	300	A21	C2	1000	100	0	0.5	300	0.03
300	-0.048873379	-0.048873379	0	0.152	0.147	-0.048873379	-0.048873379	ID	300	A21	C2	1000	100	0	0.5	300	0.03
301	-0.07350137787	-0.07350137787	0	0.074	0.077	-0.07350137787	-0.07350137787	1	300	A21	C2	1000	100	0	0.5	300	0.1
302	-0.07056204503	-0.07056204503	0	0.065	0.069	-0.07056204503	-0.07056204503	FGr	300	A21	C2	1000	100	0	0.5	300	0.1
303	-0.07149881691	-0.07149881691	0	0.057	0.075	-0.07149881691	-0.07149881691	NoCorrection	300	A21	C2	1000	100	0	0.5	300	0.1
304	-0.07258510553	-0.07258510553	0	0.07	0.066	-0.07258510553	-0.07258510553	ID	300	A21	C2	1000	100	0	0.5	300	0.1
305	0.016544167575	0.133688621	0	0.662	0.031	0.016544167575	0.133688621	1	1000	A21	C2	1000	100	0	0.5	300	0
306	0.01312321152335	0.126069669	0	0.744	0.038	0.01312321152335	0.126069669	FGr	1000	A21	C2	1000	100	0	0.5	300	0
307	0.014644410065	0.12888493	0	0.693	0.037	0.014644410065	0.12888493	NoCorrection	1000	A21	C2	1000	100	0	0.5	300	0
308	0.018410247875	0.1246258295	0	0.655	0.04	0.018410247875	0.1246258295	ID	1000	A21	C2	1000	100	0	0.5	300	0
309	-0.032288853565	-0.0981768234999999	0	0.326	0.069	-0.032288853565	-0.0981768234999999	1	1000	A21	C2	1000	100	0	0.5	300	0.01
310	-0.032907294215	-0.093562277	0	0.309	0.094	-0.032907294215	-0.093562277	FGr	1000	A21	C2	1000	100	0	0.5	300	0.01
311	-0.0350811448675	-0.0975487365	0	0.281	0.09	-0.0350811448675	-0.0975487365	NoCorrection	1000	A21	C2	1000	100	0	0.5	300	0.01
312	-0.030760487415	-0.106196957	0	0.363	0.069	-0.030760487415	-0.106196957	ID	1000	A21	C2	1000	100	0	0.5	300	0.01
313	-0.01447542488	0.0434175665	0	0.708	0.49	-0.01447542488	0.0434175665	1	1000	A21	C2	1000	100	0	0.5	300	0.03
314	-0.021815504225	0.0265585520000001	0	0.546	0.694	-0.021815504225	0.0265585520000001	FGr	1000	A21	C2	1000	100	0	0.5	300	0.03
315	-0.022961938725	0.029451395	0	0.568	0.651	-0.022961938725	0.029451395	NoCorrection	1000	A21	C2	1000	100	0	0.5	300	0.03
316	-0.01340951948	0.0615733335000001	0	0.764	0.319	-0.01340951948	0.0615733335000001	ID	1000	A21	C2	1000	100	0	0.5	300	0.03
317	-0.022823966975	-0.0548319035000001	0	0.497	0.349	-0.022823966975	-0.0548319035000001	1	1000	A21	C2	1000	100	0	0.5	300	0.1
318	-0.028355142235	-0.0472724835	0	0.415	0.42	-0.028355142235	-0.0472724835	FGr	1000	A21	C2	1000	100	0	0.5	300	0.1
319	-0.026256890835	-0.0524267055	0	0.443	0.359	-0.026256890835	-0.0524267055	NoCorrection	1000	A21	C2	1000	100	0	0.5	300	0.1
320	-0.02425721415	-0.0551903285000001	0	0.456	0.323	-0.02425721415	-0.0551903285000001	ID	1000	A21	C2	1000	100	0	0.5	300	0.1
321	0.0115481365835001	0.02619036	0	0.748	0.748	0.0115481365835001	0.02619036	1	10000	A21	C2	1000	100	0	0.5	300	0
322	0.0119370520527	-0.0135379920000001	0	0.728	0.882	0.0119370520527	-0.0135379920000001	FGr	10000	A21	C2	1000	100	0	0.5	300	0
323	0.011673101215	-0.010939909	0	0.747	0.906	0.011673101215	-0.010939909	NoCorrection	10000	A21	C2	1000	100	0	0.5	300	0
324	0.01133181796	0.019283206	0	0.746	0.843	0.01133181796	0.019283206	ID	10000	A21	C2	1000	100	0	0.5	300	0
325	-0.0339038901190001	-0.092510709	0	0.306	0.332	-0.0339038901190001	-0.092510709	1	10000	A21	C2	1000	100	0	0.5	300	0.01
326	-0.03332739378	-0.0300736345000001	0	0.319	0.741	-0.03332739378	-0.0300736345000001	FGr	10000	A21	C2	1000	100	0	0.5	300	0.01
327	-0.033573939975	-0.0661416999999999	0	0.305	0.486	-0.033573939975	-0.0661416999999999	NoCorrection	10000	A21	C2	1000	100	0	0.5	300	0.01
328	-0.034304397115	-0.0822004635	0	0.299	0.329	-0.034304397115	-0.0822004635	ID	10000	A21	C2	1000	100	0	0.5	300	0.01
329	0.04075974565	-0.01781843	0	0.248	0.841	0.04075974565	-0.01781843	1	10000	A21	C2	1000	100	0	0.5	300	0.03
330	0.040081146855	-0.054366081	0	0.261	0.538	0.040081146855	-0.054366081	FGr	10000	A21	C2	1000	100	0	0.5	300	0.03
331	0.04081292003	-0.0596392115000001	0	0.243	0.537	0.04081292003	-0.0596392115000001	NoCorrection	10000	A21	C2	1000	100	0	0.5	300	0.03
332	0.04051502604	-0.020309675	0	0.277	0.823	0.04051502604	-0.020309675	ID	10000	A21	C2	1000	100	0	0.5	300	0.03
333	0.03657893071	-0.0684106400000002	0	0.31	0.486	0.03657893071	-0.0684106400000002	1	10000	A21	C2	1000	100	0	0.5	300	0.1
334	0.03673503945	-0.0503905200000001	0	0.314	0.605	0.03673503945	-0.0503905200000001	FGr	10000	A21	C2	1000	100	0	0.5	300	0.1
335	0.0367350001	-0.0523424549999998	0	0.313	0.566	0.0367350001	-0.0523424549999998	NoCorrection	10000	A21	C2	1000	100	0	0.5	300	0.1
336	0.03633312237	-0.0661480099999997	0	0.322	0.5	0.03633312237	-0.0661480099999997	ID	10000	A21	C2	1000	100	0	0.5	300	0.1
337	-0.00251862053149999	-0.0025186205315	0	0.908	0.896	-0.00251862053149999	-0.0025186205315	1	300	A21	C2	1000	1000	0	0.5	300	0
338	-0.00751564471590001	-0.00751564471590001	0	0.717	0.708	-0.00751564471590001	-0.00751564471590001	FGr	300	A21	C2	1000	1000	0	0.5	300	0
339	-0.00819523161929999	-0.0081952316193	0	0.686	0.685	-0.00819523161929999	-0.0081952316193	NoCorrection	300	A21	C2	1000	1000	0	0.5	300	0
340	-0.003063240102	-0.003063240102	0	0.873	0.881	-0.003063240102	-0.003063240102	ID	300	A21	C2	1000	1000	0	0.5	300	0
341	0.03375941282635	0.03375941282635	0	0.094	0.085	0.03375941282635	0.03375941282635	1	300	A21	C2	1000	1000	0	0.5	300	0.01
342	0.0390254998025	0.0390254998025	0	0.055	0.054	0.0390254998025	0.0390254998025	FGr	300	A21	C2	1000	1000	0	0.5	300	0.01
343	0.039608525792	0.039608525792	0	0.042	0.04	0.039608525792	0.039608525792	NoCorrection	300	A21	C2	1000	1000	0	0.5	300	0.01
344	0.040163571165	0.040163571165	0	0.042	0.048	0.040163571165	0.040163571165	ID	300	A21	C2	1000	1000	0	0.5	300	0.01
345	0.021775199474	0.021775199474	0	0.38	0.376	0.021775199474	0.021775199474	1	300	A21	C2	1000	1000	0	0.5	300	0.03
346	0.0285674340425	0.0285674340425	0	0.226	0.23	0.0285674340425	0.0285674340425	FGr	300	A21	C2	1000	1000	0	0.5	300	0.03
347	0.028761986136	0.028761986136	0	0.203	0.215	0.028761986136	0.028761986136	NoCorrection	300	A21	C2	1000	1000	0	0.5	300	0.03
348	0.0239865092405	0.0239865092405	0	0.322	0.283	0.0239865092405	0.0239865092405	ID	300	A21	C2	1000	1000	0	0.5	300	0.03
349	-0.00674576280650002	-0.00674576280650002	0	0.771	0.793	-0.00674576280650002	-0.00674576280650002	1	300	A21	C2	1000	1000	0	0.5	300	0.1
350	0.00389123909900004	0.00389123909900004	0	0.887	0.882	0.00389123909900004	0.00389123909900004	FGr	300	A21	C2	1000	1000	0	0.5	300	0.1
351	0.00245825931449999	0.00245825931449996	0	0.926	0.922	0.00245825931449999	0.00245825931449996	NoCorrection	300	A21	C2	1000	1000	0	0.5	300	0.1
352	-0.00270307106689998	-0.00270307106689995	0	0.909	0.903	-0.00270307106689998	-0.00270307106689995	ID	300	A21	C2	1000	1000	0	0.5	300	0.1
353	-0.0292233584465	-0.0268373983500001	0	0.134	0.495	-0.0292233584465	-0.0268373983500001	1	1000	A21	C2	1000	1000	0	0.5	300	0
354	-0.028755141738	-0.0225305667499999	0	0.18	0.539	-0.028755141738	-0.0225305667499999	FGr	1000	A21	C2	1000	1000	0	0.5	300	0
355	-0.0287616909398	-0.0221695542	0	0.122	0.549	-0.0287616909398	-0.0221695542	NoCorrection	1000	A21	C2	1000	1000	0	0.5	300	0
356	-0.028999267546	-0.0213705333499998	0	0.135	0.579	-0.028999267546	-0.0213705333499998	ID	1000	A21	C2	1000	1000	0	0.5	300	0
357	-0.0060780063700002	-0.0158235867500001	0	0.769	0.635	-0.0060780063700002	-0.0158235867500001	1	1000	A21	C2	1000	1000	0	0.5	300	0.01
358	-0.00643021253249989	-0.0100865538499996	0	0.785	0.789	-0.00643021253249989	-0.0100865538499996	FGr	1000	A21	C2	1000	1000	0	0.5	300	0.01
359	-0.00617159236574985	-0.00964130524999951	0	0.752	0.793	-0.00617159236574985	-0.00964130524999951	NoCorrection	1000	A21	C2	1000	1000	0	0.5	300	0.01
360	-0.0061338508359999	-0.0123840387999996	0	0.78	0.709	-0.0061338508359999	-0.0123840387999996	ID	1000	A21	C2	1000	1000	0	0.5	300	0.01
361	0.00589421603699989	0.06389832875	0	0.825	0.074	0.00589421603699989	0.06389832875	1	1000	A21	C2	1000	1000	0	0.5	300	0.03
362	0.00545912728799996	0.0629611683	0	0.841	0.083	0.00545912728799996	0.0629611683	FGr	1000	A21	C2	1000	1000	0	0.5	300	0.03
363	0.00573684543949988	0.0609854093500001	0	0.809	0.091	0.00573684543949988	0.0609854093500001	NoCorrection	1000	A21	C2	1000	1000	0	0.5	300	0.03
364	0.00588529252500001	0.0691832276000001	0	0.799	0.057	0.00588529252500001	0.0691832276000001	ID	1000	A21	C2	1000	1000	0	0.5	300	0.03
365	0.030352575521	0.01828400955	0	0.13	0.537	0.030352575521	0.01828400955	1	1000	A21	C2	1000	1000	0	0.5	300	0.1
366	0.0304679950475002	0.02203034585	0	0.123	0.537	0.0304679950475002	0.02203034585	FGr	1000	A21	C2	1000	1000	0	0.5	300	0.1
367	0.0299580347229999	0.016122813	0	0.14	0.611	0.0299580347229999	0.016122813	NoCorrection	1000	A21	C2	1000	1000	0	0.5	300	0.1
368	0.0303083335479999	0.0163472119000001	0	0.113	0.612	0.0303083335479999	0.0163472119000001	ID	1000	A21	C2	1000	1000	0	0.5	300	0.1
369	-0.00701431109399999	0.01182662365	0	0.741	0.806	-0.00701431109399999	0.01182662365	1	10000	A21	C2	1000	1000	0	0.5	300	0
370	-0.00698012614399997	-0.00507732725000003	0	0.725	0.916	-0.00698012614399997	-0.00507732725000003	FGr	10000	A21	C2	1000	1000	0	0.5	300	0
371	-0.00730627772295001	-0.00479464134999999	0	0.708	0.932	-0.00730627772295001	-0.00479464134999999	NoCorrection	10000	A21	C2	1000	1000	0	0.5	300	0
372	-0.00705803259599999	0.0111609125499999	0	0.716	0.85	-0.00705803259599999	0.0111609125499999	ID	10000	A21	C2	1000	1000	0	0.5	300	0
373	-0.00511313795250002	-0.01584268585	0	0.811	0.76	-0.00511313795250002	-0.01584268585	1	10000	A21	C2	1000	1000	0	0.5	300	0.01
374	-0.00543299711250004	0.000163370799999983	0	0.788	0.997	-0.00543299711250004	0.000163370799999983	FGr	10000	A21	C2	1000	1000	0	0.5	300	0.01
375	-0.00570763303699999	-0.00108584675000001	0	0.758	0.984	-0.00570763303699999	-0.00108584675000001	NoCorrection	10000	A21	C2	1000	1000	0	0.5	300	0.01
376	-0.00530603849650005	-0.00755063155	0	0.794	0.867	-0.00530603849650005	-0.00755063155	ID	10000	A21	C2	1000	1000	0	0.5	300	0.01
377	0.0178063240468244	-0.0365645433999996	0	0.365	0.505	0.0178063240468244	-0.0365645433999996	1	10000	A21	C2	1000	1000	0	0.5	300	0.03
378	0.0181023104319999	-0.0150863224500001	0	0.361	0.771	0.0181023104319999	-0.0150863224500001	FGr	10000	A21	C2	1000	1000	0	0.5	300	0.03
379	0.0175292115492499	-0.0370658297999997	0	0.356	0.471	0.0175292115492499	-0.0370658297999997	NoCorrection	10000	A21	C2	1000	1000	0	0.5	300	0.03
380	0.0177427830975499	-0.0281801325500001	0	0.365	0.611	0.0177427830975499	-0.0281801325500001	ID	10000	A21	C2	1000	1000	0	0.5	300	0.03
381	0.00603492813400009	0.01062617425	0	0.77	0.832	0.00603492813400009	0.01062617425	1	10000	A21	C2	1000	1000	0	0.5	300	0.1
382	0.00653619607509488	-0.00273719210000001	0	0.732	0.963	0.00653619607509488	-0.00273719210000001	FGr	10000	A21	C2	1000	1000	0	0.5	300	0.1
383	0.00663550480150025	-0.00201435840000001	0	0.75	0.976	0.00663550480150025	-0.00201435840000001	NoCorrection	10000	A21	C2	1000	1000	0	0.5	300	0.1
384	0.00610676549449965	0.00448493564999989	0	0.797	0.932	0.00610676549449965	0.00448493564999989	ID	10000	A21	C2	1000	1000	0	0.5	300	0.1
385	0.013672362505895	0.013672362505895	0	0.392	0.413	0.013672362505895	0.013672362505895	1	300	A21	C2	1000	10000	0	0.5	300	0
386	0.0137100480028008	0.0137100480028008	0	0.385	0.407	0.0137100480028008	0.0137100480028008	FGr	300	A21	C2	1000	10000	0	0.5	300	0
387	0.0130201382090998	0.0130201382090998	0	0.414	0.426	0.0130201382090998	0.0130201382090998	NoCorrection	300	A21	C2	1000	10000	0	0.5	300	0
388	0.013198170141801	0.0131981701418011	0	0.439	0.442	0.013198170141801	0.0131981701418011	ID	300	A21	C2	1000	10000	0	0.5	300	0
389	-0.000494105796099979	-0.000494105796099964	0	0.976	0.978	-0.000494105796099979	-0.000494105796099964	1	300	A21	C2	1000	10000	0	0.5	300	0.01
390	-0.000461248663499994	-0.000461248663499985	0	0.982	0.979	-0.000461248663499994	-0.000461248663499985	FGr	300	A21	C2	1000	10000	0	0.5	300	0.01
391	0.000188771744500014	0.000188771744500023	0	0.99	0.987	0.000188771744500014	0.000188771744500023	NoCorrection	300	A21	C2	1000	10000	0	0.5	300	0.01
392	0.000375910050599925	0.000375910050599934	0	0.984	0.979	0.000375910050599925	0.000375910050599934	ID	300	A21	C2	1000	10000	0	0.5	300	0.01
393	-0.00597519665005022	-0.00597519665005023	0	0.754	0.756	-0.00597519665005022	-0.00597519665005023	1	300	A21	C2	1000	10000	0	0.5	300	0.03
394	-0.00727556370884995	-0.00727556370884994	0	0.674	0.695	-0.00727556370884995	-0.00727556370884994	FGr	300	A21	C2	1000	10000	0	0.5	300	0.03
395	-0.0066139822040499	-0.00661398220404987	0	0.741	0.724	-0.0066139822040499	-0.00661398220404987	NoCorrection	300	A21	C2	1000	10000	0	0.5	300	0.03
396	-0.00667746535901528	-0.0066774653590153	0	0.684	0.724	-0.00667746535901528	-0.0066774653590153	ID	300	A21	C2	1000	10000	0	0.5	300	0.03
397	0.0110458728353	0.0110458728353	0	0.557	0.558	0.0110458728353	0.0110458728353	1	300	A21	C2	1000	10000	0	0.5	300	0.1
398	0.01256843083845	0.01256843083845	0	0.522	0.497	0.01256843083845	0.01256843083845	FGr	300	A21	C2	1000	10000	0	0.5	300	0.1
399	0.0114536662243499	0.0114536662243499	0	0.553	0.541	0.0114536662243499	0.0114536662243499	NoCorrection	300	A21	C2	1000	10000	0	0.5	300	0.1
400	0.011680401814843	0.011680401814843	0	0.509	0.511	0.011680401814843	0.011680401814843	ID	300	A21	C2	1000	10000	0	0.5	300	0.1
401	-0.00457855602580023	0.0312801812400001	0	0.803	0.268	-0.00457855602580023	0.0312801812400001	1	1000	A21	C2	1000	10000	0	0.5	300	0
402	-0.0039498998731498	0.0252934665850003	0	0.834	0.392	-0.0039498998731498	0.0252934665850003	FGr	1000	A21	C2	1000	10000	0	0.5	300	0
403	-0.00407194345550016	0.0272144384800001	0	0.828	0.331	-0.00407194345550016	0.0272144384800001	NoCorrection	1000	A21	C2	1000	10000	0	0.5	300	0
404	-0.00403197889330003	0.0265967685650001	0	0.837	0.357	-0.00403197889330003	0.0265967685650001	ID	1000	A21	C2	1000	10000	0	0.5	300	0
405	0.0219025987342297	0.0493345284449998	0	0.268	0.102	0.0219025987342297	0.0493345284449998	1	1000	A21	C2	1000	10000	0	0.5	300	0.01
406	0.0223245445184002	0.0496377137300005	0	0.241	0.111	0.0223245445184002	0.0496377137300005	FGr	1000	A21	C2	1000	10000	0	0.5	300	0.01
407	0.0221961142253351	0.0511911456550003	0	0.266	0.098	0.0221961142253351	0.0511911456550003	NoCorrection	1000	A21	C2	1000	10000	0	0.5	300	0.01
408	0.0228592471671899	0.0564728572400002	0	0.248	0.058	0.0228592471671899	0.0564728572400002	ID	1000	A21	C2	1000	10000	0	0.5	300	0.01
409	0.00922117905800061	-0.03149204471	0	0.66	0.286	0.00922117905800061	-0.03149204471	1	1000	A21	C2	1000	10000	0	0.5	300	0.03
410	0.00906320809376006	-0.026344353805	0	0.652	0.412	0.00906320809376006	-0.026344353805	FGr	1000	A21	C2	1000	10000	0	0.5	300	0.03
411	0.00894610466679918	-0.0336273044650001	0	0.68	0.26	0.00894610466679918	-0.0336273044650001	NoCorrection	1000	A21	C2	1000	10000	0	0.5	300	0.03
412	0.00934346360744952	-0.03133966413	0	0.651	0.333	0.00934346360744952	-0.03133966413	ID	1000	A21	C2	1000	10000	0	0.5	300	0.03
413	0.0310350524936502	0.0453865204200001	0	0.11	0.143	0.0310350524936502	0.0453865204200001	1	1000	A21	C2	1000	10000	0	0.5	300	0.1
414	0.0306567061906549	0.041389344385	0	0.131	0.145	0.0306567061906549	0.041389344385	FGr	1000	A21	C2	1000	10000	0	0.5	300	0.1
415	0.0307426221961349	0.041357272925	0	0.137	0.194	0.0307426221961349	0.041357272925	NoCorrection	1000	A21	C2	1000	10000	0	0.5	300	0.1
416	0.0309023237566	0.04367559885	0	0.111	0.161	0.0309023237566	0.04367559885	ID	1000	A21	C2	1000	10000	0	0.5	300	0.1
417	-0.00236920907520031	0.0795731345150013	0	0.905	0.102	-0.00236920907520031	0.0795731345150013	1	10000	A21	C2	1000	10000	0	0.5	300	0
418	-0.00149707112194991	0.068002771895	0	0.917	0.15	-0.00149707112194991	0.068002771895	FGr	10000	A21	C2	1000	10000	0	0.5	300	0
419	-0.00103782655899994	0.0713695665999992	0	0.929	0.131	-0.00103782655899994	0.0713695665999992	NoCorrection	10000	A21	C2	1000	10000	0	0.5	300	0
420	-0.00250923746899923	0.0856165112900005	0	0.86	0.082	-0.00250923746899923	0.0856165112900005	ID	10000	A21	C2	1000	10000	0	0.5	300	0
421	0.00849889337350003	-0.0514608296800004	0	0.67	0.336	0.00849889337350003	-0.0514608296800004	1	10000	A21	C2	1000	10000	0	0.5	300	0.01
422	0.0100373096539004	-0.0638785072050009	0	0.616	0.216	0.0100373096539004	-0.0638785072050009	FGr	10000	A21	C2	1000	10000	0	0.5	300	0.01
423	0.00889001074999965	-0.0496905561300002	0	0.643	0.333	0.00889001074999965	-0.0496905561300002	NoCorrection	10000	A21	C2	1000	10000	0	0.5	300	0.01
424	0.00859971634699985	-0.0502763669600005	0	0.679	0.346	0.00859971634699985	-0.0502763669600005	ID	10000	A21	C2	1000	10000	0	0.5	300	0.01
425	0.0242427846718001	0.0486039504500001	0	0.231	0.347	0.0242427846718001	0.0486039504500001	1	10000	A21	C2	1000	10000	0	0.5	300	0.03
426	0.0250483259410504	0.0386997897749995	0	0.242	0.47	0.0250483259410504	0.0386997897749995	FGr	10000	A21	C2	1000	10000	0	0.5	300	0.03
427	0.0244433231629997	0.0412208200499987	0	0.232	0.435	0.0244433231629997	0.0412208200499987	NoCorrection	10000	A21	C2	1000	10000	0	0.5	300	0.03
428	0.0243888020854997	0.0514641223999994	0	0.269	0.31	0.0243888020854997	0.0514641223999994	ID	10000	A21	C2	1000	10000	0	0.5	300	0.03
429	-0.0212705273725	-0.0852530050499998	0	0.29	0.089	-0.0212705273725	-0.0852530050499998	1	10000	A21	C2	1000	10000	0	0.5	300	0.1
430	-0.0190190451994298	-0.0994849649449997	0	0.357	0.042	-0.0190190451994298	-0.0994849649449997	FGr	10000	A21	C2	1000	10000	0	0.5	300	0.1
431	-0.0196162456618999	-0.11189324861	0	0.325	0.024	-0.0196162456618999	-0.11189324861	NoCorrection	10000	A21	C2	1000	10000	0	0.5	300	0.1
432	-0.0216048557430001	-0.0784698422199999	0	0.289	0.123	-0.0216048557430001	-0.0784698422199999	ID	10000	A21	C2	1000	10000	0	0.5	300	0.1
433	-0.002302650721	-0.00230265072099999	0	0.858	0.847	-0.002302650721	-0.00230265072099999	1	300	A21	C2	10000	100	0	0.5	300	0
434	-0.00275556277999999	-0.00275556278000001	0	0.805	0.829	-0.00275556277999999	-0.00275556278000001	FGr	300	A21	C2	10000	100	0	0.5	300	0
435	-0.00280956377	-0.00280956377000002	0	0.848	0.811	-0.00280956377	-0.00280956377000002	NoCorrection	300	A21	C2	10000	100	0	0.5	300	0
436	-0.002742293549	-0.00274229354899999	0	0.818	0.814	-0.002742293549	-0.00274229354899999	ID	300	A21	C2	10000	100	0	0.5	300	0
437	-0.00833921578849999	-0.00833921578849999	0	0.437	0.407	-0.00833921578849999	-0.00833921578849999	1	300	A21	C2	10000	100	0	0.5	300	0.01
438	-0.0081273641705	-0.0081273641705	0	0.418	0.396	-0.0081273641705	-0.0081273641705	FGr	300	A21	C2	10000	100	0	0.5	300	0.01
439	-0.00843146971150001	-0.00843146971149999	0	0.408	0.402	-0.00843146971150001	-0.00843146971149999	NoCorrection	300	A21	C2	10000	100	0	0.5	300	0.01
440	-0.00946925956699997	-0.00946925956699997	0	0.406	0.359	-0.00946925956699997	-0.00946925956699997	ID	300	A21	C2	10000	100	0	0.5	300	0.01
441	0.000733689484999975	0.000733689484999998	0	0.948	0.958	0.000733689484999975	0.000733689484999998	1	300	A21	C2	10000	100	0	0.5	300	0.03
442	-0.00161946007000001	-0.00161946006999999	0	0.877	0.882	-0.00161946007000001	-0.00161946006999999	FGr	300	A21	C2	10000	100	0	0.5	300	0.03
443	-0.00192550081999998	-0.00192550082000001	0	0.843	0.857	-0.00192550081999998	-0.00192550082000001	NoCorrection	300	A21	C2	10000	100	0	0.5	300	0.03
444	0.000857024379999998	0.000857024380000009	0	0.934	0.924	0.000857024379999998	0.000857024380000009	ID	300	A21	C2	10000	100	0	0.5	300	0.03
445	0.017511540281	0.017511540281	0	0.107	0.11	0.017511540281	0.017511540281	1	300	A21	C2	10000	100	0	0.5	300	0.1
446	0.012558627108	0.012558627108	0	0.262	0.234	0.012558627108	0.012558627108	FGr	300	A21	C2	10000	100	0	0.5	300	0.1
447	0.012073123247	0.012073123247	0	0.248	0.279	0.012073123247	0.012073123247	NoCorrection	300	A21	C2	10000	100	0	0.5	300	0.1
448	0.01733734751	0.01733734751	0	0.113	0.123	0.01733734751	0.01733734751	ID	300	A21	C2	10000	100	0	0.5	300	0.1
449	-0.022049520765	-0.0517181325	0	0.039	0.007	-0.022049520765	-0.0517181325	1	1000	A21	C2	10000	100	0	0.5	300	0
450	-0.022094568475	-0.052352401	0	0.031	0.003	-0.022094568475	-0.052352401	FGr	1000	A21	C2	10000	100	0	0.5	300	0
451	-0.02208820066	-0.0538348055	0	0.045	0.005	-0.02208820066	-0.0538348055	NoCorrection	1000	A21	C2	10000	100	0	0.5	300	0
452	-0.02205827652	-0.0508412325	0	0.036	0.002	-0.02205827652	-0.0508412325	ID	1000	A21	C2	10000	100	0	0.5	300	0
453	-0.00164055288249999	0.012603883	0	0.885	0.478	-0.00164055288249999	0.012603883	1	1000	A21	C2	10000	100	0	0.5	300	0.01
454	-0.00176621837	0.0103484335000001	0	0.862	0.535	-0.00176621837	0.0103484335000001	FGr	1000	A21	C2	10000	100	0	0.5	300	0.01
455	-0.00176875500499999	0.01032904	0	0.84	0.534	-0.00176875500499999	0.01032904	NoCorrection	1000	A21	C2	10000	100	0	0.5	300	0.01
456	-0.00168623094599999	0.0120076515	0	0.872	0.496	-0.00168623094599999	0.0120076515	ID	1000	A21	C2	10000	100	0	0.5	300	0.01
457	-0.019875840249	-0.035561032	0	0.055	0.022	-0.019875840249	-0.035561032	1	1000	A21	C2	10000	100	0	0.5	300	0.03
458	-0.019545530444	-0.0376171965	0	0.048	0.015	-0.019545530444	-0.0376171965	FGr	1000	A21	C2	10000	100	0	0.5	300	0.03
459	-0.0195244041085	-0.0362618565	0	0.059	0.029	-0.0195244041085	-0.0362618565	NoCorrection	1000	A21	C2	10000	100	0	0.5	300	0.03
460	-0.019936400617	-0.0354009205	0	0.046	0.035	-0.019936400617	-0.0354009205	ID	1000	A21	C2	10000	100	0	0.5	300	0.03
461	0.00656300573400003	-0.0034330615	0	0.519	0.861	0.00656300573400003	-0.0034330615	1	1000	A21	C2	10000	100	0	0.5	300	0.1
462	0.00810042780000001	0.00511856800000001	0	0.441	0.769	0.00810042780000001	0.00511856800000001	FGr	1000	A21	C2	10000	100	0	0.5	300	0.1
463	0.008109820225	0.00539434249999999	0	0.468	0.767	0.008109820225	0.00539434249999999	NoCorrection	1000	A21	C2	10000	100	0	0.5	300	0.1
464	0.00604033594499999	-0.00491382000000001	0	0.568	0.753	0.00604033594499999	-0.00491382000000001	ID	1000	A21	C2	10000	100	0	0.5	300	0.1
465	0.0104043540855	-0.0056866095	0	0.309	0.843	0.0104043540855	-0.0056866095	1	10000	A21	C2	10000	100	0	0.5	300	0
466	0.00954162180999999	-0.00695224200000001	0	0.375	0.788	0.00954162180999999	-0.00695224200000001	FGr	10000	A21	C2	10000	100	0	0.5	300	0
467	0.0094754747615	-0.005153492	0	0.369	0.83	0.0094754747615	-0.005153492	NoCorrection	10000	A21	C2	10000	100	0	0.5	300	0
468	0.010247334275	-0.004119347	0	0.347	0.86	0.010247334275	-0.004119347	ID	10000	A21	C2	10000	100	0	0.5	300	0
469	-0.000637396725499992	-0.00733465	0	0.962	0.782	-0.000637396725499992	-0.00733465	1	10000	A21	C2	10000	100	0	0.5	300	0.01
470	-0.0015288656595	-0.016415899	0	0.89	0.563	-0.0015288656595	-0.016415899	FGr	10000	A21	C2	10000	100	0	0.5	300	0.01
471	-0.00141123448499999	-0.00962740800000003	0	0.907	0.731	-0.00141123448499999	-0.00962740800000003	NoCorrection	10000	A21	C2	10000	100	0	0.5	300	0.01
472	-0.000578408110500004	-0.00864719200000003	0	0.96	0.762	-0.000578408110500004	-0.00864719200000003	ID	10000	A21	C2	10000	100	0	0.5	300	0.01
473	0.014107668905	0.0270698545	0	0.148	0.279	0.014107668905	0.0270698545	1	10000	A21	C2	10000	100	0	0.5	300	0.03
474	0.01239248646205	0.026719479	0	0.248	0.321	0.01239248646205	0.026719479	FGr	10000	A21	C2	10000	100	0	0.5	300	0.03
475	0.0124666420892	0.028040717	0	0.252	0.303	0.0124666420892	0.028040717	NoCorrection	10000	A21	C2	10000	100	0	0.5	300	0.03
476	0.014028658145	0.0266315025	0	0.183	0.319	0.014028658145	0.0266315025	ID	10000	A21	C2	10000	100	0	0.5	300	0.03
477	-0.024026482443	0.00343084949999998	0	0.058	0.911	-0.024026482443	0.00343084949999998	1	10000	A21	C2	10000	100	0	0.5	300	0.1
478	-0.0272413969	-0.004983095	0	0.03	0.871	-0.0272413969	-0.004983095	FGr	10000	A21	C2	10000	100	0	0.5	300	0.1
479	-0.027110848756	-0.00442398050000002	0	0.033	0.9	-0.027110848756	-0.00442398050000002	NoCorrection	10000	A21	C2	10000	100	0	0.5	300	0.1
480	-0.023930116056	0.00576629000000001	0	0.057	0.833	-0.023930116056	0.00576629000000001	ID	10000	A21	C2	10000	100	0	0.5	300	0.1
481	-0.00296651802069998	-0.00296651802069998	0	0.644	0.644	-0.00296651802069998	-0.00296651802069998	1	300	A21	C2	10000	1000	0	0.5	300	0
482	-0.00249471656213999	-0.00249471656213999	0	0.693	0.728	-0.00249471656213999	-0.00249471656213999	FGr	300	A21	C2	10000	1000	0	0.5	300	0
483	-0.00251887859249999	-0.00251887859250001	0	0.694	0.713	-0.00251887859249999	-0.00251887859250001	NoCorrection	300	A21	C2	10000	1000	0	0.5	300	0
484	-0.0026325546775	-0.00263255467749999	0	0.687	0.716	-0.0026325546775	-0.00263255467749999	ID	300	A21	C2	10000	1000	0	0.5	300	0
485	0.00374888168929996	0.00374888168929998	0	0.517	0.531	0.00374888168929996	0.00374888168929998	1	300	A21	C2	10000	1000	0	0.5	300	0.01
486	0.00137934845899995	0.00137934845899992	0	0.851	0.827	0.00137934845899995	0.00137934845899992	FGr	300	A21	C2	10000	1000	0	0.5	300	0.01
487	0.0014237295835	0.00142372958349997	0	0.811	0.816	0.0014237295835	0.00142372958349997	NoCorrection	300	A21	C2	10000	1000	0	0.5	300	0.01
488	0.00343528067340005	0.00343528067340004	0	0.576	0.574	0.00343528067340005	0.00343528067340004	ID	300	A21	C2	10000	1000	0	0.5	300	0.01
489	0.00241505093850002	0.00241505093849999	0	0.71	0.711	0.00241505093850002	0.00241505093849999	1	300	A21	C2	10000	1000	0	0.5	300	0.03
490	0.000383907135799967	0.000383907135799965	0	0.967	0.962	0.000383907135799967	0.000383907135799965	FGr	300	A21	C2	10000	1000	0	0.5	300	0.03
491	0.000322579872000076	0.000322579872000073	0	0.955	0.956	0.000322579872000076	0.000322579872000073	NoCorrection	300	A21	C2	10000	1000	0	0.5	300	0.03
492	0.00215659480899999	0.00215659480900003	0	0.746	0.742	0.00215659480899999	0.00215659480900003	ID	300	A21	C2	10000	1000	0	0.5	300	0.03
493	-0.014168945417	-0.014168945417	0	0.037	0.035	-0.014168945417	-0.014168945417	1	300	A21	C2	10000	1000	0	0.5	300	0.1
494	-0.01835002531276	-0.01835002531276	0	0.009	0.014	-0.01835002531276	-0.01835002531276	FGr	300	A21	C2	10000	1000	0	0.5	300	0.1
495	-0.0183935075475	-0.0183935075475	0	0.013	0.017	-0.0183935075475	-0.0183935075475	NoCorrection	300	A21	C2	10000	1000	0	0.5	300	0.1
496	-0.0140269459759	-0.0140269459759	0	0.037	0.043	-0.0140269459759	-0.0140269459759	ID	300	A21	C2	10000	1000	0	0.5	300	0.1
497	0.00253881658631498	0.00201596	0	0.664	0.845	0.00253881658631498	0.00201596	1	1000	A21	C2	10000	1000	0	0.5	300	0
498	0.0025805214729	0.00259452575	0	0.669	0.769	0.0025805214729	0.00259452575	FGr	1000	A21	C2	10000	1000	0	0.5	300	0
499	0.00259822285584999	0.00256752455	0	0.668	0.788	0.00259822285584999	0.00256752455	NoCorrection	1000	A21	C2	10000	1000	0	0.5	300	0
500	0.00260127807199997	0.00252378095	0	0.675	0.795	0.00260127807199997	0.00252378095	ID	1000	A21	C2	10000	1000	0	0.5	300	0
501	0.00804963383700002	-0.00367232294999997	0	0.25	0.739	0.00804963383700002	-0.00367232294999997	1	1000	A21	C2	10000	1000	0	0.5	300	0.01
502	0.00785065735800004	-0.00625098034999998	0	0.264	0.604	0.00785065735800004	-0.00625098034999998	FGr	1000	A21	C2	10000	1000	0	0.5	300	0.01
503	0.00772903820975	-0.00684747645000008	0	0.27	0.572	0.00772903820975	-0.00684747645000008	NoCorrection	1000	A21	C2	10000	1000	0	0.5	300	0.01
504	0.00810639744050002	-0.00351964135000004	0	0.267	0.768	0.00810639744050002	-0.00351964135000004	ID	1000	A21	C2	10000	1000	0	0.5	300	0.01
505	0.0018009712457	-0.0108257881	0	0.755	0.292	0.0018009712457	-0.0108257881	1	1000	A21	C2	10000	1000	0	0.5	300	0.03
506	0.00246310886349997	-0.00601457140000006	0	0.715	0.584	0.00246310886349997	-0.00601457140000006	FGr	1000	A21	C2	10000	1000	0	0.5	300	0.03
507	0.00244648792950005	-0.00710823849999984	0	0.707	0.457	0.00244648792950005	-0.00710823849999984	NoCorrection	1000	A21	C2	10000	1000	0	0.5	300	0.03
508	0.0018133501889	-0.0122720528000001	0	0.761	0.276	0.0018133501889	-0.0122720528000001	ID	1000	A21	C2	10000	1000	0	0.5	300	0.03
509	-0.00565883171250007	-0.00178083259999995	0	0.443	0.884	-0.00565883171250007	-0.00178083259999995	1	1000	A21	C2	10000	1000	0	0.5	300	0.1
510	-0.00361085923700004	0.00654414789999987	0	0.64	0.569	-0.00361085923700004	0.00654414789999987	FGr	1000	A21	C2	10000	1000	0	0.5	300	0.1
511	-0.00358741958350021	0.00612502824999999	0	0.676	0.618	-0.00358741958350021	0.00612502824999999	NoCorrection	1000	A21	C2	10000	1000	0	0.5	300	0.1
512	-0.00577625813220009	-0.00163605715000009	0	0.463	0.886	-0.00577625813220009	-0.00163605715000009	ID	1000	A21	C2	10000	1000	0	0.5	300	0.1
513	-0.0084142132189	-0.0299502691	0	0.186	0.044	-0.0084142132189	-0.0299502691	1	10000	A21	C2	10000	1000	0	0.5	300	0
514	-0.008350804337	-0.0321695063	0	0.193	0.041	-0.008350804337	-0.0321695063	FGr	10000	A21	C2	10000	1000	0	0.5	300	0
515	-0.00796284282550002	-0.0344076118	0	0.212	0.028	-0.00796284282550002	-0.0344076118	NoCorrection	10000	A21	C2	10000	1000	0	0.5	300	0
516	-0.0083532284077	-0.02985585095	0	0.187	0.058	-0.0083532284077	-0.02985585095	ID	10000	A21	C2	10000	1000	0	0.5	300	0
517	0.0134543654528	0.0279117713	0	0.045	0.105	0.0134543654528	0.0279117713	1	10000	A21	C2	10000	1000	0	0.5	300	0.01
518	0.013720536127005	0.0310074833999999	0	0.048	0.075	0.013720536127005	0.0310074833999999	FGr	10000	A21	C2	10000	1000	0	0.5	300	0.01
519	0.0136102775605	0.0289080253	0	0.047	0.066	0.0136102775605	0.0289080253	NoCorrection	10000	A21	C2	10000	1000	0	0.5	300	0.01
520	0.0134828901797	0.03248257575	0	0.045	0.045	0.0134828901797	0.03248257575	ID	10000	A21	C2	10000	1000	0	0.5	300	0.01
521	-0.0159664132683501	-0.0039425717	0	0.03	0.851	-0.0159664132683501	-0.0039425717	1	10000	A21	C2	10000	1000	0	0.5	300	0.03
522	-0.0155960019624001	-0.00412275539999997	0	0.022	0.809	-0.0155960019624001	-0.00412275539999997	FGr	10000	A21	C2	10000	1000	0	0.5	300	0.03
523	-0.0156665347815001	-0.00226918434999995	0	0.024	0.87	-0.0156665347815001	-0.00226918434999995	NoCorrection	10000	A21	C2	10000	1000	0	0.5	300	0.03
524	-0.0160023421506	-0.00302254035	0	0.021	0.856	-0.0160023421506	-0.00302254035	ID	10000	A21	C2	10000	1000	0	0.5	300	0.03
525	0.00100555974604996	0.00690382645000006	0	0.908	0.65	0.00100555974604996	0.00690382645000006	1	10000	A21	C2	10000	1000	0	0.5	300	0.1
526	-0.00114695187496006	-0.0089347779	0	0.88	0.591	-0.00114695187496006	-0.0089347779	FGr	10000	A21	C2	10000	1000	0	0.5	300	0.1
527	-0.000920439533199893	-0.00924222739999998	0	0.884	0.58	-0.000920439533199893	-0.00924222739999998	NoCorrection	10000	A21	C2	10000	1000	0	0.5	300	0.1
528	0.0010584974011	0.00854375554999999	0	0.857	0.604	0.0010584974011	0.00854375554999999	ID	10000	A21	C2	10000	1000	0	0.5	300	0.1
529	-0.00888921376274999	-0.00888921376275	0	0.064	0.088	-0.00888921376274999	-0.00888921376275	1	300	A21	C2	10000	10000	0	0.5	300	0
530	-0.00910042174165498	-0.00910042174165498	0	0.053	0.06	-0.00910042174165498	-0.00910042174165498	FGr	300	A21	C2	10000	10000	0	0.5	300	0
531	-0.00912605033965004	-0.00912605033965004	0	0.071	0.061	-0.00912605033965004	-0.00912605033965004	NoCorrection	300	A21	C2	10000	10000	0	0.5	300	0
532	-0.008985884991725	-0.00898588499172499	0	0.07	0.061	-0.008985884991725	-0.00898588499172499	ID	300	A21	C2	10000	10000	0	0.5	300	0
533	-0.00104845587934991	-0.00104845587934991	0	0.867	0.865	-0.00104845587934991	-0.00104845587934991	1	300	A21	C2	10000	10000	0	0.5	300	0.01
534	-0.000842762268628432	-0.000842762268628455	0	0.896	0.901	-0.000842762268628432	-0.000842762268628455	FGr	300	A21	C2	10000	10000	0	0.5	300	0.01
535	-0.00075323801355991	-0.000753238013559896	0	0.917	0.896	-0.00075323801355991	-0.000753238013559896	NoCorrection	300	A21	C2	10000	10000	0	0.5	300	0.01
536	-0.00103455438800008	-0.00103455438800008	0	0.846	0.853	-0.00103455438800008	-0.00103455438800008	ID	300	A21	C2	10000	10000	0	0.5	300	0.01
537	0.00265088155800999	0.00265088155800998	0	0.642	0.661	0.00265088155800999	0.00265088155800998	1	300	A21	C2	10000	10000	0	0.5	300	0.03
538	0.00265615944456998	0.00265615944456997	0	0.633	0.635	0.00265615944456998	0.00265615944456997	FGr	300	A21	C2	10000	10000	0	0.5	300	0.03
539	0.0026395038095	0.0026395038095	0	0.657	0.657	0.0026395038095	0.0026395038095	NoCorrection	300	A21	C2	10000	10000	0	0.5	300	0.03
540	0.00258357886654994	0.00258357886654995	0	0.654	0.664	0.00258357886654994	0.00258357886654995	ID	300	A21	C2	10000	10000	0	0.5	300	0.03
541	-0.00801766683165003	-0.00801766683165004	0	0.149	0.193	-0.00801766683165003	-0.00801766683165004	1	300	A21	C2	10000	10000	0	0.5	300	0.1
542	-0.00726753798390506	-0.00726753798390505	0	0.213	0.222	-0.00726753798390506	-0.00726753798390505	FGr	300	A21	C2	10000	10000	0	0.5	300	0.1
543	-0.00724691558173498	-0.00724691558173498	0	0.212	0.223	-0.00724691558173498	-0.00724691558173498	NoCorrection	300	A21	C2	10000	10000	0	0.5	300	0.1
544	-0.00889114081751999	-0.00889114081752	0	0.144	0.149	-0.00889114081751999	-0.00889114081752	ID	300	A21	C2	10000	10000	0	0.5	300	0.1
545	0.00272810445338008	0.00274609786499995	0	0.619	0.773	0.00272810445338008	0.00274609786499995	1	1000	A21	C2	10000	10000	0	0.5	300	0
546	-0.000256065297599775	0.00183461438499998	0	0.955	0.845	-0.000256065297599775	0.00183461438499998	FGr	1000	A21	C2	10000	10000	0	0.5	300	0
547	-0.000240847437350282	0.00184063656999959	0	0.972	0.866	-0.000240847437350282	0.00184063656999959	NoCorrection	1000	A21	C2	10000	10000	0	0.5	300	0
548	0.00216957110635507	0.00275306091000016	0	0.739	0.803	0.00216957110635507	0.00275306091000016	ID	1000	A21	C2	10000	10000	0	0.5	300	0
549	-0.00609203359079998	0.00989371755999999	0	0.347	0.281	-0.00609203359079998	0.00989371755999999	1	1000	A21	C2	10000	10000	0	0.5	300	0.01
550	-0.00556979498535519	0.010096548345	0	0.364	0.288	-0.00556979498535519	0.010096548345	FGr	1000	A21	C2	10000	10000	0	0.5	300	0.01
551	-0.0055348126696999	0.0103292376	0	0.372	0.3	-0.0055348126696999	0.0103292376	NoCorrection	1000	A21	C2	10000	10000	0	0.5	300	0.01
552	-0.00484373337495997	0.010904397375	0	0.453	0.249	-0.00484373337495997	0.010904397375	ID	1000	A21	C2	10000	10000	0	0.5	300	0.01
553	0.0150129383123697	-0.00482720018500008	0	0.023	0.65	0.0150129383123697	-0.00482720018500008	1	1000	A21	C2	10000	10000	0	0.5	300	0.03
554	0.01209778432836	-0.00324998090999991	0	0.077	0.744	0.01209778432836	-0.00324998090999991	FGr	1000	A21	C2	10000	10000	0	0.5	300	0.03
555	0.0119983944900752	-0.00381038991499986	0	0.073	0.704	0.0119983944900752	-0.00381038991499986	NoCorrection	1000	A21	C2	10000	10000	0	0.5	300	0.03
556	0.0149712399000048	-0.00474037997499989	0	0.028	0.661	0.0149712399000048	-0.00474037997499989	ID	1000	A21	C2	10000	10000	0	0.5	300	0.03
557	-0.00881625658642007	-0.0021563212200001	0	0.124	0.836	-0.00881625658642007	-0.0021563212200001	1	1000	A21	C2	10000	10000	0	0.5	300	0.1
558	-0.014201167265055	-0.000539690919999992	0	0.017	0.947	-0.014201167265055	-0.000539690919999992	FGr	1000	A21	C2	10000	10000	0	0.5	300	0.1
559	-0.0142315294076001	-0.000493718550000009	0	0.021	0.962	-0.0142315294076001	-0.000493718550000009	NoCorrection	1000	A21	C2	10000	10000	0	0.5	300	0.1
560	-0.00811865271556701	0.000120572249999993	0	0.153	0.994	-0.00811865271556701	0.000120572249999993	ID	1000	A21	C2	10000	10000	0	0.5	300	0.1
561	-0.000647804625180028	-0.0138648622299997	0	0.915	0.375	-0.000647804625180028	-0.0138648622299997	1	10000	A21	C2	10000	10000	0	0.5	300	0
562	-0.000689682456774006	-0.0122650530299993	0	0.903	0.453	-0.000689682456774006	-0.0122650530299993	FGr	10000	A21	C2	10000	10000	0	0.5	300	0
563	-0.000659032868699957	-0.0144073821900007	0	0.926	0.371	-0.000659032868699957	-0.0144073821900007	NoCorrection	10000	A21	C2	10000	10000	0	0.5	300	0
564	-0.000647357476959989	-0.0138674428750018	0	0.905	0.39	-0.000647357476959989	-0.0138674428750018	ID	10000	A21	C2	10000	10000	0	0.5	300	0
565	-0.00657332673692002	-0.0177697631750002	0	0.338	0.239	-0.00657332673692002	-0.0177697631750002	1	10000	A21	C2	10000	10000	0	0.5	300	0.01
566	-0.00658977217899003	-0.0142902783150003	0	0.283	0.354	-0.00658977217899003	-0.0142902783150003	FGr	10000	A21	C2	10000	10000	0	0.5	300	0.01
567	-0.00662389404526999	-0.0115253098350002	0	0.335	0.47	-0.00662389404526999	-0.0115253098350002	NoCorrection	10000	A21	C2	10000	10000	0	0.5	300	0.01
568	-0.00655586853209002	-0.0196161243800001	0	0.323	0.185	-0.00655586853209002	-0.0196161243800001	ID	10000	A21	C2	10000	10000	0	0.5	300	0.01
569	-0.000142943600600175	0.0233513043349998	0	0.981	0.152	-0.000142943600600175	0.0233513043349998	1	10000	A21	C2	10000	10000	0	0.5	300	0.03
570	-0.000131747346510107	0.0237491522150001	0	0.99	0.112	-0.000131747346510107	0.0237491522150001	FGr	10000	A21	C2	10000	10000	0	0.5	300	0.03
571	-0.000139485395999937	0.023681844495	0	0.983	0.127	-0.000139485395999937	0.023681844495	NoCorrection	10000	A21	C2	10000	10000	0	0.5	300	0.03
572	-0.000142536497800103	0.0220366751200001	0	0.99	0.163	-0.000142536497800103	0.0220366751200001	ID	10000	A21	C2	10000	10000	0	0.5	300	0.03
573	0.000561115004100089	-0.01218814299	0	0.942	0.491	0.000561115004100089	-0.01218814299	1	10000	A21	C2	10000	10000	0	0.5	300	0.1
574	0.000499300446299926	-0.00937473976500002	0	0.947	0.588	0.000499300446299926	-0.00937473976500002	FGr	10000	A21	C2	10000	10000	0	0.5	300	0.1
575	0.000466586562100007	-0.00935340750500003	0	0.948	0.582	0.000466586562100007	-0.00935340750500003	NoCorrection	10000	A21	C2	10000	10000	0	0.5	300	0.1
576	0.000594235000879931	-0.011974035815	0	0.931	0.496	0.000594235000879931	-0.011974035815	ID	10000	A21	C2	10000	10000	0	0.5	300	0.1
