	c-q	nc-q	true-q	c-p	nc-p	c-bias	nc-bias	type	L	rep	config	gwas_size	test_size	h2	ts	num_causal	env
1	-0.026219297835	-0.026219297835	0	0.487	0.483	-0.026219297835	-0.026219297835	1	300	A34	C1	1000	100	0	0.5	300	0
2	-0.015425688473	-0.015425688473	0	0.66	0.68	-0.015425688473	-0.015425688473	FGr	300	A34	C1	1000	100	0	0.5	300	0
3	-0.0238243656668	-0.0238243656668	0	0.515	0.511	-0.0238243656668	-0.0238243656668	NoCorrection	300	A34	C1	1000	100	0	0.5	300	0
4	-0.03078443021	-0.03078443021	0	0.411	0.415	-0.03078443021	-0.03078443021	ID	300	A34	C1	1000	100	0	0.5	300	0
5	-0.022045134923	-0.022045134923	0	0.591	0.567	-0.022045134923	-0.022045134923	1	300	A34	C1	1000	100	0	0.5	300	0.01
6	-0.024271437465	-0.024271437465	0	0.529	0.546	-0.024271437465	-0.024271437465	FGr	300	A34	C1	1000	100	0	0.5	300	0.01
7	-0.01760367141	-0.01760367141	0	0.65	0.663	-0.01760367141	-0.01760367141	NoCorrection	300	A34	C1	1000	100	0	0.5	300	0.01
8	-0.020727282464	-0.020727282464	0	0.619	0.615	-0.020727282464	-0.020727282464	ID	300	A34	C1	1000	100	0	0.5	300	0.01
9	-0.04409782019	-0.04409782019	0	0.282	0.265	-0.04409782019	-0.04409782019	1	300	A34	C1	1000	100	0	0.5	300	0.03
10	-0.0261168117	-0.0261168117	0	0.542	0.529	-0.0261168117	-0.0261168117	FGr	300	A34	C1	1000	100	0	0.5	300	0.03
11	-0.020006245735	-0.020006245735	0	0.619	0.626	-0.020006245735	-0.020006245735	NoCorrection	300	A34	C1	1000	100	0	0.5	300	0.03
12	-0.048141397815	-0.048141397815	0	0.251	0.213	-0.048141397815	-0.048141397815	ID	300	A34	C1	1000	100	0	0.5	300	0.03
13	-0.00722338827000002	-0.00722338826999997	0	0.859	0.864	-0.00722338827000002	-0.00722338826999997	1	300	A34	C1	1000	100	0	0.5	300	0.1
14	0.0360455486315	0.0360455486315	0	0.365	0.379	0.0360455486315	0.0360455486315	FGr	300	A34	C1	1000	100	0	0.5	300	0.1
15	0.05339549674	0.05339549674	0	0.183	0.19	0.05339549674	0.05339549674	NoCorrection	300	A34	C1	1000	100	0	0.5	300	0.1
16	-0.00879280961499995	-0.008792809615	0	0.816	0.82	-0.00879280961499995	-0.008792809615	ID	300	A34	C1	1000	100	0	0.5	300	0.1
17	0.00468968425	0.000146348000000023	0	0.874	0.999	0.00468968425	0.000146348000000023	1	1000	A34	C1	1000	100	0	0.5	300	0
18	0.00163359015000001	0.0040345255	0	0.957	0.95	0.00163359015000001	0.0040345255	FGr	1000	A34	C1	1000	100	0	0.5	300	0
19	0.028035670037	0.0825887465	0	0.413	0.207	0.028035670037	0.0825887465	NoCorrection	1000	A34	C1	1000	100	0	0.5	300	0
20	0.019200577025	0.0486308975	0	0.56	0.44	0.019200577025	0.0486308975	ID	1000	A34	C1	1000	100	0	0.5	300	0
21	-0.000229227494999984	0.0565251035	0	0.995	0.332	-0.000229227494999984	0.0565251035	1	1000	A34	C1	1000	100	0	0.5	300	0.01
22	0.002153430715	0.0658164454999999	0	0.951	0.271	0.002153430715	0.0658164454999999	FGr	1000	A34	C1	1000	100	0	0.5	300	0.01
23	0.017881606709	0.0927155125	0	0.624	0.101	0.017881606709	0.0927155125	NoCorrection	1000	A34	C1	1000	100	0	0.5	300	0.01
24	-0.00735246253000002	0.0298580385000001	0	0.813	0.586	-0.00735246253000002	0.0298580385000001	ID	1000	A34	C1	1000	100	0	0.5	300	0.01
25	0.0637739348415001	0.09672625	0	0.125	0.146	0.0637739348415001	0.09672625	1	1000	A34	C1	1000	100	0	0.5	300	0.03
26	0.0657419009575	0.1022917355	0	0.103	0.088	0.0657419009575	0.1022917355	FGr	1000	A34	C1	1000	100	0	0.5	300	0.03
27	0.0653464766025	0.1037485305	0	0.114	0.109	0.0653464766025	0.1037485305	NoCorrection	1000	A34	C1	1000	100	0	0.5	300	0.03
28	0.06774614458	0.114041695	0	0.098	0.079	0.06774614458	0.114041695	ID	1000	A34	C1	1000	100	0	0.5	300	0.03
29	-0.00761667445000002	-0.1023205935	0	0.85	0.118	-0.00761667445000002	-0.1023205935	1	1000	A34	C1	1000	100	0	0.5	300	0.1
30	-0.00595850612500002	-0.0976748395	0	0.876	0.117	-0.00595850612500002	-0.0976748395	FGr	1000	A34	C1	1000	100	0	0.5	300	0.1
31	0.0105194096	-0.049063192	0	0.782	0.438	0.0105194096	-0.049063192	NoCorrection	1000	A34	C1	1000	100	0	0.5	300	0.1
32	0.000828804054999983	-0.0847709009999999	0	0.984	0.206	0.000828804054999983	-0.0847709009999999	ID	1000	A34	C1	1000	100	0	0.5	300	0.1
33	-0.028512160545	0.0440884635000001	0	0.52	0.665	-0.028512160545	0.0440884635000001	1	10000	A34	C1	1000	100	0	0.5	300	0
34	-0.037749327295	-0.064203053	0	0.376	0.523	-0.037749327295	-0.064203053	FGr	10000	A34	C1	1000	100	0	0.5	300	0
35	-0.03734842194	-0.0500335539999999	0	0.371	0.618	-0.03734842194	-0.0500335539999999	NoCorrection	10000	A34	C1	1000	100	0	0.5	300	0
36	-0.02910459058	0.039271305	0	0.502	0.711	-0.02910459058	0.039271305	ID	10000	A34	C1	1000	100	0	0.5	300	0
37	0.00258797658999998	-0.0964773495000001	0	0.948	0.323	0.00258797658999998	-0.0964773495000001	1	10000	A34	C1	1000	100	0	0.5	300	0.01
38	0.00417910182500001	-0.080206911	0	0.934	0.401	0.00417910182500001	-0.080206911	FGr	10000	A34	C1	1000	100	0	0.5	300	0.01
39	0.00278312755499998	-0.111317011	0	0.93	0.239	0.00278312755499998	-0.111317011	NoCorrection	10000	A34	C1	1000	100	0	0.5	300	0.01
40	0.00447542908499999	-0.079754722	0	0.928	0.414	0.00447542908499999	-0.079754722	ID	10000	A34	C1	1000	100	0	0.5	300	0.01
41	0.021985123755	-0.0855101155	0	0.542	0.318	0.021985123755	-0.0855101155	1	10000	A34	C1	1000	100	0	0.5	300	0.03
42	0.0233656561445	-0.0909396875	0	0.534	0.28	0.0233656561445	-0.0909396875	FGr	10000	A34	C1	1000	100	0	0.5	300	0.03
43	0.017714090116	-0.1084868305	0	0.609	0.211	0.017714090116	-0.1084868305	NoCorrection	10000	A34	C1	1000	100	0	0.5	300	0.03
44	0.02148943812	-0.0860303080000001	0	0.558	0.337	0.02148943812	-0.0860303080000001	ID	10000	A34	C1	1000	100	0	0.5	300	0.03
45	-0.00468132359499999	-0.0896026654999999	0	0.894	0.376	-0.00468132359499999	-0.0896026654999999	1	10000	A34	C1	1000	100	0	0.5	300	0.1
46	-0.01043311074	-0.1471477285	0	0.756	0.166	-0.01043311074	-0.1471477285	FGr	10000	A34	C1	1000	100	0	0.5	300	0.1
47	0.00705915265000001	0.069835867	0	0.841	0.498	0.00705915265000001	0.069835867	NoCorrection	10000	A34	C1	1000	100	0	0.5	300	0.1
48	-0.00626435126500011	-0.1010091645	0	0.883	0.31	-0.00626435126500011	-0.1010091645	ID	10000	A34	C1	1000	100	0	0.5	300	0.1
49	-0.0492152507149999	-0.0492152507149999	0	0.056	0.044	-0.0492152507149999	-0.0492152507149999	1	300	A34	C1	1000	1000	0	0.5	300	0
50	-0.0567818962240001	-0.0567818962240001	0	0.025	0.03	-0.0567818962240001	-0.0567818962240001	FGr	300	A34	C1	1000	1000	0	0.5	300	0
51	-0.050939099282	-0.050939099282	0	0.027	0.039	-0.050939099282	-0.050939099282	NoCorrection	300	A34	C1	1000	1000	0	0.5	300	0
52	-0.0584561679975002	-0.0584561679975002	0	0.017	0.02	-0.0584561679975002	-0.0584561679975002	ID	300	A34	C1	1000	1000	0	0.5	300	0
53	0.0211835126184996	0.0211835126184995	0	0.455	0.469	0.0211835126184996	0.0211835126184995	1	300	A34	C1	1000	1000	0	0.5	300	0.01
54	-0.0131183117350003	-0.0131183117350002	0	0.637	0.64	-0.0131183117350003	-0.0131183117350002	FGr	300	A34	C1	1000	1000	0	0.5	300	0.01
55	-0.0146682274749999	-0.0146682274749998	0	0.6	0.559	-0.0146682274749999	-0.0146682274749998	NoCorrection	300	A34	C1	1000	1000	0	0.5	300	0.01
56	0.0173307467809999	0.017330746781	0	0.533	0.532	0.0173307467809999	0.017330746781	ID	300	A34	C1	1000	1000	0	0.5	300	0.01
57	0.01362517984705	0.01362517984705	0	0.658	0.607	0.01362517984705	0.01362517984705	1	300	A34	C1	1000	1000	0	0.5	300	0.03
58	0.0366734478985	0.0366734478985	0	0.162	0.156	0.0366734478985	0.0366734478985	FGr	300	A34	C1	1000	1000	0	0.5	300	0.03
59	0.01328929941755	0.01328929941755	0	0.622	0.635	0.01328929941755	0.01328929941755	NoCorrection	300	A34	C1	1000	1000	0	0.5	300	0.03
60	0.0255350131125	0.0255350131125	0	0.36	0.336	0.0255350131125	0.0255350131125	ID	300	A34	C1	1000	1000	0	0.5	300	0.03
61	0.014573711145	0.0145737111450001	0	0.609	0.585	0.014573711145	0.0145737111450001	1	300	A34	C1	1000	1000	0	0.5	300	0.1
62	0.04689570607836	0.04689570607836	0	0.098	0.093	0.04689570607836	0.04689570607836	FGr	300	A34	C1	1000	1000	0	0.5	300	0.1
63	0.085681184588	0.085681184588	0	0.005	0.005	0.085681184588	0.085681184588	NoCorrection	300	A34	C1	1000	1000	0	0.5	300	0.1
64	0.0177085634895001	0.0177085634895001	0	0.484	0.535	0.0177085634895001	0.0177085634895001	ID	300	A34	C1	1000	1000	0	0.5	300	0.1
65	-0.0155002080840001	0.00942567029999996	0	0.548	0.837	-0.0155002080840001	0.00942567029999996	1	1000	A34	C1	1000	1000	0	0.5	300	0
66	-0.0134218668355001	0.0124333831	0	0.62	0.789	-0.0134218668355001	0.0124333831	FGr	1000	A34	C1	1000	1000	0	0.5	300	0
67	0.0165978616410001	0.0819363569000001	0	0.559	0.074	0.0165978616410001	0.0819363569000001	NoCorrection	1000	A34	C1	1000	1000	0	0.5	300	0
68	-0.00684690970310003	0.01018395975	0	0.807	0.805	-0.00684690970310003	0.01018395975	ID	1000	A34	C1	1000	1000	0	0.5	300	0
69	-0.0502367982820001	-0.039883815	0	0.118	0.435	-0.0502367982820001	-0.039883815	1	1000	A34	C1	1000	1000	0	0.5	300	0.01
70	-0.040060211131	-0.0120962332499999	0	0.198	0.78	-0.040060211131	-0.0120962332499999	FGr	1000	A34	C1	1000	1000	0	0.5	300	0.01
71	-0.0616063119061998	-0.05920779255	0	0.056	0.232	-0.0616063119061998	-0.05920779255	NoCorrection	1000	A34	C1	1000	1000	0	0.5	300	0.01
72	-0.0358712604075002	-0.01219427295	0	0.276	0.803	-0.0358712604075002	-0.01219427295	ID	1000	A34	C1	1000	1000	0	0.5	300	0.01
73	-0.00627916789649992	0.10025356625	0	0.818	0.041	-0.00627916789649992	0.10025356625	1	1000	A34	C1	1000	1000	0	0.5	300	0.03
74	-0.0100689793085	0.0956602211	0	0.709	0.041	-0.0100689793085	0.0956602211	FGr	1000	A34	C1	1000	1000	0	0.5	300	0.03
75	0.038595414075	0.20984058905	0	0.141	0	0.038595414075	0.20984058905	NoCorrection	1000	A34	C1	1000	1000	0	0.5	300	0.03
76	-0.02269056448029	0.06060268125	0	0.422	0.225	-0.02269056448029	0.06060268125	ID	1000	A34	C1	1000	1000	0	0.5	300	0.03
77	-0.00670484330699998	0.0342090450500001	0	0.805	0.462	-0.00670484330699998	0.0342090450500001	1	1000	A34	C1	1000	1000	0	0.5	300	0.1
78	0.00586201943090007	0.07201432595	0	0.83	0.119	0.00586201943090007	0.07201432595	FGr	1000	A34	C1	1000	1000	0	0.5	300	0.1
79	0.0268551586804999	0.16181205875	0	0.388	0.001	0.0268551586804999	0.16181205875	NoCorrection	1000	A34	C1	1000	1000	0	0.5	300	0.1
80	9.94662114999532e-05	0.04655538095	0	0.999	0.359	9.94662114999532e-05	0.04655538095	ID	1000	A34	C1	1000	1000	0	0.5	300	0.1
81	-0.014131261364	-0.114487372	0	0.647	0.131	-0.014131261364	-0.114487372	1	10000	A34	C1	1000	1000	0	0.5	300	0
82	-0.018821879409	-0.145391218	0	0.554	0.067	-0.018821879409	-0.145391218	FGr	10000	A34	C1	1000	1000	0	0.5	300	0
83	-0.016740073557	-0.1473850005	0	0.622	0.065	-0.016740073557	-0.1473850005	NoCorrection	10000	A34	C1	1000	1000	0	0.5	300	0
84	-0.015851585981	-0.120606975	0	0.655	0.123	-0.015851585981	-0.120606975	ID	10000	A34	C1	1000	1000	0	0.5	300	0
85	-0.00221811486649991	-0.0735921588	0	0.922	0.28	-0.00221811486649991	-0.0735921588	1	10000	A34	C1	1000	1000	0	0.5	300	0.01
86	0.000305279432500102	-0.06230149335	0	0.988	0.382	0.000305279432500102	-0.06230149335	FGr	10000	A34	C1	1000	1000	0	0.5	300	0.01
87	0.0277465027952001	0.17860292505	0	0.281	0.011	0.0277465027952001	0.17860292505	NoCorrection	10000	A34	C1	1000	1000	0	0.5	300	0.01
88	0.00126729667699989	-0.0559112426	0	0.958	0.435	0.00126729667699989	-0.0559112426	ID	10000	A34	C1	1000	1000	0	0.5	300	0.01
89	0.000519496597750085	-0.0257796819999998	0	0.986	0.706	0.000519496597750085	-0.0257796819999998	1	10000	A34	C1	1000	1000	0	0.5	300	0.03
90	0.00559636192700011	0.0309583800000002	0	0.844	0.667	0.00559636192700011	0.0309583800000002	FGr	10000	A34	C1	1000	1000	0	0.5	300	0.03
91	0.0353755392835002	0.169837719	0	0.227	0.016	0.0353755392835002	0.169837719	NoCorrection	10000	A34	C1	1000	1000	0	0.5	300	0.03
92	0.00312313443549998	-0.00584798349999967	0	0.922	0.933	0.00312313443549998	-0.00584798349999967	ID	10000	A34	C1	1000	1000	0	0.5	300	0.03
93	0.00635667407000003	0.0906493520999999	0	0.808	0.219	0.00635667407000003	0.0906493520999999	1	10000	A34	C1	1000	1000	0	0.5	300	0.1
94	0.00227999165170001	0.0197048536999996	0	0.944	0.798	0.00227999165170001	0.0197048536999996	FGr	10000	A34	C1	1000	1000	0	0.5	300	0.1
95	0.066650176537	0.4782003885	0	0.022	0	0.066650176537	0.4782003885	NoCorrection	10000	A34	C1	1000	1000	0	0.5	300	0.1
96	0.0055225629715001	0.0820806579	0	0.858	0.26	0.0055225629715001	0.0820806579	ID	10000	A34	C1	1000	1000	0	0.5	300	0.1
97	-0.00440499103475026	-0.00440499103475021	0	0.881	0.864	-0.00440499103475026	-0.00440499103475021	1	300	A34	C1	1000	10000	0	0.5	300	0
98	-0.0116159192341502	-0.0116159192341503	0	0.665	0.648	-0.0116159192341502	-0.0116159192341503	FGr	300	A34	C1	1000	10000	0	0.5	300	0
99	0.00650375546484966	0.00650375546484979	0	0.797	0.819	0.00650375546484966	0.00650375546484979	NoCorrection	300	A34	C1	1000	10000	0	0.5	300	0
100	-0.00876444111014963	-0.00876444111014965	0	0.746	0.748	-0.00876444111014963	-0.00876444111014965	ID	300	A34	C1	1000	10000	0	0.5	300	0
101	-0.0276632011509996	-0.0276632011509997	0	0.282	0.273	-0.0276632011509996	-0.0276632011509997	1	300	A34	C1	1000	10000	0	0.5	300	0.01
102	-0.0430953551981001	-0.0430953551981	0	0.096	0.091	-0.0430953551981001	-0.0430953551981	FGr	300	A34	C1	1000	10000	0	0.5	300	0.01
103	-0.0492631279421999	-0.0492631279421999	0	0.059	0.055	-0.0492631279421999	-0.0492631279421999	NoCorrection	300	A34	C1	1000	10000	0	0.5	300	0.01
104	-0.00494578720259903	-0.00494578720259908	0	0.843	0.834	-0.00494578720259903	-0.00494578720259908	ID	300	A34	C1	1000	10000	0	0.5	300	0.01
105	-0.0343847558351999	-0.0343847558351998	0	0.141	0.164	-0.0343847558351999	-0.0343847558351998	1	300	A34	C1	1000	10000	0	0.5	300	0.03
106	-0.0131097273457001	-0.0131097273457	0	0.579	0.575	-0.0131097273457001	-0.0131097273457	FGr	300	A34	C1	1000	10000	0	0.5	300	0.03
107	-0.00288088408975024	-0.00288088408975025	0	0.912	0.902	-0.00288088408975024	-0.00288088408975025	NoCorrection	300	A34	C1	1000	10000	0	0.5	300	0.03
108	-0.0373129087993001	-0.0373129087993001	0	0.106	0.124	-0.0373129087993001	-0.0373129087993001	ID	300	A34	C1	1000	10000	0	0.5	300	0.03
109	0.0262227921183499	0.0262227921183499	0	0.322	0.336	0.0262227921183499	0.0262227921183499	1	300	A34	C1	1000	10000	0	0.5	300	0.1
110	0.0605665231812612	0.0605665231812611	0	0.034	0.025	0.0605665231812612	0.0605665231812611	FGr	300	A34	C1	1000	10000	0	0.5	300	0.1
111	0.0723792740148003	0.0723792740148003	0	0.003	0.015	0.0723792740148003	0.0723792740148003	NoCorrection	300	A34	C1	1000	10000	0	0.5	300	0.1
112	0.0111798968712601	0.0111798968712601	0	0.656	0.683	0.0111798968712601	0.0111798968712601	ID	300	A34	C1	1000	10000	0	0.5	300	0.1
113	0.0462791342933251	0.00507704115000001	0	0.114	0.913	0.0462791342933251	0.00507704115000001	1	1000	A34	C1	1000	10000	0	0.5	300	0
114	0.02498183284275	-0.05676564252	0	0.38	0.218	0.02498183284275	-0.05676564252	FGr	1000	A34	C1	1000	10000	0	0.5	300	0
115	0.0311696505662	-0.0354055240049999	0	0.276	0.436	0.0311696505662	-0.0354055240049999	NoCorrection	1000	A34	C1	1000	10000	0	0.5	300	0
116	0.0353081579106999	-0.0181734134749999	0	0.219	0.675	0.0353081579106999	-0.0181734134749999	ID	1000	A34	C1	1000	10000	0	0.5	300	0
117	-0.00628387661519995	0.0367663083500004	0	0.771	0.394	-0.00628387661519995	0.0367663083500004	1	1000	A34	C1	1000	10000	0	0.5	300	0.01
118	-0.0153424239617002	0.0105656314000005	0	0.499	0.797	-0.0153424239617002	0.0105656314000005	FGr	1000	A34	C1	1000	10000	0	0.5	300	0.01
119	-0.0277895096571002	-0.0310635555699998	0	0.225	0.43	-0.0277895096571002	-0.0310635555699998	NoCorrection	1000	A34	C1	1000	10000	0	0.5	300	0.01
120	-0.00376632974999991	0.0460868252399995	0	0.86	0.259	-0.00376632974999991	0.0460868252399995	ID	1000	A34	C1	1000	10000	0	0.5	300	0.01
121	0.00348091105600212	0.00409681941500028	0	0.89	0.924	0.00348091105600212	0.00409681941500028	1	1000	A34	C1	1000	10000	0	0.5	300	0.03
122	0.0119110655902003	0.03247977652	0	0.643	0.455	0.0119110655902003	0.03247977652	FGr	1000	A34	C1	1000	10000	0	0.5	300	0.03
123	0.0201777705435003	0.0462642895399999	0	0.434	0.302	0.0201777705435003	0.0462642895399999	NoCorrection	1000	A34	C1	1000	10000	0	0.5	300	0.03
124	0.0152184361001506	0.0414094207900001	0	0.555	0.328	0.0152184361001506	0.0414094207900001	ID	1000	A34	C1	1000	10000	0	0.5	300	0.03
125	-0.00304075995845038	-0.00752030642000051	0	0.907	0.857	-0.00304075995845038	-0.00752030642000051	1	1000	A34	C1	1000	10000	0	0.5	300	0.1
126	-0.01801956970215	-0.0346082196950002	0	0.499	0.391	-0.01801956970215	-0.0346082196950002	FGr	1000	A34	C1	1000	10000	0	0.5	300	0.1
127	0.0303253954028499	0.0973224475250003	0	0.236	0.018	0.0303253954028499	0.0973224475250003	NoCorrection	1000	A34	C1	1000	10000	0	0.5	300	0.1
128	-0.0060896152629992	-0.0104208665749994	0	0.837	0.816	-0.0060896152629992	-0.0104208665749994	ID	1000	A34	C1	1000	10000	0	0.5	300	0.1
129	0.0163886165671	0.0197014556449998	0	0.487	0.769	0.0163886165671	0.0197014556449998	1	10000	A34	C1	1000	10000	0	0.5	300	0
130	0.0219565896475	0.08692468672	0	0.362	0.195	0.0219565896475	0.08692468672	FGr	10000	A34	C1	1000	10000	0	0.5	300	0
131	0.0254289829187001	0.12585347505	0	0.284	0.062	0.0254289829187001	0.12585347505	NoCorrection	10000	A34	C1	1000	10000	0	0.5	300	0
132	0.01670557417515	0.0204065530699981	0	0.47	0.761	0.01670557417515	0.0204065530699981	ID	10000	A34	C1	1000	10000	0	0.5	300	0
133	-0.0406918692569999	0.09973002199	0	0.117	0.136	-0.0406918692569999	0.09973002199	1	10000	A34	C1	1000	10000	0	0.5	300	0.01
134	-0.0433950944275	0.08003478214	0	0.108	0.246	-0.0433950944275	0.08003478214	FGr	10000	A34	C1	1000	10000	0	0.5	300	0.01
135	-0.0251109768781001	0.2380577488	0	0.32	0	-0.0251109768781001	0.2380577488	NoCorrection	10000	A34	C1	1000	10000	0	0.5	300	0.01
136	-0.0406407055275001	0.10903306393	0	0.103	0.116	-0.0406407055275001	0.10903306393	ID	10000	A34	C1	1000	10000	0	0.5	300	0.01
137	-0.00848095084630003	-0.0837207470050002	0	0.697	0.241	-0.00848095084630003	-0.0837207470050002	1	10000	A34	C1	1000	10000	0	0.5	300	0.03
138	-0.00295607834650001	-0.0450256854800009	0	0.891	0.527	-0.00295607834650001	-0.0450256854800009	FGr	10000	A34	C1	1000	10000	0	0.5	300	0.03
139	-0.000445149024249987	-0.0204727082300005	0	0.982	0.743	-0.000445149024249987	-0.0204727082300005	NoCorrection	10000	A34	C1	1000	10000	0	0.5	300	0.03
140	-0.00895661121439999	-0.0862729077099999	0	0.718	0.216	-0.00895661121439999	-0.0862729077099999	ID	10000	A34	C1	1000	10000	0	0.5	300	0.03
141	-0.00480088382139997	-0.0115587735500001	0	0.848	0.859	-0.00480088382139997	-0.0115587735500001	1	10000	A34	C1	1000	10000	0	0.5	300	0.1
142	-0.0107803296673099	-0.0489198805349999	0	0.702	0.404	-0.0107803296673099	-0.0489198805349999	FGr	10000	A34	C1	1000	10000	0	0.5	300	0.1
143	0.04932467360605	0.459707885830001	0	0.065	0	0.04932467360605	0.459707885830001	NoCorrection	10000	A34	C1	1000	10000	0	0.5	300	0.1
144	-0.00565859244175011	-0.0200109528200004	0	0.844	0.724	-0.00565859244175011	-0.0200109528200004	ID	10000	A34	C1	1000	10000	0	0.5	300	0.1
145	-0.020824297645	-0.020824297645	0	0.091	0.086	-0.020824297645	-0.020824297645	1	300	A34	C1	10000	100	0	0.5	300	0
146	-0.0144758203035	-0.0144758203035	0	0.242	0.244	-0.0144758203035	-0.0144758203035	FGr	300	A34	C1	10000	100	0	0.5	300	0
147	-0.01958126022	-0.01958126022	0	0.102	0.094	-0.01958126022	-0.01958126022	NoCorrection	300	A34	C1	10000	100	0	0.5	300	0
148	-0.013719022955	-0.013719022955	0	0.297	0.265	-0.013719022955	-0.013719022955	ID	300	A34	C1	10000	100	0	0.5	300	0
149	-0.01445515957	-0.01445515957	0	0.25	0.258	-0.01445515957	-0.01445515957	1	300	A34	C1	10000	100	0	0.5	300	0.01
150	-0.0024308481965	-0.0024308481965	0	0.855	0.858	-0.0024308481965	-0.0024308481965	FGr	300	A34	C1	10000	100	0	0.5	300	0.01
151	0.00480870101249999	0.00480870101249999	0	0.703	0.718	0.00480870101249999	0.00480870101249999	NoCorrection	300	A34	C1	10000	100	0	0.5	300	0.01
152	-0.01170906722	-0.01170906722	0	0.342	0.342	-0.01170906722	-0.01170906722	ID	300	A34	C1	10000	100	0	0.5	300	0.01
153	-0.00781149363	-0.00781149362999999	0	0.596	0.561	-0.00781149363	-0.00781149362999999	1	300	A34	C1	10000	100	0	0.5	300	0.03
154	0.010610677525	0.010610677525	0	0.49	0.46	0.010610677525	0.010610677525	FGr	300	A34	C1	10000	100	0	0.5	300	0.03
155	0.012069503345	0.012069503345	0	0.412	0.404	0.012069503345	0.012069503345	NoCorrection	300	A34	C1	10000	100	0	0.5	300	0.03
156	-0.00398276518000001	-0.00398276518	0	0.784	0.769	-0.00398276518000001	-0.00398276518	ID	300	A34	C1	10000	100	0	0.5	300	0.03
157	0.00551176563500001	0.00551176563499999	0	0.668	0.711	0.00551176563500001	0.00551176563499999	1	300	A34	C1	10000	100	0	0.5	300	0.1
158	0.04064955237	0.04064955237	0	0	0.003	0.04064955237	0.04064955237	FGr	300	A34	C1	10000	100	0	0.5	300	0.1
159	0.050866994509	0.050866994509	0	0.001	0.001	0.050866994509	0.050866994509	NoCorrection	300	A34	C1	10000	100	0	0.5	300	0.1
160	0.00760792941499999	0.007607929415	0	0.581	0.612	0.00760792941499999	0.007607929415	ID	300	A34	C1	10000	100	0	0.5	300	0.1
161	0.012190867074	0.00780381250000001	0	0.297	0.717	0.012190867074	0.00780381250000001	1	1000	A34	C1	10000	100	0	0.5	300	0
162	0.011077066742	0.00166406949999999	0	0.321	0.942	0.011077066742	0.00166406949999999	FGr	1000	A34	C1	10000	100	0	0.5	300	0
163	0.023134068431	0.0327102485	0	0.047	0.099	0.023134068431	0.0327102485	NoCorrection	1000	A34	C1	10000	100	0	0.5	300	0
164	0.012004076415	0.00666353950000001	0	0.297	0.74	0.012004076415	0.00666353950000001	ID	1000	A34	C1	10000	100	0	0.5	300	0
165	0.00274523499350001	0.0119682805000001	0	0.793	0.526	0.00274523499350001	0.0119682805000001	1	1000	A34	C1	10000	100	0	0.5	300	0.01
166	0.00825775114500002	0.0276349855	0	0.468	0.14	0.00825775114500002	0.0276349855	FGr	1000	A34	C1	10000	100	0	0.5	300	0.01
167	0.0106537405985	0.0332616604999999	0	0.353	0.08	0.0106537405985	0.0332616604999999	NoCorrection	1000	A34	C1	10000	100	0	0.5	300	0.01
168	0.007353803734	0.0221541435	0	0.538	0.233	0.007353803734	0.0221541435	ID	1000	A34	C1	10000	100	0	0.5	300	0.01
169	-0.009993008853	-0.009026165	0	0.471	0.623	-0.009993008853	-0.009026165	1	1000	A34	C1	10000	100	0	0.5	300	0.03
170	0.00390560062	0.028312863	0	0.792	0.128	0.00390560062	0.028312863	FGr	1000	A34	C1	10000	100	0	0.5	300	0.03
171	-0.000664602306000003	0.0121266985	0	0.954	0.521	-0.000664602306000003	0.0121266985	NoCorrection	1000	A34	C1	10000	100	0	0.5	300	0.03
172	-0.007085602202	0.000477671499999999	0	0.603	0.977	-0.007085602202	0.000477671499999999	ID	1000	A34	C1	10000	100	0	0.5	300	0.03
173	0.0032917694575	0.000303488500000004	0	0.815	0.987	0.0032917694575	0.000303488500000004	1	1000	A34	C1	10000	100	0	0.5	300	0.1
174	0.01444953664	0.0345639	0	0.307	0.091	0.01444953664	0.0345639	FGr	1000	A34	C1	10000	100	0	0.5	300	0.1
175	0.029996137353	0.0727389115	0	0.028	0	0.029996137353	0.0727389115	NoCorrection	1000	A34	C1	10000	100	0	0.5	300	0.1
176	0.00132061818079999	-0.00842455350000001	0	0.922	0.694	0.00132061818079999	-0.00842455350000001	ID	1000	A34	C1	10000	100	0	0.5	300	0.1
177	0.005359319885	0.0380309125	0	0.671	0.227	0.005359319885	0.0380309125	1	10000	A34	C1	10000	100	0	0.5	300	0
178	0.0055199552	0.0381013195	0	0.682	0.236	0.0055199552	0.0381013195	FGr	10000	A34	C1	10000	100	0	0.5	300	0
179	0.0069113651832	0.046933479	0	0.578	0.108	0.0069113651832	0.046933479	NoCorrection	10000	A34	C1	10000	100	0	0.5	300	0
180	0.004592960515	0.0316487255	0	0.69	0.309	0.004592960515	0.0316487255	ID	10000	A34	C1	10000	100	0	0.5	300	0
181	0.00860096716599999	0.0189152035	0	0.479	0.575	0.00860096716599999	0.0189152035	1	10000	A34	C1	10000	100	0	0.5	300	0.01
182	0.0100544372875	0.0216326545	0	0.386	0.511	0.0100544372875	0.0216326545	FGr	10000	A34	C1	10000	100	0	0.5	300	0.01
183	0.00567472337399999	-0.0019467055	0	0.617	0.954	0.00567472337399999	-0.0019467055	NoCorrection	10000	A34	C1	10000	100	0	0.5	300	0.01
184	0.00771151723900001	0.013594783	0	0.527	0.682	0.00771151723900001	0.013594783	ID	10000	A34	C1	10000	100	0	0.5	300	0.01
185	-0.0021369609682	-0.022686515	0	0.858	0.492	-0.0021369609682	-0.022686515	1	10000	A34	C1	10000	100	0	0.5	300	0.03
186	-0.000111615455	-0.00895921800000002	0	0.993	0.777	-0.000111615455	-0.00895921800000002	FGr	10000	A34	C1	10000	100	0	0.5	300	0.03
187	0.01468501918	0.0413452635	0	0.257	0.16	0.01468501918	0.0413452635	NoCorrection	10000	A34	C1	10000	100	0	0.5	300	0.03
188	-0.00310105076000001	-0.0200200565	0	0.807	0.49	-0.00310105076000001	-0.0200200565	ID	10000	A34	C1	10000	100	0	0.5	300	0.03
189	0.01803066148	0.0195774675	0	0.183	0.535	0.01803066148	0.0195774675	1	10000	A34	C1	10000	100	0	0.5	300	0.1
190	0.018501951485	0.026101369	0	0.18	0.388	0.018501951485	0.026101369	FGr	10000	A34	C1	10000	100	0	0.5	300	0.1
191	0.054373863365	0.2197552875	0	0	0	0.054373863365	0.2197552875	NoCorrection	10000	A34	C1	10000	100	0	0.5	300	0.1
192	0.01762138334	0.015631605	0	0.187	0.613	0.01762138334	0.015631605	ID	10000	A34	C1	10000	100	0	0.5	300	0.1
193	0.00418718666100001	0.00418718666100001	0	0.633	0.611	0.00418718666100001	0.00418718666100001	1	300	A34	C1	10000	1000	0	0.5	300	0
194	0.00681461882399999	0.00681461882399999	0	0.379	0.396	0.00681461882399999	0.00681461882399999	FGr	300	A34	C1	10000	1000	0	0.5	300	0
195	0.00848258682294997	0.00848258682294996	0	0.312	0.301	0.00848258682294997	0.00848258682294996	NoCorrection	300	A34	C1	10000	1000	0	0.5	300	0
196	0.015397607871	0.015397607871	0	0.087	0.073	0.015397607871	0.015397607871	ID	300	A34	C1	10000	1000	0	0.5	300	0
197	-0.000623242561299987	-0.000623242561299997	0	0.93	0.945	-0.000623242561299987	-0.000623242561299997	1	300	A34	C1	10000	1000	0	0.5	300	0.01
198	-0.0026516583668	-0.0026516583668	0	0.761	0.761	-0.0026516583668	-0.0026516583668	FGr	300	A34	C1	10000	1000	0	0.5	300	0.01
199	0.0041914228169	0.0041914228169	0	0.626	0.636	0.0041914228169	0.0041914228169	NoCorrection	300	A34	C1	10000	1000	0	0.5	300	0.01
200	0.001755632105	0.001755632105	0	0.856	0.843	0.001755632105	0.001755632105	ID	300	A34	C1	10000	1000	0	0.5	300	0.01
201	0.0087543785845	0.00875437858450001	0	0.347	0.337	0.0087543785845	0.00875437858450001	1	300	A34	C1	10000	1000	0	0.5	300	0.03
202	0.0257653612222	0.0257653612222	0	0.005	0.004	0.0257653612222	0.0257653612222	FGr	300	A34	C1	10000	1000	0	0.5	300	0.03
203	0.03766659940335	0.03766659940335	0	0	0	0.03766659940335	0.03766659940335	NoCorrection	300	A34	C1	10000	1000	0	0.5	300	0.03
204	0.00932434463699998	0.00932434463699996	0	0.32	0.284	0.00932434463699998	0.00932434463699996	ID	300	A34	C1	10000	1000	0	0.5	300	0.03
205	-0.0096783277535	-0.0096783277535	0	0.291	0.276	-0.0096783277535	-0.0096783277535	1	300	A34	C1	10000	1000	0	0.5	300	0.1
206	0.01918696352725	0.01918696352725	0	0.036	0.037	0.01918696352725	0.01918696352725	FGr	300	A34	C1	10000	1000	0	0.5	300	0.1
207	0.037452381303275	0.037452381303275	0	0	0	0.037452381303275	0.037452381303275	NoCorrection	300	A34	C1	10000	1000	0	0.5	300	0.1
208	-0.0086934744489	-0.0086934744489	0	0.328	0.323	-0.0086934744489	-0.0086934744489	ID	300	A34	C1	10000	1000	0	0.5	300	0.1
209	-0.014956955849705	0.000525289149999978	0	0.08	0.974	-0.014956955849705	0.000525289149999978	1	1000	A34	C1	10000	1000	0	0.5	300	0
210	-0.0177167259193	-0.00827851145000002	0	0.052	0.527	-0.0177167259193	-0.00827851145000002	FGr	1000	A34	C1	10000	1000	0	0.5	300	0
211	-0.0107484347709	0.0109716612	0	0.197	0.37	-0.0107484347709	0.0109716612	NoCorrection	1000	A34	C1	10000	1000	0	0.5	300	0
212	-0.0168301976585	-0.00515268840000001	0	0.064	0.689	-0.0168301976585	-0.00515268840000001	ID	1000	A34	C1	10000	1000	0	0.5	300	0
213	-0.00906702289300001	-0.0118512706	0	0.226	0.393	-0.00906702289300001	-0.0118512706	1	1000	A34	C1	10000	1000	0	0.5	300	0.01
214	-0.00452243455499999	0.000432624549999996	0	0.539	0.971	-0.00452243455499999	0.000432624549999996	FGr	1000	A34	C1	10000	1000	0	0.5	300	0.01
215	-0.00121705641139	0.00861557469999999	0	0.861	0.549	-0.00121705641139	0.00861557469999999	NoCorrection	1000	A34	C1	10000	1000	0	0.5	300	0.01
216	-0.0084853492186	-0.01087824305	0	0.254	0.461	-0.0084853492186	-0.01087824305	ID	1000	A34	C1	10000	1000	0	0.5	300	0.01
217	0.01023591705974	-0.00397361055	0	0.223	0.8	0.01023591705974	-0.00397361055	1	1000	A34	C1	10000	1000	0	0.5	300	0.03
218	0.0066105087825	-0.01248292015	0	0.408	0.387	0.0066105087825	-0.01248292015	FGr	1000	A34	C1	10000	1000	0	0.5	300	0.03
219	0.01608565404378	0.00969771515	0	0.037	0.484	0.01608565404378	0.00969771515	NoCorrection	1000	A34	C1	10000	1000	0	0.5	300	0.03
220	0.0029690172703	-0.02256359765	0	0.7	0.122	0.0029690172703	-0.02256359765	ID	1000	A34	C1	10000	1000	0	0.5	300	0.03
221	-0.000849813605979949	-0.0059486911	0	0.914	0.671	-0.000849813605979949	-0.0059486911	1	1000	A34	C1	10000	1000	0	0.5	300	0.1
222	0.0129946332385	0.02769981895	0	0.077	0.055	0.0129946332385	0.02769981895	FGr	1000	A34	C1	10000	1000	0	0.5	300	0.1
223	0.03504012472266	0.0856381109999999	0	0	0	0.03504012472266	0.0856381109999999	NoCorrection	1000	A34	C1	10000	1000	0	0.5	300	0.1
224	-0.00224237558944999	-0.0066556706	0	0.761	0.636	-0.00224237558944999	-0.0066556706	ID	1000	A34	C1	10000	1000	0	0.5	300	0.1
225	0.014041890386	0.00571876325000006	0	0.079	0.807	0.014041890386	0.00571876325000006	1	10000	A34	C1	10000	1000	0	0.5	300	0
226	0.0133378817115	-0.00214012875000006	0	0.096	0.921	0.0133378817115	-0.00214012875000006	FGr	10000	A34	C1	10000	1000	0	0.5	300	0
227	0.017223198333	0.03162062795	0	0.019	0.154	0.017223198333	0.03162062795	NoCorrection	10000	A34	C1	10000	1000	0	0.5	300	0
228	0.0140368547125	0.00571578729999991	0	0.087	0.809	0.0140368547125	0.00571578729999991	ID	10000	A34	C1	10000	1000	0	0.5	300	0
229	0.00886964278560002	0.02169046425	0	0.278	0.366	0.00886964278560002	0.02169046425	1	10000	A34	C1	10000	1000	0	0.5	300	0.01
230	0.0109335095270499	0.0330352827	0	0.163	0.17	0.0109335095270499	0.0330352827	FGr	10000	A34	C1	10000	1000	0	0.5	300	0.01
231	0.0150147177265	0.06189320015	0	0.053	0.004	0.0150147177265	0.06189320015	NoCorrection	10000	A34	C1	10000	1000	0	0.5	300	0.01
232	0.00910066977575001	0.01945552335	0	0.24	0.395	0.00910066977575001	0.01945552335	ID	10000	A34	C1	10000	1000	0	0.5	300	0.01
233	0.00520856664550001	0.0416726178	0	0.591	0.068	0.00520856664550001	0.0416726178	1	10000	A34	C1	10000	1000	0	0.5	300	0.03
234	0.00841796110400008	0.0614681147	0	0.396	0.007	0.00841796110400008	0.0614681147	FGr	10000	A34	C1	10000	1000	0	0.5	300	0.03
235	0.015057111017	0.0904374787	0	0.119	0	0.015057111017	0.0904374787	NoCorrection	10000	A34	C1	10000	1000	0	0.5	300	0.03
236	0.00585577937054998	0.04648217845	0	0.565	0.039	0.00585577937054998	0.04648217845	ID	10000	A34	C1	10000	1000	0	0.5	300	0.03
237	0.000541537948750042	0.0452388598	0	0.951	0.03	0.000541537948750042	0.0452388598	1	10000	A34	C1	10000	1000	0	0.5	300	0.1
238	0.00256865118850004	0.0600560924	0	0.778	0.004	0.00256865118850004	0.0600560924	FGr	10000	A34	C1	10000	1000	0	0.5	300	0.1
239	0.0419034870635999	0.28487471955	0	0	0	0.0419034870635999	0.28487471955	NoCorrection	10000	A34	C1	10000	1000	0	0.5	300	0.1
240	0.0002092349329999	0.04436756475	0	0.97	0.023	0.0002092349329999	0.04436756475	ID	10000	A34	C1	10000	1000	0	0.5	300	0.1
241	0.00260475928055008	0.0026047592805501	0	0.733	0.728	0.00260475928055008	0.0026047592805501	1	300	A34	C1	10000	10000	0	0.5	300	0
242	0.004456036151995	0.00445603615199499	0	0.556	0.574	0.004456036151995	0.00445603615199499	FGr	300	A34	C1	10000	10000	0	0.5	300	0
243	0.00886645356243002	0.00886645356243002	0	0.283	0.266	0.00886645356243002	0.00886645356243002	NoCorrection	300	A34	C1	10000	10000	0	0.5	300	0
244	0.00911683428312489	0.0091168342831249	0	0.26	0.275	0.00911683428312489	0.0091168342831249	ID	300	A34	C1	10000	10000	0	0.5	300	0
245	-0.00226555134503504	-0.00226555134503504	0	0.772	0.782	-0.00226555134503504	-0.00226555134503504	1	300	A34	C1	10000	10000	0	0.5	300	0.01
246	-0.00243887668655497	-0.00243887668655497	0	0.755	0.771	-0.00243887668655497	-0.00243887668655497	FGr	300	A34	C1	10000	10000	0	0.5	300	0.01
247	0.00227358466924995	0.00227358466924996	0	0.796	0.793	0.00227358466924995	0.00227358466924996	NoCorrection	300	A34	C1	10000	10000	0	0.5	300	0.01
248	-0.000581482517242633	-0.000581482517242627	0	0.951	0.936	-0.000581482517242633	-0.000581482517242627	ID	300	A34	C1	10000	10000	0	0.5	300	0.01
249	-0.00961634866145	-0.00961634866145	0	0.249	0.251	-0.00961634866145	-0.00961634866145	1	300	A34	C1	10000	10000	0	0.5	300	0.03
250	-0.005588142598215	-0.005588142598215	0	0.495	0.495	-0.005588142598215	-0.005588142598215	FGr	300	A34	C1	10000	10000	0	0.5	300	0.03
251	0.00231226775215	0.00231226775215001	0	0.79	0.795	0.00231226775215	0.00231226775215001	NoCorrection	300	A34	C1	10000	10000	0	0.5	300	0.03
252	-0.01424425316835	-0.01424425316835	0	0.068	0.085	-0.01424425316835	-0.01424425316835	ID	300	A34	C1	10000	10000	0	0.5	300	0.03
253	-0.00256710173649502	-0.00256710173649502	0	0.727	0.76	-0.00256710173649502	-0.00256710173649502	1	300	A34	C1	10000	10000	0	0.5	300	0.1
254	0.0153161950767099	0.0153161950767099	0	0.067	0.068	0.0153161950767099	0.0153161950767099	FGr	300	A34	C1	10000	10000	0	0.5	300	0.1
255	0.0265893301601601	0.0265893301601601	0	0.002	0.002	0.0265893301601601	0.0265893301601601	NoCorrection	300	A34	C1	10000	10000	0	0.5	300	0.1
256	-8.35627851000353e-05	-8.35627851000448e-05	0	0.995	0.995	-8.35627851000353e-05	-8.35627851000448e-05	ID	300	A34	C1	10000	10000	0	0.5	300	0.1
257	0.00567259453677999	0.01243862417	0	0.522	0.371	0.00567259453677999	0.01243862417	1	1000	A34	C1	10000	10000	0	0.5	300	0
258	-0.000761205016859994	-0.00754794706000003	0	0.932	0.588	-0.000761205016859994	-0.00754794706000003	FGr	1000	A34	C1	10000	10000	0	0.5	300	0
259	0.00475579136042998	0.00912868621499992	0	0.607	0.503	0.00475579136042998	0.00912868621499992	NoCorrection	1000	A34	C1	10000	10000	0	0.5	300	0
260	0.00277370181233997	0.00281578641999997	0	0.731	0.863	0.00277370181233997	0.00281578641999997	ID	1000	A34	C1	10000	10000	0	0.5	300	0
261	0.0080861896661	-0.000155517669999951	0	0.338	0.994	0.0080861896661	-0.000155517669999951	1	1000	A34	C1	10000	10000	0	0.5	300	0.01
262	0.00826094045152999	8.70519950001348e-05	0	0.308	0.999	0.00826094045152999	8.70519950001348e-05	FGr	1000	A34	C1	10000	10000	0	0.5	300	0.01
263	0.01188600260065	0.01343099694	0	0.142	0.287	0.01188600260065	0.01343099694	NoCorrection	1000	A34	C1	10000	10000	0	0.5	300	0.01
264	0.01000822417396	0.00856384383499999	0	0.23	0.528	0.01000822417396	0.00856384383499999	ID	1000	A34	C1	10000	10000	0	0.5	300	0.01
265	0.00170262313048512	0.00186549572499903	0	0.845	0.929	0.00170262313048512	0.00186549572499903	1	1000	A34	C1	10000	10000	0	0.5	300	0.03
266	0.0107500317395347	0.034596271985	0	0.237	0.013	0.0107500317395347	0.034596271985	FGr	1000	A34	C1	10000	10000	0	0.5	300	0.03
267	0.0104419399176701	0.0312573945800002	0	0.221	0.028	0.0104419399176701	0.0312573945800002	NoCorrection	1000	A34	C1	10000	10000	0	0.5	300	0.03
268	0.002696246841805	0.00480713471499985	0	0.75	0.736	0.002696246841805	0.00480713471499985	ID	1000	A34	C1	10000	10000	0	0.5	300	0.03
269	-0.0116271887110999	-0.005463293345	0	0.163	0.656	-0.0116271887110999	-0.005463293345	1	1000	A34	C1	10000	10000	0	0.5	300	0.1
270	-0.00207185096226004	0.0266192645850002	0	0.8	0.043	-0.00207185096226004	0.0266192645850002	FGr	1000	A34	C1	10000	10000	0	0.5	300	0.1
271	0.0162185142545498	0.08071011728	0	0.072	0	0.0162185142545498	0.08071011728	NoCorrection	1000	A34	C1	10000	10000	0	0.5	300	0.1
272	-0.0100700239771499	-0.00157033361999992	0	0.224	0.891	-0.0100700239771499	-0.00157033361999992	ID	1000	A34	C1	10000	10000	0	0.5	300	0.1
273	-0.00899344708370001	0.00500475109500049	0	0.244	0.811	-0.00899344708370001	0.00500475109500049	1	10000	A34	C1	10000	10000	0	0.5	300	0
274	-0.00864017692115	0.0053724367299998	0	0.291	0.815	-0.00864017692115	0.0053724367299998	FGr	10000	A34	C1	10000	10000	0	0.5	300	0
275	-0.00298588088031002	0.0440728515950001	0	0.703	0.047	-0.00298588088031002	0.0440728515950001	NoCorrection	10000	A34	C1	10000	10000	0	0.5	300	0
276	-0.00842793233965002	0.0079387947350002	0	0.281	0.708	-0.00842793233965002	0.0079387947350002	ID	10000	A34	C1	10000	10000	0	0.5	300	0
277	0.0162713528496	0.0156993964250001	0	0.045	0.492	0.0162713528496	0.0156993964250001	1	10000	A34	C1	10000	10000	0	0.5	300	0.01
278	0.017925191087025	0.0218148418549998	0	0.017	0.301	0.017925191087025	0.0218148418549998	FGr	10000	A34	C1	10000	10000	0	0.5	300	0.01
279	0.025070723503	0.0589977652599999	0	0.002	0.006	0.025070723503	0.0589977652599999	NoCorrection	10000	A34	C1	10000	10000	0	0.5	300	0.01
280	0.017959215333375	0.0235206310299999	0	0.025	0.251	0.017959215333375	0.0235206310299999	ID	10000	A34	C1	10000	10000	0	0.5	300	0.01
281	0.01298021957265	-0.00333419258999985	0	0.061	0.863	0.01298021957265	-0.00333419258999985	1	10000	A34	C1	10000	10000	0	0.5	300	0.03
282	0.0138871751883	-0.0016209693499998	0	0.07	0.904	0.0138871751883	-0.0016209693499998	FGr	10000	A34	C1	10000	10000	0	0.5	300	0.03
283	0.0220587702164	0.0389442560150004	0	0.003	0.052	0.0220587702164	0.0389442560150004	NoCorrection	10000	A34	C1	10000	10000	0	0.5	300	0.03
284	0.01384347756071	-0.000736056614999931	0	0.06	0.982	0.01384347756071	-0.000736056614999931	ID	10000	A34	C1	10000	10000	0	0.5	300	0.03
285	0.01288273719575	-0.03627301308	0	0.093	0.109	0.01288273719575	-0.03627301308	1	10000	A34	C1	10000	10000	0	0.5	300	0.1
286	0.01329946497703	-0.03598491416	0	0.097	0.101	0.01329946497703	-0.03598491416	FGr	10000	A34	C1	10000	10000	0	0.5	300	0.1
287	0.0482301527370649	0.213341963595001	0	0	0	0.0482301527370649	0.213341963595001	NoCorrection	10000	A34	C1	10000	10000	0	0.5	300	0.1
288	0.0129033045585175	-0.03589889892	0	0.098	0.127	0.0129033045585175	-0.03589889892	ID	10000	A34	C1	10000	10000	0	0.5	300	0.1
289	0.00242007088649998	0.00242007088650002	0	0.949	0.946	0.00242007088649998	0.00242007088650002	1	300	A34	C2	1000	100	0	0.5	300	0
290	0.003569354035	0.00356935403499999	0	0.926	0.926	0.003569354035	0.00356935403499999	FGr	300	A34	C2	1000	100	0	0.5	300	0
291	0.002674069905	0.002674069905	0	0.942	0.945	0.002674069905	0.002674069905	NoCorrection	300	A34	C2	1000	100	0	0.5	300	0
292	0.00393518046999999	0.00393518047	0	0.924	0.918	0.00393518046999999	0.00393518047	ID	300	A34	C2	1000	100	0	0.5	300	0
293	-0.0235502633	-0.0235502633	0	0.534	0.542	-0.0235502633	-0.0235502633	1	300	A34	C2	1000	100	0	0.5	300	0.01
294	-0.022846687445	-0.0228466874450001	0	0.548	0.539	-0.022846687445	-0.0228466874450001	FGr	300	A34	C2	1000	100	0	0.5	300	0.01
295	-0.024605911095	-0.024605911095	0	0.517	0.521	-0.024605911095	-0.024605911095	NoCorrection	300	A34	C2	1000	100	0	0.5	300	0.01
296	-0.0262043899439	-0.0262043899439	0	0.486	0.489	-0.0262043899439	-0.0262043899439	ID	300	A34	C2	1000	100	0	0.5	300	0.01
297	0.00451121692999999	0.00451121693	0	0.901	0.891	0.00451121692999999	0.00451121693	1	300	A34	C2	1000	100	0	0.5	300	0.03
298	0.0029658184225	0.00296581842249996	0	0.929	0.935	0.0029658184225	0.00296581842249996	FGr	300	A34	C2	1000	100	0	0.5	300	0.03
299	0.00358652246099998	0.00358652246099999	0	0.938	0.926	0.00358652246099998	0.00358652246099999	NoCorrection	300	A34	C2	1000	100	0	0.5	300	0.03
300	0.00257688711199999	0.00257688711199999	0	0.946	0.945	0.00257688711199999	0.00257688711199999	ID	300	A34	C2	1000	100	0	0.5	300	0.03
301	-0.00162842503499997	-0.00162842503499994	0	0.976	0.964	-0.00162842503499997	-0.00162842503499994	1	300	A34	C2	1000	100	0	0.5	300	0.1
302	0.000423236869999997	0.000423236869999988	0	0.991	0.99	0.000423236869999997	0.000423236869999988	FGr	300	A34	C2	1000	100	0	0.5	300	0.1
303	-0.00213691598000003	-0.00213691598	0	0.952	0.944	-0.00213691598000003	-0.00213691598	NoCorrection	300	A34	C2	1000	100	0	0.5	300	0.1
304	-0.00297727961000003	-0.00297727960999999	0	0.939	0.935	-0.00297727961000003	-0.00297727960999999	ID	300	A34	C2	1000	100	0	0.5	300	0.1
305	0.052995977035	-0.0204702540000001	0	0.154	0.704	0.052995977035	-0.0204702540000001	1	1000	A34	C2	1000	100	0	0.5	300	0
306	0.053088263183	-0.0059696745	0	0.119	0.915	0.053088263183	-0.0059696745	FGr	1000	A34	C2	1000	100	0	0.5	300	0
307	0.053138178699	-0.00575977549999996	0	0.134	0.907	0.053138178699	-0.00575977549999996	NoCorrection	1000	A34	C2	1000	100	0	0.5	300	0
308	0.053454665885	0.00897457050000002	0	0.129	0.86	0.053454665885	0.00897457050000002	ID	1000	A34	C2	1000	100	0	0.5	300	0
309	-0.04269059897	-0.057366368	0	0.207	0.239	-0.04269059897	-0.057366368	1	1000	A34	C2	1000	100	0	0.5	300	0.01
310	-0.042324240745	-0.061483844	0	0.211	0.241	-0.042324240745	-0.061483844	FGr	1000	A34	C2	1000	100	0	0.5	300	0.01
311	-0.042409578568	-0.0531346495	0	0.191	0.296	-0.042409578568	-0.0531346495	NoCorrection	1000	A34	C2	1000	100	0	0.5	300	0.01
312	-0.042792563715	-0.060893364	0	0.209	0.252	-0.042792563715	-0.060893364	ID	1000	A34	C2	1000	100	0	0.5	300	0.01
313	-0.018752913575	-0.00867394249999994	0	0.586	0.856	-0.018752913575	-0.00867394249999994	1	1000	A34	C2	1000	100	0	0.5	300	0.03
314	-0.018316890525	-0.00222421999999996	0	0.618	0.974	-0.018316890525	-0.00222421999999996	FGr	1000	A34	C2	1000	100	0	0.5	300	0.03
315	-0.01833838042	-0.00292242700000005	0	0.587	0.956	-0.01833838042	-0.00292242700000005	NoCorrection	1000	A34	C2	1000	100	0	0.5	300	0.03
316	-0.018879876725	-0.0134835109999999	0	0.569	0.795	-0.018879876725	-0.0134835109999999	ID	1000	A34	C2	1000	100	0	0.5	300	0.03
317	0.0448495933000002	0.033182153	0	0.25	0.581	0.0448495933000002	0.033182153	1	1000	A34	C2	1000	100	0	0.5	300	0.1
318	0.0453769705400001	0.0441437994999999	0	0.245	0.461	0.0453769705400001	0.0441437994999999	FGr	1000	A34	C2	1000	100	0	0.5	300	0.1
319	0.0452639482350001	0.0431214580000001	0	0.253	0.456	0.0452639482350001	0.0431214580000001	NoCorrection	1000	A34	C2	1000	100	0	0.5	300	0.1
320	0.0446109387649999	0.035782667	0	0.242	0.54	0.0446109387649999	0.035782667	ID	1000	A34	C2	1000	100	0	0.5	300	0.1
321	-0.025804381055	-0.1174843035	0	0.396	0.181	-0.025804381055	-0.1174843035	1	10000	A34	C2	1000	100	0	0.5	300	0
322	-0.0239478029	-0.0826625075	0	0.397	0.336	-0.0239478029	-0.0826625075	FGr	10000	A34	C2	1000	100	0	0.5	300	0
323	-0.02394184508	-0.093704376	0	0.433	0.278	-0.02394184508	-0.093704376	NoCorrection	10000	A34	C2	1000	100	0	0.5	300	0
324	-0.02575536735	-0.1105947245	0	0.377	0.225	-0.02575536735	-0.1105947245	ID	10000	A34	C2	1000	100	0	0.5	300	0
325	-0.034907384347	-0.0821921725	0	0.271	0.352	-0.034907384347	-0.0821921725	1	10000	A34	C2	1000	100	0	0.5	300	0.01
326	-0.0342095450706	-0.0560184490000001	0	0.297	0.542	-0.0342095450706	-0.0560184490000001	FGr	10000	A34	C2	1000	100	0	0.5	300	0.01
327	-0.034164915697	-0.0706766210000001	0	0.283	0.431	-0.034164915697	-0.0706766210000001	NoCorrection	10000	A34	C2	1000	100	0	0.5	300	0.01
328	-0.0347286392090001	-0.065541128	0	0.262	0.439	-0.0347286392090001	-0.065541128	ID	10000	A34	C2	1000	100	0	0.5	300	0.01
329	0.012871188815	-0.0862753284999999	0	0.718	0.322	0.012871188815	-0.0862753284999999	1	10000	A34	C2	1000	100	0	0.5	300	0.03
330	0.012817193258	-0.0880711525	0	0.715	0.286	0.012817193258	-0.0880711525	FGr	10000	A34	C2	1000	100	0	0.5	300	0.03
331	0.012801254289	-0.0916999180000001	0	0.702	0.277	0.012801254289	-0.0916999180000001	NoCorrection	10000	A34	C2	1000	100	0	0.5	300	0.03
332	0.012914473815	-0.0814631784999999	0	0.719	0.363	0.012914473815	-0.0814631784999999	ID	10000	A34	C2	1000	100	0	0.5	300	0.03
333	-0.000418589019499993	-0.114687585	0	0.989	0.174	-0.000418589019499993	-0.114687585	1	10000	A34	C2	1000	100	0	0.5	300	0.1
334	0.0018865489	-0.10336859	0	0.963	0.231	0.0018865489	-0.10336859	FGr	10000	A34	C2	1000	100	0	0.5	300	0.1
335	0.00187520836499997	-0.11877672	0	0.96	0.187	0.00187520836499997	-0.11877672	NoCorrection	10000	A34	C2	1000	100	0	0.5	300	0.1
336	-0.000497042840000019	-0.10574748	0	0.989	0.25	-0.000497042840000019	-0.10574748	ID	10000	A34	C2	1000	100	0	0.5	300	0.1
337	0.0110422697979	0.0110422697979	0	0.527	0.578	0.0110422697979	0.0110422697979	1	300	A34	C2	1000	1000	0	0.5	300	0
338	0.01051957015	0.01051957015	0	0.584	0.598	0.01051957015	0.01051957015	FGr	300	A34	C2	1000	1000	0	0.5	300	0
339	0.0101731751525	0.0101731751525	0	0.583	0.601	0.0101731751525	0.0101731751525	NoCorrection	300	A34	C2	1000	1000	0	0.5	300	0
340	0.0109153716725	0.0109153716725	0	0.563	0.568	0.0109153716725	0.0109153716725	ID	300	A34	C2	1000	1000	0	0.5	300	0
341	-0.00312979738399999	-0.00312979738400001	0	0.872	0.881	-0.00312979738399999	-0.00312979738400001	1	300	A34	C2	1000	1000	0	0.5	300	0.01
342	-0.00210358044054995	-0.00210358044054993	0	0.914	0.923	-0.00210358044054995	-0.00210358044054993	FGr	300	A34	C2	1000	1000	0	0.5	300	0.01
343	-0.00181969031250007	-0.00181969031250008	0	0.917	0.942	-0.00181969031250007	-0.00181969031250008	NoCorrection	300	A34	C2	1000	1000	0	0.5	300	0.01
344	-0.00309749988199998	-0.00309749988199999	0	0.904	0.871	-0.00309749988199998	-0.00309749988199999	ID	300	A34	C2	1000	1000	0	0.5	300	0.01
345	0.0156266201525	0.0156266201525	0	0.444	0.449	0.0156266201525	0.0156266201525	1	300	A34	C2	1000	1000	0	0.5	300	0.03
346	0.01587259382615	0.01587259382615	0	0.445	0.467	0.01587259382615	0.01587259382615	FGr	300	A34	C2	1000	1000	0	0.5	300	0.03
347	0.015712760571	0.015712760571	0	0.476	0.481	0.015712760571	0.015712760571	NoCorrection	300	A34	C2	1000	1000	0	0.5	300	0.03
348	0.0142154249848	0.0142154249848	0	0.515	0.5	0.0142154249848	0.0142154249848	ID	300	A34	C2	1000	1000	0	0.5	300	0.03
349	0.003301425881	0.00330142588099999	0	0.887	0.891	0.003301425881	0.00330142588099999	1	300	A34	C2	1000	1000	0	0.5	300	0.1
350	0.00217625962200001	0.002176259622	0	0.914	0.937	0.00217625962200001	0.002176259622	FGr	300	A34	C2	1000	1000	0	0.5	300	0.1
351	0.00129419903249998	0.0012941990325	0	0.951	0.957	0.00129419903249998	0.0012941990325	NoCorrection	300	A34	C2	1000	1000	0	0.5	300	0.1
352	0.00542877315099999	0.005428773151	0	0.786	0.804	0.00542877315099999	0.005428773151	ID	300	A34	C2	1000	1000	0	0.5	300	0.1
353	-0.0005909217165	-0.0110565057999999	0	0.98	0.743	-0.0005909217165	-0.0110565057999999	1	1000	A34	C2	1000	1000	0	0.5	300	0
354	0.0007363435195	-0.0153211545	0	0.974	0.637	0.0007363435195	-0.0153211545	FGr	1000	A34	C2	1000	1000	0	0.5	300	0
355	0.000405508875499995	-0.0158173590000001	0	0.99	0.654	0.000405508875499995	-0.0158173590000001	NoCorrection	1000	A34	C2	1000	1000	0	0.5	300	0
356	-0.00321794935799999	-0.0105735947499999	0	0.88	0.73	-0.00321794935799999	-0.0105735947499999	ID	1000	A34	C2	1000	1000	0	0.5	300	0
357	0.000298895868899999	-0.0259934588500004	0	0.988	0.417	0.000298895868899999	-0.0259934588500004	1	1000	A34	C2	1000	1000	0	0.5	300	0.01
358	0.001608061271	-0.0337588844500003	0	0.942	0.292	0.001608061271	-0.0337588844500003	FGr	1000	A34	C2	1000	1000	0	0.5	300	0.01
359	0.000393609653499986	-0.0175511341499999	0	0.988	0.59	0.000393609653499986	-0.0175511341499999	NoCorrection	1000	A34	C2	1000	1000	0	0.5	300	0.01
360	-2.15706835000163e-05	-0.02430813375	0	1	0.428	-2.15706835000163e-05	-0.02430813375	ID	1000	A34	C2	1000	1000	0	0.5	300	0.01
361	0.020138833663	0.0014322448500001	0	0.404	0.974	0.020138833663	0.0014322448500001	1	1000	A34	C2	1000	1000	0	0.5	300	0.03
362	0.0206388654194999	-0.00592903055000005	0	0.353	0.872	0.0206388654194999	-0.00592903055000005	FGr	1000	A34	C2	1000	1000	0	0.5	300	0.03
363	0.0207831004205001	-0.00389090710000012	0	0.331	0.895	0.0207831004205001	-0.00389090710000012	NoCorrection	1000	A34	C2	1000	1000	0	0.5	300	0.03
364	0.0182146925685001	0.00183544355000011	0	0.445	0.959	0.0182146925685001	0.00183544355000011	ID	1000	A34	C2	1000	1000	0	0.5	300	0.03
365	-0.022494323098	-0.0149050834	0	0.352	0.677	-0.022494323098	-0.0149050834	1	1000	A34	C2	1000	1000	0	0.5	300	0.1
366	-0.021787082119	-0.0145803759000003	0	0.366	0.684	-0.021787082119	-0.0145803759000003	FGr	1000	A34	C2	1000	1000	0	0.5	300	0.1
367	-0.021693482726	-0.0146226768000002	0	0.416	0.676	-0.021693482726	-0.0146226768000002	NoCorrection	1000	A34	C2	1000	1000	0	0.5	300	0.1
368	-0.025052169421	-0.0257713057499999	0	0.3	0.451	-0.025052169421	-0.0257713057499999	ID	1000	A34	C2	1000	1000	0	0.5	300	0.1
369	0.0330908099050001	0.0267498283999998	0	0.082	0.615	0.0330908099050001	0.0267498283999998	1	10000	A34	C2	1000	1000	0	0.5	300	0
370	0.0319532390889	0.0312289344000008	0	0.101	0.541	0.0319532390889	0.0312289344000008	FGr	10000	A34	C2	1000	1000	0	0.5	300	0
371	0.0323367163560001	0.0127574816000001	0	0.099	0.803	0.0323367163560001	0.0127574816000001	NoCorrection	10000	A34	C2	1000	1000	0	0.5	300	0
372	0.0328942430849999	0.0101783009999997	0	0.091	0.851	0.0328942430849999	0.0101783009999997	ID	10000	A34	C2	1000	1000	0	0.5	300	0
373	0.0301187822070001	0.0269874170999998	0	0.182	0.597	0.0301187822070001	0.0269874170999998	1	10000	A34	C2	1000	1000	0	0.5	300	0.01
374	0.030459367224	0.0196602013999998	0	0.174	0.693	0.030459367224	0.0196602013999998	FGr	10000	A34	C2	1000	1000	0	0.5	300	0.01
375	0.030111182347	0.0238724072000002	0	0.185	0.666	0.030111182347	0.0238724072000002	NoCorrection	10000	A34	C2	1000	1000	0	0.5	300	0.01
376	0.0301555457025	0.0237911834999998	0	0.159	0.639	0.0301555457025	0.0237911834999998	ID	10000	A34	C2	1000	1000	0	0.5	300	0.01
377	-0.00394315501999998	-0.0339033480000001	0	0.855	0.509	-0.00394315501999998	-0.0339033480000001	1	10000	A34	C2	1000	1000	0	0.5	300	0.03
378	-0.005019402965	-0.0351264536499998	0	0.794	0.502	-0.005019402965	-0.0351264536499998	FGr	10000	A34	C2	1000	1000	0	0.5	300	0.03
379	-0.0042430626035	-0.0451850395499999	0	0.849	0.37	-0.0042430626035	-0.0451850395499999	NoCorrection	10000	A34	C2	1000	1000	0	0.5	300	0.03
380	-0.00381478590374998	-0.0364336574999999	0	0.856	0.501	-0.00381478590374998	-0.0364336574999999	ID	10000	A34	C2	1000	1000	0	0.5	300	0.03
381	-0.00147701106900005	-0.00528038839999967	0	0.953	0.917	-0.00147701106900005	-0.00528038839999967	1	10000	A34	C2	1000	1000	0	0.5	300	0.1
382	1.40961290000303e-05	0.0120308975999998	0	0.999	0.794	1.40961290000303e-05	0.0120308975999998	FGr	10000	A34	C2	1000	1000	0	0.5	300	0.1
383	0.000209992875999959	0.0131883685000005	0	0.99	0.816	0.000209992875999959	0.0131883685000005	NoCorrection	10000	A34	C2	1000	1000	0	0.5	300	0.1
384	-0.00131466506900001	0.00529165199999994	0	0.937	0.899	-0.00131466506900001	0.00529165199999994	ID	10000	A34	C2	1000	1000	0	0.5	300	0.1
385	-0.00868912919954999	-0.00868912919955	0	0.637	0.644	-0.00868912919954999	-0.00868912919955	1	300	A34	C2	1000	10000	0	0.5	300	0
386	-0.00880185575034988	-0.00880185575034998	0	0.648	0.634	-0.00880185575034988	-0.00880185575034998	FGr	300	A34	C2	1000	10000	0	0.5	300	0
387	-0.00865231194509986	-0.00865231194509993	0	0.632	0.662	-0.00865231194509986	-0.00865231194509993	NoCorrection	300	A34	C2	1000	10000	0	0.5	300	0
388	-0.00868406731775036	-0.00868406731775035	0	0.642	0.653	-0.00868406731775036	-0.00868406731775035	ID	300	A34	C2	1000	10000	0	0.5	300	0
389	0.00869560904849973	0.00869560904849976	0	0.629	0.674	0.00869560904849973	0.00869560904849976	1	300	A34	C2	1000	10000	0	0.5	300	0.01
390	0.00840279514427486	0.00840279514427482	0	0.657	0.625	0.00840279514427486	0.00840279514427482	FGr	300	A34	C2	1000	10000	0	0.5	300	0.01
391	0.00894924777763524	0.00894924777763521	0	0.627	0.616	0.00894924777763524	0.00894924777763521	NoCorrection	300	A34	C2	1000	10000	0	0.5	300	0.01
392	0.00888335217470974	0.00888335217470972	0	0.611	0.605	0.00888335217470974	0.00888335217470972	ID	300	A34	C2	1000	10000	0	0.5	300	0.01
393	0.0193036173577346	0.0193036173577346	0	0.311	0.299	0.0193036173577346	0.0193036173577346	1	300	A34	C2	1000	10000	0	0.5	300	0.03
394	0.0200516553854504	0.0200516553854504	0	0.336	0.317	0.0200516553854504	0.0200516553854504	FGr	300	A34	C2	1000	10000	0	0.5	300	0.03
395	0.0205876634843503	0.0205876634843502	0	0.305	0.293	0.0205876634843503	0.0205876634843502	NoCorrection	300	A34	C2	1000	10000	0	0.5	300	0.03
396	0.0205900239539505	0.0205900239539506	0	0.293	0.304	0.0205900239539505	0.0205900239539506	ID	300	A34	C2	1000	10000	0	0.5	300	0.03
397	-0.0126003162929755	-0.0126003162929756	0	0.523	0.536	-0.0126003162929755	-0.0126003162929756	1	300	A34	C2	1000	10000	0	0.5	300	0.1
398	-0.0119637572029501	-0.01196375720295	0	0.528	0.488	-0.0119637572029501	-0.01196375720295	FGr	300	A34	C2	1000	10000	0	0.5	300	0.1
399	-0.0128055051569848	-0.0128055051569848	0	0.52	0.512	-0.0128055051569848	-0.0128055051569848	NoCorrection	300	A34	C2	1000	10000	0	0.5	300	0.1
400	-0.0129893976241499	-0.0129893976241499	0	0.494	0.52	-0.0129893976241499	-0.0129893976241499	ID	300	A34	C2	1000	10000	0	0.5	300	0.1
401	-0.0239448284495	0.0254800369099996	0	0.28	0.455	-0.0239448284495	0.0254800369099996	1	1000	A34	C2	1000	10000	0	0.5	300	0
402	-0.02102232422853	0.0286076771449995	0	0.338	0.386	-0.02102232422853	0.0286076771449995	FGr	1000	A34	C2	1000	10000	0	0.5	300	0
403	-0.02178749354065	0.024930559005	0	0.313	0.44	-0.02178749354065	0.024930559005	NoCorrection	1000	A34	C2	1000	10000	0	0.5	300	0
404	-0.0236493285809999	0.0227609008500002	0	0.266	0.497	-0.0236493285809999	0.0227609008500002	ID	1000	A34	C2	1000	10000	0	0.5	300	0
405	0.00727661069186516	0.03912487936	0	0.751	0.228	0.00727661069186516	0.03912487936	1	1000	A34	C2	1000	10000	0	0.5	300	0.01
406	0.00758868261314965	0.0400888825450004	0	0.735	0.226	0.00758868261314965	0.0400888825450004	FGr	1000	A34	C2	1000	10000	0	0.5	300	0.01
407	0.00709255571820013	0.037855660405	0	0.746	0.262	0.00709255571820013	0.037855660405	NoCorrection	1000	A34	C2	1000	10000	0	0.5	300	0.01
408	0.00721202033745009	0.0387278518950001	0	0.745	0.223	0.00721202033745009	0.0387278518950001	ID	1000	A34	C2	1000	10000	0	0.5	300	0.01
409	0.00835055402545	0.0625503819800001	0	0.713	0.048	0.00835055402545	0.0625503819800001	1	1000	A34	C2	1000	10000	0	0.5	300	0.03
410	0.01277501470208	0.07301605631	0	0.561	0.023	0.01277501470208	0.07301605631	FGr	1000	A34	C2	1000	10000	0	0.5	300	0.03
411	0.0119345420993	0.0798697066400001	0	0.593	0.014	0.0119345420993	0.0798697066400001	NoCorrection	1000	A34	C2	1000	10000	0	0.5	300	0.03
412	0.00900437813900025	0.06855299841	0	0.684	0.031	0.00900437813900025	0.06855299841	ID	1000	A34	C2	1000	10000	0	0.5	300	0.03
413	-0.0103965896729999	-0.00408840988499937	0	0.632	0.908	-0.0103965896729999	-0.00408840988499937	1	1000	A34	C2	1000	10000	0	0.5	300	0.1
414	-0.00816206494939993	-0.00844082014999966	0	0.713	0.785	-0.00816206494939993	-0.00844082014999966	FGr	1000	A34	C2	1000	10000	0	0.5	300	0.1
415	-0.00790940111144994	-0.00735218627999986	0	0.754	0.834	-0.00790940111144994	-0.00735218627999986	NoCorrection	1000	A34	C2	1000	10000	0	0.5	300	0.1
416	-0.0102528600241	-0.000190979560000607	0	0.613	0.995	-0.0102528600241	-0.000190979560000607	ID	1000	A34	C2	1000	10000	0	0.5	300	0.1
417	-0.0304727105926002	0.0304436835099997	0	0.157	0.576	-0.0304727105926002	0.0304436835099997	1	10000	A34	C2	1000	10000	0	0.5	300	0
418	-0.0327082276169999	0.00762869845499889	0	0.118	0.873	-0.0327082276169999	0.00762869845499889	FGr	10000	A34	C2	1000	10000	0	0.5	300	0
419	-0.0323783648797999	0.0340401808000007	0	0.128	0.52	-0.0323783648797999	0.0340401808000007	NoCorrection	10000	A34	C2	1000	10000	0	0.5	300	0
420	-0.0298542686131999	0.0248881545849973	0	0.204	0.641	-0.0298542686131999	0.0248881545849973	ID	10000	A34	C2	1000	10000	0	0.5	300	0
421	0.0188963340324799	0.0311271937299993	0	0.454	0.53	0.0188963340324799	0.0311271937299993	1	10000	A34	C2	1000	10000	0	0.5	300	0.01
422	0.0163104728526	0.00494002313999967	0	0.517	0.914	0.0163104728526	0.00494002313999967	FGr	10000	A34	C2	1000	10000	0	0.5	300	0.01
423	0.0163967185856998	-0.000179115670000275	0	0.547	0.998	0.0163967185856998	-0.000179115670000275	NoCorrection	10000	A34	C2	1000	10000	0	0.5	300	0.01
424	0.0185475330293001	0.0354240316599995	0	0.488	0.478	0.0185475330293001	0.0354240316599995	ID	10000	A34	C2	1000	10000	0	0.5	300	0.01
425	-0.0227906710270997	0.0261915684999994	0	0.232	0.597	-0.0227906710270997	0.0261915684999994	1	10000	A34	C2	1000	10000	0	0.5	300	0.03
426	-0.0181506567481499	0.0396410956499999	0	0.318	0.389	-0.0181506567481499	0.0396410956499999	FGr	10000	A34	C2	1000	10000	0	0.5	300	0.03
427	-0.0181645068606498	0.0493459655000001	0	0.323	0.305	-0.0181645068606498	0.0493459655000001	NoCorrection	10000	A34	C2	1000	10000	0	0.5	300	0.03
428	-0.02336425095685	0.0307951349750012	0	0.206	0.531	-0.02336425095685	0.0307951349750012	ID	10000	A34	C2	1000	10000	0	0.5	300	0.03
429	-0.0148248414896499	0.0182456851000008	0	0.491	0.723	-0.0148248414896499	0.0182456851000008	1	10000	A34	C2	1000	10000	0	0.5	300	0.1
430	-0.0130149420445749	0.00699450319999977	0	0.569	0.89	-0.0130149420445749	0.00699450319999977	FGr	10000	A34	C2	1000	10000	0	0.5	300	0.1
431	-0.0128440523537192	0.0485832521500004	0	0.573	0.388	-0.0128440523537192	0.0485832521500004	NoCorrection	10000	A34	C2	1000	10000	0	0.5	300	0.1
432	-0.0152919387002001	0.0048389696000008	0	0.469	0.94	-0.0152919387002001	0.0048389696000008	ID	10000	A34	C2	1000	10000	0	0.5	300	0.1
433	0.001456350755	0.001456350755	0	0.889	0.891	0.001456350755	0.001456350755	1	300	A34	C2	10000	100	0	0.5	300	0
434	0.00213766907	0.00213766907	0	0.863	0.865	0.00213766907	0.00213766907	FGr	300	A34	C2	10000	100	0	0.5	300	0
435	0.00210608122000001	0.00210608122	0	0.857	0.854	0.00210608122000001	0.00210608122	NoCorrection	300	A34	C2	10000	100	0	0.5	300	0
436	0.002029848245	0.002029848245	0	0.861	0.862	0.002029848245	0.002029848245	ID	300	A34	C2	10000	100	0	0.5	300	0
437	-0.00158118853899999	-0.00158118853900001	0	0.882	0.891	-0.00158118853899999	-0.00158118853900001	1	300	A34	C2	10000	100	0	0.5	300	0.01
438	-0.00153177098540003	-0.00153177098540003	0	0.886	0.896	-0.00153177098540003	-0.00153177098540003	FGr	300	A34	C2	10000	100	0	0.5	300	0.01
439	-0.00138599185499999	-0.00138599185500001	0	0.913	0.917	-0.00138599185499999	-0.00138599185500001	NoCorrection	300	A34	C2	10000	100	0	0.5	300	0.01
440	-0.00155488363000001	-0.00155488362999999	0	0.897	0.877	-0.00155488363000001	-0.00155488362999999	ID	300	A34	C2	10000	100	0	0.5	300	0.01
441	0.008308268555	0.00830826855500002	0	0.522	0.51	0.008308268555	0.00830826855500002	1	300	A34	C2	10000	100	0	0.5	300	0.03
442	0.0083358693605	0.00833586936050001	0	0.538	0.524	0.0083358693605	0.00833586936050001	FGr	300	A34	C2	10000	100	0	0.5	300	0.03
443	0.00824657330750001	0.00824657330749997	0	0.556	0.531	0.00824657330750001	0.00824657330749997	NoCorrection	300	A34	C2	10000	100	0	0.5	300	0.03
444	0.008520555608	0.00852055560799999	0	0.481	0.52	0.008520555608	0.00852055560799999	ID	300	A34	C2	10000	100	0	0.5	300	0.03
445	-4.45683730000201e-05	-4.4568373000009e-05	0	0.998	0.997	-4.45683730000201e-05	-4.4568373000009e-05	1	300	A34	C2	10000	100	0	0.5	300	0.1
446	-0.00171371254099999	-0.00171371254099999	0	0.889	0.87	-0.00171371254099999	-0.00171371254099999	FGr	300	A34	C2	10000	100	0	0.5	300	0.1
447	-0.00169163843	-0.00169163842999999	0	0.874	0.882	-0.00169163843	-0.00169163842999999	NoCorrection	300	A34	C2	10000	100	0	0.5	300	0.1
448	-0.000402231175000016	-0.000402231175000001	0	0.976	0.977	-0.000402231175000016	-0.000402231175000001	ID	300	A34	C2	10000	100	0	0.5	300	0.1
449	-0.019257402092	-0.019963083	0	0.079	0.274	-0.019257402092	-0.019963083	1	1000	A34	C2	10000	100	0	0.5	300	0
450	-0.0185881068515	-0.021003393	0	0.103	0.261	-0.0185881068515	-0.021003393	FGr	1000	A34	C2	10000	100	0	0.5	300	0
451	-0.018583129697	-0.0209996795	0	0.089	0.26	-0.018583129697	-0.0209996795	NoCorrection	1000	A34	C2	10000	100	0	0.5	300	0
452	-0.0199221278265	-0.019627303	0	0.077	0.313	-0.0199221278265	-0.019627303	ID	1000	A34	C2	10000	100	0	0.5	300	0
453	-0.01541310282	-0.029071761	0	0.177	0.102	-0.01541310282	-0.029071761	1	1000	A34	C2	10000	100	0	0.5	300	0.01
454	-0.014566342543	-0.0307309505	0	0.232	0.104	-0.014566342543	-0.0307309505	FGr	1000	A34	C2	10000	100	0	0.5	300	0.01
455	-0.014564320102	-0.031216141	0	0.208	0.088	-0.014564320102	-0.031216141	NoCorrection	1000	A34	C2	10000	100	0	0.5	300	0.01
456	-0.01556110279	-0.0289855085	0	0.193	0.099	-0.01556110279	-0.0289855085	ID	1000	A34	C2	10000	100	0	0.5	300	0.01
457	-0.004844904195	0.0067177065	0	0.671	0.698	-0.004844904195	0.0067177065	1	1000	A34	C2	10000	100	0	0.5	300	0.03
458	-0.00343984825	0.0137787635	0	0.778	0.388	-0.00343984825	0.0137787635	FGr	1000	A34	C2	10000	100	0	0.5	300	0.03
459	-0.00343934229049999	0.0136018965	0	0.773	0.41	-0.00343934229049999	0.0136018965	NoCorrection	1000	A34	C2	10000	100	0	0.5	300	0.03
460	-0.00454813144	0.008476962	0	0.708	0.622	-0.00454813144	0.008476962	ID	1000	A34	C2	10000	100	0	0.5	300	0.03
461	0.00202242679500001	0.035124353	0	0.862	0.056	0.00202242679500001	0.035124353	1	1000	A34	C2	10000	100	0	0.5	300	0.1
462	0.00609294485600001	0.036429873	0	0.618	0.053	0.00609294485600001	0.036429873	FGr	1000	A34	C2	10000	100	0	0.5	300	0.1
463	0.00609109146899997	0.0367252535	0	0.603	0.054	0.00609109146899997	0.0367252535	NoCorrection	1000	A34	C2	10000	100	0	0.5	300	0.1
464	0.00228529946050001	0.036021287	0	0.85	0.039	0.00228529946050001	0.036021287	ID	1000	A34	C2	10000	100	0	0.5	300	0.1
465	-0.00536768761000001	-0.024877787	0	0.598	0.335	-0.00536768761000001	-0.024877787	1	10000	A34	C2	10000	100	0	0.5	300	0
466	-0.005759288125	-0.023545151	0	0.617	0.372	-0.005759288125	-0.023545151	FGr	10000	A34	C2	10000	100	0	0.5	300	0
467	-0.00538995314999998	-0.0266602265	0	0.617	0.339	-0.00538995314999998	-0.0266602265	NoCorrection	10000	A34	C2	10000	100	0	0.5	300	0
468	-0.00537710397499998	-0.0308631655	0	0.672	0.249	-0.00537710397499998	-0.0308631655	ID	10000	A34	C2	10000	100	0	0.5	300	0
469	-0.010409587577	-0.00559740950000001	0	0.381	0.834	-0.010409587577	-0.00559740950000001	1	10000	A34	C2	10000	100	0	0.5	300	0.01
470	-0.010304901879	-0.0218498075	0	0.397	0.465	-0.010304901879	-0.0218498075	FGr	10000	A34	C2	10000	100	0	0.5	300	0.01
471	-0.010189535188	-0.0178853720000001	0	0.375	0.51	-0.010189535188	-0.0178853720000001	NoCorrection	10000	A34	C2	10000	100	0	0.5	300	0.01
472	-0.0103782984735	-0.005598752	0	0.394	0.859	-0.0103782984735	-0.005598752	ID	10000	A34	C2	10000	100	0	0.5	300	0.01
473	-0.00855446784000001	-0.00222864699999999	0	0.406	0.938	-0.00855446784000001	-0.00222864699999999	1	10000	A34	C2	10000	100	0	0.5	300	0.03
474	-0.008468292845	-0.002409258	0	0.421	0.927	-0.008468292845	-0.002409258	FGr	10000	A34	C2	10000	100	0	0.5	300	0.03
475	-0.008476303415	-0.00281600949999996	0	0.436	0.923	-0.008476303415	-0.00281600949999996	NoCorrection	10000	A34	C2	10000	100	0	0.5	300	0.03
476	-0.008533947155	-0.002188265	0	0.447	0.937	-0.008533947155	-0.002188265	ID	10000	A34	C2	10000	100	0	0.5	300	0.03
477	0.010009021495	-0.033713164	0	0.343	0.265	0.010009021495	-0.033713164	1	10000	A34	C2	10000	100	0	0.5	300	0.1
478	0.0103173966025	-0.0564473695	0	0.391	0.059	0.0103173966025	-0.0564473695	FGr	10000	A34	C2	10000	100	0	0.5	300	0.1
479	0.010413872205	-0.056269157	0	0.356	0.062	0.010413872205	-0.056269157	NoCorrection	10000	A34	C2	10000	100	0	0.5	300	0.1
480	0.0100996611025	-0.0384695785	0	0.406	0.204	0.0100996611025	-0.0384695785	ID	10000	A34	C2	10000	100	0	0.5	300	0.1
481	-0.021689258744	-0.021689258744	0	0	0	-0.021689258744	-0.021689258744	1	300	A34	C2	10000	1000	0	0.5	300	0
482	-0.021708279933	-0.021708279933	0	0	0	-0.021708279933	-0.021708279933	FGr	300	A34	C2	10000	1000	0	0.5	300	0
483	-0.02177536770265	-0.02177536770265	0	0.001	0	-0.02177536770265	-0.02177536770265	NoCorrection	300	A34	C2	10000	1000	0	0.5	300	0
484	-0.0219326395975	-0.0219326395975001	0	0	0	-0.0219326395975	-0.0219326395975001	ID	300	A34	C2	10000	1000	0	0.5	300	0
485	-0.007829116769	-0.007829116769	0	0.21	0.222	-0.007829116769	-0.007829116769	1	300	A34	C2	10000	1000	0	0.5	300	0.01
486	-0.00782410366171499	-0.00782410366171501	0	0.216	0.211	-0.00782410366171499	-0.00782410366171501	FGr	300	A34	C2	10000	1000	0	0.5	300	0.01
487	-0.00783631432249999	-0.00783631432249999	0	0.239	0.206	-0.00783631432249999	-0.00783631432249999	NoCorrection	300	A34	C2	10000	1000	0	0.5	300	0.01
488	-0.00782053786349995	-0.00782053786349997	0	0.224	0.232	-0.00782053786349995	-0.00782053786349997	ID	300	A34	C2	10000	1000	0	0.5	300	0.01
489	-8.80227314999785e-05	-8.80227314999776e-05	0	0.989	0.988	-8.80227314999785e-05	-8.80227314999776e-05	1	300	A34	C2	10000	1000	0	0.5	300	0.03
490	7.36780479999923e-05	7.36780479999887e-05	0	0.995	0.99	7.36780479999923e-05	7.36780479999887e-05	FGr	300	A34	C2	10000	1000	0	0.5	300	0.03
491	0.000228869088299993	0.000228869088299988	0	0.981	0.969	0.000228869088299993	0.000228869088299988	NoCorrection	300	A34	C2	10000	1000	0	0.5	300	0.03
492	7.86410129999636e-05	7.86410129999751e-05	0	0.993	0.987	7.86410129999636e-05	7.86410129999751e-05	ID	300	A34	C2	10000	1000	0	0.5	300	0.03
493	-0.00254969302949999	-0.0025496930295	0	0.683	0.711	-0.00254969302949999	-0.0025496930295	1	300	A34	C2	10000	1000	0	0.5	300	0.1
494	-0.001266618764	-0.001266618764	0	0.869	0.86	-0.001266618764	-0.001266618764	FGr	300	A34	C2	10000	1000	0	0.5	300	0.1
495	-0.001263228628	-0.001263228628	0	0.855	0.857	-0.001263228628	-0.001263228628	NoCorrection	300	A34	C2	10000	1000	0	0.5	300	0.1
496	-0.00192640498150001	-0.0019264049815	0	0.761	0.798	-0.00192640498150001	-0.0019264049815	ID	300	A34	C2	10000	1000	0	0.5	300	0.1
497	0.00803767904875	-0.0109934608	0	0.198	0.289	0.00803767904875	-0.0109934608	1	1000	A34	C2	10000	1000	0	0.5	300	0
498	0.0079810644574	-0.01038031185	0	0.206	0.321	0.0079810644574	-0.01038031185	FGr	1000	A34	C2	10000	1000	0	0.5	300	0
499	0.008009742689	-0.0113309407	0	0.198	0.276	0.008009742689	-0.0113309407	NoCorrection	1000	A34	C2	10000	1000	0	0.5	300	0
500	0.008364538115	-0.00851169695000003	0	0.175	0.468	0.008364538115	-0.00851169695000003	ID	1000	A34	C2	10000	1000	0	0.5	300	0
501	0.00233371974100002	0.00248526544999999	0	0.707	0.792	0.00233371974100002	0.00248526544999999	1	1000	A34	C2	10000	1000	0	0.5	300	0.01
502	0.00341678407830003	0.00190691629999999	0	0.585	0.852	0.00341678407830003	0.00190691629999999	FGr	1000	A34	C2	10000	1000	0	0.5	300	0.01
503	0.00340446186509998	0.0025996783	0	0.568	0.812	0.00340446186509998	0.0025996783	NoCorrection	1000	A34	C2	10000	1000	0	0.5	300	0.01
504	0.00215271264249993	0.0026853432	0	0.727	0.765	0.00215271264249993	0.0026853432	ID	1000	A34	C2	10000	1000	0	0.5	300	0.01
505	-0.0025438802375	0.00336924185000003	0	0.663	0.76	-0.0025438802375	0.00336924185000003	1	1000	A34	C2	10000	1000	0	0.5	300	0.03
506	-0.00239550029280003	0.00386449619999996	0	0.671	0.717	-0.00239550029280003	0.00386449619999996	FGr	1000	A34	C2	10000	1000	0	0.5	300	0.03
507	-0.00233170545649997	0.00483519095	0	0.698	0.661	-0.00233170545649997	0.00483519095	NoCorrection	1000	A34	C2	10000	1000	0	0.5	300	0.03
508	-0.00267842908	0.00323961969999999	0	0.63	0.74	-0.00267842908	0.00323961969999999	ID	1000	A34	C2	10000	1000	0	0.5	300	0.03
509	-0.00341212545649998	-0.00266968490000002	0	0.659	0.82	-0.00341212545649998	-0.00266968490000002	1	1000	A34	C2	10000	1000	0	0.5	300	0.1
510	-0.000788337910560031	0.00373481729999991	0	0.918	0.716	-0.000788337910560031	0.00373481729999991	FGr	1000	A34	C2	10000	1000	0	0.5	300	0.1
511	-0.000711863720400003	0.00279143779999995	0	0.922	0.812	-0.000711863720400003	0.00279143779999995	NoCorrection	1000	A34	C2	10000	1000	0	0.5	300	0.1
512	-0.00372414430499996	-0.00305039185	0	0.577	0.774	-0.00372414430499996	-0.00305039185	ID	1000	A34	C2	10000	1000	0	0.5	300	0.1
513	0.0032111596077	0.0178441183	0	0.576	0.291	0.0032111596077	0.0178441183	1	10000	A34	C2	10000	1000	0	0.5	300	0
514	0.0031353874873	0.01411711365	0	0.605	0.401	0.0031353874873	0.01411711365	FGr	10000	A34	C2	10000	1000	0	0.5	300	0
515	0.0031544074455	0.0149365572499997	0	0.599	0.362	0.0031544074455	0.0149365572499997	NoCorrection	10000	A34	C2	10000	1000	0	0.5	300	0
516	0.00316174340600001	0.0142217866999998	0	0.597	0.409	0.00316174340600001	0.0142217866999998	ID	10000	A34	C2	10000	1000	0	0.5	300	0
517	-0.00227512051589994	0.0220163517499999	0	0.729	0.185	-0.00227512051589994	0.0220163517499999	1	10000	A34	C2	10000	1000	0	0.5	300	0.01
518	-0.00257036809319996	0.0240175168	0	0.677	0.149	-0.00257036809319996	0.0240175168	FGr	10000	A34	C2	10000	1000	0	0.5	300	0.01
519	-0.00250565210069998	0.0265558447500001	0	0.689	0.107	-0.00250565210069998	0.0265558447500001	NoCorrection	10000	A34	C2	10000	1000	0	0.5	300	0.01
520	-0.00225882120799999	0.021681345	0	0.705	0.209	-0.00225882120799999	0.021681345	ID	10000	A34	C2	10000	1000	0	0.5	300	0.01
521	-0.00344380607984997	0.0169121042	0	0.585	0.336	-0.00344380607984997	0.0169121042	1	10000	A34	C2	10000	1000	0	0.5	300	0.03
522	-0.00385798389399999	0.03141803215	0	0.532	0.082	-0.00385798389399999	0.03141803215	FGr	10000	A34	C2	10000	1000	0	0.5	300	0.03
523	-0.00380169251600001	0.0306522792499999	0	0.547	0.091	-0.00380169251600001	0.0306522792499999	NoCorrection	10000	A34	C2	10000	1000	0	0.5	300	0.03
524	-0.00344050224846499	0.0150971634	0	0.601	0.408	-0.00344050224846499	0.0150971634	ID	10000	A34	C2	10000	1000	0	0.5	300	0.03
525	-0.000656424345099991	0.0210697134499999	0	0.919	0.253	-0.000656424345099991	0.0210697134499999	1	10000	A34	C2	10000	1000	0	0.5	300	0.1
526	-0.00157286226414998	0.0154252746	0	0.826	0.469	-0.00157286226414998	0.0154252746	FGr	10000	A34	C2	10000	1000	0	0.5	300	0.1
527	-0.00152541498095002	0.0131260475	0	0.804	0.517	-0.00152541498095002	0.0131260475	NoCorrection	10000	A34	C2	10000	1000	0	0.5	300	0.1
528	-0.00060772262299997	0.0268348291	0	0.917	0.157	-0.00060772262299997	0.0268348291	ID	10000	A34	C2	10000	1000	0	0.5	300	0.1
529	-0.00453674459372	-0.00453674459371998	0	0.471	0.52	-0.00453674459372	-0.00453674459371998	1	300	A34	C2	10000	10000	0	0.5	300	0
530	-0.00456216284284993	-0.00456216284284993	0	0.507	0.493	-0.00456216284284993	-0.00456216284284993	FGr	300	A34	C2	10000	10000	0	0.5	300	0
531	-0.00456155736094997	-0.00456155736094999	0	0.49	0.489	-0.00456155736094997	-0.00456155736094999	NoCorrection	300	A34	C2	10000	10000	0	0.5	300	0
532	-0.00451614518745761	-0.00451614518745762	0	0.511	0.494	-0.00451614518745761	-0.00451614518745762	ID	300	A34	C2	10000	10000	0	0.5	300	0
533	-0.00937278194644998	-0.00937278194645	0	0.14	0.158	-0.00937278194644998	-0.00937278194645	1	300	A34	C2	10000	10000	0	0.5	300	0.01
534	-0.0096032694691299	-0.0096032694691299	0	0.141	0.154	-0.0096032694691299	-0.0096032694691299	FGr	300	A34	C2	10000	10000	0	0.5	300	0.01
535	-0.00960742953346005	-0.00960742953346005	0	0.143	0.157	-0.00960742953346005	-0.00960742953346005	NoCorrection	300	A34	C2	10000	10000	0	0.5	300	0.01
536	-0.00957920415749998	-0.00957920415749997	0	0.129	0.16	-0.00957920415749998	-0.00957920415749997	ID	300	A34	C2	10000	10000	0	0.5	300	0.01
537	0.00321507654857997	0.00321507654857997	0	0.617	0.57	0.00321507654857997	0.00321507654857997	1	300	A34	C2	10000	10000	0	0.5	300	0.03
538	0.00348884711096997	0.00348884711096997	0	0.587	0.61	0.00348884711096997	0.00348884711096997	FGr	300	A34	C2	10000	10000	0	0.5	300	0.03
539	0.00349527379976998	0.00349527379976998	0	0.591	0.607	0.00349527379976998	0.00349527379976998	NoCorrection	300	A34	C2	10000	10000	0	0.5	300	0.03
540	0.00337485474360001	0.00337485474360001	0	0.603	0.571	0.00337485474360001	0.00337485474360001	ID	300	A34	C2	10000	10000	0	0.5	300	0.03
541	-0.01115171241987	-0.01115171241987	0	0.05	0.048	-0.01115171241987	-0.01115171241987	1	300	A34	C2	10000	10000	0	0.5	300	0.1
542	-0.010734630792075	-0.010734630792075	0	0.062	0.083	-0.010734630792075	-0.010734630792075	FGr	300	A34	C2	10000	10000	0	0.5	300	0.1
543	-0.010733492683285	-0.010733492683285	0	0.065	0.059	-0.010733492683285	-0.010733492683285	NoCorrection	300	A34	C2	10000	10000	0	0.5	300	0.1
544	-0.011080308586047	-0.011080308586047	0	0.054	0.059	-0.011080308586047	-0.011080308586047	ID	300	A34	C2	10000	10000	0	0.5	300	0.1
545	-0.00714076695362512	-0.0135958379800001	0	0.191	0.173	-0.00714076695362512	-0.0135958379800001	1	1000	A34	C2	10000	10000	0	0.5	300	0
546	-0.00694612458926002	-0.0139226378299997	0	0.203	0.169	-0.00694612458926002	-0.0139226378299997	FGr	1000	A34	C2	10000	10000	0	0.5	300	0
547	-0.00710948053742288	-0.0131357466099998	0	0.212	0.197	-0.00710948053742288	-0.0131357466099998	NoCorrection	1000	A34	C2	10000	10000	0	0.5	300	0
548	-0.00717549040296004	-0.0132583976999999	0	0.202	0.18	-0.00717549040296004	-0.0132583976999999	ID	1000	A34	C2	10000	10000	0	0.5	300	0
549	-0.00503462807214003	-0.010728839025	0	0.358	0.34	-0.00503462807214003	-0.010728839025	1	1000	A34	C2	10000	10000	0	0.5	300	0.01
550	-0.00471556805157501	-0.00581101302500005	0	0.432	0.622	-0.00471556805157501	-0.00581101302500005	FGr	1000	A34	C2	10000	10000	0	0.5	300	0.01
551	-0.00466276874073509	-0.00577117928999995	0	0.451	0.572	-0.00466276874073509	-0.00577117928999995	NoCorrection	1000	A34	C2	10000	10000	0	0.5	300	0.01
552	-0.00501316305954994	-0.00958160400499992	0	0.376	0.343	-0.00501316305954994	-0.00958160400499992	ID	1000	A34	C2	10000	10000	0	0.5	300	0.01
553	-0.00411834642276597	-0.000306206425000012	0	0.511	0.966	-0.00411834642276597	-0.000306206425000012	1	1000	A34	C2	10000	10000	0	0.5	300	0.03
554	-0.00358692721546655	-0.00212050356	0	0.584	0.831	-0.00358692721546655	-0.00212050356	FGr	1000	A34	C2	10000	10000	0	0.5	300	0.03
555	-0.00367230664795014	-0.00209137080000008	0	0.583	0.841	-0.00367230664795014	-0.00209137080000008	NoCorrection	1000	A34	C2	10000	10000	0	0.5	300	0.03
556	-0.00403111453570498	-0.000666575355000047	0	0.499	0.936	-0.00403111453570498	-0.000666575355000047	ID	1000	A34	C2	10000	10000	0	0.5	300	0.03
557	-0.00225352948477516	0.00759243856499992	0	0.701	0.48	-0.00225352948477516	0.00759243856499992	1	1000	A34	C2	10000	10000	0	0.5	300	0.1
558	-0.00145021955323987	0.00480509207999986	0	0.816	0.684	-0.00145021955323987	0.00480509207999986	FGr	1000	A34	C2	10000	10000	0	0.5	300	0.1
559	-0.00127937355732992	0.00520519821000024	0	0.864	0.65	-0.00127937355732992	0.00520519821000024	NoCorrection	1000	A34	C2	10000	10000	0	0.5	300	0.1
560	-0.00207703548560007	0.00668218131999989	0	0.745	0.528	-0.00207703548560007	0.00668218131999989	ID	1000	A34	C2	10000	10000	0	0.5	300	0.1
561	0.00533929908885002	-0.00460690797	0	0.314	0.756	0.00533929908885002	-0.00460690797	1	10000	A34	C2	10000	10000	0	0.5	300	0
562	0.00613055460856501	-0.00758087163999993	0	0.269	0.599	0.00613055460856501	-0.00758087163999993	FGr	10000	A34	C2	10000	10000	0	0.5	300	0
563	0.00613314025086	-0.00573631512500005	0	0.276	0.668	0.00613314025086	-0.00573631512500005	NoCorrection	10000	A34	C2	10000	10000	0	0.5	300	0
564	0.00546116098672499	-0.0068807899249999	0	0.322	0.67	0.00546116098672499	-0.0068807899249999	ID	10000	A34	C2	10000	10000	0	0.5	300	0
565	0.00483123024606999	0.00280659526999966	0	0.46	0.853	0.00483123024606999	0.00280659526999966	1	10000	A34	C2	10000	10000	0	0.5	300	0.01
566	0.00455691004089999	0.00192812305499989	0	0.492	0.905	0.00455691004089999	0.00192812305499989	FGr	10000	A34	C2	10000	10000	0	0.5	300	0.01
567	0.00455763553995	0.0019294922550002	0	0.485	0.921	0.00455763553995	0.0019294922550002	NoCorrection	10000	A34	C2	10000	10000	0	0.5	300	0.01
568	0.00493044344414996	0.00260900934000005	0	0.457	0.861	0.00493044344414996	0.00260900934000005	ID	10000	A34	C2	10000	10000	0	0.5	300	0.01
569	-0.00661030691797471	0.00633827008499977	0	0.217	0.654	-0.00661030691797471	0.00633827008499977	1	10000	A34	C2	10000	10000	0	0.5	300	0.03
570	-0.00784599962984993	0.00829366572500007	0	0.147	0.597	-0.00784599962984993	0.00829366572500007	FGr	10000	A34	C2	10000	10000	0	0.5	300	0.03
571	-0.0078387531982499	0.00749602770500007	0	0.155	0.641	-0.0078387531982499	0.00749602770500007	NoCorrection	10000	A34	C2	10000	10000	0	0.5	300	0.03
572	-0.00662087828975514	0.00477923336499995	0	0.186	0.778	-0.00662087828975514	0.00477923336499995	ID	10000	A34	C2	10000	10000	0	0.5	300	0.03
573	0.00264728347854006	0.024303308705	0	0.67	0.126	0.00264728347854006	0.024303308705	1	10000	A34	C2	10000	10000	0	0.5	300	0.1
574	-0.0013948576349002	0.033693632625	0	0.817	0.05	-0.0013948576349002	0.033693632625	FGr	10000	A34	C2	10000	10000	0	0.5	300	0.1
575	-0.00138279822264978	0.036907383245	0	0.829	0.025	-0.00138279822264978	0.036907383245	NoCorrection	10000	A34	C2	10000	10000	0	0.5	300	0.1
576	0.00285272479550947	0.03006564987	0	0.656	0.08	0.00285272479550947	0.03006564987	ID	10000	A34	C2	10000	10000	0	0.5	300	0.1
