	c-q	nc-q	true-q	c-p	nc-p	c-bias	nc-bias	type	L	rep	config	gwas_size	test_size	h2	ts	num_causal	env
1	0.000779393933999991	0.000779393933999992	0	0.983	0.982	0.000779393933999991	0.000779393933999992	1	300	A36	C1	1000	100	0	0.5	300	0
2	0.041406046785	0.041406046785	0	0.309	0.28	0.041406046785	0.041406046785	FGr	300	A36	C1	1000	100	0	0.5	300	0
3	0.041195206465	0.041195206465	0	0.299	0.282	0.041195206465	0.041195206465	NoCorrection	300	A36	C1	1000	100	0	0.5	300	0
4	-0.01855369213	-0.01855369213	0	0.623	0.639	-0.01855369213	-0.01855369213	ID	300	A36	C1	1000	100	0	0.5	300	0
5	-0.04958842773	-0.04958842773	0	0.19	0.193	-0.04958842773	-0.04958842773	1	300	A36	C1	1000	100	0	0.5	300	0.1
6	-0.032145183603	-0.032145183603	0	0.392	0.367	-0.032145183603	-0.032145183603	FGr	300	A36	C1	1000	100	0	0.5	300	0.1
7	-0.00539445446999997	-0.00539445446999996	0	0.866	0.891	-0.00539445446999997	-0.00539445446999996	NoCorrection	300	A36	C1	1000	100	0	0.5	300	0.1
8	-0.05773296309	-0.05773296309	0	0.139	0.111	-0.05773296309	-0.05773296309	ID	300	A36	C1	1000	100	0	0.5	300	0.1
9	-0.05366128099	-0.05366128099	0	0.198	0.178	-0.05366128099	-0.05366128099	1	300	A36	C1	1000	100	0	0.5	300	0.5
10	0.04287450968	0.04287450968	0	0.266	0.285	0.04287450968	0.04287450968	FGr	300	A36	C1	1000	100	0	0.5	300	0.5
11	0.12342025108	0.12342025108	0	0.004	0.002	0.12342025108	0.12342025108	NoCorrection	300	A36	C1	1000	100	0	0.5	300	0.5
12	-0.073296939598	-0.073296939598	0	0.066	0.07	-0.073296939598	-0.073296939598	ID	300	A36	C1	1000	100	0	0.5	300	0.5
13	0.109624276725	0.109624276725	0	0.011	0.016	0.109624276725	0.109624276725	1	300	A36	C1	1000	100	0	0.5	300	1
14	0.3693235607955	0.3693235607955	0	0	0	0.3693235607955	0.3693235607955	FGr	300	A36	C1	1000	100	0	0.5	300	1
15	0.493920700155	0.493920700155	0	0	0	0.493920700155	0.493920700155	NoCorrection	300	A36	C1	1000	100	0	0.5	300	1
16	0.080196357075	0.080196357075	0	0.071	0.054	0.080196357075	0.080196357075	ID	300	A36	C1	1000	100	0	0.5	300	1
17	0.04418354025	0.032035326	0	0.303	0.641	0.04418354025	0.032035326	1	1000	A36	C1	1000	100	0	0.5	300	0
18	0.01129931369	-0.036586071	0	0.808	0.584	0.01129931369	-0.036586071	FGr	1000	A36	C1	1000	100	0	0.5	300	0
19	0.03591220989	0.027807558	0	0.421	0.649	0.03591220989	0.027807558	NoCorrection	1000	A36	C1	1000	100	0	0.5	300	0
20	0.0290060203	0.008085332	0	0.55	0.894	0.0290060203	0.008085332	ID	1000	A36	C1	1000	100	0	0.5	300	0
21	-0.022056417313	-0.083330875	0	0.6	0.218	-0.022056417313	-0.083330875	1	1000	A36	C1	1000	100	0	0.5	300	0.1
22	-0.0247330941	-0.097065355	0	0.562	0.129	-0.0247330941	-0.097065355	FGr	1000	A36	C1	1000	100	0	0.5	300	0.1
23	-0.00792575963999998	-0.065022398	0	0.856	0.302	-0.00792575963999998	-0.065022398	NoCorrection	1000	A36	C1	1000	100	0	0.5	300	0.1
24	-0.01734283311	-0.086589929	0	0.715	0.17	-0.01734283311	-0.086589929	ID	1000	A36	C1	1000	100	0	0.5	300	0.1
25	-0.00145352845999997	-0.036730948	0	0.965	0.543	-0.00145352845999997	-0.036730948	1	1000	A36	C1	1000	100	0	0.5	300	0.5
26	0.1104567832375	0.2122057125	0	0.01	0.004	0.1104567832375	0.2122057125	FGr	1000	A36	C1	1000	100	0	0.5	300	0.5
27	0.243681033245	0.579049842	0	0	0	0.243681033245	0.579049842	NoCorrection	1000	A36	C1	1000	100	0	0.5	300	0.5
28	0.01185889651	-0.0290065435	0	0.768	0.631	0.01185889651	-0.0290065435	ID	1000	A36	C1	1000	100	0	0.5	300	0.5
29	0.00681069399499994	0.00550718300000006	0	0.878	0.926	0.00681069399499994	0.00550718300000006	1	1000	A36	C1	1000	100	0	0.5	300	1
30	0.245930179985	0.56779043	0	0	0	0.245930179985	0.56779043	FGr	1000	A36	C1	1000	100	0	0.5	300	1
31	0.47478144901	1.064353032	0	0	0	0.47478144901	1.064353032	NoCorrection	1000	A36	C1	1000	100	0	0.5	300	1
32	0.01886119097	0.019116495	0	0.665	0.782	0.01886119097	0.019116495	ID	1000	A36	C1	1000	100	0	0.5	300	1
33	0.0429434538	0.0203822445	0	0.321	0.84	0.0429434538	0.0203822445	1	10000	A36	C1	1000	100	0	0.5	300	0
34	0.04591237284	0.0404790090000002	0	0.302	0.718	0.04591237284	0.0404790090000002	FGr	10000	A36	C1	1000	100	0	0.5	300	0
35	0.03105847205	-0.045245558	0	0.455	0.66	0.03105847205	-0.045245558	NoCorrection	10000	A36	C1	1000	100	0	0.5	300	0
36	0.04519612053	0.032966519	0	0.277	0.758	0.04519612053	0.032966519	ID	10000	A36	C1	1000	100	0	0.5	300	0
37	-0.00181073263499998	-0.0745419489999998	0	0.957	0.464	-0.00181073263499998	-0.0745419489999998	1	10000	A36	C1	1000	100	0	0.5	300	0.1
38	0.00207541228999	-0.045023789	0	0.948	0.657	0.00207541228999	-0.045023789	FGr	10000	A36	C1	1000	100	0	0.5	300	0.1
39	0.017053623575	0.107391747	0	0.632	0.308	0.017053623575	0.107391747	NoCorrection	10000	A36	C1	1000	100	0	0.5	300	0.1
40	-0.00024685882799993	-0.0707382184999999	0	0.994	0.469	-0.00024685882799993	-0.0707382184999999	ID	10000	A36	C1	1000	100	0	0.5	300	0.1
41	0.090273972055	0.12958704	0	0.067	0.213	0.090273972055	0.12958704	1	10000	A36	C1	1000	100	0	0.5	300	0.5
42	0.10112796697	0.24437244	0	0.042	0.018	0.10112796697	0.24437244	FGr	10000	A36	C1	1000	100	0	0.5	300	0.5
43	0.322162418349	1.38173042	0	0	0	0.322162418349	1.38173042	NoCorrection	10000	A36	C1	1000	100	0	0.5	300	0.5
44	0.086710063375	0.09067279	0	0.084	0.366	0.086710063375	0.09067279	ID	10000	A36	C1	1000	100	0	0.5	300	0.5
45	-0.08205709509	-0.00880161500000007	0	0.034	0.941	-0.08205709509	-0.00880161500000007	1	10000	A36	C1	1000	100	0	0.5	300	1
46	-0.0553019592505	0.1692184385	0	0.167	0.098	-0.0553019592505	0.1692184385	FGr	10000	A36	C1	1000	100	0	0.5	300	1
47	0.23848036914	1.63688061	0	0	0	0.23848036914	1.63688061	NoCorrection	10000	A36	C1	1000	100	0	0.5	300	1
48	-0.0844249063000001	0.00962143849999997	0	0.023	0.926	-0.0844249063000001	0.00962143849999997	ID	10000	A36	C1	1000	100	0	0.5	300	1
49	0.00482055296399997	0.00482055296399997	0	0.897	0.9	0.00482055296399997	0.00482055296399997	1	300	A36	C1	1000	1000	0	0.5	300	0
50	0.0483238274289999	0.048323827429	0	0.138	0.133	0.0483238274289999	0.048323827429	FGr	300	A36	C1	1000	1000	0	0.5	300	0
51	0.0333909278985	0.0333909278985	0	0.291	0.292	0.0333909278985	0.0333909278985	NoCorrection	300	A36	C1	1000	1000	0	0.5	300	0
52	0.0177271663650001	0.0177271663650001	0	0.572	0.568	0.0177271663650001	0.0177271663650001	ID	300	A36	C1	1000	1000	0	0.5	300	0
53	-0.00795790246300007	-0.00795790246300004	0	0.795	0.792	-0.00795790246300007	-0.00795790246300004	1	300	A36	C1	1000	1000	0	0.5	300	0.1
54	0.043298422381	0.043298422381	0	0.15	0.175	0.043298422381	0.043298422381	FGr	300	A36	C1	1000	1000	0	0.5	300	0.1
55	0.07011566577953	0.07011566577953	0	0.019	0.028	0.07011566577953	0.07011566577953	NoCorrection	300	A36	C1	1000	1000	0	0.5	300	0.1
56	0.0210447213995	0.0210447213995	0	0.508	0.53	0.0210447213995	0.0210447213995	ID	300	A36	C1	1000	1000	0	0.5	300	0.1
57	0.0101162001760001	0.0101162001760001	0	0.714	0.739	0.0101162001760001	0.0101162001760001	1	300	A36	C1	1000	1000	0	0.5	300	0.5
58	0.126067134214	0.126067134214	0	0	0	0.126067134214	0.126067134214	FGr	300	A36	C1	1000	1000	0	0.5	300	0.5
59	0.1807500724685	0.1807500724685	0	0	0	0.1807500724685	0.1807500724685	NoCorrection	300	A36	C1	1000	1000	0	0.5	300	0.5
60	0.0218064780475004	0.0218064780475004	0	0.447	0.447	0.0218064780475004	0.0218064780475004	ID	300	A36	C1	1000	1000	0	0.5	300	0.5
61	0.0163864722591999	0.0163864722591999	0	0.58	0.602	0.0163864722591999	0.0163864722591999	1	300	A36	C1	1000	1000	0	0.5	300	1
62	0.281106572866	0.281106572866	0	0	0	0.281106572866	0.281106572866	FGr	300	A36	C1	1000	1000	0	0.5	300	1
63	0.385993018684	0.385993018684	0	0	0	0.385993018684	0.385993018684	NoCorrection	300	A36	C1	1000	1000	0	0.5	300	1
64	0.0618374687440002	0.0618374687440002	0	0.05	0.047	0.0618374687440002	0.0618374687440002	ID	300	A36	C1	1000	1000	0	0.5	300	1
65	-0.067351837567	-0.0701701136500001	0	0.009	0.103	-0.067351837567	-0.0701701136500001	1	1000	A36	C1	1000	1000	0	0.5	300	0
66	-0.0561805724545001	-0.0435863001	0	0.029	0.289	-0.0561805724545001	-0.0435863001	FGr	1000	A36	C1	1000	1000	0	0.5	300	0
67	-0.04446946607815	-0.0160752965000001	0	0.078	0.686	-0.04446946607815	-0.0160752965000001	NoCorrection	1000	A36	C1	1000	1000	0	0.5	300	0
68	-0.0573378639885	-0.0484661591	0	0.023	0.243	-0.0573378639885	-0.0484661591	ID	1000	A36	C1	1000	1000	0	0.5	300	0
69	0.020071075587	-0.00950505335000003	0	0.482	0.854	0.020071075587	-0.00950505335000003	1	1000	A36	C1	1000	1000	0	0.5	300	0.1
70	0.039297418286	0.0551207693499999	0	0.163	0.225	0.039297418286	0.0551207693499999	FGr	1000	A36	C1	1000	1000	0	0.5	300	0.1
71	0.0879921643064999	0.1668910798	0	0.002	0	0.0879921643064999	0.1668910798	NoCorrection	1000	A36	C1	1000	1000	0	0.5	300	0.1
72	0.014569107225	-0.0280058508499999	0	0.6	0.522	0.014569107225	-0.0280058508499999	ID	1000	A36	C1	1000	1000	0	0.5	300	0.1
73	-0.0263785655964999	-0.0720085912499998	0	0.309	0.074	-0.0263785655964999	-0.0720085912499998	1	1000	A36	C1	1000	1000	0	0.5	300	0.5
74	0.0220651831725002	0.07106213615	0	0.436	0.095	0.0220651831725002	0.07106213615	FGr	1000	A36	C1	1000	1000	0	0.5	300	0.5
75	0.1175258781585	0.29465122575	0	0.001	0	0.1175258781585	0.29465122575	NoCorrection	1000	A36	C1	1000	1000	0	0.5	300	0.5
76	-0.023424176329	-0.0558686916999999	0	0.318	0.179	-0.023424176329	-0.0558686916999999	ID	1000	A36	C1	1000	1000	0	0.5	300	0.5
77	-0.00750610002500002	-0.00329110460000018	0	0.788	0.935	-0.00750610002500002	-0.00329110460000018	1	1000	A36	C1	1000	1000	0	0.5	300	1
78	0.11829382498	0.35569369125	0	0	0	0.11829382498	0.35569369125	FGr	1000	A36	C1	1000	1000	0	0.5	300	1
79	0.326968811133	0.88769438485	0	0	0	0.326968811133	0.88769438485	NoCorrection	1000	A36	C1	1000	1000	0	0.5	300	1
80	-0.00746391861850007	0.00364220769999997	0	0.803	0.945	-0.00746391861850007	0.00364220769999997	ID	1000	A36	C1	1000	1000	0	0.5	300	1
81	0.00661921917500002	0.0937498315999999	0	0.831	0.172	0.00661921917500002	0.0937498315999999	1	10000	A36	C1	1000	1000	0	0.5	300	0
82	-0.000689322536500103	0.0213003054500003	0	0.981	0.781	-0.000689322536500103	0.0213003054500003	FGr	10000	A36	C1	1000	1000	0	0.5	300	0
83	0.0084468804989999	0.11110720675	0	0.783	0.125	0.0084468804989999	0.11110720675	NoCorrection	10000	A36	C1	1000	1000	0	0.5	300	0
84	0.00290457279459975	0.0568615061000009	0	0.927	0.439	0.00290457279459975	0.0568615061000009	ID	10000	A36	C1	1000	1000	0	0.5	300	0
85	-0.00728217226779998	-0.0817732133	0	0.824	0.243	-0.00728217226779998	-0.0817732133	1	10000	A36	C1	1000	1000	0	0.5	300	0.1
86	0.0012350756955	-0.01086590765	0	0.964	0.863	0.0012350756955	-0.01086590765	FGr	10000	A36	C1	1000	1000	0	0.5	300	0.1
87	0.022172714171	0.1388610713	0	0.444	0.048	0.022172714171	0.1388610713	NoCorrection	10000	A36	C1	1000	1000	0	0.5	300	0.1
88	-0.00315336720299999	-0.0566604277999998	0	0.924	0.431	-0.00315336720299999	-0.0566604277999998	ID	10000	A36	C1	1000	1000	0	0.5	300	0.1
89	-0.00150300430549999	0.1182716645	0	0.945	0.096	-0.00150300430549999	0.1182716645	1	10000	A36	C1	1000	1000	0	0.5	300	0.5
90	0.016282711406	0.1919424749	0	0.461	0.008	0.016282711406	0.1919424749	FGr	10000	A36	C1	1000	1000	0	0.5	300	0.5
91	0.197370012722	1.1981654295	0	0	0	0.197370012722	1.1981654295	NoCorrection	10000	A36	C1	1000	1000	0	0.5	300	0.5
92	0.003444234548	0.0833024210499999	0	0.889	0.25	0.003444234548	0.0833024210499999	ID	10000	A36	C1	1000	1000	0	0.5	300	0.5
93	0.027413418544	-0.0723488155	0	0.29	0.293	0.027413418544	-0.0723488155	1	10000	A36	C1	1000	1000	0	0.5	300	1
94	0.037858053926	-0.00685481599999997	0	0.159	0.917	0.037858053926	-0.00685481599999997	FGr	10000	A36	C1	1000	1000	0	0.5	300	1
95	0.3712798398143	1.89574863	0	0	0	0.3712798398143	1.89574863	NoCorrection	10000	A36	C1	1000	1000	0	0.5	300	1
96	0.032837381324	-0.1292386225	0	0.197	0.059	0.032837381324	-0.1292386225	ID	10000	A36	C1	1000	1000	0	0.5	300	1
97	0.0400226272027003	0.0400226272027003	0	0.076	0.086	0.0400226272027003	0.0400226272027003	1	300	A36	C1	1000	10000	0	0.5	300	0
98	0.0549482415415501	0.05494824154155	0	0.02	0.021	0.0549482415415501	0.05494824154155	FGr	300	A36	C1	1000	10000	0	0.5	300	0
99	0.0377852718843501	0.0377852718843501	0	0.088	0.113	0.0377852718843501	0.0377852718843501	NoCorrection	300	A36	C1	1000	10000	0	0.5	300	0
100	0.0490076861406426	0.0490076861406426	0	0.038	0.046	0.0490076861406426	0.0490076861406426	ID	300	A36	C1	1000	10000	0	0.5	300	0
101	-0.00859023614389995	-0.00859023614389994	0	0.748	0.745	-0.00859023614389995	-0.00859023614389994	1	300	A36	C1	1000	10000	0	0.5	300	0.1
102	-0.017139675343	-0.017139675343	0	0.503	0.497	-0.017139675343	-0.017139675343	FGr	300	A36	C1	1000	10000	0	0.5	300	0.1
103	0.0024479991743001	0.00244799917430009	0	0.922	0.908	0.0024479991743001	0.00244799917430009	NoCorrection	300	A36	C1	1000	10000	0	0.5	300	0.1
104	-0.0213415720642999	-0.0213415720642999	0	0.376	0.374	-0.0213415720642999	-0.0213415720642999	ID	300	A36	C1	1000	10000	0	0.5	300	0.1
105	-0.01810637354015	-0.01810637354015	0	0.509	0.492	-0.01810637354015	-0.01810637354015	1	300	A36	C1	1000	10000	0	0.5	300	0.5
106	0.0480549871982399	0.0480549871982399	0	0.074	0.089	0.0480549871982399	0.0480549871982399	FGr	300	A36	C1	1000	10000	0	0.5	300	0.5
107	0.13390653415405	0.13390653415405	0	0	0	0.13390653415405	0.13390653415405	NoCorrection	300	A36	C1	1000	10000	0	0.5	300	0.5
108	-0.0385538890011001	-0.0385538890011001	0	0.144	0.153	-0.0385538890011001	-0.0385538890011001	ID	300	A36	C1	1000	10000	0	0.5	300	0.5
109	0.0273528774541249	0.0273528774541249	0	0.335	0.354	0.0273528774541249	0.0273528774541249	1	300	A36	C1	1000	10000	0	0.5	300	1
110	0.201362301577115	0.201362301577115	0	0	0	0.201362301577115	0.201362301577115	FGr	300	A36	C1	1000	10000	0	0.5	300	1
111	0.315890097716	0.315890097716	0	0	0	0.315890097716	0.315890097716	NoCorrection	300	A36	C1	1000	10000	0	0.5	300	1
112	-7.48008740000288e-05	-7.48008740000152e-05	0	0.998	0.995	-7.48008740000288e-05	-7.48008740000152e-05	ID	300	A36	C1	1000	10000	0	0.5	300	1
113	-0.0629041935303	-0.0272353662249999	0	0.03	0.533	-0.0629041935303	-0.0272353662249999	1	1000	A36	C1	1000	10000	0	0.5	300	0
114	-0.0741029358832999	-0.0448508176600001	0	0.012	0.3	-0.0741029358832999	-0.0448508176600001	FGr	1000	A36	C1	1000	10000	0	0.5	300	0
115	-0.119018890427	-0.130510579755	0	0	0.001	-0.119018890427	-0.130510579755	NoCorrection	1000	A36	C1	1000	10000	0	0.5	300	0
116	-0.0675410673599029	-0.037033033655	0	0.021	0.373	-0.0675410673599029	-0.037033033655	ID	1000	A36	C1	1000	10000	0	0.5	300	0
117	0.00731448135114971	0.0272100686299993	0	0.782	0.52	0.00731448135114971	0.0272100686299993	1	1000	A36	C1	1000	10000	0	0.5	300	0.1
118	0.0263474483516992	0.0701996897850018	0	0.294	0.102	0.0263474483516992	0.0701996897850018	FGr	1000	A36	C1	1000	10000	0	0.5	300	0.1
119	0.0378805068709996	0.0964080097449991	0	0.147	0.021	0.0378805068709996	0.0964080097449991	NoCorrection	1000	A36	C1	1000	10000	0	0.5	300	0.1
120	0.00916854393255025	0.0310025566499989	0	0.746	0.489	0.00916854393255025	0.0310025566499989	ID	1000	A36	C1	1000	10000	0	0.5	300	0.1
121	0.0420530796284	0.0649540595400002	0	0.12	0.112	0.0420530796284	0.0649540595400002	1	1000	A36	C1	1000	10000	0	0.5	300	0.5
122	0.1161759621429	0.239795438205	0	0	0	0.1161759621429	0.239795438205	FGr	1000	A36	C1	1000	10000	0	0.5	300	0.5
123	0.24827947337945	0.500473992460001	0	0	0	0.24827947337945	0.500473992460001	NoCorrection	1000	A36	C1	1000	10000	0	0.5	300	0.5
124	0.0463696458612003	0.0911721539650001	0	0.082	0.021	0.0463696458612003	0.0911721539650001	ID	1000	A36	C1	1000	10000	0	0.5	300	0.5
125	-0.00129939457199999	-0.006206975115	0	0.957	0.886	-0.00129939457199999	-0.006206975115	1	1000	A36	C1	1000	10000	0	0.5	300	1
126	0.141767853027085	0.290189292545	0	0	0	0.141767853027085	0.290189292545	FGr	1000	A36	C1	1000	10000	0	0.5	300	1
127	0.3958661516388	0.838601445395	0	0	0	0.3958661516388	0.838601445395	NoCorrection	1000	A36	C1	1000	10000	0	0.5	300	1
128	-0.00569850588161001	-0.019549857285	0	0.821	0.64	-0.00569850588161001	-0.019549857285	ID	1000	A36	C1	1000	10000	0	0.5	300	1
129	-0.0367393901059001	0.00917342360500002	0	0.165	0.882	-0.0367393901059001	0.00917342360500002	1	10000	A36	C1	1000	10000	0	0.5	300	0
130	-0.033265118671701	0.03851232414	0	0.212	0.543	-0.033265118671701	0.03851232414	FGr	10000	A36	C1	1000	10000	0	0.5	300	0
131	-0.0563935175572508	-0.107085777685	0	0.032	0.093	-0.0563935175572508	-0.107085777685	NoCorrection	10000	A36	C1	1000	10000	0	0.5	300	0
132	-0.03604321225065	0.023996347045	0	0.185	0.743	-0.03604321225065	0.023996347045	ID	10000	A36	C1	1000	10000	0	0.5	300	0
133	-0.0121695886544501	0.0200725771250004	0	0.64	0.769	-0.0121695886544501	0.0200725771250004	1	10000	A36	C1	1000	10000	0	0.5	300	0.1
134	-0.0165279097084	-0.0298793335699992	0	0.544	0.674	-0.0165279097084	-0.0298793335699992	FGr	10000	A36	C1	1000	10000	0	0.5	300	0.1
135	0.028960615631915	0.292982776374999	0	0.269	0	0.028960615631915	0.292982776374999	NoCorrection	10000	A36	C1	1000	10000	0	0.5	300	0.1
136	-0.0152828541923501	-0.00234918842999817	0	0.571	0.975	-0.0152828541923501	-0.00234918842999817	ID	10000	A36	C1	1000	10000	0	0.5	300	0.1
137	-0.0277949487289502	0.00184270675000032	0	0.363	0.979	-0.0277949487289502	0.00184270675000032	1	10000	A36	C1	1000	10000	0	0.5	300	0.5
138	-0.0225635474165001	0.0310810190199991	0	0.457	0.624	-0.0225635474165001	0.0310810190199991	FGr	10000	A36	C1	1000	10000	0	0.5	300	0.5
139	0.1575890054774	1.00556171605	0	0	0	0.1575890054774	1.00556171605	NoCorrection	10000	A36	C1	1000	10000	0	0.5	300	0.5
140	-0.0291430910051998	-0.0175120008200001	0	0.328	0.786	-0.0291430910051998	-0.0175120008200001	ID	10000	A36	C1	1000	10000	0	0.5	300	0.5
141	-0.03265944584445	0.0131595215649995	0	0.275	0.856	-0.03265944584445	0.0131595215649995	1	10000	A36	C1	1000	10000	0	0.5	300	1
142	-0.0140001705476001	0.138209364965001	0	0.607	0.045	-0.0140001705476001	0.138209364965001	FGr	10000	A36	C1	1000	10000	0	0.5	300	1
143	0.318524216896501	1.92139267155	0	0	0	0.318524216896501	1.92139267155	NoCorrection	10000	A36	C1	1000	10000	0	0.5	300	1
144	-0.0310315597766999	-0.00434921724499865	0	0.277	0.959	-0.0310315597766999	-0.00434921724499865	ID	10000	A36	C1	1000	10000	0	0.5	300	1
145	-0.00997323887649998	-0.00997323887649997	0	0.481	0.466	-0.00997323887649998	-0.00997323887649997	1	300	A36	C1	10000	100	0	0.5	300	0
146	-0.019364805005	-0.019364805005	0	0.184	0.156	-0.019364805005	-0.019364805005	FGr	300	A36	C1	10000	100	0	0.5	300	0
147	-0.019066798936	-0.019066798936	0	0.163	0.178	-0.019066798936	-0.019066798936	NoCorrection	300	A36	C1	10000	100	0	0.5	300	0
148	-0.01547842499	-0.01547842499	0	0.274	0.25	-0.01547842499	-0.01547842499	ID	300	A36	C1	10000	100	0	0.5	300	0
149	0.006449716632	0.006449716632	0	0.565	0.557	0.006449716632	0.006449716632	1	300	A36	C1	10000	100	0	0.5	300	0.1
150	0.036819042291	0.036819042291	0	0.002	0.001	0.036819042291	0.036819042291	FGr	300	A36	C1	10000	100	0	0.5	300	0.1
151	0.039361262801	0.039361262801	0	0.002	0.001	0.039361262801	0.039361262801	NoCorrection	300	A36	C1	10000	100	0	0.5	300	0.1
152	0.01087341279	0.01087341279	0	0.34	0.329	0.01087341279	0.01087341279	ID	300	A36	C1	10000	100	0	0.5	300	0.1
153	0.02570204979	0.02570204979	0	0.045	0.068	0.02570204979	0.02570204979	1	300	A36	C1	10000	100	0	0.5	300	0.5
154	0.15706352124	0.15706352124	0	0	0	0.15706352124	0.15706352124	FGr	300	A36	C1	10000	100	0	0.5	300	0.5
155	0.188719762075	0.188719762075	0	0	0	0.188719762075	0.188719762075	NoCorrection	300	A36	C1	10000	100	0	0.5	300	0.5
156	0.025310714595	0.025310714595	0	0.048	0.038	0.025310714595	0.025310714595	ID	300	A36	C1	10000	100	0	0.5	300	0.5
157	0.00975700130000001	0.0097570013	0	0.376	0.379	0.00975700130000001	0.0097570013	1	300	A36	C1	10000	100	0	0.5	300	1
158	0.2562459686665	0.2562459686665	0	0	0	0.2562459686665	0.2562459686665	FGr	300	A36	C1	10000	100	0	0.5	300	1
159	0.320045432721	0.320045432721	0	0	0	0.320045432721	0.320045432721	NoCorrection	300	A36	C1	10000	100	0	0.5	300	1
160	-0.00169844555000001	-0.00169844554999998	0	0.889	0.87	-0.00169844555000001	-0.00169844554999998	ID	300	A36	C1	10000	100	0	0.5	300	1
161	-0.00147346673629999	-0.031680298	0	0.913	0.084	-0.00147346673629999	-0.031680298	1	1000	A36	C1	10000	100	0	0.5	300	0
162	-0.000843119247000024	-0.028738693	0	0.951	0.143	-0.000843119247000024	-0.028738693	FGr	1000	A36	C1	10000	100	0	0.5	300	0
163	0.000585764808859994	-0.0262833785	0	0.969	0.184	0.000585764808859994	-0.0262833785	NoCorrection	1000	A36	C1	10000	100	0	0.5	300	0
164	-0.000874592692499986	-0.028923635	0	0.939	0.152	-0.000874592692499986	-0.028923635	ID	1000	A36	C1	10000	100	0	0.5	300	0
165	-0.016915487238	-0.0104947	0	0.18	0.604	-0.016915487238	-0.0104947	1	1000	A36	C1	10000	100	0	0.5	300	0.1
166	-0.000938186115000008	0.026603482	0	0.941	0.227	-0.000938186115000008	0.026603482	FGr	1000	A36	C1	10000	100	0	0.5	300	0.1
167	0.00500765711499999	0.0489355135	0	0.713	0.041	0.00500765711499999	0.0489355135	NoCorrection	1000	A36	C1	10000	100	0	0.5	300	0.1
168	-0.019249049835	-0.0142444675	0	0.109	0.483	-0.019249049835	-0.0142444675	ID	1000	A36	C1	10000	100	0	0.5	300	0.1
169	0.016395356545	-0.00629273299999999	0	0.154	0.744	0.016395356545	-0.00629273299999999	1	1000	A36	C1	10000	100	0	0.5	300	0.5
170	0.09052804479	0.2131871895	0	0	0	0.09052804479	0.2131871895	FGr	1000	A36	C1	10000	100	0	0.5	300	0.5
171	0.162071931115	0.4331566315	0	0	0	0.162071931115	0.4331566315	NoCorrection	1000	A36	C1	10000	100	0	0.5	300	0.5
172	0.0148157757549499	-0.010933583	0	0.213	0.622	0.0148157757549499	-0.010933583	ID	1000	A36	C1	10000	100	0	0.5	300	0.5
173	-0.017710690675	0.0135923355	0	0.112	0.565	-0.017710690675	0.0135923355	1	1000	A36	C1	10000	100	0	0.5	300	1
174	0.128390916145	0.4072899445	0	0	0	0.128390916145	0.4072899445	FGr	1000	A36	C1	10000	100	0	0.5	300	1
175	0.25388687785	0.7872028155	0	0	0	0.25388687785	0.7872028155	NoCorrection	1000	A36	C1	10000	100	0	0.5	300	1
176	-0.015341580018	0.014563025	0	0.156	0.503	-0.015341580018	0.014563025	ID	1000	A36	C1	10000	100	0	0.5	300	1
177	0.002397682315	-0.01149998	0	0.879	0.738	0.002397682315	-0.01149998	1	10000	A36	C1	10000	100	0	0.5	300	0
178	0.00398523244499999	0.00119454849999999	0	0.784	0.97	0.00398523244499999	0.00119454849999999	FGr	10000	A36	C1	10000	100	0	0.5	300	0
179	0.0149614381595	0.084901216	0	0.241	0.01	0.0149614381595	0.084901216	NoCorrection	10000	A36	C1	10000	100	0	0.5	300	0
180	0.00364396664	-0.00233451750000001	0	0.786	0.937	0.00364396664	-0.00233451750000001	ID	10000	A36	C1	10000	100	0	0.5	300	0
181	0.012957385141	0.0434916820000001	0	0.328	0.153	0.012957385141	0.0434916820000001	1	10000	A36	C1	10000	100	0	0.5	300	0.1
182	0.01666192533	0.0699255715	0	0.188	0.033	0.01666192533	0.0699255715	FGr	10000	A36	C1	10000	100	0	0.5	300	0.1
183	0.050822572559	0.314793293	0	0	0	0.050822572559	0.314793293	NoCorrection	10000	A36	C1	10000	100	0	0.5	300	0.1
184	0.0130826288685	0.0418392159999999	0	0.292	0.156	0.0130826288685	0.0418392159999999	ID	10000	A36	C1	10000	100	0	0.5	300	0.1
185	0.015762934685	-0.0188352715	0	0.223	0.559	0.015762934685	-0.0188352715	1	10000	A36	C1	10000	100	0	0.5	300	0.5
186	0.034839105318	0.0688200139999999	0	0.015	0.037	0.034839105318	0.0688200139999999	FGr	10000	A36	C1	10000	100	0	0.5	300	0.5
187	0.193578333834	0.94094766	0	0	0	0.193578333834	0.94094766	NoCorrection	10000	A36	C1	10000	100	0	0.5	300	0.5
188	0.0156653689905	-0.02347985	0	0.23	0.442	0.0156653689905	-0.02347985	ID	10000	A36	C1	10000	100	0	0.5	300	0.5
189	-0.000127308187499999	0.00632001550000002	0	0.989	0.829	-0.000127308187499999	0.00632001550000002	1	10000	A36	C1	10000	100	0	0.5	300	1
190	0.02965373617	0.199321634	0	0.058	0	0.02965373617	0.199321634	FGr	10000	A36	C1	10000	100	0	0.5	300	1
191	0.338049632712	1.869247625	0	0	0	0.338049632712	1.869247625	NoCorrection	10000	A36	C1	10000	100	0	0.5	300	1
192	-0.000183354777499997	0.00283814900000001	0	0.989	0.931	-0.000183354777499997	0.00283814900000001	ID	10000	A36	C1	10000	100	0	0.5	300	1
193	-0.00620413127055	-0.00620413127055	0	0.454	0.44	-0.00620413127055	-0.00620413127055	1	300	A36	C1	10000	1000	0	0.5	300	0
194	-0.001210309432	-0.001210309432	0	0.907	0.869	-0.001210309432	-0.001210309432	FGr	300	A36	C1	10000	1000	0	0.5	300	0
195	-0.0023641123975	-0.0023641123975	0	0.771	0.782	-0.0023641123975	-0.0023641123975	NoCorrection	300	A36	C1	10000	1000	0	0.5	300	0
196	-0.00386335172550001	-0.0038633517255	0	0.618	0.66	-0.00386335172550001	-0.0038633517255	ID	300	A36	C1	10000	1000	0	0.5	300	0
197	0.00415056830900001	0.00415056830900001	0	0.596	0.53	0.00415056830900001	0.00415056830900001	1	300	A36	C1	10000	1000	0	0.5	300	0.1
198	0.022586092453	0.022586092453	0	0.005	0.002	0.022586092453	0.022586092453	FGr	300	A36	C1	10000	1000	0	0.5	300	0.1
199	0.0330642617765	0.0330642617765	0	0	0	0.0330642617765	0.0330642617765	NoCorrection	300	A36	C1	10000	1000	0	0.5	300	0.1
200	-0.00198574891799999	-0.00198574891799999	0	0.793	0.783	-0.00198574891799999	-0.00198574891799999	ID	300	A36	C1	10000	1000	0	0.5	300	0.1
201	0.00721507721200001	0.007215077212	0	0.49	0.441	0.00721507721200001	0.007215077212	1	300	A36	C1	10000	1000	0	0.5	300	0.5
202	0.1169028575954	0.1169028575954	0	0	0	0.1169028575954	0.1169028575954	FGr	300	A36	C1	10000	1000	0	0.5	300	0.5
203	0.16996428209375	0.16996428209375	0	0	0	0.16996428209375	0.16996428209375	NoCorrection	300	A36	C1	10000	1000	0	0.5	300	0.5
204	0.0061525064682	0.0061525064682	0	0.511	0.495	0.0061525064682	0.0061525064682	ID	300	A36	C1	10000	1000	0	0.5	300	0.5
205	0.00574231901275	0.00574231901275	0	0.526	0.56	0.00574231901275	0.00574231901275	1	300	A36	C1	10000	1000	0	0.5	300	1
206	0.2238505790725	0.2238505790725	0	0	0	0.2238505790725	0.2238505790725	FGr	300	A36	C1	10000	1000	0	0.5	300	1
207	0.3359869002265	0.3359869002265	0	0	0	0.3359869002265	0.3359869002265	NoCorrection	300	A36	C1	10000	1000	0	0.5	300	1
208	0.00643263282899999	0.006432632829	0	0.48	0.515	0.00643263282899999	0.006432632829	ID	300	A36	C1	10000	1000	0	0.5	300	1
209	-0.00677626618809999	0.0111841173000001	0	0.463	0.42	-0.00677626618809999	0.0111841173000001	1	1000	A36	C1	10000	1000	0	0.5	300	0
210	-0.00134877636499998	0.0234356657999999	0	0.897	0.103	-0.00134877636499998	0.0234356657999999	FGr	1000	A36	C1	10000	1000	0	0.5	300	0
211	0.00745876127050004	0.04892877865	0	0.44	0	0.00745876127050004	0.04892877865	NoCorrection	1000	A36	C1	10000	1000	0	0.5	300	0
212	-0.00476357527203	0.0151348557	0	0.619	0.313	-0.00476357527203	0.0151348557	ID	1000	A36	C1	10000	1000	0	0.5	300	0
213	-0.00487596625650001	-0.015224887	0	0.612	0.326	-0.00487596625650001	-0.015224887	1	1000	A36	C1	10000	1000	0	0.5	300	0.1
214	0.00919524316840002	0.01963996875	0	0.368	0.197	0.00919524316840002	0.01963996875	FGr	1000	A36	C1	10000	1000	0	0.5	300	0.1
215	0.0272170260139999	0.06693088225	0	0.008	0	0.0272170260139999	0.06693088225	NoCorrection	1000	A36	C1	10000	1000	0	0.5	300	0.1
216	1.41374530000408e-05	-0.0028310377	0	0.999	0.869	1.41374530000408e-05	-0.0028310377	ID	1000	A36	C1	10000	1000	0	0.5	300	0.1
217	0.01195573056745	0.0060038218	0	0.207	0.683	0.01195573056745	0.0060038218	1	1000	A36	C1	10000	1000	0	0.5	300	0.5
218	0.0700139940245	0.1777702272	0	0	0	0.0700139940245	0.1777702272	FGr	1000	A36	C1	10000	1000	0	0.5	300	0.5
219	0.1715414706275	0.4178719193	0	0	0	0.1715414706275	0.4178719193	NoCorrection	1000	A36	C1	10000	1000	0	0.5	300	0.5
220	0.0137268988223	0.0099638497	0	0.144	0.492	0.0137268988223	0.0099638497	ID	1000	A36	C1	10000	1000	0	0.5	300	0.5
221	-0.0143094195439	0.0108319622500001	0	0.09	0.453	-0.0143094195439	0.0108319622500001	1	1000	A36	C1	10000	1000	0	0.5	300	1
222	0.09365551290535	0.2905921381	0	0	0	0.09365551290535	0.2905921381	FGr	1000	A36	C1	10000	1000	0	0.5	300	1
223	0.283739926955	0.763013963349999	0	0	0	0.283739926955	0.763013963349999	NoCorrection	1000	A36	C1	10000	1000	0	0.5	300	1
224	-0.0181630140272	0.000848378950000078	0	0.038	0.941	-0.0181630140272	0.000848378950000078	ID	1000	A36	C1	10000	1000	0	0.5	300	1
225	-0.0073425889081	0.0138862760999998	0	0.408	0.54	-0.0073425889081	0.0138862760999998	1	10000	A36	C1	10000	1000	0	0.5	300	0
226	-0.00804804359610001	0.00899433549999998	0	0.32	0.692	-0.00804804359610001	0.00899433549999998	FGr	10000	A36	C1	10000	1000	0	0.5	300	0
227	-0.00933699135035002	-0.00729014170000007	0	0.264	0.745	-0.00933699135035002	-0.00729014170000007	NoCorrection	10000	A36	C1	10000	1000	0	0.5	300	0
228	-0.00836911807215	0.0073454173000001	0	0.324	0.759	-0.00836911807215	0.0073454173000001	ID	10000	A36	C1	10000	1000	0	0.5	300	0
229	-0.00840879131854999	-0.000783298650000037	0	0.339	0.972	-0.00840879131854999	-0.000783298650000037	1	10000	A36	C1	10000	1000	0	0.5	300	0.1
230	-0.0058793766545	0.0171852910500001	0	0.511	0.411	-0.0058793766545	0.0171852910500001	FGr	10000	A36	C1	10000	1000	0	0.5	300	0.1
231	0.0277933407883	0.2277720662	0	0.001	0	0.0277933407883	0.2277720662	NoCorrection	10000	A36	C1	10000	1000	0	0.5	300	0.1
232	-0.00824066419075	0.000808826649999977	0	0.363	0.967	-0.00824066419075	0.000808826649999977	ID	10000	A36	C1	10000	1000	0	0.5	300	0.1
233	0.00902792543349999	0.0110899495999999	0	0.282	0.631	0.00902792543349999	0.0110899495999999	1	10000	A36	C1	10000	1000	0	0.5	300	0.5
234	0.01738388679327	0.0809733071	0	0.032	0.002	0.01738388679327	0.0809733071	FGr	10000	A36	C1	10000	1000	0	0.5	300	0.5
235	0.16489949062625	1.0462774976	0	0	0	0.16489949062625	1.0462774976	NoCorrection	10000	A36	C1	10000	1000	0	0.5	300	0.5
236	0.00831952490750001	0.01333762225	0	0.31	0.538	0.00831952490750001	0.01333762225	ID	10000	A36	C1	10000	1000	0	0.5	300	0.5
237	-0.00157004558314999	0.03583433405	0	0.856	0.125	-0.00157004558314999	0.03583433405	1	10000	A36	C1	10000	1000	0	0.5	300	1
238	0.0137243027172	0.12785785885	0	0.107	0	0.0137243027172	0.12785785885	FGr	10000	A36	C1	10000	1000	0	0.5	300	1
239	0.2989144073475	1.9754477905	0	0	0	0.2989144073475	1.9754477905	NoCorrection	10000	A36	C1	10000	1000	0	0.5	300	1
240	-0.00263479616092002	0.0360147797	0	0.743	0.114	-0.00263479616092002	0.0360147797	ID	10000	A36	C1	10000	1000	0	0.5	300	1
241	0.00179626625825001	0.00179626625825002	0	0.844	0.85	0.00179626625825001	0.00179626625825002	1	300	A36	C1	10000	10000	0	0.5	300	0
242	-0.000385262444355049	-0.000385262444355043	0	0.968	0.976	-0.000385262444355049	-0.000385262444355043	FGr	300	A36	C1	10000	10000	0	0.5	300	0
243	-0.000879561305349986	-0.000879561305349991	0	0.931	0.921	-0.000879561305349986	-0.000879561305349991	NoCorrection	300	A36	C1	10000	10000	0	0.5	300	0
244	0.000185384951915019	0.000185384951915025	0	0.983	0.988	0.000185384951915019	0.000185384951915025	ID	300	A36	C1	10000	10000	0	0.5	300	0
245	0.00569385433124499	0.005693854331245	0	0.53	0.562	0.00569385433124499	0.005693854331245	1	300	A36	C1	10000	10000	0	0.5	300	0.1
246	0.0212575446184	0.0212575446184	0	0.034	0.02	0.0212575446184	0.0212575446184	FGr	300	A36	C1	10000	10000	0	0.5	300	0.1
247	0.0333915414474999	0.0333915414475	0	0.001	0.002	0.0333915414474999	0.0333915414475	NoCorrection	300	A36	C1	10000	10000	0	0.5	300	0.1
248	0.00176172228050003	0.00176172228050005	0	0.857	0.848	0.00176172228050003	0.00176172228050005	ID	300	A36	C1	10000	10000	0	0.5	300	0.1
249	0.00301204720354997	0.00301204720354997	0	0.66	0.694	0.00301204720354997	0.00301204720354997	1	300	A36	C1	10000	10000	0	0.5	300	0.5
250	0.1047419797321	0.1047419797321	0	0	0	0.1047419797321	0.1047419797321	FGr	300	A36	C1	10000	10000	0	0.5	300	0.5
251	0.167647627796	0.167647627796	0	0	0	0.167647627796	0.167647627796	NoCorrection	300	A36	C1	10000	10000	0	0.5	300	0.5
252	-0.000679855529135043	-0.000679855529135044	0	0.93	0.935	-0.000679855529135043	-0.000679855529135044	ID	300	A36	C1	10000	10000	0	0.5	300	0.5
253	0.00598073363960008	0.00598073363960008	0	0.467	0.473	0.00598073363960008	0.00598073363960008	1	300	A36	C1	10000	10000	0	0.5	300	1
254	0.21873971364679	0.21873971364679	0	0	0	0.21873971364679	0.21873971364679	FGr	300	A36	C1	10000	10000	0	0.5	300	1
255	0.3511288145435	0.3511288145435	0	0	0	0.3511288145435	0.3511288145435	NoCorrection	300	A36	C1	10000	10000	0	0.5	300	1
256	0.0108341855253001	0.0108341855253002	0	0.185	0.204	0.0108341855253001	0.0108341855253002	ID	300	A36	C1	10000	10000	0	0.5	300	1
257	-0.007539667726045	0.0128755743350001	0	0.385	0.38	-0.007539667726045	0.0128755743350001	1	1000	A36	C1	10000	10000	0	0.5	300	0
258	-0.00409147635782504	0.0227316465150003	0	0.659	0.128	-0.00409147635782504	0.0227316465150003	FGr	1000	A36	C1	10000	10000	0	0.5	300	0
259	-0.00970150627519255	0.00221658631999985	0	0.252	0.897	-0.00970150627519255	0.00221658631999985	NoCorrection	1000	A36	C1	10000	10000	0	0.5	300	0
260	-0.00744305138932506	0.0129599473750001	0	0.371	0.351	-0.00744305138932506	0.0129599473750001	ID	1000	A36	C1	10000	10000	0	0.5	300	0
261	0.0114050382143958	0.00776164669499999	0	0.2	0.575	0.0114050382143958	0.00776164669499999	1	1000	A36	C1	10000	10000	0	0.5	300	0.1
262	0.0213675832169551	0.0343727595049999	0	0.018	0.015	0.0213675832169551	0.0343727595049999	FGr	1000	A36	C1	10000	10000	0	0.5	300	0.1
263	0.0353185586365501	0.076788956765	0	0.001	0	0.0353185586365501	0.076788956765	NoCorrection	1000	A36	C1	10000	10000	0	0.5	300	0.1
264	0.0124753638137299	0.00845755405499999	0	0.159	0.569	0.0124753638137299	0.00845755405499999	ID	1000	A36	C1	10000	10000	0	0.5	300	0.1
265	0.00298405101619999	-0.00505173017499994	0	0.753	0.719	0.00298405101619999	-0.00505173017499994	1	1000	A36	C1	10000	10000	0	0.5	300	0.5
266	0.0474877552301	0.146538220205	0	0	0	0.0474877552301	0.146538220205	FGr	1000	A36	C1	10000	10000	0	0.5	300	0.5
267	0.13899227657765	0.43453449893	0	0	0	0.13899227657765	0.43453449893	NoCorrection	1000	A36	C1	10000	10000	0	0.5	300	0.5
268	0.000305697575205062	-0.0108272312450001	0	0.969	0.448	0.000305697575205062	-0.0108272312450001	ID	1000	A36	C1	10000	10000	0	0.5	300	0.5
269	0.0013906237885501	-0.00324938292499968	0	0.886	0.792	0.0013906237885501	-0.00324938292499968	1	1000	A36	C1	10000	10000	0	0.5	300	1
270	0.0907927747588354	0.28000040542	0	0	0	0.0907927747588354	0.28000040542	FGr	1000	A36	C1	10000	10000	0	0.5	300	1
271	0.2663864791295	0.824371279035	0	0	0	0.2663864791295	0.824371279035	NoCorrection	1000	A36	C1	10000	10000	0	0.5	300	1
272	0.000652552793500703	-0.00586855160000008	0	0.942	0.628	0.000652552793500703	-0.00586855160000008	ID	1000	A36	C1	10000	10000	0	0.5	300	1
273	0.00738915689087999	0.00596240791000016	0	0.387	0.785	0.00738915689087999	0.00596240791000016	1	10000	A36	C1	10000	10000	0	0.5	300	0
274	0.00532889752737998	-0.00958352542999962	0	0.524	0.7	0.00532889752737998	-0.00958352542999962	FGr	10000	A36	C1	10000	10000	0	0.5	300	0
275	0.00942898221467002	0.023098872525	0	0.259	0.28	0.00942898221467002	0.023098872525	NoCorrection	10000	A36	C1	10000	10000	0	0.5	300	0
276	0.00777525272314999	0.0136654297350003	0	0.373	0.542	0.00777525272314999	0.0136654297350003	ID	10000	A36	C1	10000	10000	0	0.5	300	0
277	0.00369558574518988	0.00953947669500022	0	0.705	0.662	0.00369558574518988	0.00953947669500022	1	10000	A36	C1	10000	10000	0	0.5	300	0.1
278	0.00732370932399996	0.0290904785149996	0	0.404	0.183	0.00732370932399996	0.0290904785149996	FGr	10000	A36	C1	10000	10000	0	0.5	300	0.1
279	0.0364637220273702	0.225041900279999	0	0.001	0	0.0364637220273702	0.225041900279999	NoCorrection	10000	A36	C1	10000	10000	0	0.5	300	0.1
280	0.00367487713629998	0.0117542292500004	0	0.66	0.565	0.00367487713629998	0.0117542292500004	ID	10000	A36	C1	10000	10000	0	0.5	300	0.1
281	-0.0199293123720999	0.0149491936549998	0	0.008	0.499	-0.0199293123720999	0.0149491936549998	1	10000	A36	C1	10000	10000	0	0.5	300	0.5
282	-0.0124787731522399	0.052180191375	0	0.095	0.018	-0.0124787731522399	0.052180191375	FGr	10000	A36	C1	10000	10000	0	0.5	300	0.5
283	0.1531608175851	0.959376852435001	0	0	0	0.1531608175851	0.959376852435001	NoCorrection	10000	A36	C1	10000	10000	0	0.5	300	0.5
284	-0.02037012339655	0.01381604377	0	0.006	0.526	-0.02037012339655	0.01381604377	ID	10000	A36	C1	10000	10000	0	0.5	300	0.5
285	-0.00244241308274984	0.00159257181999975	0	0.773	0.918	-0.00244241308274984	0.00159257181999975	1	10000	A36	C1	10000	10000	0	0.5	300	1
286	0.01251301314955	0.12483254121	0	0.16	0	0.01251301314955	0.12483254121	FGr	10000	A36	C1	10000	10000	0	0.5	300	1
287	0.3255860761534	1.94227854295	0	0	0	0.3255860761534	1.94227854295	NoCorrection	10000	A36	C1	10000	10000	0	0.5	300	1
288	-0.00299482319919974	0.000819395384999982	0	0.717	0.973	-0.00299482319919974	0.000819395384999982	ID	10000	A36	C1	10000	10000	0	0.5	300	1
289	-0.02393780475	-0.02393780475	0	0.499	0.496	-0.02393780475	-0.02393780475	1	300	A36	C2	1000	100	0	0.5	300	0
290	-0.02440313049	-0.02440313049	0	0.485	0.487	-0.02440313049	-0.02440313049	FGr	300	A36	C2	1000	100	0	0.5	300	0
291	-0.025481203825	-0.025481203825	0	0.469	0.481	-0.025481203825	-0.025481203825	NoCorrection	300	A36	C2	1000	100	0	0.5	300	0
292	-0.025306130275	-0.025306130275	0	0.488	0.499	-0.025306130275	-0.025306130275	ID	300	A36	C2	1000	100	0	0.5	300	0
293	0.00220672260000002	0.00220672260000003	0	0.934	0.939	0.00220672260000002	0.00220672260000003	1	300	A36	C2	1000	100	0	0.5	300	0.1
294	-0.00126619132500001	-0.00126619132499996	0	0.97	0.981	-0.00126619132500001	-0.00126619132499996	FGr	300	A36	C2	1000	100	0	0.5	300	0.1
295	-0.00289613909999999	-0.00289613909999996	0	0.943	0.927	-0.00289613909999999	-0.00289613909999996	NoCorrection	300	A36	C2	1000	100	0	0.5	300	0.1
296	-0.00602932124499993	-0.00602932124499996	0	0.854	0.843	-0.00602932124499993	-0.00602932124499996	ID	300	A36	C2	1000	100	0	0.5	300	0.1
297	-0.0448816664339999	-0.044881666434	0	0.238	0.253	-0.0448816664339999	-0.044881666434	1	300	A36	C2	1000	100	0	0.5	300	0.5
298	-0.01753905093	-0.01753905093	0	0.68	0.679	-0.01753905093	-0.01753905093	FGr	300	A36	C2	1000	100	0	0.5	300	0.5
299	-0.018479874099	-0.018479874099	0	0.638	0.651	-0.018479874099	-0.018479874099	NoCorrection	300	A36	C2	1000	100	0	0.5	300	0.5
300	-0.045454150525	-0.045454150525	0	0.196	0.224	-0.045454150525	-0.045454150525	ID	300	A36	C2	1000	100	0	0.5	300	0.5
301	0.039777590515	0.039777590515	0	0.352	0.359	0.039777590515	0.039777590515	1	300	A36	C2	1000	100	0	0.5	300	1
302	0.1116782156	0.1116782156	0	0.039	0.028	0.1116782156	0.1116782156	FGr	300	A36	C2	1000	100	0	0.5	300	1
303	0.10631875534	0.10631875534	0	0.045	0.051	0.10631875534	0.10631875534	NoCorrection	300	A36	C2	1000	100	0	0.5	300	1
304	0.04451231684	0.04451231684	0	0.218	0.236	0.04451231684	0.04451231684	ID	300	A36	C2	1000	100	0	0.5	300	1
305	-0.0112883177700001	-0.00474114100000001	0	0.784	0.944	-0.0112883177700001	-0.00474114100000001	1	1000	A36	C2	1000	100	0	0.5	300	0
306	-0.00518788888999999	-0.0142431835	0	0.879	0.816	-0.00518788888999999	-0.0142431835	FGr	1000	A36	C2	1000	100	0	0.5	300	0
307	-0.00577495667999993	-0.00701782150000003	0	0.891	0.919	-0.00577495667999993	-0.00701782150000003	NoCorrection	1000	A36	C2	1000	100	0	0.5	300	0
308	-0.01059483119	-0.0115770455	0	0.774	0.858	-0.01059483119	-0.0115770455	ID	1000	A36	C2	1000	100	0	0.5	300	0
309	0.00526307999000001	-0.035921756	0	0.871	0.498	0.00526307999000001	-0.035921756	1	1000	A36	C2	1000	100	0	0.5	300	0.1
310	0.00536721254399998	-0.0534966279999999	0	0.857	0.319	0.00536721254399998	-0.0534966279999999	FGr	1000	A36	C2	1000	100	0	0.5	300	0.1
311	0.00599185233000002	-0.0490206255	0	0.831	0.361	0.00599185233000002	-0.0490206255	NoCorrection	1000	A36	C2	1000	100	0	0.5	300	0.1
312	0.00307418180500001	-0.0376766465	0	0.902	0.467	0.00307418180500001	-0.0376766465	ID	1000	A36	C2	1000	100	0	0.5	300	0.1
313	0.019289770844	0.00115265400000008	0	0.54	0.98	0.019289770844	0.00115265400000008	1	1000	A36	C2	1000	100	0	0.5	300	0.5
314	0.04813941592	0.068856513	0	0.222	0.256	0.04813941592	0.068856513	FGr	1000	A36	C2	1000	100	0	0.5	300	0.5
315	0.048229189175	0.069769898	0	0.208	0.257	0.048229189175	0.069769898	NoCorrection	1000	A36	C2	1000	100	0	0.5	300	0.5
316	0.022788828127	0.00272682249999998	0	0.473	0.961	0.022788828127	0.00272682249999998	ID	1000	A36	C2	1000	100	0	0.5	300	0.5
317	0.0118298175250001	-0.041371093	0	0.674	0.403	0.0118298175250001	-0.041371093	1	1000	A36	C2	1000	100	0	0.5	300	1
318	0.0737271143	0.106599944	0	0.101	0.183	0.0737271143	0.106599944	FGr	1000	A36	C2	1000	100	0	0.5	300	1
319	0.0748527269839999	0.1106980955	0	0.117	0.167	0.0748527269839999	0.1106980955	NoCorrection	1000	A36	C2	1000	100	0	0.5	300	1
320	0.022208121105	-0.00711459399999997	0	0.447	0.887	0.022208121105	-0.00711459399999997	ID	1000	A36	C2	1000	100	0	0.5	300	1
321	0.04673215679	0.1304530225	0	0.172	0.101	0.04673215679	0.1304530225	1	10000	A36	C2	1000	100	0	0.5	300	0
322	0.047363656795	0.147147326	0	0.14	0.072	0.047363656795	0.147147326	FGr	10000	A36	C2	1000	100	0	0.5	300	0
323	0.0467209538	0.153245718	0	0.173	0.047	0.0467209538	0.153245718	NoCorrection	10000	A36	C2	1000	100	0	0.5	300	0
324	0.04675270317	0.147159315	0	0.167	0.074	0.04675270317	0.147159315	ID	10000	A36	C2	1000	100	0	0.5	300	0
325	-0.033733927775	0.0698768600000001	0	0.313	0.416	-0.033733927775	0.0698768600000001	1	10000	A36	C2	1000	100	0	0.5	300	0.1
326	-0.03598910907	0.1229406155	0	0.279	0.129	-0.03598910907	0.1229406155	FGr	10000	A36	C2	1000	100	0	0.5	300	0.1
327	-0.03379164035	0.1177062435	0	0.285	0.156	-0.03379164035	0.1177062435	NoCorrection	10000	A36	C2	1000	100	0	0.5	300	0.1
328	-0.033451326815	0.0642864599999999	0	0.295	0.451	-0.033451326815	0.0642864599999999	ID	10000	A36	C2	1000	100	0	0.5	300	0.1
329	0.02127028792	0.128452845	0	0.642	0.213	0.02127028792	0.128452845	1	10000	A36	C2	1000	100	0	0.5	300	0.5
330	0.02165048713	0.036597465	0	0.671	0.749	0.02165048713	0.036597465	FGr	10000	A36	C2	1000	100	0	0.5	300	0.5
331	0.02053779457	0.0395208799999999	0	0.717	0.732	0.02053779457	0.0395208799999999	NoCorrection	10000	A36	C2	1000	100	0	0.5	300	0.5
332	0.02207582716	0.135440245	0	0.619	0.175	0.02207582716	0.135440245	ID	10000	A36	C2	1000	100	0	0.5	300	0.5
333	-0.00609531923999998	0.0936918379999999	0	0.867	0.273	-0.00609531923999998	0.0936918379999999	1	10000	A36	C2	1000	100	0	0.5	300	1
334	-0.00727123740500001	0.06898652	0	0.896	0.579	-0.00727123740500001	0.06898652	FGr	10000	A36	C2	1000	100	0	0.5	300	1
335	-0.00812570961699999	0.08114648	0	0.881	0.515	-0.00812570961699999	0.08114648	NoCorrection	10000	A36	C2	1000	100	0	0.5	300	1
336	-0.00427187275500003	0.112249609	0	0.899	0.188	-0.00427187275500003	0.112249609	ID	10000	A36	C2	1000	100	0	0.5	300	1
337	0.00260983154449991	0.00260983154449995	0	0.894	0.889	0.00260983154449991	0.00260983154449995	1	300	A36	C2	1000	1000	0	0.5	300	0
338	0.00217280588749992	0.00217280588749992	0	0.925	0.926	0.00217280588749992	0.00217280588749992	FGr	300	A36	C2	1000	1000	0	0.5	300	0
339	0.00202432207049997	0.00202432207049997	0	0.907	0.938	0.00202432207049997	0.00202432207049997	NoCorrection	300	A36	C2	1000	1000	0	0.5	300	0
340	0.00282391971630001	0.00282391971630007	0	0.899	0.898	0.00282391971630001	0.00282391971630007	ID	300	A36	C2	1000	1000	0	0.5	300	0
341	-0.019134722472	-0.019134722472	0	0.349	0.388	-0.019134722472	-0.019134722472	1	300	A36	C2	1000	1000	0	0.5	300	0.1
342	-0.0199584527549998	-0.0199584527549998	0	0.327	0.331	-0.0199584527549998	-0.0199584527549998	FGr	300	A36	C2	1000	1000	0	0.5	300	0.1
343	-0.0197498828045001	-0.0197498828045001	0	0.327	0.345	-0.0197498828045001	-0.0197498828045001	NoCorrection	300	A36	C2	1000	1000	0	0.5	300	0.1
344	-0.01907264387825	-0.01907264387825	0	0.383	0.372	-0.01907264387825	-0.01907264387825	ID	300	A36	C2	1000	1000	0	0.5	300	0.1
345	-0.0320790450535	-0.0320790450535	0	0.147	0.169	-0.0320790450535	-0.0320790450535	1	300	A36	C2	1000	1000	0	0.5	300	0.5
346	-0.034444649356	-0.034444649356	0	0.191	0.204	-0.034444649356	-0.034444649356	FGr	300	A36	C2	1000	1000	0	0.5	300	0.5
347	-0.034413912142	-0.034413912142	0	0.225	0.183	-0.034413912142	-0.034413912142	NoCorrection	300	A36	C2	1000	1000	0	0.5	300	0.5
348	-0.031536543345	-0.031536543345	0	0.159	0.17	-0.031536543345	-0.031536543345	ID	300	A36	C2	1000	1000	0	0.5	300	0.5
349	0.00231645437149988	0.00231645437149989	0	0.903	0.888	0.00231645437149988	0.00231645437149989	1	300	A36	C2	1000	1000	0	0.5	300	1
350	-0.00212197733075015	-0.00212197733075022	0	0.946	0.934	-0.00212197733075015	-0.00212197733075022	FGr	300	A36	C2	1000	1000	0	0.5	300	1
351	-0.00192957464200006	-0.00192957464200006	0	0.936	0.949	-0.00192957464200006	-0.00192957464200006	NoCorrection	300	A36	C2	1000	1000	0	0.5	300	1
352	0.00383988809950001	0.00383988809950001	0	0.823	0.83	0.00383988809950001	0.00383988809950001	ID	300	A36	C2	1000	1000	0	0.5	300	1
353	0.00102956922100006	-0.0133402555499996	0	0.97	0.741	0.00102956922100006	-0.0133402555499996	1	1000	A36	C2	1000	1000	0	0.5	300	0
354	-0.000264184874999826	-0.0173067092999992	0	0.989	0.66	-0.000264184874999826	-0.0173067092999992	FGr	1000	A36	C2	1000	1000	0	0.5	300	0
355	-0.000102955721439976	-0.0179244750500001	0	0.995	0.641	-0.000102955721439976	-0.0179244750500001	NoCorrection	1000	A36	C2	1000	1000	0	0.5	300	0
356	0.0012217645970001	-0.0140377396500005	0	0.96	0.73	0.0012217645970001	-0.0140377396500005	ID	1000	A36	C2	1000	1000	0	0.5	300	0
357	-0.0116978119899996	-0.0337227825500001	0	0.614	0.344	-0.0116978119899996	-0.0337227825500001	1	1000	A36	C2	1000	1000	0	0.5	300	0.1
358	-0.00978901829310004	-0.05054626615	0	0.662	0.151	-0.00978901829310004	-0.05054626615	FGr	1000	A36	C2	1000	1000	0	0.5	300	0.1
359	-0.0104247495724999	-0.0489856766	0	0.648	0.191	-0.0104247495724999	-0.0489856766	NoCorrection	1000	A36	C2	1000	1000	0	0.5	300	0.1
360	-0.0116775747569495	-0.0323335415499999	0	0.608	0.346	-0.0116775747569495	-0.0323335415499999	ID	1000	A36	C2	1000	1000	0	0.5	300	0.1
361	-0.0241569677399999	-0.0291203601000001	0	0.246	0.367	-0.0241569677399999	-0.0291203601000001	1	1000	A36	C2	1000	1000	0	0.5	300	0.5
362	-0.0197887833385	-0.03836429945	0	0.43	0.319	-0.0197887833385	-0.03836429945	FGr	1000	A36	C2	1000	1000	0	0.5	300	0.5
363	-0.019966141289	-0.0378498354	0	0.432	0.322	-0.019966141289	-0.0378498354	NoCorrection	1000	A36	C2	1000	1000	0	0.5	300	0.5
364	-0.0242768302465001	-0.0236203479	0	0.268	0.46	-0.0242768302465001	-0.0236203479	ID	1000	A36	C2	1000	1000	0	0.5	300	0.5
365	-0.01898118245	0.02170905075	0	0.384	0.574	-0.01898118245	0.02170905075	1	1000	A36	C2	1000	1000	0	0.5	300	1
366	-0.0122341463025	0.00208339570000008	0	0.664	0.978	-0.0122341463025	0.00208339570000008	FGr	1000	A36	C2	1000	1000	0	0.5	300	1
367	-0.0118129542685002	0.00439632335000001	0	0.709	0.929	-0.0118129542685002	0.00439632335000001	NoCorrection	1000	A36	C2	1000	1000	0	0.5	300	1
368	-0.019457071935	0.02974627745	0	0.374	0.419	-0.019457071935	0.02974627745	ID	1000	A36	C2	1000	1000	0	0.5	300	1
369	0.0555787531170001	0.0110991966999996	0	0.012	0.831	0.0555787531170001	0.0110991966999996	1	10000	A36	C2	1000	1000	0	0.5	300	0
370	0.0562625126455999	0.0322387997999997	0	0.008	0.532	0.0562625126455999	0.0322387997999997	FGr	10000	A36	C2	1000	1000	0	0.5	300	0
371	0.0555229874984999	0.0288697238000002	0	0.006	0.568	0.0555229874984999	0.0288697238000002	NoCorrection	10000	A36	C2	1000	1000	0	0.5	300	0
372	0.0556364517427999	0.0154034846000001	0	0.007	0.742	0.0556364517427999	0.0154034846000001	ID	10000	A36	C2	1000	1000	0	0.5	300	0
373	-0.0304630820456	-0.0400077164499999	0	0.132	0.423	-0.0304630820456	-0.0400077164499999	1	10000	A36	C2	1000	1000	0	0.5	300	0.1
374	-0.0316209190100001	-0.0805691460000001	0	0.088	0.12	-0.0316209190100001	-0.0805691460000001	FGr	10000	A36	C2	1000	1000	0	0.5	300	0.1
375	-0.0301422339555	-0.0569338523	0	0.111	0.305	-0.0301422339555	-0.0569338523	NoCorrection	10000	A36	C2	1000	1000	0	0.5	300	0.1
376	-0.030439690509	-0.0512637005	0	0.102	0.315	-0.030439690509	-0.0512637005	ID	10000	A36	C2	1000	1000	0	0.5	300	0.1
377	-0.0162025283719998	-0.0625179018499999	0	0.464	0.198	-0.0162025283719998	-0.0625179018499999	1	10000	A36	C2	1000	1000	0	0.5	300	0.5
378	-0.014348154652	0.0117169199999997	0	0.594	0.829	-0.014348154652	0.0117169199999997	FGr	10000	A36	C2	1000	1000	0	0.5	300	0.5
379	-0.0139400224535	0.011669439	0	0.645	0.841	-0.0139400224535	0.011669439	NoCorrection	10000	A36	C2	1000	1000	0	0.5	300	0.5
380	-0.0162916602290001	-0.06931649675	0	0.464	0.183	-0.0162916602290001	-0.06931649675	ID	10000	A36	C2	1000	1000	0	0.5	300	0.5
381	0.015377876283	0.0910803144999999	0	0.48	0.119	0.015377876283	0.0910803144999999	1	10000	A36	C2	1000	1000	0	0.5	300	1
382	0.0180831364645002	0.0188811415000003	0	0.65	0.798	0.0180831364645002	0.0188811415000003	FGr	10000	A36	C2	1000	1000	0	0.5	300	1
383	0.0193426044059999	0.0257202460000001	0	0.636	0.733	0.0193426044059999	0.0257202460000001	NoCorrection	10000	A36	C2	1000	1000	0	0.5	300	1
384	0.0151273207555	0.079598424	0	0.504	0.142	0.0151273207555	0.079598424	ID	10000	A36	C2	1000	1000	0	0.5	300	1
385	0.0278258329374999	0.0278258329374999	0	0.204	0.195	0.0278258329374999	0.0278258329374999	1	300	A36	C2	1000	10000	0	0.5	300	0
386	0.0261075220355001	0.0261075220355	0	0.244	0.236	0.0261075220355001	0.0261075220355	FGr	300	A36	C2	1000	10000	0	0.5	300	0
387	0.0263217869188998	0.0263217869188998	0	0.252	0.232	0.0263217869188998	0.0263217869188998	NoCorrection	300	A36	C2	1000	10000	0	0.5	300	0
388	0.02930105573355	0.02930105573355	0	0.173	0.216	0.02930105573355	0.02930105573355	ID	300	A36	C2	1000	10000	0	0.5	300	0
389	-0.0123321981085808	-0.0123321981085808	0	0.524	0.509	-0.0123321981085808	-0.0123321981085808	1	300	A36	C2	1000	10000	0	0.5	300	0.1
390	-0.01239924420315	-0.01239924420315	0	0.526	0.555	-0.01239924420315	-0.01239924420315	FGr	300	A36	C2	1000	10000	0	0.5	300	0.1
391	-0.01268862239555	-0.01268862239555	0	0.522	0.506	-0.01268862239555	-0.01268862239555	NoCorrection	300	A36	C2	1000	10000	0	0.5	300	0.1
392	-0.0114804833602504	-0.0114804833602504	0	0.549	0.554	-0.0114804833602504	-0.0114804833602504	ID	300	A36	C2	1000	10000	0	0.5	300	0.1
393	0.00126351936210015	0.0012635193621002	0	0.963	0.951	0.00126351936210015	0.0012635193621002	1	300	A36	C2	1000	10000	0	0.5	300	0.5
394	-0.00537523468100109	-0.00537523468100117	0	0.856	0.854	-0.00537523468100109	-0.00537523468100117	FGr	300	A36	C2	1000	10000	0	0.5	300	0.5
395	-0.0057614298721516	-0.00576142987215159	0	0.816	0.819	-0.0057614298721516	-0.00576142987215159	NoCorrection	300	A36	C2	1000	10000	0	0.5	300	0.5
396	0.00797732600769914	0.00797732600769925	0	0.723	0.695	0.00797732600769914	0.00797732600769925	ID	300	A36	C2	1000	10000	0	0.5	300	0.5
397	-0.0206629211264997	-0.0206629211264997	0	0.325	0.307	-0.0206629211264997	-0.0206629211264997	1	300	A36	C2	1000	10000	0	0.5	300	1
398	-0.0338972220543503	-0.0338972220543501	0	0.26	0.246	-0.0338972220543503	-0.0338972220543501	FGr	300	A36	C2	1000	10000	0	0.5	300	1
399	-0.0339238926713204	-0.0339238926713202	0	0.263	0.264	-0.0339238926713204	-0.0339238926713202	NoCorrection	300	A36	C2	1000	10000	0	0.5	300	1
400	-0.00798231921514983	-0.00798231921514988	0	0.696	0.67	-0.00798231921514983	-0.00798231921514988	ID	300	A36	C2	1000	10000	0	0.5	300	1
401	0.0107025382965001	0.016458084165	0	0.531	0.555	0.0107025382965001	0.016458084165	1	1000	A36	C2	1000	10000	0	0.5	300	0
402	0.0103993687028498	0.0282115208249998	0	0.554	0.32	0.0103993687028498	0.0282115208249998	FGr	1000	A36	C2	1000	10000	0	0.5	300	0
403	0.0101196371852499	0.029963888175	0	0.548	0.26	0.0101196371852499	0.029963888175	NoCorrection	1000	A36	C2	1000	10000	0	0.5	300	0
404	0.0104579157434503	0.01614184139	0	0.576	0.551	0.0104579157434503	0.01614184139	ID	1000	A36	C2	1000	10000	0	0.5	300	0
405	0.0184697349357501	-0.000293201204998061	0	0.353	0.987	0.0184697349357501	-0.000293201204998061	1	1000	A36	C2	1000	10000	0	0.5	300	0.1
406	0.0174849339822494	5.37870649982197e-05	0	0.404	0.997	0.0174849339822494	5.37870649982197e-05	FGr	1000	A36	C2	1000	10000	0	0.5	300	0.1
407	0.0175849515817893	0.00355166638000073	0	0.375	0.895	0.0175849515817893	0.00355166638000073	NoCorrection	1000	A36	C2	1000	10000	0	0.5	300	0.1
408	0.0180625231943503	0.00831206152500039	0	0.343	0.776	0.0180625231943503	0.00831206152500039	ID	1000	A36	C2	1000	10000	0	0.5	300	0.1
409	-0.00735061011399989	0.0709486263349995	0	0.675	0.029	-0.00735061011399989	0.0709486263349995	1	1000	A36	C2	1000	10000	0	0.5	300	0.5
410	-0.01014271613152	0.0948275260700003	0	0.654	0.012	-0.01014271613152	0.0948275260700003	FGr	1000	A36	C2	1000	10000	0	0.5	300	0.5
411	-0.01034307747715	0.103347662885	0	0.628	0.005	-0.01034307747715	0.103347662885	NoCorrection	1000	A36	C2	1000	10000	0	0.5	300	0.5
412	-0.00918650870629997	0.0589641421750003	0	0.598	0.069	-0.00918650870629997	0.0589641421750003	ID	1000	A36	C2	1000	10000	0	0.5	300	0.5
413	0.0178301557364	-0.00133787907500009	0	0.384	0.963	0.0178301557364	-0.00133787907500009	1	1000	A36	C2	1000	10000	0	0.5	300	1
414	0.0124984022826499	-0.00521480777499992	0	0.674	0.917	0.0124984022826499	-0.00521480777499992	FGr	1000	A36	C2	1000	10000	0	0.5	300	1
415	0.0123671829199997	-0.00505670708500026	0	0.69	0.912	0.0123671829199997	-0.00505670708500026	NoCorrection	1000	A36	C2	1000	10000	0	0.5	300	1
416	0.0146651210119997	-0.00788545251500015	0	0.487	0.819	0.0146651210119997	-0.00788545251500015	ID	1000	A36	C2	1000	10000	0	0.5	300	1
417	-0.00859104015889968	-0.0579859639200011	0	0.683	0.214	-0.00859104015889968	-0.0579859639200011	1	10000	A36	C2	1000	10000	0	0.5	300	0
418	-0.00840802154469993	-0.0480959743799988	0	0.687	0.288	-0.00840802154469993	-0.0480959743799988	FGr	10000	A36	C2	1000	10000	0	0.5	300	0
419	-0.00856835578590004	-0.0475307584299999	0	0.715	0.336	-0.00856835578590004	-0.0475307584299999	NoCorrection	10000	A36	C2	1000	10000	0	0.5	300	0
420	-0.00854389211260025	-0.0480047488200005	0	0.663	0.331	-0.00854389211260025	-0.0480047488200005	ID	10000	A36	C2	1000	10000	0	0.5	300	0
421	-0.00535952202299989	0.0575363515849999	0	0.782	0.237	-0.00535952202299989	0.0575363515849999	1	10000	A36	C2	1000	10000	0	0.5	300	0.1
422	-0.00522929528754999	0.0314818486500009	0	0.808	0.494	-0.00522929528754999	0.0314818486500009	FGr	10000	A36	C2	1000	10000	0	0.5	300	0.1
423	-0.00477741226948994	0.0330352594899999	0	0.809	0.495	-0.00477741226948994	0.0330352594899999	NoCorrection	10000	A36	C2	1000	10000	0	0.5	300	0.1
424	-0.00520487905934983	0.0509064535999996	0	0.791	0.277	-0.00520487905934983	0.0509064535999996	ID	10000	A36	C2	1000	10000	0	0.5	300	0.1
425	0.0032658171736	0.0183445256899991	0	0.865	0.704	0.0032658171736	0.0183445256899991	1	10000	A36	C2	1000	10000	0	0.5	300	0.5
426	0.00498098531951001	0.0170405004500002	0	0.81	0.742	0.00498098531951001	0.0170405004500002	FGr	10000	A36	C2	1000	10000	0	0.5	300	0.5
427	0.00481741214672001	0.012381794	0	0.803	0.81	0.00481741214672001	0.012381794	NoCorrection	10000	A36	C2	1000	10000	0	0.5	300	0.5
428	0.003890345507915	0.0314253919499997	0	0.86	0.535	0.003890345507915	0.0314253919499997	ID	10000	A36	C2	1000	10000	0	0.5	300	0.5
429	0.00779650732849986	0.01113498642	0	0.613	0.819	0.00779650732849986	0.01113498642	1	10000	A36	C2	1000	10000	0	0.5	300	1
430	0.0122628962618	0.00435902984999992	0	0.668	0.951	0.0122628962618	0.00435902984999992	FGr	10000	A36	C2	1000	10000	0	0.5	300	1
431	0.0109984407150998	0.0342204922500004	0	0.69	0.632	0.0109984407150998	0.0342204922500004	NoCorrection	10000	A36	C2	1000	10000	0	0.5	300	1
432	0.00923475560469959	0.0400739149950001	0	0.589	0.394	0.00923475560469959	0.0400739149950001	ID	10000	A36	C2	1000	10000	0	0.5	300	1
433	-0.015907513165	-0.015907513165	0	0.13	0.168	-0.015907513165	-0.015907513165	1	300	A36	C2	10000	100	0	0.5	300	0
434	-0.01524524496	-0.01524524496	0	0.178	0.203	-0.01524524496	-0.01524524496	FGr	300	A36	C2	10000	100	0	0.5	300	0
435	-0.015173875268	-0.015173875268	0	0.18	0.194	-0.015173875268	-0.015173875268	NoCorrection	300	A36	C2	10000	100	0	0.5	300	0
436	-0.015681742071	-0.015681742071	0	0.18	0.156	-0.015681742071	-0.015681742071	ID	300	A36	C2	10000	100	0	0.5	300	0
437	-0.01537392292	-0.01537392292	0	0.138	0.142	-0.01537392292	-0.01537392292	1	300	A36	C2	10000	100	0	0.5	300	0.1
438	-0.012331563195	-0.012331563195	0	0.313	0.312	-0.012331563195	-0.012331563195	FGr	300	A36	C2	10000	100	0	0.5	300	0.1
439	-0.012384393815	-0.012384393815	0	0.325	0.309	-0.012384393815	-0.012384393815	NoCorrection	300	A36	C2	10000	100	0	0.5	300	0.1
440	-0.01475206548	-0.01475206548	0	0.152	0.152	-0.01475206548	-0.01475206548	ID	300	A36	C2	10000	100	0	0.5	300	0.1
441	0.000447346870300009	0.000447346870300007	0	0.963	0.975	0.000447346870300009	0.000447346870300007	1	300	A36	C2	10000	100	0	0.5	300	0.5
442	0.00988670338999999	0.00988670339	0	0.658	0.646	0.00988670338999999	0.00988670339	FGr	300	A36	C2	10000	100	0	0.5	300	0.5
443	0.009809798619	0.009809798619	0	0.656	0.682	0.009809798619	0.009809798619	NoCorrection	300	A36	C2	10000	100	0	0.5	300	0.5
444	0.00198311129749999	0.00198311129750002	0	0.856	0.861	0.00198311129749999	0.00198311129750002	ID	300	A36	C2	10000	100	0	0.5	300	0.5
445	-0.02011200554	-0.02011200554	0	0.083	0.073	-0.02011200554	-0.02011200554	1	300	A36	C2	10000	100	0	0.5	300	1
446	-0.00346521443999999	-0.00346521443999998	0	0.916	0.92	-0.00346521443999999	-0.00346521443999998	FGr	300	A36	C2	10000	100	0	0.5	300	1
447	-0.00359585571	-0.00359585571000002	0	0.92	0.914	-0.00359585571	-0.00359585571000002	NoCorrection	300	A36	C2	10000	100	0	0.5	300	1
448	-0.018181119278	-0.018181119278	0	0.071	0.075	-0.018181119278	-0.018181119278	ID	300	A36	C2	10000	100	0	0.5	300	1
449	0.0042505723135	-0.007323781	0	0.669	0.666	0.0042505723135	-0.007323781	1	1000	A36	C2	10000	100	0	0.5	300	0
450	0.00372658465000001	-0.007604841	0	0.714	0.676	0.00372658465000001	-0.007604841	FGr	1000	A36	C2	10000	100	0	0.5	300	0
451	0.00372566215	-0.007599957	0	0.696	0.635	0.00372566215	-0.007599957	NoCorrection	1000	A36	C2	10000	100	0	0.5	300	0
452	0.00436603188599999	-0.007093457	0	0.664	0.647	0.00436603188599999	-0.007093457	ID	1000	A36	C2	10000	100	0	0.5	300	0
453	0.00179019852	0.032804428	0	0.845	0.085	0.00179019852	0.032804428	1	1000	A36	C2	10000	100	0	0.5	300	0.1
454	0.000823582662499993	0.0302844885	0	0.944	0.1	0.000823582662499993	0.0302844885	FGr	1000	A36	C2	10000	100	0	0.5	300	0.1
455	0.000843676161999993	0.031349117	0	0.936	0.094	0.000843676161999993	0.031349117	NoCorrection	1000	A36	C2	10000	100	0	0.5	300	0.1
456	0.001888475719	0.031903164	0	0.863	0.102	0.001888475719	0.031903164	ID	1000	A36	C2	10000	100	0	0.5	300	0.1
457	0.010092615499	0.0057696285	0	0.358	0.738	0.010092615499	0.0057696285	1	1000	A36	C2	10000	100	0	0.5	300	0.5
458	0.002519538565	0.00794875349999999	0	0.921	0.846	0.002519538565	0.00794875349999999	FGr	1000	A36	C2	10000	100	0	0.5	300	0.5
459	0.002541273355	0.0048093895	0	0.914	0.88	0.002541273355	0.0048093895	NoCorrection	1000	A36	C2	10000	100	0	0.5	300	0.5
460	0.00984662396	0.0117140835	0	0.336	0.522	0.00984662396	0.0117140835	ID	1000	A36	C2	10000	100	0	0.5	300	0.5
461	0.001953073775	0.022070291	0	0.859	0.249	0.001953073775	0.022070291	1	1000	A36	C2	10000	100	0	0.5	300	1
462	-0.01226489885	0.027086302	0	0.759	0.69	-0.01226489885	0.027086302	FGr	1000	A36	C2	10000	100	0	0.5	300	1
463	-0.01223515775	0.0243231335	0	0.741	0.696	-0.01223515775	0.0243231335	NoCorrection	1000	A36	C2	10000	100	0	0.5	300	1
464	0.00126845756999999	0.022418244	0	0.923	0.234	0.00126845756999999	0.022418244	ID	1000	A36	C2	10000	100	0	0.5	300	1
465	-0.00189906357	0.0149093355	0	0.86	0.625	-0.00189906357	0.0149093355	1	10000	A36	C2	10000	100	0	0.5	300	0
466	-0.003553352585	0.0169764675	0	0.717	0.558	-0.003553352585	0.0169764675	FGr	10000	A36	C2	10000	100	0	0.5	300	0
467	-0.003606077005	0.010494801	0	0.741	0.737	-0.003606077005	0.010494801	NoCorrection	10000	A36	C2	10000	100	0	0.5	300	0
468	-0.00191026677	0.0108531045	0	0.873	0.73	-0.00191026677	0.0108531045	ID	10000	A36	C2	10000	100	0	0.5	300	0
469	0.0064687231615	0.0559320495	0	0.542	0.057	0.0064687231615	0.0559320495	1	10000	A36	C2	10000	100	0	0.5	300	0.1
470	0.000662367103499996	0.0359220105	0	0.947	0.232	0.000662367103499996	0.0359220105	FGr	10000	A36	C2	10000	100	0	0.5	300	0.1
471	0.000649561954000004	0.0383955385	0	0.955	0.198	0.000649561954000004	0.0383955385	NoCorrection	10000	A36	C2	10000	100	0	0.5	300	0.1
472	0.00608763926499999	0.039817284	0	0.552	0.175	0.00608763926499999	0.039817284	ID	10000	A36	C2	10000	100	0	0.5	300	0.1
473	-0.012836677223	0.0117798575	0	0.202	0.656	-0.012836677223	0.0117798575	1	10000	A36	C2	10000	100	0	0.5	300	0.5
474	-0.0456272316525	0.0122048385	0	0.018	0.827	-0.0456272316525	0.0122048385	FGr	10000	A36	C2	10000	100	0	0.5	300	0.5
475	-0.045657299825	0.00840702949999999	0	0.018	0.888	-0.045657299825	0.00840702949999999	NoCorrection	10000	A36	C2	10000	100	0	0.5	300	0.5
476	-0.012853026883	0.017477034	0	0.217	0.475	-0.012853026883	0.017477034	ID	10000	A36	C2	10000	100	0	0.5	300	0.5
477	-0.017415916714	0.0068554715000001	0	0.14	0.803	-0.017415916714	0.0068554715000001	1	10000	A36	C2	10000	100	0	0.5	300	1
478	-0.0792688532699999	-0.000553390000000019	0	0.04	0.994	-0.0792688532699999	-0.000553390000000019	FGr	10000	A36	C2	10000	100	0	0.5	300	1
479	-0.079309303602	-0.00291943500000008	0	0.037	0.986	-0.079309303602	-0.00291943500000008	NoCorrection	10000	A36	C2	10000	100	0	0.5	300	1
480	-0.017301483415	0.00334745149999998	0	0.148	0.917	-0.017301483415	0.00334745149999998	ID	10000	A36	C2	10000	100	0	0.5	300	1
481	-0.00817318569085	-0.00817318569084999	0	0.188	0.209	-0.00817318569085	-0.00817318569084999	1	300	A36	C2	10000	1000	0	0.5	300	0
482	-0.00765590105004997	-0.00765590105004998	0	0.251	0.243	-0.00765590105004997	-0.00765590105004998	FGr	300	A36	C2	10000	1000	0	0.5	300	0
483	-0.00774325188138	-0.00774325188137999	0	0.231	0.207	-0.00774325188138	-0.00774325188137999	NoCorrection	300	A36	C2	10000	1000	0	0.5	300	0
484	-0.00784640487315004	-0.00784640487315004	0	0.198	0.207	-0.00784640487315004	-0.00784640487315004	ID	300	A36	C2	10000	1000	0	0.5	300	0
485	0.00371322696530003	0.00371322696530003	0	0.498	0.486	0.00371322696530003	0.00371322696530003	1	300	A36	C2	10000	1000	0	0.5	300	0.1
486	0.003045066904	0.00304506690399999	0	0.598	0.599	0.003045066904	0.00304506690399999	FGr	300	A36	C2	10000	1000	0	0.5	300	0.1
487	0.00302863611800002	0.00302863611800003	0	0.594	0.61	0.00302863611800002	0.00302863611800003	NoCorrection	300	A36	C2	10000	1000	0	0.5	300	0.1
488	0.00378830848949997	0.00378830848949999	0	0.526	0.489	0.00378830848949997	0.00378830848949999	ID	300	A36	C2	10000	1000	0	0.5	300	0.1
489	0.00167989168225	0.00167989168225	0	0.792	0.783	0.00167989168225	0.00167989168225	1	300	A36	C2	10000	1000	0	0.5	300	0.5
490	-0.00170769064779998	-0.00170769064779999	0	0.865	0.853	-0.00170769064779998	-0.00170769064779999	FGr	300	A36	C2	10000	1000	0	0.5	300	0.5
491	-0.00174431779066495	-0.00174431779066497	0	0.862	0.846	-0.00174431779066495	-0.00174431779066497	NoCorrection	300	A36	C2	10000	1000	0	0.5	300	0.5
492	0.00146223828485	0.00146223828485	0	0.803	0.816	0.00146223828485	0.00146223828485	ID	300	A36	C2	10000	1000	0	0.5	300	0.5
493	0.003671658477	0.003671658477	0	0.572	0.542	0.003671658477	0.003671658477	1	300	A36	C2	10000	1000	0	0.5	300	1
494	-0.00341443777800001	-0.003414437778	0	0.858	0.873	-0.00341443777800001	-0.003414437778	FGr	300	A36	C2	10000	1000	0	0.5	300	1
495	-0.00345530574250002	-0.00345530574250002	0	0.851	0.857	-0.00345530574250002	-0.00345530574250002	NoCorrection	300	A36	C2	10000	1000	0	0.5	300	1
496	0.00325059263515001	0.00325059263515001	0	0.627	0.615	0.00325059263515001	0.00325059263515001	ID	300	A36	C2	10000	1000	0	0.5	300	1
497	0.00417485519100002	-0.00640400269999994	0	0.501	0.581	0.00417485519100002	-0.00640400269999994	1	1000	A36	C2	10000	1000	0	0.5	300	0
498	0.00450942994025001	-0.00659642780000001	0	0.469	0.531	0.00450942994025001	-0.00659642780000001	FGr	1000	A36	C2	10000	1000	0	0.5	300	0
499	0.00456044995819993	-0.00709032294999996	0	0.462	0.516	0.00456044995819993	-0.00709032294999996	NoCorrection	1000	A36	C2	10000	1000	0	0.5	300	0
500	0.00452970081288995	-0.00707480415000002	0	0.479	0.51	0.00452970081288995	-0.00707480415000002	ID	1000	A36	C2	10000	1000	0	0.5	300	0
501	-0.00654103249849999	-0.00541703589999998	0	0.364	0.599	-0.00654103249849999	-0.00541703589999998	1	1000	A36	C2	10000	1000	0	0.5	300	0.1
502	-0.00967660579799999	-0.00603625815000003	0	0.185	0.621	-0.00967660579799999	-0.00603625815000003	FGr	1000	A36	C2	10000	1000	0	0.5	300	0.1
503	-0.0095036759285	-0.00684837689999996	0	0.186	0.531	-0.0095036759285	-0.00684837689999996	NoCorrection	1000	A36	C2	10000	1000	0	0.5	300	0.1
504	-0.00628080832975	-0.00133572829999994	0	0.339	0.93	-0.00628080832975	-0.00133572829999994	ID	1000	A36	C2	10000	1000	0	0.5	300	0.1
505	-0.0091599076305	-0.01227709795	0	0.13	0.251	-0.0091599076305	-0.01227709795	1	1000	A36	C2	10000	1000	0	0.5	300	0.5
506	-0.021390358046	0.01610163105	0	0.048	0.38	-0.021390358046	0.01610163105	FGr	1000	A36	C2	10000	1000	0	0.5	300	0.5
507	-0.0212004973735	0.0180151711499999	0	0.062	0.336	-0.0212004973735	0.0180151711499999	NoCorrection	1000	A36	C2	10000	1000	0	0.5	300	0.5
508	-0.00956958198680001	-0.0182102256	0	0.118	0.084	-0.00956958198680001	-0.0182102256	ID	1000	A36	C2	10000	1000	0	0.5	300	0.5
509	-0.00487727565215	-0.00481265315	0	0.421	0.65	-0.00487727565215	-0.00481265315	1	1000	A36	C2	10000	1000	0	0.5	300	1
510	-0.0323173825995001	0.0512490294	0	0.113	0.164	-0.0323173825995001	0.0512490294	FGr	1000	A36	C2	10000	1000	0	0.5	300	1
511	-0.032112459043	0.0557352882	0	0.11	0.144	-0.032112459043	0.0557352882	NoCorrection	1000	A36	C2	10000	1000	0	0.5	300	1
512	-0.00638863123745	-0.00162699005	0	0.29	0.861	-0.00638863123745	-0.00162699005	ID	1000	A36	C2	10000	1000	0	0.5	300	1
513	0.000960159615500013	-0.0106987094000001	0	0.885	0.505	0.000960159615500013	-0.0106987094000001	1	10000	A36	C2	10000	1000	0	0.5	300	0
514	0.000804198534050006	-0.00688039265000009	0	0.906	0.688	0.000804198534050006	-0.00688039265000009	FGr	10000	A36	C2	10000	1000	0	0.5	300	0
515	0.000772431629500001	-0.00882988339999992	0	0.914	0.591	0.000772431629500001	-0.00882988339999992	NoCorrection	10000	A36	C2	10000	1000	0	0.5	300	0
516	0.000932872889650018	-0.00823651299999997	0	0.87	0.582	0.000932872889650018	-0.00823651299999997	ID	10000	A36	C2	10000	1000	0	0.5	300	0
517	-0.001481114645	0.0362310812500001	0	0.813	0.032	-0.001481114645	0.0362310812500001	1	10000	A36	C2	10000	1000	0	0.5	300	0.1
518	-0.0026837699135	0.0136549588500001	0	0.694	0.471	-0.0026837699135	0.0136549588500001	FGr	10000	A36	C2	10000	1000	0	0.5	300	0.1
519	-0.00264137649550002	0.0120708914	0	0.673	0.53	-0.00264137649550002	0.0120708914	NoCorrection	10000	A36	C2	10000	1000	0	0.5	300	0.1
520	-0.00157113847794999	0.0365534286999999	0	0.807	0.031	-0.00157113847794999	0.0365534286999999	ID	10000	A36	C2	10000	1000	0	0.5	300	0.1
521	0.00109172334692	0.00960811635	0	0.866	0.593	0.00109172334692	0.00960811635	1	10000	A36	C2	10000	1000	0	0.5	300	0.5
522	-0.00511011460004999	0.00804608479999996	0	0.673	0.794	-0.00511011460004999	0.00804608479999996	FGr	10000	A36	C2	10000	1000	0	0.5	300	0.5
523	-0.0051458001471	0.00806103784999997	0	0.662	0.783	-0.0051458001471	0.00806103784999997	NoCorrection	10000	A36	C2	10000	1000	0	0.5	300	0.5
524	0.00051820520785001	0.00673964594999999	0	0.933	0.677	0.00051820520785001	0.00673964594999999	ID	10000	A36	C2	10000	1000	0	0.5	300	0.5
525	0.000444473802000002	0.00381690780000008	0	0.952	0.814	0.000444473802000002	0.00381690780000008	1	10000	A36	C2	10000	1000	0	0.5	300	1
526	-0.012694918847	-0.0314807275000001	0	0.586	0.576	-0.012694918847	-0.0314807275000001	FGr	10000	A36	C2	10000	1000	0	0.5	300	1
527	-0.0128225156459999	-0.0313234799999998	0	0.571	0.591	-0.0128225156459999	-0.0313234799999998	NoCorrection	10000	A36	C2	10000	1000	0	0.5	300	1
528	-0.000899239789750028	0.0119172384	0	0.88	0.511	-0.000899239789750028	0.0119172384	ID	10000	A36	C2	10000	1000	0	0.5	300	1
529	0.00337364801888003	0.00337364801888007	0	0.613	0.592	0.00337364801888003	0.00337364801888007	1	300	A36	C2	10000	10000	0	0.5	300	0
530	0.00329140028899494	0.00329140028899496	0	0.587	0.609	0.00329140028899494	0.00329140028899496	FGr	300	A36	C2	10000	10000	0	0.5	300	0
531	0.00330156149165007	0.00330156149165007	0	0.608	0.627	0.00330156149165007	0.00330156149165007	NoCorrection	300	A36	C2	10000	10000	0	0.5	300	0
532	0.00342443353008005	0.00342443353008003	0	0.595	0.591	0.00342443353008005	0.00342443353008003	ID	300	A36	C2	10000	10000	0	0.5	300	0
533	0.004701808139455	0.004701808139455	0	0.443	0.45	0.004701808139455	0.004701808139455	1	300	A36	C2	10000	10000	0	0.5	300	0.1
534	0.00321340319154002	0.00321340319154001	0	0.66	0.641	0.00321340319154002	0.00321340319154001	FGr	300	A36	C2	10000	10000	0	0.5	300	0.1
535	0.00321584700558	0.00321584700558	0	0.619	0.647	0.00321584700558	0.00321584700558	NoCorrection	300	A36	C2	10000	10000	0	0.5	300	0.1
536	0.0045681647425	0.0045681647425	0	0.471	0.456	0.0045681647425	0.0045681647425	ID	300	A36	C2	10000	10000	0	0.5	300	0.1
537	0.00851159237694989	0.00851159237694988	0	0.175	0.204	0.00851159237694989	0.00851159237694988	1	300	A36	C2	10000	10000	0	0.5	300	0.5
538	0.00106913163696497	0.00106913163696498	0	0.917	0.936	0.00106913163696497	0.00106913163696498	FGr	300	A36	C2	10000	10000	0	0.5	300	0.5
539	0.00107089993617997	0.00107089993618	0	0.925	0.927	0.00107089993617997	0.00107089993618	NoCorrection	300	A36	C2	10000	10000	0	0.5	300	0.5
540	0.00736692621720002	0.00736692621720002	0	0.241	0.239	0.00736692621720002	0.00736692621720002	ID	300	A36	C2	10000	10000	0	0.5	300	0.5
541	0.00707881689983501	0.00707881689983501	0	0.245	0.259	0.00707881689983501	0.00707881689983501	1	300	A36	C2	10000	10000	0	0.5	300	1
542	-0.00890531484996001	-0.00890531484996001	0	0.699	0.685	-0.00890531484996001	-0.00890531484996001	FGr	300	A36	C2	10000	10000	0	0.5	300	1
543	-0.00885031012724993	-0.00885031012724993	0	0.689	0.697	-0.00885031012724993	-0.00885031012724993	NoCorrection	300	A36	C2	10000	10000	0	0.5	300	1
544	0.00444700765269802	0.00444700765269801	0	0.421	0.456	0.00444700765269802	0.00444700765269801	ID	300	A36	C2	10000	10000	0	0.5	300	1
545	0.00843122148397987	0.00498388393499996	0	0.188	0.59	0.00843122148397987	0.00498388393499996	1	1000	A36	C2	10000	10000	0	0.5	300	0
546	0.00924929642390003	0.00630969507500001	0	0.139	0.496	0.00924929642390003	0.00630969507500001	FGr	1000	A36	C2	10000	10000	0	0.5	300	0
547	0.00919771909299997	0.00641262900500001	0	0.124	0.542	0.00919771909299997	0.00641262900500001	NoCorrection	1000	A36	C2	10000	10000	0	0.5	300	0
548	0.00821666396574999	0.0040365377450001	0	0.215	0.662	0.00821666396574999	0.0040365377450001	ID	1000	A36	C2	10000	10000	0	0.5	300	0
549	0.00324288953587995	0.0231117224100001	0	0.586	0.021	0.00324288953587995	0.0231117224100001	1	1000	A36	C2	10000	10000	0	0.5	300	0.1
550	-0.000109719779799871	0.00815062236499968	0	0.982	0.416	-0.000109719779799871	0.00815062236499968	FGr	1000	A36	C2	10000	10000	0	0.5	300	0.1
551	-3.88765516200252e-05	0.00735574155000014	0	0.993	0.495	-3.88765516200252e-05	0.00735574155000014	NoCorrection	1000	A36	C2	10000	10000	0	0.5	300	0.1
552	0.0028127427173001	0.0208762263149996	0	0.664	0.03	0.0028127427173001	0.0208762263149996	ID	1000	A36	C2	10000	10000	0	0.5	300	0.1
553	0.009865041604245	0.0209590174300001	0	0.083	0.037	0.009865041604245	0.0209590174300001	1	1000	A36	C2	10000	10000	0	0.5	300	0.5
554	-0.00647028890740021	0.00709087603499997	0	0.571	0.711	-0.00647028890740021	0.00709087603499997	FGr	1000	A36	C2	10000	10000	0	0.5	300	0.5
555	-0.00671797236345	0.00611216313499972	0	0.577	0.758	-0.00671797236345	0.00611216313499972	NoCorrection	1000	A36	C2	10000	10000	0	0.5	300	0.5
556	0.00997256460926001	0.022148300355	0	0.085	0.03	0.00997256460926001	0.022148300355	ID	1000	A36	C2	10000	10000	0	0.5	300	0.5
557	0.00237550057008999	-0.00612313558500001	0	0.707	0.538	0.00237550057008999	-0.00612313558500001	1	1000	A36	C2	10000	10000	0	0.5	300	1
558	-0.0288020699994304	-0.0182848693799995	0	0.154	0.584	-0.0288020699994304	-0.0182848693799995	FGr	1000	A36	C2	10000	10000	0	0.5	300	1
559	-0.0290758874600497	-0.0164533259199998	0	0.145	0.64	-0.0290758874600497	-0.0164533259199998	NoCorrection	1000	A36	C2	10000	10000	0	0.5	300	1
560	0.00225237009634	-0.00306313429000003	0	0.69	0.742	0.00225237009634	-0.00306313429000003	ID	1000	A36	C2	10000	10000	0	0.5	300	1
561	0.00511246816135983	-0.00710366381500013	0	0.459	0.644	0.00511246816135983	-0.00710366381500013	1	10000	A36	C2	10000	10000	0	0.5	300	0
562	0.00564349477591487	-0.00371214647500013	0	0.39	0.798	0.00564349477591487	-0.00371214647500013	FGr	10000	A36	C2	10000	10000	0	0.5	300	0
563	0.00558402948491445	-0.00678921379	0	0.409	0.66	0.00558402948491445	-0.00678921379	NoCorrection	10000	A36	C2	10000	10000	0	0.5	300	0
564	0.00487622197159402	-0.012033972575	0	0.449	0.468	0.00487622197159402	-0.012033972575	ID	10000	A36	C2	10000	10000	0	0.5	300	0
565	0.00396426748954992	0.04085827794	0	0.558	0.011	0.00396426748954992	0.04085827794	1	10000	A36	C2	10000	10000	0	0.5	300	0.1
566	0.00963201629339989	0.032023607425	0	0.158	0.059	0.00963201629339989	0.032023607425	FGr	10000	A36	C2	10000	10000	0	0.5	300	0.1
567	0.00958535746396007	0.0326845894250003	0	0.187	0.054	0.00958535746396007	0.0326845894250003	NoCorrection	10000	A36	C2	10000	10000	0	0.5	300	0.1
568	0.00402140538937499	0.038575555115	0	0.545	0.014	0.00402140538937499	0.038575555115	ID	10000	A36	C2	10000	10000	0	0.5	300	0.1
569	0.00192728172829992	-0.021176479305	0	0.716	0.197	0.00192728172829992	-0.021176479305	1	10000	A36	C2	10000	10000	0	0.5	300	0.5
570	0.0231970008959752	-0.0135420122500019	0	0.085	0.651	0.0231970008959752	-0.0135420122500019	FGr	10000	A36	C2	10000	10000	0	0.5	300	0.5
571	0.0232937869284754	-0.0105804172849998	0	0.078	0.717	0.0232937869284754	-0.0105804172849998	NoCorrection	10000	A36	C2	10000	10000	0	0.5	300	0.5
572	0.00198455719269998	-0.026808474995	0	0.698	0.087	0.00198455719269998	-0.026808474995	ID	10000	A36	C2	10000	10000	0	0.5	300	0.5
573	-0.00506006716371494	0.030352560625	0	0.387	0.049	-0.00506006716371494	0.030352560625	1	10000	A36	C2	10000	10000	0	0.5	300	1
574	0.0374124985877001	0.0145577689999999	0	0.134	0.775	0.0374124985877001	0.0145577689999999	FGr	10000	A36	C2	10000	10000	0	0.5	300	1
575	0.0375724030587553	0.0132144594999999	0	0.157	0.801	0.0375724030587553	0.0132144594999999	NoCorrection	10000	A36	C2	10000	10000	0	0.5	300	1
576	-0.00523317723484996	0.02807239022	0	0.398	0.091	-0.00523317723484996	0.02807239022	ID	10000	A36	C2	10000	10000	0	0.5	300	1
