	c-q	nc-q	true-q	c-p	nc-p	c-bias	nc-bias	type	L	rep	config	gwas_size	test_size	h2	ts	num_causal	env
1	0.00817064649649997	0.00817064649650002	0	0.83	0.837	0.00817064649649997	0.00817064649650002	1	300	A39	C1	1000	100	0	0.5	300	0
2	0.0369422256299999	0.03694222563	0	0.311	0.327	0.0369422256299999	0.03694222563	FGr	300	A39	C1	1000	100	0	0.5	300	0
3	0.0285750161620001	0.028575016162	0	0.432	0.388	0.0285750161620001	0.028575016162	NoCorrection	300	A39	C1	1000	100	0	0.5	300	0
4	0.014694910645	0.0146949106450001	0	0.667	0.699	0.014694910645	0.0146949106450001	ID	300	A39	C1	1000	100	0	0.5	300	0
5	0.0202455911102	0.0202455911102	0	0.6	0.583	0.0202455911102	0.0202455911102	1	300	A39	C1	1000	100	0	0.5	300	0.01
6	0.042863607395	0.042863607395	0	0.277	0.261	0.042863607395	0.042863607395	FGr	300	A39	C1	1000	100	0	0.5	300	0.01
7	0.05481451342155	0.05481451342155	0	0.147	0.14	0.05481451342155	0.05481451342155	NoCorrection	300	A39	C1	1000	100	0	0.5	300	0.01
8	6.16402619999829e-05	6.16402620000106e-05	0	0.999	0.998	6.16402619999829e-05	6.16402620000106e-05	ID	300	A39	C1	1000	100	0	0.5	300	0.01
9	0.045562406845	0.045562406845	0	0.224	0.185	0.045562406845	0.045562406845	1	300	A39	C1	1000	100	0	0.5	300	0.03
10	0.04494351746	0.04494351746	0	0.203	0.197	0.04494351746	0.04494351746	FGr	300	A39	C1	1000	100	0	0.5	300	0.03
11	0.035119319181	0.035119319181	0	0.337	0.333	0.035119319181	0.035119319181	NoCorrection	300	A39	C1	1000	100	0	0.5	300	0.03
12	0.0405179822745	0.0405179822745	0	0.265	0.26	0.0405179822745	0.0405179822745	ID	300	A39	C1	1000	100	0	0.5	300	0.03
13	0.049947638545	0.0499476385449999	0	0.208	0.194	0.049947638545	0.0499476385449999	1	300	A39	C1	1000	100	0	0.5	300	0.1
14	0.0346051433	0.0346051433	0	0.368	0.379	0.0346051433	0.0346051433	FGr	300	A39	C1	1000	100	0	0.5	300	0.1
15	0.0621569448315	0.0621569448315	0	0.106	0.123	0.0621569448315	0.0621569448315	NoCorrection	300	A39	C1	1000	100	0	0.5	300	0.1
16	-0.002020202745	-0.00202020274499999	0	0.967	0.96	-0.002020202745	-0.00202020274499999	ID	300	A39	C1	1000	100	0	0.5	300	0.1
17	-0.088645018605	-0.1045312	0	0.032	0.092	-0.088645018605	-0.1045312	1	1000	A39	C1	1000	100	0	0.5	300	0
18	-0.0747010933520001	-0.0710529630000001	0	0.058	0.254	-0.0747010933520001	-0.0710529630000001	FGr	1000	A39	C1	1000	100	0	0.5	300	0
19	-0.089126585623	-0.111405224	0	0.031	0.069	-0.089126585623	-0.111405224	NoCorrection	1000	A39	C1	1000	100	0	0.5	300	0
20	-0.099217525135	-0.1467585095	0	0.023	0.016	-0.099217525135	-0.1467585095	ID	1000	A39	C1	1000	100	0	0.5	300	0
21	-0.0144868612	0.023046548	0	0.698	0.676	-0.0144868612	0.023046548	1	1000	A39	C1	1000	100	0	0.5	300	0.01
22	-0.01132985532	0.022958828	0	0.723	0.684	-0.01132985532	0.022958828	FGr	1000	A39	C1	1000	100	0	0.5	300	0.01
23	-0.01861974112	0.0154451265	0	0.593	0.785	-0.01861974112	0.0154451265	NoCorrection	1000	A39	C1	1000	100	0	0.5	300	0.01
24	-0.011017904465	0.0287455355	0	0.742	0.644	-0.011017904465	0.0287455355	ID	1000	A39	C1	1000	100	0	0.5	300	0.01
25	0.01046327986	-0.00426615100000001	0	0.782	0.945	0.01046327986	-0.00426615100000001	1	1000	A39	C1	1000	100	0	0.5	300	0.03
26	0.049359055185	0.1156280155	0	0.244	0.073	0.049359055185	0.1156280155	FGr	1000	A39	C1	1000	100	0	0.5	300	0.03
27	0.05409399948	0.1270404155	0	0.192	0.062	0.05409399948	0.1270404155	NoCorrection	1000	A39	C1	1000	100	0	0.5	300	0.03
28	0.019328309399	0.017581617	0	0.626	0.813	0.019328309399	0.017581617	ID	1000	A39	C1	1000	100	0	0.5	300	0.03
29	-0.05951166145	-0.147664348	0	0.186	0.022	-0.05951166145	-0.147664348	1	1000	A39	C1	1000	100	0	0.5	300	0.1
30	-0.0567870962615	-0.1374005325	0	0.174	0.026	-0.0567870962615	-0.1374005325	FGr	1000	A39	C1	1000	100	0	0.5	300	0.1
31	-0.02732141121	-0.0473749475	0	0.527	0.484	-0.02732141121	-0.0473749475	NoCorrection	1000	A39	C1	1000	100	0	0.5	300	0.1
32	-0.0648759177	-0.1481090835	0	0.148	0.026	-0.0648759177	-0.1481090835	ID	1000	A39	C1	1000	100	0	0.5	300	0.1
33	-0.0619092584850001	-0.0148059815	0	0.089	0.864	-0.0619092584850001	-0.0148059815	1	10000	A39	C1	1000	100	0	0.5	300	0
34	-0.058909472895	0.0154804830000001	0	0.082	0.87	-0.058909472895	0.0154804830000001	FGr	10000	A39	C1	1000	100	0	0.5	300	0
35	-0.065173375195	-0.0241134675000002	0	0.059	0.808	-0.065173375195	-0.0241134675000002	NoCorrection	10000	A39	C1	1000	100	0	0.5	300	0
36	-0.06238600432	-0.00910178149999982	0	0.092	0.916	-0.06238600432	-0.00910178149999982	ID	10000	A39	C1	1000	100	0	0.5	300	0
37	0.0249197734895	0.1055258665	0	0.51	0.319	0.0249197734895	0.1055258665	1	10000	A39	C1	1000	100	0	0.5	300	0.01
38	0.01467243307	0.0553551100000001	0	0.728	0.592	0.01467243307	0.0553551100000001	FGr	10000	A39	C1	1000	100	0	0.5	300	0.01
39	0.025815630177	0.0996830915	0	0.496	0.334	0.025815630177	0.0996830915	NoCorrection	10000	A39	C1	1000	100	0	0.5	300	0.01
40	0.0240245363031	0.1083773005	0	0.567	0.294	0.0240245363031	0.1083773005	ID	10000	A39	C1	1000	100	0	0.5	300	0.01
41	0.04579790249	0.011100166	0	0.213	0.911	0.04579790249	0.011100166	1	10000	A39	C1	1000	100	0	0.5	300	0.03
42	0.04876313967	0.0464157605	0	0.169	0.607	0.04876313967	0.0464157605	FGr	10000	A39	C1	1000	100	0	0.5	300	0.03
43	0.06166835492755	0.129866614	0	0.092	0.187	0.06166835492755	0.129866614	NoCorrection	10000	A39	C1	1000	100	0	0.5	300	0.03
44	0.04262302045	-0.000651817499999962	0	0.252	0.995	0.04262302045	-0.000651817499999962	ID	10000	A39	C1	1000	100	0	0.5	300	0.03
45	0.02138630065	0.0872536254999999	0	0.588	0.326	0.02138630065	0.0872536254999999	1	10000	A39	C1	1000	100	0	0.5	300	0.1
46	0.02241784695	0.118911114	0	0.57	0.188	0.02241784695	0.118911114	FGr	10000	A39	C1	1000	100	0	0.5	300	0.1
47	0.046899951672	0.218889815	0	0.231	0.023	0.046899951672	0.218889815	NoCorrection	10000	A39	C1	1000	100	0	0.5	300	0.1
48	0.02227088975	0.110143732	0	0.557	0.223	0.02227088975	0.110143732	ID	10000	A39	C1	1000	100	0	0.5	300	0.1
49	0.00508754852049999	0.00508754852049999	0	0.838	0.834	0.00508754852049999	0.00508754852049999	1	300	A39	C1	1000	1000	0	0.5	300	0
50	-0.0443450931948	-0.0443450931948	0	0.088	0.092	-0.0443450931948	-0.0443450931948	FGr	300	A39	C1	1000	1000	0	0.5	300	0
51	-0.04488884345	-0.04488884345	0	0.058	0.068	-0.04488884345	-0.04488884345	NoCorrection	300	A39	C1	1000	1000	0	0.5	300	0
52	-0.0057516803868	-0.00575168038679999	0	0.828	0.794	-0.0057516803868	-0.00575168038679999	ID	300	A39	C1	1000	1000	0	0.5	300	0
53	-0.00272914586750018	-0.00272914586750018	0	0.911	0.926	-0.00272914586750018	-0.00272914586750018	1	300	A39	C1	1000	1000	0	0.5	300	0.01
54	0.03530192615645	0.03530192615645	0	0.171	0.164	0.03530192615645	0.03530192615645	FGr	300	A39	C1	1000	1000	0	0.5	300	0.01
55	0.0480078531272801	0.0480078531272801	0	0.066	0.066	0.0480078531272801	0.0480078531272801	NoCorrection	300	A39	C1	1000	1000	0	0.5	300	0.01
56	-0.0117918613788399	-0.0117918613788399	0	0.663	0.648	-0.0117918613788399	-0.0117918613788399	ID	300	A39	C1	1000	1000	0	0.5	300	0.01
57	-0.033095040935	-0.033095040935	0	0.202	0.182	-0.033095040935	-0.033095040935	1	300	A39	C1	1000	1000	0	0.5	300	0.03
58	-0.0365428503125	-0.0365428503125	0	0.161	0.15	-0.0365428503125	-0.0365428503125	FGr	300	A39	C1	1000	1000	0	0.5	300	0.03
59	-0.04093618984	-0.04093618984	0	0.092	0.119	-0.04093618984	-0.04093618984	NoCorrection	300	A39	C1	1000	1000	0	0.5	300	0.03
60	-0.042647226505	-0.042647226505	0	0.1	0.101	-0.042647226505	-0.042647226505	ID	300	A39	C1	1000	1000	0	0.5	300	0.03
61	0.020687434514	0.0206874345140001	0	0.414	0.438	0.020687434514	0.0206874345140001	1	300	A39	C1	1000	1000	0	0.5	300	0.1
62	0.0443927639765001	0.0443927639765001	0	0.091	0.095	0.0443927639765001	0.0443927639765001	FGr	300	A39	C1	1000	1000	0	0.5	300	0.1
63	0.0679904205100001	0.0679904205100001	0	0.009	0.012	0.0679904205100001	0.0679904205100001	NoCorrection	300	A39	C1	1000	1000	0	0.5	300	0.1
64	0.0286856087525001	0.0286856087525	0	0.308	0.274	0.0286856087525001	0.0286856087525	ID	300	A39	C1	1000	1000	0	0.5	300	0.1
65	-0.0236793447965	0.0141843564000002	0	0.351	0.763	-0.0236793447965	0.0141843564000002	1	1000	A39	C1	1000	1000	0	0.5	300	0
66	-0.0159883127825	0.0314586809000001	0	0.519	0.487	-0.0159883127825	0.0314586809000001	FGr	1000	A39	C1	1000	1000	0	0.5	300	0
67	-0.0164571455305	0.0280185157500001	0	0.474	0.54	-0.0164571455305	0.0280185157500001	NoCorrection	1000	A39	C1	1000	1000	0	0.5	300	0
68	-0.00539700287250004	0.0549481607	0	0.813	0.206	-0.00539700287250004	0.0549481607	ID	1000	A39	C1	1000	1000	0	0.5	300	0
69	0.00361852040600002	0.01756920915	0	0.895	0.676	0.00361852040600002	0.01756920915	1	1000	A39	C1	1000	1000	0	0.5	300	0.01
70	0.000331227228499996	0.00907166955	0	0.987	0.822	0.000331227228499996	0.00907166955	FGr	1000	A39	C1	1000	1000	0	0.5	300	0.01
71	-0.0359180990195	-0.11656581735	0	0.225	0.004	-0.0359180990195	-0.11656581735	NoCorrection	1000	A39	C1	1000	1000	0	0.5	300	0.01
72	0.00456540353549999	0.0217934199	0	0.873	0.586	0.00456540353549999	0.0217934199	ID	1000	A39	C1	1000	1000	0	0.5	300	0.01
73	-0.0553253901955	-0.03312299935	0	0.021	0.454	-0.0553253901955	-0.03312299935	1	1000	A39	C1	1000	1000	0	0.5	300	0.03
74	-0.0430187506655	-0.00532708805000015	0	0.084	0.908	-0.0430187506655	-0.00532708805000015	FGr	1000	A39	C1	1000	1000	0	0.5	300	0.03
75	-0.0441643289429999	-0.00933299265000008	0	0.071	0.815	-0.0441643289429999	-0.00933299265000008	NoCorrection	1000	A39	C1	1000	1000	0	0.5	300	0.03
76	-0.0514460841335	-0.0228555964500001	0	0.04	0.611	-0.0514460841335	-0.0228555964500001	ID	1000	A39	C1	1000	1000	0	0.5	300	0.03
77	-0.0490956101519999	0.0293445609999998	0	0.074	0.512	-0.0490956101519999	0.0293445609999998	1	1000	A39	C1	1000	1000	0	0.5	300	0.1
78	-0.035831669750395	0.07611753795	0	0.18	0.092	-0.035831669750395	0.07611753795	FGr	1000	A39	C1	1000	1000	0	0.5	300	0.1
79	-0.017292699211	0.1199852513	0	0.524	0.006	-0.017292699211	0.1199852513	NoCorrection	1000	A39	C1	1000	1000	0	0.5	300	0.1
80	-0.0412765279595	0.0515352932000002	0	0.126	0.251	-0.0412765279595	0.0515352932000002	ID	1000	A39	C1	1000	1000	0	0.5	300	0.1
81	-0.0134239554482	-0.13228278305	0	0.636	0.038	-0.0134239554482	-0.13228278305	1	10000	A39	C1	1000	1000	0	0.5	300	0
82	-0.0108040753269999	-0.12969786985	0	0.715	0.061	-0.0108040753269999	-0.12969786985	FGr	10000	A39	C1	1000	1000	0	0.5	300	0
83	-0.015689629583	-0.14811380845	0	0.548	0.033	-0.015689629583	-0.14811380845	NoCorrection	10000	A39	C1	1000	1000	0	0.5	300	0
84	-0.010441209824	-0.1231840609	0	0.717	0.07	-0.010441209824	-0.1231840609	ID	10000	A39	C1	1000	1000	0	0.5	300	0
85	-0.001094841562	0.0695426475000001	0	0.966	0.358	-0.001094841562	0.0695426475000001	1	10000	A39	C1	1000	1000	0	0.5	300	0.01
86	-0.00956904345190002	0.028986844	0	0.739	0.675	-0.00956904345190002	0.028986844	FGr	10000	A39	C1	1000	1000	0	0.5	300	0.01
87	0.00319233074350004	0.0987125319999998	0	0.92	0.159	0.00319233074350004	0.0987125319999998	NoCorrection	10000	A39	C1	1000	1000	0	0.5	300	0.01
88	-0.00421002607200004	0.0616272300000001	0	0.877	0.4	-0.00421002607200004	0.0616272300000001	ID	10000	A39	C1	1000	1000	0	0.5	300	0.01
89	-0.0105597196595	-0.0237397198500003	0	0.727	0.733	-0.0105597196595	-0.0237397198500003	1	10000	A39	C1	1000	1000	0	0.5	300	0.03
90	-0.0139004499925	-0.0610267895499999	0	0.64	0.389	-0.0139004499925	-0.0610267895499999	FGr	10000	A39	C1	1000	1000	0	0.5	300	0.03
91	0.01800460864025	0.13995570485	0	0.558	0.047	0.01800460864025	0.13995570485	NoCorrection	10000	A39	C1	1000	1000	0	0.5	300	0.03
92	-0.010129379849	-0.0232947244000001	0	0.755	0.737	-0.010129379849	-0.0232947244000001	ID	10000	A39	C1	1000	1000	0	0.5	300	0.03
93	-0.04846664591056	-0.0265966888000001	0	0.095	0.737	-0.04846664591056	-0.0265966888000001	1	10000	A39	C1	1000	1000	0	0.5	300	0.1
94	-0.0593417095399998	-0.1244943703	0	0.044	0.076	-0.0593417095399998	-0.1244943703	FGr	10000	A39	C1	1000	1000	0	0.5	300	0.1
95	-0.021755004064	0.1377161994	0	0.452	0.045	-0.021755004064	0.1377161994	NoCorrection	10000	A39	C1	1000	1000	0	0.5	300	0.1
96	-0.0514170422144	-0.058052568	0	0.067	0.436	-0.0514170422144	-0.058052568	ID	10000	A39	C1	1000	1000	0	0.5	300	0.1
97	0.0358035945911481	0.0358035945911481	0	0.087	0.104	0.0358035945911481	0.0358035945911481	1	300	A39	C1	1000	10000	0	0.5	300	0
98	0.0385671062667501	0.0385671062667501	0	0.063	0.075	0.0385671062667501	0.0385671062667501	FGr	300	A39	C1	1000	10000	0	0.5	300	0
99	0.0420874788091	0.0420874788091	0	0.041	0.037	0.0420874788091	0.0420874788091	NoCorrection	300	A39	C1	1000	10000	0	0.5	300	0
100	0.0287906203141999	0.0287906203141999	0	0.155	0.173	0.0287906203141999	0.0287906203141999	ID	300	A39	C1	1000	10000	0	0.5	300	0
101	0.0313081366915	0.0313081366915	0	0.214	0.204	0.0313081366915	0.0313081366915	1	300	A39	C1	1000	10000	0	0.5	300	0.01
102	0.03969415286645	0.03969415286645	0	0.086	0.104	0.03969415286645	0.03969415286645	FGr	300	A39	C1	1000	10000	0	0.5	300	0.01
103	0.0270685129669997	0.0270685129669997	0	0.277	0.233	0.0270685129669997	0.0270685129669997	NoCorrection	300	A39	C1	1000	10000	0	0.5	300	0.01
104	0.039859237322	0.0398592373219999	0	0.098	0.106	0.039859237322	0.0398592373219999	ID	300	A39	C1	1000	10000	0	0.5	300	0.01
105	-0.00431531348933019	-0.00431531348933019	0	0.866	0.869	-0.00431531348933019	-0.00431531348933019	1	300	A39	C1	1000	10000	0	0.5	300	0.03
106	0.0134484083037302	0.0134484083037302	0	0.609	0.565	0.0134484083037302	0.0134484083037302	FGr	300	A39	C1	1000	10000	0	0.5	300	0.03
107	0.0317504989604004	0.0317504989604004	0	0.208	0.22	0.0317504989604004	0.0317504989604004	NoCorrection	300	A39	C1	1000	10000	0	0.5	300	0.03
108	-0.00784993036305001	-0.00784993036305001	0	0.755	0.758	-0.00784993036305001	-0.00784993036305001	ID	300	A39	C1	1000	10000	0	0.5	300	0.03
109	0.0227394501041001	0.0227394501041	0	0.391	0.404	0.0227394501041001	0.0227394501041	1	300	A39	C1	1000	10000	0	0.5	300	0.1
110	0.0196222549435	0.0196222549434999	0	0.465	0.49	0.0196222549435	0.0196222549434999	FGr	300	A39	C1	1000	10000	0	0.5	300	0.1
111	0.0206496899481715	0.0206496899481715	0	0.448	0.428	0.0206496899481715	0.0206496899481715	NoCorrection	300	A39	C1	1000	10000	0	0.5	300	0.1
112	0.0212796371853651	0.021279637185365	0	0.432	0.408	0.0212796371853651	0.021279637185365	ID	300	A39	C1	1000	10000	0	0.5	300	0.1
113	-0.00529325065520025	0.0598391146400007	0	0.834	0.156	-0.00529325065520025	0.0598391146400007	1	1000	A39	C1	1000	10000	0	0.5	300	0
114	-0.0224718711866	0.0145134439350001	0	0.387	0.716	-0.0224718711866	0.0145134439350001	FGr	1000	A39	C1	1000	10000	0	0.5	300	0
115	-0.00764282136009959	0.0548828970200007	0	0.74	0.171	-0.00764282136009959	0.0548828970200007	NoCorrection	1000	A39	C1	1000	10000	0	0.5	300	0
116	-0.0116686715827501	0.0496469902999995	0	0.62	0.22	-0.0116686715827501	0.0496469902999995	ID	1000	A39	C1	1000	10000	0	0.5	300	0
117	0.00783318591739966	0.097191941885	0	0.767	0.015	0.00783318591739966	0.097191941885	1	1000	A39	C1	1000	10000	0	0.5	300	0.01
118	0.0230949517330001	0.12587964083	0	0.356	0.002	0.0230949517330001	0.12587964083	FGr	1000	A39	C1	1000	10000	0	0.5	300	0.01
119	0.0268331805735002	0.13400212129	0	0.262	0.001	0.0268331805735002	0.13400212129	NoCorrection	1000	A39	C1	1000	10000	0	0.5	300	0.01
120	0.0196645265334998	0.120133230385	0	0.456	0.001	0.0196645265334998	0.120133230385	ID	1000	A39	C1	1000	10000	0	0.5	300	0.01
121	-0.0362546092127003	-0.000888416425000113	0	0.167	0.983	-0.0362546092127003	-0.000888416425000113	1	1000	A39	C1	1000	10000	0	0.5	300	0.03
122	-0.0510471323787507	-0.0596438741250001	0	0.063	0.195	-0.0510471323787507	-0.0596438741250001	FGr	1000	A39	C1	1000	10000	0	0.5	300	0.03
123	-0.0623253204244797	-0.0950461268750004	0	0.01	0.026	-0.0623253204244797	-0.0950461268750004	NoCorrection	1000	A39	C1	1000	10000	0	0.5	300	0.03
124	-0.0295927654773009	0.01484839193	0	0.249	0.755	-0.0295927654773009	0.01484839193	ID	1000	A39	C1	1000	10000	0	0.5	300	0.03
125	-0.01580942021345	-0.00838621700999911	0	0.512	0.838	-0.01580942021345	-0.00838621700999911	1	1000	A39	C1	1000	10000	0	0.5	300	0.1
126	0.00698121952265503	0.0338152255849995	0	0.772	0.419	0.00698121952265503	0.0338152255849995	FGr	1000	A39	C1	1000	10000	0	0.5	300	0.1
127	0.0264308579747501	0.0889804759599986	0	0.265	0.032	0.0264308579747501	0.0889804759599986	NoCorrection	1000	A39	C1	1000	10000	0	0.5	300	0.1
128	-0.00773666863328006	0.00989939135499958	0	0.736	0.832	-0.00773666863328006	0.00989939135499958	ID	1000	A39	C1	1000	10000	0	0.5	300	0.1
129	-0.0094726667907995	-0.0332217633999997	0	0.748	0.62	-0.0094726667907995	-0.0332217633999997	1	10000	A39	C1	1000	10000	0	0.5	300	0
130	-0.0148753106734997	-0.0525994821000014	0	0.599	0.437	-0.0148753106734997	-0.0525994821000014	FGr	10000	A39	C1	1000	10000	0	0.5	300	0
131	-0.0271284511055248	-0.150223560819998	0	0.35	0.023	-0.0271284511055248	-0.150223560819998	NoCorrection	10000	A39	C1	1000	10000	0	0.5	300	0
132	-0.00635641811180015	-0.0231794469999997	0	0.821	0.724	-0.00635641811180015	-0.0231794469999997	ID	10000	A39	C1	1000	10000	0	0.5	300	0
133	-0.00799868054225	0.0360360327399998	0	0.718	0.621	-0.00799868054225	0.0360360327399998	1	10000	A39	C1	1000	10000	0	0.5	300	0.01
134	-0.0111574731999998	0.0221655509549999	0	0.646	0.784	-0.0111574731999998	0.0221655509549999	FGr	10000	A39	C1	1000	10000	0	0.5	300	0.01
135	-0.00166946685349966	0.0616848811499995	0	0.944	0.392	-0.00166946685349966	0.0616848811499995	NoCorrection	10000	A39	C1	1000	10000	0	0.5	300	0.01
136	-0.00703435127624998	0.0370990131049995	0	0.794	0.624	-0.00703435127624998	0.0370990131049995	ID	10000	A39	C1	1000	10000	0	0.5	300	0.01
137	0.000647777735800071	0.0662281127850003	0	0.977	0.298	0.000647777735800071	0.0662281127850003	1	10000	A39	C1	1000	10000	0	0.5	300	0.03
138	-0.00164138772661325	0.0422861526199999	0	0.951	0.488	-0.00164138772661325	0.0422861526199999	FGr	10000	A39	C1	1000	10000	0	0.5	300	0.03
139	0.02061419964975	0.172015118755	0	0.451	0.012	0.02061419964975	0.172015118755	NoCorrection	10000	A39	C1	1000	10000	0	0.5	300	0.03
140	-0.00147910131149985	0.0537829373049997	0	0.962	0.393	-0.00147910131149985	0.0537829373049997	ID	10000	A39	C1	1000	10000	0	0.5	300	0.03
141	0.0451774455235	0.18616072896	0	0.106	0.004	0.0451774455235	0.18616072896	1	10000	A39	C1	1000	10000	0	0.5	300	0.1
142	0.04214187975823	0.170786099845	0	0.115	0.004	0.04214187975823	0.170786099845	FGr	10000	A39	C1	1000	10000	0	0.5	300	0.1
143	0.08303003545735	0.410341686320001	0	0.003	0	0.08303003545735	0.410341686320001	NoCorrection	10000	A39	C1	1000	10000	0	0.5	300	0.1
144	0.04773776351273	0.213931679135	0	0.09	0.002	0.04773776351273	0.213931679135	ID	10000	A39	C1	1000	10000	0	0.5	300	0.1
145	0.00525605450600001	0.005256054506	0	0.664	0.664	0.00525605450600001	0.005256054506	1	300	A39	C1	10000	100	0	0.5	300	0
146	0.001480780335	0.001480780335	0	0.893	0.913	0.001480780335	0.001480780335	FGr	300	A39	C1	10000	100	0	0.5	300	0
147	-0.00451567447999999	-0.00451567448	0	0.718	0.705	-0.00451567447999999	-0.00451567448	NoCorrection	300	A39	C1	10000	100	0	0.5	300	0
148	-0.00125460545	-0.00125460545	0	0.92	0.915	-0.00125460545	-0.00125460545	ID	300	A39	C1	10000	100	0	0.5	300	0
149	-0.021045459675	-0.021045459675	0	0.103	0.108	-0.021045459675	-0.021045459675	1	300	A39	C1	10000	100	0	0.5	300	0.01
150	-0.019542687964	-0.019542687964	0	0.127	0.12	-0.019542687964	-0.019542687964	FGr	300	A39	C1	10000	100	0	0.5	300	0.01
151	-0.01907056149	-0.01907056149	0	0.129	0.14	-0.01907056149	-0.01907056149	NoCorrection	300	A39	C1	10000	100	0	0.5	300	0.01
152	-0.023764769175	-0.023764769175	0	0.075	0.074	-0.023764769175	-0.023764769175	ID	300	A39	C1	10000	100	0	0.5	300	0.01
153	0.00978448358400001	0.009784483584	0	0.386	0.403	0.00978448358400001	0.009784483584	1	300	A39	C1	10000	100	0	0.5	300	0.03
154	0.02432282806	0.02432282806	0	0.039	0.038	0.02432282806	0.02432282806	FGr	300	A39	C1	10000	100	0	0.5	300	0.03
155	0.02788080358	0.02788080358	0	0.014	0.012	0.02788080358	0.02788080358	NoCorrection	300	A39	C1	10000	100	0	0.5	300	0.03
156	0.0119359726175	0.0119359726175	0	0.306	0.302	0.0119359726175	0.0119359726175	ID	300	A39	C1	10000	100	0	0.5	300	0.03
157	0.0023296189	0.00232961890000001	0	0.839	0.842	0.0023296189	0.00232961890000001	1	300	A39	C1	10000	100	0	0.5	300	0.1
158	0.027301306845	0.027301306845	0	0.034	0.036	0.027301306845	0.027301306845	FGr	300	A39	C1	10000	100	0	0.5	300	0.1
159	0.0365938217255	0.0365938217255	0	0.007	0.009	0.0365938217255	0.0365938217255	NoCorrection	300	A39	C1	10000	100	0	0.5	300	0.1
160	0.004400373835	0.004400373835	0	0.718	0.707	0.004400373835	0.004400373835	ID	300	A39	C1	10000	100	0	0.5	300	0.1
161	-0.01832304487	-0.030933916	0	0.258	0.143	-0.01832304487	-0.030933916	1	1000	A39	C1	10000	100	0	0.5	300	0
162	-0.02527392459	-0.0464458625	0	0.078	0.027	-0.02527392459	-0.0464458625	FGr	1000	A39	C1	10000	100	0	0.5	300	0
163	-0.029374715252	-0.057170102	0	0.042	0.004	-0.029374715252	-0.057170102	NoCorrection	1000	A39	C1	10000	100	0	0.5	300	0
164	-0.01756213154	-0.0285956765	0	0.257	0.202	-0.01756213154	-0.0285956765	ID	1000	A39	C1	10000	100	0	0.5	300	0
165	0.014100290889	0.000296296499999997	0	0.219	0.991	0.014100290889	0.000296296499999997	1	1000	A39	C1	10000	100	0	0.5	300	0.01
166	0.025925788745	0.02104559	0	0.035	0.28	0.025925788745	0.02104559	FGr	1000	A39	C1	10000	100	0	0.5	300	0.01
167	0.021358941225	0.013711546	0	0.078	0.474	0.021358941225	0.013711546	NoCorrection	1000	A39	C1	10000	100	0	0.5	300	0.01
168	0.0136262991925	-9.40630000000198e-05	0	0.262	0.995	0.0136262991925	-9.40630000000198e-05	ID	1000	A39	C1	10000	100	0	0.5	300	0.01
169	0.01384708507725	0.0282510865	0	0.309	0.194	0.01384708507725	0.0282510865	1	1000	A39	C1	10000	100	0	0.5	300	0.03
170	0.025924691001	0.0421351405	0	0.066	0.054	0.025924691001	0.0421351405	FGr	1000	A39	C1	10000	100	0	0.5	300	0.03
171	0.03155413355	0.053128233	0	0.037	0.017	0.03155413355	0.053128233	NoCorrection	1000	A39	C1	10000	100	0	0.5	300	0.03
172	0.0131266398135	0.0297103845	0	0.349	0.176	0.0131266398135	0.0297103845	ID	1000	A39	C1	10000	100	0	0.5	300	0.03
173	0.012394503405	-0.00618826099999999	0	0.317	0.764	0.012394503405	-0.00618826099999999	1	1000	A39	C1	10000	100	0	0.5	300	0.1
174	0.036774645837	0.0544293415	0	0.001	0.013	0.036774645837	0.0544293415	FGr	1000	A39	C1	10000	100	0	0.5	300	0.1
175	0.046141182171	0.072991219	0	0.001	0	0.046141182171	0.072991219	NoCorrection	1000	A39	C1	10000	100	0	0.5	300	0.1
176	0.0133878197629	-0.00424904899999999	0	0.28	0.841	0.0133878197629	-0.00424904899999999	ID	1000	A39	C1	10000	100	0	0.5	300	0.1
177	-0.001172078827	0.013167073	0	0.925	0.682	-0.001172078827	0.013167073	1	10000	A39	C1	10000	100	0	0.5	300	0
178	-0.000313266317500002	0.0203495655	0	0.987	0.54	-0.000313266317500002	0.0203495655	FGr	10000	A39	C1	10000	100	0	0.5	300	0
179	0.00527709730999999	0.064863919	0	0.667	0.031	0.00527709730999999	0.064863919	NoCorrection	10000	A39	C1	10000	100	0	0.5	300	0
180	-0.0004544959785	0.020404028	0	0.966	0.512	-0.0004544959785	0.020404028	ID	10000	A39	C1	10000	100	0	0.5	300	0
181	-0.00700227819	-0.031719181	0	0.585	0.31	-0.00700227819	-0.031719181	1	10000	A39	C1	10000	100	0	0.5	300	0.01
182	-0.00906585480737199	-0.0380789545	0	0.483	0.237	-0.00906585480737199	-0.0380789545	FGr	10000	A39	C1	10000	100	0	0.5	300	0.01
183	-0.001408235485	0.00621669	0	0.914	0.845	-0.001408235485	0.00621669	NoCorrection	10000	A39	C1	10000	100	0	0.5	300	0.01
184	-0.00734791705500003	-0.0319566045	0	0.578	0.307	-0.00734791705500003	-0.0319566045	ID	10000	A39	C1	10000	100	0	0.5	300	0.01
185	-0.008869397615	-0.016599603	0	0.449	0.583	-0.008869397615	-0.016599603	1	10000	A39	C1	10000	100	0	0.5	300	0.03
186	-0.006667483137	0.00488572449999999	0	0.601	0.882	-0.006667483137	0.00488572449999999	FGr	10000	A39	C1	10000	100	0	0.5	300	0.03
187	-0.00613760393499999	0.00740054299999999	0	0.616	0.829	-0.00613760393499999	0.00740054299999999	NoCorrection	10000	A39	C1	10000	100	0	0.5	300	0.03
188	-0.00909808081	-0.0167811105	0	0.438	0.58	-0.00909808081	-0.0167811105	ID	10000	A39	C1	10000	100	0	0.5	300	0.03
189	-0.00134967012749995	-0.0145118185	0	0.926	0.651	-0.00134967012749995	-0.0145118185	1	10000	A39	C1	10000	100	0	0.5	300	0.1
190	-0.00201143487	-0.026922201	0	0.881	0.403	-0.00201143487	-0.026922201	FGr	10000	A39	C1	10000	100	0	0.5	300	0.1
191	0.03727124764	0.1921857045	0	0.017	0	0.03727124764	0.1921857045	NoCorrection	10000	A39	C1	10000	100	0	0.5	300	0.1
192	-0.00175486611499997	-0.018545108	0	0.881	0.569	-0.00175486611499997	-0.018545108	ID	10000	A39	C1	10000	100	0	0.5	300	0.1
193	0.00218805023790001	0.00218805023790001	0	0.83	0.833	0.00218805023790001	0.00218805023790001	1	300	A39	C1	10000	1000	0	0.5	300	0
194	0.01340496092705	0.01340496092705	0	0.184	0.165	0.01340496092705	0.01340496092705	FGr	300	A39	C1	10000	1000	0	0.5	300	0
195	0.01484293454375	0.01484293454375	0	0.145	0.136	0.01484293454375	0.01484293454375	NoCorrection	300	A39	C1	10000	1000	0	0.5	300	0
196	0.0103191048894	0.0103191048894	0	0.279	0.326	0.0103191048894	0.0103191048894	ID	300	A39	C1	10000	1000	0	0.5	300	0
197	0.00371052074300001	0.003710520743	0	0.708	0.712	0.00371052074300001	0.003710520743	1	300	A39	C1	10000	1000	0	0.5	300	0.01
198	-0.000923102681499993	-0.000923102681499996	0	0.94	0.931	-0.000923102681499993	-0.000923102681499996	FGr	300	A39	C1	10000	1000	0	0.5	300	0.01
199	0.00107308827868	0.00107308827867999	0	0.901	0.91	0.00107308827868	0.00107308827867999	NoCorrection	300	A39	C1	10000	1000	0	0.5	300	0.01
200	0.003969321371	0.003969321371	0	0.676	0.703	0.003969321371	0.003969321371	ID	300	A39	C1	10000	1000	0	0.5	300	0.01
201	-0.0192915888063001	-0.0192915888063	0	0.027	0.024	-0.0192915888063001	-0.0192915888063	1	300	A39	C1	10000	1000	0	0.5	300	0.03
202	-0.0149541101725	-0.0149541101725	0	0.083	0.083	-0.0149541101725	-0.0149541101725	FGr	300	A39	C1	10000	1000	0	0.5	300	0.03
203	-0.0129726023252	-0.0129726023252	0	0.14	0.142	-0.0129726023252	-0.0129726023252	NoCorrection	300	A39	C1	10000	1000	0	0.5	300	0.03
204	-0.0183575875585	-0.0183575875585	0	0.028	0.038	-0.0183575875585	-0.0183575875585	ID	300	A39	C1	10000	1000	0	0.5	300	0.03
205	-0.000349789946999981	-0.000349789946999984	0	0.97	0.979	-0.000349789946999981	-0.000349789946999984	1	300	A39	C1	10000	1000	0	0.5	300	0.1
206	0.024505976692	0.024505976692	0	0.012	0.012	0.024505976692	0.024505976692	FGr	300	A39	C1	10000	1000	0	0.5	300	0.1
207	0.0335772490073001	0.0335772490073	0	0.002	0	0.0335772490073001	0.0335772490073	NoCorrection	300	A39	C1	10000	1000	0	0.5	300	0.1
208	0.00384575191745001	0.00384575191745	0	0.693	0.675	0.00384575191745001	0.00384575191745	ID	300	A39	C1	10000	1000	0	0.5	300	0.1
209	-0.0038146756345	0.00146969920000005	0	0.682	0.903	-0.0038146756345	0.00146969920000005	1	1000	A39	C1	10000	1000	0	0.5	300	0
210	-0.0158754585916	-0.02899148055	0	0.109	0.056	-0.0158754585916	-0.02899148055	FGr	1000	A39	C1	10000	1000	0	0.5	300	0
211	-0.01667472417505	-0.0322217785	0	0.091	0.032	-0.01667472417505	-0.0322217785	NoCorrection	1000	A39	C1	10000	1000	0	0.5	300	0
212	-0.00692882010235	-0.00896603129999999	0	0.467	0.572	-0.00692882010235	-0.00896603129999999	ID	1000	A39	C1	10000	1000	0	0.5	300	0
213	-0.000220638075500072	-0.00744713189999999	0	0.981	0.587	-0.000220638075500072	-0.00744713189999999	1	1000	A39	C1	10000	1000	0	0.5	300	0.01
214	-0.0040006151791	-0.01863901615	0	0.646	0.179	-0.0040006151791	-0.01863901615	FGr	1000	A39	C1	10000	1000	0	0.5	300	0.01
215	-0.012128049628	-0.0310464621000001	0	0.165	0.028	-0.012128049628	-0.0310464621000001	NoCorrection	1000	A39	C1	10000	1000	0	0.5	300	0.01
216	-0.00317075114814999	-0.01568819575	0	0.705	0.25	-0.00317075114814999	-0.01568819575	ID	1000	A39	C1	10000	1000	0	0.5	300	0.01
217	0.00270286371690002	0.002535897	0	0.774	0.861	0.00270286371690002	0.002535897	1	1000	A39	C1	10000	1000	0	0.5	300	0.03
218	0.0027974640401	0.0017349239	0	0.755	0.896	0.0027974640401	0.0017349239	FGr	1000	A39	C1	10000	1000	0	0.5	300	0.03
219	0.00565768063699999	0.010544312	0	0.523	0.446	0.00565768063699999	0.010544312	NoCorrection	1000	A39	C1	10000	1000	0	0.5	300	0.03
220	0.00038477015874998	-0.00616158819999999	0	0.961	0.642	0.00038477015874998	-0.00616158819999999	ID	1000	A39	C1	10000	1000	0	0.5	300	0.03
221	-0.0170609762327	-0.03580550225	0	0.066	0.008	-0.0170609762327	-0.03580550225	1	1000	A39	C1	10000	1000	0	0.5	300	0.1
222	0.00257896365549999	0.0274165188	0	0.781	0.045	0.00257896365549999	0.0274165188	FGr	1000	A39	C1	10000	1000	0	0.5	300	0.1
223	0.0181534012058999	0.0560494434	0	0.042	0.001	0.0181534012058999	0.0560494434	NoCorrection	1000	A39	C1	10000	1000	0	0.5	300	0.1
224	-0.0136101960872	-0.02594084995	0	0.12	0.085	-0.0136101960872	-0.02594084995	ID	1000	A39	C1	10000	1000	0	0.5	300	0.1
225	-0.00516391552280005	0.0045412194000001	0	0.579	0.834	-0.00516391552280005	0.0045412194000001	1	10000	A39	C1	10000	1000	0	0.5	300	0
226	-0.00544796065969998	0.00429187414999995	0	0.541	0.832	-0.00544796065969998	0.00429187414999995	FGr	10000	A39	C1	10000	1000	0	0.5	300	0
227	-0.00222035000400005	0.0202854193500001	0	0.798	0.355	-0.00222035000400005	0.0202854193500001	NoCorrection	10000	A39	C1	10000	1000	0	0.5	300	0
228	-0.00484782950950001	0.00542119119999998	0	0.572	0.815	-0.00484782950950001	0.00542119119999998	ID	10000	A39	C1	10000	1000	0	0.5	300	0
229	0.00318899935511	0.01955187165	0	0.73	0.396	0.00318899935511	0.01955187165	1	10000	A39	C1	10000	1000	0	0.5	300	0.01
230	0.00360610399499998	0.0209275515500001	0	0.703	0.358	0.00360610399499998	0.0209275515500001	FGr	10000	A39	C1	10000	1000	0	0.5	300	0.01
231	0.00616465898050002	0.0389185516000001	0	0.505	0.08	0.00616465898050002	0.0389185516000001	NoCorrection	10000	A39	C1	10000	1000	0	0.5	300	0.01
232	0.00221183544840001	0.0168004946	0	0.817	0.444	0.00221183544840001	0.0168004946	ID	10000	A39	C1	10000	1000	0	0.5	300	0.01
233	0.012748595697	-0.00977489244999995	0	0.151	0.681	0.012748595697	-0.00977489244999995	1	10000	A39	C1	10000	1000	0	0.5	300	0.03
234	0.0116937242935	-0.015788679	0	0.19	0.497	0.0116937242935	-0.015788679	FGr	10000	A39	C1	10000	1000	0	0.5	300	0.03
235	0.0279269558241	0.0791337626	0	0	0	0.0279269558241	0.0791337626	NoCorrection	10000	A39	C1	10000	1000	0	0.5	300	0.03
236	0.0123529882755	-0.0143101715	0	0.159	0.547	0.0123529882755	-0.0143101715	ID	10000	A39	C1	10000	1000	0	0.5	300	0.03
237	0.0040693559039	0.0190785427000001	0	0.669	0.425	0.0040693559039	0.0190785427000001	1	10000	A39	C1	10000	1000	0	0.5	300	0.1
238	0.00259999401345	0.00826852110000001	0	0.796	0.745	0.00259999401345	0.00826852110000001	FGr	10000	A39	C1	10000	1000	0	0.5	300	0.1
239	0.0363347829495	0.2531053363	0	0	0	0.0363347829495	0.2531053363	NoCorrection	10000	A39	C1	10000	1000	0	0.5	300	0.1
240	0.00282079710528001	0.00696883434999984	0	0.757	0.757	0.00282079710528001	0.00696883434999984	ID	10000	A39	C1	10000	1000	0	0.5	300	0.1
241	0.00372597740034997	0.00372597740034996	0	0.68	0.682	0.00372597740034997	0.00372597740034996	1	300	A39	C1	10000	10000	0	0.5	300	0
242	0.0158432814443498	0.0158432814443498	0	0.085	0.089	0.0158432814443498	0.0158432814443498	FGr	300	A39	C1	10000	10000	0	0.5	300	0
243	0.0205940516703	0.0205940516703	0	0.021	0.023	0.0205940516703	0.0205940516703	NoCorrection	300	A39	C1	10000	10000	0	0.5	300	0
244	0.00234584755775004	0.00234584755775002	0	0.786	0.799	0.00234584755775004	0.00234584755775002	ID	300	A39	C1	10000	10000	0	0.5	300	0
245	-0.00727473009857998	-0.00727473009857998	0	0.421	0.435	-0.00727473009857998	-0.00727473009857998	1	300	A39	C1	10000	10000	0	0.5	300	0.01
246	-0.01529808582915	-0.01529808582915	0	0.1	0.106	-0.01529808582915	-0.01529808582915	FGr	300	A39	C1	10000	10000	0	0.5	300	0.01
247	-0.0101884792814265	-0.0101884792814265	0	0.236	0.253	-0.0101884792814265	-0.0101884792814265	NoCorrection	300	A39	C1	10000	10000	0	0.5	300	0.01
248	-0.00684031357340503	-0.00684031357340502	0	0.451	0.452	-0.00684031357340503	-0.00684031357340502	ID	300	A39	C1	10000	10000	0	0.5	300	0.01
249	-0.00618869494659004	-0.00618869494659004	0	0.435	0.455	-0.00618869494659004	-0.00618869494659004	1	300	A39	C1	10000	10000	0	0.5	300	0.03
250	0.00628153942411004	0.00628153942411003	0	0.475	0.435	0.00628153942411004	0.00628153942411003	FGr	300	A39	C1	10000	10000	0	0.5	300	0.03
251	0.00963730211635012	0.00963730211635012	0	0.268	0.251	0.00963730211635012	0.00963730211635012	NoCorrection	300	A39	C1	10000	10000	0	0.5	300	0.03
252	-0.00176741689691505	-0.00176741689691505	0	0.842	0.839	-0.00176741689691505	-0.00176741689691505	ID	300	A39	C1	10000	10000	0	0.5	300	0.03
253	-0.00478863523495006	-0.00478863523495007	0	0.602	0.596	-0.00478863523495006	-0.00478863523495007	1	300	A39	C1	10000	10000	0	0.5	300	0.1
254	0.01664086922165	0.01664086922165	0	0.05	0.049	0.01664086922165	0.01664086922165	FGr	300	A39	C1	10000	10000	0	0.5	300	0.1
255	0.0366851913049099	0.0366851913049099	0	0	0	0.0366851913049099	0.0366851913049099	NoCorrection	300	A39	C1	10000	10000	0	0.5	300	0.1
256	-0.013686860562975	-0.013686860562975	0	0.139	0.112	-0.013686860562975	-0.013686860562975	ID	300	A39	C1	10000	10000	0	0.5	300	0.1
257	0.00993911125671408	0.02051534422	0	0.2	0.113	0.00993911125671408	0.02051534422	1	1000	A39	C1	10000	10000	0	0.5	300	0
258	0.00949582025494006	0.01694313167	0	0.206	0.197	0.00949582025494006	0.01694313167	FGr	1000	A39	C1	10000	10000	0	0.5	300	0
259	0.012761031522165	0.029390830575	0	0.061	0.019	0.012761031522165	0.029390830575	NoCorrection	1000	A39	C1	10000	10000	0	0.5	300	0
260	0.00958715965856006	0.017153470425	0	0.198	0.178	0.00958715965856006	0.017153470425	ID	1000	A39	C1	10000	10000	0	0.5	300	0
261	0.000687614479104822	0.01275026079	0	0.933	0.344	0.000687614479104822	0.01275026079	1	1000	A39	C1	10000	10000	0	0.5	300	0.01
262	0.00108408716247758	0.013260791655	0	0.88	0.295	0.00108408716247758	0.013260791655	FGr	1000	A39	C1	10000	10000	0	0.5	300	0.01
263	-0.00148172424050009	0.00640870289000014	0	0.857	0.615	-0.00148172424050009	0.00640870289000014	NoCorrection	1000	A39	C1	10000	10000	0	0.5	300	0.01
264	-0.00241639550858504	0.00356061273999996	0	0.762	0.788	-0.00241639550858504	0.00356061273999996	ID	1000	A39	C1	10000	10000	0	0.5	300	0.01
265	0.00336476497024997	0.00658871566499996	0	0.695	0.659	0.00336476497024997	0.00658871566499996	1	1000	A39	C1	10000	10000	0	0.5	300	0.03
266	0.00802736582780009	0.018638640605	0	0.366	0.182	0.00802736582780009	0.018638640605	FGr	1000	A39	C1	10000	10000	0	0.5	300	0.03
267	0.023914567547598	0.0634799385500001	0	0.003	0	0.023914567547598	0.0634799385500001	NoCorrection	1000	A39	C1	10000	10000	0	0.5	300	0.03
268	0.00332463273535002	0.00589419523999989	0	0.71	0.679	0.00332463273535002	0.00589419523999989	ID	1000	A39	C1	10000	10000	0	0.5	300	0.03
269	-0.00361480867975009	0.00667073268999983	0	0.705	0.648	-0.00361480867975009	0.00667073268999983	1	1000	A39	C1	10000	10000	0	0.5	300	0.1
270	0.00538855984935006	0.0354374337799998	0	0.548	0.014	0.00538855984935006	0.0354374337799998	FGr	1000	A39	C1	10000	10000	0	0.5	300	0.1
271	0.0259484644103996	0.09098556196	0	0.005	0	0.0259484644103996	0.09098556196	NoCorrection	1000	A39	C1	10000	10000	0	0.5	300	0.1
272	-0.00402899701144989	0.00490129755000027	0	0.631	0.724	-0.00402899701144989	0.00490129755000027	ID	1000	A39	C1	10000	10000	0	0.5	300	0.1
273	-0.00673466484449507	-0.031505217715	0	0.421	0.118	-0.00673466484449507	-0.031505217715	1	10000	A39	C1	10000	10000	0	0.5	300	0
274	-0.00757661630239995	-0.043062316335	0	0.381	0.025	-0.00757661630239995	-0.043062316335	FGr	10000	A39	C1	10000	10000	0	0.5	300	0
275	-0.00880176014845009	-0.05336623978	0	0.294	0.004	-0.00880176014845009	-0.05336623978	NoCorrection	10000	A39	C1	10000	10000	0	0.5	300	0
276	-0.00633065565535002	-0.031091064725	0	0.437	0.11	-0.00633065565535002	-0.031091064725	ID	10000	A39	C1	10000	10000	0	0.5	300	0
277	-0.00069776760902495	-0.023705677165	0	0.927	0.226	-0.00069776760902495	-0.023705677165	1	10000	A39	C1	10000	10000	0	0.5	300	0.01
278	-0.000508500347299705	-0.02290399197	0	0.953	0.255	-0.000508500347299705	-0.02290399197	FGr	10000	A39	C1	10000	10000	0	0.5	300	0.01
279	-0.00572071516347994	-0.0538123842600001	0	0.505	0.012	-0.00572071516347994	-0.0538123842600001	NoCorrection	10000	A39	C1	10000	10000	0	0.5	300	0.01
280	-0.0016705873303096	-0.0327411109849992	0	0.857	0.114	-0.0016705873303096	-0.0327411109849992	ID	10000	A39	C1	10000	10000	0	0.5	300	0.01
281	-0.00884385629339998	-0.00960665099500016	0	0.301	0.621	-0.00884385629339998	-0.00960665099500016	1	10000	A39	C1	10000	10000	0	0.5	300	0.03
282	-0.00813058860894999	-0.005804924505	0	0.342	0.76	-0.00813058860894999	-0.005804924505	FGr	10000	A39	C1	10000	10000	0	0.5	300	0.03
283	0.0059981308215	0.0576133539549998	0	0.484	0.001	0.0059981308215	0.0576133539549998	NoCorrection	10000	A39	C1	10000	10000	0	0.5	300	0.03
284	-0.0085306124866	-0.00906998900500003	0	0.305	0.634	-0.0085306124866	-0.00906998900500003	ID	10000	A39	C1	10000	10000	0	0.5	300	0.03
285	-0.0101673827438	0.00545242405000002	0	0.225	0.788	-0.0101673827438	0.00545242405000002	1	10000	A39	C1	10000	10000	0	0.5	300	0.1
286	-0.00780755839378439	0.019257798395	0	0.338	0.352	-0.00780755839378439	0.019257798395	FGr	10000	A39	C1	10000	10000	0	0.5	300	0.1
287	0.0204298228918	0.19671813783	0	0.016	0	0.0204298228918	0.19671813783	NoCorrection	10000	A39	C1	10000	10000	0	0.5	300	0.1
288	-0.0101844224339498	0.00390409318499998	0	0.248	0.856	-0.0101844224339498	0.00390409318499998	ID	10000	A39	C1	10000	10000	0	0.5	300	0.1
289	-0.115476238375	-0.115476238375	0	0.001	0.002	-0.115476238375	-0.115476238375	1	300	A39	C2	1000	100	0	0.5	300	0
290	-0.11423022889	-0.11423022889	0	0.001	0.002	-0.11423022889	-0.11423022889	FGr	300	A39	C2	1000	100	0	0.5	300	0
291	-0.114504745325	-0.114504745325	0	0.001	0.001	-0.114504745325	-0.114504745325	NoCorrection	300	A39	C2	1000	100	0	0.5	300	0
292	-0.11389672455	-0.11389672455	0	0.003	0.005	-0.11389672455	-0.11389672455	ID	300	A39	C2	1000	100	0	0.5	300	0
293	-0.0093516320938	-0.00935163209379999	0	0.822	0.798	-0.0093516320938	-0.00935163209379999	1	300	A39	C2	1000	100	0	0.5	300	0.01
294	-0.010099505764	-0.010099505764	0	0.775	0.796	-0.010099505764	-0.010099505764	FGr	300	A39	C2	1000	100	0	0.5	300	0.01
295	-0.00969886786499999	-0.00969886786500001	0	0.821	0.794	-0.00969886786499999	-0.00969886786500001	NoCorrection	300	A39	C2	1000	100	0	0.5	300	0.01
296	-0.01003693861	-0.01003693861	0	0.796	0.808	-0.01003693861	-0.01003693861	ID	300	A39	C2	1000	100	0	0.5	300	0.01
297	-0.034833888705	-0.034833888705	0	0.339	0.346	-0.034833888705	-0.034833888705	1	300	A39	C2	1000	100	0	0.5	300	0.03
298	-0.035376250605	-0.035376250605	0	0.336	0.347	-0.035376250605	-0.035376250605	FGr	300	A39	C2	1000	100	0	0.5	300	0.03
299	-0.0354619591000001	-0.0354619591	0	0.344	0.32	-0.0354619591000001	-0.0354619591	NoCorrection	300	A39	C2	1000	100	0	0.5	300	0.03
300	-0.035285483995	-0.035285483995	0	0.315	0.331	-0.035285483995	-0.035285483995	ID	300	A39	C2	1000	100	0	0.5	300	0.03
301	-0.00211247007500002	-0.00211247007500002	0	0.947	0.946	-0.00211247007500002	-0.00211247007500002	1	300	A39	C2	1000	100	0	0.5	300	0.1
302	-0.000641387899999995	-0.000641387899999986	0	0.984	0.985	-0.000641387899999995	-0.000641387899999986	FGr	300	A39	C2	1000	100	0	0.5	300	0.1
303	-0.001459930585	-0.001459930585	0	0.964	0.956	-0.001459930585	-0.001459930585	NoCorrection	300	A39	C2	1000	100	0	0.5	300	0.1
304	-0.000507345143999996	-0.000507345143999998	0	0.992	0.988	-0.000507345143999996	-0.000507345143999998	ID	300	A39	C2	1000	100	0	0.5	300	0.1
305	0.00416220563499998	-0.0105025445	0	0.91	0.849	0.00416220563499998	-0.0105025445	1	1000	A39	C2	1000	100	0	0.5	300	0
306	0.000899188934999959	-0.0108534145	0	0.973	0.844	0.000899188934999959	-0.0108534145	FGr	1000	A39	C2	1000	100	0	0.5	300	0
307	0.00366815578	-0.00394779650000003	0	0.934	0.953	0.00366815578	-0.00394779650000003	NoCorrection	1000	A39	C2	1000	100	0	0.5	300	0
308	0.00479147736	-0.018594489	0	0.907	0.772	0.00479147736	-0.018594489	ID	1000	A39	C2	1000	100	0	0.5	300	0
309	0.02233911034	-0.013698521	0	0.485	0.818	0.02233911034	-0.013698521	1	1000	A39	C2	1000	100	0	0.5	300	0.01
310	0.0209686654105	-0.0220291899999999	0	0.49	0.71	0.0209686654105	-0.0220291899999999	FGr	1000	A39	C2	1000	100	0	0.5	300	0.01
311	0.021692818215	-0.0232811039999999	0	0.516	0.68	0.021692818215	-0.0232811039999999	NoCorrection	1000	A39	C2	1000	100	0	0.5	300	0.01
312	0.02188309302	-0.0329809235000001	0	0.503	0.561	0.02188309302	-0.0329809235000001	ID	1000	A39	C2	1000	100	0	0.5	300	0.01
313	-0.00010154709750001	0.00837484800000004	0	0.998	0.896	-0.00010154709750001	0.00837484800000004	1	1000	A39	C2	1000	100	0	0.5	300	0.03
314	-0.000228376858100003	-0.000569958499999981	0	0.991	0.998	-0.000228376858100003	-0.000569958499999981	FGr	1000	A39	C2	1000	100	0	0.5	300	0.03
315	-0.000612808032900028	0.00492598200000007	0	0.989	0.935	-0.000612808032900028	0.00492598200000007	NoCorrection	1000	A39	C2	1000	100	0	0.5	300	0.03
316	-0.000395082147	0.00235985149999997	0	0.992	0.975	-0.000395082147	0.00235985149999997	ID	1000	A39	C2	1000	100	0	0.5	300	0.03
317	-0.071440380593	-0.0652946265	0	0.043	0.213	-0.071440380593	-0.0652946265	1	1000	A39	C2	1000	100	0	0.5	300	0.1
318	-0.07310186544	-0.090829105	0	0.053	0.08	-0.07310186544	-0.090829105	FGr	1000	A39	C2	1000	100	0	0.5	300	0.1
319	-0.070947869457	-0.1055015225	0	0.051	0.062	-0.070947869457	-0.1055015225	NoCorrection	1000	A39	C2	1000	100	0	0.5	300	0.1
320	-0.0724344231425	-0.0749002405	0	0.063	0.141	-0.0724344231425	-0.0749002405	ID	1000	A39	C2	1000	100	0	0.5	300	0.1
321	-0.01520358952	-0.120853323	0	0.655	0.221	-0.01520358952	-0.120853323	1	10000	A39	C2	1000	100	0	0.5	300	0
322	-0.01616874532	-0.135161908	0	0.647	0.161	-0.01616874532	-0.135161908	FGr	10000	A39	C2	1000	100	0	0.5	300	0
323	-0.01578519378	-0.140739218	0	0.637	0.15	-0.01578519378	-0.140739218	NoCorrection	10000	A39	C2	1000	100	0	0.5	300	0
324	-0.0153471822149999	-0.125297713	0	0.652	0.186	-0.0153471822149999	-0.125297713	ID	10000	A39	C2	1000	100	0	0.5	300	0
325	0.03731012945	-0.00343309950000009	0	0.265	0.977	0.03731012945	-0.00343309950000009	1	10000	A39	C2	1000	100	0	0.5	300	0.01
326	0.03599601136	-0.0139486684999999	0	0.289	0.87	0.03599601136	-0.0139486684999999	FGr	10000	A39	C2	1000	100	0	0.5	300	0.01
327	0.0366500751	0.044219866	0	0.291	0.646	0.0366500751	0.044219866	NoCorrection	10000	A39	C2	1000	100	0	0.5	300	0.01
328	0.0372588846	-0.0123553275000001	0	0.281	0.89	0.0372588846	-0.0123553275000001	ID	10000	A39	C2	1000	100	0	0.5	300	0.01
329	-0.0253753404550001	-0.1680908855	0	0.449	0.049	-0.0253753404550001	-0.1680908855	1	10000	A39	C2	1000	100	0	0.5	300	0.03
330	-0.026435988848	-0.174085984	0	0.464	0.048	-0.026435988848	-0.174085984	FGr	10000	A39	C2	1000	100	0	0.5	300	0.03
331	-0.0259736007499999	-0.169092081	0	0.443	0.065	-0.0259736007499999	-0.169092081	NoCorrection	10000	A39	C2	1000	100	0	0.5	300	0.03
332	-0.025680310685	-0.1680421605	0	0.451	0.061	-0.025680310685	-0.1680421605	ID	10000	A39	C2	1000	100	0	0.5	300	0.03
333	0.046920742905	-0.00906924300000003	0	0.243	0.935	0.046920742905	-0.00906924300000003	1	10000	A39	C2	1000	100	0	0.5	300	0.1
334	0.045149076795	-0.04637697	0	0.246	0.591	0.045149076795	-0.04637697	FGr	10000	A39	C2	1000	100	0	0.5	300	0.1
335	0.045123523675	-0.0463039125	0	0.259	0.593	0.045123523675	-0.0463039125	NoCorrection	10000	A39	C2	1000	100	0	0.5	300	0.1
336	0.0461800857950001	-0.0087566375	0	0.254	0.916	0.0461800857950001	-0.0087566375	ID	10000	A39	C2	1000	100	0	0.5	300	0.1
337	-0.022760011801	-0.022760011801	0	0.305	0.291	-0.022760011801	-0.022760011801	1	300	A39	C2	1000	1000	0	0.5	300	0
338	-0.0268953506319999	-0.0268953506319999	0	0.212	0.201	-0.0268953506319999	-0.0268953506319999	FGr	300	A39	C2	1000	1000	0	0.5	300	0
339	-0.0269334717416499	-0.0269334717416499	0	0.2	0.214	-0.0269334717416499	-0.0269334717416499	NoCorrection	300	A39	C2	1000	1000	0	0.5	300	0
340	-0.023520328895	-0.023520328895	0	0.284	0.261	-0.023520328895	-0.023520328895	ID	300	A39	C2	1000	1000	0	0.5	300	0
341	0.0128346715390002	0.0128346715390004	0	0.424	0.452	0.0128346715390002	0.0128346715390004	1	300	A39	C2	1000	1000	0	0.5	300	0.01
342	0.00577585404599998	0.00577585404600005	0	0.732	0.753	0.00577585404599998	0.00577585404600005	FGr	300	A39	C2	1000	1000	0	0.5	300	0.01
343	0.00582590180100006	0.00582590180100002	0	0.715	0.739	0.00582590180100006	0.00582590180100002	NoCorrection	300	A39	C2	1000	1000	0	0.5	300	0.01
344	0.00867344976439997	0.00867344976439994	0	0.618	0.62	0.00867344976439997	0.00867344976439994	ID	300	A39	C2	1000	1000	0	0.5	300	0.01
345	-0.015582799561	-0.015582799561	0	0.437	0.421	-0.015582799561	-0.015582799561	1	300	A39	C2	1000	1000	0	0.5	300	0.03
346	-0.0229542441425	-0.0229542441425	0	0.228	0.267	-0.0229542441425	-0.0229542441425	FGr	300	A39	C2	1000	1000	0	0.5	300	0.03
347	-0.0229059286812	-0.0229059286812	0	0.281	0.252	-0.0229059286812	-0.0229059286812	NoCorrection	300	A39	C2	1000	1000	0	0.5	300	0.03
348	-0.0200627875297	-0.0200627875297	0	0.309	0.32	-0.0200627875297	-0.0200627875297	ID	300	A39	C2	1000	1000	0	0.5	300	0.03
349	0.004313877465	0.00431387746499999	0	0.845	0.818	0.004313877465	0.00431387746499999	1	300	A39	C2	1000	1000	0	0.5	300	0.1
350	0.000661195201499991	0.000661195201499986	0	0.972	0.98	0.000661195201499991	0.000661195201499986	FGr	300	A39	C2	1000	1000	0	0.5	300	0.1
351	0.000667502568500024	0.000667502568500026	0	0.964	0.976	0.000667502568500024	0.000667502568500026	NoCorrection	300	A39	C2	1000	1000	0	0.5	300	0.1
352	0.0129645705645	0.0129645705645	0	0.524	0.515	0.0129645705645	0.0129645705645	ID	300	A39	C2	1000	1000	0	0.5	300	0.1
353	-0.00981984232399997	-0.0470574912500001	0	0.629	0.173	-0.00981984232399997	-0.0470574912500001	1	1000	A39	C2	1000	1000	0	0.5	300	0
354	-0.00947789960850002	-0.0540643887500001	0	0.662	0.101	-0.00947789960850002	-0.0540643887500001	FGr	1000	A39	C2	1000	1000	0	0.5	300	0
355	-0.00950868932050002	-0.05347296685	0	0.635	0.09	-0.00950868932050002	-0.05347296685	NoCorrection	1000	A39	C2	1000	1000	0	0.5	300	0
356	-0.00966352573300001	-0.0434477081500001	0	0.621	0.18	-0.00966352573300001	-0.0434477081500001	ID	1000	A39	C2	1000	1000	0	0.5	300	0
357	0.000779103000500014	0.03524406505	0	0.966	0.273	0.000779103000500014	0.03524406505	1	1000	A39	C2	1000	1000	0	0.5	300	0.01
358	0.000505750634999986	0.02481583775	0	0.981	0.458	0.000505750634999986	0.02481583775	FGr	1000	A39	C2	1000	1000	0	0.5	300	0.01
359	0.000884530990000019	0.0356755629999997	0	0.98	0.279	0.000884530990000019	0.0356755629999997	NoCorrection	1000	A39	C2	1000	1000	0	0.5	300	0.01
360	0.000808927675999957	0.0330273795500001	0	0.975	0.333	0.000808927675999957	0.0330273795500001	ID	1000	A39	C2	1000	1000	0	0.5	300	0.01
361	0.0198860077584999	0.0355699776999999	0	0.362	0.346	0.0198860077584999	0.0355699776999999	1	1000	A39	C2	1000	1000	0	0.5	300	0.03
362	0.0196740449440003	0.0356698236999998	0	0.38	0.347	0.0196740449440003	0.0356698236999998	FGr	1000	A39	C2	1000	1000	0	0.5	300	0.03
363	0.0198016410963	0.0380875080000001	0	0.39	0.331	0.0198016410963	0.0380875080000001	NoCorrection	1000	A39	C2	1000	1000	0	0.5	300	0.03
364	0.0198057105839999	0.0321016516999999	0	0.399	0.391	0.0198057105839999	0.0321016516999999	ID	1000	A39	C2	1000	1000	0	0.5	300	0.03
365	-0.00687306862800001	0.02713606955	0	0.7	0.387	-0.00687306862800001	0.02713606955	1	1000	A39	C2	1000	1000	0	0.5	300	0.1
366	-0.00655739223850002	0.0358425971000001	0	0.72	0.275	-0.00655739223850002	0.0358425971000001	FGr	1000	A39	C2	1000	1000	0	0.5	300	0.1
367	-0.00652999312050004	0.0323863085	0	0.717	0.299	-0.00652999312050004	0.0323863085	NoCorrection	1000	A39	C2	1000	1000	0	0.5	300	0.1
368	-0.00711196779600006	0.02908986025	0	0.66	0.381	-0.00711196779600006	0.02908986025	ID	1000	A39	C2	1000	1000	0	0.5	300	0.1
369	-0.00259512976480002	0.00230205520000016	0	0.899	0.967	-0.00259512976480002	0.00230205520000016	1	10000	A39	C2	1000	1000	0	0.5	300	0
370	-0.00294775616500002	0.00960495329999977	0	0.913	0.862	-0.00294775616500002	0.00960495329999977	FGr	10000	A39	C2	1000	1000	0	0.5	300	0
371	-0.00294388270200001	0.00852235535000013	0	0.908	0.863	-0.00294388270200001	0.00852235535000013	NoCorrection	10000	A39	C2	1000	1000	0	0.5	300	0
372	-0.00291317549859999	0.00518462514999993	0	0.903	0.926	-0.00291317549859999	0.00518462514999993	ID	10000	A39	C2	1000	1000	0	0.5	300	0
373	0.00374626747799996	0.10064331015	0	0.875	0.064	0.00374626747799996	0.10064331015	1	10000	A39	C2	1000	1000	0	0.5	300	0.01
374	0.00393748264049984	0.0885795210500001	0	0.859	0.085	0.00393748264049984	0.0885795210500001	FGr	10000	A39	C2	1000	1000	0	0.5	300	0.01
375	0.00388140310800028	0.0885056334000006	0	0.866	0.099	0.00388140310800028	0.0885056334000006	NoCorrection	10000	A39	C2	1000	1000	0	0.5	300	0.01
376	0.00361011017649988	0.0903468408999999	0	0.87	0.082	0.00361011017649988	0.0903468408999999	ID	10000	A39	C2	1000	1000	0	0.5	300	0.01
377	-0.00225067583050001	0.00584788929999996	0	0.931	0.91	-0.00225067583050001	0.00584788929999996	1	10000	A39	C2	1000	1000	0	0.5	300	0.03
378	-0.00231729582749998	0.0110312814999998	0	0.908	0.843	-0.00231729582749998	0.0110312814999998	FGr	10000	A39	C2	1000	1000	0	0.5	300	0.03
379	-0.00220142763440008	-0.000441752850000074	0	0.917	0.997	-0.00220142763440008	-0.000441752850000074	NoCorrection	10000	A39	C2	1000	1000	0	0.5	300	0.03
380	-0.00240269097099994	0.00489207230000007	0	0.913	0.938	-0.00240269097099994	0.00489207230000007	ID	10000	A39	C2	1000	1000	0	0.5	300	0.03
381	0.0240826312475501	-0.0999131825999997	0	0.253	0.061	0.0240826312475501	-0.0999131825999997	1	10000	A39	C2	1000	1000	0	0.5	300	0.1
382	0.0237745831355	-0.0862325464999997	0	0.279	0.098	0.0237745831355	-0.0862325464999997	FGr	10000	A39	C2	1000	1000	0	0.5	300	0.1
383	0.023746674641	-0.08501758565	0	0.261	0.105	0.023746674641	-0.08501758565	NoCorrection	10000	A39	C2	1000	1000	0	0.5	300	0.1
384	0.0238917681875001	-0.10899090645	0	0.275	0.037	0.0238917681875001	-0.10899090645	ID	10000	A39	C2	1000	1000	0	0.5	300	0.1
385	0.0103024379146499	0.0103024379146499	0	0.6	0.61	0.0103024379146499	0.0103024379146499	1	300	A39	C2	1000	10000	0	0.5	300	0
386	0.0122812718830301	0.01228127188303	0	0.526	0.519	0.0122812718830301	0.01228127188303	FGr	300	A39	C2	1000	10000	0	0.5	300	0
387	0.01205462425428	0.01205462425428	0	0.533	0.53	0.01205462425428	0.01205462425428	NoCorrection	300	A39	C2	1000	10000	0	0.5	300	0
388	0.0118025590480004	0.0118025590480003	0	0.561	0.585	0.0118025590480004	0.0118025590480003	ID	300	A39	C2	1000	10000	0	0.5	300	0
389	-0.00591471037894991	-0.00591471037894991	0	0.784	0.79	-0.00591471037894991	-0.00591471037894991	1	300	A39	C2	1000	10000	0	0.5	300	0.01
390	-0.0029732093094001	-0.00297320930940009	0	0.886	0.894	-0.0029732093094001	-0.00297320930940009	FGr	300	A39	C2	1000	10000	0	0.5	300	0.01
391	-0.00316917826841239	-0.00316917826841242	0	0.886	0.888	-0.00316917826841239	-0.00316917826841242	NoCorrection	300	A39	C2	1000	10000	0	0.5	300	0.01
392	-0.00416777508799998	-0.00416777508800001	0	0.832	0.844	-0.00416777508799998	-0.00416777508800001	ID	300	A39	C2	1000	10000	0	0.5	300	0.01
393	-0.0134169317418498	-0.0134169317418498	0	0.514	0.512	-0.0134169317418498	-0.0134169317418498	1	300	A39	C2	1000	10000	0	0.5	300	0.03
394	-0.0170460367057501	-0.0170460367057501	0	0.409	0.404	-0.0170460367057501	-0.0170460367057501	FGr	300	A39	C2	1000	10000	0	0.5	300	0.03
395	-0.0166581879693998	-0.0166581879693998	0	0.391	0.391	-0.0166581879693998	-0.0166581879693998	NoCorrection	300	A39	C2	1000	10000	0	0.5	300	0.03
396	-0.015296307434225	-0.0152963074342249	0	0.453	0.433	-0.015296307434225	-0.0152963074342249	ID	300	A39	C2	1000	10000	0	0.5	300	0.03
397	0.00579739232772512	0.00579739232772509	0	0.775	0.765	0.00579739232772512	0.00579739232772509	1	300	A39	C2	1000	10000	0	0.5	300	0.1
398	0.00617095711840003	0.00617095711840003	0	0.774	0.762	0.00617095711840003	0.00617095711840003	FGr	300	A39	C2	1000	10000	0	0.5	300	0.1
399	0.00599323786270025	0.00599323786270019	0	0.76	0.751	0.00599323786270025	0.00599323786270019	NoCorrection	300	A39	C2	1000	10000	0	0.5	300	0.1
400	0.00691529347674997	0.00691529347674998	0	0.716	0.726	0.00691529347674997	0.00691529347674998	ID	300	A39	C2	1000	10000	0	0.5	300	0.1
401	-0.0170602242611997	-0.0450394494250001	0	0.365	0.157	-0.0170602242611997	-0.0450394494250001	1	1000	A39	C2	1000	10000	0	0.5	300	0
402	-0.0172825971398	-0.0467623672300001	0	0.381	0.11	-0.0172825971398	-0.0467623672300001	FGr	1000	A39	C2	1000	10000	0	0.5	300	0
403	-0.0172837016669307	-0.0484349716450006	0	0.376	0.123	-0.0172837016669307	-0.0484349716450006	NoCorrection	1000	A39	C2	1000	10000	0	0.5	300	0
404	-0.0170737546352996	-0.0453946160250001	0	0.375	0.141	-0.0170737546352996	-0.0453946160250001	ID	1000	A39	C2	1000	10000	0	0.5	300	0
405	0.0133418289645001	0.0295789202649999	0	0.372	0.309	0.0133418289645001	0.0295789202649999	1	1000	A39	C2	1000	10000	0	0.5	300	0.01
406	0.0132558053092999	0.0328791538499996	0	0.365	0.227	0.0132558053092999	0.0328791538499996	FGr	1000	A39	C2	1000	10000	0	0.5	300	0.01
407	0.0132820490635998	0.0323244452499998	0	0.376	0.268	0.0132820490635998	0.0323244452499998	NoCorrection	1000	A39	C2	1000	10000	0	0.5	300	0.01
408	0.0132489134739499	0.0255660653000001	0	0.311	0.368	0.0132489134739499	0.0255660653000001	ID	1000	A39	C2	1000	10000	0	0.5	300	0.01
409	-0.000841935129500107	0.00479677626500018	0	0.96	0.878	-0.000841935129500107	0.00479677626500018	1	1000	A39	C2	1000	10000	0	0.5	300	0.03
410	-0.000390363446049948	0.00582571023000003	0	0.982	0.856	-0.000390363446049948	0.00582571023000003	FGr	1000	A39	C2	1000	10000	0	0.5	300	0.03
411	-0.000405310883299951	0.00927098859500068	0	0.98	0.756	-0.000405310883299951	0.00927098859500068	NoCorrection	1000	A39	C2	1000	10000	0	0.5	300	0.03
412	-0.000557946535150157	0.00849878675499996	0	0.983	0.776	-0.000557946535150157	0.00849878675499996	ID	1000	A39	C2	1000	10000	0	0.5	300	0.03
413	0.03359146919685	0.0505483738300001	0	0.058	0.098	0.03359146919685	0.0505483738300001	1	1000	A39	C2	1000	10000	0	0.5	300	0.1
414	0.0342491274482498	0.0405278701399999	0	0.062	0.168	0.0342491274482498	0.0405278701399999	FGr	1000	A39	C2	1000	10000	0	0.5	300	0.1
415	0.0342047960331499	0.03939235826	0	0.049	0.18	0.0342047960331499	0.03939235826	NoCorrection	1000	A39	C2	1000	10000	0	0.5	300	0.1
416	0.0337294586654501	0.05424844563	0	0.049	0.076	0.0337294586654501	0.05424844563	ID	1000	A39	C2	1000	10000	0	0.5	300	0.1
417	0.0217341334047501	0.0181630870999996	0	0.218	0.715	0.0217341334047501	0.0181630870999996	1	10000	A39	C2	1000	10000	0	0.5	300	0
418	0.021742779382	0.0250783161500001	0	0.229	0.609	0.021742779382	0.0250783161500001	FGr	10000	A39	C2	1000	10000	0	0.5	300	0
419	0.0219116889595	0.0156964049999999	0	0.222	0.729	0.0219116889595	0.0156964049999999	NoCorrection	10000	A39	C2	1000	10000	0	0.5	300	0
420	0.02169741015775	0.02222237855	0	0.248	0.631	0.02169741015775	0.02222237855	ID	10000	A39	C2	1000	10000	0	0.5	300	0
421	-0.0111747457690999	-0.0383130312249982	0	0.515	0.447	-0.0111747457690999	-0.0383130312249982	1	10000	A39	C2	1000	10000	0	0.5	300	0.01
422	-0.0117672047273992	-0.0323353192049977	0	0.496	0.482	-0.0117672047273992	-0.0323353192049977	FGr	10000	A39	C2	1000	10000	0	0.5	300	0.01
423	-0.0115019505982002	-0.0345965162799987	0	0.5	0.491	-0.0115019505982002	-0.0345965162799987	NoCorrection	10000	A39	C2	1000	10000	0	0.5	300	0.01
424	-0.0112012492923496	-0.0403706556499985	0	0.548	0.384	-0.0112012492923496	-0.0403706556499985	ID	10000	A39	C2	1000	10000	0	0.5	300	0.01
425	0.01060031713175	-0.0317531547450002	0	0.56	0.49	0.01060031713175	-0.0317531547450002	1	10000	A39	C2	1000	10000	0	0.5	300	0.03
426	0.0104996150890099	-0.0512369947449999	0	0.551	0.299	0.0104996150890099	-0.0512369947449999	FGr	10000	A39	C2	1000	10000	0	0.5	300	0.03
427	0.0108676389682099	-0.0376005394000002	0	0.566	0.46	0.0108676389682099	-0.0376005394000002	NoCorrection	10000	A39	C2	1000	10000	0	0.5	300	0.03
428	0.0106071839106203	-0.030634051294999	0	0.558	0.54	0.0106071839106203	-0.030634051294999	ID	10000	A39	C2	1000	10000	0	0.5	300	0.03
429	-0.0048877619392	0.0728864117950005	0	0.794	0.124	-0.0048877619392	0.0728864117950005	1	10000	A39	C2	1000	10000	0	0.5	300	0.1
430	-0.00421089878449999	0.0775835234299999	0	0.821	0.097	-0.00421089878449999	0.0775835234299999	FGr	10000	A39	C2	1000	10000	0	0.5	300	0.1
431	-0.00450767798444983	0.07963223615	0	0.805	0.089	-0.00450767798444983	0.07963223615	NoCorrection	10000	A39	C2	1000	10000	0	0.5	300	0.1
432	-0.00490322241899469	0.0790733094449992	0	0.748	0.096	-0.00490322241899469	0.0790733094449992	ID	10000	A39	C2	1000	10000	0	0.5	300	0.1
433	-0.01200302038	-0.01200302038	0	0.256	0.26	-0.01200302038	-0.01200302038	1	300	A39	C2	10000	100	0	0.5	300	0
434	-0.011510772645	-0.011510772645	0	0.266	0.281	-0.011510772645	-0.011510772645	FGr	300	A39	C2	10000	100	0	0.5	300	0
435	-0.01152176053	-0.01152176053	0	0.274	0.273	-0.01152176053	-0.01152176053	NoCorrection	300	A39	C2	10000	100	0	0.5	300	0
436	-0.0118826071605	-0.0118826071605	0	0.264	0.281	-0.0118826071605	-0.0118826071605	ID	300	A39	C2	10000	100	0	0.5	300	0
437	-0.00962227669	-0.00962227669	0	0.361	0.345	-0.00962227669	-0.00962227669	1	300	A39	C2	10000	100	0	0.5	300	0.01
438	-0.00922385713785	-0.00922385713785001	0	0.335	0.353	-0.00922385713785	-0.00922385713785001	FGr	300	A39	C2	10000	100	0	0.5	300	0.01
439	-0.0092138842345	-0.00921388423449999	0	0.354	0.295	-0.0092138842345	-0.00921388423449999	NoCorrection	300	A39	C2	10000	100	0	0.5	300	0.01
440	-0.008849797268	-0.00884979726800001	0	0.36	0.343	-0.008849797268	-0.00884979726800001	ID	300	A39	C2	10000	100	0	0.5	300	0.01
441	-0.011085271304	-0.011085271304	0	0.235	0.242	-0.011085271304	-0.011085271304	1	300	A39	C2	10000	100	0	0.5	300	0.03
442	-0.00988163700299999	-0.009881637003	0	0.292	0.292	-0.00988163700299999	-0.009881637003	FGr	300	A39	C2	10000	100	0	0.5	300	0.03
443	-0.009896922901	-0.00989692290100002	0	0.276	0.291	-0.009896922901	-0.00989692290100002	NoCorrection	300	A39	C2	10000	100	0	0.5	300	0.03
444	-0.00991412956999998	-0.00991412957	0	0.273	0.304	-0.00991412956999998	-0.00991412957	ID	300	A39	C2	10000	100	0	0.5	300	0.03
445	0.00871455143	0.00871455143	0	0.427	0.433	0.00871455143	0.00871455143	1	300	A39	C2	10000	100	0	0.5	300	0.1
446	0.00435121838499999	0.004351218385	0	0.696	0.711	0.00435121838499999	0.004351218385	FGr	300	A39	C2	10000	100	0	0.5	300	0.1
447	0.00439271775100001	0.00439271775100001	0	0.707	0.666	0.00439271775100001	0.00439271775100001	NoCorrection	300	A39	C2	10000	100	0	0.5	300	0.1
448	0.00858042765	0.00858042765	0	0.462	0.424	0.00858042765	0.00858042765	ID	300	A39	C2	10000	100	0	0.5	300	0.1
449	-0.00216522258999996	-0.0256018125	0	0.811	0.106	-0.00216522258999996	-0.0256018125	1	1000	A39	C2	10000	100	0	0.5	300	0
450	-0.0020940106155	-0.0214403235	0	0.854	0.179	-0.0020940106155	-0.0214403235	FGr	1000	A39	C2	10000	100	0	0.5	300	0
451	-0.00213542886050003	-0.022363902	0	0.831	0.17	-0.00213542886050003	-0.022363902	NoCorrection	1000	A39	C2	10000	100	0	0.5	300	0
452	-0.00217906902249994	-0.0259801415	0	0.832	0.113	-0.00217906902249994	-0.0259801415	ID	1000	A39	C2	10000	100	0	0.5	300	0
453	-0.016178878023	-0.0241820765	0	0.131	0.258	-0.016178878023	-0.0241820765	1	1000	A39	C2	10000	100	0	0.5	300	0.01
454	-0.01606177649	-0.0238098435	0	0.116	0.237	-0.01606177649	-0.0238098435	FGr	1000	A39	C2	10000	100	0	0.5	300	0.01
455	-0.016023481335	-0.0223801885	0	0.129	0.27	-0.016023481335	-0.0223801885	NoCorrection	1000	A39	C2	10000	100	0	0.5	300	0.01
456	-0.016173389974	-0.0242695135	0	0.147	0.228	-0.016173389974	-0.0242695135	ID	1000	A39	C2	10000	100	0	0.5	300	0.01
457	0.00619864766900001	-0.0363746175	0	0.549	0.05	0.00619864766900001	-0.0363746175	1	1000	A39	C2	10000	100	0	0.5	300	0.03
458	0.00605505497700001	-0.0368765365	0	0.566	0.056	0.00605505497700001	-0.0368765365	FGr	1000	A39	C2	10000	100	0	0.5	300	0.03
459	0.00608116055950001	-0.036413788	0	0.594	0.054	0.00608116055950001	-0.036413788	NoCorrection	1000	A39	C2	10000	100	0	0.5	300	0.03
460	0.00619004430500001	-0.0362941545	0	0.564	0.053	0.00619004430500001	-0.0362941545	ID	1000	A39	C2	10000	100	0	0.5	300	0.03
461	-0.010505247576	-0.0184733875	0	0.36	0.298	-0.010505247576	-0.0184733875	1	1000	A39	C2	10000	100	0	0.5	300	0.1
462	-0.01053651816	-0.0032480755	0	0.387	0.872	-0.01053651816	-0.0032480755	FGr	1000	A39	C2	10000	100	0	0.5	300	0.1
463	-0.01051640608	-0.00325579050000004	0	0.376	0.861	-0.01051640608	-0.00325579050000004	NoCorrection	1000	A39	C2	10000	100	0	0.5	300	0.1
464	-0.0105047212258	-0.020459957	0	0.333	0.259	-0.0105047212258	-0.020459957	ID	1000	A39	C2	10000	100	0	0.5	300	0.1
465	0.00333767611450001	0.0213609525	0	0.8	0.404	0.00333767611450001	0.0213609525	1	10000	A39	C2	10000	100	0	0.5	300	0
466	0.00347553662000001	0.024267507	0	0.786	0.343	0.00347553662000001	0.024267507	FGr	10000	A39	C2	10000	100	0	0.5	300	0
467	0.00343225824000001	0.025263554	0	0.782	0.325	0.00343225824000001	0.025263554	NoCorrection	10000	A39	C2	10000	100	0	0.5	300	0
468	0.003339291425	0.020345373	0	0.8	0.432	0.003339291425	0.020345373	ID	10000	A39	C2	10000	100	0	0.5	300	0
469	0.003102203145	0.00914305200000001	0	0.741	0.712	0.003102203145	0.00914305200000001	1	10000	A39	C2	10000	100	0	0.5	300	0.01
470	0.002956491571	0.002863274	0	0.786	0.919	0.002956491571	0.002863274	FGr	10000	A39	C2	10000	100	0	0.5	300	0.01
471	0.002924031095	0.00284309599999999	0	0.773	0.927	0.002924031095	0.00284309599999999	NoCorrection	10000	A39	C2	10000	100	0	0.5	300	0.01
472	0.003102777025	0.003602225	0	0.759	0.875	0.003102777025	0.003602225	ID	10000	A39	C2	10000	100	0	0.5	300	0.01
473	0.019503171441	0.000312001000000004	0	0.128	0.995	0.019503171441	0.000312001000000004	1	10000	A39	C2	10000	100	0	0.5	300	0.03
474	0.0194302366425	0.000460581500000052	0	0.126	0.99	0.0194302366425	0.000460581500000052	FGr	10000	A39	C2	10000	100	0	0.5	300	0.03
475	0.0194247428938	0.000465983500000005	0	0.141	0.989	0.0194247428938	0.000465983500000005	NoCorrection	10000	A39	C2	10000	100	0	0.5	300	0.03
476	0.019551765205	0.00415558049999998	0	0.117	0.857	0.019551765205	0.00415558049999998	ID	10000	A39	C2	10000	100	0	0.5	300	0.03
477	0.0013659634805	-0.01285372	0	0.913	0.597	0.0013659634805	-0.01285372	1	10000	A39	C2	10000	100	0	0.5	300	0.1
478	2.00425399999993e-05	-0.0194652	0	1	0.488	2.00425399999993e-05	-0.0194652	FGr	10000	A39	C2	10000	100	0	0.5	300	0.1
479	3.5162098999989e-05	-0.02172381	0	1	0.433	3.5162098999989e-05	-0.02172381	NoCorrection	10000	A39	C2	10000	100	0	0.5	300	0.1
480	0.001628388005	-0.012879872	0	0.901	0.626	0.001628388005	-0.012879872	ID	10000	A39	C2	10000	100	0	0.5	300	0.1
481	-0.00102105114354999	-0.00102105114354999	0	0.854	0.861	-0.00102105114354999	-0.00102105114354999	1	300	A39	C2	10000	1000	0	0.5	300	0
482	-0.000841631369999996	-0.000841631370000002	0	0.89	0.885	-0.000841631369999996	-0.000841631370000002	FGr	300	A39	C2	10000	1000	0	0.5	300	0
483	-0.00091847701155	-0.00091847701155	0	0.866	0.884	-0.00091847701155	-0.00091847701155	NoCorrection	300	A39	C2	10000	1000	0	0.5	300	0
484	-0.000840513636749995	-0.000840513636749994	0	0.883	0.865	-0.000840513636749995	-0.000840513636749994	ID	300	A39	C2	10000	1000	0	0.5	300	0
485	-0.00264328111865	-0.00264328111864999	0	0.71	0.718	-0.00264328111865	-0.00264328111864999	1	300	A39	C2	10000	1000	0	0.5	300	0.01
486	-0.002851854179	-0.002851854179	0	0.695	0.69	-0.002851854179	-0.002851854179	FGr	300	A39	C2	10000	1000	0	0.5	300	0.01
487	-0.00290912060479998	-0.00290912060479998	0	0.679	0.667	-0.00290912060479998	-0.00290912060479998	NoCorrection	300	A39	C2	10000	1000	0	0.5	300	0.01
488	-0.00296637401239996	-0.00296637401239996	0	0.662	0.67	-0.00296637401239996	-0.00296637401239996	ID	300	A39	C2	10000	1000	0	0.5	300	0.01
489	0.00807336446000001	0.00807336445999999	0	0.243	0.23	0.00807336446000001	0.00807336445999999	1	300	A39	C2	10000	1000	0	0.5	300	0.03
490	0.00931937253499998	0.00931937253499998	0	0.161	0.174	0.00931937253499998	0.00931937253499998	FGr	300	A39	C2	10000	1000	0	0.5	300	0.03
491	0.00936121397100003	0.00936121397100001	0	0.145	0.177	0.00936121397100003	0.00936121397100001	NoCorrection	300	A39	C2	10000	1000	0	0.5	300	0.03
492	0.00853789983099002	0.00853789983099003	0	0.218	0.213	0.00853789983099002	0.00853789983099003	ID	300	A39	C2	10000	1000	0	0.5	300	0.03
493	-0.00529013500450001	-0.0052901350045	0	0.422	0.428	-0.00529013500450001	-0.0052901350045	1	300	A39	C2	10000	1000	0	0.5	300	0.1
494	-0.00464394994519998	-0.00464394994519999	0	0.479	0.491	-0.00464394994519998	-0.00464394994519999	FGr	300	A39	C2	10000	1000	0	0.5	300	0.1
495	-0.00461727718800002	-0.00461727718800001	0	0.497	0.494	-0.00461727718800002	-0.00461727718800001	NoCorrection	300	A39	C2	10000	1000	0	0.5	300	0.1
496	-0.00534167024010001	-0.00534167024010001	0	0.4	0.424	-0.00534167024010001	-0.00534167024010001	ID	300	A39	C2	10000	1000	0	0.5	300	0.1
497	-3.14828160000168e-05	0.000619390099999976	0	0.995	0.954	-3.14828160000168e-05	0.000619390099999976	1	1000	A39	C2	10000	1000	0	0.5	300	0
498	0.00114891599150008	0.00050518210000012	0	0.842	0.972	0.00114891599150008	0.00050518210000012	FGr	1000	A39	C2	10000	1000	0	0.5	300	0
499	0.00107367339900004	0.000736575249999935	0	0.853	0.943	0.00107367339900004	0.000736575249999935	NoCorrection	1000	A39	C2	10000	1000	0	0.5	300	0
500	-9.10941969999611e-05	0.000329258349999988	0	0.988	0.976	-9.10941969999611e-05	0.000329258349999988	ID	1000	A39	C2	10000	1000	0	0.5	300	0
501	-0.00695446971470003	-0.0153426239	0	0.214	0.167	-0.00695446971470003	-0.0153426239	1	1000	A39	C2	10000	1000	0	0.5	300	0.01
502	-0.007937485731	-0.01596623745	0	0.143	0.143	-0.007937485731	-0.01596623745	FGr	1000	A39	C2	10000	1000	0	0.5	300	0.01
503	-0.00797126594745003	-0.0166247208	0	0.132	0.129	-0.00797126594745003	-0.0166247208	NoCorrection	1000	A39	C2	10000	1000	0	0.5	300	0.01
504	-0.00650680369000003	-0.0141486586499999	0	0.236	0.213	-0.00650680369000003	-0.0141486586499999	ID	1000	A39	C2	10000	1000	0	0.5	300	0.01
505	-7.96241921000658e-05	-0.00211332064999998	0	0.991	0.844	-7.96241921000658e-05	-0.00211332064999998	1	1000	A39	C2	10000	1000	0	0.5	300	0.03
506	0.00192448133599994	-0.00437224954999999	0	0.72	0.67	0.00192448133599994	-0.00437224954999999	FGr	1000	A39	C2	10000	1000	0	0.5	300	0.03
507	0.00195228886050001	-0.0039196941	0	0.727	0.695	0.00195228886050001	-0.0039196941	NoCorrection	1000	A39	C2	10000	1000	0	0.5	300	0.03
508	0.000677895109499888	-0.00421292584999998	0	0.905	0.651	0.000677895109499888	-0.00421292584999998	ID	1000	A39	C2	10000	1000	0	0.5	300	0.03
509	-0.00325530965210003	-0.01029079075	0	0.577	0.333	-0.00325530965210003	-0.01029079075	1	1000	A39	C2	10000	1000	0	0.5	300	0.1
510	0.00145454095040001	-0.0100118021	0	0.801	0.37	0.00145454095040001	-0.0100118021	FGr	1000	A39	C2	10000	1000	0	0.5	300	0.1
511	0.0014792239297	-0.00956627639999994	0	0.818	0.392	0.0014792239297	-0.00956627639999994	NoCorrection	1000	A39	C2	10000	1000	0	0.5	300	0.1
512	-0.00313728968000004	-0.0108654574500001	0	0.589	0.292	-0.00313728968000004	-0.0108654574500001	ID	1000	A39	C2	10000	1000	0	0.5	300	0.1
513	0.003614571528	0.0135011802	0	0.52	0.41	0.003614571528	0.0135011802	1	10000	A39	C2	10000	1000	0	0.5	300	0
514	0.00546152631	0.00125944144999993	0	0.339	0.941	0.00546152631	0.00125944144999993	FGr	10000	A39	C2	10000	1000	0	0.5	300	0
515	0.005575502959	0.00121422775000007	0	0.316	0.93	0.005575502959	0.00121422775000007	NoCorrection	10000	A39	C2	10000	1000	0	0.5	300	0
516	0.00360554329405001	0.0131405488	0	0.503	0.445	0.00360554329405001	0.0131405488	ID	10000	A39	C2	10000	1000	0	0.5	300	0
517	0.00706504062183495	-0.00957709254999997	0	0.272	0.583	0.00706504062183495	-0.00957709254999997	1	10000	A39	C2	10000	1000	0	0.5	300	0.01
518	0.00654143651749997	-0.00789376965000001	0	0.299	0.619	0.00654143651749997	-0.00789376965000001	FGr	10000	A39	C2	10000	1000	0	0.5	300	0.01
519	0.00679722842874998	-0.00922824699999989	0	0.273	0.575	0.00679722842874998	-0.00922824699999989	NoCorrection	10000	A39	C2	10000	1000	0	0.5	300	0.01
520	0.00720115807855002	-0.00951616204999998	0	0.227	0.566	0.00720115807855002	-0.00951616204999998	ID	10000	A39	C2	10000	1000	0	0.5	300	0.01
521	-0.00811883252375002	0.01304052785	0	0.221	0.483	-0.00811883252375002	0.01304052785	1	10000	A39	C2	10000	1000	0	0.5	300	0.03
522	-0.01002461881673	0.0144487704	0	0.134	0.409	-0.01002461881673	0.0144487704	FGr	10000	A39	C2	10000	1000	0	0.5	300	0.03
523	-0.0101649525335	0.0157831919	0	0.126	0.382	-0.0101649525335	0.0157831919	NoCorrection	10000	A39	C2	10000	1000	0	0.5	300	0.03
524	-0.00826559102654999	0.0136379011	0	0.235	0.458	-0.00826559102654999	0.0136379011	ID	10000	A39	C2	10000	1000	0	0.5	300	0.03
525	0.00458292272300002	-0.00120886480000006	0	0.473	0.932	0.00458292272300002	-0.00120886480000006	1	10000	A39	C2	10000	1000	0	0.5	300	0.1
526	-0.00298283676764999	-0.01151047495	0	0.683	0.542	-0.00298283676764999	-0.01151047495	FGr	10000	A39	C2	10000	1000	0	0.5	300	0.1
527	-0.0028546675055	-0.0162064251999999	0	0.702	0.414	-0.0028546675055	-0.0162064251999999	NoCorrection	10000	A39	C2	10000	1000	0	0.5	300	0.1
528	0.0045632722905	-0.00104294069999997	0	0.478	0.938	0.0045632722905	-0.00104294069999997	ID	10000	A39	C2	10000	1000	0	0.5	300	0.1
529	-0.0102005216558	-0.0102005216558	0	0.048	0.058	-0.0102005216558	-0.0102005216558	1	300	A39	C2	10000	10000	0	0.5	300	0
530	-0.010098616083815	-0.010098616083815	0	0.056	0.066	-0.010098616083815	-0.010098616083815	FGr	300	A39	C2	10000	10000	0	0.5	300	0
531	-0.0100782296918251	-0.0100782296918251	0	0.048	0.044	-0.0100782296918251	-0.0100782296918251	NoCorrection	300	A39	C2	10000	10000	0	0.5	300	0
532	-0.0100353326899901	-0.0100353326899901	0	0.05	0.053	-0.0100353326899901	-0.0100353326899901	ID	300	A39	C2	10000	10000	0	0.5	300	0
533	-0.0109414737248701	-0.0109414737248701	0	0.04	0.054	-0.0109414737248701	-0.0109414737248701	1	300	A39	C2	10000	10000	0	0.5	300	0.01
534	-0.0107797157291	-0.0107797157291	0	0.05	0.05	-0.0107797157291	-0.0107797157291	FGr	300	A39	C2	10000	10000	0	0.5	300	0.01
535	-0.0109144291135001	-0.0109144291135	0	0.043	0.047	-0.0109144291135001	-0.0109144291135	NoCorrection	300	A39	C2	10000	10000	0	0.5	300	0.01
536	-0.01098883011391	-0.01098883011391	0	0.05	0.05	-0.01098883011391	-0.01098883011391	ID	300	A39	C2	10000	10000	0	0.5	300	0.01
537	0.00224420132046	0.00224420132046	0	0.698	0.697	0.00224420132046	0.00224420132046	1	300	A39	C2	10000	10000	0	0.5	300	0.03
538	0.00235300087254497	0.00235300087254497	0	0.672	0.69	0.00235300087254497	0.00235300087254497	FGr	300	A39	C2	10000	10000	0	0.5	300	0.03
539	0.00225447998642497	0.00225447998642497	0	0.681	0.694	0.00225447998642497	0.00225447998642497	NoCorrection	300	A39	C2	10000	10000	0	0.5	300	0.03
540	0.00213937522259995	0.00213937522259995	0	0.672	0.689	0.00213937522259995	0.00213937522259995	ID	300	A39	C2	10000	10000	0	0.5	300	0.03
541	0.00931771431032996	0.00931771431032995	0	0.155	0.159	0.00931771431032996	0.00931771431032995	1	300	A39	C2	10000	10000	0	0.5	300	0.1
542	0.00942366462764997	0.00942366462764997	0	0.154	0.148	0.00942366462764997	0.00942366462764997	FGr	300	A39	C2	10000	10000	0	0.5	300	0.1
543	0.00934520152209998	0.00934520152209998	0	0.163	0.165	0.00934520152209998	0.00934520152209998	NoCorrection	300	A39	C2	10000	10000	0	0.5	300	0.1
544	0.00877820316395003	0.00877820316395003	0	0.196	0.158	0.00877820316395003	0.00877820316395003	ID	300	A39	C2	10000	10000	0	0.5	300	0.1
545	0.0133085169321001	0.0318558966000001	0	0.033	0.002	0.0133085169321001	0.0318558966000001	1	1000	A39	C2	10000	10000	0	0.5	300	0
546	0.01313428054808	0.0294635233899998	0	0.036	0.002	0.01313428054808	0.0294635233899998	FGr	1000	A39	C2	10000	10000	0	0.5	300	0
547	0.0130820032302	0.0304799538199997	0	0.036	0.001	0.0130820032302	0.0304799538199997	NoCorrection	1000	A39	C2	10000	10000	0	0.5	300	0
548	0.01319633503565	0.0314094933750004	0	0.043	0.002	0.01319633503565	0.0314094933750004	ID	1000	A39	C2	10000	10000	0	0.5	300	0
549	-0.00207203020294997	-0.00203162957999995	0	0.731	0.817	-0.00207203020294997	-0.00203162957999995	1	1000	A39	C2	10000	10000	0	0.5	300	0.01
550	-0.00122417306580998	-0.00220701258000008	0	0.841	0.843	-0.00122417306580998	-0.00220701258000008	FGr	1000	A39	C2	10000	10000	0	0.5	300	0.01
551	-0.00127901294089996	-0.00207815668000009	0	0.854	0.858	-0.00127901294089996	-0.00207815668000009	NoCorrection	1000	A39	C2	10000	10000	0	0.5	300	0.01
552	-0.00239096543610001	-0.00355107506499981	0	0.735	0.743	-0.00239096543610001	-0.00355107506499981	ID	1000	A39	C2	10000	10000	0	0.5	300	0.01
553	0.00195766122817003	0.0241158415300001	0	0.748	0.008	0.00195766122817003	0.0241158415300001	1	1000	A39	C2	10000	10000	0	0.5	300	0.03
554	0.00283326221904002	0.02330754268	0	0.629	0.014	0.00283326221904002	0.02330754268	FGr	1000	A39	C2	10000	10000	0	0.5	300	0.03
555	0.00285792972834995	0.023691038455	0	0.638	0.015	0.00285792972834995	0.023691038455	NoCorrection	1000	A39	C2	10000	10000	0	0.5	300	0.03
556	0.00227161469060012	0.0256151104749999	0	0.694	0.006	0.00227161469060012	0.0256151104749999	ID	1000	A39	C2	10000	10000	0	0.5	300	0.03
557	-0.002530053031945	0.00718290454999963	0	0.647	0.422	-0.002530053031945	0.00718290454999963	1	1000	A39	C2	10000	10000	0	0.5	300	0.1
558	0.00165650993130007	0.00825867907500023	0	0.779	0.45	0.00165650993130007	0.00825867907500023	FGr	1000	A39	C2	10000	10000	0	0.5	300	0.1
559	0.00160410297186506	0.00951527941500003	0	0.775	0.378	0.00160410297186506	0.00951527941500003	NoCorrection	1000	A39	C2	10000	10000	0	0.5	300	0.1
560	-0.0027920311783335	0.00920080662499996	0	0.635	0.313	-0.0027920311783335	0.00920080662499996	ID	1000	A39	C2	10000	10000	0	0.5	300	0.1
561	0.00113445912704999	-0.0126967225999999	0	0.845	0.446	0.00113445912704999	-0.0126967225999999	1	10000	A39	C2	10000	10000	0	0.5	300	0
562	0.0014187443394	-0.016390785715	0	0.81	0.335	0.0014187443394	-0.016390785715	FGr	10000	A39	C2	10000	10000	0	0.5	300	0
563	0.00139835675433	-0.0158317667899999	0	0.806	0.336	0.00139835675433	-0.0158317667899999	NoCorrection	10000	A39	C2	10000	10000	0	0.5	300	0
564	0.000963125600899993	-0.0141176484549999	0	0.877	0.393	0.000963125600899993	-0.0141176484549999	ID	10000	A39	C2	10000	10000	0	0.5	300	0
565	-0.00848928462592001	-0.0146586949599999	0	0.142	0.309	-0.00848928462592001	-0.0146586949599999	1	10000	A39	C2	10000	10000	0	0.5	300	0.01
566	-0.00800207154994997	-0.0185454914750004	0	0.158	0.184	-0.00800207154994997	-0.0185454914750004	FGr	10000	A39	C2	10000	10000	0	0.5	300	0.01
567	-0.00799947592615001	-0.0185442573950001	0	0.148	0.194	-0.00799947592615001	-0.0185442573950001	NoCorrection	10000	A39	C2	10000	10000	0	0.5	300	0.01
568	-0.00834891478955003	-0.0117255891749998	0	0.14	0.421	-0.00834891478955003	-0.0117255891749998	ID	10000	A39	C2	10000	10000	0	0.5	300	0.01
569	0.00798543264885003	0.000909696700000073	0	0.217	0.954	0.00798543264885003	0.000909696700000073	1	10000	A39	C2	10000	10000	0	0.5	300	0.03
570	0.00913168520595002	-0.0116308006550001	0	0.14	0.45	0.00913168520595002	-0.0116308006550001	FGr	10000	A39	C2	10000	10000	0	0.5	300	0.03
571	0.00913707797619999	-0.0109661218350001	0	0.146	0.458	0.00913707797619999	-0.0109661218350001	NoCorrection	10000	A39	C2	10000	10000	0	0.5	300	0.03
572	0.00804034584045003	0.00122362413500007	0	0.216	0.943	0.00804034584045003	0.00122362413500007	ID	10000	A39	C2	10000	10000	0	0.5	300	0.03
573	0.00665715420894996	0.00655086720999999	0	0.257	0.639	0.00665715420894996	0.00655086720999999	1	10000	A39	C2	10000	10000	0	0.5	300	0.1
574	0.00960240597932	-0.000958707230000272	0	0.119	0.955	0.00960240597932	-0.000958707230000272	FGr	10000	A39	C2	10000	10000	0	0.5	300	0.1
575	0.00958494062104001	-0.00330227135000014	0	0.128	0.844	0.00958494062104001	-0.00330227135000014	NoCorrection	10000	A39	C2	10000	10000	0	0.5	300	0.1
576	0.00671509005670497	0.00587403934999992	0	0.275	0.687	0.00671509005670497	0.00587403934999992	ID	10000	A39	C2	10000	10000	0	0.5	300	0.1
