	c-q	nc-q	true-q	c-p	nc-p	c-bias	nc-bias	type	L	rep	config	gwas_size	test_size	h2	ts	num_causal	env
1	0.073976105639	0.073976105639	0	0.104	0.115	0.073976105639	0.073976105639	1	300	A35	C1	1000	100	0	0.5	300	0
2	0.079550146735	0.079550146735	0	0.091	0.078	0.079550146735	0.079550146735	FGr	300	A35	C1	1000	100	0	0.5	300	0
3	0.0933957397870001	0.093395739787	0	0.047	0.043	0.0933957397870001	0.093395739787	NoCorrection	300	A35	C1	1000	100	0	0.5	300	0
4	0.0562897401145001	0.0562897401145001	0	0.193	0.216	0.0562897401145001	0.0562897401145001	ID	300	A35	C1	1000	100	0	0.5	300	0
5	-0.051980118125	-0.051980118125	0	0.211	0.215	-0.051980118125	-0.051980118125	1	300	A35	C1	1000	100	0	0.5	300	0.01
6	-0.03517306178715	-0.03517306178715	0	0.378	0.42	-0.03517306178715	-0.03517306178715	FGr	300	A35	C1	1000	100	0	0.5	300	0.01
7	-0.0381746047500001	-0.03817460475	0	0.358	0.356	-0.0381746047500001	-0.03817460475	NoCorrection	300	A35	C1	1000	100	0	0.5	300	0.01
8	-0.0351809235350001	-0.035180923535	0	0.41	0.414	-0.0351809235350001	-0.035180923535	ID	300	A35	C1	1000	100	0	0.5	300	0.01
9	0.0287698805300001	0.02876988053	0	0.489	0.521	0.0287698805300001	0.02876988053	1	300	A35	C1	1000	100	0	0.5	300	0.03
10	0.085590021705	0.085590021705	0	0.056	0.044	0.085590021705	0.085590021705	FGr	300	A35	C1	1000	100	0	0.5	300	0.03
11	0.09142197773	0.09142197773	0	0.047	0.039	0.09142197773	0.09142197773	NoCorrection	300	A35	C1	1000	100	0	0.5	300	0.03
12	0.040916232185	0.040916232185	0	0.333	0.332	0.040916232185	0.040916232185	ID	300	A35	C1	1000	100	0	0.5	300	0.03
13	0.026209690735	0.026209690735	0	0.514	0.533	0.026209690735	0.026209690735	1	300	A35	C1	1000	100	0	0.5	300	0.1
14	0.05253853643	0.05253853643	0	0.207	0.198	0.05253853643	0.05253853643	FGr	300	A35	C1	1000	100	0	0.5	300	0.1
15	0.067387731075	0.067387731075	0	0.112	0.114	0.067387731075	0.067387731075	NoCorrection	300	A35	C1	1000	100	0	0.5	300	0.1
16	0.0469237255	0.0469237255	0	0.259	0.263	0.0469237255	0.0469237255	ID	300	A35	C1	1000	100	0	0.5	300	0.1
17	-0.025743020635	-0.016697488	0	0.565	0.816	-0.025743020635	-0.016697488	1	1000	A35	C1	1000	100	0	0.5	300	0
18	0.00329329564999995	0.039704265	0	0.936	0.529	0.00329329564999995	0.039704265	FGr	1000	A35	C1	1000	100	0	0.5	300	0
19	0.00790660945499998	0.053792162	0	0.844	0.397	0.00790660945499998	0.053792162	NoCorrection	1000	A35	C1	1000	100	0	0.5	300	0
20	-0.01075069871	0.025945717	0	0.792	0.675	-0.01075069871	0.025945717	ID	1000	A35	C1	1000	100	0	0.5	300	0
21	-0.025507100072	0.00956519899999996	0	0.523	0.889	-0.025507100072	0.00956519899999996	1	1000	A35	C1	1000	100	0	0.5	300	0.01
22	-0.01637397998	0.0415316875	0	0.706	0.499	-0.01637397998	0.0415316875	FGr	1000	A35	C1	1000	100	0	0.5	300	0.01
23	-0.00567062863000003	0.084022017	0	0.887	0.137	-0.00567062863000003	0.084022017	NoCorrection	1000	A35	C1	1000	100	0	0.5	300	0.01
24	-0.01179948215	0.0665624525	0	0.772	0.265	-0.01179948215	0.0665624525	ID	1000	A35	C1	1000	100	0	0.5	300	0.01
25	-0.023832860855	-0.0553746245	0	0.544	0.354	-0.023832860855	-0.0553746245	1	1000	A35	C1	1000	100	0	0.5	300	0.03
26	-0.0371529527603	-0.0993821495000001	0	0.334	0.103	-0.0371529527603	-0.0993821495000001	FGr	1000	A35	C1	1000	100	0	0.5	300	0.03
27	-0.0317440805045	-0.08388833	0	0.406	0.174	-0.0317440805045	-0.08388833	NoCorrection	1000	A35	C1	1000	100	0	0.5	300	0.03
28	-0.024462113115	-0.0560279795	0	0.529	0.374	-0.024462113115	-0.0560279795	ID	1000	A35	C1	1000	100	0	0.5	300	0.03
29	0.02230989385	-0.0403639615	0	0.631	0.523	0.02230989385	-0.0403639615	1	1000	A35	C1	1000	100	0	0.5	300	0.1
30	0.034534360064	-0.00505891899999998	0	0.422	0.933	0.034534360064	-0.00505891899999998	FGr	1000	A35	C1	1000	100	0	0.5	300	0.1
31	0.034485244326	-0.00496385700000002	0	0.43	0.931	0.034485244326	-0.00496385700000002	NoCorrection	1000	A35	C1	1000	100	0	0.5	300	0.1
32	0.01173115867	-0.077569114	0	0.761	0.221	0.01173115867	-0.077569114	ID	1000	A35	C1	1000	100	0	0.5	300	0.1
33	-0.060705272585	-0.11398718	0	0.101	0.242	-0.060705272585	-0.11398718	1	10000	A35	C1	1000	100	0	0.5	300	0
34	-0.06913971906	-0.160216115	0	0.062	0.122	-0.06913971906	-0.160216115	FGr	10000	A35	C1	1000	100	0	0.5	300	0
35	-0.04248378167	0.00862466999999998	0	0.245	0.936	-0.04248378167	0.00862466999999998	NoCorrection	10000	A35	C1	1000	100	0	0.5	300	0
36	-0.059449681302	-0.111559775	0	0.12	0.277	-0.059449681302	-0.111559775	ID	10000	A35	C1	1000	100	0	0.5	300	0
37	0.00861196602000001	-0.0882534390000001	0	0.802	0.395	0.00861196602000001	-0.0882534390000001	1	10000	A35	C1	1000	100	0	0.5	300	0.01
38	0.00721198348000003	-0.103364318	0	0.84	0.323	0.00721198348000003	-0.103364318	FGr	10000	A35	C1	1000	100	0	0.5	300	0.01
39	-0.026107430845	-0.311681322	0	0.491	0	-0.026107430845	-0.311681322	NoCorrection	10000	A35	C1	1000	100	0	0.5	300	0.01
40	0.00843111537	-0.099542734	0	0.83	0.33	0.00843111537	-0.099542734	ID	10000	A35	C1	1000	100	0	0.5	300	0.01
41	-0.0171678709686	-0.0695197859999999	0	0.647	0.503	-0.0171678709686	-0.0695197859999999	1	10000	A35	C1	1000	100	0	0.5	300	0.03
42	-0.012772974465	-0.040422039	0	0.735	0.712	-0.012772974465	-0.040422039	FGr	10000	A35	C1	1000	100	0	0.5	300	0.03
43	0.000337576564999998	0.027735933	0	0.993	0.788	0.000337576564999998	0.027735933	NoCorrection	10000	A35	C1	1000	100	0	0.5	300	0.03
44	-0.018664342795	-0.0890101525	0	0.64	0.375	-0.018664342795	-0.0890101525	ID	10000	A35	C1	1000	100	0	0.5	300	0.03
45	0.00599088993500001	0.0589905305	0	0.866	0.54	0.00599088993500001	0.0589905305	1	10000	A35	C1	1000	100	0	0.5	300	0.1
46	0.00644647228499999	0.0573138665	0	0.855	0.577	0.00644647228499999	0.0573138665	FGr	10000	A35	C1	1000	100	0	0.5	300	0.1
47	0.03316716514	0.2369193845	0	0.337	0.012	0.03316716514	0.2369193845	NoCorrection	10000	A35	C1	1000	100	0	0.5	300	0.1
48	0.007090646834	0.038839038	0	0.852	0.694	0.007090646834	0.038839038	ID	10000	A35	C1	1000	100	0	0.5	300	0.1
49	-0.030817356422	-0.030817356422	0	0.296	0.35	-0.030817356422	-0.030817356422	1	300	A35	C1	1000	1000	0	0.5	300	0
50	-0.017322045291	-0.017322045291	0	0.563	0.591	-0.017322045291	-0.017322045291	FGr	300	A35	C1	1000	1000	0	0.5	300	0
51	-0.00741850705859998	-0.00741850705859998	0	0.82	0.806	-0.00741850705859998	-0.00741850705859998	NoCorrection	300	A35	C1	1000	1000	0	0.5	300	0
52	-0.0186911548837501	-0.0186911548837501	0	0.576	0.56	-0.0186911548837501	-0.0186911548837501	ID	300	A35	C1	1000	1000	0	0.5	300	0
53	0.0515919906460499	0.0515919906460499	0	0.088	0.083	0.0515919906460499	0.0515919906460499	1	300	A35	C1	1000	1000	0	0.5	300	0.01
54	0.0773366629995001	0.0773366629995001	0	0.005	0.012	0.0773366629995001	0.0773366629995001	FGr	300	A35	C1	1000	1000	0	0.5	300	0.01
55	0.0655850118739998	0.0655850118739998	0	0.021	0.021	0.0655850118739998	0.0655850118739998	NoCorrection	300	A35	C1	1000	1000	0	0.5	300	0.01
56	0.074167599305	0.074167599305	0	0.015	0.008	0.074167599305	0.074167599305	ID	300	A35	C1	1000	1000	0	0.5	300	0.01
57	0.0112465938625001	0.0112465938625001	0	0.721	0.72	0.0112465938625001	0.0112465938625001	1	300	A35	C1	1000	1000	0	0.5	300	0.03
58	-0.00377178195700004	-0.00377178195700008	0	0.898	0.897	-0.00377178195700004	-0.00377178195700008	FGr	300	A35	C1	1000	1000	0	0.5	300	0.03
59	0.00950280582250001	0.00950280582249999	0	0.764	0.748	0.00950280582250001	0.00950280582249999	NoCorrection	300	A35	C1	1000	1000	0	0.5	300	0.03
60	-0.00239411013999999	-0.00239411014	0	0.927	0.936	-0.00239411013999999	-0.00239411014	ID	300	A35	C1	1000	1000	0	0.5	300	0.03
61	-0.056870558192	-0.056870558192	0	0.027	0.018	-0.056870558192	-0.056870558192	1	300	A35	C1	1000	1000	0	0.5	300	0.1
62	-0.0628252900145	-0.0628252900145	0	0.012	0.017	-0.0628252900145	-0.0628252900145	FGr	300	A35	C1	1000	1000	0	0.5	300	0.1
63	-0.0400748485975	-0.0400748485975	0	0.12	0.128	-0.0400748485975	-0.0400748485975	NoCorrection	300	A35	C1	1000	1000	0	0.5	300	0.1
64	-0.0655372794575	-0.0655372794575	0	0.012	0.013	-0.0655372794575	-0.0655372794575	ID	300	A35	C1	1000	1000	0	0.5	300	0.1
65	-0.0309457605485	0.00485726085000006	0	0.276	0.925	-0.0309457605485	0.00485726085000006	1	1000	A35	C1	1000	1000	0	0.5	300	0
66	-0.0328789732764999	-0.00375047505000009	0	0.263	0.937	-0.0328789732764999	-0.00375047505000009	FGr	1000	A35	C1	1000	1000	0	0.5	300	0
67	-0.0333376633125	-0.00473346569999995	0	0.217	0.928	-0.0333376633125	-0.00473346569999995	NoCorrection	1000	A35	C1	1000	1000	0	0.5	300	0
68	-0.0385689175614	-0.0133078302000002	0	0.152	0.757	-0.0385689175614	-0.0133078302000002	ID	1000	A35	C1	1000	1000	0	0.5	300	0
69	0.00915053174099988	0.00362590854999998	0	0.753	0.933	0.00915053174099988	0.00362590854999998	1	1000	A35	C1	1000	1000	0	0.5	300	0.01
70	-0.00338945611185005	-0.0177587214499999	0	0.915	0.729	-0.00338945611185005	-0.0177587214499999	FGr	1000	A35	C1	1000	1000	0	0.5	300	0.01
71	0.0240003911580003	0.0488446712499999	0	0.42	0.28	0.0240003911580003	0.0488446712499999	NoCorrection	1000	A35	C1	1000	1000	0	0.5	300	0.01
72	0.00815331483010001	0.00500909919999982	0	0.755	0.92	0.00815331483010001	0.00500909919999982	ID	1000	A35	C1	1000	1000	0	0.5	300	0.01
73	0.00981898132400007	0.00918854785000003	0	0.724	0.834	0.00981898132400007	0.00918854785000003	1	1000	A35	C1	1000	1000	0	0.5	300	0.03
74	0.00879866862699987	0.00690241649999994	0	0.774	0.887	0.00879866862699987	0.00690241649999994	FGr	1000	A35	C1	1000	1000	0	0.5	300	0.03
75	0.0197558187725	0.0272545848500002	0	0.482	0.55	0.0197558187725	0.0272545848500002	NoCorrection	1000	A35	C1	1000	1000	0	0.5	300	0.03
76	0.00530450323900002	-0.000503708249999789	0	0.832	0.994	0.00530450323900002	-0.000503708249999789	ID	1000	A35	C1	1000	1000	0	0.5	300	0.03
77	-0.001791766162	0.03412115405	0	0.956	0.485	-0.001791766162	0.03412115405	1	1000	A35	C1	1000	1000	0	0.5	300	0.1
78	0.0157508453245	0.08140874365	0	0.615	0.106	0.0157508453245	0.08140874365	FGr	1000	A35	C1	1000	1000	0	0.5	300	0.1
79	0.0231995790645	0.1005089011	0	0.473	0.039	0.0231995790645	0.1005089011	NoCorrection	1000	A35	C1	1000	1000	0	0.5	300	0.1
80	-0.007578205059	0.0258833076999999	0	0.805	0.595	-0.007578205059	0.0258833076999999	ID	1000	A35	C1	1000	1000	0	0.5	300	0.1
81	0.00967238899899993	-0.0577205944999998	0	0.711	0.429	0.00967238899899993	-0.0577205944999998	1	10000	A35	C1	1000	1000	0	0.5	300	0
82	0.0139095596393	-0.0361090165000001	0	0.595	0.644	0.0139095596393	-0.0361090165000001	FGr	10000	A35	C1	1000	1000	0	0.5	300	0
83	-0.0182115176455	-0.2310184175	0	0.471	0.002	-0.0182115176455	-0.2310184175	NoCorrection	10000	A35	C1	1000	1000	0	0.5	300	0
84	0.00752609790450003	-0.0811257355000001	0	0.793	0.266	0.00752609790450003	-0.0811257355000001	ID	10000	A35	C1	1000	1000	0	0.5	300	0
85	-0.0142150587150001	0.03696069645	0	0.641	0.568	-0.0142150587150001	0.03696069645	1	10000	A35	C1	1000	1000	0	0.5	300	0.01
86	-0.0124199155205	0.0460100317499996	0	0.695	0.497	-0.0124199155205	0.0460100317499996	FGr	10000	A35	C1	1000	1000	0	0.5	300	0.01
87	0.02270124029	0.26560211205	0	0.446	0	0.02270124029	0.26560211205	NoCorrection	10000	A35	C1	1000	1000	0	0.5	300	0.01
88	-0.01324578994	0.0475185163	0	0.678	0.449	-0.01324578994	0.0475185163	ID	10000	A35	C1	1000	1000	0	0.5	300	0.01
89	-0.0010108541953	-0.000109729699999972	0	0.977	0.998	-0.0010108541953	-0.000109729699999972	1	10000	A35	C1	1000	1000	0	0.5	300	0.03
90	0.00489614116749999	0.0282735069499999	0	0.869	0.66	0.00489614116749999	0.0282735069499999	FGr	10000	A35	C1	1000	1000	0	0.5	300	0.03
91	0.0107064583382	0.0608755086	0	0.697	0.374	0.0107064583382	0.0608755086	NoCorrection	10000	A35	C1	1000	1000	0	0.5	300	0.03
92	-0.000645279601599995	-0.00335707455000005	0	0.978	0.949	-0.000645279601599995	-0.00335707455000005	ID	10000	A35	C1	1000	1000	0	0.5	300	0.03
93	0.0111317497844	-0.0444755485000002	0	0.714	0.541	0.0111317497844	-0.0444755485000002	1	10000	A35	C1	1000	1000	0	0.5	300	0.1
94	0.00822014856374992	-0.0658050375	0	0.76	0.404	0.00822014856374992	-0.0658050375	FGr	10000	A35	C1	1000	1000	0	0.5	300	0.1
95	0.02814730913	0.096579299	0	0.283	0.232	0.02814730913	0.096579299	NoCorrection	10000	A35	C1	1000	1000	0	0.5	300	0.1
96	0.01223146086455	-0.0422982265500002	0	0.66	0.578	0.01223146086455	-0.0422982265500002	ID	10000	A35	C1	1000	1000	0	0.5	300	0.1
97	-0.0434241685653601	-0.0434241685653601	0	0.094	0.081	-0.0434241685653601	-0.0434241685653601	1	300	A35	C1	1000	10000	0	0.5	300	0
98	-0.0710849993141	-0.0710849993141001	0	0.005	0.01	-0.0710849993141	-0.0710849993141001	FGr	300	A35	C1	1000	10000	0	0.5	300	0
99	-0.04032813355503	-0.04032813355503	0	0.102	0.136	-0.04032813355503	-0.04032813355503	NoCorrection	300	A35	C1	1000	10000	0	0.5	300	0
100	-0.0383136799093399	-0.0383136799093398	0	0.133	0.165	-0.0383136799093399	-0.0383136799093398	ID	300	A35	C1	1000	10000	0	0.5	300	0
101	-0.04609569841429	-0.0460956984142901	0	0.144	0.155	-0.04609569841429	-0.0460956984142901	1	300	A35	C1	1000	10000	0	0.5	300	0.01
102	-0.0191809767554998	-0.0191809767554998	0	0.544	0.553	-0.0191809767554998	-0.0191809767554998	FGr	300	A35	C1	1000	10000	0	0.5	300	0.01
103	-0.02920630200885	-0.02920630200885	0	0.371	0.333	-0.02920630200885	-0.02920630200885	NoCorrection	300	A35	C1	1000	10000	0	0.5	300	0.01
104	-0.0176050498929998	-0.0176050498929998	0	0.555	0.556	-0.0176050498929998	-0.0176050498929998	ID	300	A35	C1	1000	10000	0	0.5	300	0.01
105	-0.0269781194073851	-0.0269781194073851	0	0.308	0.299	-0.0269781194073851	-0.0269781194073851	1	300	A35	C1	1000	10000	0	0.5	300	0.03
106	-0.0183057853975002	-0.0183057853975001	0	0.454	0.447	-0.0183057853975002	-0.0183057853975001	FGr	300	A35	C1	1000	10000	0	0.5	300	0.03
107	-0.0151824948162498	-0.0151824948162499	0	0.557	0.553	-0.0151824948162498	-0.0151824948162499	NoCorrection	300	A35	C1	1000	10000	0	0.5	300	0.03
108	-0.039030522094825	-0.039030522094825	0	0.112	0.131	-0.039030522094825	-0.039030522094825	ID	300	A35	C1	1000	10000	0	0.5	300	0.03
109	-0.0186610134093	-0.0186610134092999	0	0.476	0.452	-0.0186610134093	-0.0186610134092999	1	300	A35	C1	1000	10000	0	0.5	300	0.1
110	0.00471897705675997	0.00471897705675998	0	0.836	0.853	0.00471897705675997	0.00471897705675998	FGr	300	A35	C1	1000	10000	0	0.5	300	0.1
111	0.0317299562946	0.0317299562946	0	0.231	0.229	0.0317299562946	0.0317299562946	NoCorrection	300	A35	C1	1000	10000	0	0.5	300	0.1
112	-0.0273570649326349	-0.0273570649326349	0	0.309	0.261	-0.0273570649326349	-0.0273570649326349	ID	300	A35	C1	1000	10000	0	0.5	300	0.1
113	0.0495281272006497	0.0565982612450001	0	0.059	0.181	0.0495281272006497	0.0565982612450001	1	1000	A35	C1	1000	10000	0	0.5	300	0
114	0.0140385547799	-0.0232859928849996	0	0.604	0.587	0.0140385547799	-0.0232859928849996	FGr	1000	A35	C1	1000	10000	0	0.5	300	0
115	0.0208100950844499	-0.00160019948500027	0	0.442	0.968	0.0208100950844499	-0.00160019948500027	NoCorrection	1000	A35	C1	1000	10000	0	0.5	300	0
116	0.04290912796035	0.0424579366900001	0	0.119	0.295	0.04290912796035	0.0424579366900001	ID	1000	A35	C1	1000	10000	0	0.5	300	0
117	0.0374562739408	0.0231501543999999	0	0.201	0.626	0.0374562739408	0.0231501543999999	1	1000	A35	C1	1000	10000	0	0.5	300	0.01
118	0.0507846694447	0.068027373845	0	0.065	0.135	0.0507846694447	0.068027373845	FGr	1000	A35	C1	1000	10000	0	0.5	300	0.01
119	0.04736934913735	0.05009007213	0	0.097	0.275	0.04736934913735	0.05009007213	NoCorrection	1000	A35	C1	1000	10000	0	0.5	300	0.01
120	0.03965199727295	0.0275799711750001	0	0.176	0.578	0.03965199727295	0.0275799711750001	ID	1000	A35	C1	1000	10000	0	0.5	300	0.01
121	-0.0119120702145999	-0.0188576756399999	0	0.626	0.65	-0.0119120702145999	-0.0188576756399999	1	1000	A35	C1	1000	10000	0	0.5	300	0.03
122	-0.0244986549027006	-0.0407045214200003	0	0.358	0.306	-0.0244986549027006	-0.0407045214200003	FGr	1000	A35	C1	1000	10000	0	0.5	300	0.03
123	-0.0231400223563997	-0.0359756449100001	0	0.374	0.376	-0.0231400223563997	-0.0359756449100001	NoCorrection	1000	A35	C1	1000	10000	0	0.5	300	0.03
124	-0.0210589923681997	-0.0305908312900002	0	0.443	0.453	-0.0210589923681997	-0.0305908312900002	ID	1000	A35	C1	1000	10000	0	0.5	300	0.03
125	-0.0406416518363004	-0.0401679464250012	0	0.098	0.293	-0.0406416518363004	-0.0401679464250012	1	1000	A35	C1	1000	10000	0	0.5	300	0.1
126	-0.0323872992097501	-0.0254611668249993	0	0.203	0.463	-0.0323872992097501	-0.0254611668249993	FGr	1000	A35	C1	1000	10000	0	0.5	300	0.1
127	-0.00101277179164977	0.0524676338650015	0	0.971	0.181	-0.00101277179164977	0.0524676338650015	NoCorrection	1000	A35	C1	1000	10000	0	0.5	300	0.1
128	-0.0256820371209998	-0.0181861121899977	0	0.311	0.639	-0.0256820371209998	-0.0181861121899977	ID	1000	A35	C1	1000	10000	0	0.5	300	0.1
129	0.0211407410529	0.11764824256	0	0.371	0.141	0.0211407410529	0.11764824256	1	10000	A35	C1	1000	10000	0	0.5	300	0
130	0.0191767691839499	0.11160053703	0	0.39	0.159	0.0191767691839499	0.11160053703	FGr	10000	A35	C1	1000	10000	0	0.5	300	0
131	-0.00489323814635005	-0.0194086479549999	0	0.804	0.817	-0.00489323814635005	-0.0194086479549999	NoCorrection	10000	A35	C1	1000	10000	0	0.5	300	0
132	0.02190994935751	0.127681429955	0	0.37	0.094	0.02190994935751	0.127681429955	ID	10000	A35	C1	1000	10000	0	0.5	300	0
133	0.00274489701899998	0.13338844273	0	0.926	0.049	0.00274489701899998	0.13338844273	1	10000	A35	C1	1000	10000	0	0.5	300	0.01
134	-0.00463928065220507	0.0427938687599993	0	0.856	0.528	-0.00463928065220507	0.0427938687599993	FGr	10000	A35	C1	1000	10000	0	0.5	300	0.01
135	0.027936616084	0.294384347180001	0	0.329	0	0.027936616084	0.294384347180001	NoCorrection	10000	A35	C1	1000	10000	0	0.5	300	0.01
136	-0.000775972748250059	0.10205871854	0	0.98	0.14	-0.000775972748250059	0.10205871854	ID	10000	A35	C1	1000	10000	0	0.5	300	0.01
137	-0.00319976702451001	0.118216399475	0	0.903	0.051	-0.00319976702451001	0.118216399475	1	10000	A35	C1	1000	10000	0	0.5	300	0.03
138	-0.00490193838639959	0.111343256715	0	0.853	0.075	-0.00490193838639959	0.111343256715	FGr	10000	A35	C1	1000	10000	0	0.5	300	0.03
139	0.0405030579841505	0.3682132194	0	0.105	0	0.0405030579841505	0.3682132194	NoCorrection	10000	A35	C1	1000	10000	0	0.5	300	0.03
140	-0.00121611768690976	0.12829176945	0	0.966	0.037	-0.00121611768690976	0.12829176945	ID	10000	A35	C1	1000	10000	0	0.5	300	0.03
141	-0.0275541364900503	-0.0296874481399997	0	0.239	0.589	-0.0275541364900503	-0.0296874481399997	1	10000	A35	C1	1000	10000	0	0.5	300	0.1
142	-0.0210906986098	-0.00708062699000048	0	0.323	0.896	-0.0210906986098	-0.00708062699000048	FGr	10000	A35	C1	1000	10000	0	0.5	300	0.1
143	0.0174269728847999	0.185906106185	0	0.443	0.001	0.0174269728847999	0.185906106185	NoCorrection	10000	A35	C1	1000	10000	0	0.5	300	0.1
144	-0.028037861784495	-0.0358454173500002	0	0.205	0.515	-0.028037861784495	-0.0358454173500002	ID	10000	A35	C1	1000	10000	0	0.5	300	0.1
145	0.004103189037	0.00410318903699998	0	0.754	0.75	0.004103189037	0.00410318903699998	1	300	A35	C1	10000	100	0	0.5	300	0
146	0.0102597706475	0.0102597706475	0	0.442	0.436	0.0102597706475	0.0102597706475	FGr	300	A35	C1	10000	100	0	0.5	300	0
147	0.017870730055	0.017870730055	0	0.185	0.199	0.017870730055	0.017870730055	NoCorrection	300	A35	C1	10000	100	0	0.5	300	0
148	0.01299082180104	0.01299082180104	0	0.317	0.338	0.01299082180104	0.01299082180104	ID	300	A35	C1	10000	100	0	0.5	300	0
149	-0.017934749852	-0.017934749852	0	0.176	0.154	-0.017934749852	-0.017934749852	1	300	A35	C1	10000	100	0	0.5	300	0.01
150	0.00314587690500002	0.003145876905	0	0.826	0.818	0.00314587690500002	0.003145876905	FGr	300	A35	C1	10000	100	0	0.5	300	0.01
151	0.007918248199	0.00791824819900001	0	0.566	0.569	0.007918248199	0.00791824819900001	NoCorrection	300	A35	C1	10000	100	0	0.5	300	0.01
152	-0.01136920042	-0.01136920042	0	0.387	0.381	-0.01136920042	-0.01136920042	ID	300	A35	C1	10000	100	0	0.5	300	0.01
153	0.011784816811	0.011784816811	0	0.364	0.341	0.011784816811	0.011784816811	1	300	A35	C1	10000	100	0	0.5	300	0.03
154	0.03229510451	0.03229510451	0	0.027	0.02	0.03229510451	0.03229510451	FGr	300	A35	C1	10000	100	0	0.5	300	0.03
155	0.035956946189	0.035956946189	0	0.007	0.013	0.035956946189	0.035956946189	NoCorrection	300	A35	C1	10000	100	0	0.5	300	0.03
156	0.01586279743345	0.01586279743345	0	0.221	0.221	0.01586279743345	0.01586279743345	ID	300	A35	C1	10000	100	0	0.5	300	0.03
157	0.00970438521200001	0.00970438521199999	0	0.408	0.42	0.00970438521200001	0.00970438521199999	1	300	A35	C1	10000	100	0	0.5	300	0.1
158	0.03084628312	0.03084628312	0	0.006	0.011	0.03084628312	0.03084628312	FGr	300	A35	C1	10000	100	0	0.5	300	0.1
159	0.044372075605	0.044372075605	0	0	0.001	0.044372075605	0.044372075605	NoCorrection	300	A35	C1	10000	100	0	0.5	300	0.1
160	0.00999224459999999	0.00999224459999997	0	0.382	0.378	0.00999224459999999	0.00999224459999997	ID	300	A35	C1	10000	100	0	0.5	300	0.1
161	0.01322638918	-0.0049738415	0	0.322	0.823	0.01322638918	-0.0049738415	1	1000	A35	C1	10000	100	0	0.5	300	0
162	0.0154767124165	0.00559174249999997	0	0.268	0.789	0.0154767124165	0.00559174249999997	FGr	1000	A35	C1	10000	100	0	0.5	300	0
163	0.017811688081	0.00994212700000003	0	0.185	0.642	0.017811688081	0.00994212700000003	NoCorrection	1000	A35	C1	10000	100	0	0.5	300	0
164	0.0165002082825	0.00736162800000003	0	0.221	0.736	0.0165002082825	0.00736162800000003	ID	1000	A35	C1	10000	100	0	0.5	300	0
165	0.0027724493	0.00365346649999998	0	0.807	0.861	0.0027724493	0.00365346649999998	1	1000	A35	C1	10000	100	0	0.5	300	0.01
166	0.00619981685999999	0.010130158	0	0.667	0.625	0.00619981685999999	0.010130158	FGr	1000	A35	C1	10000	100	0	0.5	300	0.01
167	0.000879986495000007	0.0010474135	0	0.945	0.947	0.000879986495000007	0.0010474135	NoCorrection	1000	A35	C1	10000	100	0	0.5	300	0.01
168	0.00408106262000001	0.00653153199999999	0	0.769	0.775	0.00408106262000001	0.00653153199999999	ID	1000	A35	C1	10000	100	0	0.5	300	0.01
169	0.00845388897	-0.005343854	0	0.502	0.772	0.00845388897	-0.005343854	1	1000	A35	C1	10000	100	0	0.5	300	0.03
170	0.01409558877	0.00764182450000001	0	0.269	0.689	0.01409558877	0.00764182450000001	FGr	1000	A35	C1	10000	100	0	0.5	300	0.03
171	0.022914486575	0.0360740845	0	0.068	0.084	0.022914486575	0.0360740845	NoCorrection	1000	A35	C1	10000	100	0	0.5	300	0.03
172	0.00883281565300001	-0.00426915749999999	0	0.517	0.847	0.00883281565300001	-0.00426915749999999	ID	1000	A35	C1	10000	100	0	0.5	300	0.03
173	-0.002871299875	-0.008057274	0	0.863	0.711	-0.002871299875	-0.008057274	1	1000	A35	C1	10000	100	0	0.5	300	0.1
174	0.026670344035	0.0620437135	0	0.091	0.003	0.026670344035	0.0620437135	FGr	1000	A35	C1	10000	100	0	0.5	300	0.1
175	0.0493325651385	0.1120867915	0	0.005	0	0.0493325651385	0.1120867915	NoCorrection	1000	A35	C1	10000	100	0	0.5	300	0.1
176	0.00131324609499999	0.00350288449999999	0	0.929	0.865	0.00131324609499999	0.00350288449999999	ID	1000	A35	C1	10000	100	0	0.5	300	0.1
177	-0.0034750573765	0.00315966150000006	0	0.759	0.941	-0.0034750573765	0.00315966150000006	1	10000	A35	C1	10000	100	0	0.5	300	0
178	-0.004165697369	0.00198801149999998	0	0.702	0.946	-0.004165697369	0.00198801149999998	FGr	10000	A35	C1	10000	100	0	0.5	300	0
179	-0.0107540765785	-0.032727315	0	0.348	0.297	-0.0107540765785	-0.032727315	NoCorrection	10000	A35	C1	10000	100	0	0.5	300	0
180	-0.004401979765	-0.00716401449999998	0	0.702	0.829	-0.004401979765	-0.00716401449999998	ID	10000	A35	C1	10000	100	0	0.5	300	0
181	-0.00251063699649999	0.0263044975	0	0.819	0.389	-0.00251063699649999	0.0263044975	1	10000	A35	C1	10000	100	0	0.5	300	0.01
182	-0.00643276240900001	-0.00338782800000001	0	0.597	0.894	-0.00643276240900001	-0.00338782800000001	FGr	10000	A35	C1	10000	100	0	0.5	300	0.01
183	-0.00565884005274998	0.00922033550000001	0	0.614	0.734	-0.00565884005274998	0.00922033550000001	NoCorrection	10000	A35	C1	10000	100	0	0.5	300	0.01
184	-0.00223990649605001	0.0256733195	0	0.864	0.401	-0.00223990649605001	0.0256733195	ID	10000	A35	C1	10000	100	0	0.5	300	0.01
185	-0.00558842998	-0.019077781	0	0.585	0.576	-0.00558842998	-0.019077781	1	10000	A35	C1	10000	100	0	0.5	300	0.03
186	-0.001203977867	0.0163200395	0	0.903	0.593	-0.001203977867	0.0163200395	FGr	10000	A35	C1	10000	100	0	0.5	300	0.03
187	0.0096286531	0.081647612	0	0.354	0.013	0.0096286531	0.081647612	NoCorrection	10000	A35	C1	10000	100	0	0.5	300	0.03
188	-0.00405234741	-0.00821284400000001	0	0.724	0.8	-0.00405234741	-0.00821284400000001	ID	10000	A35	C1	10000	100	0	0.5	300	0.03
189	-0.002541415649	0.0487590285	0	0.826	0.109	-0.002541415649	0.0487590285	1	10000	A35	C1	10000	100	0	0.5	300	0.1
190	0.00314370611500001	0.0771982905	0	0.787	0.011	0.00314370611500001	0.0771982905	FGr	10000	A35	C1	10000	100	0	0.5	300	0.1
191	0.0532752667835	0.3257923475	0	0	0	0.0532752667835	0.3257923475	NoCorrection	10000	A35	C1	10000	100	0	0.5	300	0.1
192	-0.002631349781	0.0553493910000001	0	0.823	0.076	-0.002631349781	0.0553493910000001	ID	10000	A35	C1	10000	100	0	0.5	300	0.1
193	-0.01591097244585	-0.01591097244585	0	0.057	0.063	-0.01591097244585	-0.01591097244585	1	300	A35	C1	10000	1000	0	0.5	300	0
194	-0.0157388058534	-0.0157388058534	0	0.057	0.056	-0.0157388058534	-0.0157388058534	FGr	300	A35	C1	10000	1000	0	0.5	300	0
195	-0.01755178192	-0.01755178192	0	0.03	0.026	-0.01755178192	-0.01755178192	NoCorrection	300	A35	C1	10000	1000	0	0.5	300	0
196	-0.0167384237855	-0.0167384237855	0	0.047	0.041	-0.0167384237855	-0.0167384237855	ID	300	A35	C1	10000	1000	0	0.5	300	0
197	0.00666663124704999	0.00666663124705	0	0.456	0.448	0.00666663124704999	0.00666663124705	1	300	A35	C1	10000	1000	0	0.5	300	0.01
198	0.009228466567	0.00922846656700001	0	0.316	0.319	0.009228466567	0.00922846656700001	FGr	300	A35	C1	10000	1000	0	0.5	300	0.01
199	0.01365838352639	0.01365838352639	0	0.134	0.152	0.01365838352639	0.01365838352639	NoCorrection	300	A35	C1	10000	1000	0	0.5	300	0.01
200	0.00194858741745	0.00194858741745	0	0.822	0.857	0.00194858741745	0.00194858741745	ID	300	A35	C1	10000	1000	0	0.5	300	0.01
201	0.00469692852649997	0.00469692852649997	0	0.603	0.591	0.00469692852649997	0.00469692852649997	1	300	A35	C1	10000	1000	0	0.5	300	0.03
202	0.0261854700938	0.0261854700938	0	0	0.001	0.0261854700938	0.0261854700938	FGr	300	A35	C1	10000	1000	0	0.5	300	0.03
203	0.0198184401045	0.0198184401045	0	0.022	0.022	0.0198184401045	0.0198184401045	NoCorrection	300	A35	C1	10000	1000	0	0.5	300	0.03
204	0.0107942524540001	0.0107942524540001	0	0.214	0.204	0.0107942524540001	0.0107942524540001	ID	300	A35	C1	10000	1000	0	0.5	300	0.03
205	-0.0071270519325	-0.0071270519325	0	0.457	0.461	-0.0071270519325	-0.0071270519325	1	300	A35	C1	10000	1000	0	0.5	300	0.1
206	0.0175030883956	0.0175030883956	0	0.086	0.062	0.0175030883956	0.0175030883956	FGr	300	A35	C1	10000	1000	0	0.5	300	0.1
207	0.0340750804095	0.0340750804095	0	0	0	0.0340750804095	0.0340750804095	NoCorrection	300	A35	C1	10000	1000	0	0.5	300	0.1
208	-0.00781934094299999	-0.007819340943	0	0.445	0.42	-0.00781934094299999	-0.007819340943	ID	300	A35	C1	10000	1000	0	0.5	300	0.1
209	0.0064086342565	0.01674301715	0	0.486	0.259	0.0064086342565	0.01674301715	1	1000	A35	C1	10000	1000	0	0.5	300	0
210	0.00617416808000001	0.01560277805	0	0.498	0.292	0.00617416808000001	0.01560277805	FGr	1000	A35	C1	10000	1000	0	0.5	300	0
211	-0.0014108909547	-0.00429923210000004	0	0.89	0.77	-0.0014108909547	-0.00429923210000004	NoCorrection	1000	A35	C1	10000	1000	0	0.5	300	0
212	0.0036604393122	0.01004339365	0	0.677	0.501	0.0036604393122	0.01004339365	ID	1000	A35	C1	10000	1000	0	0.5	300	0
213	0.00762641563965	0.005574696	0	0.343	0.674	0.00762641563965	0.005574696	1	1000	A35	C1	10000	1000	0	0.5	300	0.01
214	0.00626668115560001	0.0032642238	0	0.461	0.82	0.00626668115560001	0.0032642238	FGr	1000	A35	C1	10000	1000	0	0.5	300	0.01
215	0.0158236456636	0.0245256683	0	0.061	0.067	0.0158236456636	0.0245256683	NoCorrection	1000	A35	C1	10000	1000	0	0.5	300	0.01
216	0.00694382164850001	0.0046226089	0	0.407	0.725	0.00694382164850001	0.0046226089	ID	1000	A35	C1	10000	1000	0	0.5	300	0.01
217	0.00128701041099993	0.0366940912	0	0.909	0.014	0.00128701041099993	0.0366940912	1	1000	A35	C1	10000	1000	0	0.5	300	0.03
218	0.001280507364	0.0382500508499999	0	0.898	0.009	0.001280507364	0.0382500508499999	FGr	1000	A35	C1	10000	1000	0	0.5	300	0.03
219	0.00632839642914998	0.0538246311	0	0.546	0	0.00632839642914998	0.0538246311	NoCorrection	1000	A35	C1	10000	1000	0	0.5	300	0.03
220	0.00205318330750007	0.0381848494	0	0.844	0.01	0.00205318330750007	0.0381848494	ID	1000	A35	C1	10000	1000	0	0.5	300	0.03
221	-0.00316856557600002	-0.00477823479999998	0	0.723	0.734	-0.00316856557600002	-0.00477823479999998	1	1000	A35	C1	10000	1000	0	0.5	300	0.1
222	0.014349895395	0.04251872175	0	0.123	0.005	0.014349895395	0.04251872175	FGr	1000	A35	C1	10000	1000	0	0.5	300	0.1
223	0.0314353520749901	0.08123605325	0	0.003	0	0.0314353520749901	0.08123605325	NoCorrection	1000	A35	C1	10000	1000	0	0.5	300	0.1
224	-0.000438544891949973	0.00280201840000005	0	0.961	0.855	-0.000438544891949973	0.00280201840000005	ID	1000	A35	C1	10000	1000	0	0.5	300	0.1
225	0.00489053695550002	-0.0137288081999999	0	0.54	0.564	0.00489053695550002	-0.0137288081999999	1	10000	A35	C1	10000	1000	0	0.5	300	0
226	0.0058494075905	6.04923999999711e-05	0	0.449	1	0.0058494075905	6.04923999999711e-05	FGr	10000	A35	C1	10000	1000	0	0.5	300	0
227	0.0153164704165	0.0465030999499999	0	0.047	0.039	0.0153164704165	0.0465030999499999	NoCorrection	10000	A35	C1	10000	1000	0	0.5	300	0
228	0.0047720788898	-0.0126520285000002	0	0.559	0.59	0.0047720788898	-0.0126520285000002	ID	10000	A35	C1	10000	1000	0	0.5	300	0
229	-0.0016609375545	-0.01371830765	0	0.864	0.554	-0.0016609375545	-0.01371830765	1	10000	A35	C1	10000	1000	0	0.5	300	0.01
230	0.0009651172339	-0.00051532290000002	0	0.911	0.979	0.0009651172339	-0.00051532290000002	FGr	10000	A35	C1	10000	1000	0	0.5	300	0.01
231	0.00214282748689999	0.0104542359	0	0.797	0.643	0.00214282748689999	0.0104542359	NoCorrection	10000	A35	C1	10000	1000	0	0.5	300	0.01
232	-0.001938453136	-0.0155032394	0	0.819	0.489	-0.001938453136	-0.0155032394	ID	10000	A35	C1	10000	1000	0	0.5	300	0.01
233	-0.00591543897904999	-0.0062095533	0	0.51	0.781	-0.00591543897904999	-0.0062095533	1	10000	A35	C1	10000	1000	0	0.5	300	0.03
234	-0.00272838092	0.0187165182	0	0.743	0.426	-0.00272838092	0.0187165182	FGr	10000	A35	C1	10000	1000	0	0.5	300	0.03
235	0.00650476033999998	0.09792593175	0	0.428	0	0.00650476033999998	0.09792593175	NoCorrection	10000	A35	C1	10000	1000	0	0.5	300	0.03
236	-0.00452770736839999	0.00479436325000001	0	0.605	0.824	-0.00452770736839999	0.00479436325000001	ID	10000	A35	C1	10000	1000	0	0.5	300	0.03
237	-0.00695532981100002	0.0207394171	0	0.448	0.362	-0.00695532981100002	0.0207394171	1	10000	A35	C1	10000	1000	0	0.5	300	0.1
238	-0.003569527792	0.0431239781	0	0.701	0.047	-0.003569527792	0.0431239781	FGr	10000	A35	C1	10000	1000	0	0.5	300	0.1
239	0.026522442835	0.2373294823	0	0.006	0	0.026522442835	0.2373294823	NoCorrection	10000	A35	C1	10000	1000	0	0.5	300	0.1
240	-0.00706063056399999	0.0201059829	0	0.452	0.378	-0.00706063056399999	0.0201059829	ID	10000	A35	C1	10000	1000	0	0.5	300	0.1
241	-0.01003674665537	-0.01003674665537	0	0.258	0.237	-0.01003674665537	-0.01003674665537	1	300	A35	C1	10000	10000	0	0.5	300	0
242	-0.014154909910655	-0.014154909910655	0	0.101	0.104	-0.014154909910655	-0.014154909910655	FGr	300	A35	C1	10000	10000	0	0.5	300	0
243	-0.00883045382659	-0.00883045382659	0	0.28	0.324	-0.00883045382659	-0.00883045382659	NoCorrection	300	A35	C1	10000	10000	0	0.5	300	0
244	-0.01324254933962	-0.01324254933962	0	0.16	0.115	-0.01324254933962	-0.01324254933962	ID	300	A35	C1	10000	10000	0	0.5	300	0
245	-0.00726864444490004	-0.00726864444490003	0	0.411	0.416	-0.00726864444490004	-0.00726864444490003	1	300	A35	C1	10000	10000	0	0.5	300	0.01
246	0.00345810876639997	0.00345810876639996	0	0.684	0.68	0.00345810876639997	0.00345810876639996	FGr	300	A35	C1	10000	10000	0	0.5	300	0.01
247	0.00401463557637	0.00401463557636999	0	0.598	0.634	0.00401463557637	0.00401463557636999	NoCorrection	300	A35	C1	10000	10000	0	0.5	300	0.01
248	0.00164781037579998	0.00164781037579997	0	0.85	0.838	0.00164781037579998	0.00164781037579997	ID	300	A35	C1	10000	10000	0	0.5	300	0.01
249	0.00348602832149002	0.00348602832149003	0	0.706	0.696	0.00348602832149002	0.00348602832149003	1	300	A35	C1	10000	10000	0	0.5	300	0.03
250	0.0308659729139501	0.0308659729139501	0	0.002	0	0.0308659729139501	0.0308659729139501	FGr	300	A35	C1	10000	10000	0	0.5	300	0.03
251	0.04721016049125	0.04721016049125	0	0	0	0.04721016049125	0.04721016049125	NoCorrection	300	A35	C1	10000	10000	0	0.5	300	0.03
252	0.00433876693464982	0.0043387669346498	0	0.649	0.67	0.00433876693464982	0.0043387669346498	ID	300	A35	C1	10000	10000	0	0.5	300	0.03
253	-0.00520686465169993	-0.00520686465169995	0	0.611	0.604	-0.00520686465169993	-0.00520686465169995	1	300	A35	C1	10000	10000	0	0.5	300	0.1
254	0.0204931761486001	0.0204931761486001	0	0.037	0.037	0.0204931761486001	0.0204931761486001	FGr	300	A35	C1	10000	10000	0	0.5	300	0.1
255	0.0287400362816599	0.0287400362816599	0	0.005	0.004	0.0287400362816599	0.0287400362816599	NoCorrection	300	A35	C1	10000	10000	0	0.5	300	0.1
256	-0.00632905352339014	-0.0063290535233901	0	0.532	0.522	-0.00632905352339014	-0.0063290535233901	ID	300	A35	C1	10000	10000	0	0.5	300	0.1
257	-0.00799137368146009	-0.00804139097999986	0	0.335	0.534	-0.00799137368146009	-0.00804139097999986	1	1000	A35	C1	10000	10000	0	0.5	300	0
258	-0.0100709251993151	-0.0128207382200001	0	0.201	0.329	-0.0100709251993151	-0.0128207382200001	FGr	1000	A35	C1	10000	10000	0	0.5	300	0
259	-0.010215286762765	-0.01557520351	0	0.218	0.223	-0.010215286762765	-0.01557520351	NoCorrection	1000	A35	C1	10000	10000	0	0.5	300	0
260	-0.00755652081898999	-0.00743926815500007	0	0.373	0.587	-0.00755652081898999	-0.00743926815500007	ID	1000	A35	C1	10000	10000	0	0.5	300	0
261	-0.00613772773339989	-0.00928852833500027	0	0.484	0.466	-0.00613772773339989	-0.00928852833500027	1	1000	A35	C1	10000	10000	0	0.5	300	0.01
262	0.000687974519275153	0.01615678945	0	0.944	0.197	0.000687974519275153	0.01615678945	FGr	1000	A35	C1	10000	10000	0	0.5	300	0.01
263	0.00594637439915488	0.033604725095	0	0.47	0.009	0.00594637439915488	0.033604725095	NoCorrection	1000	A35	C1	10000	10000	0	0.5	300	0.01
264	-0.00290602678624988	0.00331084572500002	0	0.725	0.799	-0.00290602678624988	0.00331084572500002	ID	1000	A35	C1	10000	10000	0	0.5	300	0.01
265	0.00151861847475008	-0.01430199465	0	0.864	0.295	0.00151861847475008	-0.01430199465	1	1000	A35	C1	10000	10000	0	0.5	300	0.03
266	0.00492403217319995	-0.00468840795999996	0	0.581	0.753	0.00492403217319995	-0.00468840795999996	FGr	1000	A35	C1	10000	10000	0	0.5	300	0.03
267	0.00932949649060004	0.00925895279999993	0	0.272	0.517	0.00932949649060004	0.00925895279999993	NoCorrection	1000	A35	C1	10000	10000	0	0.5	300	0.03
268	0.00133787144900002	-0.01413121851	0	0.867	0.325	0.00133787144900002	-0.01413121851	ID	1000	A35	C1	10000	10000	0	0.5	300	0.03
269	-0.00618963944113	-0.0201542963350001	0	0.389	0.115	-0.00618963944113	-0.0201542963350001	1	1000	A35	C1	10000	10000	0	0.5	300	0.1
270	0.00790323611540989	0.01470306107	0	0.279	0.257	0.00790323611540989	0.01470306107	FGr	1000	A35	C1	10000	10000	0	0.5	300	0.1
271	0.0280147280985999	0.0722015590000001	0	0.001	0	0.0280147280985999	0.0722015590000001	NoCorrection	1000	A35	C1	10000	10000	0	0.5	300	0.1
272	-0.004301162090385	-0.0150983253450001	0	0.579	0.227	-0.004301162090385	-0.0150983253450001	ID	1000	A35	C1	10000	10000	0	0.5	300	0.1
273	0.00796732803650004	0.00504453954000015	0	0.341	0.822	0.00796732803650004	0.00504453954000015	1	10000	A35	C1	10000	10000	0	0.5	300	0
274	0.0074123150467302	0.0029114882949999	0	0.398	0.896	0.0074123150467302	0.0029114882949999	FGr	10000	A35	C1	10000	10000	0	0.5	300	0
275	0.00238137921959011	-0.0277093041950001	0	0.778	0.198	0.00238137921959011	-0.0277093041950001	NoCorrection	10000	A35	C1	10000	10000	0	0.5	300	0
276	0.00794787277729993	0.00270256179000002	0	0.341	0.922	0.00794787277729993	0.00270256179000002	ID	10000	A35	C1	10000	10000	0	0.5	300	0
277	0.00474939734010008	-0.03566955759	0	0.589	0.078	0.00474939734010008	-0.03566955759	1	10000	A35	C1	10000	10000	0	0.5	300	0.01
278	0.00571640680206995	-0.0294974818649999	0	0.508	0.185	0.00571640680206995	-0.0294974818649999	FGr	10000	A35	C1	10000	10000	0	0.5	300	0.01
279	0.00850883544689003	-0.01172269083	0	0.337	0.565	0.00850883544689003	-0.01172269083	NoCorrection	10000	A35	C1	10000	10000	0	0.5	300	0.01
280	0.00378367130227164	-0.04520150433	0	0.678	0.034	0.00378367130227164	-0.04520150433	ID	10000	A35	C1	10000	10000	0	0.5	300	0.01
281	-0.00334400514154986	-0.00942681397499977	0	0.664	0.647	-0.00334400514154986	-0.00942681397499977	1	10000	A35	C1	10000	10000	0	0.5	300	0.03
282	-0.00144727334892052	0.00752178916000024	0	0.859	0.711	-0.00144727334892052	0.00752178916000024	FGr	10000	A35	C1	10000	10000	0	0.5	300	0.03
283	0.00406147183190006	0.0295912736749999	0	0.628	0.147	0.00406147183190006	0.0295912736749999	NoCorrection	10000	A35	C1	10000	10000	0	0.5	300	0.03
284	-0.00312359828335018	-0.00450828138000028	0	0.716	0.84	-0.00312359828335018	-0.00450828138000028	ID	10000	A35	C1	10000	10000	0	0.5	300	0.03
285	-0.00341105612590977	0.010654311885	0	0.673	0.585	-0.00341105612590977	0.010654311885	1	10000	A35	C1	10000	10000	0	0.5	300	0.1
286	-0.00317615420630014	0.01119480908	0	0.681	0.558	-0.00317615420630014	0.01119480908	FGr	10000	A35	C1	10000	10000	0	0.5	300	0.1
287	0.0325835320141	0.204156406955	0	0	0	0.0325835320141	0.204156406955	NoCorrection	10000	A35	C1	10000	10000	0	0.5	300	0.1
288	-0.00405958323159993	0.00547424984	0	0.603	0.796	-0.00405958323159993	0.00547424984	ID	10000	A35	C1	10000	10000	0	0.5	300	0.1
289	-0.0208781692205	-0.0208781692205	0	0.603	0.6	-0.0208781692205	-0.0208781692205	1	300	A35	C2	1000	100	0	0.5	300	0
290	-0.01719892977	-0.01719892977	0	0.66	0.649	-0.01719892977	-0.01719892977	FGr	300	A35	C2	1000	100	0	0.5	300	0
291	-0.0177413467175	-0.0177413467175	0	0.635	0.633	-0.0177413467175	-0.0177413467175	NoCorrection	300	A35	C2	1000	100	0	0.5	300	0
292	-0.01795884148	-0.01795884148	0	0.648	0.633	-0.01795884148	-0.01795884148	ID	300	A35	C2	1000	100	0	0.5	300	0
293	-0.039502161185	-0.039502161185	0	0.232	0.279	-0.039502161185	-0.039502161185	1	300	A35	C2	1000	100	0	0.5	300	0.01
294	-0.042425767235	-0.0424257672350001	0	0.249	0.24	-0.042425767235	-0.0424257672350001	FGr	300	A35	C2	1000	100	0	0.5	300	0.01
295	-0.04199695392	-0.04199695392	0	0.22	0.242	-0.04199695392	-0.04199695392	NoCorrection	300	A35	C2	1000	100	0	0.5	300	0.01
296	-0.0397870176535	-0.0397870176535001	0	0.274	0.244	-0.0397870176535	-0.0397870176535001	ID	300	A35	C2	1000	100	0	0.5	300	0.01
297	0.052443505035	0.052443505035	0	0.113	0.097	0.052443505035	0.052443505035	1	300	A35	C2	1000	100	0	0.5	300	0.03
298	0.0474266579	0.0474266579	0	0.175	0.176	0.0474266579	0.0474266579	FGr	300	A35	C2	1000	100	0	0.5	300	0.03
299	0.0469071604250001	0.046907160425	0	0.179	0.185	0.0469071604250001	0.046907160425	NoCorrection	300	A35	C2	1000	100	0	0.5	300	0.03
300	0.051016110868	0.051016110868	0	0.124	0.115	0.051016110868	0.051016110868	ID	300	A35	C2	1000	100	0	0.5	300	0.03
301	0.055786409534	0.055786409534	0	0.171	0.151	0.055786409534	0.055786409534	1	300	A35	C2	1000	100	0	0.5	300	0.1
302	0.057398110894	0.0573981108939999	0	0.121	0.16	0.057398110894	0.0573981108939999	FGr	300	A35	C2	1000	100	0	0.5	300	0.1
303	0.05649505115	0.05649505115	0	0.129	0.173	0.05649505115	0.05649505115	NoCorrection	300	A35	C2	1000	100	0	0.5	300	0.1
304	0.0575481287485	0.0575481287485	0	0.137	0.154	0.0575481287485	0.0575481287485	ID	300	A35	C2	1000	100	0	0.5	300	0.1
305	0.02247504075	0.078309196	0	0.501	0.128	0.02247504075	0.078309196	1	1000	A35	C2	1000	100	0	0.5	300	0
306	0.02295013885	0.0836203189999999	0	0.499	0.1	0.02295013885	0.0836203189999999	FGr	1000	A35	C2	1000	100	0	0.5	300	0
307	0.02282128535	0.0832950795	0	0.497	0.111	0.02282128535	0.0832950795	NoCorrection	1000	A35	C2	1000	100	0	0.5	300	0
308	0.0208634123945	0.082615194	0	0.507	0.114	0.0208634123945	0.082615194	ID	1000	A35	C2	1000	100	0	0.5	300	0
309	0.03743526365	-0.0334839765	0	0.31	0.57	0.03743526365	-0.0334839765	1	1000	A35	C2	1000	100	0	0.5	300	0.01
310	0.0390931953285	-0.028627942	0	0.265	0.629	0.0390931953285	-0.028627942	FGr	1000	A35	C2	1000	100	0	0.5	300	0.01
311	0.038318380415	-0.036438674	0	0.286	0.533	0.038318380415	-0.036438674	NoCorrection	1000	A35	C2	1000	100	0	0.5	300	0.01
312	0.03492671658	-0.0414431675	0	0.33	0.476	0.03492671658	-0.0414431675	ID	1000	A35	C2	1000	100	0	0.5	300	0.01
313	-0.0163699760039999	0.0498757000000001	0	0.674	0.408	-0.0163699760039999	0.0498757000000001	1	1000	A35	C2	1000	100	0	0.5	300	0.03
314	-0.0160688807999999	0.0481809285000001	0	0.668	0.409	-0.0160688807999999	0.0481809285000001	FGr	1000	A35	C2	1000	100	0	0.5	300	0.03
315	-0.016056959965	0.0481391420000001	0	0.688	0.415	-0.016056959965	0.0481391420000001	NoCorrection	1000	A35	C2	1000	100	0	0.5	300	0.03
316	-0.0175314797025	0.0543598885	0	0.619	0.33	-0.0175314797025	0.0543598885	ID	1000	A35	C2	1000	100	0	0.5	300	0.03
317	-0.01001929784	0.043107083	0	0.795	0.383	-0.01001929784	0.043107083	1	1000	A35	C2	1000	100	0	0.5	300	0.1
318	-0.00984363608519999	0.0501671135	0	0.795	0.378	-0.00984363608519999	0.0501671135	FGr	1000	A35	C2	1000	100	0	0.5	300	0.1
319	-0.0101342345835001	0.0477892715	0	0.78	0.363	-0.0101342345835001	0.0477892715	NoCorrection	1000	A35	C2	1000	100	0	0.5	300	0.1
320	-0.01109332066	0.0372404955	0	0.747	0.488	-0.01109332066	0.0372404955	ID	1000	A35	C2	1000	100	0	0.5	300	0.1
321	0.031741245305	0.0968171885000001	0	0.375	0.267	0.031741245305	0.0968171885000001	1	10000	A35	C2	1000	100	0	0.5	300	0
322	0.0352252543	0.071718512	0	0.332	0.41	0.0352252543	0.071718512	FGr	10000	A35	C2	1000	100	0	0.5	300	0
323	0.03524903095	0.0771126955	0	0.307	0.377	0.03524903095	0.0771126955	NoCorrection	10000	A35	C2	1000	100	0	0.5	300	0
324	0.03247386088	0.094190686	0	0.347	0.319	0.03247386088	0.094190686	ID	10000	A35	C2	1000	100	0	0.5	300	0
325	0.00392379951050001	0.0632043049999999	0	0.897	0.488	0.00392379951050001	0.0632043049999999	1	10000	A35	C2	1000	100	0	0.5	300	0.01
326	0.00741654642074999	0.082411745	0	0.829	0.371	0.00741654642074999	0.082411745	FGr	10000	A35	C2	1000	100	0	0.5	300	0.01
327	0.007596461725	0.09792999	0	0.817	0.292	0.007596461725	0.09792999	NoCorrection	10000	A35	C2	1000	100	0	0.5	300	0.01
328	0.00371603680499998	0.074019	0	0.911	0.401	0.00371603680499998	0.074019	ID	10000	A35	C2	1000	100	0	0.5	300	0.01
329	-0.00458092827500001	0.052625174	0	0.892	0.55	-0.00458092827500001	0.052625174	1	10000	A35	C2	1000	100	0	0.5	300	0.03
330	-0.008692749385	0.0860973445	0	0.813	0.34	-0.008692749385	0.0860973445	FGr	10000	A35	C2	1000	100	0	0.5	300	0.03
331	-0.008521434035	0.0648746715	0	0.83	0.456	-0.008521434035	0.0648746715	NoCorrection	10000	A35	C2	1000	100	0	0.5	300	0.03
332	-0.0056466843	0.0724812135000001	0	0.876	0.43	-0.0056466843	0.0724812135000001	ID	10000	A35	C2	1000	100	0	0.5	300	0.03
333	-0.00192779706700003	-0.1994703155	0	0.952	0.018	-0.00192779706700003	-0.1994703155	1	10000	A35	C2	1000	100	0	0.5	300	0.1
334	-0.01329058013	-0.1559269085	0	0.727	0.073	-0.01329058013	-0.1559269085	FGr	10000	A35	C2	1000	100	0	0.5	300	0.1
335	-0.0134059715325	-0.163610735	0	0.689	0.065	-0.0134059715325	-0.163610735	NoCorrection	10000	A35	C2	1000	100	0	0.5	300	0.1
336	-0.001705282357	-0.174405779	0	0.967	0.04	-0.001705282357	-0.174405779	ID	10000	A35	C2	1000	100	0	0.5	300	0.1
337	0.0329677411134999	0.0329677411135001	0	0.133	0.131	0.0329677411134999	0.0329677411135001	1	300	A35	C2	1000	1000	0	0.5	300	0
338	0.0333641376264999	0.0333641376264999	0	0.124	0.123	0.0333641376264999	0.0333641376264999	FGr	300	A35	C2	1000	1000	0	0.5	300	0
339	0.0337879900849999	0.0337879900849999	0	0.124	0.111	0.0337879900849999	0.0337879900849999	NoCorrection	300	A35	C2	1000	1000	0	0.5	300	0
340	0.0340738298949999	0.0340738298949998	0	0.109	0.121	0.0340738298949999	0.0340738298949998	ID	300	A35	C2	1000	1000	0	0.5	300	0
341	-0.00867734487850002	-0.00867734487850003	0	0.7	0.702	-0.00867734487850002	-0.00867734487850003	1	300	A35	C2	1000	1000	0	0.5	300	0.01
342	-0.00877354964825001	-0.00877354964825	0	0.701	0.707	-0.00877354964825001	-0.00877354964825	FGr	300	A35	C2	1000	1000	0	0.5	300	0.01
343	-0.00885504399886996	-0.00885504399886991	0	0.687	0.701	-0.00885504399886996	-0.00885504399886991	NoCorrection	300	A35	C2	1000	1000	0	0.5	300	0.01
344	-0.00902326203400006	-0.00902326203400002	0	0.714	0.68	-0.00902326203400006	-0.00902326203400002	ID	300	A35	C2	1000	1000	0	0.5	300	0.01
345	0.013311232435	0.013311232435	0	0.524	0.516	0.013311232435	0.013311232435	1	300	A35	C2	1000	1000	0	0.5	300	0.03
346	0.0139986346355	0.0139986346355	0	0.446	0.464	0.0139986346355	0.0139986346355	FGr	300	A35	C2	1000	1000	0	0.5	300	0.03
347	0.0127054858730001	0.0127054858730001	0	0.499	0.519	0.0127054858730001	0.0127054858730001	NoCorrection	300	A35	C2	1000	1000	0	0.5	300	0.03
348	0.0149274233675	0.0149274233675	0	0.423	0.448	0.0149274233675	0.0149274233675	ID	300	A35	C2	1000	1000	0	0.5	300	0.03
349	-0.0191179706969999	-0.0191179706969999	0	0.315	0.325	-0.0191179706969999	-0.0191179706969999	1	300	A35	C2	1000	1000	0	0.5	300	0.1
350	-0.019384325657	-0.019384325657	0	0.293	0.314	-0.019384325657	-0.019384325657	FGr	300	A35	C2	1000	1000	0	0.5	300	0.1
351	-0.0192680196969999	-0.0192680196969998	0	0.321	0.301	-0.0192680196969999	-0.0192680196969998	NoCorrection	300	A35	C2	1000	1000	0	0.5	300	0.1
352	-0.0205555285645001	-0.0205555285645001	0	0.283	0.275	-0.0205555285645001	-0.0205555285645001	ID	300	A35	C2	1000	1000	0	0.5	300	0.1
353	-0.0399030307705	-0.04433563565	0	0.029	0.165	-0.0399030307705	-0.04433563565	1	1000	A35	C2	1000	1000	0	0.5	300	0
354	-0.0405622737165	-0.04518244435	0	0.04	0.12	-0.0405622737165	-0.04518244435	FGr	1000	A35	C2	1000	1000	0	0.5	300	0
355	-0.039539574064	-0.0442285756	0	0.046	0.126	-0.039539574064	-0.0442285756	NoCorrection	1000	A35	C2	1000	1000	0	0.5	300	0
356	-0.0397245928855	-0.0457657163	0	0.035	0.158	-0.0397245928855	-0.0457657163	ID	1000	A35	C2	1000	1000	0	0.5	300	0
357	-0.00951157238949999	-0.0263340647500003	0	0.673	0.446	-0.00951157238949999	-0.0263340647500003	1	1000	A35	C2	1000	1000	0	0.5	300	0.01
358	-0.00954310236130001	-0.0282371939000002	0	0.616	0.397	-0.00954310236130001	-0.0282371939000002	FGr	1000	A35	C2	1000	1000	0	0.5	300	0.01
359	-0.0101408028891	-0.0219244507500004	0	0.622	0.537	-0.0101408028891	-0.0219244507500004	NoCorrection	1000	A35	C2	1000	1000	0	0.5	300	0.01
360	-0.010059498148	-0.0269779143499997	0	0.625	0.419	-0.010059498148	-0.0269779143499997	ID	1000	A35	C2	1000	1000	0	0.5	300	0.01
361	0.009574885401	-0.00618786579999999	0	0.656	0.869	0.009574885401	-0.00618786579999999	1	1000	A35	C2	1000	1000	0	0.5	300	0.03
362	0.010318142998	0.0113434741	0	0.658	0.747	0.010318142998	0.0113434741	FGr	1000	A35	C2	1000	1000	0	0.5	300	0.03
363	0.01053021942065	0.0124030941499999	0	0.623	0.689	0.01053021942065	0.0124030941499999	NoCorrection	1000	A35	C2	1000	1000	0	0.5	300	0.03
364	0.0103588975301	-0.00781899170000003	0	0.661	0.832	0.0103588975301	-0.00781899170000003	ID	1000	A35	C2	1000	1000	0	0.5	300	0.03
365	-0.008494211835	0.0140148045	0	0.73	0.703	-0.008494211835	0.0140148045	1	1000	A35	C2	1000	1000	0	0.5	300	0.1
366	-0.0110281480722001	0.00557312370000007	0	0.631	0.883	-0.0110281480722001	0.00557312370000007	FGr	1000	A35	C2	1000	1000	0	0.5	300	0.1
367	-0.0110644162302	0.00559653950000006	0	0.617	0.884	-0.0110644162302	0.00559653950000006	NoCorrection	1000	A35	C2	1000	1000	0	0.5	300	0.1
368	-0.010916178528	0.01899412575	0	0.651	0.61	-0.010916178528	0.01899412575	ID	1000	A35	C2	1000	1000	0	0.5	300	0.1
369	0.046242233494	-0.0960324808999999	0	0.043	0.059	0.046242233494	-0.0960324808999999	1	10000	A35	C2	1000	1000	0	0.5	300	0
370	0.04729659605525	-0.0955471870999999	0	0.045	0.072	0.04729659605525	-0.0955471870999999	FGr	10000	A35	C2	1000	1000	0	0.5	300	0
371	0.0470367546615	-0.0944162886000003	0	0.045	0.047	0.0470367546615	-0.0944162886000003	NoCorrection	10000	A35	C2	1000	1000	0	0.5	300	0
372	0.0459934264425	-0.10068603705	0	0.051	0.042	0.0459934264425	-0.10068603705	ID	10000	A35	C2	1000	1000	0	0.5	300	0
373	0.035310883908	0.0340816584500006	0	0.089	0.566	0.035310883908	0.0340816584500006	1	10000	A35	C2	1000	1000	0	0.5	300	0.01
374	0.0359936804614999	0.015489798500001	0	0.079	0.768	0.0359936804614999	0.015489798500001	FGr	10000	A35	C2	1000	1000	0	0.5	300	0.01
375	0.0356495304645	0.0183242286	0	0.081	0.75	0.0356495304645	0.0183242286	NoCorrection	10000	A35	C2	1000	1000	0	0.5	300	0.01
376	0.035268213987	0.0340642169	0	0.085	0.54	0.035268213987	0.0340642169	ID	10000	A35	C2	1000	1000	0	0.5	300	0.01
377	0.0207283322380001	0.06848894985	0	0.294	0.19	0.0207283322380001	0.06848894985	1	10000	A35	C2	1000	1000	0	0.5	300	0.03
378	0.0214709565561	0.0575747096499999	0	0.34	0.269	0.0214709565561	0.0575747096499999	FGr	10000	A35	C2	1000	1000	0	0.5	300	0.03
379	0.0215209069112402	0.0576348600499999	0	0.301	0.265	0.0215209069112402	0.0576348600499999	NoCorrection	10000	A35	C2	1000	1000	0	0.5	300	0.03
380	0.0206620073769999	0.0752428722000001	0	0.341	0.149	0.0206620073769999	0.0752428722000001	ID	10000	A35	C2	1000	1000	0	0.5	300	0.03
381	-0.00770109486449999	0.0146165853499997	0	0.718	0.801	-0.00770109486449999	0.0146165853499997	1	10000	A35	C2	1000	1000	0	0.5	300	0.1
382	-0.00877528169799997	-0.00843576225000004	0	0.713	0.876	-0.00877528169799997	-0.00843576225000004	FGr	10000	A35	C2	1000	1000	0	0.5	300	0.1
383	-0.00840680482899998	-0.00364257274999989	0	0.7	0.946	-0.00840680482899998	-0.00364257274999989	NoCorrection	10000	A35	C2	1000	1000	0	0.5	300	0.1
384	-0.00764150773800001	0.0145567855499998	0	0.727	0.808	-0.00764150773800001	0.0145567855499998	ID	10000	A35	C2	1000	1000	0	0.5	300	0.1
385	-0.0079903721243653	-0.00799037212436533	0	0.693	0.683	-0.0079903721243653	-0.00799037212436533	1	300	A35	C2	1000	10000	0	0.5	300	0
386	-0.00806331282344991	-0.00806331282344994	0	0.667	0.674	-0.00806331282344991	-0.00806331282344994	FGr	300	A35	C2	1000	10000	0	0.5	300	0
387	-0.00819917809748802	-0.00819917809748808	0	0.685	0.65	-0.00819917809748802	-0.00819917809748808	NoCorrection	300	A35	C2	1000	10000	0	0.5	300	0
388	-0.00856484896209946	-0.00856484896209948	0	0.66	0.67	-0.00856484896209946	-0.00856484896209948	ID	300	A35	C2	1000	10000	0	0.5	300	0
389	0.0108082396921449	0.0108082396921449	0	0.505	0.55	0.0108082396921449	0.0108082396921449	1	300	A35	C2	1000	10000	0	0.5	300	0.01
390	0.0118205553229001	0.0118205553229001	0	0.491	0.483	0.0118205553229001	0.0118205553229001	FGr	300	A35	C2	1000	10000	0	0.5	300	0.01
391	0.0115597413268505	0.0115597413268505	0	0.484	0.495	0.0115597413268505	0.0115597413268505	NoCorrection	300	A35	C2	1000	10000	0	0.5	300	0.01
392	0.0111345882635999	0.0111345882636	0	0.549	0.514	0.0111345882635999	0.0111345882636	ID	300	A35	C2	1000	10000	0	0.5	300	0.01
393	0.0152437699693001	0.0152437699693001	0	0.351	0.338	0.0152437699693001	0.0152437699693001	1	300	A35	C2	1000	10000	0	0.5	300	0.03
394	0.0150472779508006	0.0150472779508006	0	0.352	0.39	0.0150472779508006	0.0150472779508006	FGr	300	A35	C2	1000	10000	0	0.5	300	0.03
395	0.0145825773907506	0.0145825773907506	0	0.369	0.346	0.0145825773907506	0.0145825773907506	NoCorrection	300	A35	C2	1000	10000	0	0.5	300	0.03
396	0.0155274660174501	0.0155274660174501	0	0.382	0.358	0.0155274660174501	0.0155274660174501	ID	300	A35	C2	1000	10000	0	0.5	300	0.03
397	0.0166481917479501	0.01664819174795	0	0.32	0.309	0.0166481917479501	0.01664819174795	1	300	A35	C2	1000	10000	0	0.5	300	0.1
398	0.0179348913492197	0.0179348913492197	0	0.28	0.293	0.0179348913492197	0.0179348913492197	FGr	300	A35	C2	1000	10000	0	0.5	300	0.1
399	0.0173922803485597	0.0173922803485597	0	0.262	0.291	0.0173922803485597	0.0173922803485597	NoCorrection	300	A35	C2	1000	10000	0	0.5	300	0.1
400	0.0151987286601997	0.0151987286601998	0	0.31	0.356	0.0151987286601997	0.0151987286601998	ID	300	A35	C2	1000	10000	0	0.5	300	0.1
401	-0.02006661842205	-0.0513573853050003	0	0.251	0.087	-0.02006661842205	-0.0513573853050003	1	1000	A35	C2	1000	10000	0	0.5	300	0
402	-0.0216538354271501	-0.0372932931200001	0	0.198	0.235	-0.0216538354271501	-0.0372932931200001	FGr	1000	A35	C2	1000	10000	0	0.5	300	0
403	-0.021420937243	-0.0376075464850002	0	0.183	0.218	-0.021420937243	-0.0376075464850002	NoCorrection	1000	A35	C2	1000	10000	0	0.5	300	0
404	-0.0195746891551501	-0.0499284382600009	0	0.261	0.113	-0.0195746891551501	-0.0499284382600009	ID	1000	A35	C2	1000	10000	0	0.5	300	0
405	0.0273883979858003	0.00189277248499993	0	0.09	0.962	0.0273883979858003	0.00189277248499993	1	1000	A35	C2	1000	10000	0	0.5	300	0.01
406	0.0289655915027501	0.00864075880499985	0	0.073	0.79	0.0289655915027501	0.00864075880499985	FGr	1000	A35	C2	1000	10000	0	0.5	300	0.01
407	0.0288165213305001	0.0101160397799999	0	0.075	0.747	0.0288165213305001	0.0101160397799999	NoCorrection	1000	A35	C2	1000	10000	0	0.5	300	0.01
408	0.0272211170990598	0.00793080384499985	0	0.103	0.809	0.0272211170990598	0.00793080384499985	ID	1000	A35	C2	1000	10000	0	0.5	300	0.01
409	-0.0346287672038497	-0.021588671545	0	0.041	0.493	-0.0346287672038497	-0.021588671545	1	1000	A35	C2	1000	10000	0	0.5	300	0.03
410	-0.0345479316913997	-0.0260726117550001	0	0.041	0.391	-0.0345479316913997	-0.0260726117550001	FGr	1000	A35	C2	1000	10000	0	0.5	300	0.03
411	-0.0344411645803999	-0.023746011035	0	0.034	0.477	-0.0344411645803999	-0.023746011035	NoCorrection	1000	A35	C2	1000	10000	0	0.5	300	0.03
412	-0.0344099522617503	-0.02532126309	0	0.047	0.417	-0.0344099522617503	-0.02532126309	ID	1000	A35	C2	1000	10000	0	0.5	300	0.03
413	0.0170348231068494	-0.0317078597599997	0	0.377	0.365	0.0170348231068494	-0.0317078597599997	1	1000	A35	C2	1000	10000	0	0.5	300	0.1
414	0.0125288663029504	-0.04097561506	0	0.538	0.255	0.0125288663029504	-0.04097561506	FGr	1000	A35	C2	1000	10000	0	0.5	300	0.1
415	0.0128021146054	-0.0406669526499999	0	0.564	0.243	0.0128021146054	-0.0406669526499999	NoCorrection	1000	A35	C2	1000	10000	0	0.5	300	0.1
416	0.0165824239543	-0.0355606543199999	0	0.423	0.305	0.0165824239543	-0.0355606543199999	ID	1000	A35	C2	1000	10000	0	0.5	300	0.1
417	-0.02091826734181	-0.000899573994999927	0	0.286	0.976	-0.02091826734181	-0.000899573994999927	1	10000	A35	C2	1000	10000	0	0.5	300	0
418	-0.02109419821725	0.0019971625349997	0	0.241	0.967	-0.02109419821725	0.0019971625349997	FGr	10000	A35	C2	1000	10000	0	0.5	300	0
419	-0.0206752132389	0.00696601605499981	0	0.268	0.882	-0.0206752132389	0.00696601605499981	NoCorrection	10000	A35	C2	1000	10000	0	0.5	300	0
420	-0.0209384598872199	0.00191035563000007	0	0.263	0.967	-0.0209384598872199	0.00191035563000007	ID	10000	A35	C2	1000	10000	0	0.5	300	0
421	-0.00290662388900038	0.010528542245	0	0.885	0.825	-0.00290662388900038	0.010528542245	1	10000	A35	C2	1000	10000	0	0.5	300	0.01
422	-0.00222373158970002	-0.00117519881000009	0	0.898	0.991	-0.00222373158970002	-0.00117519881000009	FGr	10000	A35	C2	1000	10000	0	0.5	300	0.01
423	-0.00259796349560013	0.00540471492	0	0.893	0.908	-0.00259796349560013	0.00540471492	NoCorrection	10000	A35	C2	1000	10000	0	0.5	300	0.01
424	-0.00284218654799935	0.01665915915	0	0.878	0.709	-0.00284218654799935	0.01665915915	ID	10000	A35	C2	1000	10000	0	0.5	300	0.01
425	-0.00311390246820015	0.0369070245900002	0	0.863	0.427	-0.00311390246820015	0.0369070245900002	1	10000	A35	C2	1000	10000	0	0.5	300	0.03
426	-0.00223766473329996	0.00804619127000082	0	0.879	0.845	-0.00223766473329996	0.00804619127000082	FGr	10000	A35	C2	1000	10000	0	0.5	300	0.03
427	-0.00302462529685027	0.00946277808500095	0	0.855	0.848	-0.00302462529685027	0.00946277808500095	NoCorrection	10000	A35	C2	1000	10000	0	0.5	300	0.03
428	-0.00312888565659988	0.031523996355	0	0.844	0.515	-0.00312888565659988	0.031523996355	ID	10000	A35	C2	1000	10000	0	0.5	300	0.03
429	0.014282304231	-0.1116968987	0	0.477	0.017	0.014282304231	-0.1116968987	1	10000	A35	C2	1000	10000	0	0.5	300	0.1
430	0.0138764635836998	-0.0826018289999996	0	0.49	0.095	0.0138764635836998	-0.0826018289999996	FGr	10000	A35	C2	1000	10000	0	0.5	300	0.1
431	0.0143601225960449	-0.0985401070749999	0	0.505	0.042	0.0143601225960449	-0.0985401070749999	NoCorrection	10000	A35	C2	1000	10000	0	0.5	300	0.1
432	0.0142882005177	-0.10412488793	0	0.464	0.022	0.0142882005177	-0.10412488793	ID	10000	A35	C2	1000	10000	0	0.5	300	0.1
433	0.017163694251	0.017163694251	0	0.118	0.135	0.017163694251	0.017163694251	1	300	A35	C2	10000	100	0	0.5	300	0
434	0.0173086427	0.0173086427	0	0.114	0.112	0.0173086427	0.0173086427	FGr	300	A35	C2	10000	100	0	0.5	300	0
435	0.017341000644	0.017341000644	0	0.115	0.113	0.017341000644	0.017341000644	NoCorrection	300	A35	C2	10000	100	0	0.5	300	0
436	0.016784470082	0.016784470082	0	0.135	0.11	0.016784470082	0.016784470082	ID	300	A35	C2	10000	100	0	0.5	300	0
437	-0.00623394088699998	-0.00623394088700003	0	0.598	0.578	-0.00623394088699998	-0.00623394088700003	1	300	A35	C2	10000	100	0	0.5	300	0.01
438	-0.00647167564650002	-0.0064716756465	0	0.592	0.575	-0.00647167564650002	-0.0064716756465	FGr	300	A35	C2	10000	100	0	0.5	300	0.01
439	-0.00645024576300003	-0.00645024576300003	0	0.581	0.611	-0.00645024576300003	-0.00645024576300003	NoCorrection	300	A35	C2	10000	100	0	0.5	300	0.01
440	-0.00649465795749999	-0.00649465795750001	0	0.579	0.601	-0.00649465795749999	-0.00649465795750001	ID	300	A35	C2	10000	100	0	0.5	300	0.01
441	-0.000694961842999977	-0.000694961842999982	0	0.942	0.946	-0.000694961842999977	-0.000694961842999982	1	300	A35	C2	10000	100	0	0.5	300	0.03
442	0.00298340434099999	0.00298340434099998	0	0.803	0.786	0.00298340434099999	0.00298340434099998	FGr	300	A35	C2	10000	100	0	0.5	300	0.03
443	0.00295780170350001	0.00295780170349999	0	0.773	0.779	0.00295780170350001	0.00295780170349999	NoCorrection	300	A35	C2	10000	100	0	0.5	300	0.03
444	0.00193697471600001	0.00193697471599998	0	0.879	0.85	0.00193697471600001	0.00193697471599998	ID	300	A35	C2	10000	100	0	0.5	300	0.03
445	-0.00828707851	-0.00828707851	0	0.453	0.486	-0.00828707851	-0.00828707851	1	300	A35	C2	10000	100	0	0.5	300	0.1
446	-0.003676751523	-0.00367675152299999	0	0.783	0.755	-0.003676751523	-0.00367675152299999	FGr	300	A35	C2	10000	100	0	0.5	300	0.1
447	-0.00368034427749999	-0.00368034427749999	0	0.783	0.76	-0.00368034427749999	-0.00368034427749999	NoCorrection	300	A35	C2	10000	100	0	0.5	300	0.1
448	-0.00825371470450002	-0.00825371470449999	0	0.474	0.472	-0.00825371470450002	-0.00825371470449999	ID	300	A35	C2	10000	100	0	0.5	300	0.1
449	0.001617574005	-0.000100792500000007	0	0.883	0.991	0.001617574005	-0.000100792500000007	1	1000	A35	C2	10000	100	0	0.5	300	0
450	0.001332780185	0.00345868399999999	0	0.914	0.849	0.001332780185	0.00345868399999999	FGr	1000	A35	C2	10000	100	0	0.5	300	0
451	0.00134840926	0.00347842050000001	0	0.903	0.825	0.00134840926	0.00347842050000001	NoCorrection	1000	A35	C2	10000	100	0	0.5	300	0
452	0.00140139567449999	0.00327934949999999	0	0.903	0.865	0.00140139567449999	0.00327934949999999	ID	1000	A35	C2	10000	100	0	0.5	300	0
453	-0.011984662735	-0.016767716	0	0.28	0.377	-0.011984662735	-0.016767716	1	1000	A35	C2	10000	100	0	0.5	300	0.01
454	-0.012453925965	-0.0152323255	0	0.248	0.415	-0.012453925965	-0.0152323255	FGr	1000	A35	C2	10000	100	0	0.5	300	0.01
455	-0.012398031117	-0.015826331	0	0.26	0.414	-0.012398031117	-0.015826331	NoCorrection	1000	A35	C2	10000	100	0	0.5	300	0.01
456	-0.01200145724	-0.017631992	0	0.286	0.358	-0.01200145724	-0.017631992	ID	1000	A35	C2	10000	100	0	0.5	300	0.01
457	-0.004269178744	-0.006815443	0	0.668	0.674	-0.004269178744	-0.006815443	1	1000	A35	C2	10000	100	0	0.5	300	0.03
458	-0.00496673294299997	-0.00856823600000001	0	0.614	0.625	-0.00496673294299997	-0.00856823600000001	FGr	1000	A35	C2	10000	100	0	0.5	300	0.03
459	-0.00485699256599998	-0.00985776750000002	0	0.627	0.554	-0.00485699256599998	-0.00985776750000002	NoCorrection	1000	A35	C2	10000	100	0	0.5	300	0.03
460	-0.004528662774	-0.007060537	0	0.665	0.671	-0.004528662774	-0.007060537	ID	1000	A35	C2	10000	100	0	0.5	300	0.03
461	-0.01404953783	-0.0045555155	0	0.224	0.783	-0.01404953783	-0.0045555155	1	1000	A35	C2	10000	100	0	0.5	300	0.1
462	-0.015161838085	0.0108177935	0	0.231	0.542	-0.015161838085	0.0108177935	FGr	1000	A35	C2	10000	100	0	0.5	300	0.1
463	-0.01512516689	0.0104430619999999	0	0.246	0.542	-0.01512516689	0.0104430619999999	NoCorrection	1000	A35	C2	10000	100	0	0.5	300	0.1
464	-0.0137688804915	-0.00713149650000001	0	0.295	0.69	-0.0137688804915	-0.00713149650000001	ID	1000	A35	C2	10000	100	0	0.5	300	0.1
465	-0.01350338788125	0.0291196505	0	0.169	0.328	-0.01350338788125	0.0291196505	1	10000	A35	C2	10000	100	0	0.5	300	0
466	-0.0133838924129	0.0289648695	0	0.189	0.326	-0.0133838924129	0.0289648695	FGr	10000	A35	C2	10000	100	0	0.5	300	0
467	-0.0135056672825	0.0282299885	0	0.215	0.327	-0.0135056672825	0.0282299885	NoCorrection	10000	A35	C2	10000	100	0	0.5	300	0
468	-0.0135995008885	0.0365143095	0	0.198	0.188	-0.0135995008885	0.0365143095	ID	10000	A35	C2	10000	100	0	0.5	300	0
469	0.00177775227076001	0.016704928	0	0.881	0.535	0.00177775227076001	0.016704928	1	10000	A35	C2	10000	100	0	0.5	300	0.01
470	0.001517677578	0.021493476	0	0.894	0.447	0.001517677578	0.021493476	FGr	10000	A35	C2	10000	100	0	0.5	300	0.01
471	0.00200296109800002	0.017606161	0	0.869	0.507	0.00200296109800002	0.017606161	NoCorrection	10000	A35	C2	10000	100	0	0.5	300	0.01
472	0.00173987665	0.0167567005	0	0.888	0.533	0.00173987665	0.0167567005	ID	10000	A35	C2	10000	100	0	0.5	300	0.01
473	0.00887153417	-0.015261472	0	0.446	0.607	0.00887153417	-0.015261472	1	10000	A35	C2	10000	100	0	0.5	300	0.03
474	0.00983697348049999	-0.0126542925	0	0.372	0.65	0.00983697348049999	-0.0126542925	FGr	10000	A35	C2	10000	100	0	0.5	300	0.03
475	0.0097440295445	-0.0125267485	0	0.361	0.646	0.0097440295445	-0.0125267485	NoCorrection	10000	A35	C2	10000	100	0	0.5	300	0.03
476	0.008740099449	-0.0210205645	0	0.435	0.451	0.008740099449	-0.0210205645	ID	10000	A35	C2	10000	100	0	0.5	300	0.03
477	-0.019536603631	0.0180132815	0	0.06	0.524	-0.019536603631	0.0180132815	1	10000	A35	C2	10000	100	0	0.5	300	0.1
478	-0.0175867008	0.0147142255	0	0.105	0.598	-0.0175867008	0.0147142255	FGr	10000	A35	C2	10000	100	0	0.5	300	0.1
479	-0.01795730233	0.0080516335	0	0.095	0.801	-0.01795730233	0.0080516335	NoCorrection	10000	A35	C2	10000	100	0	0.5	300	0.1
480	-0.0196278175713	0.019988261	0	0.077	0.457	-0.0196278175713	0.019988261	ID	10000	A35	C2	10000	100	0	0.5	300	0.1
481	-0.00690383501884004	-0.00690383501884002	0	0.294	0.298	-0.00690383501884004	-0.00690383501884002	1	300	A35	C2	10000	1000	0	0.5	300	0
482	-0.00588144694850001	-0.0058814469485	0	0.348	0.361	-0.00588144694850001	-0.0058814469485	FGr	300	A35	C2	10000	1000	0	0.5	300	0
483	-0.00591134079050005	-0.00591134079050003	0	0.362	0.369	-0.00591134079050005	-0.00591134079050003	NoCorrection	300	A35	C2	10000	1000	0	0.5	300	0
484	-0.00668644120030003	-0.00668644120030002	0	0.309	0.294	-0.00668644120030003	-0.00668644120030002	ID	300	A35	C2	10000	1000	0	0.5	300	0
485	-0.00259833404370002	-0.00259833404370001	0	0.657	0.652	-0.00259833404370002	-0.00259833404370001	1	300	A35	C2	10000	1000	0	0.5	300	0.01
486	-0.00343436994550001	-0.00343436994550002	0	0.579	0.552	-0.00343436994550001	-0.00343436994550002	FGr	300	A35	C2	10000	1000	0	0.5	300	0.01
487	-0.00336023404909999	-0.00336023404909999	0	0.557	0.547	-0.00336023404909999	-0.00336023404909999	NoCorrection	300	A35	C2	10000	1000	0	0.5	300	0.01
488	-0.002538544069	-0.002538544069	0	0.646	0.646	-0.002538544069	-0.002538544069	ID	300	A35	C2	10000	1000	0	0.5	300	0.01
489	0.0115867276966	0.0115867276966	0	0.094	0.125	0.0115867276966	0.0115867276966	1	300	A35	C2	10000	1000	0	0.5	300	0.03
490	0.0105210507815	0.0105210507815	0	0.173	0.161	0.0105210507815	0.0105210507815	FGr	300	A35	C2	10000	1000	0	0.5	300	0.03
491	0.0104581114671	0.0104581114671	0	0.149	0.156	0.0104581114671	0.0104581114671	NoCorrection	300	A35	C2	10000	1000	0	0.5	300	0.03
492	0.0110953036815	0.0110953036815	0	0.129	0.153	0.0110953036815	0.0110953036815	ID	300	A35	C2	10000	1000	0	0.5	300	0.03
493	0.00144780463000001	0.00144780463000003	0	0.821	0.829	0.00144780463000001	0.00144780463000003	1	300	A35	C2	10000	1000	0	0.5	300	0.1
494	-0.00167372922249996	-0.00167372922249992	0	0.788	0.791	-0.00167372922249996	-0.00167372922249992	FGr	300	A35	C2	10000	1000	0	0.5	300	0.1
495	-0.00172572972000003	-0.00172572972000006	0	0.798	0.793	-0.00172572972000003	-0.00172572972000006	NoCorrection	300	A35	C2	10000	1000	0	0.5	300	0.1
496	0.00111316442119996	0.00111316442119995	0	0.864	0.87	0.00111316442119996	0.00111316442119995	ID	300	A35	C2	10000	1000	0	0.5	300	0.1
497	-0.000265014747000065	0.0106863425500001	0	0.958	0.329	-0.000265014747000065	0.0106863425500001	1	1000	A35	C2	10000	1000	0	0.5	300	0
498	3.65849614999397e-05	0.0123989116500001	0	0.995	0.263	3.65849614999397e-05	0.0123989116500001	FGr	1000	A35	C2	10000	1000	0	0.5	300	0
499	2.09160824999751e-05	0.01238772115	0	0.999	0.245	2.09160824999751e-05	0.01238772115	NoCorrection	1000	A35	C2	10000	1000	0	0.5	300	0
500	-0.000402557840000089	0.0102375204500001	0	0.952	0.36	-0.000402557840000089	0.0102375204500001	ID	1000	A35	C2	10000	1000	0	0.5	300	0
501	-0.010281317387	-0.00645336310000005	0	0.135	0.569	-0.010281317387	-0.00645336310000005	1	1000	A35	C2	10000	1000	0	0.5	300	0.01
502	-0.01086903141535	-0.00458297145000001	0	0.098	0.677	-0.01086903141535	-0.00458297145000001	FGr	1000	A35	C2	10000	1000	0	0.5	300	0.01
503	-0.01082041565095	-0.00460979910000004	0	0.114	0.689	-0.01082041565095	-0.00460979910000004	NoCorrection	1000	A35	C2	10000	1000	0	0.5	300	0.01
504	-0.01081938453475	-0.00499764085000004	0	0.127	0.702	-0.01081938453475	-0.00499764085000004	ID	1000	A35	C2	10000	1000	0	0.5	300	0.01
505	-7.89885939999978e-05	-0.01188039975	0	0.991	0.28	-7.89885939999978e-05	-0.01188039975	1	1000	A35	C2	10000	1000	0	0.5	300	0.03
506	-0.000568641258100009	-0.00854884290000001	0	0.94	0.412	-0.000568641258100009	-0.00854884290000001	FGr	1000	A35	C2	10000	1000	0	0.5	300	0.03
507	-0.000591931548650001	-0.00860328994999998	0	0.941	0.375	-0.000591931548650001	-0.00860328994999998	NoCorrection	1000	A35	C2	10000	1000	0	0.5	300	0.03
508	-0.000415203411149983	-0.01059454555	0	0.931	0.31	-0.000415203411149983	-0.01059454555	ID	1000	A35	C2	10000	1000	0	0.5	300	0.03
509	0.00689718791409998	0.0144935073500001	0	0.323	0.205	0.00689718791409998	0.0144935073500001	1	1000	A35	C2	10000	1000	0	0.5	300	0.1
510	0.00431595814500002	0.0129133939999999	0	0.567	0.299	0.00431595814500002	0.0129133939999999	FGr	1000	A35	C2	10000	1000	0	0.5	300	0.1
511	0.00428457871649998	0.01164960285	0	0.561	0.353	0.00428457871649998	0.01164960285	NoCorrection	1000	A35	C2	10000	1000	0	0.5	300	0.1
512	0.00695690853030001	0.0141112115500001	0	0.321	0.213	0.00695690853030001	0.0141112115500001	ID	1000	A35	C2	10000	1000	0	0.5	300	0.1
513	-0.0216764063662	-0.00567013685000001	0	0	0.719	-0.0216764063662	-0.00567013685000001	1	10000	A35	C2	10000	1000	0	0.5	300	0
514	-0.0215498684001	-0.00813958395000002	0	0.002	0.617	-0.0215498684001	-0.00813958395000002	FGr	10000	A35	C2	10000	1000	0	0.5	300	0
515	-0.0216001000928	-0.00491202299999998	0	0.001	0.755	-0.0216001000928	-0.00491202299999998	NoCorrection	10000	A35	C2	10000	1000	0	0.5	300	0
516	-0.02167533296555	-0.00561088535000001	0	0.001	0.731	-0.02167533296555	-0.00561088535000001	ID	10000	A35	C2	10000	1000	0	0.5	300	0
517	-0.00193725516950001	0.00225727629999999	0	0.784	0.893	-0.00193725516950001	0.00225727629999999	1	10000	A35	C2	10000	1000	0	0.5	300	0.01
518	-0.00205562449499996	-0.00699890515000001	0	0.755	0.645	-0.00205562449499996	-0.00699890515000001	FGr	10000	A35	C2	10000	1000	0	0.5	300	0.01
519	-0.00199878169	-0.00336875684999999	0	0.776	0.845	-0.00199878169	-0.00336875684999999	NoCorrection	10000	A35	C2	10000	1000	0	0.5	300	0.01
520	-0.00196270793145	0.0024316358	0	0.801	0.879	-0.00196270793145	0.0024316358	ID	10000	A35	C2	10000	1000	0	0.5	300	0.01
521	0.0042580820942	0.00731367295000006	0	0.529	0.681	0.0042580820942	0.00731367295000006	1	10000	A35	C2	10000	1000	0	0.5	300	0.03
522	0.00432020317559	0.0047965114	0	0.545	0.784	0.00432020317559	0.0047965114	FGr	10000	A35	C2	10000	1000	0	0.5	300	0.03
523	0.00430132142670001	0.0036164205	0	0.528	0.842	0.00430132142670001	0.0036164205	NoCorrection	10000	A35	C2	10000	1000	0	0.5	300	0.03
524	0.00423261408255	0.00509665135000003	0	0.517	0.744	0.00423261408255	0.00509665135000003	ID	10000	A35	C2	10000	1000	0	0.5	300	0.03
525	-0.0109680412605	0.00436135319999998	0	0.211	0.785	-0.0109680412605	0.00436135319999998	1	10000	A35	C2	10000	1000	0	0.5	300	0.1
526	-0.0109628694726	-0.0178211023499998	0	0.261	0.353	-0.0109628694726	-0.0178211023499998	FGr	10000	A35	C2	10000	1000	0	0.5	300	0.1
527	-0.0109371281685	-0.0183790771	0	0.239	0.331	-0.0109371281685	-0.0183790771	NoCorrection	10000	A35	C2	10000	1000	0	0.5	300	0.1
528	-0.011026986375	0.00434896465000003	0	0.206	0.812	-0.011026986375	0.00434896465000003	ID	10000	A35	C2	10000	1000	0	0.5	300	0.1
529	-0.00343950327205003	-0.00343950327205003	0	0.493	0.515	-0.00343950327205003	-0.00343950327205003	1	300	A35	C2	10000	10000	0	0.5	300	0
530	-0.00425830638139004	-0.00425830638139005	0	0.384	0.403	-0.00425830638139004	-0.00425830638139005	FGr	300	A35	C2	10000	10000	0	0.5	300	0
531	-0.00426215442135003	-0.00426215442135002	0	0.401	0.395	-0.00426215442135003	-0.00426215442135002	NoCorrection	300	A35	C2	10000	10000	0	0.5	300	0
532	-0.00414555268455004	-0.00414555268455004	0	0.409	0.426	-0.00414555268455004	-0.00414555268455004	ID	300	A35	C2	10000	10000	0	0.5	300	0
533	-9.66331635998557e-05	-9.66331635998308e-05	0	0.99	0.985	-9.66331635998557e-05	-9.66331635998308e-05	1	300	A35	C2	10000	10000	0	0.5	300	0.01
534	0.00112571856214998	0.00112571856214997	0	0.83	0.821	0.00112571856214998	0.00112571856214997	FGr	300	A35	C2	10000	10000	0	0.5	300	0.01
535	0.00115084722335005	0.00115084722335004	0	0.84	0.849	0.00115084722335005	0.00115084722335004	NoCorrection	300	A35	C2	10000	10000	0	0.5	300	0.01
536	0.000493425673299909	0.000493425673299921	0	0.922	0.913	0.000493425673299909	0.000493425673299921	ID	300	A35	C2	10000	10000	0	0.5	300	0.01
537	0.00389640094394997	0.00389640094394997	0	0.494	0.473	0.00389640094394997	0.00389640094394997	1	300	A35	C2	10000	10000	0	0.5	300	0.03
538	0.00397826397274997	0.00397826397274996	0	0.464	0.45	0.00397826397274997	0.00397826397274996	FGr	300	A35	C2	10000	10000	0	0.5	300	0.03
539	0.00400880740345007	0.00400880740345007	0	0.424	0.47	0.00400880740345007	0.00400880740345007	NoCorrection	300	A35	C2	10000	10000	0	0.5	300	0.03
540	0.00366245505256	0.00366245505256	0	0.505	0.502	0.00366245505256	0.00366245505256	ID	300	A35	C2	10000	10000	0	0.5	300	0.03
541	-0.00137036195624	-0.00137036195624	0	0.807	0.817	-0.00137036195624	-0.00137036195624	1	300	A35	C2	10000	10000	0	0.5	300	0.1
542	0.000680723715549993	0.000680723715549995	0	0.923	0.919	0.000680723715549993	0.000680723715549995	FGr	300	A35	C2	10000	10000	0	0.5	300	0.1
543	0.000666461056250003	0.000666461056250003	0	0.914	0.928	0.000666461056250003	0.000666461056250003	NoCorrection	300	A35	C2	10000	10000	0	0.5	300	0.1
544	-0.00168263562715003	-0.00168263562715004	0	0.786	0.752	-0.00168263562715003	-0.00168263562715004	ID	300	A35	C2	10000	10000	0	0.5	300	0.1
545	-0.00764703409776002	0.000728111524999998	0	0.193	0.953	-0.00764703409776002	0.000728111524999998	1	1000	A35	C2	10000	10000	0	0.5	300	0
546	-0.00752967675278099	-0.00168827754500006	0	0.166	0.873	-0.00752967675278099	-0.00168827754500006	FGr	1000	A35	C2	10000	10000	0	0.5	300	0
547	-0.00752871953361004	-0.00201995885499999	0	0.158	0.864	-0.00752871953361004	-0.00201995885499999	NoCorrection	1000	A35	C2	10000	10000	0	0.5	300	0
548	-0.00770148897285	0.002187326895	0	0.162	0.827	-0.00770148897285	0.002187326895	ID	1000	A35	C2	10000	10000	0	0.5	300	0
549	-0.00870298959530019	-0.00292940998499997	0	0.194	0.802	-0.00870298959530019	-0.00292940998499997	1	1000	A35	C2	10000	10000	0	0.5	300	0.01
550	-0.00863605343925004	-0.00213994862500006	0	0.198	0.842	-0.00863605343925004	-0.00213994862500006	FGr	1000	A35	C2	10000	10000	0	0.5	300	0.01
551	-0.00863564940795005	-0.00173360183500001	0	0.201	0.879	-0.00863564940795005	-0.00173360183500001	NoCorrection	1000	A35	C2	10000	10000	0	0.5	300	0.01
552	-0.00864608722874999	-0.00374002494999998	0	0.196	0.716	-0.00864608722874999	-0.00374002494999998	ID	1000	A35	C2	10000	10000	0	0.5	300	0.01
553	-0.0027703317838219	-0.016137060675	0	0.678	0.115	-0.0027703317838219	-0.016137060675	1	1000	A35	C2	10000	10000	0	0.5	300	0.03
554	-0.00296602036843497	-0.012439027745	0	0.631	0.239	-0.00296602036843497	-0.012439027745	FGr	1000	A35	C2	10000	10000	0	0.5	300	0.03
555	-0.00296539231015004	-0.012242538695	0	0.648	0.224	-0.00296539231015004	-0.012242538695	NoCorrection	1000	A35	C2	10000	10000	0	0.5	300	0.03
556	-0.00274447850236401	-0.016235771585	0	0.68	0.11	-0.00274447850236401	-0.016235771585	ID	1000	A35	C2	10000	10000	0	0.5	300	0.03
557	-0.000634536818684965	0.000840725980000203	0	0.933	0.941	-0.000634536818684965	0.000840725980000203	1	1000	A35	C2	10000	10000	0	0.5	300	0.1
558	-0.00131172316841006	-0.00428682188000015	0	0.843	0.725	-0.00131172316841006	-0.00428682188000015	FGr	1000	A35	C2	10000	10000	0	0.5	300	0.1
559	-0.00131058801779993	-0.00378394282499988	0	0.836	0.761	-0.00131058801779993	-0.00378394282499988	NoCorrection	1000	A35	C2	10000	10000	0	0.5	300	0.1
560	-0.000601155400509983	0.00137954734000007	0	0.917	0.905	-0.000601155400509983	0.00137954734000007	ID	1000	A35	C2	10000	10000	0	0.5	300	0.1
561	-0.00860439205770259	0.0151590809649997	0	0.163	0.309	-0.00860439205770259	0.0151590809649997	1	10000	A35	C2	10000	10000	0	0.5	300	0
562	-0.00860105223053	0.0146437279699999	0	0.152	0.335	-0.00860105223053	0.0146437279699999	FGr	10000	A35	C2	10000	10000	0	0.5	300	0
563	-0.00859312400050997	0.0143995824200001	0	0.151	0.352	-0.00859312400050997	0.0143995824200001	NoCorrection	10000	A35	C2	10000	10000	0	0.5	300	0
564	-0.00852519706938995	0.0138799402350001	0	0.154	0.374	-0.00852519706938995	0.0138799402350001	ID	10000	A35	C2	10000	10000	0	0.5	300	0
565	0.00551480701430004	0.0112455063700001	0	0.387	0.47	0.00551480701430004	0.0112455063700001	1	10000	A35	C2	10000	10000	0	0.5	300	0.01
566	0.00570047701956	0.0169012444799999	0	0.349	0.261	0.00570047701956	0.0169012444799999	FGr	10000	A35	C2	10000	10000	0	0.5	300	0.01
567	0.0057267947156899	0.0187692962850002	0	0.371	0.22	0.0057267947156899	0.0187692962850002	NoCorrection	10000	A35	C2	10000	10000	0	0.5	300	0.01
568	0.00552003216230003	0.012513472515	0	0.354	0.401	0.00552003216230003	0.012513472515	ID	10000	A35	C2	10000	10000	0	0.5	300	0.01
569	0.00344828856407009	0.00806128324500007	0	0.59	0.591	0.00344828856407009	0.00806128324500007	1	10000	A35	C2	10000	10000	0	0.5	300	0.03
570	0.00308792831274002	0.00594104863500017	0	0.602	0.694	0.00308792831274002	0.00594104863500017	FGr	10000	A35	C2	10000	10000	0	0.5	300	0.03
571	0.00309118221180007	0.00595439110999999	0	0.62	0.697	0.00309118221180007	0.00595439110999999	NoCorrection	10000	A35	C2	10000	10000	0	0.5	300	0.03
572	0.00352008332236998	0.00422282193499997	0	0.571	0.786	0.00352008332236998	0.00422282193499997	ID	10000	A35	C2	10000	10000	0	0.5	300	0.03
573	-0.00165974940465003	0.00362198666999998	0	0.784	0.813	-0.00165974940465003	0.00362198666999998	1	10000	A35	C2	10000	10000	0	0.5	300	0.1
574	-0.00261978888643996	0.0171297053	0	0.678	0.293	-0.00261978888643996	0.0171297053	FGr	10000	A35	C2	10000	10000	0	0.5	300	0.1
575	-0.00262673318117999	0.016441138725	0	0.696	0.289	-0.00262673318117999	0.016441138725	NoCorrection	10000	A35	C2	10000	10000	0	0.5	300	0.1
576	-0.00161283617175	0.00403960836000002	0	0.817	0.797	-0.00161283617175	0.00403960836000002	ID	10000	A35	C2	10000	10000	0	0.5	300	0.1
