	c-q	nc-q	true-q	c-p	nc-p	c-bias	nc-bias	type	L	rep	config	gwas_size	test_size	h2	ts	num_causal	env
1	0.012845683465	0.012845683465	0	0.695	0.729	0.012845683465	0.012845683465	1	300	A30	C1	1000	100	0	0.5	300	0
2	0.0505254287125	0.0505254287125001	0	0.137	0.182	0.0505254287125	0.0505254287125001	FGr	300	A30	C1	1000	100	0	0.5	300	0
3	0.02320952167	0.02320952167	0	0.519	0.548	0.02320952167	0.02320952167	NoCorrection	300	A30	C1	1000	100	0	0.5	300	0
4	0.026524112103	0.0265241121029999	0	0.48	0.476	0.026524112103	0.0265241121029999	ID	300	A30	C1	1000	100	0	0.5	300	0
5	0.049607102495	0.049607102495	0	0.234	0.209	0.049607102495	0.049607102495	1	300	A30	C1	1000	100	0	0.5	300	0.01
6	0.040587910525	0.040587910525	0	0.32	0.336	0.040587910525	0.040587910525	FGr	300	A30	C1	1000	100	0	0.5	300	0.01
7	0.014088782385	0.014088782385	0	0.738	0.738	0.014088782385	0.014088782385	NoCorrection	300	A30	C1	1000	100	0	0.5	300	0.01
8	0.0360065605299999	0.03600656053	0	0.385	0.41	0.0360065605299999	0.03600656053	ID	300	A30	C1	1000	100	0	0.5	300	0.01
9	0.0554748575100001	0.05547485751	0	0.168	0.172	0.0554748575100001	0.05547485751	1	300	A30	C1	1000	100	0	0.5	300	0.03
10	0.106511062805	0.106511062805	0	0.011	0.015	0.106511062805	0.106511062805	FGr	300	A30	C1	1000	100	0	0.5	300	0.03
11	0.12190410554	0.12190410554	0	0.004	0.004	0.12190410554	0.12190410554	NoCorrection	300	A30	C1	1000	100	0	0.5	300	0.03
12	0.034636992945	0.034636992945	0	0.41	0.398	0.034636992945	0.034636992945	ID	300	A30	C1	1000	100	0	0.5	300	0.03
13	-0.05590941772	-0.05590941772	0	0.242	0.204	-0.05590941772	-0.05590941772	1	300	A30	C1	1000	100	0	0.5	300	0.1
14	0.023855454935	0.023855454935	0	0.617	0.632	0.023855454935	0.023855454935	FGr	300	A30	C1	1000	100	0	0.5	300	0.1
15	0.0296321273803	0.0296321273803	0	0.543	0.563	0.0296321273803	0.0296321273803	NoCorrection	300	A30	C1	1000	100	0	0.5	300	0.1
16	-0.02945811425	-0.02945811425	0	0.553	0.531	-0.02945811425	-0.02945811425	ID	300	A30	C1	1000	100	0	0.5	300	0.1
17	-0.016718872925	-0.0106477055000001	0	0.737	0.88	-0.016718872925	-0.0106477055000001	1	1000	A30	C1	1000	100	0	0.5	300	0
18	-0.014121808935	-0.0001227514999999	0	0.778	1	-0.014121808935	-0.0001227514999999	FGr	1000	A30	C1	1000	100	0	0.5	300	0
19	-0.02041933299	-0.0167993855	0	0.635	0.797	-0.02041933299	-0.0167993855	NoCorrection	1000	A30	C1	1000	100	0	0.5	300	0
20	-0.00428523023499998	0.0378140349999999	0	0.933	0.587	-0.00428523023499998	0.0378140349999999	ID	1000	A30	C1	1000	100	0	0.5	300	0
21	-0.024930589465	-0.051433038	0	0.572	0.439	-0.024930589465	-0.051433038	1	1000	A30	C1	1000	100	0	0.5	300	0.01
22	-0.038879033255	-0.0844826164999999	0	0.399	0.227	-0.038879033255	-0.0844826164999999	FGr	1000	A30	C1	1000	100	0	0.5	300	0.01
23	-0.02911819555	-0.0573424325000001	0	0.521	0.378	-0.02911819555	-0.0573424325000001	NoCorrection	1000	A30	C1	1000	100	0	0.5	300	0.01
24	-0.0251697304509999	-0.0508713015000001	0	0.565	0.425	-0.0251697304509999	-0.0508713015000001	ID	1000	A30	C1	1000	100	0	0.5	300	0.01
25	-0.02421041137	0.017838772	0	0.575	0.793	-0.02421041137	0.017838772	1	1000	A30	C1	1000	100	0	0.5	300	0.03
26	-0.04435033282	-0.0183956475	0	0.323	0.799	-0.04435033282	-0.0183956475	FGr	1000	A30	C1	1000	100	0	0.5	300	0.03
27	-0.03829847734	-0.0109989119999999	0	0.386	0.883	-0.03829847734	-0.0109989119999999	NoCorrection	1000	A30	C1	1000	100	0	0.5	300	0.03
28	-0.02415880156	0.0145721074999999	0	0.6	0.846	-0.02415880156	0.0145721074999999	ID	1000	A30	C1	1000	100	0	0.5	300	0.03
29	-0.01273991641	0.00121417599999996	0	0.757	0.988	-0.01273991641	0.00121417599999996	1	1000	A30	C1	1000	100	0	0.5	300	0.1
30	-0.00769397365599999	0.015176897	0	0.855	0.831	-0.00769397365599999	0.015176897	FGr	1000	A30	C1	1000	100	0	0.5	300	0.1
31	-0.00620876492020001	0.018869282	0	0.859	0.748	-0.00620876492020001	0.018869282	NoCorrection	1000	A30	C1	1000	100	0	0.5	300	0.1
32	-0.010457117817	0.0106944655	0	0.791	0.859	-0.010457117817	0.0106944655	ID	1000	A30	C1	1000	100	0	0.5	300	0.1
33	-0.00705971430500002	0.0721285504999999	0	0.892	0.434	-0.00705971430500002	0.0721285504999999	1	10000	A30	C1	1000	100	0	0.5	300	0
34	-0.022325847335	-0.010800555	0	0.627	0.907	-0.022325847335	-0.010800555	FGr	10000	A30	C1	1000	100	0	0.5	300	0
35	-0.08757812275	-0.3511794795	0	0.076	0	-0.08757812275	-0.3511794795	NoCorrection	10000	A30	C1	1000	100	0	0.5	300	0
36	-0.00711851582999999	0.0681010475000002	0	0.881	0.455	-0.00711851582999999	0.0681010475000002	ID	10000	A30	C1	1000	100	0	0.5	300	0
37	-0.0226739945101	-0.0792860865	0	0.622	0.381	-0.0226739945101	-0.0792860865	1	10000	A30	C1	1000	100	0	0.5	300	0.01
38	-0.016346583935	-0.0431987879999999	0	0.713	0.652	-0.016346583935	-0.0431987879999999	FGr	10000	A30	C1	1000	100	0	0.5	300	0.01
39	-0.00353792621999999	0.034233631	0	0.943	0.697	-0.00353792621999999	0.034233631	NoCorrection	10000	A30	C1	1000	100	0	0.5	300	0.01
40	-0.0177375747310001	-0.05020252	0	0.694	0.622	-0.0177375747310001	-0.05020252	ID	10000	A30	C1	1000	100	0	0.5	300	0.01
41	-0.038355042225	-0.017464477	0	0.332	0.867	-0.038355042225	-0.017464477	1	10000	A30	C1	1000	100	0	0.5	300	0.03
42	-0.0483196547116	-0.09213694	0	0.205	0.345	-0.0483196547116	-0.09213694	FGr	10000	A30	C1	1000	100	0	0.5	300	0.03
43	-0.028660820588	0.0324054875	0	0.474	0.766	-0.028660820588	0.0324054875	NoCorrection	10000	A30	C1	1000	100	0	0.5	300	0.03
44	-0.04157352606	-0.02918564	0	0.288	0.761	-0.04157352606	-0.02918564	ID	10000	A30	C1	1000	100	0	0.5	300	0.03
45	-0.0665918572599999	-0.043792322	0	0.069	0.655	-0.0665918572599999	-0.043792322	1	10000	A30	C1	1000	100	0	0.5	300	0.1
46	-0.068249891135	-0.1000647665	0	0.069	0.282	-0.068249891135	-0.1000647665	FGr	10000	A30	C1	1000	100	0	0.5	300	0.1
47	0.023749298701	0.507551904	0	0.497	0	0.023749298701	0.507551904	NoCorrection	10000	A30	C1	1000	100	0	0.5	300	0.1
48	-0.06752380634	-0.0889129735	0	0.075	0.345	-0.06752380634	-0.0889129735	ID	10000	A30	C1	1000	100	0	0.5	300	0.1
49	0.0587641503484999	0.0587641503485	0	0.053	0.047	0.0587641503484999	0.0587641503485	1	300	A30	C1	1000	1000	0	0.5	300	0
50	0.0208262025984999	0.0208262025984998	0	0.506	0.51	0.0208262025984999	0.0208262025984998	FGr	300	A30	C1	1000	1000	0	0.5	300	0
51	0.0121566981489998	0.0121566981489999	0	0.695	0.693	0.0121566981489998	0.0121566981489999	NoCorrection	300	A30	C1	1000	1000	0	0.5	300	0
52	0.0236591903415001	0.0236591903415	0	0.461	0.45	0.0236591903415001	0.0236591903415	ID	300	A30	C1	1000	1000	0	0.5	300	0
53	-0.021854009398	-0.021854009398	0	0.358	0.357	-0.021854009398	-0.021854009398	1	300	A30	C1	1000	1000	0	0.5	300	0.01
54	0.00451798344454992	0.00451798344454996	0	0.843	0.835	0.00451798344454992	0.00451798344454996	FGr	300	A30	C1	1000	1000	0	0.5	300	0.01
55	-0.00258234168199995	-0.00258234168199996	0	0.902	0.925	-0.00258234168199995	-0.00258234168199996	NoCorrection	300	A30	C1	1000	1000	0	0.5	300	0.01
56	-0.00246534140175001	-0.00246534140175	0	0.913	0.916	-0.00246534140175001	-0.00246534140175	ID	300	A30	C1	1000	1000	0	0.5	300	0.01
57	0.032379259414	0.032379259414	0	0.238	0.224	0.032379259414	0.032379259414	1	300	A30	C1	1000	1000	0	0.5	300	0.03
58	0.018905717643	0.018905717643	0	0.473	0.458	0.018905717643	0.018905717643	FGr	300	A30	C1	1000	1000	0	0.5	300	0.03
59	0.017877762432	0.017877762432	0	0.484	0.506	0.017877762432	0.017877762432	NoCorrection	300	A30	C1	1000	1000	0	0.5	300	0.03
60	0.022711163408	0.022711163408	0	0.372	0.38	0.022711163408	0.022711163408	ID	300	A30	C1	1000	1000	0	0.5	300	0.03
61	0.0549716184985	0.0549716184985	0	0.052	0.054	0.0549716184985	0.0549716184985	1	300	A30	C1	1000	1000	0	0.5	300	0.1
62	0.1007599690424	0.1007599690424	0	0.001	0	0.1007599690424	0.1007599690424	FGr	300	A30	C1	1000	1000	0	0.5	300	0.1
63	0.108545655054	0.108545655054	0	0	0	0.108545655054	0.108545655054	NoCorrection	300	A30	C1	1000	1000	0	0.5	300	0.1
64	0.0473272502988	0.0473272502988	0	0.088	0.104	0.0473272502988	0.0473272502988	ID	300	A30	C1	1000	1000	0	0.5	300	0.1
65	-0.02077534712565	-0.0692637611499998	0	0.46	0.09	-0.02077534712565	-0.0692637611499998	1	1000	A30	C1	1000	1000	0	0.5	300	0
66	-0.0208633933820001	-0.06796004825	0	0.428	0.09	-0.0208633933820001	-0.06796004825	FGr	1000	A30	C1	1000	1000	0	0.5	300	0
67	-0.0153492669412996	-0.0514374505499999	0	0.559	0.205	-0.0153492669412996	-0.0514374505499999	NoCorrection	1000	A30	C1	1000	1000	0	0.5	300	0
68	-0.0160255248905001	-0.0547965503500002	0	0.553	0.198	-0.0160255248905001	-0.0547965503500002	ID	1000	A30	C1	1000	1000	0	0.5	300	0
69	-0.0433505210430002	-0.0743742794499997	0	0.059	0.062	-0.0433505210430002	-0.0743742794499997	1	1000	A30	C1	1000	1000	0	0.5	300	0.01
70	-0.036251709808	-0.0515583431499999	0	0.138	0.194	-0.036251709808	-0.0515583431499999	FGr	1000	A30	C1	1000	1000	0	0.5	300	0.01
71	-0.0252756991840001	-0.0139206641499998	0	0.261	0.711	-0.0252756991840001	-0.0139206641499998	NoCorrection	1000	A30	C1	1000	1000	0	0.5	300	0.01
72	-0.035591824771	-0.0540477577000001	0	0.129	0.173	-0.035591824771	-0.0540477577000001	ID	1000	A30	C1	1000	1000	0	0.5	300	0.01
73	-0.043669474251	-0.0445523190500001	0	0.11	0.27	-0.043669474251	-0.0445523190500001	1	1000	A30	C1	1000	1000	0	0.5	300	0.03
74	-0.02802007171	-0.0109207243999999	0	0.304	0.808	-0.02802007171	-0.0109207243999999	FGr	1000	A30	C1	1000	1000	0	0.5	300	0.03
75	-0.00136423234799998	0.0643719593	0	0.971	0.124	-0.00136423234799998	0.0643719593	NoCorrection	1000	A30	C1	1000	1000	0	0.5	300	0.03
76	-0.02816754843825	-0.00538310639999996	0	0.286	0.894	-0.02816754843825	-0.00538310639999996	ID	1000	A30	C1	1000	1000	0	0.5	300	0.03
77	0.0320800329815	0.0684365821499996	0	0.242	0.135	0.0320800329815	0.0684365821499996	1	1000	A30	C1	1000	1000	0	0.5	300	0.1
78	0.0283662256815	0.0626281461000002	0	0.268	0.138	0.0283662256815	0.0626281461000002	FGr	1000	A30	C1	1000	1000	0	0.5	300	0.1
79	0.0372549723215	0.0970225478	0	0.156	0.03	0.0372549723215	0.0970225478	NoCorrection	1000	A30	C1	1000	1000	0	0.5	300	0.1
80	0.025516733913	0.0615390972000002	0	0.321	0.155	0.025516733913	0.0615390972000002	ID	1000	A30	C1	1000	1000	0	0.5	300	0.1
81	-0.023909208001	0.0864607788000001	0	0.424	0.25	-0.023909208001	0.0864607788000001	1	10000	A30	C1	1000	1000	0	0.5	300	0
82	-0.0249612094905	0.0747117198000001	0	0.457	0.308	-0.0249612094905	0.0747117198000001	FGr	10000	A30	C1	1000	1000	0	0.5	300	0
83	0.020929253349	0.23052292955	0	0.492	0.003	0.020929253349	0.23052292955	NoCorrection	10000	A30	C1	1000	1000	0	0.5	300	0
84	-0.0272828334	0.0651010771999999	0	0.423	0.376	-0.0272828334	0.0651010771999999	ID	10000	A30	C1	1000	1000	0	0.5	300	0
85	0.0110743849775	0.0392595034999999	0	0.68	0.589	0.0110743849775	0.0392595034999999	1	10000	A30	C1	1000	1000	0	0.5	300	0.01
86	0.016576032084	0.083132723	0	0.562	0.267	0.016576032084	0.083132723	FGr	10000	A30	C1	1000	1000	0	0.5	300	0.01
87	0.0100339577821	0.03795145215	0	0.742	0.579	0.0100339577821	0.03795145215	NoCorrection	10000	A30	C1	1000	1000	0	0.5	300	0.01
88	0.01209784775945	0.067662143	0	0.67	0.312	0.01209784775945	0.067662143	ID	10000	A30	C1	1000	1000	0	0.5	300	0.01
89	0.0392805491225	-0.06282453955	0	0.167	0.358	0.0392805491225	-0.06282453955	1	10000	A30	C1	1000	1000	0	0.5	300	0.03
90	0.0513657020432499	0.000415140350000074	0	0.061	0.996	0.0513657020432499	0.000415140350000074	FGr	10000	A30	C1	1000	1000	0	0.5	300	0.03
91	0.058424392128	0.0412844388	0	0.03	0.521	0.058424392128	0.0412844388	NoCorrection	10000	A30	C1	1000	1000	0	0.5	300	0.03
92	0.0430439675914999	-0.04581314865	0	0.124	0.52	0.0430439675914999	-0.04581314865	ID	10000	A30	C1	1000	1000	0	0.5	300	0.03
93	-0.020391253489615	-0.07605958	0	0.47	0.285	-0.020391253489615	-0.07605958	1	10000	A30	C1	1000	1000	0	0.5	300	0.1
94	-0.018143126144	-0.0587698084	0	0.536	0.414	-0.018143126144	-0.0587698084	FGr	10000	A30	C1	1000	1000	0	0.5	300	0.1
95	-0.012910972073	-0.02779372745	0	0.657	0.693	-0.012910972073	-0.02779372745	NoCorrection	10000	A30	C1	1000	1000	0	0.5	300	0.1
96	-0.02347309715	-0.0924605789	0	0.399	0.194	-0.02347309715	-0.0924605789	ID	10000	A30	C1	1000	1000	0	0.5	300	0.1
97	0.00874584146050013	0.00874584146050012	0	0.756	0.726	0.00874584146050013	0.00874584146050012	1	300	A30	C1	1000	10000	0	0.5	300	0
98	0.00574067998224966	0.00574067998224959	0	0.834	0.828	0.00574067998224966	0.00574067998224959	FGr	300	A30	C1	1000	10000	0	0.5	300	0
99	0.0161577596245	0.0161577596245	0	0.493	0.517	0.0161577596245	0.0161577596245	NoCorrection	300	A30	C1	1000	10000	0	0.5	300	0
100	0.0143050199306448	0.0143050199306448	0	0.548	0.573	0.0143050199306448	0.0143050199306448	ID	300	A30	C1	1000	10000	0	0.5	300	0
101	0.0217196544918994	0.0217196544918994	0	0.425	0.424	0.0217196544918994	0.0217196544918994	1	300	A30	C1	1000	10000	0	0.5	300	0.01
102	-0.00320310674674979	-0.00320310674674978	0	0.907	0.902	-0.00320310674674979	-0.00320310674674978	FGr	300	A30	C1	1000	10000	0	0.5	300	0.01
103	0.00319870589110088	0.00319870589110087	0	0.901	0.91	0.00319870589110088	0.00319870589110087	NoCorrection	300	A30	C1	1000	10000	0	0.5	300	0.01
104	0.0171182477030002	0.0171182477030002	0	0.549	0.534	0.0171182477030002	0.0171182477030002	ID	300	A30	C1	1000	10000	0	0.5	300	0.01
105	-0.0221109194219988	-0.0221109194219988	0	0.444	0.484	-0.0221109194219988	-0.0221109194219988	1	300	A30	C1	1000	10000	0	0.5	300	0.03
106	0.000715603342200661	0.000715603342200525	0	0.974	0.979	0.000715603342200661	0.000715603342200525	FGr	300	A30	C1	1000	10000	0	0.5	300	0.03
107	-0.00907894108370041	-0.00907894108370057	0	0.775	0.767	-0.00907894108370041	-0.00907894108370057	NoCorrection	300	A30	C1	1000	10000	0	0.5	300	0.03
108	-0.00399124202630005	-0.00399124202629983	0	0.904	0.896	-0.00399124202630005	-0.00399124202629983	ID	300	A30	C1	1000	10000	0	0.5	300	0.03
109	0.0093132894174503	0.00931328941745031	0	0.696	0.683	0.0093132894174503	0.00931328941745031	1	300	A30	C1	1000	10000	0	0.5	300	0.1
110	0.0250397265793002	0.0250397265793001	0	0.274	0.303	0.0250397265793002	0.0250397265793001	FGr	300	A30	C1	1000	10000	0	0.5	300	0.1
111	0.0468201239057003	0.0468201239057003	0	0.056	0.046	0.0468201239057003	0.0468201239057003	NoCorrection	300	A30	C1	1000	10000	0	0.5	300	0.1
112	0.0215217798105997	0.0215217798105996	0	0.385	0.376	0.0215217798105997	0.0215217798105996	ID	300	A30	C1	1000	10000	0	0.5	300	0.1
113	-0.0161146547810007	-0.00749541607500009	0	0.56	0.861	-0.0161146547810007	-0.00749541607500009	1	1000	A30	C1	1000	10000	0	0.5	300	0
114	-0.00293978387899959	0.0434773274200002	0	0.894	0.314	-0.00293978387899959	0.0434773274200002	FGr	1000	A30	C1	1000	10000	0	0.5	300	0
115	0.00280177876785005	0.0572348688650002	0	0.922	0.166	0.00280177876785005	0.0572348688650002	NoCorrection	1000	A30	C1	1000	10000	0	0.5	300	0
116	-0.000434879058499729	0.0487822981250001	0	0.986	0.254	-0.000434879058499729	0.0487822981250001	ID	1000	A30	C1	1000	10000	0	0.5	300	0
117	0.00893869743749989	0.016830648355	0	0.79	0.699	0.00893869743749989	0.016830648355	1	1000	A30	C1	1000	10000	0	0.5	300	0.01
118	0.0157304539004003	0.037627420125	0	0.626	0.401	0.0157304539004003	0.037627420125	FGr	1000	A30	C1	1000	10000	0	0.5	300	0.01
119	-0.01442282596065	-0.0489719370699999	0	0.662	0.254	-0.01442282596065	-0.0489719370699999	NoCorrection	1000	A30	C1	1000	10000	0	0.5	300	0.01
120	0.0146486616371003	0.03167256931	0	0.633	0.478	0.0146486616371003	0.03167256931	ID	1000	A30	C1	1000	10000	0	0.5	300	0.01
121	0.0140189556516	0.0294417815900002	0	0.594	0.486	0.0140189556516	0.0294417815900002	1	1000	A30	C1	1000	10000	0	0.5	300	0.03
122	0.03576415849504	0.0859358185050001	0	0.162	0.033	0.03576415849504	0.0859358185050001	FGr	1000	A30	C1	1000	10000	0	0.5	300	0.03
123	0.0214735870903	0.0515196648500013	0	0.398	0.194	0.0214735870903	0.0515196648500013	NoCorrection	1000	A30	C1	1000	10000	0	0.5	300	0.03
124	0.0160118804467	0.0342587585899999	0	0.497	0.412	0.0160118804467	0.0342587585899999	ID	1000	A30	C1	1000	10000	0	0.5	300	0.03
125	-0.0335915750124999	-0.00524792139499973	0	0.214	0.895	-0.0335915750124999	-0.00524792139499973	1	1000	A30	C1	1000	10000	0	0.5	300	0.1
126	-0.0445436927424051	-0.0411144621699996	0	0.082	0.321	-0.0445436927424051	-0.0411144621699996	FGr	1000	A30	C1	1000	10000	0	0.5	300	0.1
127	-0.02079219673395	0.0340125970750004	0	0.415	0.434	-0.02079219673395	0.0340125970750004	NoCorrection	1000	A30	C1	1000	10000	0	0.5	300	0.1
128	-0.0319707006244499	-0.0028873375249998	0	0.23	0.956	-0.0319707006244499	-0.0028873375249998	ID	1000	A30	C1	1000	10000	0	0.5	300	0.1
129	0.00972331233560016	-0.000446786704999906	0	0.706	0.994	0.00972331233560016	-0.000446786704999906	1	10000	A30	C1	1000	10000	0	0.5	300	0
130	0.00824723926889987	-0.00476001516500022	0	0.779	0.937	0.00824723926889987	-0.00476001516500022	FGr	10000	A30	C1	1000	10000	0	0.5	300	0
131	0.0227069953273497	0.0366096174000002	0	0.352	0.558	0.0227069953273497	0.0366096174000002	NoCorrection	10000	A30	C1	1000	10000	0	0.5	300	0
132	0.0129231616546848	0.00468076630999924	0	0.617	0.947	0.0129231616546848	0.00468076630999924	ID	10000	A30	C1	1000	10000	0	0.5	300	0
133	-0.0395964523600981	-0.0186742519949996	0	0.156	0.768	-0.0395964523600981	-0.0186742519949996	1	10000	A30	C1	1000	10000	0	0.5	300	0.01
134	-0.0447293650266505	-0.0705070576899998	0	0.125	0.228	-0.0447293650266505	-0.0705070576899998	FGr	10000	A30	C1	1000	10000	0	0.5	300	0.01
135	-0.0434746539229108	-0.0455286495100002	0	0.11	0.452	-0.0434746539229108	-0.0455286495100002	NoCorrection	10000	A30	C1	1000	10000	0	0.5	300	0.01
136	-0.0399798931139006	-0.0200857727050011	0	0.128	0.747	-0.0399798931139006	-0.0200857727050011	ID	10000	A30	C1	1000	10000	0	0.5	300	0.01
137	0.0221593286251701	0.05916492131	0	0.362	0.385	0.0221593286251701	0.05916492131	1	10000	A30	C1	1000	10000	0	0.5	300	0.03
138	0.0197784828686102	0.043111244105	0	0.454	0.566	0.0197784828686102	0.043111244105	FGr	10000	A30	C1	1000	10000	0	0.5	300	0.03
139	-0.0121206229560997	-0.106858085095	0	0.63	0.12	-0.0121206229560997	-0.106858085095	NoCorrection	10000	A30	C1	1000	10000	0	0.5	300	0.03
140	0.0211018370829999	0.0539994196699995	0	0.406	0.447	0.0211018370829999	0.0539994196699995	ID	10000	A30	C1	1000	10000	0	0.5	300	0.03
141	0.0157960215878151	0.0272545695499967	0	0.59	0.679	0.0157960215878151	0.0272545695499967	1	10000	A30	C1	1000	10000	0	0.5	300	0.1
142	0.0216944910197202	0.0830636531600012	0	0.472	0.229	0.0216944910197202	0.0830636531600012	FGr	10000	A30	C1	1000	10000	0	0.5	300	0.1
143	0.0513689995993504	0.209046918680001	0	0.073	0.004	0.0513689995993504	0.209046918680001	NoCorrection	10000	A30	C1	1000	10000	0	0.5	300	0.1
144	0.0114479850023496	0.0276474296800018	0	0.694	0.666	0.0114479850023496	0.0276474296800018	ID	10000	A30	C1	1000	10000	0	0.5	300	0.1
145	-0.01066783914	-0.01066783914	0	0.362	0.385	-0.01066783914	-0.01066783914	1	300	A30	C1	10000	100	0	0.5	300	0
146	-0.016518933807	-0.016518933807	0	0.155	0.156	-0.016518933807	-0.016518933807	FGr	300	A30	C1	10000	100	0	0.5	300	0
147	-0.014936480025	-0.014936480025	0	0.212	0.201	-0.014936480025	-0.014936480025	NoCorrection	300	A30	C1	10000	100	0	0.5	300	0
148	-0.012402954017	-0.012402954017	0	0.302	0.277	-0.012402954017	-0.012402954017	ID	300	A30	C1	10000	100	0	0.5	300	0
149	-0.00341602766200001	-0.003416027662	0	0.754	0.744	-0.00341602766200001	-0.003416027662	1	300	A30	C1	10000	100	0	0.5	300	0.01
150	0.00565985014499999	0.00565985014499999	0	0.592	0.59	0.00565985014499999	0.00565985014499999	FGr	300	A30	C1	10000	100	0	0.5	300	0.01
151	0.00613204819050001	0.00613204819049999	0	0.551	0.543	0.00613204819050001	0.00613204819049999	NoCorrection	300	A30	C1	10000	100	0	0.5	300	0.01
152	0.00401355070199999	0.004013550702	0	0.708	0.689	0.00401355070199999	0.004013550702	ID	300	A30	C1	10000	100	0	0.5	300	0.01
153	0.016002637155	0.016002637155	0	0.116	0.146	0.016002637155	0.016002637155	1	300	A30	C1	10000	100	0	0.5	300	0.03
154	0.02395437774	0.02395437774	0	0.02	0.019	0.02395437774	0.02395437774	FGr	300	A30	C1	10000	100	0	0.5	300	0.03
155	0.021401847845	0.021401847845	0	0.038	0.047	0.021401847845	0.021401847845	NoCorrection	300	A30	C1	10000	100	0	0.5	300	0.03
156	0.016714215387	0.016714215387	0	0.098	0.125	0.016714215387	0.016714215387	ID	300	A30	C1	10000	100	0	0.5	300	0.03
157	-0.011721506977	-0.011721506977	0	0.366	0.317	-0.011721506977	-0.011721506977	1	300	A30	C1	10000	100	0	0.5	300	0.1
158	-0.000306352707499974	-0.000306352707500011	0	0.985	0.976	-0.000306352707499974	-0.000306352707500011	FGr	300	A30	C1	10000	100	0	0.5	300	0.1
159	0.00563825855499998	0.005638258555	0	0.643	0.649	0.00563825855499998	0.005638258555	NoCorrection	300	A30	C1	10000	100	0	0.5	300	0.1
160	-0.01100665585	-0.01100665585	0	0.35	0.364	-0.01100665585	-0.01100665585	ID	300	A30	C1	10000	100	0	0.5	300	0.1
161	0.00185528191	0.00258879049999998	0	0.903	0.9	0.00185528191	0.00258879049999998	1	1000	A30	C1	10000	100	0	0.5	300	0
162	-0.001836569332	-0.0075375225	0	0.886	0.713	-0.001836569332	-0.0075375225	FGr	1000	A30	C1	10000	100	0	0.5	300	0
163	0.00101299870499999	0.00101565449999999	0	0.943	0.954	0.00101299870499999	0.00101565449999999	NoCorrection	1000	A30	C1	10000	100	0	0.5	300	0
164	-0.00212130754799999	-0.0070985115	0	0.871	0.745	-0.00212130754799999	-0.0070985115	ID	1000	A30	C1	10000	100	0	0.5	300	0
165	0.01050053109	0.0101203135	0	0.394	0.568	0.01050053109	0.0101203135	1	1000	A30	C1	10000	100	0	0.5	300	0.01
166	0.0015895932545	-0.0125932725	0	0.898	0.516	0.0015895932545	-0.0125932725	FGr	1000	A30	C1	10000	100	0	0.5	300	0.01
167	0.009540770748	0.0102980635	0	0.441	0.592	0.009540770748	0.0102980635	NoCorrection	1000	A30	C1	10000	100	0	0.5	300	0.01
168	0.0076108640105	0.00289219049999999	0	0.549	0.874	0.0076108640105	0.00289219049999999	ID	1000	A30	C1	10000	100	0	0.5	300	0.01
169	-0.008761407645	0.012434454	0	0.488	0.567	-0.008761407645	0.012434454	1	1000	A30	C1	10000	100	0	0.5	300	0.03
170	-0.0104447879835	0.0072627915	0	0.414	0.724	-0.0104447879835	0.0072627915	FGr	1000	A30	C1	10000	100	0	0.5	300	0.03
171	-0.004262463623	0.017699171	0	0.735	0.378	-0.004262463623	0.017699171	NoCorrection	1000	A30	C1	10000	100	0	0.5	300	0.03
172	-0.00729040042499999	0.013145355	0	0.591	0.545	-0.00729040042499999	0.013145355	ID	1000	A30	C1	10000	100	0	0.5	300	0.03
173	0.004294031185	0.014771041	0	0.759	0.45	0.004294031185	0.014771041	1	1000	A30	C1	10000	100	0	0.5	300	0.1
174	0.01945388746	0.0485742505	0	0.12	0.011	0.01945388746	0.0485742505	FGr	1000	A30	C1	10000	100	0	0.5	300	0.1
175	0.037095809365	0.087333135	0	0.002	0	0.037095809365	0.087333135	NoCorrection	1000	A30	C1	10000	100	0	0.5	300	0.1
176	0.001495348985	0.010615002	0	0.909	0.553	0.001495348985	0.010615002	ID	1000	A30	C1	10000	100	0	0.5	300	0.1
177	0.00112197353099998	-0.00842629099999999	0	0.941	0.817	0.00112197353099998	-0.00842629099999999	1	10000	A30	C1	10000	100	0	0.5	300	0
178	0.00327461441599998	0.014250704	0	0.814	0.687	0.00327461441599998	0.014250704	FGr	10000	A30	C1	10000	100	0	0.5	300	0
179	0.0040613240575	0.016189366	0	0.721	0.597	0.0040613240575	0.016189366	NoCorrection	10000	A30	C1	10000	100	0	0.5	300	0
180	0.000869665463000011	-0.0104681175	0	0.941	0.733	0.000869665463000011	-0.0104681175	ID	10000	A30	C1	10000	100	0	0.5	300	0
181	0.016319404062	-0.021738836	0	0.145	0.498	0.016319404062	-0.021738836	1	10000	A30	C1	10000	100	0	0.5	300	0.01
182	0.019708551891	0.00434898800000004	0	0.068	0.893	0.019708551891	0.00434898800000004	FGr	10000	A30	C1	10000	100	0	0.5	300	0.01
183	0.02749025088	0.070483135	0	0.01	0.025	0.02749025088	0.070483135	NoCorrection	10000	A30	C1	10000	100	0	0.5	300	0.01
184	0.015788818971	-0.026508773	0	0.146	0.394	0.015788818971	-0.026508773	ID	10000	A30	C1	10000	100	0	0.5	300	0.01
185	0.0034759848304	0.024117779	0	0.757	0.483	0.0034759848304	0.024117779	1	10000	A30	C1	10000	100	0	0.5	300	0.03
186	0.0055279296958	0.052718839	0	0.634	0.099	0.0055279296958	0.052718839	FGr	10000	A30	C1	10000	100	0	0.5	300	0.03
187	0.01592006269485	0.1231450415	0	0.158	0	0.01592006269485	0.1231450415	NoCorrection	10000	A30	C1	10000	100	0	0.5	300	0.03
188	0.00390781542899999	0.0281831145	0	0.728	0.409	0.00390781542899999	0.0281831145	ID	10000	A30	C1	10000	100	0	0.5	300	0.03
189	-0.00181747753499999	-0.011288733	0	0.891	0.732	-0.00181747753499999	-0.011288733	1	10000	A30	C1	10000	100	0	0.5	300	0.1
190	-0.000597889888999976	-0.00817409850000001	0	0.962	0.81	-0.000597889888999976	-0.00817409850000001	FGr	10000	A30	C1	10000	100	0	0.5	300	0.1
191	0.0295508839855	0.200121182	0	0.043	0	0.0295508839855	0.200121182	NoCorrection	10000	A30	C1	10000	100	0	0.5	300	0.1
192	-0.00241867475200001	-0.0185748515	0	0.871	0.574	-0.00241867475200001	-0.0185748515	ID	10000	A30	C1	10000	100	0	0.5	300	0.1
193	0.00108576138885	0.00108576138885	0	0.91	0.907	0.00108576138885	0.00108576138885	1	300	A30	C1	10000	1000	0	0.5	300	0
194	0.0117111971063	0.0117111971063	0	0.2	0.203	0.0117111971063	0.0117111971063	FGr	300	A30	C1	10000	1000	0	0.5	300	0
195	0.01855963064605	0.01855963064605	0	0.042	0.05	0.01855963064605	0.01855963064605	NoCorrection	300	A30	C1	10000	1000	0	0.5	300	0
196	-0.00130086473035	-0.00130086473035	0	0.904	0.899	-0.00130086473035	-0.00130086473035	ID	300	A30	C1	10000	1000	0	0.5	300	0
197	-0.00088359599150007	-0.000883595991500085	0	0.937	0.932	-0.00088359599150007	-0.000883595991500085	1	300	A30	C1	10000	1000	0	0.5	300	0.01
198	-0.00729631599333505	-0.00729631599333506	0	0.438	0.462	-0.00729631599333505	-0.00729631599333506	FGr	300	A30	C1	10000	1000	0	0.5	300	0.01
199	-0.00934769942059988	-0.00934769942059992	0	0.338	0.35	-0.00934769942059988	-0.00934769942059992	NoCorrection	300	A30	C1	10000	1000	0	0.5	300	0.01
200	-0.00641077864999999	-0.00641077864999995	0	0.497	0.51	-0.00641077864999999	-0.00641077864999995	ID	300	A30	C1	10000	1000	0	0.5	300	0.01
201	0.01151935561235	0.01151935561235	0	0.209	0.181	0.01151935561235	0.01151935561235	1	300	A30	C1	10000	1000	0	0.5	300	0.03
202	0.0230563625319999	0.0230563625319999	0	0.016	0.006	0.0230563625319999	0.0230563625319999	FGr	300	A30	C1	10000	1000	0	0.5	300	0.03
203	0.03285136819385	0.03285136819385	0	0.001	0.002	0.03285136819385	0.03285136819385	NoCorrection	300	A30	C1	10000	1000	0	0.5	300	0.03
204	0.0115873299078	0.0115873299078001	0	0.193	0.189	0.0115873299078	0.0115873299078001	ID	300	A30	C1	10000	1000	0	0.5	300	0.03
205	-0.00331131998334994	-0.00331131998334994	0	0.732	0.697	-0.00331131998334994	-0.00331131998334994	1	300	A30	C1	10000	1000	0	0.5	300	0.1
206	0.030784161392	0.0307841613920001	0	0	0.002	0.030784161392	0.0307841613920001	FGr	300	A30	C1	10000	1000	0	0.5	300	0.1
207	0.0596594668565	0.0596594668565	0	0	0	0.0596594668565	0.0596594668565	NoCorrection	300	A30	C1	10000	1000	0	0.5	300	0.1
208	-0.000660480577699978	-0.000660480577699971	0	0.94	0.929	-0.000660480577699978	-0.000660480577699971	ID	300	A30	C1	10000	1000	0	0.5	300	0.1
209	-0.00610807011250002	-0.016683468	0	0.457	0.263	-0.00610807011250002	-0.016683468	1	1000	A30	C1	10000	1000	0	0.5	300	0
210	-0.00960656054130002	-0.0217569111	0	0.212	0.151	-0.00960656054130002	-0.0217569111	FGr	1000	A30	C1	10000	1000	0	0.5	300	0
211	-0.00456830381049999	-0.01196832155	0	0.593	0.397	-0.00456830381049999	-0.01196832155	NoCorrection	1000	A30	C1	10000	1000	0	0.5	300	0
212	-0.00578089326875499	-0.0154444486	0	0.475	0.28	-0.00578089326875499	-0.0154444486	ID	1000	A30	C1	10000	1000	0	0.5	300	0
213	6.28887295000042e-05	-0.00447370760000002	0	0.998	0.739	6.28887295000042e-05	-0.00447370760000002	1	1000	A30	C1	10000	1000	0	0.5	300	0.01
214	0.000632567613950002	-0.00276033890000003	0	0.948	0.856	0.000632567613950002	-0.00276033890000003	FGr	1000	A30	C1	10000	1000	0	0.5	300	0.01
215	0.000633241391499999	-0.00145394569999999	0	0.946	0.909	0.000633241391499999	-0.00145394569999999	NoCorrection	1000	A30	C1	10000	1000	0	0.5	300	0.01
216	0.00158899228930001	-0.000616672200000027	0	0.868	0.959	0.00158899228930001	-0.000616672200000027	ID	1000	A30	C1	10000	1000	0	0.5	300	0.01
217	-0.00584619152150001	-0.00989215524999997	0	0.494	0.506	-0.00584619152150001	-0.00989215524999997	1	1000	A30	C1	10000	1000	0	0.5	300	0.03
218	0.00541825987271498	0.02478450665	0	0.569	0.112	0.00541825987271498	0.02478450665	FGr	1000	A30	C1	10000	1000	0	0.5	300	0.03
219	0.00956636285180003	0.03813256575	0	0.295	0.009	0.00956636285180003	0.03813256575	NoCorrection	1000	A30	C1	10000	1000	0	0.5	300	0.03
220	-0.0029948935956	0.00120540314999999	0	0.759	0.917	-0.0029948935956	0.00120540314999999	ID	1000	A30	C1	10000	1000	0	0.5	300	0.03
221	-0.00332930877830001	0.0166119824000001	0	0.698	0.218	-0.00332930877830001	0.0166119824000001	1	1000	A30	C1	10000	1000	0	0.5	300	0.1
222	0.00291649203800001	0.0339096265000001	0	0.724	0.015	0.00291649203800001	0.0339096265000001	FGr	1000	A30	C1	10000	1000	0	0.5	300	0.1
223	0.026712013927	0.11276931785	0	0.004	0	0.026712013927	0.11276931785	NoCorrection	1000	A30	C1	10000	1000	0	0.5	300	0.1
224	-0.0044101151866	0.0139539474	0	0.595	0.305	-0.0044101151866	0.0139539474	ID	1000	A30	C1	10000	1000	0	0.5	300	0.1
225	-0.00392312922510002	-0.02920940065	0	0.581	0.172	-0.00392312922510002	-0.02920940065	1	10000	A30	C1	10000	1000	0	0.5	300	0
226	-0.00196605679779998	-0.0209454678	0	0.805	0.354	-0.00196605679779998	-0.0209454678	FGr	10000	A30	C1	10000	1000	0	0.5	300	0
227	-0.00478055677630003	-0.0300975561	0	0.513	0.151	-0.00478055677630003	-0.0300975561	NoCorrection	10000	A30	C1	10000	1000	0	0.5	300	0
228	-0.00341624790409998	-0.02693900155	0	0.652	0.18	-0.00341624790409998	-0.02693900155	ID	10000	A30	C1	10000	1000	0	0.5	300	0
229	0.00906337113869152	-0.00387043245000005	0	0.247	0.866	0.00906337113869152	-0.00387043245000005	1	10000	A30	C1	10000	1000	0	0.5	300	0.01
230	0.00998813504685002	0.00393937254999999	0	0.194	0.879	0.00998813504685002	0.00393937254999999	FGr	10000	A30	C1	10000	1000	0	0.5	300	0.01
231	0.0213185908804	0.0673103045999999	0	0.007	0.003	0.0213185908804	0.0673103045999999	NoCorrection	10000	A30	C1	10000	1000	0	0.5	300	0.01
232	0.00944863323705003	0.00179455495000001	0	0.207	0.948	0.00944863323705003	0.00179455495000001	ID	10000	A30	C1	10000	1000	0	0.5	300	0.01
233	-0.0111945423033	0.0153354402499999	0	0.187	0.473	-0.0111945423033	0.0153354402499999	1	10000	A30	C1	10000	1000	0	0.5	300	0.03
234	-0.00800063148814997	0.0291115576500001	0	0.346	0.169	-0.00800063148814997	0.0291115576500001	FGr	10000	A30	C1	10000	1000	0	0.5	300	0.03
235	0.00601566226500002	0.118136991	0	0.432	0	0.00601566226500002	0.118136991	NoCorrection	10000	A30	C1	10000	1000	0	0.5	300	0.03
236	-0.0107391850487	0.01894787265	0	0.193	0.385	-0.0107391850487	0.01894787265	ID	10000	A30	C1	10000	1000	0	0.5	300	0.03
237	0.00734068126400003	0.00569215250000018	0	0.375	0.791	0.00734068126400003	0.00569215250000018	1	10000	A30	C1	10000	1000	0	0.5	300	0.1
238	0.00816606702815008	0.01087962435	0	0.38	0.634	0.00816606702815008	0.01087962435	FGr	10000	A30	C1	10000	1000	0	0.5	300	0.1
239	0.03614400415445	0.14605438235	0	0	0	0.03614400415445	0.14605438235	NoCorrection	10000	A30	C1	10000	1000	0	0.5	300	0.1
240	0.00794581138364999	0.0131471106999999	0	0.344	0.525	0.00794581138364999	0.0131471106999999	ID	10000	A30	C1	10000	1000	0	0.5	300	0.1
241	0.00456315592550002	0.00456315592550005	0	0.66	0.634	0.00456315592550002	0.00456315592550005	1	300	A30	C1	10000	10000	0	0.5	300	0
242	0.00285184231055014	0.00285184231055015	0	0.794	0.77	0.00285184231055014	0.00285184231055015	FGr	300	A30	C1	10000	10000	0	0.5	300	0
243	0.00618996447883764	0.00618996447883766	0	0.514	0.523	0.00618996447883764	0.00618996447883766	NoCorrection	300	A30	C1	10000	10000	0	0.5	300	0
244	-0.00195524563746744	-0.00195524563746745	0	0.846	0.844	-0.00195524563746744	-0.00195524563746745	ID	300	A30	C1	10000	10000	0	0.5	300	0
245	-0.00420951241579933	-0.00420951241579927	0	0.615	0.602	-0.00420951241579933	-0.00420951241579927	1	300	A30	C1	10000	10000	0	0.5	300	0.01
246	-0.0106397796390153	-0.0106397796390154	0	0.181	0.197	-0.0106397796390153	-0.0106397796390154	FGr	300	A30	C1	10000	10000	0	0.5	300	0.01
247	-0.00883730729510003	-0.00883730729510005	0	0.256	0.275	-0.00883730729510003	-0.00883730729510005	NoCorrection	300	A30	C1	10000	10000	0	0.5	300	0.01
248	-0.00958747948462979	-0.00958747948462979	0	0.227	0.241	-0.00958747948462979	-0.00958747948462979	ID	300	A30	C1	10000	10000	0	0.5	300	0.01
249	0.000364262015415014	0.000364262015414985	0	0.962	0.955	0.000364262015415014	0.000364262015414985	1	300	A30	C1	10000	10000	0	0.5	300	0.03
250	0.00876955243121507	0.00876955243121507	0	0.32	0.306	0.00876955243121507	0.00876955243121507	FGr	300	A30	C1	10000	10000	0	0.5	300	0.03
251	0.01274765059458	0.01274765059458	0	0.139	0.14	0.01274765059458	0.01274765059458	NoCorrection	300	A30	C1	10000	10000	0	0.5	300	0.03
252	0.00184342511585008	0.00184342511585009	0	0.807	0.811	0.00184342511585008	0.00184342511585009	ID	300	A30	C1	10000	10000	0	0.5	300	0.03
253	-0.0105201859854599	-0.0105201859854599	0	0.253	0.248	-0.0105201859854599	-0.0105201859854599	1	300	A30	C1	10000	10000	0	0.5	300	0.1
254	0.01766239849205	0.01766239849205	0	0.051	0.055	0.01766239849205	0.01766239849205	FGr	300	A30	C1	10000	10000	0	0.5	300	0.1
255	0.0369722929497915	0.0369722929497915	0	0	0.001	0.0369722929497915	0.0369722929497915	NoCorrection	300	A30	C1	10000	10000	0	0.5	300	0.1
256	-0.00334346523783501	-0.003343465237835	0	0.708	0.702	-0.00334346523783501	-0.003343465237835	ID	300	A30	C1	10000	10000	0	0.5	300	0.1
257	0.00134859230405009	0.03167419728	0	0.882	0.04	0.00134859230405009	0.03167419728	1	1000	A30	C1	10000	10000	0	0.5	300	0
258	0.00667109953372983	0.03969719428	0	0.477	0.01	0.00667109953372983	0.03969719428	FGr	1000	A30	C1	10000	10000	0	0.5	300	0
259	0.00974735230630006	0.044972837045	0	0.329	0.002	0.00974735230630006	0.044972837045	NoCorrection	1000	A30	C1	10000	10000	0	0.5	300	0
260	0.00451263170207489	0.0357092930950001	0	0.648	0.013	0.00451263170207489	0.0357092930950001	ID	1000	A30	C1	10000	10000	0	0.5	300	0
261	0.00048606417403	0.00746954755500003	0	0.97	0.634	0.00048606417403	0.00746954755500003	1	1000	A30	C1	10000	10000	0	0.5	300	0.01
262	0.0103447555592799	0.0369767783649999	0	0.268	0.02	0.0103447555592799	0.0369767783649999	FGr	1000	A30	C1	10000	10000	0	0.5	300	0.01
263	0.01431919838379	0.0472023734000002	0	0.141	0.002	0.01431919838379	0.0472023734000002	NoCorrection	1000	A30	C1	10000	10000	0	0.5	300	0.01
264	0.00445901615973495	0.0180613717949999	0	0.632	0.274	0.00445901615973495	0.0180613717949999	ID	1000	A30	C1	10000	10000	0	0.5	300	0.01
265	-0.000863286926974984	0.00144001785500003	0	0.928	0.927	-0.000863286926974984	0.00144001785500003	1	1000	A30	C1	10000	10000	0	0.5	300	0.03
266	0.00837322033614997	0.02442238482	0	0.301	0.103	0.00837322033614997	0.02442238482	FGr	1000	A30	C1	10000	10000	0	0.5	300	0.03
267	0.00952171313894993	0.026553678735	0	0.239	0.078	0.00952171313894993	0.026553678735	NoCorrection	1000	A30	C1	10000	10000	0	0.5	300	0.03
268	0.00102948914392986	0.00713250635500003	0	0.883	0.619	0.00102948914392986	0.00713250635500003	ID	1000	A30	C1	10000	10000	0	0.5	300	0.03
269	-0.000890118846549987	0.00695501458	0	0.94	0.659	-0.000890118846549987	0.00695501458	1	1000	A30	C1	10000	10000	0	0.5	300	0.1
270	0.00471306231690002	0.0277274030749998	0	0.585	0.06	0.00471306231690002	0.0277274030749998	FGr	1000	A30	C1	10000	10000	0	0.5	300	0.1
271	0.03242656773807	0.0973518098300005	0	0	0	0.03242656773807	0.0973518098300005	NoCorrection	1000	A30	C1	10000	10000	0	0.5	300	0.1
272	-0.00455850410228406	-0.00179671935500001	0	0.632	0.902	-0.00455850410228406	-0.00179671935500001	ID	1000	A30	C1	10000	10000	0	0.5	300	0.1
273	0.00660818869457002	0.031218415905	0	0.42	0.152	0.00660818869457002	0.031218415905	1	10000	A30	C1	10000	10000	0	0.5	300	0
274	0.00586646733182001	0.02812915206	0	0.489	0.188	0.00586646733182001	0.02812915206	FGr	10000	A30	C1	10000	10000	0	0.5	300	0
275	0.011713388225505	0.049499949555	0	0.179	0.016	0.011713388225505	0.049499949555	NoCorrection	10000	A30	C1	10000	10000	0	0.5	300	0
276	0.00542572484787999	0.0257454158650001	0	0.551	0.254	0.00542572484787999	0.0257454158650001	ID	10000	A30	C1	10000	10000	0	0.5	300	0
277	-0.00729253814034998	-0.0028328229300001	0	0.414	0.895	-0.00729253814034998	-0.0028328229300001	1	10000	A30	C1	10000	10000	0	0.5	300	0.01
278	-0.00717678893734997	0.00011619417500007	0	0.469	0.996	-0.00717678893734997	0.00011619417500007	FGr	10000	A30	C1	10000	10000	0	0.5	300	0.01
279	0.01390624527625	0.0972777046200007	0	0.125	0	0.01390624527625	0.0972777046200007	NoCorrection	10000	A30	C1	10000	10000	0	0.5	300	0.01
280	-0.00631032689822001	0.00349132875000044	0	0.513	0.857	-0.00631032689822001	0.00349132875000044	ID	10000	A30	C1	10000	10000	0	0.5	300	0.01
281	-0.00189963804970499	0.031745330775	0	0.832	0.12	-0.00189963804970499	0.031745330775	1	10000	A30	C1	10000	10000	0	0.5	300	0.03
282	-0.00240547732695	0.0285162986599998	0	0.766	0.176	-0.00240547732695	0.0285162986599998	FGr	10000	A30	C1	10000	10000	0	0.5	300	0.03
283	0.0199533122685	0.14363666677	0	0.034	0	0.0199533122685	0.14363666677	NoCorrection	10000	A30	C1	10000	10000	0	0.5	300	0.03
284	-0.00220308763150007	0.0281250056499999	0	0.785	0.176	-0.00220308763150007	0.0281250056499999	ID	10000	A30	C1	10000	10000	0	0.5	300	0.03
285	-0.00328622360005001	0.00553203897	0	0.725	0.802	-0.00328622360005001	0.00553203897	1	10000	A30	C1	10000	10000	0	0.5	300	0.1
286	-0.000554747987390003	0.023026648075	0	0.952	0.273	-0.000554747987390003	0.023026648075	FGr	10000	A30	C1	10000	10000	0	0.5	300	0.1
287	0.0518396268429749	0.24296507265	0	0	0	0.0518396268429749	0.24296507265	NoCorrection	10000	A30	C1	10000	10000	0	0.5	300	0.1
288	-0.00319771654317201	0.00899511806999998	0	0.716	0.661	-0.00319771654317201	0.00899511806999998	ID	10000	A30	C1	10000	10000	0	0.5	300	0.1
289	0.01224506284	0.01224506284	0	0.736	0.736	0.01224506284	0.01224506284	1	300	A30	C2	1000	100	0	0.5	300	0
290	0.010371621542	0.010371621542	0	0.776	0.775	0.010371621542	0.010371621542	FGr	300	A30	C2	1000	100	0	0.5	300	0
291	0.010360356299	0.010360356299	0	0.757	0.775	0.010360356299	0.010360356299	NoCorrection	300	A30	C2	1000	100	0	0.5	300	0
292	0.00953198765799997	0.00953198765800004	0	0.777	0.794	0.00953198765799997	0.00953198765800004	ID	300	A30	C2	1000	100	0	0.5	300	0
293	0.0592301320035	0.0592301320035	0	0.163	0.167	0.0592301320035	0.0592301320035	1	300	A30	C2	1000	100	0	0.5	300	0.01
294	0.055595044945	0.055595044945	0	0.185	0.176	0.055595044945	0.055595044945	FGr	300	A30	C2	1000	100	0	0.5	300	0.01
295	0.055449226448	0.055449226448	0	0.182	0.177	0.055449226448	0.055449226448	NoCorrection	300	A30	C2	1000	100	0	0.5	300	0.01
296	0.05258356406	0.05258356406	0	0.206	0.231	0.05258356406	0.05258356406	ID	300	A30	C2	1000	100	0	0.5	300	0.01
297	0.01982642626	0.01982642626	0	0.577	0.595	0.01982642626	0.01982642626	1	300	A30	C2	1000	100	0	0.5	300	0.03
298	0.0284688088835	0.0284688088835	0	0.46	0.449	0.0284688088835	0.0284688088835	FGr	300	A30	C2	1000	100	0	0.5	300	0.03
299	0.02832856393	0.02832856393	0	0.484	0.46	0.02832856393	0.02832856393	NoCorrection	300	A30	C2	1000	100	0	0.5	300	0.03
300	0.0260830610265	0.0260830610265	0	0.482	0.468	0.0260830610265	0.0260830610265	ID	300	A30	C2	1000	100	0	0.5	300	0.03
301	0.02941814048	0.0294181404799999	0	0.478	0.423	0.02941814048	0.0294181404799999	1	300	A30	C2	1000	100	0	0.5	300	0.1
302	0.0331074401199999	0.0331074401199999	0	0.388	0.388	0.0331074401199999	0.0331074401199999	FGr	300	A30	C2	1000	100	0	0.5	300	0.1
303	0.0329432986799999	0.0329432986799999	0	0.429	0.354	0.0329432986799999	0.0329432986799999	NoCorrection	300	A30	C2	1000	100	0	0.5	300	0.1
304	0.0274637243	0.0274637243000001	0	0.449	0.497	0.0274637243	0.0274637243000001	ID	300	A30	C2	1000	100	0	0.5	300	0.1
305	0.026365630165	0.082611802	0	0.496	0.157	0.026365630165	0.082611802	1	1000	A30	C2	1000	100	0	0.5	300	0
306	0.02625196048	0.091526479	0	0.471	0.099	0.02625196048	0.091526479	FGr	1000	A30	C2	1000	100	0	0.5	300	0
307	0.0262438733905	0.089411552	0	0.458	0.125	0.0262438733905	0.089411552	NoCorrection	1000	A30	C2	1000	100	0	0.5	300	0
308	0.02623808904	0.086838114	0	0.468	0.133	0.02623808904	0.086838114	ID	1000	A30	C2	1000	100	0	0.5	300	0
309	-0.00347563037499998	-0.0183527785	0	0.912	0.701	-0.00347563037499998	-0.0183527785	1	1000	A30	C2	1000	100	0	0.5	300	0.01
310	-0.00342460346250003	-0.028544454	0	0.924	0.593	-0.00342460346250003	-0.028544454	FGr	1000	A30	C2	1000	100	0	0.5	300	0.01
311	-0.00364174930499998	-0.0242911165	0	0.918	0.623	-0.00364174930499998	-0.0242911165	NoCorrection	1000	A30	C2	1000	100	0	0.5	300	0.01
312	-0.0035213248	-0.0245014155	0	0.914	0.636	-0.0035213248	-0.0245014155	ID	1000	A30	C2	1000	100	0	0.5	300	0.01
313	-0.035163015555	-0.0642505010000001	0	0.317	0.241	-0.035163015555	-0.0642505010000001	1	1000	A30	C2	1000	100	0	0.5	300	0.03
314	-0.035018957885	-0.064971214	0	0.289	0.244	-0.035018957885	-0.064971214	FGr	1000	A30	C2	1000	100	0	0.5	300	0.03
315	-0.03507855657	-0.0645147065	0	0.301	0.262	-0.03507855657	-0.0645147065	NoCorrection	1000	A30	C2	1000	100	0	0.5	300	0.03
316	-0.03524807772	-0.0618297535	0	0.3	0.309	-0.03524807772	-0.0618297535	ID	1000	A30	C2	1000	100	0	0.5	300	0.03
317	0.0282632448	0.026652755	0	0.386	0.601	0.0282632448	0.026652755	1	1000	A30	C2	1000	100	0	0.5	300	0.1
318	0.02832460521	0.027145839	0	0.374	0.623	0.02832460521	0.027145839	FGr	1000	A30	C2	1000	100	0	0.5	300	0.1
319	0.028181876255	0.023633739	0	0.421	0.702	0.028181876255	0.023633739	NoCorrection	1000	A30	C2	1000	100	0	0.5	300	0.1
320	0.02825350118	0.017745864	0	0.379	0.752	0.02825350118	0.017745864	ID	1000	A30	C2	1000	100	0	0.5	300	0.1
321	-0.00449942629	0.102897091	0	0.911	0.263	-0.00449942629	0.102897091	1	10000	A30	C2	1000	100	0	0.5	300	0
322	-0.00624742944	0.101350045	0	0.827	0.291	-0.00624742944	0.101350045	FGr	10000	A30	C2	1000	100	0	0.5	300	0
323	-0.00604263555499999	0.1105397785	0	0.862	0.221	-0.00604263555499999	0.1105397785	NoCorrection	10000	A30	C2	1000	100	0	0.5	300	0
324	-0.00365241610315	0.098438064	0	0.911	0.274	-0.00365241610315	0.098438064	ID	10000	A30	C2	1000	100	0	0.5	300	0
325	0.00771447476499999	-0.0100743469999999	0	0.833	0.906	0.00771447476499999	-0.0100743469999999	1	10000	A30	C2	1000	100	0	0.5	300	0.01
326	0.0090353079	-0.00616368300000004	0	0.78	0.952	0.0090353079	-0.00616368300000004	FGr	10000	A30	C2	1000	100	0	0.5	300	0.01
327	0.00883663843499997	-0.0235183314999999	0	0.791	0.788	0.00883663843499997	-0.0235183314999999	NoCorrection	10000	A30	C2	1000	100	0	0.5	300	0.01
328	0.00755804061500001	-0.013003814	0	0.814	0.899	0.00755804061500001	-0.013003814	ID	10000	A30	C2	1000	100	0	0.5	300	0.01
329	0.05230135843	0.00182289650000001	0	0.145	0.983	0.05230135843	0.00182289650000001	1	10000	A30	C2	1000	100	0	0.5	300	0.03
330	0.054330197485	0.00128374949999995	0	0.115	0.986	0.054330197485	0.00128374949999995	FGr	10000	A30	C2	1000	100	0	0.5	300	0.03
331	0.054169945965	0.00108173799999999	0	0.107	0.99	0.054169945965	0.00108173799999999	NoCorrection	10000	A30	C2	1000	100	0	0.5	300	0.03
332	0.05176687261	-0.00239788949999995	0	0.124	0.979	0.05176687261	-0.00239788949999995	ID	10000	A30	C2	1000	100	0	0.5	300	0.03
333	-0.048083408105	0.02122983	0	0.139	0.807	-0.048083408105	0.02122983	1	10000	A30	C2	1000	100	0	0.5	300	0.1
334	-0.036100671955	0.066346175	0	0.276	0.51	-0.036100671955	0.066346175	FGr	10000	A30	C2	1000	100	0	0.5	300	0.1
335	-0.03572132475	0.05571576	0	0.288	0.58	-0.03572132475	0.05571576	NoCorrection	10000	A30	C2	1000	100	0	0.5	300	0.1
336	-0.0471105539276	0.0105581135	0	0.161	0.914	-0.0471105539276	0.0105581135	ID	10000	A30	C2	1000	100	0	0.5	300	0.1
337	0.0227962921309998	0.0227962921309998	0	0.308	0.294	0.0227962921309998	0.0227962921309998	1	300	A30	C2	1000	1000	0	0.5	300	0
338	0.0243716399993002	0.0243716399993002	0	0.279	0.263	0.0243716399993002	0.0243716399993002	FGr	300	A30	C2	1000	1000	0	0.5	300	0
339	0.0239761791319651	0.0239761791319651	0	0.297	0.296	0.0239761791319651	0.0239761791319651	NoCorrection	300	A30	C2	1000	1000	0	0.5	300	0
340	0.023968252664	0.023968252664	0	0.273	0.285	0.023968252664	0.023968252664	ID	300	A30	C2	1000	1000	0	0.5	300	0
341	-0.00752200975299998	-0.00752200975299996	0	0.765	0.773	-0.00752200975299998	-0.00752200975299996	1	300	A30	C2	1000	1000	0	0.5	300	0.01
342	-0.00648039241350003	-0.0064803924135	0	0.789	0.805	-0.00648039241350003	-0.0064803924135	FGr	300	A30	C2	1000	1000	0	0.5	300	0.01
343	-0.00668912726000007	-0.00668912726000009	0	0.815	0.799	-0.00668912726000007	-0.00668912726000009	NoCorrection	300	A30	C2	1000	1000	0	0.5	300	0.01
344	-0.00804726463350001	-0.00804726463350004	0	0.728	0.759	-0.00804726463350001	-0.00804726463350004	ID	300	A30	C2	1000	1000	0	0.5	300	0.01
345	-0.0357251925540001	-0.0357251925540001	0	0.14	0.134	-0.0357251925540001	-0.0357251925540001	1	300	A30	C2	1000	1000	0	0.5	300	0.03
346	-0.03416120279895	-0.03416120279895	0	0.149	0.144	-0.03416120279895	-0.03416120279895	FGr	300	A30	C2	1000	1000	0	0.5	300	0.03
347	-0.0337926532630999	-0.0337926532630999	0	0.166	0.174	-0.0337926532630999	-0.0337926532630999	NoCorrection	300	A30	C2	1000	1000	0	0.5	300	0.03
348	-0.0371023962188951	-0.0371023962188951	0	0.112	0.101	-0.0371023962188951	-0.0371023962188951	ID	300	A30	C2	1000	1000	0	0.5	300	0.03
349	-0.00763665078414998	-0.00763665078414996	0	0.719	0.723	-0.00763665078414998	-0.00763665078414996	1	300	A30	C2	1000	1000	0	0.5	300	0.1
350	-0.00620679182415002	-0.00620679182415001	0	0.798	0.783	-0.00620679182415002	-0.00620679182415001	FGr	300	A30	C2	1000	1000	0	0.5	300	0.1
351	-0.00568415163514997	-0.00568415163514995	0	0.77	0.782	-0.00568415163514997	-0.00568415163514995	NoCorrection	300	A30	C2	1000	1000	0	0.5	300	0.1
352	-0.00845905209649998	-0.00845905209649999	0	0.693	0.673	-0.00845905209649998	-0.00845905209649999	ID	300	A30	C2	1000	1000	0	0.5	300	0.1
353	-0.0296463236765	-0.0385199853	0	0.207	0.253	-0.0296463236765	-0.0385199853	1	1000	A30	C2	1000	1000	0	0.5	300	0
354	-0.0287682678472	-0.0327844491	0	0.23	0.347	-0.0287682678472	-0.0327844491	FGr	1000	A30	C2	1000	1000	0	0.5	300	0
355	-0.0287508229065	-0.0268409644	0	0.231	0.412	-0.0287508229065	-0.0268409644	NoCorrection	1000	A30	C2	1000	1000	0	0.5	300	0
356	-0.0291062809615	-0.04073658275	0	0.235	0.213	-0.0291062809615	-0.04073658275	ID	1000	A30	C2	1000	1000	0	0.5	300	0
357	-0.00760257964000001	0.00931994114999986	0	0.744	0.785	-0.00760257964000001	0.00931994114999986	1	1000	A30	C2	1000	1000	0	0.5	300	0.01
358	-0.007237598726	0.00740648184999991	0	0.775	0.821	-0.007237598726	0.00740648184999991	FGr	1000	A30	C2	1000	1000	0	0.5	300	0.01
359	-0.007211646232	0.00575897034999995	0	0.768	0.856	-0.007211646232	0.00575897034999995	NoCorrection	1000	A30	C2	1000	1000	0	0.5	300	0.01
360	-0.00698662219040001	0.00420131360000013	0	0.77	0.908	-0.00698662219040001	0.00420131360000013	ID	1000	A30	C2	1000	1000	0	0.5	300	0.01
361	0.0376390537903001	-0.00958315300000005	0	0.065	0.792	0.0376390537903001	-0.00958315300000005	1	1000	A30	C2	1000	1000	0	0.5	300	0.03
362	0.038860633187	0.00446703014999968	0	0.062	0.88	0.038860633187	0.00446703014999968	FGr	1000	A30	C2	1000	1000	0	0.5	300	0.03
363	0.0388988138759998	0.00257080705000005	0	0.049	0.947	0.0388988138759998	0.00257080705000005	NoCorrection	1000	A30	C2	1000	1000	0	0.5	300	0.03
364	0.0389215803710001	0.000400574000000095	0	0.054	0.986	0.0389215803710001	0.000400574000000095	ID	1000	A30	C2	1000	1000	0	0.5	300	0.03
365	0.00651593527749997	-0.0256955197000002	0	0.736	0.432	0.00651593527749997	-0.0256955197000002	1	1000	A30	C2	1000	1000	0	0.5	300	0.1
366	0.00573643164986496	-0.00988126519999977	0	0.783	0.77	0.00573643164986496	-0.00988126519999977	FGr	1000	A30	C2	1000	1000	0	0.5	300	0.1
367	0.00573435795599997	-0.0197789271499998	0	0.776	0.551	0.00573435795599997	-0.0197789271499998	NoCorrection	1000	A30	C2	1000	1000	0	0.5	300	0.1
368	0.00691753828649995	-0.0270526381999998	0	0.757	0.424	0.00691753828649995	-0.0270526381999998	ID	1000	A30	C2	1000	1000	0	0.5	300	0.1
369	-0.0014883409228	-0.0269436568999997	0	0.946	0.591	-0.0014883409228	-0.0269436568999997	1	10000	A30	C2	1000	1000	0	0.5	300	0
370	-0.000854014779000006	-0.0258705566499997	0	0.951	0.606	-0.000854014779000006	-0.0258705566499997	FGr	10000	A30	C2	1000	1000	0	0.5	300	0
371	-0.00129263165850001	-0.0288896946999999	0	0.946	0.546	-0.00129263165850001	-0.0288896946999999	NoCorrection	10000	A30	C2	1000	1000	0	0.5	300	0
372	-0.00151553677550001	-0.0168360584499999	0	0.934	0.738	-0.00151553677550001	-0.0168360584499999	ID	10000	A30	C2	1000	1000	0	0.5	300	0
373	0.017925850107	0.0270626285499999	0	0.368	0.617	0.017925850107	0.0270626285499999	1	10000	A30	C2	1000	1000	0	0.5	300	0.01
374	0.0177219620005001	0.0177217041000006	0	0.388	0.753	0.0177219620005001	0.0177217041000006	FGr	10000	A30	C2	1000	1000	0	0.5	300	0.01
375	0.017952021034	0.0166518426499999	0	0.371	0.772	0.017952021034	0.0166518426499999	NoCorrection	10000	A30	C2	1000	1000	0	0.5	300	0.01
376	0.017955094508	0.0254210397500001	0	0.352	0.635	0.017955094508	0.0254210397500001	ID	10000	A30	C2	1000	1000	0	0.5	300	0.01
377	-0.022288563194	-0.0643255036000001	0	0.204	0.211	-0.022288563194	-0.0643255036000001	1	10000	A30	C2	1000	1000	0	0.5	300	0.03
378	-0.021954852842	-0.0641119402000001	0	0.189	0.172	-0.021954852842	-0.0641119402000001	FGr	10000	A30	C2	1000	1000	0	0.5	300	0.03
379	-0.0222631939934999	-0.0679986640999998	0	0.175	0.169	-0.0222631939934999	-0.0679986640999998	NoCorrection	10000	A30	C2	1000	1000	0	0.5	300	0.03
380	-0.0222904091025	-0.0596506516499998	0	0.178	0.223	-0.0222904091025	-0.0596506516499998	ID	10000	A30	C2	1000	1000	0	0.5	300	0.03
381	-0.00211896563249999	0.0585759631000001	0	0.873	0.234	-0.00211896563249999	0.0585759631000001	1	10000	A30	C2	1000	1000	0	0.5	300	0.1
382	-0.00262101756799987	0.0467089233500001	0	0.879	0.33	-0.00262101756799987	0.0467089233500001	FGr	10000	A30	C2	1000	1000	0	0.5	300	0.1
383	-0.00206010777400007	0.05454817355	0	0.898	0.268	-0.00206010777400007	0.05454817355	NoCorrection	10000	A30	C2	1000	1000	0	0.5	300	0.1
384	-0.00212521908749987	0.0619425302999999	0	0.885	0.192	-0.00212521908749987	0.0619425302999999	ID	10000	A30	C2	1000	1000	0	0.5	300	0.1
385	-0.0258536557408599	-0.0258536557408599	0	0.141	0.132	-0.0258536557408599	-0.0258536557408599	1	300	A30	C2	1000	10000	0	0.5	300	0
386	-0.0274272533124995	-0.0274272533124995	0	0.106	0.116	-0.0274272533124995	-0.0274272533124995	FGr	300	A30	C2	1000	10000	0	0.5	300	0
387	-0.0266141472209998	-0.0266141472209998	0	0.122	0.114	-0.0266141472209998	-0.0266141472209998	NoCorrection	300	A30	C2	1000	10000	0	0.5	300	0
388	-0.0261979995904996	-0.0261979995904996	0	0.123	0.115	-0.0261979995904996	-0.0261979995904996	ID	300	A30	C2	1000	10000	0	0.5	300	0
389	-0.00787776217016016	-0.00787776217016014	0	0.681	0.679	-0.00787776217016016	-0.00787776217016014	1	300	A30	C2	1000	10000	0	0.5	300	0.01
390	-0.00751613111021004	-0.00751613111021005	0	0.683	0.695	-0.00751613111021004	-0.00751613111021005	FGr	300	A30	C2	1000	10000	0	0.5	300	0.01
391	-0.00657177890330007	-0.00657177890330008	0	0.743	0.739	-0.00657177890330007	-0.00657177890330008	NoCorrection	300	A30	C2	1000	10000	0	0.5	300	0.01
392	-0.00746420940094997	-0.00746420940094998	0	0.732	0.741	-0.00746420940094997	-0.00746420940094998	ID	300	A30	C2	1000	10000	0	0.5	300	0.01
393	-0.0303162971622005	-0.0303162971622005	0	0.121	0.123	-0.0303162971622005	-0.0303162971622005	1	300	A30	C2	1000	10000	0	0.5	300	0.03
394	-0.0267495257440998	-0.0267495257440998	0	0.19	0.155	-0.0267495257440998	-0.0267495257440998	FGr	300	A30	C2	1000	10000	0	0.5	300	0.03
395	-0.0267586816079501	-0.0267586816079501	0	0.179	0.151	-0.0267586816079501	-0.0267586816079501	NoCorrection	300	A30	C2	1000	10000	0	0.5	300	0.03
396	-0.02736283130595	-0.0273628313059499	0	0.156	0.149	-0.02736283130595	-0.0273628313059499	ID	300	A30	C2	1000	10000	0	0.5	300	0.03
397	0.0048960439006	0.00489604390060001	0	0.769	0.781	0.0048960439006	0.00489604390060001	1	300	A30	C2	1000	10000	0	0.5	300	0.1
398	0.00609438522209997	0.00609438522209997	0	0.709	0.709	0.00609438522209997	0.00609438522209997	FGr	300	A30	C2	1000	10000	0	0.5	300	0.1
399	0.0061301922079	0.0061301922079	0	0.749	0.717	0.0061301922079	0.0061301922079	NoCorrection	300	A30	C2	1000	10000	0	0.5	300	0.1
400	0.00328620288705002	0.00328620288705002	0	0.866	0.868	0.00328620288705002	0.00328620288705002	ID	300	A30	C2	1000	10000	0	0.5	300	0.1
401	-0.0358099762334	-0.002765633725	0	0.038	0.919	-0.0358099762334	-0.002765633725	1	1000	A30	C2	1000	10000	0	0.5	300	0
402	-0.03500423331565	0.00278592251999999	0	0.045	0.951	-0.03500423331565	0.00278592251999999	FGr	1000	A30	C2	1000	10000	0	0.5	300	0
403	-0.0358386496878903	-0.00109557298500003	0	0.038	0.97	-0.0358386496878903	-0.00109557298500003	NoCorrection	1000	A30	C2	1000	10000	0	0.5	300	0
404	-0.0359513537212503	0.0087256955	0	0.044	0.759	-0.0359513537212503	0.0087256955	ID	1000	A30	C2	1000	10000	0	0.5	300	0
405	-0.00607007622749461	-0.0139982742049995	0	0.725	0.674	-0.00607007622749461	-0.0139982742049995	1	1000	A30	C2	1000	10000	0	0.5	300	0.01
406	-0.00714222774339975	-0.0176447923250022	0	0.706	0.628	-0.00714222774339975	-0.0176447923250022	FGr	1000	A30	C2	1000	10000	0	0.5	300	0.01
407	-0.00630187501430013	-0.0157377954849995	0	0.715	0.641	-0.00630187501430013	-0.0157377954849995	NoCorrection	1000	A30	C2	1000	10000	0	0.5	300	0.01
408	-0.00626128277945959	-0.0135700285049994	0	0.713	0.639	-0.00626128277945959	-0.0135700285049994	ID	1000	A30	C2	1000	10000	0	0.5	300	0.01
409	-0.02328438517175	-0.04053718446	0	0.182	0.145	-0.02328438517175	-0.04053718446	1	1000	A30	C2	1000	10000	0	0.5	300	0.03
410	-0.02285599886204	-0.0410193540699999	0	0.177	0.138	-0.02285599886204	-0.0410193540699999	FGr	1000	A30	C2	1000	10000	0	0.5	300	0.03
411	-0.0231677841367899	-0.04069820266	0	0.148	0.143	-0.0231677841367899	-0.04069820266	NoCorrection	1000	A30	C2	1000	10000	0	0.5	300	0.03
412	-0.0234706731052049	-0.0372510594649996	0	0.172	0.188	-0.0234706731052049	-0.0372510594649996	ID	1000	A30	C2	1000	10000	0	0.5	300	0.03
413	-0.0307734290040856	0.011050085144999	0	0.097	0.741	-0.0307734290040856	0.011050085144999	1	1000	A30	C2	1000	10000	0	0.5	300	0.1
414	-0.0309524290942504	0.0206930219599999	0	0.113	0.499	-0.0309524290942504	0.0206930219599999	FGr	1000	A30	C2	1000	10000	0	0.5	300	0.1
415	-0.0307184507225001	0.0237227502400005	0	0.111	0.43	-0.0307184507225001	0.0237227502400005	NoCorrection	1000	A30	C2	1000	10000	0	0.5	300	0.1
416	-0.0307927601095997	0.0161221347100001	0	0.12	0.616	-0.0307927601095997	0.0161221347100001	ID	1000	A30	C2	1000	10000	0	0.5	300	0.1
417	-0.0212672399252901	-0.0897178085000002	0	0.331	0.089	-0.0212672399252901	-0.0897178085000002	1	10000	A30	C2	1000	10000	0	0.5	300	0
418	-0.0218869753083798	-0.0993750528499996	0	0.316	0.063	-0.0218869753083798	-0.0993750528499996	FGr	10000	A30	C2	1000	10000	0	0.5	300	0
419	-0.0220680756936999	-0.105570285300001	0	0.303	0.037	-0.0220680756936999	-0.105570285300001	NoCorrection	10000	A30	C2	1000	10000	0	0.5	300	0
420	-0.0213071414480748	-0.0992095117000005	0	0.326	0.058	-0.0213071414480748	-0.0992095117000005	ID	10000	A30	C2	1000	10000	0	0.5	300	0
421	0.0330744963890101	0.00936451532500021	0	0.066	0.833	0.0330744963890101	0.00936451532500021	1	10000	A30	C2	1000	10000	0	0.5	300	0.01
422	0.0323674450727002	0.0058021854549997	0	0.081	0.907	0.0323674450727002	0.0058021854549997	FGr	10000	A30	C2	1000	10000	0	0.5	300	0.01
423	0.0331681982698498	0.0143166551500004	0	0.066	0.744	0.0331681982698498	0.0143166551500004	NoCorrection	10000	A30	C2	1000	10000	0	0.5	300	0.01
424	0.03325411996038	0.00785894034499958	0	0.08	0.868	0.03325411996038	0.00785894034499958	ID	10000	A30	C2	1000	10000	0	0.5	300	0.01
425	-0.00738948009449981	-0.0546268680250006	0	0.676	0.28	-0.00738948009449981	-0.0546268680250006	1	10000	A30	C2	1000	10000	0	0.5	300	0.03
426	-0.0117117958388547	-0.0526375090999991	0	0.542	0.283	-0.0117117958388547	-0.0526375090999991	FGr	10000	A30	C2	1000	10000	0	0.5	300	0.03
427	-0.0106851387059501	-0.0391932216799997	0	0.551	0.415	-0.0106851387059501	-0.0391932216799997	NoCorrection	10000	A30	C2	1000	10000	0	0.5	300	0.03
428	-0.00770287639529991	-0.0403538120549998	0	0.652	0.423	-0.00770287639529991	-0.0403538120549998	ID	10000	A30	C2	1000	10000	0	0.5	300	0.03
429	-0.0377986813412499	-0.0443713251500004	0	0.104	0.392	-0.0377986813412499	-0.0443713251500004	1	10000	A30	C2	1000	10000	0	0.5	300	0.1
430	-0.0371739906797001	-0.0336320943249998	0	0.122	0.481	-0.0371739906797001	-0.0336320943249998	FGr	10000	A30	C2	1000	10000	0	0.5	300	0.1
431	-0.03701219733275	-0.0338559029749995	0	0.119	0.465	-0.03701219733275	-0.0338559029749995	NoCorrection	10000	A30	C2	1000	10000	0	0.5	300	0.1
432	-0.0379571458769001	-0.0416585627750004	0	0.117	0.378	-0.0379571458769001	-0.0416585627750004	ID	10000	A30	C2	1000	10000	0	0.5	300	0.1
433	0.00441966341199999	0.004419663412	0	0.681	0.698	0.00441966341199999	0.004419663412	1	300	A30	C2	10000	100	0	0.5	300	0
434	0.00433608427999999	0.00433608428000001	0	0.687	0.688	0.00433608427999999	0.00433608428000001	FGr	300	A30	C2	10000	100	0	0.5	300	0
435	0.00437280685	0.00437280685000001	0	0.687	0.68	0.00437280685	0.00437280685000001	NoCorrection	300	A30	C2	10000	100	0	0.5	300	0
436	0.00440744405500001	0.00440744405500001	0	0.684	0.708	0.00440744405500001	0.00440744405500001	ID	300	A30	C2	10000	100	0	0.5	300	0
437	-0.024067866755	-0.024067866755	0	0.045	0.053	-0.024067866755	-0.024067866755	1	300	A30	C2	10000	100	0	0.5	300	0.01
438	-0.023637081985	-0.023637081985	0	0.061	0.062	-0.023637081985	-0.023637081985	FGr	300	A30	C2	10000	100	0	0.5	300	0.01
439	-0.02373300553	-0.02373300553	0	0.058	0.064	-0.02373300553	-0.02373300553	NoCorrection	300	A30	C2	10000	100	0	0.5	300	0.01
440	-0.0236851717915	-0.0236851717915	0	0.066	0.055	-0.0236851717915	-0.0236851717915	ID	300	A30	C2	10000	100	0	0.5	300	0.01
441	-0.00450454803	-0.00450454803	0	0.716	0.686	-0.00450454803	-0.00450454803	1	300	A30	C2	10000	100	0	0.5	300	0.03
442	-0.00424807379999999	-0.0042480738	0	0.679	0.689	-0.00424807379999999	-0.0042480738	FGr	300	A30	C2	10000	100	0	0.5	300	0.03
443	-0.00429697393519998	-0.00429697393519999	0	0.695	0.711	-0.00429697393519998	-0.00429697393519999	NoCorrection	300	A30	C2	10000	100	0	0.5	300	0.03
444	-0.00415151314599999	-0.004151513146	0	0.696	0.727	-0.00415151314599999	-0.004151513146	ID	300	A30	C2	10000	100	0	0.5	300	0.03
445	-0.015058001519	-0.015058001519	0	0.18	0.185	-0.015058001519	-0.015058001519	1	300	A30	C2	10000	100	0	0.5	300	0.1
446	-0.014551178983	-0.014551178983	0	0.242	0.211	-0.014551178983	-0.014551178983	FGr	300	A30	C2	10000	100	0	0.5	300	0.1
447	-0.0143406425795	-0.0143406425795	0	0.244	0.252	-0.0143406425795	-0.0143406425795	NoCorrection	300	A30	C2	10000	100	0	0.5	300	0.1
448	-0.013934620262	-0.013934620262	0	0.242	0.206	-0.013934620262	-0.013934620262	ID	300	A30	C2	10000	100	0	0.5	300	0.1
449	-0.012787180142	0.00988308700000002	0	0.253	0.556	-0.012787180142	0.00988308700000002	1	1000	A30	C2	10000	100	0	0.5	300	0
450	-0.01294555909	0.00893650550000001	0	0.264	0.637	-0.01294555909	0.00893650550000001	FGr	1000	A30	C2	10000	100	0	0.5	300	0
451	-0.012947761705	0.00913275550000001	0	0.248	0.613	-0.012947761705	0.00913275550000001	NoCorrection	1000	A30	C2	10000	100	0	0.5	300	0
452	-0.01274914338	0.009191874	0	0.235	0.61	-0.01274914338	0.009191874	ID	1000	A30	C2	10000	100	0	0.5	300	0
453	0.00220041649500001	-0.00176201350000001	0	0.819	0.927	0.00220041649500001	-0.00176201350000001	1	1000	A30	C2	10000	100	0	0.5	300	0.01
454	0.00264466531999999	-0.00263380750000001	0	0.782	0.886	0.00264466531999999	-0.00263380750000001	FGr	1000	A30	C2	10000	100	0	0.5	300	0.01
455	0.00256681365100001	-0.00609555099999999	0	0.812	0.728	0.00256681365100001	-0.00609555099999999	NoCorrection	1000	A30	C2	10000	100	0	0.5	300	0.01
456	0.00224254564950001	-0.00320242549999998	0	0.832	0.839	0.00224254564950001	-0.00320242549999998	ID	1000	A30	C2	10000	100	0	0.5	300	0.01
457	0.01344473638	0.0216239195	0	0.252	0.232	0.01344473638	0.0216239195	1	1000	A30	C2	10000	100	0	0.5	300	0.03
458	0.01394342144	0.0193569535	0	0.239	0.303	0.01394342144	0.0193569535	FGr	1000	A30	C2	10000	100	0	0.5	300	0.03
459	0.01395434138	0.020362714	0	0.229	0.279	0.01395434138	0.020362714	NoCorrection	1000	A30	C2	10000	100	0	0.5	300	0.03
460	0.01371635307355	0.0205460895	0	0.249	0.279	0.01371635307355	0.0205460895	ID	1000	A30	C2	10000	100	0	0.5	300	0.03
461	0.00215689923	-0.0073089455	0	0.84	0.652	0.00215689923	-0.0073089455	1	1000	A30	C2	10000	100	0	0.5	300	0.1
462	0.0044147843535	-0.00732898050000001	0	0.685	0.702	0.0044147843535	-0.00732898050000001	FGr	1000	A30	C2	10000	100	0	0.5	300	0.1
463	0.00447257768	-0.00635516850000001	0	0.686	0.738	0.00447257768	-0.00635516850000001	NoCorrection	1000	A30	C2	10000	100	0	0.5	300	0.1
464	0.002358721305	-0.00480449350000001	0	0.824	0.76	0.002358721305	-0.00480449350000001	ID	1000	A30	C2	10000	100	0	0.5	300	0.1
465	-0.00324990091499998	-0.000234889000000014	0	0.8	0.992	-0.00324990091499998	-0.000234889000000014	1	10000	A30	C2	10000	100	0	0.5	300	0
466	-0.00366418559500001	0.00179609499999996	0	0.749	0.952	-0.00366418559500001	0.00179609499999996	FGr	10000	A30	C2	10000	100	0	0.5	300	0
467	-0.003640004805	-0.00656218700000007	0	0.76	0.827	-0.003640004805	-0.00656218700000007	NoCorrection	10000	A30	C2	10000	100	0	0.5	300	0
468	-0.00325457080000001	-0.000239389999999982	0	0.777	0.997	-0.00325457080000001	-0.000239389999999982	ID	10000	A30	C2	10000	100	0	0.5	300	0
469	0.00289377970000001	-0.0104241115	0	0.781	0.667	0.00289377970000001	-0.0104241115	1	10000	A30	C2	10000	100	0	0.5	300	0.01
470	0.00280092886500001	-0.0118672255	0	0.802	0.637	0.00280092886500001	-0.0118672255	FGr	10000	A30	C2	10000	100	0	0.5	300	0.01
471	0.002798193509	-0.011441709	0	0.81	0.65	0.002798193509	-0.011441709	NoCorrection	10000	A30	C2	10000	100	0	0.5	300	0.01
472	0.00288392782500002	-0.012300567	0	0.79	0.635	0.00288392782500002	-0.012300567	ID	10000	A30	C2	10000	100	0	0.5	300	0.01
473	-0.00868730994999999	-0.0314619995	0	0.466	0.264	-0.00868730994999999	-0.0314619995	1	10000	A30	C2	10000	100	0	0.5	300	0.03
474	-0.00865729907300005	-0.03121436	0	0.422	0.263	-0.00865729907300005	-0.03121436	FGr	10000	A30	C2	10000	100	0	0.5	300	0.03
475	-0.00866416389199998	-0.031197857	0	0.467	0.268	-0.00866416389199998	-0.031197857	NoCorrection	10000	A30	C2	10000	100	0	0.5	300	0.03
476	-0.00866895754499998	-0.031023881	0	0.467	0.265	-0.00866895754499998	-0.031023881	ID	10000	A30	C2	10000	100	0	0.5	300	0.03
477	-0.019020411055	0.0168866775	0	0.05	0.549	-0.019020411055	0.0168866775	1	10000	A30	C2	10000	100	0	0.5	300	0.1
478	-0.0201000939913	0.023882425	0	0.048	0.431	-0.0201000939913	0.023882425	FGr	10000	A30	C2	10000	100	0	0.5	300	0.1
479	-0.02008159398	0.025668591	0	0.037	0.383	-0.02008159398	0.025668591	NoCorrection	10000	A30	C2	10000	100	0	0.5	300	0.1
480	-0.01896794323	0.014738205	0	0.049	0.631	-0.01896794323	0.014738205	ID	10000	A30	C2	10000	100	0	0.5	300	0.1
481	0.0075991193245	0.0075991193245	0	0.269	0.286	0.0075991193245	0.0075991193245	1	300	A30	C2	10000	1000	0	0.5	300	0
482	0.008573098252	0.008573098252	0	0.189	0.223	0.008573098252	0.008573098252	FGr	300	A30	C2	10000	1000	0	0.5	300	0
483	0.00855385153199999	0.00855385153199999	0	0.229	0.215	0.00855385153199999	0.00855385153199999	NoCorrection	300	A30	C2	10000	1000	0	0.5	300	0
484	0.0077731017347	0.0077731017347	0	0.251	0.261	0.0077731017347	0.0077731017347	ID	300	A30	C2	10000	1000	0	0.5	300	0
485	-0.001058143338	-0.001058143338	0	0.879	0.867	-0.001058143338	-0.001058143338	1	300	A30	C2	10000	1000	0	0.5	300	0.01
486	-0.001683279604	-0.00168327960400001	0	0.784	0.811	-0.001683279604	-0.00168327960400001	FGr	300	A30	C2	10000	1000	0	0.5	300	0.01
487	-0.00169038907	-0.00169038907	0	0.786	0.792	-0.00169038907	-0.00169038907	NoCorrection	300	A30	C2	10000	1000	0	0.5	300	0.01
488	-0.001636677744	-0.001636677744	0	0.798	0.789	-0.001636677744	-0.001636677744	ID	300	A30	C2	10000	1000	0	0.5	300	0.01
489	-0.0038563008896	-0.0038563008896	0	0.552	0.548	-0.0038563008896	-0.0038563008896	1	300	A30	C2	10000	1000	0	0.5	300	0.03
490	-0.00517829185149999	-0.0051782918515	0	0.453	0.431	-0.00517829185149999	-0.0051782918515	FGr	300	A30	C2	10000	1000	0	0.5	300	0.03
491	-0.0051702028375	-0.0051702028375	0	0.44	0.421	-0.0051702028375	-0.0051702028375	NoCorrection	300	A30	C2	10000	1000	0	0.5	300	0.03
492	-0.00440167134100001	-0.004401671341	0	0.507	0.491	-0.00440167134100001	-0.004401671341	ID	300	A30	C2	10000	1000	0	0.5	300	0.03
493	0.006316212744	0.00631621274399999	0	0.357	0.373	0.006316212744	0.00631621274399999	1	300	A30	C2	10000	1000	0	0.5	300	0.1
494	0.00424059644450001	0.00424059644450003	0	0.558	0.57	0.00424059644450001	0.00424059644450003	FGr	300	A30	C2	10000	1000	0	0.5	300	0.1
495	0.004253897434	0.004253897434	0	0.576	0.532	0.004253897434	0.004253897434	NoCorrection	300	A30	C2	10000	1000	0	0.5	300	0.1
496	0.00649550167099998	0.00649550167099998	0	0.349	0.361	0.00649550167099998	0.00649550167099998	ID	300	A30	C2	10000	1000	0	0.5	300	0.1
497	-0.00721033396155001	-0.01669059505	0	0.287	0.113	-0.00721033396155001	-0.01669059505	1	1000	A30	C2	10000	1000	0	0.5	300	0
498	-0.0068304655491	-0.0180840814000001	0	0.323	0.083	-0.0068304655491	-0.0180840814000001	FGr	1000	A30	C2	10000	1000	0	0.5	300	0
499	-0.0068637696919	-0.01808086765	0	0.315	0.101	-0.0068637696919	-0.01808086765	NoCorrection	1000	A30	C2	10000	1000	0	0.5	300	0
500	-0.00696141083180349	-0.0180931560499999	0	0.296	0.07	-0.00696141083180349	-0.0180931560499999	ID	1000	A30	C2	10000	1000	0	0.5	300	0
501	0.00234112697725	0.00757938185000002	0	0.77	0.469	0.00234112697725	0.00757938185000002	1	1000	A30	C2	10000	1000	0	0.5	300	0.01
502	0.001422862408315	0.00290701999999999	0	0.833	0.763	0.001422862408315	0.00290701999999999	FGr	1000	A30	C2	10000	1000	0	0.5	300	0.01
503	0.0014805407205	0.00363296525000004	0	0.828	0.735	0.0014805407205	0.00363296525000004	NoCorrection	1000	A30	C2	10000	1000	0	0.5	300	0.01
504	0.0021612480428	0.00769069149999999	0	0.755	0.485	0.0021612480428	0.00769069149999999	ID	1000	A30	C2	10000	1000	0	0.5	300	0.01
505	-0.00445225897949997	-0.000890551299999998	0	0.466	0.936	-0.00445225897949997	-0.000890551299999998	1	1000	A30	C2	10000	1000	0	0.5	300	0.03
506	-0.005073390361424	-0.00253987365	0	0.43	0.817	-0.005073390361424	-0.00253987365	FGr	1000	A30	C2	10000	1000	0	0.5	300	0.03
507	-0.0050175104925	-0.0027675208	0	0.442	0.805	-0.0050175104925	-0.0027675208	NoCorrection	1000	A30	C2	10000	1000	0	0.5	300	0.03
508	-0.004315608612	-0.00260819415	0	0.484	0.808	-0.004315608612	-0.00260819415	ID	1000	A30	C2	10000	1000	0	0.5	300	0.03
509	0.00677450794029996	-0.00699931805	0	0.31	0.548	0.00677450794029996	-0.00699931805	1	1000	A30	C2	10000	1000	0	0.5	300	0.1
510	0.00549614986899998	-0.00767746949999999	0	0.375	0.474	0.00549614986899998	-0.00767746949999999	FGr	1000	A30	C2	10000	1000	0	0.5	300	0.1
511	0.00551230608450002	-0.00816376850000005	0	0.402	0.446	0.00551230608450002	-0.00816376850000005	NoCorrection	1000	A30	C2	10000	1000	0	0.5	300	0.1
512	0.00704842689250003	-0.00616301155	0	0.265	0.612	0.00704842689250003	-0.00616301155	ID	1000	A30	C2	10000	1000	0	0.5	300	0.1
513	0.00711457104049998	0.0214254379499999	0	0.284	0.175	0.00711457104049998	0.0214254379499999	1	10000	A30	C2	10000	1000	0	0.5	300	0
514	0.00721919663960003	0.0201913259999999	0	0.273	0.228	0.00721919663960003	0.0201913259999999	FGr	10000	A30	C2	10000	1000	0	0.5	300	0
515	0.00721943700680001	0.0201907154	0	0.275	0.225	0.00721943700680001	0.0201907154	NoCorrection	10000	A30	C2	10000	1000	0	0.5	300	0
516	0.00707850763299998	0.0241346997500001	0	0.272	0.148	0.00707850763299998	0.0241346997500001	ID	10000	A30	C2	10000	1000	0	0.5	300	0
517	0.00251140255799993	0.00289139775000014	0	0.697	0.874	0.00251140255799993	0.00289139775000014	1	10000	A30	C2	10000	1000	0	0.5	300	0.01
518	0.00247987139873991	0.00211442465000014	0	0.679	0.903	0.00247987139873991	0.00211442465000014	FGr	10000	A30	C2	10000	1000	0	0.5	300	0.01
519	0.00250858194199997	0.00426573495000031	0	0.721	0.799	0.00250858194199997	0.00426573495000031	NoCorrection	10000	A30	C2	10000	1000	0	0.5	300	0.01
520	0.00252251302649997	0.00278753190000025	0	0.658	0.87	0.00252251302649997	0.00278753190000025	ID	10000	A30	C2	10000	1000	0	0.5	300	0.01
521	-0.000816048925400017	-0.0013442569	0	0.905	0.927	-0.000816048925400017	-0.0013442569	1	10000	A30	C2	10000	1000	0	0.5	300	0.03
522	-0.000720540356849955	-0.000494186849999959	0	0.921	0.968	-0.000720540356849955	-0.000494186849999959	FGr	10000	A30	C2	10000	1000	0	0.5	300	0.03
523	-0.00067184471839995	4.32814499999769e-05	0	0.904	0.998	-0.00067184471839995	4.32814499999769e-05	NoCorrection	10000	A30	C2	10000	1000	0	0.5	300	0.03
524	-0.000843198940199924	-0.00145076344999999	0	0.896	0.939	-0.000843198940199924	-0.00145076344999999	ID	10000	A30	C2	10000	1000	0	0.5	300	0.03
525	0.0112812852487	0.00829330750000003	0	0.072	0.601	0.0112812852487	0.00829330750000003	1	10000	A30	C2	10000	1000	0	0.5	300	0.1
526	0.0121391102385	0.01432057815	0	0.055	0.367	0.0121391102385	0.01432057815	FGr	10000	A30	C2	10000	1000	0	0.5	300	0.1
527	0.0121320516685	0.01431571975	0	0.06	0.366	0.0121320516685	0.01431571975	NoCorrection	10000	A30	C2	10000	1000	0	0.5	300	0.1
528	0.011129071316	0.00726499585000001	0	0.076	0.65	0.011129071316	0.00726499585000001	ID	10000	A30	C2	10000	1000	0	0.5	300	0.1
529	0.00691545466317495	0.00691545466317495	0	0.284	0.277	0.00691545466317495	0.00691545466317495	1	300	A30	C2	10000	10000	0	0.5	300	0
530	0.00695246431842004	0.00695246431842003	0	0.279	0.288	0.00695246431842004	0.00695246431842003	FGr	300	A30	C2	10000	10000	0	0.5	300	0
531	0.00686843239114284	0.00686843239114283	0	0.279	0.268	0.00686843239114284	0.00686843239114283	NoCorrection	300	A30	C2	10000	10000	0	0.5	300	0
532	0.00692252491523352	0.00692252491523352	0	0.288	0.293	0.00692252491523352	0.00692252491523352	ID	300	A30	C2	10000	10000	0	0.5	300	0
533	0.00651710942579991	0.0065171094257999	0	0.258	0.26	0.00651710942579991	0.0065171094257999	1	300	A30	C2	10000	10000	0	0.5	300	0.01
534	0.00648505305018999	0.00648505305019	0	0.285	0.266	0.00648505305018999	0.00648505305019	FGr	300	A30	C2	10000	10000	0	0.5	300	0.01
535	0.00650058175449014	0.00650058175449015	0	0.281	0.274	0.00650058175449014	0.00650058175449015	NoCorrection	300	A30	C2	10000	10000	0	0.5	300	0.01
536	0.00651843761497504	0.00651843761497502	0	0.286	0.258	0.00651843761497504	0.00651843761497502	ID	300	A30	C2	10000	10000	0	0.5	300	0.01
537	0.00119654838692003	0.00119654838692001	0	0.851	0.858	0.00119654838692003	0.00119654838692001	1	300	A30	C2	10000	10000	0	0.5	300	0.03
538	0.00110136687957998	0.00110136687957992	0	0.858	0.831	0.00110136687957998	0.00110136687957992	FGr	300	A30	C2	10000	10000	0	0.5	300	0.03
539	0.00108128853650189	0.00108128853650192	0	0.838	0.846	0.00108128853650189	0.00108128853650192	NoCorrection	300	A30	C2	10000	10000	0	0.5	300	0.03
540	0.00117208515644987	0.0011720851564499	0	0.85	0.838	0.00117208515644987	0.0011720851564499	ID	300	A30	C2	10000	10000	0	0.5	300	0.03
541	-0.00105332836568995	-0.00105332836568996	0	0.878	0.859	-0.00105332836568995	-0.00105332836568996	1	300	A30	C2	10000	10000	0	0.5	300	0.1
542	-0.00134874131245996	-0.00134874131245993	0	0.837	0.852	-0.00134874131245996	-0.00134874131245993	FGr	300	A30	C2	10000	10000	0	0.5	300	0.1
543	-0.0013530348255999	-0.00135303482559992	0	0.831	0.844	-0.0013530348255999	-0.00135303482559992	NoCorrection	300	A30	C2	10000	10000	0	0.5	300	0.1
544	-0.00089141805905004	-0.000891418059050055	0	0.877	0.886	-0.00089141805905004	-0.000891418059050055	ID	300	A30	C2	10000	10000	0	0.5	300	0.1
545	0.00812248258125005	0.0146428831950001	0	0.221	0.151	0.00812248258125005	0.0146428831950001	1	1000	A30	C2	10000	10000	0	0.5	300	0
546	0.0073814607933499	0.0168954588049998	0	0.258	0.094	0.0073814607933499	0.0168954588049998	FGr	1000	A30	C2	10000	10000	0	0.5	300	0
547	0.00734364797704979	0.01658252179	0	0.257	0.114	0.00734364797704979	0.01658252179	NoCorrection	1000	A30	C2	10000	10000	0	0.5	300	0
548	0.00807587685844995	0.013710410455	0	0.219	0.182	0.00807587685844995	0.013710410455	ID	1000	A30	C2	10000	10000	0	0.5	300	0
549	0.00721189790502003	0.018365458395	0	0.2	0.039	0.00721189790502003	0.018365458395	1	1000	A30	C2	10000	10000	0	0.5	300	0.01
550	0.00764463057225007	0.020551137925	0	0.148	0.026	0.00764463057225007	0.020551137925	FGr	1000	A30	C2	10000	10000	0	0.5	300	0.01
551	0.00770091877005002	0.020525991025	0	0.147	0.032	0.00770091877005002	0.020525991025	NoCorrection	1000	A30	C2	10000	10000	0	0.5	300	0.01
552	0.00722200105805009	0.0187638938	0	0.164	0.034	0.00722200105805009	0.0187638938	ID	1000	A30	C2	10000	10000	0	0.5	300	0.01
553	-0.00147968745145001	-0.014553106175	0	0.833	0.187	-0.00147968745145001	-0.014553106175	1	1000	A30	C2	10000	10000	0	0.5	300	0.03
554	-0.0018227998919	-0.017376405975	0	0.784	0.089	-0.0018227998919	-0.017376405975	FGr	1000	A30	C2	10000	10000	0	0.5	300	0.03
555	-0.00184177860285	-0.0173759884200001	0	0.808	0.108	-0.00184177860285	-0.0173759884200001	NoCorrection	1000	A30	C2	10000	10000	0	0.5	300	0.03
556	-0.00172533356281	-0.0171853819950001	0	0.825	0.108	-0.00172533356281	-0.0171853819950001	ID	1000	A30	C2	10000	10000	0	0.5	300	0.03
557	0.00133600885490499	-0.00333673788999993	0	0.811	0.734	0.00133600885490499	-0.00333673788999993	1	1000	A30	C2	10000	10000	0	0.5	300	0.1
558	0.003336190151	0.00105166030499991	0	0.587	0.93	0.003336190151	0.00105166030499991	FGr	1000	A30	C2	10000	10000	0	0.5	300	0.1
559	0.00331224662084997	0.00145596193499997	0	0.637	0.902	0.00331224662084997	0.00145596193499997	NoCorrection	1000	A30	C2	10000	10000	0	0.5	300	0.1
560	0.00117428218470003	-0.00213563556499998	0	0.847	0.805	0.00117428218470003	-0.00213563556499998	ID	1000	A30	C2	10000	10000	0	0.5	300	0.1
561	-0.0075965498734	0.00223861100000003	0	0.197	0.87	-0.0075965498734	0.00223861100000003	1	10000	A30	C2	10000	10000	0	0.5	300	0
562	-0.00723650008676994	0.00256355764500035	0	0.207	0.856	-0.00723650008676994	0.00256355764500035	FGr	10000	A30	C2	10000	10000	0	0.5	300	0
563	-0.00728674476709996	-0.000692256335000349	0	0.193	0.955	-0.00728674476709996	-0.000692256335000349	NoCorrection	10000	A30	C2	10000	10000	0	0.5	300	0
564	-0.00758947208310002	0.00223520943000042	0	0.179	0.889	-0.00758947208310002	0.00223520943000042	ID	10000	A30	C2	10000	10000	0	0.5	300	0
565	0.00301935484874988	0.0041457857	0	0.561	0.783	0.00301935484874988	0.0041457857	1	10000	A30	C2	10000	10000	0	0.5	300	0.01
566	0.00306036877189516	0.00807691576499993	0	0.595	0.573	0.00306036877189516	0.00807691576499993	FGr	10000	A30	C2	10000	10000	0	0.5	300	0.01
567	0.0029076036570116	0.00594262642500009	0	0.576	0.687	0.0029076036570116	0.00594262642500009	NoCorrection	10000	A30	C2	10000	10000	0	0.5	300	0.01
568	0.00299168603624996	0.00408924178000004	0	0.579	0.784	0.00299168603624996	0.00408924178000004	ID	10000	A30	C2	10000	10000	0	0.5	300	0.01
569	-0.00407866481249995	0.0100583919950001	0	0.532	0.477	-0.00407866481249995	0.0100583919950001	1	10000	A30	C2	10000	10000	0	0.5	300	0.03
570	-0.00406824066682985	0.01243161043	0	0.515	0.429	-0.00406824066682985	0.01243161043	FGr	10000	A30	C2	10000	10000	0	0.5	300	0.03
571	-0.00421674480785485	0.0164064498549999	0	0.493	0.273	-0.00421674480785485	0.0164064498549999	NoCorrection	10000	A30	C2	10000	10000	0	0.5	300	0.03
572	-0.00419659794379	0.0143684484850001	0	0.51	0.35	-0.00419659794379	0.0143684484850001	ID	10000	A30	C2	10000	10000	0	0.5	300	0.03
573	0.00519481735799998	0.0104238754399993	0	0.417	0.485	0.00519481735799998	0.0104238754399993	1	10000	A30	C2	10000	10000	0	0.5	300	0.1
574	0.00338903695486997	0.00275941205999997	0	0.634	0.844	0.00338903695486997	0.00275941205999997	FGr	10000	A30	C2	10000	10000	0	0.5	300	0.1
575	0.00337936747535997	0.00455490427999979	0	0.664	0.759	0.00337936747535997	0.00455490427999979	NoCorrection	10000	A30	C2	10000	10000	0	0.5	300	0.1
576	0.00535044218709048	0.00756691596999941	0	0.42	0.624	0.00535044218709048	0.00756691596999941	ID	10000	A30	C2	10000	10000	0	0.5	300	0.1
