	c-q	nc-q	true-q	c-p	nc-p	c-bias	nc-bias	type	L	rep	config	gwas_size	test_size	h2	ts	num_causal	env
1	-0.051132364835	-0.051132364835	0	0.216	0.203	-0.051132364835	-0.051132364835	1	300	A37	C1	1000	100	0	0.5	300	0
2	-0.061676934865	-0.061676934865	0	0.129	0.131	-0.061676934865	-0.061676934865	FGr	300	A37	C1	1000	100	0	0.5	300	0
3	-0.0538543845645	-0.0538543845645	0	0.169	0.168	-0.0538543845645	-0.0538543845645	NoCorrection	300	A37	C1	1000	100	0	0.5	300	0
4	-0.0403480864	-0.0403480864	0	0.328	0.332	-0.0403480864	-0.0403480864	ID	300	A37	C1	1000	100	0	0.5	300	0
5	-0.00289570359000002	-0.00289570359000008	0	0.95	0.932	-0.00289570359000002	-0.00289570359000008	1	300	A37	C1	1000	100	0	0.5	300	0.1
6	0.00117039456	0.00117039456	0	0.978	0.973	0.00117039456	0.00117039456	FGr	300	A37	C1	1000	100	0	0.5	300	0.1
7	0.00814984345299993	0.00814984345299984	0	0.844	0.836	0.00814984345299993	0.00814984345299984	NoCorrection	300	A37	C1	1000	100	0	0.5	300	0.1
8	-0.0182125353000001	-0.0182125353	0	0.667	0.681	-0.0182125353000001	-0.0182125353	ID	300	A37	C1	1000	100	0	0.5	300	0.1
9	0.0307505348155	0.0307505348155	0	0.524	0.506	0.0307505348155	0.0307505348155	1	300	A37	C1	1000	100	0	0.5	300	0.5
10	0.10049665981	0.10049665981	0	0.057	0.041	0.10049665981	0.10049665981	FGr	300	A37	C1	1000	100	0	0.5	300	0.5
11	0.12964012751	0.12964012751	0	0.011	0.01	0.12964012751	0.12964012751	NoCorrection	300	A37	C1	1000	100	0	0.5	300	0.5
12	-0.011194304595	-0.011194304595	0	0.818	0.786	-0.011194304595	-0.011194304595	ID	300	A37	C1	1000	100	0	0.5	300	0.5
13	0.03663284918	0.0366328491799999	0	0.4	0.397	0.03663284918	0.0366328491799999	1	300	A37	C1	1000	100	0	0.5	300	1
14	0.23029809052	0.23029809052	0	0	0	0.23029809052	0.23029809052	FGr	300	A37	C1	1000	100	0	0.5	300	1
15	0.30370530593	0.30370530593	0	0	0	0.30370530593	0.30370530593	NoCorrection	300	A37	C1	1000	100	0	0.5	300	1
16	0.00515794100999999	0.00515794101000001	0	0.909	0.898	0.00515794100999999	0.00515794101000001	ID	300	A37	C1	1000	100	0	0.5	300	1
17	0.029521174815	-0.0456162485000002	0	0.366	0.447	0.029521174815	-0.0456162485000002	1	1000	A37	C1	1000	100	0	0.5	300	0
18	0.03615541115	-0.0324995535000002	0	0.266	0.552	0.03615541115	-0.0324995535000002	FGr	1000	A37	C1	1000	100	0	0.5	300	0
19	0.04168367232	-0.000939966499999967	0	0.232	0.978	0.04168367232	-0.000939966499999967	NoCorrection	1000	A37	C1	1000	100	0	0.5	300	0
20	0.03811374163	-0.0139710510000001	0	0.246	0.81	0.03811374163	-0.0139710510000001	ID	1000	A37	C1	1000	100	0	0.5	300	0
21	0.04440930183	0.0227332975	0	0.221	0.732	0.04440930183	0.0227332975	1	1000	A37	C1	1000	100	0	0.5	300	0.1
22	0.0616012035175	0.0852163905	0	0.083	0.178	0.0616012035175	0.0852163905	FGr	1000	A37	C1	1000	100	0	0.5	300	0.1
23	0.09124381009	0.1631889035	0	0.009	0.008	0.09124381009	0.1631889035	NoCorrection	1000	A37	C1	1000	100	0	0.5	300	0.1
24	0.047981891735	0.0379648785	0	0.169	0.548	0.047981891735	0.0379648785	ID	1000	A37	C1	1000	100	0	0.5	300	0.1
25	-0.0443805231599999	-0.0319597665	0	0.226	0.589	-0.0443805231599999	-0.0319597665	1	1000	A37	C1	1000	100	0	0.5	300	0.5
26	0.058818240775	0.2213876515	0	0.139	0	0.058818240775	0.2213876515	FGr	1000	A37	C1	1000	100	0	0.5	300	0.5
27	0.1177657748	0.3245506875	0	0.014	0	0.1177657748	0.3245506875	NoCorrection	1000	A37	C1	1000	100	0	0.5	300	0.5
28	-0.0451741607900001	-0.0232183369999999	0	0.217	0.69	-0.0451741607900001	-0.0232183369999999	ID	1000	A37	C1	1000	100	0	0.5	300	0.5
29	0.019076236814	-0.0324125315	0	0.615	0.647	0.019076236814	-0.0324125315	1	1000	A37	C1	1000	100	0	0.5	300	1
30	0.19521785595	0.5183686035	0	0	0	0.19521785595	0.5183686035	FGr	1000	A37	C1	1000	100	0	0.5	300	1
31	0.33073224767	0.911129217	0	0	0	0.33073224767	0.911129217	NoCorrection	1000	A37	C1	1000	100	0	0.5	300	1
32	0.0225155856275	0.021411657	0	0.539	0.791	0.0225155856275	0.021411657	ID	1000	A37	C1	1000	100	0	0.5	300	1
33	-0.00555982814999999	-0.0331822789999998	0	0.862	0.745	-0.00555982814999999	-0.0331822789999998	1	10000	A37	C1	1000	100	0	0.5	300	0
34	-0.01364995583	-0.0833007550000004	0	0.731	0.405	-0.01364995583	-0.0833007550000004	FGr	10000	A37	C1	1000	100	0	0.5	300	0
35	-0.0348149532	-0.182514334	0	0.363	0.061	-0.0348149532	-0.182514334	NoCorrection	10000	A37	C1	1000	100	0	0.5	300	0
36	-0.00776185103	-0.0551388150000001	0	0.85	0.592	-0.00776185103	-0.0551388150000001	ID	10000	A37	C1	1000	100	0	0.5	300	0
37	-0.01171558294	0.0708022670000001	0	0.76	0.495	-0.01171558294	0.0708022670000001	1	10000	A37	C1	1000	100	0	0.5	300	0.1
38	-0.008892377125	0.081057693	0	0.814	0.43	-0.008892377125	0.081057693	FGr	10000	A37	C1	1000	100	0	0.5	300	0.1
39	0.0069017539	0.22559531	0	0.842	0.029	0.0069017539	0.22559531	NoCorrection	10000	A37	C1	1000	100	0	0.5	300	0.1
40	-0.00804958587499999	0.088151803	0	0.862	0.38	-0.00804958587499999	0.088151803	ID	10000	A37	C1	1000	100	0	0.5	300	0.1
41	0.0321164284	-0.1097093285	0	0.394	0.254	0.0321164284	-0.1097093285	1	10000	A37	C1	1000	100	0	0.5	300	0.5
42	0.03062462698	-0.1030232585	0	0.409	0.277	0.03062462698	-0.1030232585	FGr	10000	A37	C1	1000	100	0	0.5	300	0.5
43	0.1379921910415	0.61921035	0	0	0	0.1379921910415	0.61921035	NoCorrection	10000	A37	C1	1000	100	0	0.5	300	0.5
44	0.032342638311	-0.1092442235	0	0.405	0.246	0.032342638311	-0.1092442235	ID	10000	A37	C1	1000	100	0	0.5	300	0.5
45	-0.04720474065	-0.1549560425	0	0.242	0.136	-0.04720474065	-0.1549560425	1	10000	A37	C1	1000	100	0	0.5	300	1
46	-0.02995067802	0.0475367935	0	0.423	0.613	-0.02995067802	0.0475367935	FGr	10000	A37	C1	1000	100	0	0.5	300	1
47	0.27810773035	1.86800468	0	0	0	0.27810773035	1.86800468	NoCorrection	10000	A37	C1	1000	100	0	0.5	300	1
48	-0.05454989934475	-0.159988509	0	0.166	0.125	-0.05454989934475	-0.159988509	ID	10000	A37	C1	1000	100	0	0.5	300	1
49	-0.00627470941249993	-0.00627470941249993	0	0.825	0.812	-0.00627470941249993	-0.00627470941249993	1	300	A37	C1	1000	1000	0	0.5	300	0
50	-0.0165791072395001	-0.0165791072395001	0	0.479	0.498	-0.0165791072395001	-0.0165791072395001	FGr	300	A37	C1	1000	1000	0	0.5	300	0
51	-0.00793161074750006	-0.00793161074750005	0	0.75	0.727	-0.00793161074750006	-0.00793161074750005	NoCorrection	300	A37	C1	1000	1000	0	0.5	300	0
52	0.00459436937700002	0.00459436937700002	0	0.869	0.847	0.00459436937700002	0.00459436937700002	ID	300	A37	C1	1000	1000	0	0.5	300	0
53	-0.00460099397000011	-0.00460099397000012	0	0.846	0.873	-0.00460099397000011	-0.00460099397000012	1	300	A37	C1	1000	1000	0	0.5	300	0.1
54	0.047861206032	0.047861206032	0	0.097	0.097	0.047861206032	0.047861206032	FGr	300	A37	C1	1000	1000	0	0.5	300	0.1
55	0.0614108712339999	0.0614108712339999	0	0.021	0.03	0.0614108712339999	0.0614108712339999	NoCorrection	300	A37	C1	1000	1000	0	0.5	300	0.1
56	-0.00385465941999986	-0.00385465941999991	0	0.89	0.906	-0.00385465941999986	-0.00385465941999991	ID	300	A37	C1	1000	1000	0	0.5	300	0.1
57	0.0105968384765001	0.0105968384765002	0	0.717	0.713	0.0105968384765001	0.0105968384765002	1	300	A37	C1	1000	1000	0	0.5	300	0.5
58	0.108263212262	0.108263212262	0	0.001	0	0.108263212262	0.108263212262	FGr	300	A37	C1	1000	1000	0	0.5	300	0.5
59	0.170009741425	0.170009741425	0	0	0	0.170009741425	0.170009741425	NoCorrection	300	A37	C1	1000	1000	0	0.5	300	0.5
60	0.00819012811349986	0.00819012811349984	0	0.777	0.802	0.00819012811349986	0.00819012811349984	ID	300	A37	C1	1000	1000	0	0.5	300	0.5
61	0.018458765116	0.018458765116	0	0.578	0.551	0.018458765116	0.018458765116	1	300	A37	C1	1000	1000	0	0.5	300	1
62	0.17960357284728	0.17960357284728	0	0	0	0.17960357284728	0.17960357284728	FGr	300	A37	C1	1000	1000	0	0.5	300	1
63	0.323544092427	0.323544092427	0	0	0	0.323544092427	0.323544092427	NoCorrection	300	A37	C1	1000	1000	0	0.5	300	1
64	-0.0128090965485	-0.0128090965485	0	0.698	0.695	-0.0128090965485	-0.0128090965485	ID	300	A37	C1	1000	1000	0	0.5	300	1
65	-0.00353638061500002	-0.0101131893999999	0	0.913	0.816	-0.00353638061500002	-0.0101131893999999	1	1000	A37	C1	1000	1000	0	0.5	300	0
66	0.00212701312389	0.0136691250500001	0	0.934	0.734	0.00212701312389	0.0136691250500001	FGr	1000	A37	C1	1000	1000	0	0.5	300	0
67	0.0415616560938	0.08502902475	0	0.12	0.05	0.0415616560938	0.08502902475	NoCorrection	1000	A37	C1	1000	1000	0	0.5	300	0
68	0.010682437066	0.0235046525	0	0.68	0.577	0.010682437066	0.0235046525	ID	1000	A37	C1	1000	1000	0	0.5	300	0
69	-0.0229553945184999	-0.0236596278500003	0	0.449	0.653	-0.0229553945184999	-0.0236596278500003	1	1000	A37	C1	1000	1000	0	0.5	300	0.1
70	-0.0384791015675001	-0.0559296156499998	0	0.233	0.273	-0.0384791015675001	-0.0559296156499998	FGr	1000	A37	C1	1000	1000	0	0.5	300	0.1
71	-0.0150403661860001	-0.000929011450000093	0	0.654	0.99	-0.0150403661860001	-0.000929011450000093	NoCorrection	1000	A37	C1	1000	1000	0	0.5	300	0.1
72	-0.0371116265555002	-0.0557991617499997	0	0.245	0.278	-0.0371116265555002	-0.0557991617499997	ID	1000	A37	C1	1000	1000	0	0.5	300	0.1
73	-0.0133012161067	0.00498795104999991	0	0.627	0.915	-0.0133012161067	0.00498795104999991	1	1000	A37	C1	1000	1000	0	0.5	300	0.5
74	0.038962980722	0.164414779649999	0	0.171	0	0.038962980722	0.164414779649999	FGr	1000	A37	C1	1000	1000	0	0.5	300	0.5
75	0.172439100825	0.43844363475	0	0	0	0.172439100825	0.43844363475	NoCorrection	1000	A37	C1	1000	1000	0	0.5	300	0.5
76	-0.0301044271195	-0.0398925629	0	0.278	0.377	-0.0301044271195	-0.0398925629	ID	1000	A37	C1	1000	1000	0	0.5	300	0.5
77	-0.017201480449	-0.00121800949999998	0	0.562	0.975	-0.017201480449	-0.00121800949999998	1	1000	A37	C1	1000	1000	0	0.5	300	1
78	0.08211166511	0.1952300796	0	0.015	0	0.08211166511	0.1952300796	FGr	1000	A37	C1	1000	1000	0	0.5	300	1
79	0.335962611285	0.83537103035	0	0	0	0.335962611285	0.83537103035	NoCorrection	1000	A37	C1	1000	1000	0	0.5	300	1
80	-0.0401401472740001	-0.06479790065	0	0.16	0.146	-0.0401401472740001	-0.06479790065	ID	1000	A37	C1	1000	1000	0	0.5	300	1
81	0.00338810906700002	0.0681374377999998	0	0.913	0.306	0.00338810906700002	0.0681374377999998	1	10000	A37	C1	1000	1000	0	0.5	300	0
82	0.010009433024	0.112161488899999	0	0.75	0.086	0.010009433024	0.112161488899999	FGr	10000	A37	C1	1000	1000	0	0.5	300	0
83	-0.0126970064552	0.00273229945000009	0	0.689	0.959	-0.0126970064552	0.00273229945000009	NoCorrection	10000	A37	C1	1000	1000	0	0.5	300	0
84	0.00759708449199998	0.1068736826	0	0.807	0.115	0.00759708449199998	0.1068736826	ID	10000	A37	C1	1000	1000	0	0.5	300	0
85	0.046883591476	-0.1100490775	0	0.077	0.154	0.046883591476	-0.1100490775	1	10000	A37	C1	1000	1000	0	0.5	300	0.1
86	0.0524458562489999	-0.07545291225	0	0.047	0.32	0.0524458562489999	-0.07545291225	FGr	10000	A37	C1	1000	1000	0	0.5	300	0.1
87	0.0997905425531001	0.196268007	0	0	0.026	0.0997905425531001	0.196268007	NoCorrection	10000	A37	C1	1000	1000	0	0.5	300	0.1
88	0.0521141332735	-0.069100065	0	0.035	0.372	0.0521141332735	-0.069100065	ID	10000	A37	C1	1000	1000	0	0.5	300	0.1
89	0.0291346553580001	0.1260222965	0	0.33	0.082	0.0291346553580001	0.1260222965	1	10000	A37	C1	1000	1000	0	0.5	300	0.5
90	0.042361480516	0.207483114	0	0.15	0.006	0.042361480516	0.207483114	FGr	10000	A37	C1	1000	1000	0	0.5	300	0.5
91	0.197599320935	1.1034776615	0	0	0	0.197599320935	1.1034776615	NoCorrection	10000	A37	C1	1000	1000	0	0.5	300	0.5
92	0.0284739457159998	0.113396193	0	0.339	0.1	0.0284739457159998	0.113396193	ID	10000	A37	C1	1000	1000	0	0.5	300	0.5
93	-0.0347716560397003	-0.09861533045	0	0.268	0.179	-0.0347716560397003	-0.09861533045	1	10000	A37	C1	1000	1000	0	0.5	300	1
94	-0.0247726256255	-0.0544327942499999	0	0.438	0.452	-0.0247726256255	-0.0544327942499999	FGr	10000	A37	C1	1000	1000	0	0.5	300	1
95	0.300892148313	2.028558453	0	0	0	0.300892148313	2.028558453	NoCorrection	10000	A37	C1	1000	1000	0	0.5	300	1
96	-0.0374137863807	-0.12757209905	0	0.224	0.075	-0.0374137863807	-0.12757209905	ID	10000	A37	C1	1000	1000	0	0.5	300	1
97	0.0123211839066999	0.0123211839066999	0	0.64	0.684	0.0123211839066999	0.0123211839066999	1	300	A37	C1	1000	10000	0	0.5	300	0
98	0.03038367745904	0.03038367745904	0	0.285	0.288	0.03038367745904	0.03038367745904	FGr	300	A37	C1	1000	10000	0	0.5	300	0
99	0.0204732184123997	0.0204732184123996	0	0.462	0.476	0.0204732184123997	0.0204732184123996	NoCorrection	300	A37	C1	1000	10000	0	0.5	300	0
100	0.0359838823412899	0.0359838823412899	0	0.197	0.199	0.0359838823412899	0.0359838823412899	ID	300	A37	C1	1000	10000	0	0.5	300	0
101	0.00516412053290006	0.00516412053290007	0	0.839	0.85	0.00516412053290006	0.00516412053290007	1	300	A37	C1	1000	10000	0	0.5	300	0.1
102	0.00633593283799995	0.00633593283799991	0	0.816	0.78	0.00633593283799995	0.00633593283799991	FGr	300	A37	C1	1000	10000	0	0.5	300	0.1
103	0.00153533208569995	0.00153533208569994	0	0.963	0.959	0.00153533208569995	0.00153533208569994	NoCorrection	300	A37	C1	1000	10000	0	0.5	300	0.1
104	-0.0016733987112499	-0.00167339871124992	0	0.957	0.943	-0.0016733987112499	-0.00167339871124992	ID	300	A37	C1	1000	10000	0	0.5	300	0.1
105	-0.0199636945965	-0.0199636945965	0	0.449	0.458	-0.0199636945965	-0.0199636945965	1	300	A37	C1	1000	10000	0	0.5	300	0.5
106	0.0897095370477502	0.0897095370477502	0	0.003	0	0.0897095370477502	0.0897095370477502	FGr	300	A37	C1	1000	10000	0	0.5	300	0.5
107	0.1437916336399	0.1437916336399	0	0	0	0.1437916336399	0.1437916336399	NoCorrection	300	A37	C1	1000	10000	0	0.5	300	0.5
108	0.00311237489329003	0.00311237489329004	0	0.864	0.902	0.00311237489329003	0.00311237489329004	ID	300	A37	C1	1000	10000	0	0.5	300	0.5
109	0.01685727579805	0.01685727579805	0	0.522	0.547	0.01685727579805	0.01685727579805	1	300	A37	C1	1000	10000	0	0.5	300	1
110	0.22633452577305	0.22633452577305	0	0	0	0.22633452577305	0.22633452577305	FGr	300	A37	C1	1000	10000	0	0.5	300	1
111	0.346898233037651	0.346898233037651	0	0	0	0.346898233037651	0.346898233037651	NoCorrection	300	A37	C1	1000	10000	0	0.5	300	1
112	0.02871954062999	0.02871954062999	0	0.297	0.278	0.02871954062999	0.02871954062999	ID	300	A37	C1	1000	10000	0	0.5	300	1
113	-0.00545461450830043	-0.010259163825	0	0.803	0.819	-0.00545461450830043	-0.010259163825	1	1000	A37	C1	1000	10000	0	0.5	300	0
114	0.00539941709510057	0.02413481264	0	0.822	0.614	0.00539941709510057	0.02413481264	FGr	1000	A37	C1	1000	10000	0	0.5	300	0
115	-0.00415960017790043	-0.00939781960499998	0	0.851	0.829	-0.00415960017790043	-0.00939781960499998	NoCorrection	1000	A37	C1	1000	10000	0	0.5	300	0
116	-0.00673534591509993	-0.0167035845850001	0	0.793	0.702	-0.00673534591509993	-0.0167035845850001	ID	1000	A37	C1	1000	10000	0	0.5	300	0
117	0.023795351657815	-0.00833319611999978	0	0.291	0.818	0.023795351657815	-0.00833319611999978	1	1000	A37	C1	1000	10000	0	0.5	300	0.1
118	0.0336657752244998	0.0285720548550012	0	0.133	0.441	0.0336657752244998	0.0285720548550012	FGr	1000	A37	C1	1000	10000	0	0.5	300	0.1
119	0.0533306034410002	0.0823854490900007	0	0.016	0.027	0.0533306034410002	0.0823854490900007	NoCorrection	1000	A37	C1	1000	10000	0	0.5	300	0.1
120	0.0275812666334999	0.00481953045499935	0	0.211	0.896	0.0275812666334999	0.00481953045499935	ID	1000	A37	C1	1000	10000	0	0.5	300	0.1
121	0.0152680027796151	0.0195299634299995	0	0.531	0.641	0.0152680027796151	0.0195299634299995	1	1000	A37	C1	1000	10000	0	0.5	300	0.5
122	0.0685010340599997	0.240345609615	0	0.007	0	0.0685010340599997	0.240345609615	FGr	1000	A37	C1	1000	10000	0	0.5	300	0.5
123	0.16461368448195	0.60752350008	0	0	0	0.16461368448195	0.60752350008	NoCorrection	1000	A37	C1	1000	10000	0	0.5	300	0.5
124	0.0171875103286001	0.0287680950450013	0	0.481	0.461	0.0171875103286001	0.0287680950450013	ID	1000	A37	C1	1000	10000	0	0.5	300	0.5
125	0.0111561572679496	0.0205533025599999	0	0.684	0.617	0.0111561572679496	0.0205533025599999	1	1000	A37	C1	1000	10000	0	0.5	300	1
126	0.0739192306597598	0.271333786865	0	0.008	0	0.0739192306597598	0.271333786865	FGr	1000	A37	C1	1000	10000	0	0.5	300	1
127	0.234895261582029	0.889318496884999	0	0	0	0.234895261582029	0.889318496884999	NoCorrection	1000	A37	C1	1000	10000	0	0.5	300	1
128	0.00226946887784992	0.00741612222999977	0	0.932	0.851	0.00226946887784992	0.00741612222999977	ID	1000	A37	C1	1000	10000	0	0.5	300	1
129	-0.0201899477834493	-0.0054406995400002	0	0.389	0.938	-0.0201899477834493	-0.0054406995400002	1	10000	A37	C1	1000	10000	0	0.5	300	0
130	-0.0214257473520493	-0.0156387515299996	0	0.403	0.825	-0.0214257473520493	-0.0156387515299996	FGr	10000	A37	C1	1000	10000	0	0.5	300	0
131	0.0232775077673999	0.3382550024	0	0.352	0	0.0232775077673999	0.3382550024	NoCorrection	10000	A37	C1	1000	10000	0	0.5	300	0
132	-0.0171154731273199	-0.000509250210000096	0	0.464	0.992	-0.0171154731273199	-0.000509250210000096	ID	10000	A37	C1	1000	10000	0	0.5	300	0
133	-0.00934190328080028	0.0577851359	0	0.689	0.394	-0.00934190328080028	0.0577851359	1	10000	A37	C1	1000	10000	0	0.5	300	0.1
134	-0.00281530364400016	0.124088971705	0	0.923	0.072	-0.00281530364400016	0.124088971705	FGr	10000	A37	C1	1000	10000	0	0.5	300	0.1
135	0.0112599879663403	0.226800734275	0	0.669	0.002	0.0112599879663403	0.226800734275	NoCorrection	10000	A37	C1	1000	10000	0	0.5	300	0.1
136	-0.00943900221085022	0.061387796125	0	0.724	0.361	-0.00943900221085022	0.061387796125	ID	10000	A37	C1	1000	10000	0	0.5	300	0.1
137	-0.00474817809250001	-0.0859796123899997	0	0.834	0.209	-0.00474817809250001	-0.0859796123899997	1	10000	A37	C1	1000	10000	0	0.5	300	0.5
138	0.01708293844874	0.0500737856850001	0	0.468	0.429	0.01708293844874	0.0500737856850001	FGr	10000	A37	C1	1000	10000	0	0.5	300	0.5
139	0.1781693294908	1.142382754	0	0	0	0.1781693294908	1.142382754	NoCorrection	10000	A37	C1	1000	10000	0	0.5	300	0.5
140	-0.00297442801590001	-0.0703096280199999	0	0.891	0.333	-0.00297442801590001	-0.0703096280199999	ID	10000	A37	C1	1000	10000	0	0.5	300	0.5
141	-0.000921709824700037	-0.00768473497999992	0	0.974	0.912	-0.000921709824700037	-0.00768473497999992	1	10000	A37	C1	1000	10000	0	0.5	300	1
142	0.02049163988655	0.13456195305	0	0.482	0.06	0.02049163988655	0.13456195305	FGr	10000	A37	C1	1000	10000	0	0.5	300	1
143	0.29771904625405	2.013555286	0	0	0	0.29771904625405	2.013555286	NoCorrection	10000	A37	C1	1000	10000	0	0.5	300	1
144	-0.00485116172719993	-0.0433203680499996	0	0.877	0.556	-0.00485116172719993	-0.0433203680499996	ID	10000	A37	C1	1000	10000	0	0.5	300	1
145	0.00986613916399999	0.00986613916400001	0	0.461	0.456	0.00986613916399999	0.00986613916400001	1	300	A37	C1	10000	100	0	0.5	300	0
146	0.0041644957945	0.0041644957945	0	0.764	0.724	0.0041644957945	0.0041644957945	FGr	300	A37	C1	10000	100	0	0.5	300	0
147	0.00357154662599999	0.00357154662599999	0	0.767	0.799	0.00357154662599999	0.00357154662599999	NoCorrection	300	A37	C1	10000	100	0	0.5	300	0
148	0.01084030161	0.01084030161	0	0.425	0.399	0.01084030161	0.01084030161	ID	300	A37	C1	10000	100	0	0.5	300	0
149	-0.0167454533835	-0.0167454533835	0	0.199	0.196	-0.0167454533835	-0.0167454533835	1	300	A37	C1	10000	100	0	0.5	300	0.1
150	0.012229409155	0.012229409155	0	0.366	0.398	0.012229409155	0.012229409155	FGr	300	A37	C1	10000	100	0	0.5	300	0.1
151	0.0166326506895	0.0166326506895	0	0.251	0.226	0.0166326506895	0.0166326506895	NoCorrection	300	A37	C1	10000	100	0	0.5	300	0.1
152	-0.0137518054895	-0.0137518054895	0	0.269	0.26	-0.0137518054895	-0.0137518054895	ID	300	A37	C1	10000	100	0	0.5	300	0.1
153	0.00240710625650001	0.0024071062565	0	0.833	0.842	0.00240710625650001	0.0024071062565	1	300	A37	C1	10000	100	0	0.5	300	0.5
154	0.15066203043	0.15066203043	0	0	0	0.15066203043	0.15066203043	FGr	300	A37	C1	10000	100	0	0.5	300	0.5
155	0.1992107675	0.1992107675	0	0	0	0.1992107675	0.1992107675	NoCorrection	300	A37	C1	10000	100	0	0.5	300	0.5
156	-0.00148261301499999	-0.001482613015	0	0.919	0.909	-0.00148261301499999	-0.001482613015	ID	300	A37	C1	10000	100	0	0.5	300	0.5
157	-0.01012985892	-0.01012985892	0	0.479	0.474	-0.01012985892	-0.01012985892	1	300	A37	C1	10000	100	0	0.5	300	1
158	0.27714477939	0.27714477939	0	0	0	0.27714477939	0.27714477939	FGr	300	A37	C1	10000	100	0	0.5	300	1
159	0.386758696405	0.386758696405	0	0	0	0.386758696405	0.386758696405	NoCorrection	300	A37	C1	10000	100	0	0.5	300	1
160	-0.011106701753	-0.011106701753	0	0.387	0.399	-0.011106701753	-0.011106701753	ID	300	A37	C1	10000	100	0	0.5	300	1
161	-0.00563139863299999	-0.0336021375	0	0.618	0.109	-0.00563139863299999	-0.0336021375	1	1000	A37	C1	10000	100	0	0.5	300	0
162	-0.00998084530500001	-0.0413828245	0	0.406	0.056	-0.00998084530500001	-0.0413828245	FGr	1000	A37	C1	10000	100	0	0.5	300	0
163	-0.013843230697	-0.0628560675	0	0.248	0	-0.013843230697	-0.0628560675	NoCorrection	1000	A37	C1	10000	100	0	0.5	300	0
164	-0.003865807045	-0.0259302995	0	0.757	0.2	-0.003865807045	-0.0259302995	ID	1000	A37	C1	10000	100	0	0.5	300	0
165	-0.00923389476299999	-0.016065926	0	0.422	0.42	-0.00923389476299999	-0.016065926	1	1000	A37	C1	10000	100	0	0.5	300	0.1
166	0.00276247130980001	0.033648329	0	0.816	0.087	0.00276247130980001	0.033648329	FGr	1000	A37	C1	10000	100	0	0.5	300	0.1
167	0.01963279757	0.0821501615	0	0.137	0.001	0.01963279757	0.0821501615	NoCorrection	1000	A37	C1	10000	100	0	0.5	300	0.1
168	-0.00937592070844	-0.0176245075	0	0.413	0.389	-0.00937592070844	-0.0176245075	ID	1000	A37	C1	10000	100	0	0.5	300	0.1
169	0.00653738656499999	0.00426207500000004	0	0.533	0.824	0.00653738656499999	0.00426207500000004	1	1000	A37	C1	10000	100	0	0.5	300	0.5
170	0.065124096745	0.2298496065	0	0	0	0.065124096745	0.2298496065	FGr	1000	A37	C1	10000	100	0	0.5	300	0.5
171	0.135441641955	0.49081003	0	0	0	0.135441641955	0.49081003	NoCorrection	1000	A37	C1	10000	100	0	0.5	300	0.5
172	0.00418118327850001	0.0070956965	0	0.7	0.703	0.00418118327850001	0.0070956965	ID	1000	A37	C1	10000	100	0	0.5	300	0.5
173	0.00548189011500002	-0.0099134965	0	0.667	0.657	0.00548189011500002	-0.0099134965	1	1000	A37	C1	10000	100	0	0.5	300	1
174	0.139224290947	0.443706795	0	0	0	0.139224290947	0.443706795	FGr	1000	A37	C1	10000	100	0	0.5	300	1
175	0.280810012145	0.9172840755	0	0	0	0.280810012145	0.9172840755	NoCorrection	1000	A37	C1	10000	100	0	0.5	300	1
176	0.00426373896499997	0.000194735999999986	0	0.751	0.995	0.00426373896499997	0.000194735999999986	ID	1000	A37	C1	10000	100	0	0.5	300	1
177	-0.023937131335	-0.0522084825	0	0.075	0.088	-0.023937131335	-0.0522084825	1	10000	A37	C1	10000	100	0	0.5	300	0
178	-0.024192997635	-0.0559519485	0	0.067	0.084	-0.024192997635	-0.0559519485	FGr	10000	A37	C1	10000	100	0	0.5	300	0
179	-0.010093529886	0.0205182005	0	0.409	0.528	-0.010093529886	0.0205182005	NoCorrection	10000	A37	C1	10000	100	0	0.5	300	0
180	-0.02371378253	-0.0527399095	0	0.069	0.093	-0.02371378253	-0.0527399095	ID	10000	A37	C1	10000	100	0	0.5	300	0
181	0.0153224244765	-0.0247325975	0	0.296	0.399	0.0153224244765	-0.0247325975	1	10000	A37	C1	10000	100	0	0.5	300	0.1
182	0.0122763954175	-0.025015602	0	0.381	0.412	0.0122763954175	-0.025015602	FGr	10000	A37	C1	10000	100	0	0.5	300	0.1
183	0.0791275533073	0.268840438	0	0	0	0.0791275533073	0.268840438	NoCorrection	10000	A37	C1	10000	100	0	0.5	300	0.1
184	0.0147272696282	-0.025260779	0	0.294	0.399	0.0147272696282	-0.025260779	ID	10000	A37	C1	10000	100	0	0.5	300	0.1
185	0.014794675816	-0.026171667	0	0.223	0.402	0.014794675816	-0.026171667	1	10000	A37	C1	10000	100	0	0.5	300	0.5
186	0.037487845162	0.087402677	0	0.001	0.005	0.037487845162	0.087402677	FGr	10000	A37	C1	10000	100	0	0.5	300	0.5
187	0.276251608491	1.0896331845	0	0	0	0.276251608491	1.0896331845	NoCorrection	10000	A37	C1	10000	100	0	0.5	300	0.5
188	0.014964815645	-0.020827955	0	0.222	0.524	0.014964815645	-0.020827955	ID	10000	A37	C1	10000	100	0	0.5	300	0.5
189	-0.00688234839499999	0.000333089999999998	0	0.57	0.99	-0.00688234839499999	0.000333089999999998	1	10000	A37	C1	10000	100	0	0.5	300	1
190	0.028940462589	0.178506754	0	0.029	0	0.028940462589	0.178506754	FGr	10000	A37	C1	10000	100	0	0.5	300	1
191	0.495138418725	1.99633234	0	0	0	0.495138418725	1.99633234	NoCorrection	10000	A37	C1	10000	100	0	0.5	300	1
192	-0.008130304225	-0.00972199299999999	0	0.531	0.731	-0.008130304225	-0.00972199299999999	ID	10000	A37	C1	10000	100	0	0.5	300	1
193	0.00743370838299993	0.00743370838299994	0	0.424	0.41	0.00743370838299993	0.00743370838299994	1	300	A37	C1	10000	1000	0	0.5	300	0
194	0.000205155049099977	0.000205155049099942	0	0.979	0.989	0.000205155049099977	0.000205155049099942	FGr	300	A37	C1	10000	1000	0	0.5	300	0
195	0.00119981889799998	0.00119981889799996	0	0.902	0.888	0.00119981889799998	0.00119981889799996	NoCorrection	300	A37	C1	10000	1000	0	0.5	300	0
196	0.00394022917749999	0.00394022917750001	0	0.677	0.65	0.00394022917749999	0.00394022917750001	ID	300	A37	C1	10000	1000	0	0.5	300	0
197	0.018790287806	0.018790287806	0	0.092	0.092	0.018790287806	0.018790287806	1	300	A37	C1	10000	1000	0	0.5	300	0.1
198	0.0404698066265	0.0404698066265	0	0	0	0.0404698066265	0.0404698066265	FGr	300	A37	C1	10000	1000	0	0.5	300	0.1
199	0.0536203076	0.0536203076	0	0	0	0.0536203076	0.0536203076	NoCorrection	300	A37	C1	10000	1000	0	0.5	300	0.1
200	0.0223904776635	0.0223904776635	0	0.034	0.027	0.0223904776635	0.0223904776635	ID	300	A37	C1	10000	1000	0	0.5	300	0.1
201	-0.0060437897994	-0.00604378979940003	0	0.443	0.465	-0.0060437897994	-0.00604378979940003	1	300	A37	C1	10000	1000	0	0.5	300	0.5
202	0.1071875842047	0.1071875842047	0	0	0	0.1071875842047	0.1071875842047	FGr	300	A37	C1	10000	1000	0	0.5	300	0.5
203	0.1740374255625	0.1740374255625	0	0	0	0.1740374255625	0.1740374255625	NoCorrection	300	A37	C1	10000	1000	0	0.5	300	0.5
204	-0.00957011298802508	-0.00957011298802504	0	0.22	0.241	-0.00957011298802508	-0.00957011298802504	ID	300	A37	C1	10000	1000	0	0.5	300	0.5
205	0.02610075723025	0.02610075723025	0	0.003	0	0.02610075723025	0.02610075723025	1	300	A37	C1	10000	1000	0	0.5	300	1
206	0.2404081773895	0.2404081773895	0	0	0	0.2404081773895	0.2404081773895	FGr	300	A37	C1	10000	1000	0	0.5	300	1
207	0.372940670873	0.372940670873	0	0	0	0.372940670873	0.372940670873	NoCorrection	300	A37	C1	10000	1000	0	0.5	300	1
208	0.023431100414	0.023431100414	0	0.002	0.003	0.023431100414	0.023431100414	ID	300	A37	C1	10000	1000	0	0.5	300	1
209	0.01260228873034	0.00775347744999999	0	0.122	0.566	0.01260228873034	0.00775347744999999	1	1000	A37	C1	10000	1000	0	0.5	300	0
210	0.0183399189175	0.0234255276	0	0.022	0.083	0.0183399189175	0.0234255276	FGr	1000	A37	C1	10000	1000	0	0.5	300	0
211	0.0194877921042	0.02818698095	0	0.016	0.04	0.0194877921042	0.02818698095	NoCorrection	1000	A37	C1	10000	1000	0	0.5	300	0
212	0.014688952617	0.01323390265	0	0.063	0.318	0.014688952617	0.01323390265	ID	1000	A37	C1	10000	1000	0	0.5	300	0
213	0.001170556356	0.01097765155	0	0.921	0.458	0.001170556356	0.01097765155	1	1000	A37	C1	10000	1000	0	0.5	300	0.1
214	0.00603799893750001	0.0196793712	0	0.519	0.18	0.00603799893750001	0.0196793712	FGr	1000	A37	C1	10000	1000	0	0.5	300	0.1
215	0.0201066981035	0.0471880621	0	0.036	0.001	0.0201066981035	0.0471880621	NoCorrection	1000	A37	C1	10000	1000	0	0.5	300	0.1
216	-4.11965887999984e-05	0.00617093329999998	0	0.997	0.685	-4.11965887999984e-05	0.00617093329999998	ID	1000	A37	C1	10000	1000	0	0.5	300	0.1
217	-0.010133777685	-0.0151709342500001	0	0.233	0.284	-0.010133777685	-0.0151709342500001	1	1000	A37	C1	10000	1000	0	0.5	300	0.5
218	0.0439071076385	0.1338930361	0	0	0	0.0439071076385	0.1338930361	FGr	1000	A37	C1	10000	1000	0	0.5	300	0.5
219	0.15024034893705	0.41133383335	0	0	0	0.15024034893705	0.41133383335	NoCorrection	1000	A37	C1	10000	1000	0	0.5	300	0.5
220	-0.0083224048215	-0.0112753683499999	0	0.333	0.434	-0.0083224048215	-0.0112753683499999	ID	1000	A37	C1	10000	1000	0	0.5	300	0.5
221	0.01648226933425	0.00684383769999996	0	0.06	0.653	0.01648226933425	0.00684383769999996	1	1000	A37	C1	10000	1000	0	0.5	300	1
222	0.1331059402605	0.3050916281	0	0	0	0.1331059402605	0.3050916281	FGr	1000	A37	C1	10000	1000	0	0.5	300	1
223	0.335894311025	0.86266360725	0	0	0	0.335894311025	0.86266360725	NoCorrection	1000	A37	C1	10000	1000	0	0.5	300	1
224	0.0152614319102	0.00125779679999999	0	0.089	0.935	0.0152614319102	0.00125779679999999	ID	1000	A37	C1	10000	1000	0	0.5	300	1
225	-0.00187198348500002	-0.04466751935	0	0.807	0.074	-0.00187198348500002	-0.04466751935	1	10000	A37	C1	10000	1000	0	0.5	300	0
226	-0.00217383701900002	-0.04648145075	0	0.768	0.058	-0.00217383701900002	-0.04648145075	FGr	10000	A37	C1	10000	1000	0	0.5	300	0
227	0.000192193704500004	-0.02840572865	0	0.985	0.216	0.000192193704500004	-0.02840572865	NoCorrection	10000	A37	C1	10000	1000	0	0.5	300	0
228	-0.00178334184950002	-0.0445520221	0	0.831	0.077	-0.00178334184950002	-0.0445520221	ID	10000	A37	C1	10000	1000	0	0.5	300	0
229	0.0048785957485	-0.00947696590000002	0	0.582	0.692	0.0048785957485	-0.00947696590000002	1	10000	A37	C1	10000	1000	0	0.5	300	0.1
230	0.00555467866970002	-0.0070170441	0	0.516	0.738	0.00555467866970002	-0.0070170441	FGr	10000	A37	C1	10000	1000	0	0.5	300	0.1
231	0.0349352230085	0.20463940685	0	0	0	0.0349352230085	0.20463940685	NoCorrection	10000	A37	C1	10000	1000	0	0.5	300	0.1
232	0.00537675049150003	-0.0100351127000001	0	0.537	0.655	0.00537675049150003	-0.0100351127000001	ID	10000	A37	C1	10000	1000	0	0.5	300	0.1
233	-0.00424806752685006	-0.00377650630000002	0	0.568	0.86	-0.00424806752685006	-0.00377650630000002	1	10000	A37	C1	10000	1000	0	0.5	300	0.5
234	0.0048495142515	0.0598954907	0	0.52	0.006	0.0048495142515	0.0598954907	FGr	10000	A37	C1	10000	1000	0	0.5	300	0.5
235	0.1499227924869	1.0474417331	0	0	0	0.1499227924869	1.0474417331	NoCorrection	10000	A37	C1	10000	1000	0	0.5	300	0.5
236	-0.00421291605000005	-0.008102585	0	0.566	0.714	-0.00421291605000005	-0.008102585	ID	10000	A37	C1	10000	1000	0	0.5	300	0.5
237	0.0103352790556	0.01024501555	0	0.233	0.649	0.0103352790556	0.01024501555	1	10000	A37	C1	10000	1000	0	0.5	300	1
238	0.02734912817655	0.1238438332	0	0.001	0	0.02734912817655	0.1238438332	FGr	10000	A37	C1	10000	1000	0	0.5	300	1
239	0.325410978288	2.1222664625	0	0	0	0.325410978288	2.1222664625	NoCorrection	10000	A37	C1	10000	1000	0	0.5	300	1
240	0.0119184104017	0.0218003269	0	0.175	0.339	0.0119184104017	0.0218003269	ID	10000	A37	C1	10000	1000	0	0.5	300	1
241	-0.000223886710000073	-0.000223886710000081	0	0.987	0.98	-0.000223886710000073	-0.000223886710000081	1	300	A37	C1	10000	10000	0	0.5	300	0
242	-0.01262287363215	-0.01262287363215	0	0.136	0.129	-0.01262287363215	-0.01262287363215	FGr	300	A37	C1	10000	10000	0	0.5	300	0
243	-0.0129092675494976	-0.0129092675494975	0	0.131	0.124	-0.0129092675494976	-0.0129092675494975	NoCorrection	300	A37	C1	10000	10000	0	0.5	300	0
244	-0.0115645416952	-0.0115645416952	0	0.169	0.192	-0.0115645416952	-0.0115645416952	ID	300	A37	C1	10000	10000	0	0.5	300	0
245	-0.01244028534079	-0.01244028534079	0	0.204	0.193	-0.01244028534079	-0.01244028534079	1	300	A37	C1	10000	10000	0	0.5	300	0.1
246	0.00468730060299994	0.00468730060299995	0	0.614	0.628	0.00468730060299994	0.00468730060299995	FGr	300	A37	C1	10000	10000	0	0.5	300	0.1
247	0.017071265481	0.017071265481	0	0.072	0.069	0.017071265481	0.017071265481	NoCorrection	300	A37	C1	10000	10000	0	0.5	300	0.1
248	-0.01477639290438	-0.01477639290438	0	0.123	0.122	-0.01477639290438	-0.01477639290438	ID	300	A37	C1	10000	10000	0	0.5	300	0.1
249	0.0106917255505405	0.0106917255505405	0	0.214	0.254	0.0106917255505405	0.0106917255505405	1	300	A37	C1	10000	10000	0	0.5	300	0.5
250	0.11851157644245	0.11851157644245	0	0	0	0.11851157644245	0.11851157644245	FGr	300	A37	C1	10000	10000	0	0.5	300	0.5
251	0.188204557218625	0.188204557218625	0	0	0	0.188204557218625	0.188204557218625	NoCorrection	300	A37	C1	10000	10000	0	0.5	300	0.5
252	0.0131816511889	0.0131816511889	0	0.155	0.152	0.0131816511889	0.0131816511889	ID	300	A37	C1	10000	10000	0	0.5	300	0.5
253	0.00357907018731055	0.00357907018731055	0	0.697	0.714	0.00357907018731055	0.00357907018731055	1	300	A37	C1	10000	10000	0	0.5	300	1
254	0.1969466305569	0.1969466305569	0	0	0	0.1969466305569	0.1969466305569	FGr	300	A37	C1	10000	10000	0	0.5	300	1
255	0.32962599762819	0.32962599762819	0	0	0	0.32962599762819	0.32962599762819	NoCorrection	300	A37	C1	10000	10000	0	0.5	300	1
256	0.000933934279950004	0.000933934279950011	0	0.908	0.894	0.000933934279950004	0.000933934279950011	ID	300	A37	C1	10000	10000	0	0.5	300	1
257	0.0058335617678	-0.00109557321500012	0	0.487	0.928	0.0058335617678	-0.00109557321500012	1	1000	A37	C1	10000	10000	0	0.5	300	0
258	-0.00239699449455254	-0.0155857627550001	0	0.783	0.268	-0.00239699449455254	-0.0155857627550001	FGr	1000	A37	C1	10000	10000	0	0.5	300	0
259	-0.00954711961451002	-0.0308757459299998	0	0.273	0.02	-0.00954711961451002	-0.0308757459299998	NoCorrection	1000	A37	C1	10000	10000	0	0.5	300	0
260	0.00519839439746001	-0.00199115584000024	0	0.563	0.893	0.00519839439746001	-0.00199115584000024	ID	1000	A37	C1	10000	10000	0	0.5	300	0
261	-0.00831050845668999	0.0088059122950001	0	0.293	0.455	-0.00831050845668999	0.0088059122950001	1	1000	A37	C1	10000	10000	0	0.5	300	0.1
262	-0.00114843700779011	0.0215461841000002	0	0.875	0.087	-0.00114843700779011	0.0215461841000002	FGr	1000	A37	C1	10000	10000	0	0.5	300	0.1
263	0.0208333319859502	0.0737946046100001	0	0.021	0	0.0208333319859502	0.0737946046100001	NoCorrection	1000	A37	C1	10000	10000	0	0.5	300	0.1
264	-0.0097713646818499	0.00619793726000012	0	0.185	0.57	-0.0097713646818499	0.00619793726000012	ID	1000	A37	C1	10000	10000	0	0.5	300	0.1
265	-0.000755134028599998	-0.0131911730449999	0	0.933	0.297	-0.000755134028599998	-0.0131911730449999	1	1000	A37	C1	10000	10000	0	0.5	300	0.5
266	0.06496886522061	0.13823522805	0	0	0	0.06496886522061	0.13823522805	FGr	1000	A37	C1	10000	10000	0	0.5	300	0.5
267	0.196544270910099	0.43232569489	0	0	0	0.196544270910099	0.43232569489	NoCorrection	1000	A37	C1	10000	10000	0	0.5	300	0.5
268	-0.00112146273805002	-0.01566675362	0	0.872	0.211	-0.00112146273805002	-0.01566675362	ID	1000	A37	C1	10000	10000	0	0.5	300	0.5
269	0.00116267531610002	0.000789402935000086	0	0.888	0.944	0.00116267531610002	0.000789402935000086	1	1000	A37	C1	10000	10000	0	0.5	300	1
270	0.117966768150235	0.256834253835	0	0	0	0.117966768150235	0.256834253835	FGr	1000	A37	C1	10000	10000	0	0.5	300	1
271	0.376303519429049	0.844576204670002	0	0	0	0.376303519429049	0.844576204670002	NoCorrection	1000	A37	C1	10000	10000	0	0.5	300	1
272	-0.000865386136149939	-0.010071046245	0	0.916	0.458	-0.000865386136149939	-0.010071046245	ID	1000	A37	C1	10000	10000	0	0.5	300	1
273	0.00206897705446003	0.00643666144499974	0	0.776	0.738	0.00206897705446003	0.00643666144499974	1	10000	A37	C1	10000	10000	0	0.5	300	0
274	0.00373854538168991	0.0195651432300001	0	0.597	0.357	0.00373854538168991	0.0195651432300001	FGr	10000	A37	C1	10000	10000	0	0.5	300	0
275	-0.000270374583950001	-0.0154707375750002	0	0.96	0.435	-0.000270374583950001	-0.0154707375750002	NoCorrection	10000	A37	C1	10000	10000	0	0.5	300	0
276	0.00152165280879	0.0038294469150002	0	0.816	0.837	0.00152165280879	0.0038294469150002	ID	10000	A37	C1	10000	10000	0	0.5	300	0
277	-0.00563085609245001	-0.0116060649	0	0.472	0.615	-0.00563085609245001	-0.0116060649	1	10000	A37	C1	10000	10000	0	0.5	300	0.1
278	-0.00620586755241	-0.016018911175	0	0.42	0.483	-0.00620586755241	-0.016018911175	FGr	10000	A37	C1	10000	10000	0	0.5	300	0.1
279	0.0260441148225	0.222757975545	0	0.002	0	0.0260441148225	0.222757975545	NoCorrection	10000	A37	C1	10000	10000	0	0.5	300	0.1
280	-0.00621931830796499	-0.0139941068149999	0	0.434	0.533	-0.00621931830796499	-0.0139941068149999	ID	10000	A37	C1	10000	10000	0	0.5	300	0.1
281	-0.00979612217923999	0.0137876433449999	0	0.237	0.493	-0.00979612217923999	0.0137876433449999	1	10000	A37	C1	10000	10000	0	0.5	300	0.5
282	-0.00414283353054	0.0538350644700002	0	0.603	0.015	-0.00414283353054	0.0538350644700002	FGr	10000	A37	C1	10000	10000	0	0.5	300	0.5
283	0.1309945275258	1.013858178765	0	0	0	0.1309945275258	1.013858178765	NoCorrection	10000	A37	C1	10000	10000	0	0.5	300	0.5
284	-0.01054552317305	0.00129185371500023	0	0.184	0.955	-0.01054552317305	0.00129185371500023	ID	10000	A37	C1	10000	10000	0	0.5	300	0.5
285	0.00365168457391004	-0.043625231065	0	0.661	0.033	0.00365168457391004	-0.043625231065	1	10000	A37	C1	10000	10000	0	0.5	300	1
286	0.0147913174177	0.04339677544	0	0.052	0.026	0.0147913174177	0.04339677544	FGr	10000	A37	C1	10000	10000	0	0.5	300	1
287	0.2929673266666	1.99447754175	0	0	0	0.2929673266666	1.99447754175	NoCorrection	10000	A37	C1	10000	10000	0	0.5	300	1
288	0.00339268365892993	-0.0333017930750001	0	0.669	0.091	0.00339268365892993	-0.0333017930750001	ID	10000	A37	C1	10000	10000	0	0.5	300	1
289	0.0214236939525	0.0214236939525	0	0.586	0.559	0.0214236939525	0.0214236939525	1	300	A37	C2	1000	100	0	0.5	300	0
290	0.01535031185	0.01535031185	0	0.68	0.695	0.01535031185	0.01535031185	FGr	300	A37	C2	1000	100	0	0.5	300	0
291	0.01598151065	0.01598151065	0	0.66	0.712	0.01598151065	0.01598151065	NoCorrection	300	A37	C2	1000	100	0	0.5	300	0
292	0.017507940445	0.017507940445	0	0.626	0.625	0.017507940445	0.017507940445	ID	300	A37	C2	1000	100	0	0.5	300	0
293	-0.015466075127	-0.015466075127	0	0.678	0.674	-0.015466075127	-0.015466075127	1	300	A37	C2	1000	100	0	0.5	300	0.1
294	-0.0126525107654	-0.0126525107654	0	0.732	0.722	-0.0126525107654	-0.0126525107654	FGr	300	A37	C2	1000	100	0	0.5	300	0.1
295	-0.01037505378	-0.01037505378	0	0.783	0.756	-0.01037505378	-0.01037505378	NoCorrection	300	A37	C2	1000	100	0	0.5	300	0.1
296	-0.015713531765	-0.015713531765	0	0.646	0.667	-0.015713531765	-0.015713531765	ID	300	A37	C2	1000	100	0	0.5	300	0.1
297	-0.0245784932100001	-0.0245784932100001	0	0.501	0.499	-0.0245784932100001	-0.0245784932100001	1	300	A37	C2	1000	100	0	0.5	300	0.5
298	0.00929327465500006	0.00929327465499997	0	0.812	0.803	0.00929327465500006	0.00929327465499997	FGr	300	A37	C2	1000	100	0	0.5	300	0.5
299	0.00673675326000005	0.00673675325999995	0	0.891	0.879	0.00673675326000005	0.00673675325999995	NoCorrection	300	A37	C2	1000	100	0	0.5	300	0.5
300	-0.0218061814400001	-0.02180618144	0	0.534	0.524	-0.0218061814400001	-0.02180618144	ID	300	A37	C2	1000	100	0	0.5	300	0.5
301	0.00872563335799999	0.00872563335799994	0	0.802	0.809	0.00872563335799999	0.00872563335799994	1	300	A37	C2	1000	100	0	0.5	300	1
302	0.06560695258	0.06560695258	0	0.192	0.207	0.06560695258	0.06560695258	FGr	300	A37	C2	1000	100	0	0.5	300	1
303	0.06358572233	0.06358572233	0	0.198	0.206	0.06358572233	0.06358572233	NoCorrection	300	A37	C2	1000	100	0	0.5	300	1
304	0.0143480692900001	0.01434806929	0	0.682	0.689	0.0143480692900001	0.01434806929	ID	300	A37	C2	1000	100	0	0.5	300	1
305	-0.0157178210700001	0.111600281	0	0.63	0.047	-0.0157178210700001	0.111600281	1	1000	A37	C2	1000	100	0	0.5	300	0
306	-0.012705256425	0.1012856605	0	0.682	0.056	-0.012705256425	0.1012856605	FGr	1000	A37	C2	1000	100	0	0.5	300	0
307	-0.01272797853	0.1011621635	0	0.684	0.061	-0.01272797853	0.1011621635	NoCorrection	1000	A37	C2	1000	100	0	0.5	300	0
308	-0.015638960985	0.1016269575	0	0.618	0.064	-0.015638960985	0.1016269575	ID	1000	A37	C2	1000	100	0	0.5	300	0
309	0.0365673042849999	0.033652109	0	0.282	0.573	0.0365673042849999	0.033652109	1	1000	A37	C2	1000	100	0	0.5	300	0.1
310	0.031559911225	0.03124314	0	0.351	0.565	0.031559911225	0.03124314	FGr	1000	A37	C2	1000	100	0	0.5	300	0.1
311	0.03159211234	0.030673998	0	0.378	0.585	0.03159211234	0.030673998	NoCorrection	1000	A37	C2	1000	100	0	0.5	300	0.1
312	0.036062689045	0.0321179615	0	0.283	0.546	0.036062689045	0.0321179615	ID	1000	A37	C2	1000	100	0	0.5	300	0.1
313	0.03396922104	0.0122857770000001	0	0.26	0.814	0.03396922104	0.0122857770000001	1	1000	A37	C2	1000	100	0	0.5	300	0.5
314	0.0222800701135	0.0459681374999999	0	0.535	0.45	0.0222800701135	0.0459681374999999	FGr	1000	A37	C2	1000	100	0	0.5	300	0.5
315	0.022360047723	0.0459078934999999	0	0.492	0.465	0.022360047723	0.0459078934999999	NoCorrection	1000	A37	C2	1000	100	0	0.5	300	0.5
316	0.03359203521	0.03494428	0	0.254	0.512	0.03359203521	0.03494428	ID	1000	A37	C2	1000	100	0	0.5	300	0.5
317	-0.055069798455	-0.0678613474999999	0	0.138	0.251	-0.055069798455	-0.0678613474999999	1	1000	A37	C2	1000	100	0	0.5	300	1
318	-0.087235649905	-0.156212313	0	0.055	0.062	-0.087235649905	-0.156212313	FGr	1000	A37	C2	1000	100	0	0.5	300	1
319	-0.086284997815	-0.155981908	0	0.081	0.058	-0.086284997815	-0.155981908	NoCorrection	1000	A37	C2	1000	100	0	0.5	300	1
320	-0.055059977666	-0.0629326055	0	0.138	0.302	-0.055059977666	-0.0629326055	ID	1000	A37	C2	1000	100	0	0.5	300	1
321	0.0481549851499999	-0.0457061405000001	0	0.129	0.604	0.0481549851499999	-0.0457061405000001	1	10000	A37	C2	1000	100	0	0.5	300	0
322	0.04803694347	-0.0392720505	0	0.117	0.652	0.04803694347	-0.0392720505	FGr	10000	A37	C2	1000	100	0	0.5	300	0
323	0.0483497635499999	-0.054687435	0	0.112	0.541	0.0483497635499999	-0.054687435	NoCorrection	10000	A37	C2	1000	100	0	0.5	300	0
324	0.048218122485	-0.0449743025000001	0	0.111	0.645	0.048218122485	-0.0449743025000001	ID	10000	A37	C2	1000	100	0	0.5	300	0
325	-0.02170074198	0.0648519755000001	0	0.506	0.455	-0.02170074198	0.0648519755000001	1	10000	A37	C2	1000	100	0	0.5	300	0.1
326	-0.02283822173	0.107878952	0	0.513	0.197	-0.02283822173	0.107878952	FGr	10000	A37	C2	1000	100	0	0.5	300	0.1
327	-0.02278509932	0.126621245	0	0.47	0.113	-0.02278509932	0.126621245	NoCorrection	10000	A37	C2	1000	100	0	0.5	300	0.1
328	-0.022191900085	0.0579975699999997	0	0.532	0.459	-0.022191900085	0.0579975699999997	ID	10000	A37	C2	1000	100	0	0.5	300	0.1
329	0.00508063784	0.0745048805	0	0.879	0.333	0.00508063784	0.0745048805	1	10000	A37	C2	1000	100	0	0.5	300	0.5
330	-0.00431864411999997	0.0600385699999999	0	0.935	0.544	-0.00431864411999997	0.0600385699999999	FGr	10000	A37	C2	1000	100	0	0.5	300	0.5
331	-0.00432261591150004	0.05961712	0	0.911	0.508	-0.00432261591150004	0.05961712	NoCorrection	10000	A37	C2	1000	100	0	0.5	300	0.5
332	0.00176910145199997	0.063866395	0	0.954	0.464	0.00176910145199997	0.063866395	ID	10000	A37	C2	1000	100	0	0.5	300	0.5
333	0.018868810274	-0.0168125165	0	0.566	0.848	0.018868810274	-0.0168125165	1	10000	A37	C2	1000	100	0	0.5	300	1
334	0.00176529395000002	0.06058717	0	0.968	0.646	0.00176529395000002	0.06058717	FGr	10000	A37	C2	1000	100	0	0.5	300	1
335	0.00191063029000002	0.061582045	0	0.972	0.618	0.00191063029000002	0.061582045	NoCorrection	10000	A37	C2	1000	100	0	0.5	300	1
336	0.012990889185	-1.8945000000099e-05	0	0.695	1	0.012990889185	-1.8945000000099e-05	ID	10000	A37	C2	1000	100	0	0.5	300	1
337	0.0103559526439999	0.010355952644	0	0.605	0.63	0.0103559526439999	0.010355952644	1	300	A37	C2	1000	1000	0	0.5	300	0
338	0.0103545813475	0.0103545813475	0	0.631	0.614	0.0103545813475	0.0103545813475	FGr	300	A37	C2	1000	1000	0	0.5	300	0
339	0.0104740569765	0.0104740569765001	0	0.637	0.609	0.0104740569765	0.0104740569765001	NoCorrection	300	A37	C2	1000	1000	0	0.5	300	0
340	0.011370139713	0.0113701397130001	0	0.587	0.578	0.011370139713	0.0113701397130001	ID	300	A37	C2	1000	1000	0	0.5	300	0
341	0.019491171551	0.019491171551	0	0.341	0.327	0.019491171551	0.019491171551	1	300	A37	C2	1000	1000	0	0.5	300	0.1
342	0.0198413182209998	0.0198413182209998	0	0.33	0.337	0.0198413182209998	0.0198413182209998	FGr	300	A37	C2	1000	1000	0	0.5	300	0.1
343	0.0202286531937003	0.0202286531937003	0	0.291	0.324	0.0202286531937003	0.0202286531937003	NoCorrection	300	A37	C2	1000	1000	0	0.5	300	0.1
344	0.0189102109229999	0.0189102109229999	0	0.365	0.351	0.0189102109229999	0.0189102109229999	ID	300	A37	C2	1000	1000	0	0.5	300	0.1
345	0.0233324372059996	0.0233324372059998	0	0.254	0.256	0.0233324372059996	0.0233324372059998	1	300	A37	C2	1000	1000	0	0.5	300	0.5
346	0.0298007551005002	0.0298007551005003	0	0.2	0.224	0.0298007551005002	0.0298007551005003	FGr	300	A37	C2	1000	1000	0	0.5	300	0.5
347	0.02987788841412	0.02987788841412	0	0.22	0.215	0.02987788841412	0.02987788841412	NoCorrection	300	A37	C2	1000	1000	0	0.5	300	0.5
348	0.0222337851094998	0.0222337851094997	0	0.297	0.278	0.0222337851094998	0.0222337851094997	ID	300	A37	C2	1000	1000	0	0.5	300	0.5
349	-0.000683426956999674	-0.000683426956999743	0	0.979	0.973	-0.000683426956999674	-0.000683426956999743	1	300	A37	C2	1000	1000	0	0.5	300	1
350	0.0103707409100001	0.01037074091	0	0.741	0.746	0.0103707409100001	0.01037074091	FGr	300	A37	C2	1000	1000	0	0.5	300	1
351	0.01050553354	0.01050553354	0	0.746	0.725	0.01050553354	0.01050553354	NoCorrection	300	A37	C2	1000	1000	0	0.5	300	1
352	-0.00298712919854975	-0.00298712919854976	0	0.888	0.873	-0.00298712919854975	-0.00298712919854976	ID	300	A37	C2	1000	1000	0	0.5	300	1
353	0.0116045828682	0.0316114725	0	0.619	0.392	0.0116045828682	0.0316114725	1	1000	A37	C2	1000	1000	0	0.5	300	0
354	0.010344617359	0.026635438	0	0.642	0.474	0.010344617359	0.026635438	FGr	1000	A37	C2	1000	1000	0	0.5	300	0
355	0.0106476334138	0.0251437362	0	0.611	0.484	0.0106476334138	0.0251437362	NoCorrection	1000	A37	C2	1000	1000	0	0.5	300	0
356	0.010788623372	0.0294619389	0	0.646	0.446	0.010788623372	0.0294619389	ID	1000	A37	C2	1000	1000	0	0.5	300	0
357	0.01653229532	-0.0170018465	0	0.417	0.613	0.01653229532	-0.0170018465	1	1000	A37	C2	1000	1000	0	0.5	300	0.1
358	0.0156066044165	-0.0157094196000001	0	0.454	0.629	0.0156066044165	-0.0157094196000001	FGr	1000	A37	C2	1000	1000	0	0.5	300	0.1
359	0.01572938188225	-0.0166628342500001	0	0.468	0.597	0.01572938188225	-0.0166628342500001	NoCorrection	1000	A37	C2	1000	1000	0	0.5	300	0.1
360	0.0159678476324	-0.0167113011	0	0.474	0.635	0.0159678476324	-0.0167113011	ID	1000	A37	C2	1000	1000	0	0.5	300	0.1
361	0.010256439395	-0.0429426573500001	0	0.663	0.209	0.010256439395	-0.0429426573500001	1	1000	A37	C2	1000	1000	0	0.5	300	0.5
362	0.00712712759850004	-0.0390341922999995	0	0.768	0.238	0.00712712759850004	-0.0390341922999995	FGr	1000	A37	C2	1000	1000	0	0.5	300	0.5
363	0.00758286540624009	-0.0438627999999999	0	0.726	0.24	0.00758286540624009	-0.0438627999999999	NoCorrection	1000	A37	C2	1000	1000	0	0.5	300	0.5
364	0.00818147366899996	-0.0391466605999998	0	0.714	0.273	0.00818147366899996	-0.0391466605999998	ID	1000	A37	C2	1000	1000	0	0.5	300	0.5
365	-0.0208277893000002	-0.0708647621499999	0	0.39	0.044	-0.0208277893000002	-0.0708647621499999	1	1000	A37	C2	1000	1000	0	0.5	300	1
366	-0.0305871824000002	-0.02152146115	0	0.4	0.696	-0.0305871824000002	-0.02152146115	FGr	1000	A37	C2	1000	1000	0	0.5	300	1
367	-0.0304518646049999	-0.0236304311499999	0	0.392	0.632	-0.0304518646049999	-0.0236304311499999	NoCorrection	1000	A37	C2	1000	1000	0	0.5	300	1
368	-0.0284037716011	-0.0485148634	0	0.228	0.161	-0.0284037716011	-0.0485148634	ID	1000	A37	C2	1000	1000	0	0.5	300	1
369	0.0173118496575	-0.000198751499999971	0	0.426	0.999	0.0173118496575	-0.000198751499999971	1	10000	A37	C2	1000	1000	0	0.5	300	0
370	0.0195861199156599	0.00935444369999986	0	0.352	0.856	0.0195861199156599	0.00935444369999986	FGr	10000	A37	C2	1000	1000	0	0.5	300	0
371	0.0196620821240001	0.00161499635000002	0	0.338	0.972	0.0196620821240001	0.00161499635000002	NoCorrection	10000	A37	C2	1000	1000	0	0.5	300	0
372	0.0176674104229502	0.00984450940000013	0	0.397	0.854	0.0176674104229502	0.00984450940000013	ID	10000	A37	C2	1000	1000	0	0.5	300	0
373	-0.00382039262174992	-0.063156435	0	0.847	0.202	-0.00382039262174992	-0.063156435	1	10000	A37	C2	1000	1000	0	0.5	300	0.1
374	-0.00126301664799999	-0.0746688124000003	0	0.946	0.132	-0.00126301664799999	-0.0746688124000003	FGr	10000	A37	C2	1000	1000	0	0.5	300	0.1
375	-0.00160186845349994	-0.0704605513499999	0	0.952	0.149	-0.00160186845349994	-0.0704605513499999	NoCorrection	10000	A37	C2	1000	1000	0	0.5	300	0.1
376	-0.00364707723399999	-0.0739329138	0	0.867	0.121	-0.00364707723399999	-0.0739329138	ID	10000	A37	C2	1000	1000	0	0.5	300	0.1
377	-0.0230105899254999	0.0451458560000003	0	0.314	0.397	-0.0230105899254999	0.0451458560000003	1	10000	A37	C2	1000	1000	0	0.5	300	0.5
378	-0.0347207816091127	0.0583496680000001	0	0.132	0.328	-0.0347207816091127	0.0583496680000001	FGr	10000	A37	C2	1000	1000	0	0.5	300	0.5
379	-0.0340939555714	0.0585614329999996	0	0.132	0.333	-0.0340939555714	0.0585614329999996	NoCorrection	10000	A37	C2	1000	1000	0	0.5	300	0.5
380	-0.023392292319925	0.0163877835999999	0	0.292	0.778	-0.023392292319925	0.0163877835999999	ID	10000	A37	C2	1000	1000	0	0.5	300	0.5
381	0.0142984651350901	0.0958605791000001	0	0.479	0.049	0.0142984651350901	0.0958605791000001	1	10000	A37	C2	1000	1000	0	0.5	300	1
382	-0.0105168389345	-0.0614989909999996	0	0.745	0.407	-0.0105168389345	-0.0614989909999996	FGr	10000	A37	C2	1000	1000	0	0.5	300	1
383	-0.010494623423	-0.0600580130000001	0	0.725	0.405	-0.010494623423	-0.0600580130000001	NoCorrection	10000	A37	C2	1000	1000	0	0.5	300	1
384	0.0134432242979999	0.09915487445	0	0.499	0.039	0.0134432242979999	0.09915487445	ID	10000	A37	C2	1000	1000	0	0.5	300	1
385	0.0365758814992001	0.0365758814992001	0	0.031	0.047	0.0365758814992001	0.0365758814992001	1	300	A37	C2	1000	10000	0	0.5	300	0
386	0.0366599272604996	0.0366599272604997	0	0.042	0.038	0.0366599272604996	0.0366599272604997	FGr	300	A37	C2	1000	10000	0	0.5	300	0
387	0.0369055249241007	0.0369055249241005	0	0.036	0.026	0.0369055249241007	0.0369055249241005	NoCorrection	300	A37	C2	1000	10000	0	0.5	300	0
388	0.03784654526965	0.03784654526965	0	0.031	0.031	0.03784654526965	0.03784654526965	ID	300	A37	C2	1000	10000	0	0.5	300	0
389	0.0278766490011501	0.0278766490011501	0	0.177	0.197	0.0278766490011501	0.0278766490011501	1	300	A37	C2	1000	10000	0	0.5	300	0.1
390	0.02273497682275	0.02273497682275	0	0.263	0.265	0.02273497682275	0.02273497682275	FGr	300	A37	C2	1000	10000	0	0.5	300	0.1
391	0.022626341984585	0.022626341984585	0	0.288	0.268	0.022626341984585	0.022626341984585	NoCorrection	300	A37	C2	1000	10000	0	0.5	300	0.1
392	0.0234066412743	0.0234066412743	0	0.267	0.247	0.0234066412743	0.0234066412743	ID	300	A37	C2	1000	10000	0	0.5	300	0.1
393	-0.0118000784295002	-0.0118000784295003	0	0.494	0.495	-0.0118000784295002	-0.0118000784295003	1	300	A37	C2	1000	10000	0	0.5	300	0.5
394	0.00271379101634965	0.00271379101634956	0	0.882	0.893	0.00271379101634965	0.00271379101634956	FGr	300	A37	C2	1000	10000	0	0.5	300	0.5
395	0.00183257581859954	0.00183257581859952	0	0.92	0.933	0.00183257581859954	0.00183257581859952	NoCorrection	300	A37	C2	1000	10000	0	0.5	300	0.5
396	-0.00518576453719955	-0.00518576453719953	0	0.757	0.766	-0.00518576453719955	-0.00518576453719953	ID	300	A37	C2	1000	10000	0	0.5	300	0.5
397	-0.00903303117377497	-0.00903303117377496	0	0.68	0.663	-0.00903303117377497	-0.00903303117377496	1	300	A37	C2	1000	10000	0	0.5	300	1
398	0.0135920428927003	0.0135920428927003	0	0.611	0.649	0.0135920428927003	0.0135920428927003	FGr	300	A37	C2	1000	10000	0	0.5	300	1
399	0.0132108859516996	0.0132108859516996	0	0.622	0.646	0.0132108859516996	0.0132108859516996	NoCorrection	300	A37	C2	1000	10000	0	0.5	300	1
400	0.000746298755800142	0.000746298755800153	0	0.967	0.968	0.000746298755800142	0.000746298755800153	ID	300	A37	C2	1000	10000	0	0.5	300	1
401	-0.0107424857523	0.0148377431849999	0	0.495	0.581	-0.0107424857523	0.0148377431849999	1	1000	A37	C2	1000	10000	0	0.5	300	0
402	-0.01056854223595	0.01023557192	0	0.513	0.696	-0.01056854223595	0.01023557192	FGr	1000	A37	C2	1000	10000	0	0.5	300	0
403	-0.010675942681385	0.0105497100800001	0	0.511	0.721	-0.010675942681385	0.0105497100800001	NoCorrection	1000	A37	C2	1000	10000	0	0.5	300	0
404	-0.0104255659768	0.0148367681	0	0.502	0.623	-0.0104255659768	0.0148367681	ID	1000	A37	C2	1000	10000	0	0.5	300	0
405	0.0212459306655498	0.0230159904150002	0	0.193	0.444	0.0212459306655498	0.0230159904150002	1	1000	A37	C2	1000	10000	0	0.5	300	0.1
406	0.0205396303640002	0.0150076655699998	0	0.216	0.603	0.0205396303640002	0.0150076655699998	FGr	1000	A37	C2	1000	10000	0	0.5	300	0.1
407	0.0204284724284999	0.0215308262399999	0	0.219	0.485	0.0204284724284999	0.0215308262399999	NoCorrection	1000	A37	C2	1000	10000	0	0.5	300	0.1
408	0.0201163127789	0.0163711163000003	0	0.221	0.586	0.0201163127789	0.0163711163000003	ID	1000	A37	C2	1000	10000	0	0.5	300	0.1
409	-0.00750212650300003	-0.00285736016999918	0	0.764	0.932	-0.00750212650300003	-0.00285736016999918	1	1000	A37	C2	1000	10000	0	0.5	300	0.5
410	-0.00909207329870916	0.011171728545	0	0.677	0.765	-0.00909207329870916	0.011171728545	FGr	1000	A37	C2	1000	10000	0	0.5	300	0.5
411	-0.00902513258589893	0.0155043642949995	0	0.688	0.628	-0.00902513258589893	0.0155043642949995	NoCorrection	1000	A37	C2	1000	10000	0	0.5	300	0.5
412	-0.00998288138505024	0.0042322490049994	0	0.597	0.877	-0.00998288138505024	0.0042322490049994	ID	1000	A37	C2	1000	10000	0	0.5	300	0.5
413	0.00877543388429991	-0.0159898819050008	0	0.642	0.638	0.00877543388429991	-0.0159898819050008	1	1000	A37	C2	1000	10000	0	0.5	300	1
414	0.0047435427054982	0.0466132337200009	0	0.866	0.334	0.0047435427054982	0.0466132337200009	FGr	1000	A37	C2	1000	10000	0	0.5	300	1
415	0.00476394200470148	0.0515055111050005	0	0.871	0.238	0.00476394200470148	0.0515055111050005	NoCorrection	1000	A37	C2	1000	10000	0	0.5	300	1
416	0.00216722869160064	-0.0222895229350005	0	0.905	0.528	0.00216722869160064	-0.0222895229350005	ID	1000	A37	C2	1000	10000	0	0.5	300	1
417	-0.00683807965205032	0.0573516969950006	0	0.719	0.199	-0.00683807965205032	0.0573516969950006	1	10000	A37	C2	1000	10000	0	0.5	300	0
418	-0.00685937554090018	0.0516565839000001	0	0.705	0.262	-0.00685937554090018	0.0516565839000001	FGr	10000	A37	C2	1000	10000	0	0.5	300	0
419	-0.00659670468593021	0.05957462567	0	0.689	0.196	-0.00659670468593021	0.05957462567	NoCorrection	10000	A37	C2	1000	10000	0	0.5	300	0
420	-0.00676495038374978	0.0593529799700002	0	0.691	0.208	-0.00676495038374978	0.0593529799700002	ID	10000	A37	C2	1000	10000	0	0.5	300	0
421	0.0193054849125	-0.100022961595002	0	0.289	0.047	0.0193054849125	-0.100022961595002	1	10000	A37	C2	1000	10000	0	0.5	300	0.1
422	0.0201940785706	-0.1023679672	0	0.285	0.042	0.0201940785706	-0.1023679672	FGr	10000	A37	C2	1000	10000	0	0.5	300	0.1
423	0.0193123180667	-0.0912611761399991	0	0.301	0.063	0.0193123180667	-0.0912611761399991	NoCorrection	10000	A37	C2	1000	10000	0	0.5	300	0.1
424	0.0193631614459	-0.0894961510849989	0	0.27	0.071	0.0193631614459	-0.0894961510849989	ID	10000	A37	C2	1000	10000	0	0.5	300	0.1
425	-0.0190903727322499	0.0667406224500005	0	0.315	0.148	-0.0190903727322499	0.0667406224500005	1	10000	A37	C2	1000	10000	0	0.5	300	0.5
426	-0.015210205188235	0.0675726931000014	0	0.47	0.198	-0.015210205188235	0.0675726931000014	FGr	10000	A37	C2	1000	10000	0	0.5	300	0.5
427	-0.0164276371800993	0.0728344850000001	0	0.45	0.189	-0.0164276371800993	0.0728344850000001	NoCorrection	10000	A37	C2	1000	10000	0	0.5	300	0.5
428	-0.0186983975688997	0.0726156881500002	0	0.318	0.113	-0.0186983975688997	0.0726156881500002	ID	10000	A37	C2	1000	10000	0	0.5	300	0.5
429	0.00496437977980029	-0.0275991879100026	0	0.833	0.549	0.00496437977980029	-0.0275991879100026	1	10000	A37	C2	1000	10000	0	0.5	300	1
430	0.00903426536435025	-0.0736817821000001	0	0.72	0.298	0.00903426536435025	-0.0736817821000001	FGr	10000	A37	C2	1000	10000	0	0.5	300	1
431	0.00927381418710038	-0.0759292618999998	0	0.75	0.281	0.00927381418710038	-0.0759292618999998	NoCorrection	10000	A37	C2	1000	10000	0	0.5	300	1
432	0.00573057136501955	-0.0409775508350002	0	0.8	0.38	0.00573057136501955	-0.0409775508350002	ID	10000	A37	C2	1000	10000	0	0.5	300	1
433	-0.00111831708	-0.00111831708	0	0.922	0.92	-0.00111831708	-0.00111831708	1	300	A37	C2	10000	100	0	0.5	300	0
434	-0.00194521238445	-0.00194521238445	0	0.87	0.865	-0.00194521238445	-0.00194521238445	FGr	300	A37	C2	10000	100	0	0.5	300	0
435	-0.00195836457985	-0.00195836457985001	0	0.856	0.854	-0.00195836457985	-0.00195836457985001	NoCorrection	300	A37	C2	10000	100	0	0.5	300	0
436	-0.0009781354	-0.0009781354	0	0.943	0.936	-0.0009781354	-0.0009781354	ID	300	A37	C2	10000	100	0	0.5	300	0
437	0.012560536936	0.012560536936	0	0.267	0.288	0.012560536936	0.012560536936	1	300	A37	C2	10000	100	0	0.5	300	0.1
438	0.0169422175035	0.0169422175035	0	0.17	0.175	0.0169422175035	0.0169422175035	FGr	300	A37	C2	10000	100	0	0.5	300	0.1
439	0.016949668107	0.016949668107	0	0.167	0.193	0.016949668107	0.016949668107	NoCorrection	300	A37	C2	10000	100	0	0.5	300	0.1
440	0.012237655593	0.012237655593	0	0.282	0.28	0.012237655593	0.012237655593	ID	300	A37	C2	10000	100	0	0.5	300	0.1
441	-0.013726119625	-0.013726119625	0	0.23	0.196	-0.013726119625	-0.013726119625	1	300	A37	C2	10000	100	0	0.5	300	0.5
442	0.0077949839155	0.00779498391549998	0	0.722	0.703	0.0077949839155	0.00779498391549998	FGr	300	A37	C2	10000	100	0	0.5	300	0.5
443	0.00797631913499999	0.00797631913500001	0	0.677	0.679	0.00797631913499999	0.00797631913500001	NoCorrection	300	A37	C2	10000	100	0	0.5	300	0.5
444	-0.015493692266	-0.015493692266	0	0.128	0.147	-0.015493692266	-0.015493692266	ID	300	A37	C2	10000	100	0	0.5	300	0.5
445	-0.00131788874500001	-0.001317888745	0	0.906	0.901	-0.00131788874500001	-0.001317888745	1	300	A37	C2	10000	100	0	0.5	300	1
446	0.03912606875	0.03912606875	0	0.273	0.244	0.03912606875	0.03912606875	FGr	300	A37	C2	10000	100	0	0.5	300	1
447	0.03969407104	0.03969407104	0	0.267	0.243	0.03969407104	0.03969407104	NoCorrection	300	A37	C2	10000	100	0	0.5	300	1
448	-0.004177537917	-0.004177537917	0	0.677	0.691	-0.004177537917	-0.004177537917	ID	300	A37	C2	10000	100	0	0.5	300	1
449	0.00759773721	0.014859207	0	0.497	0.379	0.00759773721	0.014859207	1	1000	A37	C2	10000	100	0	0.5	300	0
450	0.00713698841500001	0.0111802715	0	0.543	0.469	0.00713698841500001	0.0111802715	FGr	1000	A37	C2	10000	100	0	0.5	300	0
451	0.00712521525	0.0111651485	0	0.53	0.508	0.00712521525	0.0111651485	NoCorrection	1000	A37	C2	10000	100	0	0.5	300	0
452	0.007377859115	0.0154386485	0	0.532	0.359	0.007377859115	0.0154386485	ID	1000	A37	C2	10000	100	0	0.5	300	0
453	-0.0043728440185	-0.0080871755	0	0.721	0.661	-0.0043728440185	-0.0080871755	1	1000	A37	C2	10000	100	0	0.5	300	0.1
454	-0.00626584845500001	-0.0164560175	0	0.614	0.356	-0.00626584845500001	-0.0164560175	FGr	1000	A37	C2	10000	100	0	0.5	300	0.1
455	-0.00629373937000001	-0.020249779	0	0.598	0.24	-0.00629373937000001	-0.020249779	NoCorrection	1000	A37	C2	10000	100	0	0.5	300	0.1
456	-0.0042542710205	-0.00760158700000001	0	0.734	0.659	-0.0042542710205	-0.00760158700000001	ID	1000	A37	C2	10000	100	0	0.5	300	0.1
457	0.002827761166	0.010469788	0	0.792	0.593	0.002827761166	0.010469788	1	1000	A37	C2	10000	100	0	0.5	300	0.5
458	-0.010189096277	-0.0328357005	0	0.643	0.321	-0.010189096277	-0.0328357005	FGr	1000	A37	C2	10000	100	0	0.5	300	0.5
459	-0.0107184366	-0.0359034655	0	0.611	0.291	-0.0107184366	-0.0359034655	NoCorrection	1000	A37	C2	10000	100	0	0.5	300	0.5
460	0.00346283161069999	0.0109851345	0	0.762	0.563	0.00346283161069999	0.0109851345	ID	1000	A37	C2	10000	100	0	0.5	300	0.5
461	-0.00774186794949998	-0.00260604650000006	0	0.455	0.897	-0.00774186794949998	-0.00260604650000006	1	1000	A37	C2	10000	100	0	0.5	300	1
462	-0.0342112663300001	-0.1045812	0	0.405	0.058	-0.0342112663300001	-0.1045812	FGr	1000	A37	C2	10000	100	0	0.5	300	1
463	-0.03489622236	-0.1137882615	0	0.376	0.04	-0.03489622236	-0.1137882615	NoCorrection	1000	A37	C2	10000	100	0	0.5	300	1
464	-0.00750698980500002	0.010517046	0	0.466	0.594	-0.00750698980500002	0.010517046	ID	1000	A37	C2	10000	100	0	0.5	300	1
465	-0.00207155976	-0.030065064	0	0.844	0.266	-0.00207155976	-0.030065064	1	10000	A37	C2	10000	100	0	0.5	300	0
466	-0.002044125835	-0.034825722	0	0.85	0.19	-0.002044125835	-0.034825722	FGr	10000	A37	C2	10000	100	0	0.5	300	0
467	-0.00203787815500001	-0.0348224325	0	0.841	0.207	-0.00203787815500001	-0.0348224325	NoCorrection	10000	A37	C2	10000	100	0	0.5	300	0
468	-0.00207788170699999	-0.024294952	0	0.823	0.402	-0.00207788170699999	-0.024294952	ID	10000	A37	C2	10000	100	0	0.5	300	0
469	0.010219594017	0.0404145055	0	0.393	0.149	0.010219594017	0.0404145055	1	10000	A37	C2	10000	100	0	0.5	300	0.1
470	0.010287967895	0.0509454965	0	0.402	0.062	0.010287967895	0.0509454965	FGr	10000	A37	C2	10000	100	0	0.5	300	0.1
471	0.01026964797	0.050917819	0	0.381	0.077	0.01026964797	0.050917819	NoCorrection	10000	A37	C2	10000	100	0	0.5	300	0.1
472	0.01024050031	0.0336026315	0	0.382	0.22	0.01024050031	0.0336026315	ID	10000	A37	C2	10000	100	0	0.5	300	0.1
473	-0.018050699002	0.00244292950000002	0	0.084	0.939	-0.018050699002	0.00244292950000002	1	10000	A37	C2	10000	100	0	0.5	300	0.5
474	-0.01718082056	0.013451909	0	0.405	0.791	-0.01718082056	0.013451909	FGr	10000	A37	C2	10000	100	0	0.5	300	0.5
475	-0.01731808172	0.0185658765	0	0.395	0.721	-0.01731808172	0.0185658765	NoCorrection	10000	A37	C2	10000	100	0	0.5	300	0.5
476	-0.017927457645	0.016393026	0	0.072	0.573	-0.017927457645	0.016393026	ID	10000	A37	C2	10000	100	0	0.5	300	0.5
477	-0.014677049431	-0.0379796625	0	0.2	0.173	-0.014677049431	-0.0379796625	1	10000	A37	C2	10000	100	0	0.5	300	1
478	-0.012912948835	-0.028099975	0	0.723	0.751	-0.012912948835	-0.028099975	FGr	10000	A37	C2	10000	100	0	0.5	300	1
479	-0.013120034515	-0.044512075	0	0.719	0.64	-0.013120034515	-0.044512075	NoCorrection	10000	A37	C2	10000	100	0	0.5	300	1
480	-0.0144140247525	-0.036233057	0	0.222	0.189	-0.0144140247525	-0.036233057	ID	10000	A37	C2	10000	100	0	0.5	300	1
481	0.00500989224300002	0.00500989224300003	0	0.458	0.53	0.00500989224300002	0.00500989224300003	1	300	A37	C2	10000	1000	0	0.5	300	0
482	0.00316010978349996	0.00316010978349995	0	0.667	0.674	0.00316010978349996	0.00316010978349995	FGr	300	A37	C2	10000	1000	0	0.5	300	0
483	0.00312924200526998	0.00312924200527001	0	0.679	0.683	0.00312924200526998	0.00312924200527001	NoCorrection	300	A37	C2	10000	1000	0	0.5	300	0
484	0.00418039087744994	0.00418039087744994	0	0.571	0.564	0.00418039087744994	0.00418039087744994	ID	300	A37	C2	10000	1000	0	0.5	300	0
485	0.002065314217	0.002065314217	0	0.745	0.752	0.002065314217	0.002065314217	1	300	A37	C2	10000	1000	0	0.5	300	0.1
486	-0.000229876737499989	-0.000229876737499991	0	0.958	0.98	-0.000229876737499989	-0.000229876737499991	FGr	300	A37	C2	10000	1000	0	0.5	300	0.1
487	-0.000231642522999984	-0.000231642522999989	0	0.971	0.966	-0.000231642522999984	-0.000231642522999989	NoCorrection	300	A37	C2	10000	1000	0	0.5	300	0.1
488	0.00181058758	0.00181058758	0	0.791	0.805	0.00181058758	0.00181058758	ID	300	A37	C2	10000	1000	0	0.5	300	0.1
489	-0.00449686286730001	-0.0044968628673	0	0.464	0.447	-0.00449686286730001	-0.0044968628673	1	300	A37	C2	10000	1000	0	0.5	300	0.5
490	-0.0220862823241	-0.0220862823241	0	0.041	0.038	-0.0220862823241	-0.0220862823241	FGr	300	A37	C2	10000	1000	0	0.5	300	0.5
491	-0.022168554952	-0.022168554952	0	0.049	0.046	-0.022168554952	-0.022168554952	NoCorrection	300	A37	C2	10000	1000	0	0.5	300	0.5
492	-0.00535598514199999	-0.00535598514199999	0	0.401	0.368	-0.00535598514199999	-0.00535598514199999	ID	300	A37	C2	10000	1000	0	0.5	300	0.5
493	0.0104992583305	0.0104992583305	0	0.117	0.08	0.0104992583305	0.0104992583305	1	300	A37	C2	10000	1000	0	0.5	300	1
494	-0.0269238557475	-0.0269238557475	0	0.195	0.193	-0.0269238557475	-0.0269238557475	FGr	300	A37	C2	10000	1000	0	0.5	300	1
495	-0.027047310496	-0.027047310496	0	0.191	0.218	-0.027047310496	-0.027047310496	NoCorrection	300	A37	C2	10000	1000	0	0.5	300	1
496	0.0069884964805	0.00698849648049999	0	0.273	0.258	0.0069884964805	0.00698849648049999	ID	300	A37	C2	10000	1000	0	0.5	300	1
497	0.00747872859955002	-0.00179100220000007	0	0.266	0.859	0.00747872859955002	-0.00179100220000007	1	1000	A37	C2	10000	1000	0	0.5	300	0
498	0.00830793509504999	-0.00599876284999991	0	0.22	0.584	0.00830793509504999	-0.00599876284999991	FGr	1000	A37	C2	10000	1000	0	0.5	300	0
499	0.00831292394034998	-0.00551195949999992	0	0.231	0.638	0.00831292394034998	-0.00551195949999992	NoCorrection	1000	A37	C2	10000	1000	0	0.5	300	0
500	0.0072812138251	9.8377999999999e-05	0	0.316	0.995	0.0072812138251	9.8377999999999e-05	ID	1000	A37	C2	10000	1000	0	0.5	300	0
501	-0.001610304613	-0.000944229749999994	0	0.764	0.932	-0.001610304613	-0.000944229749999994	1	1000	A37	C2	10000	1000	0	0.5	300	0.1
502	0.00103860375050005	0.00676443904999996	0	0.845	0.49	0.00103860375050005	0.00676443904999996	FGr	1000	A37	C2	10000	1000	0	0.5	300	0.1
503	0.00104261108200003	0.00615685064999997	0	0.869	0.553	0.00104261108200003	0.00615685064999997	NoCorrection	1000	A37	C2	10000	1000	0	0.5	300	0.1
504	-0.00151830566400004	0.000457605250000005	0	0.797	0.972	-0.00151830566400004	0.000457605250000005	ID	1000	A37	C2	10000	1000	0	0.5	300	0.1
505	-0.00406305939650004	0.00568539954999999	0	0.564	0.609	-0.00406305939650004	0.00568539954999999	1	1000	A37	C2	10000	1000	0	0.5	300	0.5
506	0.0120635462897	0.00233093820000004	0	0.34	0.914	0.0120635462897	0.00233093820000004	FGr	1000	A37	C2	10000	1000	0	0.5	300	0.5
507	0.012061518129	0.00227943579999993	0	0.326	0.912	0.012061518129	0.00227943579999993	NoCorrection	1000	A37	C2	10000	1000	0	0.5	300	0.5
508	-0.00475839087600004	0.00154751000000001	0	0.46	0.896	-0.00475839087600004	0.00154751000000001	ID	1000	A37	C2	10000	1000	0	0.5	300	0.5
509	-0.00364116738249998	0.00373292660000008	0	0.587	0.763	-0.00364116738249998	0.00373292660000008	1	1000	A37	C2	10000	1000	0	0.5	300	1
510	0.028806500524	-0.000770736999999961	0	0.195	0.987	0.028806500524	-0.000770736999999961	FGr	1000	A37	C2	10000	1000	0	0.5	300	1
511	0.0287941134215	-0.000829784549999927	0	0.208	0.98	0.0287941134215	-0.000829784549999927	NoCorrection	1000	A37	C2	10000	1000	0	0.5	300	1
512	-0.00404973857105	0.000169233200000036	0	0.543	0.991	-0.00404973857105	0.000169233200000036	ID	1000	A37	C2	10000	1000	0	0.5	300	1
513	0.00410730374300001	0.00689924730000002	0	0.506	0.679	0.00410730374300001	0.00689924730000002	1	10000	A37	C2	10000	1000	0	0.5	300	0
514	0.00366787783863701	-0.000417003500000026	0	0.572	0.977	0.00366787783863701	-0.000417003500000026	FGr	10000	A37	C2	10000	1000	0	0.5	300	0
515	0.00366228415799999	0.00190061109999999	0	0.561	0.909	0.00366228415799999	0.00190061109999999	NoCorrection	10000	A37	C2	10000	1000	0	0.5	300	0
516	0.00409285393555001	0.00721263475000003	0	0.509	0.69	0.00409285393555001	0.00721263475000003	ID	10000	A37	C2	10000	1000	0	0.5	300	0
517	-0.003029162368	0.0377221994	0	0.651	0.008	-0.003029162368	0.0377221994	1	10000	A37	C2	10000	1000	0	0.5	300	0.1
518	0.00124096268400004	0.02055734055	0	0.883	0.235	0.00124096268400004	0.02055734055	FGr	10000	A37	C2	10000	1000	0	0.5	300	0.1
519	0.00123157434099999	0.0236008498	0	0.854	0.153	0.00123157434099999	0.0236008498	NoCorrection	10000	A37	C2	10000	1000	0	0.5	300	0.1
520	-0.00316420184440001	0.03780867965	0	0.662	0.008	-0.00316420184440001	0.03780867965	ID	10000	A37	C2	10000	1000	0	0.5	300	0.1
521	-0.00387238574780002	-0.0241184877500001	0	0.606	0.181	-0.00387238574780002	-0.0241184877500001	1	10000	A37	C2	10000	1000	0	0.5	300	0.5
522	0.0192180459507	-0.04411673435	0	0.202	0.197	0.0192180459507	-0.04411673435	FGr	10000	A37	C2	10000	1000	0	0.5	300	0.5
523	0.0192061462017	-0.0457273448999998	0	0.187	0.195	0.0192061462017	-0.0457273448999998	NoCorrection	10000	A37	C2	10000	1000	0	0.5	300	0.5
524	-0.00415629961410001	-0.01830297	0	0.59	0.282	-0.00415629961410001	-0.01830297	ID	10000	A37	C2	10000	1000	0	0.5	300	0.5
525	0.00441862100249997	0.0186661840500001	0	0.521	0.296	0.00441862100249997	0.0186661840500001	1	10000	A37	C2	10000	1000	0	0.5	300	1
526	0.0482960753745	-0.0681677459999999	0	0.038	0.227	0.0482960753745	-0.0681677459999999	FGr	10000	A37	C2	10000	1000	0	0.5	300	1
527	0.048312565454	-0.0732116164999996	0	0.039	0.206	0.048312565454	-0.0732116164999996	NoCorrection	10000	A37	C2	10000	1000	0	0.5	300	1
528	0.00344990907950002	0.00432116290000006	0	0.63	0.818	0.00344990907950002	0.00432116290000006	ID	10000	A37	C2	10000	1000	0	0.5	300	1
529	0.00107789795130001	0.0010778979513	0	0.842	0.851	0.00107789795130001	0.0010778979513	1	300	A37	C2	10000	10000	0	0.5	300	0
530	0.000959576618959997	0.000959576618960003	0	0.881	0.869	0.000959576618959997	0.000959576618960003	FGr	300	A37	C2	10000	10000	0	0.5	300	0
531	0.000886696470075027	0.000886696470075024	0	0.872	0.872	0.000886696470075027	0.000886696470075024	NoCorrection	300	A37	C2	10000	10000	0	0.5	300	0
532	0.000676390355119948	0.000676390355119943	0	0.908	0.909	0.000676390355119948	0.000676390355119943	ID	300	A37	C2	10000	10000	0	0.5	300	0
533	-0.00090255311114996	-0.00090255311114997	0	0.853	0.835	-0.00090255311114996	-0.00090255311114997	1	300	A37	C2	10000	10000	0	0.5	300	0.1
534	-0.00241691573970005	-0.00241691573970007	0	0.648	0.607	-0.00241691573970005	-0.00241691573970007	FGr	300	A37	C2	10000	10000	0	0.5	300	0.1
535	-0.00236749613044999	-0.00236749613045	0	0.625	0.615	-0.00236749613044999	-0.00236749613045	NoCorrection	300	A37	C2	10000	10000	0	0.5	300	0.1
536	-0.000844529852182615	-0.000844529852182616	0	0.882	0.869	-0.000844529852182615	-0.000844529852182616	ID	300	A37	C2	10000	10000	0	0.5	300	0.1
537	-0.00206442177151007	-0.00206442177151008	0	0.718	0.725	-0.00206442177151007	-0.00206442177151008	1	300	A37	C2	10000	10000	0	0.5	300	0.5
538	-0.01009844470861	-0.01009844470861	0	0.373	0.388	-0.01009844470861	-0.01009844470861	FGr	300	A37	C2	10000	10000	0	0.5	300	0.5
539	-0.01021835848554	-0.01021835848554	0	0.384	0.385	-0.01021835848554	-0.01021835848554	NoCorrection	300	A37	C2	10000	10000	0	0.5	300	0.5
540	-0.00253486771405013	-0.00253486771405013	0	0.629	0.619	-0.00253486771405013	-0.00253486771405013	ID	300	A37	C2	10000	10000	0	0.5	300	0.5
541	0.00228677775078344	0.00228677775078344	0	0.767	0.774	0.00228677775078344	0.00228677775078344	1	300	A37	C2	10000	10000	0	0.5	300	1
542	-0.0151979348050698	-0.0151979348050698	0	0.491	0.469	-0.0151979348050698	-0.0151979348050698	FGr	300	A37	C2	10000	10000	0	0.5	300	1
543	-0.0153259831726999	-0.0153259831727	0	0.472	0.441	-0.0153259831726999	-0.0153259831727	NoCorrection	300	A37	C2	10000	10000	0	0.5	300	1
544	0.000581197677300011	0.000581197677300014	0	0.938	0.935	0.000581197677300011	0.000581197677300014	ID	300	A37	C2	10000	10000	0	0.5	300	1
545	0.00255803735570003	-0.00719768805000014	0	0.661	0.482	0.00255803735570003	-0.00719768805000014	1	1000	A37	C2	10000	10000	0	0.5	300	0
546	0.0025069600555399	-0.00616169686500009	0	0.693	0.534	0.0025069600555399	-0.00616169686500009	FGr	1000	A37	C2	10000	10000	0	0.5	300	0
547	0.00250473232900005	-0.00616364259499998	0	0.671	0.508	0.00250473232900005	-0.00616364259499998	NoCorrection	1000	A37	C2	10000	10000	0	0.5	300	0
548	0.00255692006250011	-0.00752519221000009	0	0.663	0.449	0.00255692006250011	-0.00752519221000009	ID	1000	A37	C2	10000	10000	0	0.5	300	0
549	-0.00131640393339996	0.00128738640499984	0	0.848	0.889	-0.00131640393339996	0.00128738640499984	1	1000	A37	C2	10000	10000	0	0.5	300	0.1
550	-0.00141062311818998	-0.00111164406999986	0	0.841	0.918	-0.00141062311818998	-0.00111164406999986	FGr	1000	A37	C2	10000	10000	0	0.5	300	0.1
551	-0.001412830658745	-0.0020185877699999	0	0.844	0.832	-0.001412830658745	-0.0020185877699999	NoCorrection	1000	A37	C2	10000	10000	0	0.5	300	0.1
552	-0.00131020996633254	0.00117496694500021	0	0.835	0.892	-0.00131020996633254	0.00117496694500021	ID	1000	A37	C2	10000	10000	0	0.5	300	0.1
553	0.0010794656327	-0.00366012909000001	0	0.829	0.689	0.0010794656327	-0.00366012909000001	1	1000	A37	C2	10000	10000	0	0.5	300	0.5
554	0.00040788003817001	-0.00968611129999999	0	0.966	0.608	0.00040788003817001	-0.00968611129999999	FGr	1000	A37	C2	10000	10000	0	0.5	300	0.5
555	0.000404111201559983	-0.00966908373000001	0	0.978	0.635	0.000404111201559983	-0.00966908373000001	NoCorrection	1000	A37	C2	10000	10000	0	0.5	300	0.5
556	0.00105606790684997	-0.00401700515000009	0	0.859	0.694	0.00105606790684997	-0.00401700515000009	ID	1000	A37	C2	10000	10000	0	0.5	300	0.5
557	-0.00439801861106004	-0.00917029930500018	0	0.505	0.38	-0.00439801861106004	-0.00917029930500018	1	1000	A37	C2	10000	10000	0	0.5	300	1
558	-0.00570779401725002	0.000282463470000111	0	0.782	0.995	-0.00570779401725002	0.000282463470000111	FGr	1000	A37	C2	10000	10000	0	0.5	300	1
559	-0.00571915709299972	0.00107991776999952	0	0.788	0.976	-0.00571915709299972	0.00107991776999952	NoCorrection	1000	A37	C2	10000	10000	0	0.5	300	1
560	-0.00441915736519002	-0.00831581854499967	0	0.479	0.442	-0.00441915736519002	-0.00831581854499967	ID	1000	A37	C2	10000	10000	0	0.5	300	1
561	-0.00113629301344999	0.0106009246700001	0	0.864	0.503	-0.00113629301344999	0.0106009246700001	1	10000	A37	C2	10000	10000	0	0.5	300	0
562	-0.00132548257806501	0.000730313989999667	0	0.842	0.961	-0.00132548257806501	0.000730313989999667	FGr	10000	A37	C2	10000	10000	0	0.5	300	0
563	-0.0013195309632	0.00111198292999986	0	0.832	0.938	-0.0013195309632	0.00111198292999986	NoCorrection	10000	A37	C2	10000	10000	0	0.5	300	0
564	-0.00113025539799997	0.00948766122499972	0	0.849	0.519	-0.00113025539799997	0.00948766122499972	ID	10000	A37	C2	10000	10000	0	0.5	300	0
565	-0.01003896330383	-0.00875919622999993	0	0.041	0.568	-0.01003896330383	-0.00875919622999993	1	10000	A37	C2	10000	10000	0	0.5	300	0.1
566	-0.01070496795241	-0.018626827545	0	0.056	0.284	-0.01070496795241	-0.018626827545	FGr	10000	A37	C2	10000	10000	0	0.5	300	0.1
567	-0.010692596785105	-0.0196868008899999	0	0.048	0.24	-0.010692596785105	-0.0196868008899999	NoCorrection	10000	A37	C2	10000	10000	0	0.5	300	0.1
568	-0.0100088871655449	-0.00923175136999993	0	0.045	0.576	-0.0100088871655449	-0.00923175136999993	ID	10000	A37	C2	10000	10000	0	0.5	300	0.1
569	-0.00357930132609977	-0.01950454549	0	0.579	0.192	-0.00357930132609977	-0.01950454549	1	10000	A37	C2	10000	10000	0	0.5	300	0.5
570	-0.00668304153965036	-0.0455829927850007	0	0.626	0.155	-0.00668304153965036	-0.0455829927850007	FGr	10000	A37	C2	10000	10000	0	0.5	300	0.5
571	-0.00671472148773993	-0.0447997092850001	0	0.587	0.155	-0.00671472148773993	-0.0447997092850001	NoCorrection	10000	A37	C2	10000	10000	0	0.5	300	0.5
572	-0.00354078190986004	-0.00759318742499982	0	0.61	0.59	-0.00354078190986004	-0.00759318742499982	ID	10000	A37	C2	10000	10000	0	0.5	300	0.5
573	-0.00518827432489002	0.016305278745	0	0.377	0.273	-0.00518827432489002	0.016305278745	1	10000	A37	C2	10000	10000	0	0.5	300	1
574	-0.0112962629778998	-0.0902121934500007	0	0.593	0.118	-0.0112962629778998	-0.0902121934500007	FGr	10000	A37	C2	10000	10000	0	0.5	300	1
575	-0.0113248431930001	-0.0946364039500004	0	0.569	0.109	-0.0113248431930001	-0.0946364039500004	NoCorrection	10000	A37	C2	10000	10000	0	0.5	300	1
576	-0.00507867937516	0.01509020912	0	0.341	0.318	-0.00507867937516	0.01509020912	ID	10000	A37	C2	10000	10000	0	0.5	300	1
