	c-q	nc-q	true-q	c-p	nc-p	c-bias	nc-bias	type	L	rep	config	gwas_size	test_size	h2	ts	num_causal	env
1	0.04254155912	0.04254155912	0	0.231	0.276	0.04254155912	0.04254155912	1	300	A38	C1	1000	100	0	0.5	300	0
2	0.03292549272	0.03292549272	0	0.395	0.373	0.03292549272	0.03292549272	FGr	300	A38	C1	1000	100	0	0.5	300	0
3	0.00873023243900001	0.00873023243899998	0	0.817	0.808	0.00873023243900001	0.00873023243899998	NoCorrection	300	A38	C1	1000	100	0	0.5	300	0
4	0.04350186765	0.04350186765	0	0.231	0.217	0.04350186765	0.04350186765	ID	300	A38	C1	1000	100	0	0.5	300	0
5	0.052327091495	0.052327091495	0	0.223	0.252	0.052327091495	0.052327091495	1	300	A38	C1	1000	100	0	0.5	300	0.1
6	0.064820050385	0.064820050385	0	0.145	0.135	0.064820050385	0.064820050385	FGr	300	A38	C1	1000	100	0	0.5	300	0.1
7	0.064094579055	0.0640945790549999	0	0.13	0.124	0.064094579055	0.0640945790549999	NoCorrection	300	A38	C1	1000	100	0	0.5	300	0.1
8	0.054797747625	0.0547977476249999	0	0.199	0.176	0.054797747625	0.0547977476249999	ID	300	A38	C1	1000	100	0	0.5	300	0.1
9	0.0126437756	0.0126437756	0	0.772	0.804	0.0126437756	0.0126437756	1	300	A38	C1	1000	100	0	0.5	300	0.5
10	0.157561099875	0.157561099875	0	0.002	0.002	0.157561099875	0.157561099875	FGr	300	A38	C1	1000	100	0	0.5	300	0.5
11	0.22205063196	0.22205063196	0	0	0	0.22205063196	0.22205063196	NoCorrection	300	A38	C1	1000	100	0	0.5	300	0.5
12	0.00474198654999995	0.00474198655000003	0	0.93	0.905	0.00474198654999995	0.00474198655000003	ID	300	A38	C1	1000	100	0	0.5	300	0.5
13	0.053776571155	0.053776571155	0	0.206	0.198	0.053776571155	0.053776571155	1	300	A38	C1	1000	100	0	0.5	300	1
14	0.30390950355	0.30390950355	0	0	0	0.30390950355	0.30390950355	FGr	300	A38	C1	1000	100	0	0.5	300	1
15	0.38591963678	0.38591963678	0	0	0	0.38591963678	0.38591963678	NoCorrection	300	A38	C1	1000	100	0	0.5	300	1
16	0.02062549677	0.02062549677	0	0.594	0.62	0.02062549677	0.02062549677	ID	300	A38	C1	1000	100	0	0.5	300	1
17	0.01690164888	-0.00902202350000001	0	0.691	0.856	0.01690164888	-0.00902202350000001	1	1000	A38	C1	1000	100	0	0.5	300	0
18	0.02311124902	0.0175623695	0	0.571	0.778	0.02311124902	0.0175623695	FGr	1000	A38	C1	1000	100	0	0.5	300	0
19	0.0185309406	-0.00394440599999996	0	0.628	0.94	0.0185309406	-0.00394440599999996	NoCorrection	1000	A38	C1	1000	100	0	0.5	300	0
20	0.01601672311	-0.014687264	0	0.707	0.825	0.01601672311	-0.014687264	ID	1000	A38	C1	1000	100	0	0.5	300	0
21	-0.01100808908	0.0103490440000001	0	0.775	0.859	-0.01100808908	0.0103490440000001	1	1000	A38	C1	1000	100	0	0.5	300	0.1
22	0.015691812381	0.0722552795000001	0	0.628	0.196	0.015691812381	0.0722552795000001	FGr	1000	A38	C1	1000	100	0	0.5	300	0.1
23	0.05383989533	0.2222001505	0	0.154	0	0.05383989533	0.2222001505	NoCorrection	1000	A38	C1	1000	100	0	0.5	300	0.1
24	-0.016442252195	0.000232090000000036	0	0.65	0.997	-0.016442252195	0.000232090000000036	ID	1000	A38	C1	1000	100	0	0.5	300	0.1
25	0.0596693547	0.1172646275	0	0.118	0.047	0.0596693547	0.1172646275	1	1000	A38	C1	1000	100	0	0.5	300	0.5
26	0.144506782465	0.39245411	0	0.001	0	0.144506782465	0.39245411	FGr	1000	A38	C1	1000	100	0	0.5	300	0.5
27	0.21126558915	0.603236134	0	0	0	0.21126558915	0.603236134	NoCorrection	1000	A38	C1	1000	100	0	0.5	300	0.5
28	0.0588983341999998	0.122856856	0	0.136	0.048	0.0588983341999998	0.122856856	ID	1000	A38	C1	1000	100	0	0.5	300	0.5
29	0.03701439658	0.171675048	0	0.317	0.012	0.03701439658	0.171675048	1	1000	A38	C1	1000	100	0	0.5	300	1
30	0.171994549965	0.5458317095	0	0	0	0.171994549965	0.5458317095	FGr	1000	A38	C1	1000	100	0	0.5	300	1
31	0.2822523206	0.9980534155	0	0	0	0.2822523206	0.9980534155	NoCorrection	1000	A38	C1	1000	100	0	0.5	300	1
32	0.034834677511	0.1777360605	0	0.372	0.006	0.034834677511	0.1777360605	ID	1000	A38	C1	1000	100	0	0.5	300	1
33	0.02031473328	0.0278392639999996	0	0.589	0.783	0.02031473328	0.0278392639999996	1	10000	A38	C1	1000	100	0	0.5	300	0
34	0.013894503879	-0.0162625610000001	0	0.714	0.88	0.013894503879	-0.0162625610000001	FGr	10000	A38	C1	1000	100	0	0.5	300	0
35	-0.046039768255	-0.482122845	0	0.243	0	-0.046039768255	-0.482122845	NoCorrection	10000	A38	C1	1000	100	0	0.5	300	0
36	0.021429663762	0.0332541670000001	0	0.574	0.762	0.021429663762	0.0332541670000001	ID	10000	A38	C1	1000	100	0	0.5	300	0
37	-0.025960484767	-0.1249507	0	0.504	0.244	-0.025960484767	-0.1249507	1	10000	A38	C1	1000	100	0	0.5	300	0.1
38	-0.02703423195	-0.1610654575	0	0.485	0.133	-0.02703423195	-0.1610654575	FGr	10000	A38	C1	1000	100	0	0.5	300	0.1
39	0.000995787314999984	0.013051474	0	0.98	0.9	0.000995787314999984	0.013051474	NoCorrection	10000	A38	C1	1000	100	0	0.5	300	0.1
40	-0.025081418115	-0.1247257595	0	0.498	0.255	-0.025081418115	-0.1247257595	ID	10000	A38	C1	1000	100	0	0.5	300	0.1
41	0.02426086577	0.082172865	0	0.494	0.416	0.02426086577	0.082172865	1	10000	A38	C1	1000	100	0	0.5	300	0.5
42	0.04839843608	0.2489722935	0	0.218	0.012	0.04839843608	0.2489722935	FGr	10000	A38	C1	1000	100	0	0.5	300	0.5
43	0.19198554314	0.90656844	0	0	0	0.19198554314	0.90656844	NoCorrection	10000	A38	C1	1000	100	0	0.5	300	0.5
44	0.02401810862	0.0882509004999999	0	0.522	0.337	0.02401810862	0.0882509004999999	ID	10000	A38	C1	1000	100	0	0.5	300	0.5
45	0.02469422982	-0.1081668295	0	0.463	0.254	0.02469422982	-0.1081668295	1	10000	A38	C1	1000	100	0	0.5	300	1
46	0.0578579448985	-0.036999775	0	0.113	0.689	0.0578579448985	-0.036999775	FGr	10000	A38	C1	1000	100	0	0.5	300	1
47	0.36300443278	1.99447753	0	0	0	0.36300443278	1.99447753	NoCorrection	10000	A38	C1	1000	100	0	0.5	300	1
48	0.02382875705	-0.109769947	0	0.493	0.269	0.02382875705	-0.109769947	ID	10000	A38	C1	1000	100	0	0.5	300	1
49	-0.000815402858500006	-0.000815402858500014	0	0.971	0.977	-0.000815402858500006	-0.000815402858500014	1	300	A38	C1	1000	1000	0	0.5	300	0
50	0.00349573742599999	0.00349573742600001	0	0.882	0.888	0.00349573742599999	0.00349573742600001	FGr	300	A38	C1	1000	1000	0	0.5	300	0
51	0.00115591229500001	0.001155912295	0	0.966	0.97	0.00115591229500001	0.001155912295	NoCorrection	300	A38	C1	1000	1000	0	0.5	300	0
52	0.02158247992	0.02158247992	0	0.429	0.409	0.02158247992	0.02158247992	ID	300	A38	C1	1000	1000	0	0.5	300	0
53	-0.0118861954415	-0.0118861954415	0	0.695	0.689	-0.0118861954415	-0.0118861954415	1	300	A38	C1	1000	1000	0	0.5	300	0.1
54	0.0360082652680001	0.036008265268	0	0.192	0.227	0.0360082652680001	0.036008265268	FGr	300	A38	C1	1000	1000	0	0.5	300	0.1
55	0.046853559827	0.046853559827	0	0.122	0.111	0.046853559827	0.046853559827	NoCorrection	300	A38	C1	1000	1000	0	0.5	300	0.1
56	0.0026573079765	0.00265730797649998	0	0.918	0.933	0.0026573079765	0.00265730797649998	ID	300	A38	C1	1000	1000	0	0.5	300	0.1
57	0.0117645929515	0.0117645929515	0	0.612	0.63	0.0117645929515	0.0117645929515	1	300	A38	C1	1000	1000	0	0.5	300	0.5
58	0.0742534496928	0.0742534496928	0	0.002	0.005	0.0742534496928	0.0742534496928	FGr	300	A38	C1	1000	1000	0	0.5	300	0.5
59	0.127585754326	0.127585754326	0	0	0	0.127585754326	0.127585754326	NoCorrection	300	A38	C1	1000	1000	0	0.5	300	0.5
60	-0.0037778692517	-0.0037778692517	0	0.885	0.873	-0.0037778692517	-0.0037778692517	ID	300	A38	C1	1000	1000	0	0.5	300	0.5
61	0.0320384361445	0.0320384361445	0	0.333	0.324	0.0320384361445	0.0320384361445	1	300	A38	C1	1000	1000	0	0.5	300	1
62	0.224641742118	0.224641742118	0	0	0	0.224641742118	0.224641742118	FGr	300	A38	C1	1000	1000	0	0.5	300	1
63	0.3152949455095	0.3152949455095	0	0	0	0.3152949455095	0.3152949455095	NoCorrection	300	A38	C1	1000	1000	0	0.5	300	1
64	0.0106862872435	0.0106862872435	0	0.694	0.704	0.0106862872435	0.0106862872435	ID	300	A38	C1	1000	1000	0	0.5	300	1
65	-0.00825857480040007	-0.0198413911	0	0.756	0.639	-0.00825857480040007	-0.0198413911	1	1000	A38	C1	1000	1000	0	0.5	300	0
66	-0.025449868988	-0.0751874234499999	0	0.339	0.089	-0.025449868988	-0.0751874234499999	FGr	1000	A38	C1	1000	1000	0	0.5	300	0
67	-0.026691768336	-0.0747804944	0	0.345	0.068	-0.026691768336	-0.0747804944	NoCorrection	1000	A38	C1	1000	1000	0	0.5	300	0
68	-0.00482285297599994	-0.0154431046499999	0	0.862	0.717	-0.00482285297599994	-0.0154431046499999	ID	1000	A38	C1	1000	1000	0	0.5	300	0
69	0.008930886256	-0.0469391613	0	0.722	0.317	0.008930886256	-0.0469391613	1	1000	A38	C1	1000	1000	0	0.5	300	0.1
70	0.01344748540245	-0.03384805195	0	0.619	0.476	0.01344748540245	-0.03384805195	FGr	1000	A38	C1	1000	1000	0	0.5	300	0.1
71	0.044234118133	0.03250071355	0	0.096	0.498	0.044234118133	0.03250071355	NoCorrection	1000	A38	C1	1000	1000	0	0.5	300	0.1
72	0.00738638541600001	-0.04830548135	0	0.769	0.272	0.00738638541600001	-0.04830548135	ID	1000	A38	C1	1000	1000	0	0.5	300	0.1
73	0.00563022333100006	-0.01972741425	0	0.845	0.672	0.00563022333100006	-0.01972741425	1	1000	A38	C1	1000	1000	0	0.5	300	0.5
74	0.0523672017839999	0.0996840857499999	0	0.085	0.033	0.0523672017839999	0.0996840857499999	FGr	1000	A38	C1	1000	1000	0	0.5	300	0.5
75	0.144648389345	0.3484208957	0	0	0	0.144648389345	0.3484208957	NoCorrection	1000	A38	C1	1000	1000	0	0.5	300	0.5
76	-0.00466876353999997	-0.0400014605	0	0.875	0.404	-0.00466876353999997	-0.0400014605	ID	1000	A38	C1	1000	1000	0	0.5	300	0.5
77	-0.04197088231	-0.0415541586499999	0	0.155	0.378	-0.04197088231	-0.0415541586499999	1	1000	A38	C1	1000	1000	0	0.5	300	1
78	0.07445558122	0.25693546785	0	0.023	0	0.07445558122	0.25693546785	FGr	1000	A38	C1	1000	1000	0	0.5	300	1
79	0.27441587113	0.7992418721	0	0	0	0.27441587113	0.7992418721	NoCorrection	1000	A38	C1	1000	1000	0	0.5	300	1
80	-0.0583966789173501	-0.0740365008	0	0.048	0.097	-0.0583966789173501	-0.0740365008	ID	1000	A38	C1	1000	1000	0	0.5	300	1
81	-0.00457916011749997	-0.1178459305	0	0.857	0.087	-0.00457916011749997	-0.1178459305	1	10000	A38	C1	1000	1000	0	0.5	300	0
82	-0.00748479787799996	-0.143345497	0	0.786	0.052	-0.00748479787799996	-0.143345497	FGr	10000	A38	C1	1000	1000	0	0.5	300	0
83	0.00531344752700004	-0.037959919	0	0.84	0.594	0.00531344752700004	-0.037959919	NoCorrection	10000	A38	C1	1000	1000	0	0.5	300	0
84	0.00127278235875997	-0.062405344	0	0.961	0.392	0.00127278235875997	-0.062405344	ID	10000	A38	C1	1000	1000	0	0.5	300	0
85	0.039907811065	-0.0502756269999998	0	0.167	0.481	0.039907811065	-0.0502756269999998	1	10000	A38	C1	1000	1000	0	0.5	300	0.1
86	0.0346540634945	-0.0503593209999999	0	0.245	0.459	0.0346540634945	-0.0503593209999999	FGr	10000	A38	C1	1000	1000	0	0.5	300	0.1
87	0.103458485859	0.3307177355	0	0	0	0.103458485859	0.3307177355	NoCorrection	10000	A38	C1	1000	1000	0	0.5	300	0.1
88	0.042390296605	-0.0317071669999999	0	0.174	0.674	0.042390296605	-0.0317071669999999	ID	10000	A38	C1	1000	1000	0	0.5	300	0.1
89	-0.0240271553845	0.0227422533499999	0	0.339	0.748	-0.0240271553845	0.0227422533499999	1	10000	A38	C1	1000	1000	0	0.5	300	0.5
90	-0.021867102708	0.054368273	0	0.411	0.467	-0.021867102708	0.054368273	FGr	10000	A38	C1	1000	1000	0	0.5	300	0.5
91	0.14392786824875	1.111186456	0	0	0	0.14392786824875	1.111186456	NoCorrection	10000	A38	C1	1000	1000	0	0.5	300	0.5
92	-0.0255326295134001	0.0289630622	0	0.313	0.683	-0.0255326295134001	0.0289630622	ID	10000	A38	C1	1000	1000	0	0.5	300	0.5
93	0.0317550357980001	0.0170759618999999	0	0.228	0.776	0.0317550357980001	0.0170759618999999	1	10000	A38	C1	1000	1000	0	0.5	300	1
94	0.0502484918895	0.133311359499999	0	0.037	0.054	0.0502484918895	0.133311359499999	FGr	10000	A38	C1	1000	1000	0	0.5	300	1
95	0.371432160710501	2.1672854875	0	0	0	0.371432160710501	2.1672854875	NoCorrection	10000	A38	C1	1000	1000	0	0.5	300	1
96	0.0313446007702499	0.0163553834500001	0	0.246	0.807	0.0313446007702499	0.0163553834500001	ID	10000	A38	C1	1000	1000	0	0.5	300	1
97	-0.00857232280074988	-0.00857232280074986	0	0.729	0.746	-0.00857232280074988	-0.00857232280074986	1	300	A38	C1	1000	10000	0	0.5	300	0
98	0.00922258783672514	0.00922258783672512	0	0.705	0.709	0.00922258783672514	0.00922258783672512	FGr	300	A38	C1	1000	10000	0	0.5	300	0
99	-0.00709299514709968	-0.00709299514709962	0	0.771	0.728	-0.00709299514709968	-0.00709299514709962	NoCorrection	300	A38	C1	1000	10000	0	0.5	300	0
100	0.00568175598319977	0.00568175598319981	0	0.811	0.808	0.00568175598319977	0.00568175598319981	ID	300	A38	C1	1000	10000	0	0.5	300	0
101	0.0333724164586007	0.0333724164586007	0	0.266	0.26	0.0333724164586007	0.0333724164586007	1	300	A38	C1	1000	10000	0	0.5	300	0.1
102	-7.70168765840509e-05	-7.70168765840251e-05	0	1	0.999	-7.70168765840509e-05	-7.70168765840251e-05	FGr	300	A38	C1	1000	10000	0	0.5	300	0.1
103	0.00754439488689997	0.00754439488689997	0	0.777	0.77	0.00754439488689997	0.00754439488689997	NoCorrection	300	A38	C1	1000	10000	0	0.5	300	0.1
104	0.000460522091149165	0.000460522091149224	0	0.987	0.986	0.000460522091149165	0.000460522091149224	ID	300	A38	C1	1000	10000	0	0.5	300	0.1
105	0.0260557866117501	0.0260557866117501	0	0.38	0.393	0.0260557866117501	0.0260557866117501	1	300	A38	C1	1000	10000	0	0.5	300	0.5
106	0.10430801636834	0.10430801636834	0	0.001	0	0.10430801636834	0.10430801636834	FGr	300	A38	C1	1000	10000	0	0.5	300	0.5
107	0.20459748347114	0.20459748347114	0	0	0	0.20459748347114	0.20459748347114	NoCorrection	300	A38	C1	1000	10000	0	0.5	300	0.5
108	0.0193321725038999	0.0193321725038999	0	0.505	0.503	0.0193321725038999	0.0193321725038999	ID	300	A38	C1	1000	10000	0	0.5	300	0.5
109	0.04221772739035	0.04221772739035	0	0.119	0.145	0.04221772739035	0.04221772739035	1	300	A38	C1	1000	10000	0	0.5	300	1
110	0.2662102242272	0.2662102242272	0	0	0	0.2662102242272	0.2662102242272	FGr	300	A38	C1	1000	10000	0	0.5	300	1
111	0.4150583800339	0.4150583800339	0	0	0	0.4150583800339	0.4150583800339	NoCorrection	300	A38	C1	1000	10000	0	0.5	300	1
112	0.0443199756176999	0.0443199756176999	0	0.071	0.086	0.0443199756176999	0.0443199756176999	ID	300	A38	C1	1000	10000	0	0.5	300	1
113	0.00884298421720001	0.0501128318550001	0	0.768	0.248	0.00884298421720001	0.0501128318550001	1	1000	A38	C1	1000	10000	0	0.5	300	0
114	-0.0166680852196001	-0.00812532764500018	0	0.587	0.855	-0.0166680852196001	-0.00812532764500018	FGr	1000	A38	C1	1000	10000	0	0.5	300	0
115	-0.0187925680887498	-0.0104689401450001	0	0.505	0.827	-0.0187925680887498	-0.0104689401450001	NoCorrection	1000	A38	C1	1000	10000	0	0.5	300	0
116	0.00382015436263524	0.0416920152500001	0	0.902	0.355	0.00382015436263524	0.0416920152500001	ID	1000	A38	C1	1000	10000	0	0.5	300	0
117	-0.0178542331329003	0.00292243631499997	0	0.515	0.953	-0.0178542331329003	0.00292243631499997	1	1000	A38	C1	1000	10000	0	0.5	300	0.1
118	0.000584976623500649	0.0486274304899998	0	0.981	0.249	0.000584976623500649	0.0486274304899998	FGr	1000	A38	C1	1000	10000	0	0.5	300	0.1
119	0.0133105750794496	0.0882115593999995	0	0.67	0.043	0.0133105750794496	0.0882115593999995	NoCorrection	1000	A38	C1	1000	10000	0	0.5	300	0.1
120	-0.0116244764265499	0.0161711069300001	0	0.645	0.718	-0.0116244764265499	0.0161711069300001	ID	1000	A38	C1	1000	10000	0	0.5	300	0.1
121	0.0329623580564999	0.0657291320950013	0	0.226	0.123	0.0329623580564999	0.0657291320950013	1	1000	A38	C1	1000	10000	0	0.5	300	0.5
122	0.0871615247273994	0.194452411905003	0	0.002	0	0.0871615247273994	0.194452411905003	FGr	1000	A38	C1	1000	10000	0	0.5	300	0.5
123	0.231575690968501	0.626006942664998	0	0	0	0.231575690968501	0.626006942664998	NoCorrection	1000	A38	C1	1000	10000	0	0.5	300	0.5
124	0.0278467058112291	0.0362400974049987	0	0.284	0.388	0.0278467058112291	0.0362400974049987	ID	1000	A38	C1	1000	10000	0	0.5	300	0.5
125	-0.0131775253495001	0.0216652225399999	0	0.575	0.61	-0.0131775253495001	0.0216652225399999	1	1000	A38	C1	1000	10000	0	0.5	300	1
126	0.0739032288601	0.293313474445	0	0.004	0	0.0739032288601	0.293313474445	FGr	1000	A38	C1	1000	10000	0	0.5	300	1
127	0.343568057088299	1.025566164335	0	0	0	0.343568057088299	1.025566164335	NoCorrection	1000	A38	C1	1000	10000	0	0.5	300	1
128	-0.0208647035665103	-0.0174882466299999	0	0.354	0.671	-0.0208647035665103	-0.0174882466299999	ID	1000	A38	C1	1000	10000	0	0.5	300	1
129	0.0214705810406999	-0.100267183175	0	0.368	0.123	0.0214705810406999	-0.100267183175	1	10000	A38	C1	1000	10000	0	0.5	300	0
130	0.0198982524192506	-0.107386015905001	0	0.418	0.101	0.0198982524192506	-0.107386015905001	FGr	10000	A38	C1	1000	10000	0	0.5	300	0
131	0.0426629443682002	0.0588261032249997	0	0.072	0.377	0.0426629443682002	0.0588261032249997	NoCorrection	10000	A38	C1	1000	10000	0	0.5	300	0
132	0.0203683414701103	-0.10527684792	0	0.387	0.104	0.0203683414701103	-0.10527684792	ID	10000	A38	C1	1000	10000	0	0.5	300	0
133	-0.0187450113175	0.0325809039000005	0	0.471	0.606	-0.0187450113175	0.0325809039000005	1	10000	A38	C1	1000	10000	0	0.5	300	0.1
134	-0.0174216698885	0.0137928506750025	0	0.507	0.819	-0.0174216698885	0.0137928506750025	FGr	10000	A38	C1	1000	10000	0	0.5	300	0.1
135	0.0269547987357	0.400635121585002	0	0.28	0	0.0269547987357	0.400635121585002	NoCorrection	10000	A38	C1	1000	10000	0	0.5	300	0.1
136	-0.0177485058985	0.0148410312700007	0	0.494	0.82	-0.0177485058985	0.0148410312700007	ID	10000	A38	C1	1000	10000	0	0.5	300	0.1
137	-0.04474520842329	0.0312431280599996	0	0.083	0.643	-0.04474520842329	0.0312431280599996	1	10000	A38	C1	1000	10000	0	0.5	300	0.5
138	-0.0345081726865097	0.112678961165002	0	0.178	0.091	-0.0345081726865097	0.112678961165002	FGr	10000	A38	C1	1000	10000	0	0.5	300	0.5
139	0.109190164305	1.1692508891	0	0.001	0	0.109190164305	1.1692508891	NoCorrection	10000	A38	C1	1000	10000	0	0.5	300	0.5
140	-0.0427174267309	0.0517043247400007	0	0.082	0.43	-0.0427174267309	0.0517043247400007	ID	10000	A38	C1	1000	10000	0	0.5	300	0.5
141	-0.0122529537268	-0.0138071794499996	0	0.652	0.839	-0.0122529537268	-0.0138071794499996	1	10000	A38	C1	1000	10000	0	0.5	300	1
142	0.00989985719340007	0.0837798312800004	0	0.711	0.232	0.00989985719340007	0.0837798312800004	FGr	10000	A38	C1	1000	10000	0	0.5	300	1
143	0.312732806823	2.34491890215	0	0	0	0.312732806823	2.34491890215	NoCorrection	10000	A38	C1	1000	10000	0	0.5	300	1
144	-0.0119852889348001	-0.0573198826649997	0	0.639	0.382	-0.0119852889348001	-0.0573198826649997	ID	10000	A38	C1	1000	10000	0	0.5	300	1
145	0.013798264387	0.013798264387	0	0.272	0.268	0.013798264387	0.013798264387	1	300	A38	C1	10000	100	0	0.5	300	0
146	0.0136577656855	0.0136577656855	0	0.288	0.299	0.0136577656855	0.0136577656855	FGr	300	A38	C1	10000	100	0	0.5	300	0
147	0.00864342731	0.00864342731	0	0.514	0.498	0.00864342731	0.00864342731	NoCorrection	300	A38	C1	10000	100	0	0.5	300	0
148	0.0161759123229	0.0161759123229	0	0.2	0.199	0.0161759123229	0.0161759123229	ID	300	A38	C1	10000	100	0	0.5	300	0
149	0.00599781908900001	0.00599781908900001	0	0.623	0.654	0.00599781908900001	0.00599781908900001	1	300	A38	C1	10000	100	0	0.5	300	0.1
150	0.0349533595807	0.0349533595807	0	0.01	0.004	0.0349533595807	0.0349533595807	FGr	300	A38	C1	10000	100	0	0.5	300	0.1
151	0.0415020834945	0.0415020834945	0	0.002	0	0.0415020834945	0.0415020834945	NoCorrection	300	A38	C1	10000	100	0	0.5	300	0.1
152	0.00361059921299999	0.00361059921299999	0	0.735	0.766	0.00361059921299999	0.00361059921299999	ID	300	A38	C1	10000	100	0	0.5	300	0.1
153	0.000580321541000001	0.000580321540999991	0	0.966	0.966	0.000580321541000001	0.000580321540999991	1	300	A38	C1	10000	100	0	0.5	300	0.5
154	0.13307479208	0.13307479208	0	0	0	0.13307479208	0.13307479208	FGr	300	A38	C1	10000	100	0	0.5	300	0.5
155	0.162728838208	0.162728838208	0	0	0	0.162728838208	0.162728838208	NoCorrection	300	A38	C1	10000	100	0	0.5	300	0.5
156	0.002478002905	0.00247800290499999	0	0.839	0.857	0.002478002905	0.00247800290499999	ID	300	A38	C1	10000	100	0	0.5	300	0.5
157	-0.013967324834	-0.013967324834	0	0.254	0.247	-0.013967324834	-0.013967324834	1	300	A38	C1	10000	100	0	0.5	300	1
158	0.23575142961	0.23575142961	0	0	0	0.23575142961	0.23575142961	FGr	300	A38	C1	10000	100	0	0.5	300	1
159	0.30025411473	0.30025411473	0	0	0	0.30025411473	0.30025411473	NoCorrection	300	A38	C1	10000	100	0	0.5	300	1
160	-0.01802329734	-0.01802329734	0	0.126	0.124	-0.01802329734	-0.01802329734	ID	300	A38	C1	10000	100	0	0.5	300	1
161	0.0167718159015	0.022999583	0	0.132	0.24	0.0167718159015	0.022999583	1	1000	A38	C1	10000	100	0	0.5	300	0
162	0.00625496745499998	-0.00771502000000002	0	0.566	0.684	0.00625496745499998	-0.00771502000000002	FGr	1000	A38	C1	10000	100	0	0.5	300	0
163	0.0139461521515	0.01441404	0	0.226	0.429	0.0139461521515	0.01441404	NoCorrection	1000	A38	C1	10000	100	0	0.5	300	0
164	0.011257097012	0.00562658799999999	0	0.346	0.782	0.011257097012	0.00562658799999999	ID	1000	A38	C1	10000	100	0	0.5	300	0
165	-0.00589099625500003	0.0221253845	0	0.655	0.324	-0.00589099625500003	0.0221253845	1	1000	A38	C1	10000	100	0	0.5	300	0.1
166	0.016550348113	0.0788119475	0	0.198	0	0.016550348113	0.0788119475	FGr	1000	A38	C1	10000	100	0	0.5	300	0.1
167	0.03961820247611	0.131516243	0	0.004	0	0.03961820247611	0.131516243	NoCorrection	1000	A38	C1	10000	100	0	0.5	300	0.1
168	-0.002635948633	0.028942328	0	0.831	0.158	-0.002635948633	0.028942328	ID	1000	A38	C1	10000	100	0	0.5	300	0.1
169	-0.0098287606135	-0.0088716855	0	0.39	0.65	-0.0098287606135	-0.0088716855	1	1000	A38	C1	10000	100	0	0.5	300	0.5
170	0.072508940205	0.1791148975	0	0	0	0.072508940205	0.1791148975	FGr	1000	A38	C1	10000	100	0	0.5	300	0.5
171	0.19823007332	0.49112422	0	0	0	0.19823007332	0.49112422	NoCorrection	1000	A38	C1	10000	100	0	0.5	300	0.5
172	-0.01372162422	-0.02268103	0	0.223	0.244	-0.01372162422	-0.02268103	ID	1000	A38	C1	10000	100	0	0.5	300	0.5
173	0.00560264442000001	0.00828417099999999	0	0.655	0.675	0.00560264442000001	0.00828417099999999	1	1000	A38	C1	10000	100	0	0.5	300	1
174	0.176899509625	0.387990899	0	0	0	0.176899509625	0.387990899	FGr	1000	A38	C1	10000	100	0	0.5	300	1
175	0.4536862599845	0.972844086	0	0	0	0.4536862599845	0.972844086	NoCorrection	1000	A38	C1	10000	100	0	0.5	300	1
176	0.00339671019249999	0.00988381850000001	0	0.798	0.605	0.00339671019249999	0.00988381850000001	ID	1000	A38	C1	10000	100	0	0.5	300	1
177	0.00398386989449999	-0.032077073	0	0.739	0.272	0.00398386989449999	-0.032077073	1	10000	A38	C1	10000	100	0	0.5	300	0
178	0.00426617520249999	-0.03118904	0	0.718	0.26	0.00426617520249999	-0.03118904	FGr	10000	A38	C1	10000	100	0	0.5	300	0
179	-0.00101130669750001	-0.056841537	0	0.947	0.044	-0.00101130669750001	-0.056841537	NoCorrection	10000	A38	C1	10000	100	0	0.5	300	0
180	0.003437291087	-0.0376893349999999	0	0.783	0.202	0.003437291087	-0.0376893349999999	ID	10000	A38	C1	10000	100	0	0.5	300	0
181	0.008096049998	-0.0355401215	0	0.498	0.222	0.008096049998	-0.0355401215	1	10000	A38	C1	10000	100	0	0.5	300	0.1
182	0.006941614333	-0.0473196415	0	0.555	0.119	0.006941614333	-0.0473196415	FGr	10000	A38	C1	10000	100	0	0.5	300	0.1
183	0.0343215778735	0.187862616	0	0.012	0	0.0343215778735	0.187862616	NoCorrection	10000	A38	C1	10000	100	0	0.5	300	0.1
184	0.007186088999	-0.043498429	0	0.541	0.129	0.007186088999	-0.043498429	ID	10000	A38	C1	10000	100	0	0.5	300	0.1
185	-0.01036872415	0.054482561	0	0.407	0.086	-0.01036872415	0.054482561	1	10000	A38	C1	10000	100	0	0.5	300	0.5
186	0.005104219035	0.1184604195	0	0.72	0	0.005104219035	0.1184604195	FGr	10000	A38	C1	10000	100	0	0.5	300	0.5
187	0.13127984266	1.035762603	0	0	0	0.13127984266	1.035762603	NoCorrection	10000	A38	C1	10000	100	0	0.5	300	0.5
188	-0.009723967197	0.053086775	0	0.48	0.093	-0.009723967197	0.053086775	ID	10000	A38	C1	10000	100	0	0.5	300	0.5
189	0.0163614358915	0.00192421799999999	0	0.203	0.953	0.0163614358915	0.00192421799999999	1	10000	A38	C1	10000	100	0	0.5	300	1
190	0.043185644145	0.1969193825	0	0.004	0	0.043185644145	0.1969193825	FGr	10000	A38	C1	10000	100	0	0.5	300	1
191	0.298646720659	1.945382285	0	0	0	0.298646720659	1.945382285	NoCorrection	10000	A38	C1	10000	100	0	0.5	300	1
192	0.016125084575	0.00360626950000001	0	0.226	0.901	0.016125084575	0.00360626950000001	ID	10000	A38	C1	10000	100	0	0.5	300	1
193	0.0018453621398	0.0018453621398	0	0.834	0.839	0.0018453621398	0.0018453621398	1	300	A38	C1	10000	1000	0	0.5	300	0
194	-0.00773845303395	-0.00773845303394999	0	0.381	0.411	-0.00773845303395	-0.00773845303394999	FGr	300	A38	C1	10000	1000	0	0.5	300	0
195	-0.0116962952896	-0.0116962952896	0	0.197	0.196	-0.0116962952896	-0.0116962952896	NoCorrection	300	A38	C1	10000	1000	0	0.5	300	0
196	-0.0033257363995	-0.0033257363995	0	0.727	0.73	-0.0033257363995	-0.0033257363995	ID	300	A38	C1	10000	1000	0	0.5	300	0
197	6.22813525001142e-05	6.22813525001733e-05	0	0.989	0.993	6.22813525001142e-05	6.22813525001733e-05	1	300	A38	C1	10000	1000	0	0.5	300	0.1
198	0.0179195917686501	0.01791959176865	0	0.059	0.07	0.0179195917686501	0.01791959176865	FGr	300	A38	C1	10000	1000	0	0.5	300	0.1
199	0.0352148202567998	0.0352148202567999	0	0	0	0.0352148202567998	0.0352148202567999	NoCorrection	300	A38	C1	10000	1000	0	0.5	300	0.1
200	-0.00200608270549997	-0.00200608270549995	0	0.805	0.813	-0.00200608270549997	-0.00200608270549995	ID	300	A38	C1	10000	1000	0	0.5	300	0.1
201	-0.000294394004199946	-0.000294394004199978	0	0.975	0.974	-0.000294394004199946	-0.000294394004199978	1	300	A38	C1	10000	1000	0	0.5	300	0.5
202	0.098398758704	0.098398758704	0	0	0	0.098398758704	0.098398758704	FGr	300	A38	C1	10000	1000	0	0.5	300	0.5
203	0.1532862623138	0.1532862623138	0	0	0	0.1532862623138	0.1532862623138	NoCorrection	300	A38	C1	10000	1000	0	0.5	300	0.5
204	-0.0061848163829	-0.00618481638289999	0	0.465	0.459	-0.0061848163829	-0.00618481638289999	ID	300	A38	C1	10000	1000	0	0.5	300	0.5
205	0.0044187506135	0.0044187506135	0	0.622	0.566	0.0044187506135	0.0044187506135	1	300	A38	C1	10000	1000	0	0.5	300	1
206	0.209929581648	0.209929581648	0	0	0	0.209929581648	0.209929581648	FGr	300	A38	C1	10000	1000	0	0.5	300	1
207	0.341948080667	0.341948080667	0	0	0	0.341948080667	0.341948080667	NoCorrection	300	A38	C1	10000	1000	0	0.5	300	1
208	0.003276037853	0.003276037853	0	0.701	0.689	0.003276037853	0.003276037853	ID	300	A38	C1	10000	1000	0	0.5	300	1
209	0.00795274281203001	-0.00242578710000001	0	0.356	0.867	0.00795274281203001	-0.00242578710000001	1	1000	A38	C1	10000	1000	0	0.5	300	0
210	0.00731255820335001	-0.00778362879999997	0	0.392	0.611	0.00731255820335001	-0.00778362879999997	FGr	1000	A38	C1	10000	1000	0	0.5	300	0
211	0.00715806038479999	-0.00892310560000006	0	0.391	0.553	0.00715806038479999	-0.00892310560000006	NoCorrection	1000	A38	C1	10000	1000	0	0.5	300	0
212	0.00578790927900001	-0.01235173865	0	0.507	0.407	0.00578790927900001	-0.01235173865	ID	1000	A38	C1	10000	1000	0	0.5	300	0
213	0.0197122936961999	0.02677968445	0	0.026	0.079	0.0197122936961999	0.02677968445	1	1000	A38	C1	10000	1000	0	0.5	300	0.1
214	0.0309953182946	0.06468951735	0	0	0	0.0309953182946	0.06468951735	FGr	1000	A38	C1	10000	1000	0	0.5	300	0.1
215	0.0440315203800001	0.10566500365	0	0	0	0.0440315203800001	0.10566500365	NoCorrection	1000	A38	C1	10000	1000	0	0.5	300	0.1
216	0.0206094286121	0.0298346371000001	0	0.016	0.031	0.0206094286121	0.0298346371000001	ID	1000	A38	C1	10000	1000	0	0.5	300	0.1
217	-0.00479088450084999	0.00924578615	0	0.63	0.584	-0.00479088450084999	0.00924578615	1	1000	A38	C1	10000	1000	0	0.5	300	0.5
218	0.0350865304205	0.12829710005	0	0.004	0	0.0350865304205	0.12829710005	FGr	1000	A38	C1	10000	1000	0	0.5	300	0.5
219	0.142405056015	0.4491508001	0	0	0	0.142405056015	0.4491508001	NoCorrection	1000	A38	C1	10000	1000	0	0.5	300	0.5
220	-0.0052889871575	0.00895052329999999	0	0.609	0.577	-0.0052889871575	0.00895052329999999	ID	1000	A38	C1	10000	1000	0	0.5	300	0.5
221	-0.00515023105199997	-0.00677349755	0	0.584	0.64	-0.00515023105199997	-0.00677349755	1	1000	A38	C1	10000	1000	0	0.5	300	1
222	0.0797277959295	0.28077939025	0	0	0	0.0797277959295	0.28077939025	FGr	1000	A38	C1	10000	1000	0	0.5	300	1
223	0.27359106185265	0.89013599375	0	0	0	0.27359106185265	0.89013599375	NoCorrection	1000	A38	C1	10000	1000	0	0.5	300	1
224	-0.00820425628449997	-0.0151202602	0	0.386	0.294	-0.00820425628449997	-0.0151202602	ID	1000	A38	C1	10000	1000	0	0.5	300	1
225	-0.0050561501395	0.0170223987	0	0.544	0.462	-0.0050561501395	0.0170223987	1	10000	A38	C1	10000	1000	0	0.5	300	0
226	-0.00905940937075001	-0.0150127652	0	0.288	0.495	-0.00905940937075001	-0.0150127652	FGr	10000	A38	C1	10000	1000	0	0.5	300	0
227	-0.00726042759760001	-0.000879053000000021	0	0.342	0.979	-0.00726042759760001	-0.000879053000000021	NoCorrection	10000	A38	C1	10000	1000	0	0.5	300	0
228	-0.00509761717800001	0.01698327585	0	0.54	0.463	-0.00509761717800001	0.01698327585	ID	10000	A38	C1	10000	1000	0	0.5	300	0
229	-0.00111080340699999	0.039383423	0	0.899	0.074	-0.00111080340699999	0.039383423	1	10000	A38	C1	10000	1000	0	0.5	300	0.1
230	-0.000956083184499978	0.0342083903	0	0.917	0.123	-0.000956083184499978	0.0342083903	FGr	10000	A38	C1	10000	1000	0	0.5	300	0.1
231	0.0252864380901999	0.2467511102	0	0.007	0	0.0252864380901999	0.2467511102	NoCorrection	10000	A38	C1	10000	1000	0	0.5	300	0.1
232	-0.00200288116950001	0.03186508445	0	0.791	0.164	-0.00200288116950001	0.03186508445	ID	10000	A38	C1	10000	1000	0	0.5	300	0.1
233	0.00978338853610001	0.02063895085	0	0.271	0.331	0.00978338853610001	0.02063895085	1	10000	A38	C1	10000	1000	0	0.5	300	0.5
234	0.01593901086446	0.08592067905	0	0.08	0	0.01593901086446	0.08592067905	FGr	10000	A38	C1	10000	1000	0	0.5	300	0.5
235	0.133305052465	0.961371044349999	0	0	0	0.133305052465	0.961371044349999	NoCorrection	10000	A38	C1	10000	1000	0	0.5	300	0.5
236	0.00965022567305998	0.01139030155	0	0.316	0.578	0.00965022567305998	0.01139030155	ID	10000	A38	C1	10000	1000	0	0.5	300	0.5
237	-0.0164387460085	-0.00242174084999999	0	0.048	0.919	-0.0164387460085	-0.00242174084999999	1	10000	A38	C1	10000	1000	0	0.5	300	1
238	-0.00887326422968002	0.0919234648	0	0.303	0	-0.00887326422968002	0.0919234648	FGr	10000	A38	C1	10000	1000	0	0.5	300	1
239	0.235797556195	2.0246488735	0	0	0	0.235797556195	2.0246488735	NoCorrection	10000	A38	C1	10000	1000	0	0.5	300	1
240	-0.017019159404	0.000796110249999957	0	0.055	0.986	-0.017019159404	0.000796110249999957	ID	10000	A38	C1	10000	1000	0	0.5	300	1
241	-0.00476001375214999	-0.00476001375214999	0	0.617	0.644	-0.00476001375214999	-0.00476001375214999	1	300	A38	C1	10000	10000	0	0.5	300	0
242	-0.00831505466134999	-0.00831505466134998	0	0.406	0.374	-0.00831505466134999	-0.00831505466134998	FGr	300	A38	C1	10000	10000	0	0.5	300	0
243	-0.016344210359005	-0.0163442103590051	0	0.085	0.089	-0.016344210359005	-0.0163442103590051	NoCorrection	300	A38	C1	10000	10000	0	0.5	300	0
244	-0.00381095903455	-0.00381095903455	0	0.698	0.684	-0.00381095903455	-0.00381095903455	ID	300	A38	C1	10000	10000	0	0.5	300	0
245	-0.00126263260881003	-0.00126263260881001	0	0.893	0.895	-0.00126263260881003	-0.00126263260881001	1	300	A38	C1	10000	10000	0	0.5	300	0.1
246	0.0227481167576401	0.0227481167576401	0	0.008	0.014	0.0227481167576401	0.0227481167576401	FGr	300	A38	C1	10000	10000	0	0.5	300	0.1
247	0.0414521778151999	0.0414521778151999	0	0	0	0.0414521778151999	0.0414521778151999	NoCorrection	300	A38	C1	10000	10000	0	0.5	300	0.1
248	-0.00729949621788244	-0.00729949621788242	0	0.429	0.412	-0.00729949621788244	-0.00729949621788242	ID	300	A38	C1	10000	10000	0	0.5	300	0.1
249	-0.00208663312846501	-0.002086633128465	0	0.8	0.814	-0.00208663312846501	-0.002086633128465	1	300	A38	C1	10000	10000	0	0.5	300	0.5
250	0.09542204492525	0.09542204492525	0	0	0	0.09542204492525	0.09542204492525	FGr	300	A38	C1	10000	10000	0	0.5	300	0.5
251	0.1765299877888	0.1765299877888	0	0	0	0.1765299877888	0.1765299877888	NoCorrection	300	A38	C1	10000	10000	0	0.5	300	0.5
252	-0.0080447746133	-0.0080447746133	0	0.333	0.355	-0.0080447746133	-0.0080447746133	ID	300	A38	C1	10000	10000	0	0.5	300	0.5
253	-0.00199191891895004	-0.00199191891895004	0	0.804	0.847	-0.00199191891895004	-0.00199191891895004	1	300	A38	C1	10000	10000	0	0.5	300	1
254	0.2209253386123	0.2209253386123	0	0	0	0.2209253386123	0.2209253386123	FGr	300	A38	C1	10000	10000	0	0.5	300	1
255	0.369182142189649	0.369182142189649	0	0	0	0.369182142189649	0.369182142189649	NoCorrection	300	A38	C1	10000	10000	0	0.5	300	1
256	-0.00238862152957	-0.00238862152957	0	0.771	0.764	-0.00238862152957	-0.00238862152957	ID	300	A38	C1	10000	10000	0	0.5	300	1
257	0.00302043651726495	0.00352865141000002	0	0.693	0.784	0.00302043651726495	0.00352865141000002	1	1000	A38	C1	10000	10000	0	0.5	300	0
258	0.0104706980633499	0.027045192995	0	0.162	0.063	0.0104706980633499	0.027045192995	FGr	1000	A38	C1	10000	10000	0	0.5	300	0
259	0.00857070224224995	0.022239367815	0	0.272	0.114	0.00857070224224995	0.022239367815	NoCorrection	1000	A38	C1	10000	10000	0	0.5	300	0
260	0.00345038202092012	0.00413306299	0	0.647	0.765	0.00345038202092012	0.00413306299	ID	1000	A38	C1	10000	10000	0	0.5	300	0
261	0.011782831132425	0.009174239395	0	0.211	0.457	0.011782831132425	0.009174239395	1	1000	A38	C1	10000	10000	0	0.5	300	0.1
262	0.02758535057526	0.05050425638	0	0.005	0.001	0.02758535057526	0.05050425638	FGr	1000	A38	C1	10000	10000	0	0.5	300	0.1
263	0.0482755606516001	0.10650009315	0	0	0	0.0482755606516001	0.10650009315	NoCorrection	1000	A38	C1	10000	10000	0	0.5	300	0.1
264	0.0104598157996499	0.006876279565	0	0.257	0.594	0.0104598157996499	0.006876279565	ID	1000	A38	C1	10000	10000	0	0.5	300	0.1
265	0.00694777930687103	-0.00100388425000013	0	0.436	0.951	0.00694777930687103	-0.00100388425000013	1	1000	A38	C1	10000	10000	0	0.5	300	0.5
266	0.0659614596198999	0.1344936182	0	0	0	0.0659614596198999	0.1344936182	FGr	1000	A38	C1	10000	10000	0	0.5	300	0.5
267	0.17691795885275	0.39224097044	0	0	0	0.17691795885275	0.39224097044	NoCorrection	1000	A38	C1	10000	10000	0	0.5	300	0.5
268	0.00343415399572	-0.00770751837999981	0	0.712	0.563	0.00343415399572	-0.00770751837999981	ID	1000	A38	C1	10000	10000	0	0.5	300	0.5
269	-0.00274278104584995	0.00715184769500001	0	0.795	0.607	-0.00274278104584995	0.00715184769500001	1	1000	A38	C1	10000	10000	0	0.5	300	1
270	0.1175320625602	0.26907467054	0	0	0	0.1175320625602	0.26907467054	FGr	1000	A38	C1	10000	10000	0	0.5	300	1
271	0.356095385623179	0.822390907405	0	0	0	0.356095385623179	0.822390907405	NoCorrection	1000	A38	C1	10000	10000	0	0.5	300	1
272	-0.00483415413690206	0.00821368418499992	0	0.606	0.529	-0.00483415413690206	0.00821368418499992	ID	1000	A38	C1	10000	10000	0	0.5	300	1
273	0.01446125124875	0.0113830999849999	0	0.079	0.619	0.01446125124875	0.0113830999849999	1	10000	A38	C1	10000	10000	0	0.5	300	0
274	0.0126077067706	-0.00648980830000004	0	0.096	0.747	0.0126077067706	-0.00648980830000004	FGr	10000	A38	C1	10000	10000	0	0.5	300	0
275	0.0104422778999	-0.02469765325	0	0.19	0.249	0.0104422778999	-0.02469765325	NoCorrection	10000	A38	C1	10000	10000	0	0.5	300	0
276	0.01416958863824	0.00866090378000011	0	0.073	0.696	0.01416958863824	0.00866090378000011	ID	10000	A38	C1	10000	10000	0	0.5	300	0
277	-0.00583546942152978	-0.03876705823	0	0.44	0.05	-0.00583546942152978	-0.03876705823	1	10000	A38	C1	10000	10000	0	0.5	300	0.1
278	-0.00353474981558228	-0.0291743802199999	0	0.621	0.165	-0.00353474981558228	-0.0291743802199999	FGr	10000	A38	C1	10000	10000	0	0.5	300	0.1
279	0.024775601690945	0.1953102808	0	0.004	0	0.024775601690945	0.1953102808	NoCorrection	10000	A38	C1	10000	10000	0	0.5	300	0.1
280	-0.00434268379125036	-0.036015384895	0	0.53	0.074	-0.00434268379125036	-0.036015384895	ID	10000	A38	C1	10000	10000	0	0.5	300	0.1
281	-0.00417176561563499	0.0179606238800001	0	0.587	0.371	-0.00417176561563499	0.0179606238800001	1	10000	A38	C1	10000	10000	0	0.5	300	0.5
282	-0.000716885177130023	0.0314023177300004	0	0.932	0.127	-0.000716885177130023	0.0314023177300004	FGr	10000	A38	C1	10000	10000	0	0.5	300	0.5
283	0.125844203282	0.927247103670003	0	0	0	0.125844203282	0.927247103670003	NoCorrection	10000	A38	C1	10000	10000	0	0.5	300	0.5
284	-0.005072334932605	0.00673613480999997	0	0.511	0.735	-0.005072334932605	0.00673613480999997	ID	10000	A38	C1	10000	10000	0	0.5	300	0.5
285	-0.000165437888399732	0.00597058706500002	0	0.986	0.776	-0.000165437888399732	0.00597058706500002	1	10000	A38	C1	10000	10000	0	0.5	300	1
286	0.0124987492518001	0.104907919155	0	0.097	0	0.0124987492518001	0.104907919155	FGr	10000	A38	C1	10000	10000	0	0.5	300	1
287	0.2734655870917	1.93532591255	0	0	0	0.2734655870917	1.93532591255	NoCorrection	10000	A38	C1	10000	10000	0	0.5	300	1
288	0.000547854068850095	0.00402653294999989	0	0.944	0.841	0.000547854068850095	0.00402653294999989	ID	10000	A38	C1	10000	10000	0	0.5	300	1
289	0.0247797948700001	0.02477979487	0	0.513	0.51	0.0247797948700001	0.02477979487	1	300	A38	C2	1000	100	0	0.5	300	0
290	0.023644022	0.0236440220000001	0	0.532	0.53	0.023644022	0.0236440220000001	FGr	300	A38	C2	1000	100	0	0.5	300	0
291	0.02476292039	0.02476292039	0	0.514	0.507	0.02476292039	0.02476292039	NoCorrection	300	A38	C2	1000	100	0	0.5	300	0
292	0.02554978617	0.0255497861700001	0	0.47	0.508	0.02554978617	0.0255497861700001	ID	300	A38	C2	1000	100	0	0.5	300	0
293	0.06393894759	0.06393894759	0	0.083	0.068	0.06393894759	0.06393894759	1	300	A38	C2	1000	100	0	0.5	300	0.1
294	0.05683539743	0.05683539743	0	0.122	0.106	0.05683539743	0.05683539743	FGr	300	A38	C2	1000	100	0	0.5	300	0.1
295	0.0578186026325	0.0578186026325	0	0.087	0.095	0.0578186026325	0.0578186026325	NoCorrection	300	A38	C2	1000	100	0	0.5	300	0.1
296	0.0614069665	0.0614069665	0	0.089	0.082	0.0614069665	0.0614069665	ID	300	A38	C2	1000	100	0	0.5	300	0.1
297	0.033688281895	0.033688281895	0	0.333	0.316	0.033688281895	0.033688281895	1	300	A38	C2	1000	100	0	0.5	300	0.5
298	0.011261198	0.011261198	0	0.795	0.814	0.011261198	0.011261198	FGr	300	A38	C2	1000	100	0	0.5	300	0.5
299	0.011530023642	0.011530023642	0	0.745	0.772	0.011530023642	0.011530023642	NoCorrection	300	A38	C2	1000	100	0	0.5	300	0.5
300	0.037318032025	0.037318032025	0	0.26	0.249	0.037318032025	0.037318032025	ID	300	A38	C2	1000	100	0	0.5	300	0.5
301	0.00350294628100001	0.00350294628099999	0	0.927	0.944	0.00350294628100001	0.00350294628099999	1	300	A38	C2	1000	100	0	0.5	300	1
302	-0.0398752499550001	-0.039875249955	0	0.481	0.485	-0.0398752499550001	-0.039875249955	FGr	300	A38	C2	1000	100	0	0.5	300	1
303	-0.0404423424549999	-0.0404423424549999	0	0.464	0.48	-0.0404423424549999	-0.0404423424549999	NoCorrection	300	A38	C2	1000	100	0	0.5	300	1
304	0.008896535315	0.00889653531500001	0	0.794	0.817	0.008896535315	0.00889653531500001	ID	300	A38	C2	1000	100	0	0.5	300	1
305	0.059887847595	0.171061942	0	0.062	0.003	0.059887847595	0.171061942	1	1000	A38	C2	1000	100	0	0.5	300	0
306	0.05948717817	0.1720610795	0	0.054	0.004	0.05948717817	0.1720610795	FGr	1000	A38	C2	1000	100	0	0.5	300	0
307	0.0577662598	0.167564468	0	0.058	0.001	0.0577662598	0.167564468	NoCorrection	1000	A38	C2	1000	100	0	0.5	300	0
308	0.05949454238	0.168974951	0	0.068	0.008	0.05949454238	0.168974951	ID	1000	A38	C2	1000	100	0	0.5	300	0
309	-0.0231548186	-0.0651879975	0	0.446	0.248	-0.0231548186	-0.0651879975	1	1000	A38	C2	1000	100	0	0.5	300	0.1
310	-0.01585764609	-0.0746178815	0	0.598	0.15	-0.01585764609	-0.0746178815	FGr	1000	A38	C2	1000	100	0	0.5	300	0.1
311	-0.014078747195	-0.0622628135	0	0.636	0.278	-0.014078747195	-0.0622628135	NoCorrection	1000	A38	C2	1000	100	0	0.5	300	0.1
312	-0.02438295963	-0.069363578	0	0.423	0.228	-0.02438295963	-0.069363578	ID	1000	A38	C2	1000	100	0	0.5	300	0.1
313	0.051306469712	0.0757159340000001	0	0.113	0.242	0.051306469712	0.0757159340000001	1	1000	A38	C2	1000	100	0	0.5	300	0.5
314	0.089113921195	0.0925976479999999	0	0.019	0.157	0.089113921195	0.0925976479999999	FGr	1000	A38	C2	1000	100	0	0.5	300	0.5
315	0.086787438576	0.0776125915	0	0.026	0.277	0.086787438576	0.0776125915	NoCorrection	1000	A38	C2	1000	100	0	0.5	300	0.5
316	0.03889341869	0.038677892	0	0.216	0.516	0.03889341869	0.038677892	ID	1000	A38	C2	1000	100	0	0.5	300	0.5
317	0.09601467669	0.0984530705	0	0.004	0.097	0.09601467669	0.0984530705	1	1000	A38	C2	1000	100	0	0.5	300	1
318	0.15500814099	0.0328647210000001	0	0.002	0.716	0.15500814099	0.0328647210000001	FGr	1000	A38	C2	1000	100	0	0.5	300	1
319	0.15762922337	0.0261055809999999	0	0.004	0.771	0.15762922337	0.0261055809999999	NoCorrection	1000	A38	C2	1000	100	0	0.5	300	1
320	0.08005174295	0.1087309865	0	0.016	0.049	0.08005174295	0.1087309865	ID	1000	A38	C2	1000	100	0	0.5	300	1
321	-0.00860686137500003	0.087461604	0	0.791	0.328	-0.00860686137500003	0.087461604	1	10000	A38	C2	1000	100	0	0.5	300	0
322	-0.00305912379999997	0.042405158	0	0.933	0.624	-0.00305912379999997	0.042405158	FGr	10000	A38	C2	1000	100	0	0.5	300	0
323	-0.00309509081999997	0.0563320755	0	0.931	0.531	-0.00309509081999997	0.0563320755	NoCorrection	10000	A38	C2	1000	100	0	0.5	300	0
324	-0.00879417069699995	0.0810087540000001	0	0.802	0.377	-0.00879417069699995	0.0810087540000001	ID	10000	A38	C2	1000	100	0	0.5	300	0
325	-0.00336101734149999	-0.024486804	0	0.919	0.784	-0.00336101734149999	-0.024486804	1	10000	A38	C2	1000	100	0	0.5	300	0.1
326	0.000700286169999991	-0.0567185505	0	0.987	0.501	0.000700286169999991	-0.0567185505	FGr	10000	A38	C2	1000	100	0	0.5	300	0.1
327	0.000698225299999989	-0.071225662	0	0.977	0.411	0.000698225299999989	-0.071225662	NoCorrection	10000	A38	C2	1000	100	0	0.5	300	0.1
328	-0.00467480972	-0.033205441	0	0.892	0.697	-0.00467480972	-0.033205441	ID	10000	A38	C2	1000	100	0	0.5	300	0.1
329	-0.01226353937	0.098097237	0	0.709	0.322	-0.01226353937	0.098097237	1	10000	A38	C2	1000	100	0	0.5	300	0.5
330	0.013320019185	0.105834275	0	0.733	0.281	0.013320019185	0.105834275	FGr	10000	A38	C2	1000	100	0	0.5	300	0.5
331	0.013314721435	0.0894381599999999	0	0.701	0.38	0.013314721435	0.0894381599999999	NoCorrection	10000	A38	C2	1000	100	0	0.5	300	0.5
332	-0.01244133624	0.096506925	0	0.707	0.335	-0.01244133624	0.096506925	ID	10000	A38	C2	1000	100	0	0.5	300	0.5
333	-0.0270114164565	-0.033394707	0	0.401	0.698	-0.0270114164565	-0.033394707	1	10000	A38	C2	1000	100	0	0.5	300	1
334	0.039332609693	0.16306623	0	0.464	0.228	0.039332609693	0.16306623	FGr	10000	A38	C2	1000	100	0	0.5	300	1
335	0.039223964355	0.16491122	0	0.485	0.222	0.039223964355	0.16491122	NoCorrection	10000	A38	C2	1000	100	0	0.5	300	1
336	-0.027468949115	-0.03010286	0	0.401	0.759	-0.027468949115	-0.03010286	ID	10000	A38	C2	1000	100	0	0.5	300	1
337	-0.0277333828625001	-0.0277333828625001	0	0.138	0.157	-0.0277333828625001	-0.0277333828625001	1	300	A38	C2	1000	1000	0	0.5	300	0
338	-0.022924876065	-0.022924876065	0	0.251	0.238	-0.022924876065	-0.022924876065	FGr	300	A38	C2	1000	1000	0	0.5	300	0
339	-0.023141184475	-0.023141184475	0	0.222	0.247	-0.023141184475	-0.023141184475	NoCorrection	300	A38	C2	1000	1000	0	0.5	300	0
340	-0.02469591933225	-0.02469591933225	0	0.172	0.184	-0.02469591933225	-0.02469591933225	ID	300	A38	C2	1000	1000	0	0.5	300	0
341	0.00547164669100001	0.005471646691	0	0.795	0.78	0.00547164669100001	0.005471646691	1	300	A38	C2	1000	1000	0	0.5	300	0.1
342	0.00866888853250005	0.00866888853250003	0	0.659	0.668	0.00866888853250005	0.00866888853250003	FGr	300	A38	C2	1000	1000	0	0.5	300	0.1
343	0.00992669160255008	0.00992669160255001	0	0.628	0.627	0.00992669160255008	0.00992669160255001	NoCorrection	300	A38	C2	1000	1000	0	0.5	300	0.1
344	0.00508700553000001	0.00508700553000004	0	0.784	0.804	0.00508700553000001	0.00508700553000004	ID	300	A38	C2	1000	1000	0	0.5	300	0.1
345	-0.00189067145065	-0.00189067145064999	0	0.917	0.914	-0.00189067145065	-0.00189067145064999	1	300	A38	C2	1000	1000	0	0.5	300	0.5
346	0.0212167675420002	0.0212167675420002	0	0.385	0.393	0.0212167675420002	0.0212167675420002	FGr	300	A38	C2	1000	1000	0	0.5	300	0.5
347	0.02259048289	0.02259048289	0	0.347	0.353	0.02259048289	0.02259048289	NoCorrection	300	A38	C2	1000	1000	0	0.5	300	0.5
348	-0.00382957682850017	-0.00382957682850012	0	0.846	0.849	-0.00382957682850017	-0.00382957682850012	ID	300	A38	C2	1000	1000	0	0.5	300	0.5
349	-0.000316707664500031	-0.00031670766450002	0	0.994	0.984	-0.000316707664500031	-0.00031670766450002	1	300	A38	C2	1000	1000	0	0.5	300	1
350	0.0328481843200001	0.0328481843200002	0	0.236	0.245	0.0328481843200001	0.0328481843200002	FGr	300	A38	C2	1000	1000	0	0.5	300	1
351	0.0328509021139998	0.0328509021139998	0	0.261	0.256	0.0328509021139998	0.0328509021139998	NoCorrection	300	A38	C2	1000	1000	0	0.5	300	1
352	-0.0145846152745001	-0.0145846152745002	0	0.553	0.549	-0.0145846152745001	-0.0145846152745002	ID	300	A38	C2	1000	1000	0	0.5	300	1
353	0.0183894807683	-0.0231315048999998	0	0.398	0.489	0.0183894807683	-0.0231315048999998	1	1000	A38	C2	1000	1000	0	0.5	300	0
354	0.021913170771	-0.0126128410000002	0	0.306	0.722	0.021913170771	-0.0126128410000002	FGr	1000	A38	C2	1000	1000	0	0.5	300	0
355	0.021047849731	-0.0188888609000001	0	0.329	0.57	0.021047849731	-0.0188888609000001	NoCorrection	1000	A38	C2	1000	1000	0	0.5	300	0
356	0.0185658314575	-0.0232717481500004	0	0.388	0.475	0.0185658314575	-0.0232717481500004	ID	1000	A38	C2	1000	1000	0	0.5	300	0
357	0.015817585816	-0.00504759484999999	0	0.522	0.885	0.015817585816	-0.00504759484999999	1	1000	A38	C2	1000	1000	0	0.5	300	0.1
358	0.0182023250243	-0.00497681075	0	0.426	0.889	0.0182023250243	-0.00497681075	FGr	1000	A38	C2	1000	1000	0	0.5	300	0.1
359	0.017666394775	-0.00571843520000001	0	0.488	0.88	0.017666394775	-0.00571843520000001	NoCorrection	1000	A38	C2	1000	1000	0	0.5	300	0.1
360	0.019974381006	-0.00234640834999997	0	0.434	0.925	0.019974381006	-0.00234640834999997	ID	1000	A38	C2	1000	1000	0	0.5	300	0.1
361	-0.0254757703129997	-0.04395241235	0	0.305	0.238	-0.0254757703129997	-0.04395241235	1	1000	A38	C2	1000	1000	0	0.5	300	0.5
362	-0.0456752040429994	-0.0681443305500001	0	0.096	0.07	-0.0456752040429994	-0.0681443305500001	FGr	1000	A38	C2	1000	1000	0	0.5	300	0.5
363	-0.0464262443940999	-0.0715468862500003	0	0.096	0.081	-0.0464262443940999	-0.0715468862500003	NoCorrection	1000	A38	C2	1000	1000	0	0.5	300	0.5
364	-0.0178233019829001	-0.0413413462000002	0	0.484	0.214	-0.0178233019829001	-0.0413413462000002	ID	1000	A38	C2	1000	1000	0	0.5	300	0.5
365	-0.0479022159125005	-0.0473738169	0	0.007	0.163	-0.0479022159125005	-0.0473738169	1	1000	A38	C2	1000	1000	0	0.5	300	1
366	-0.0917768266479999	-0.0571401166	0	0	0.178	-0.0917768266479999	-0.0571401166	FGr	1000	A38	C2	1000	1000	0	0.5	300	1
367	-0.0927604381664996	-0.0646454087000001	0	0.005	0.136	-0.0927604381664996	-0.0646454087000001	NoCorrection	1000	A38	C2	1000	1000	0	0.5	300	1
368	-0.040878653766	-0.0147309132499999	0	0.025	0.634	-0.040878653766	-0.0147309132499999	ID	1000	A38	C2	1000	1000	0	0.5	300	1
369	-0.036270854284	0.0441404237	0	0.12	0.403	-0.036270854284	0.0441404237	1	10000	A38	C2	1000	1000	0	0.5	300	0
370	-0.0349612141295003	0.0540604523499999	0	0.1	0.329	-0.0349612141295003	0.0540604523499999	FGr	10000	A38	C2	1000	1000	0	0.5	300	0
371	-0.0358339697455	0.0435527377999998	0	0.112	0.414	-0.0358339697455	0.0435527377999998	NoCorrection	10000	A38	C2	1000	1000	0	0.5	300	0
372	-0.0361818630754998	0.0339594904999999	0	0.091	0.528	-0.0361818630754998	0.0339594904999999	ID	10000	A38	C2	1000	1000	0	0.5	300	0
373	0.01010541341105	0.073629514	0	0.609	0.183	0.01010541341105	0.073629514	1	10000	A38	C2	1000	1000	0	0.5	300	0.1
374	0.00982156708439998	0.0433947972499999	0	0.58	0.427	0.00982156708439998	0.0433947972499999	FGr	10000	A38	C2	1000	1000	0	0.5	300	0.1
375	0.0094424018225	0.0483332956	0	0.629	0.372	0.0094424018225	0.0483332956	NoCorrection	10000	A38	C2	1000	1000	0	0.5	300	0.1
376	0.00998540795800004	0.0757418982	0	0.571	0.134	0.00998540795800004	0.0757418982	ID	10000	A38	C2	1000	1000	0	0.5	300	0.1
377	0.017619192232	0.0511613333000005	0	0.395	0.354	0.017619192232	0.0511613333000005	1	10000	A38	C2	1000	1000	0	0.5	300	0.5
378	0.00908960502049996	-0.044539185	0	0.728	0.463	0.00908960502049996	-0.044539185	FGr	10000	A38	C2	1000	1000	0	0.5	300	0.5
379	0.00967088193700002	-0.048018238	0	0.681	0.43	0.00967088193700002	-0.048018238	NoCorrection	10000	A38	C2	1000	1000	0	0.5	300	0.5
380	0.0168273822803751	0.0604763986999997	0	0.397	0.282	0.0168273822803751	0.0604763986999997	ID	10000	A38	C2	1000	1000	0	0.5	300	0.5
381	-0.00456223456049998	-0.00408228345000003	0	0.818	0.938	-0.00456223456049998	-0.00408228345000003	1	10000	A38	C2	1000	1000	0	0.5	300	1
382	-0.0219001053255	0.00252408349999965	0	0.528	0.977	-0.0219001053255	0.00252408349999965	FGr	10000	A38	C2	1000	1000	0	0.5	300	1
383	-0.022283685062	0.00607357950000018	0	0.505	0.938	-0.022283685062	0.00607357950000018	NoCorrection	10000	A38	C2	1000	1000	0	0.5	300	1
384	-0.00667681420229997	-0.0204055960999999	0	0.727	0.708	-0.00667681420229997	-0.0204055960999999	ID	10000	A38	C2	1000	1000	0	0.5	300	1
385	0.045461090412	0.045461090412	0	0.019	0.015	0.045461090412	0.045461090412	1	300	A38	C2	1000	10000	0	0.5	300	0
386	0.042695474323125	0.042695474323125	0	0.021	0.032	0.042695474323125	0.042695474323125	FGr	300	A38	C2	1000	10000	0	0.5	300	0
387	0.04297151447764	0.04297151447764	0	0.024	0.02	0.04297151447764	0.04297151447764	NoCorrection	300	A38	C2	1000	10000	0	0.5	300	0
388	0.0441747801668299	0.0441747801668299	0	0.022	0.026	0.0441747801668299	0.0441747801668299	ID	300	A38	C2	1000	10000	0	0.5	300	0
389	-0.0329033156469999	-0.0329033156469999	0	0.081	0.082	-0.0329033156469999	-0.0329033156469999	1	300	A38	C2	1000	10000	0	0.5	300	0.1
390	-0.0328041223892001	-0.0328041223892001	0	0.071	0.071	-0.0328041223892001	-0.0328041223892001	FGr	300	A38	C2	1000	10000	0	0.5	300	0.1
391	-0.03302094493605	-0.03302094493605	0	0.074	0.08	-0.03302094493605	-0.03302094493605	NoCorrection	300	A38	C2	1000	10000	0	0.5	300	0.1
392	-0.0315769263309998	-0.0315769263309999	0	0.097	0.107	-0.0315769263309998	-0.0315769263309999	ID	300	A38	C2	1000	10000	0	0.5	300	0.1
393	0.00603176976464968	0.00603176976464969	0	0.759	0.74	0.00603176976464968	0.00603176976464969	1	300	A38	C2	1000	10000	0	0.5	300	0.5
394	-0.000602905906300612	-0.000602905906300643	0	0.971	0.981	-0.000602905906300612	-0.000602905906300643	FGr	300	A38	C2	1000	10000	0	0.5	300	0.5
395	-3.90256347503734e-05	-3.90256347504676e-05	0	0.996	1	-3.90256347503734e-05	-3.90256347504676e-05	NoCorrection	300	A38	C2	1000	10000	0	0.5	300	0.5
396	0.00451338972279975	0.0045133897227998	0	0.816	0.831	0.00451338972279975	0.0045133897227998	ID	300	A38	C2	1000	10000	0	0.5	300	0.5
397	-0.00243163557889962	-0.00243163557889964	0	0.908	0.92	-0.00243163557889962	-0.00243163557889964	1	300	A38	C2	1000	10000	0	0.5	300	1
398	-0.016832312792	-0.016832312792	0	0.605	0.591	-0.016832312792	-0.016832312792	FGr	300	A38	C2	1000	10000	0	0.5	300	1
399	-0.0171679838834997	-0.0171679838834997	0	0.616	0.559	-0.0171679838834997	-0.0171679838834997	NoCorrection	300	A38	C2	1000	10000	0	0.5	300	1
400	-0.00581767153749971	-0.0058176715374997	0	0.765	0.747	-0.00581767153749971	-0.0058176715374997	ID	300	A38	C2	1000	10000	0	0.5	300	1
401	-0.0304228211715001	-0.01959005965	0	0.119	0.525	-0.0304228211715001	-0.01959005965	1	1000	A38	C2	1000	10000	0	0.5	300	0
402	-0.0293621933370499	-0.0261650159000002	0	0.13	0.389	-0.0293621933370499	-0.0261650159000002	FGr	1000	A38	C2	1000	10000	0	0.5	300	0
403	-0.0285392916127999	-0.0246389555700001	0	0.114	0.4	-0.0285392916127999	-0.0246389555700001	NoCorrection	1000	A38	C2	1000	10000	0	0.5	300	0
404	-0.02913605450095	-0.0206705200700001	0	0.128	0.451	-0.02913605450095	-0.0206705200700001	ID	1000	A38	C2	1000	10000	0	0.5	300	0
405	-0.0053849949720601	0.0549023885900001	0	0.766	0.089	-0.0053849949720601	0.0549023885900001	1	1000	A38	C2	1000	10000	0	0.5	300	0.1
406	-0.0100644945354999	0.0393780211949998	0	0.567	0.192	-0.0100644945354999	0.0393780211949998	FGr	1000	A38	C2	1000	10000	0	0.5	300	0.1
407	-0.0103555610460996	0.0376192086299999	0	0.574	0.228	-0.0103555610460996	0.0376192086299999	NoCorrection	1000	A38	C2	1000	10000	0	0.5	300	0.1
408	-0.00491594657059971	0.0573447905	0	0.76	0.063	-0.00491594657059971	0.0573447905	ID	1000	A38	C2	1000	10000	0	0.5	300	0.1
409	0.0292352409242999	0.00330741655500001	0	0.133	0.907	0.0292352409242999	0.00330741655500001	1	1000	A38	C2	1000	10000	0	0.5	300	0.5
410	0.0077562224035999	-0.02206658497	0	0.749	0.533	0.0077562224035999	-0.02206658497	FGr	1000	A38	C2	1000	10000	0	0.5	300	0.5
411	0.00763432611740012	-0.02343782754	0	0.741	0.522	0.00763432611740012	-0.02343782754	NoCorrection	1000	A38	C2	1000	10000	0	0.5	300	0.5
412	0.0306898622024	0.0196936057199999	0	0.093	0.52	0.0306898622024	0.0196936057199999	ID	1000	A38	C2	1000	10000	0	0.5	300	0.5
413	-0.0214049431365	-0.0695178194149998	0	0.294	0.046	-0.0214049431365	-0.0695178194149998	1	1000	A38	C2	1000	10000	0	0.5	300	1
414	-0.0547676803574993	-0.04263284808	0	0.075	0.381	-0.0547676803574993	-0.04263284808	FGr	1000	A38	C2	1000	10000	0	0.5	300	1
415	-0.0549217758328002	-0.0416749940800005	0	0.058	0.367	-0.0549217758328002	-0.0416749940800005	NoCorrection	1000	A38	C2	1000	10000	0	0.5	300	1
416	-0.0181651565882999	-0.043083210934999	0	0.347	0.196	-0.0181651565882999	-0.043083210934999	ID	1000	A38	C2	1000	10000	0	0.5	300	1
417	-0.00628416363820001	0.0686327072650003	0	0.733	0.169	-0.00628416363820001	0.0686327072650003	1	10000	A38	C2	1000	10000	0	0.5	300	0
418	-0.00868336655714998	0.0969209352050009	0	0.659	0.033	-0.00868336655714998	0.0969209352050009	FGr	10000	A38	C2	1000	10000	0	0.5	300	0
419	-0.00790390419139999	0.0856611294049973	0	0.674	0.074	-0.00790390419139999	0.0856611294049973	NoCorrection	10000	A38	C2	1000	10000	0	0.5	300	0
420	-0.0054990663809549	0.0678757321900007	0	0.75	0.146	-0.0054990663809549	0.0678757321900007	ID	10000	A38	C2	1000	10000	0	0.5	300	0
421	0.0147674605677501	0.0883307947149996	0	0.488	0.07	0.0147674605677501	0.0883307947149996	1	10000	A38	C2	1000	10000	0	0.5	300	0.1
422	0.01160976270653	0.0742364724350003	0	0.601	0.126	0.01160976270653	0.0742364724350003	FGr	10000	A38	C2	1000	10000	0	0.5	300	0.1
423	0.011536888762315	0.0749954881950003	0	0.579	0.138	0.011536888762315	0.0749954881950003	NoCorrection	10000	A38	C2	1000	10000	0	0.5	300	0.1
424	0.0147487307745	0.0882520816299998	0	0.486	0.072	0.0147487307745	0.0882520816299998	ID	10000	A38	C2	1000	10000	0	0.5	300	0.1
425	0.0153256340270596	-0.0443060320899999	0	0.413	0.347	0.0153256340270596	-0.0443060320899999	1	10000	A38	C2	1000	10000	0	0.5	300	0.5
426	-0.000539507290999996	-0.0370102656499997	0	0.981	0.42	-0.000539507290999996	-0.0370102656499997	FGr	10000	A38	C2	1000	10000	0	0.5	300	0.5
427	-0.000549987758499976	-0.0370633163500001	0	0.979	0.457	-0.000549987758499976	-0.0370633163500001	NoCorrection	10000	A38	C2	1000	10000	0	0.5	300	0.5
428	0.0162900355294995	-0.0558336108799998	0	0.402	0.236	0.0162900355294995	-0.0558336108799998	ID	10000	A38	C2	1000	10000	0	0.5	300	0.5
429	0.0226371479682498	-0.00139963505000035	0	0.259	0.975	0.0226371479682498	-0.00139963505000035	1	10000	A38	C2	1000	10000	0	0.5	300	1
430	-0.00718553596645022	0.057328024399998	0	0.818	0.406	-0.00718553596645022	0.057328024399998	FGr	10000	A38	C2	1000	10000	0	0.5	300	1
431	-0.00828183208275041	0.047513545050003	0	0.787	0.518	-0.00828183208275041	0.047513545050003	NoCorrection	10000	A38	C2	1000	10000	0	0.5	300	1
432	0.0248026463451156	0.00453265695	0	0.25	0.934	0.0248026463451156	0.00453265695	ID	10000	A38	C2	1000	10000	0	0.5	300	1
433	-0.00882233818899999	-0.00882233818899998	0	0.389	0.41	-0.00882233818899999	-0.00882233818899998	1	300	A38	C2	10000	100	0	0.5	300	0
434	-0.00880927635000002	-0.00880927635000001	0	0.401	0.397	-0.00880927635000002	-0.00880927635000001	FGr	300	A38	C2	10000	100	0	0.5	300	0
435	-0.0088787971398	-0.00887879713979999	0	0.406	0.387	-0.0088787971398	-0.00887879713979999	NoCorrection	300	A38	C2	10000	100	0	0.5	300	0
436	-0.00867762257500001	-0.008677622575	0	0.415	0.402	-0.00867762257500001	-0.008677622575	ID	300	A38	C2	10000	100	0	0.5	300	0
437	-0.007581145396	-0.00758114539600001	0	0.436	0.433	-0.007581145396	-0.00758114539600001	1	300	A38	C2	10000	100	0	0.5	300	0.1
438	-0.00806410467	-0.00806410467	0	0.474	0.467	-0.00806410467	-0.00806410467	FGr	300	A38	C2	10000	100	0	0.5	300	0.1
439	-0.00803452684500001	-0.00803452684499999	0	0.47	0.449	-0.00803452684500001	-0.00803452684499999	NoCorrection	300	A38	C2	10000	100	0	0.5	300	0.1
440	-0.007523078232	-0.00752307823200001	0	0.466	0.457	-0.007523078232	-0.00752307823200001	ID	300	A38	C2	10000	100	0	0.5	300	0.1
441	0.002545455343	0.002545455343	0	0.834	0.824	0.002545455343	0.002545455343	1	300	A38	C2	10000	100	0	0.5	300	0.5
442	-0.000259985565000015	-0.000259985565000029	0	0.992	0.986	-0.000259985565000015	-0.000259985565000029	FGr	300	A38	C2	10000	100	0	0.5	300	0.5
443	-0.000245999490000011	-0.00024599948999995	0	0.987	0.986	-0.000245999490000011	-0.00024599948999995	NoCorrection	300	A38	C2	10000	100	0	0.5	300	0.5
444	0.00315685055000001	0.00315685054999999	0	0.802	0.782	0.00315685055000001	0.00315685054999999	ID	300	A38	C2	10000	100	0	0.5	300	0.5
445	-0.00874205712	-0.00874205712	0	0.443	0.476	-0.00874205712	-0.00874205712	1	300	A38	C2	10000	100	0	0.5	300	1
446	-0.01464124035	-0.0146412403499999	0	0.716	0.699	-0.01464124035	-0.0146412403499999	FGr	300	A38	C2	10000	100	0	0.5	300	1
447	-0.0146733366999999	-0.0146733367	0	0.706	0.704	-0.0146733366999999	-0.0146733367	NoCorrection	300	A38	C2	10000	100	0	0.5	300	1
448	-0.0075651003575	-0.00756510035749999	0	0.485	0.461	-0.0075651003575	-0.00756510035749999	ID	300	A38	C2	10000	100	0	0.5	300	1
449	0.00243004758650001	0.00139547449999996	0	0.841	0.947	0.00243004758650001	0.00139547449999996	1	1000	A38	C2	10000	100	0	0.5	300	0
450	0.002408175875	-0.00456327499999998	0	0.844	0.775	0.002408175875	-0.00456327499999998	FGr	1000	A38	C2	10000	100	0	0.5	300	0
451	0.0023826565	-0.00584638500000002	0	0.843	0.737	0.0023826565	-0.00584638500000002	NoCorrection	1000	A38	C2	10000	100	0	0.5	300	0
452	0.00253886140300001	0.001803306	0	0.833	0.92	0.00253886140300001	0.001803306	ID	1000	A38	C2	10000	100	0	0.5	300	0
453	0.00538321876900001	-0.0085782525	0	0.636	0.603	0.00538321876900001	-0.0085782525	1	1000	A38	C2	10000	100	0	0.5	300	0.1
454	0.00497228975999999	-0.0018748085	0	0.645	0.92	0.00497228975999999	-0.0018748085	FGr	1000	A38	C2	10000	100	0	0.5	300	0.1
455	0.00495351595250002	-0.000630260499999992	0	0.66	0.97	0.00495351595250002	-0.000630260499999992	NoCorrection	1000	A38	C2	10000	100	0	0.5	300	0.1
456	0.005733419565	-0.0043731035	0	0.569	0.799	0.005733419565	-0.0043731035	ID	1000	A38	C2	10000	100	0	0.5	300	0.1
457	0.010864741003	0.036861383	0	0.306	0.054	0.010864741003	0.036861383	1	1000	A38	C2	10000	100	0	0.5	300	0.5
458	0.00923972109000002	-0.00104957800000004	0	0.627	0.979	0.00923972109000002	-0.00104957800000004	FGr	1000	A38	C2	10000	100	0	0.5	300	0.5
459	0.00916122463599998	-0.00107064899999999	0	0.665	0.981	0.00916122463599998	-0.00107064899999999	NoCorrection	1000	A38	C2	10000	100	0	0.5	300	0.5
460	0.013733990505	0.034687308	0	0.201	0.072	0.013733990505	0.034687308	ID	1000	A38	C2	10000	100	0	0.5	300	0.5
461	-0.00683645326499999	-0.0292326215	0	0.573	0.108	-0.00683645326499999	-0.0292326215	1	1000	A38	C2	10000	100	0	0.5	300	1
462	-0.01030163705	0.00795389049999997	0	0.79	0.883	-0.01030163705	0.00795389049999997	FGr	1000	A38	C2	10000	100	0	0.5	300	1
463	-0.010103523892	0.00810605450000008	0	0.765	0.878	-0.010103523892	0.00810605450000008	NoCorrection	1000	A38	C2	10000	100	0	0.5	300	1
464	-0.0012806797	-0.0375817055	0	0.905	0.029	-0.0012806797	-0.0375817055	ID	1000	A38	C2	10000	100	0	0.5	300	1
465	0.0201562713005	0.0284537485	0	0.054	0.282	0.0201562713005	0.0284537485	1	10000	A38	C2	10000	100	0	0.5	300	0
466	0.020567654404	0.0169274045	0	0.05	0.495	0.020567654404	0.0169274045	FGr	10000	A38	C2	10000	100	0	0.5	300	0
467	0.0204587047375	0.014467014	0	0.051	0.575	0.0204587047375	0.014467014	NoCorrection	10000	A38	C2	10000	100	0	0.5	300	0
468	0.0199532145347	0.0292335720000001	0	0.064	0.281	0.0199532145347	0.0292335720000001	ID	10000	A38	C2	10000	100	0	0.5	300	0
469	-0.01529373278	0.022567669	0	0.205	0.478	-0.01529373278	0.022567669	1	10000	A38	C2	10000	100	0	0.5	300	0.1
470	-0.02160480247	0.023106697	0	0.11	0.498	-0.02160480247	0.023106697	FGr	10000	A38	C2	10000	100	0	0.5	300	0.1
471	-0.021604645165	0.023107923	0	0.094	0.491	-0.021604645165	0.023107923	NoCorrection	10000	A38	C2	10000	100	0	0.5	300	0.1
472	-0.015392591339	0.015130496	0	0.199	0.629	-0.015392591339	0.015130496	ID	10000	A38	C2	10000	100	0	0.5	300	0.1
473	-0.0114936381705	0.0103358184999999	0	0.247	0.669	-0.0114936381705	0.0103358184999999	1	10000	A38	C2	10000	100	0	0.5	300	0.5
474	-0.044923974225	-0.024690319	0	0.026	0.601	-0.044923974225	-0.024690319	FGr	10000	A38	C2	10000	100	0	0.5	300	0.5
475	-0.044905733705	-0.0246901445	0	0.027	0.603	-0.044905733705	-0.0246901445	NoCorrection	10000	A38	C2	10000	100	0	0.5	300	0.5
476	-0.012074165887	0.00369009900000003	0	0.223	0.881	-0.012074165887	0.00369009900000003	ID	10000	A38	C2	10000	100	0	0.5	300	0.5
477	0.0096471659755	-0.0288602375	0	0.422	0.329	0.0096471659755	-0.0288602375	1	10000	A38	C2	10000	100	0	0.5	300	1
478	-0.060244298895	0.04754707	0	0.169	0.609	-0.060244298895	0.04754707	FGr	10000	A38	C2	10000	100	0	0.5	300	1
479	-0.060084536205	0.0586571550000001	0	0.147	0.548	-0.060084536205	0.0586571550000001	NoCorrection	10000	A38	C2	10000	100	0	0.5	300	1
480	0.00882801792400001	-0.0228615145	0	0.446	0.421	0.00882801792400001	-0.0228615145	ID	10000	A38	C2	10000	100	0	0.5	300	1
481	0.004317826281	0.004317826281	0	0.462	0.443	0.004317826281	0.004317826281	1	300	A38	C2	10000	1000	0	0.5	300	0
482	0.00304203428569999	0.0030420342857	0	0.602	0.609	0.00304203428569999	0.0030420342857	FGr	300	A38	C2	10000	1000	0	0.5	300	0
483	0.0032544287757	0.00325442877570001	0	0.584	0.57	0.0032544287757	0.00325442877570001	NoCorrection	300	A38	C2	10000	1000	0	0.5	300	0
484	0.00333465848149999	0.0033346584815	0	0.576	0.557	0.00333465848149999	0.0033346584815	ID	300	A38	C2	10000	1000	0	0.5	300	0
485	0.003644239986	0.003644239986	0	0.507	0.494	0.003644239986	0.003644239986	1	300	A38	C2	10000	1000	0	0.5	300	0.1
486	0.000379199087800003	0.000379199087800002	0	0.943	0.948	0.000379199087800003	0.000379199087800002	FGr	300	A38	C2	10000	1000	0	0.5	300	0.1
487	0.000498281901199999	0.000498281901200001	0	0.94	0.942	0.000498281901199999	0.000498281901200001	NoCorrection	300	A38	C2	10000	1000	0	0.5	300	0.1
488	0.004826592039	0.004826592039	0	0.365	0.37	0.004826592039	0.004826592039	ID	300	A38	C2	10000	1000	0	0.5	300	0.1
489	-0.0120042869555	-0.0120042869555	0	0.053	0.049	-0.0120042869555	-0.0120042869555	1	300	A38	C2	10000	1000	0	0.5	300	0.5
490	-0.0358191127945	-0.0358191127945	0	0.003	0.003	-0.0358191127945	-0.0358191127945	FGr	300	A38	C2	10000	1000	0	0.5	300	0.5
491	-0.036950429608	-0.036950429608	0	0.002	0.004	-0.036950429608	-0.036950429608	NoCorrection	300	A38	C2	10000	1000	0	0.5	300	0.5
492	-0.00894768874709998	-0.00894768874709995	0	0.119	0.13	-0.00894768874709998	-0.00894768874709995	ID	300	A38	C2	10000	1000	0	0.5	300	0.5
493	0.00265822904650002	0.00265822904650001	0	0.696	0.706	0.00265822904650002	0.00265822904650001	1	300	A38	C2	10000	1000	0	0.5	300	1
494	-0.043186585001	-0.043186585001	0	0.021	0.018	-0.043186585001	-0.043186585001	FGr	300	A38	C2	10000	1000	0	0.5	300	1
495	-0.0453862330810001	-0.0453862330810001	0	0.024	0.03	-0.0453862330810001	-0.0453862330810001	NoCorrection	300	A38	C2	10000	1000	0	0.5	300	1
496	0.00935989541959997	0.00935989541960002	0	0.156	0.137	0.00935989541959997	0.00935989541960002	ID	300	A38	C2	10000	1000	0	0.5	300	1
497	-0.00118369570300002	-0.0104436412000001	0	0.802	0.305	-0.00118369570300002	-0.0104436412000001	1	1000	A38	C2	10000	1000	0	0.5	300	0
498	-0.000700204739999926	-0.0121554069	0	0.896	0.217	-0.000700204739999926	-0.0121554069	FGr	1000	A38	C2	10000	1000	0	0.5	300	0
499	-0.000708580559000002	-0.01198805565	0	0.915	0.235	-0.000708580559000002	-0.01198805565	NoCorrection	1000	A38	C2	10000	1000	0	0.5	300	0
500	-0.000229166718000023	-0.01219546655	0	0.962	0.193	-0.000229166718000023	-0.01219546655	ID	1000	A38	C2	10000	1000	0	0.5	300	0
501	-0.000382303968700002	0.00280783534999999	0	0.95	0.807	-0.000382303968700002	0.00280783534999999	1	1000	A38	C2	10000	1000	0	0.5	300	0.1
502	0.0026966226025	6.27656999998898e-05	0	0.652	0.998	0.0026966226025	6.27656999998898e-05	FGr	1000	A38	C2	10000	1000	0	0.5	300	0.1
503	0.002748225077	0.000359412300000055	0	0.681	0.969	0.002748225077	0.000359412300000055	NoCorrection	1000	A38	C2	10000	1000	0	0.5	300	0.1
504	-0.000198350683660002	0.00201502050000003	0	0.979	0.835	-0.000198350683660002	0.00201502050000003	ID	1000	A38	C2	10000	1000	0	0.5	300	0.1
505	0.00944060677650001	-0.0082018223	0	0.088	0.442	0.00944060677650001	-0.0082018223	1	1000	A38	C2	10000	1000	0	0.5	300	0.5
506	0.0277465038195502	-0.0137797656499999	0	0.034	0.476	0.0277465038195502	-0.0137797656499999	FGr	1000	A38	C2	10000	1000	0	0.5	300	0.5
507	0.0278374338624999	-0.0139783350500001	0	0.026	0.48	0.0278374338624999	-0.0139783350500001	NoCorrection	1000	A38	C2	10000	1000	0	0.5	300	0.5
508	0.00970694891770002	-0.00433087259999999	0	0.084	0.689	0.00970694891770002	-0.00433087259999999	ID	1000	A38	C2	10000	1000	0	0.5	300	0.5
509	0.003658174163	-0.00794916099999995	0	0.555	0.41	0.003658174163	-0.00794916099999995	1	1000	A38	C2	10000	1000	0	0.5	300	1
510	0.0398177652218999	-0.0563198068	0	0.056	0.099	0.0398177652218999	-0.0563198068	FGr	1000	A38	C2	10000	1000	0	0.5	300	1
511	0.0398485750131	-0.0562473363999999	0	0.053	0.081	0.0398485750131	-0.0562473363999999	NoCorrection	1000	A38	C2	10000	1000	0	0.5	300	1
512	0.003640598314	-0.00753289779999997	0	0.485	0.386	0.003640598314	-0.00753289779999997	ID	1000	A38	C2	10000	1000	0	0.5	300	1
513	0.01380132583735	-0.01299996685	0	0.025	0.487	0.01380132583735	-0.01299996685	1	10000	A38	C2	10000	1000	0	0.5	300	0
514	0.01356429628455	-0.01303978165	0	0.023	0.449	0.01356429628455	-0.01303978165	FGr	10000	A38	C2	10000	1000	0	0.5	300	0
515	0.01361141709025	-0.0119413994	0	0.016	0.509	0.01361141709025	-0.0119413994	NoCorrection	10000	A38	C2	10000	1000	0	0.5	300	0
516	0.01380961200795	-0.01292925325	0	0.025	0.451	0.01380961200795	-0.01292925325	ID	10000	A38	C2	10000	1000	0	0.5	300	0
517	0.0061704917365	0.0198509566500002	0	0.361	0.231	0.0061704917365	0.0198509566500002	1	10000	A38	C2	10000	1000	0	0.5	300	0.1
518	0.0074246795791	0.00560192949999996	0	0.333	0.751	0.0074246795791	0.00560192949999996	FGr	10000	A38	C2	10000	1000	0	0.5	300	0.1
519	0.0073739868705	0.00672056545	0	0.311	0.716	0.0073739868705	0.00672056545	NoCorrection	10000	A38	C2	10000	1000	0	0.5	300	0.1
520	0.0061290075673	0.01869967905	0	0.369	0.269	0.0061290075673	0.01869967905	ID	10000	A38	C2	10000	1000	0	0.5	300	0.1
521	-0.000601386481599994	-0.0232623122999999	0	0.925	0.144	-0.000601386481599994	-0.0232623122999999	1	10000	A38	C2	10000	1000	0	0.5	300	0.5
522	0.00502907282450001	-0.0206664057500004	0	0.762	0.573	0.00502907282450001	-0.0206664057500004	FGr	10000	A38	C2	10000	1000	0	0.5	300	0.5
523	0.00492435279449998	-0.0149222468999997	0	0.744	0.656	0.00492435279449998	-0.0149222468999997	NoCorrection	10000	A38	C2	10000	1000	0	0.5	300	0.5
524	-0.000654788738499997	-0.01473114595	0	0.916	0.344	-0.000654788738499997	-0.01473114595	ID	10000	A38	C2	10000	1000	0	0.5	300	0.5
525	-0.000703820316999999	-0.0349694632	0	0.917	0.047	-0.000703820316999999	-0.0349694632	1	10000	A38	C2	10000	1000	0	0.5	300	1
526	0.00986612979499996	-0.0984191154999999	0	0.717	0.106	0.00986612979499996	-0.0984191154999999	FGr	10000	A38	C2	10000	1000	0	0.5	300	1
527	0.010000783792	-0.0937758975	0	0.71	0.115	0.010000783792	-0.0937758975	NoCorrection	10000	A38	C2	10000	1000	0	0.5	300	1
528	-0.000929260363499998	-0.01997733225	0	0.871	0.241	-0.000929260363499998	-0.01997733225	ID	10000	A38	C2	10000	1000	0	0.5	300	1
529	4.60099253900364e-05	4.60099253900145e-05	0	0.997	0.997	4.60099253900364e-05	4.60099253900145e-05	1	300	A38	C2	10000	10000	0	0.5	300	0
530	-0.000162381021609905	-0.000162381021609914	0	0.979	0.982	-0.000162381021609905	-0.000162381021609914	FGr	300	A38	C2	10000	10000	0	0.5	300	0
531	-0.000141836072700015	-0.000141836072700028	0	0.975	0.97	-0.000141836072700015	-0.000141836072700028	NoCorrection	300	A38	C2	10000	10000	0	0.5	300	0
532	-0.000209894225350041	-0.000209894225350047	0	0.966	0.98	-0.000209894225350041	-0.000209894225350047	ID	300	A38	C2	10000	10000	0	0.5	300	0
533	-0.00394932840784987	-0.00394932840784989	0	0.516	0.525	-0.00394932840784987	-0.00394932840784989	1	300	A38	C2	10000	10000	0	0.5	300	0.1
534	-0.00411048452192002	-0.00411048452192002	0	0.557	0.565	-0.00411048452192002	-0.00411048452192002	FGr	300	A38	C2	10000	10000	0	0.5	300	0.1
535	-0.00410613942328504	-0.00410613942328506	0	0.529	0.573	-0.00410613942328504	-0.00410613942328506	NoCorrection	300	A38	C2	10000	10000	0	0.5	300	0.1
536	-0.00370285523224992	-0.00370285523224992	0	0.545	0.537	-0.00370285523224992	-0.00370285523224992	ID	300	A38	C2	10000	10000	0	0.5	300	0.1
537	-0.00745379640369998	-0.00745379640369998	0	0.17	0.19	-0.00745379640369998	-0.00745379640369998	1	300	A38	C2	10000	10000	0	0.5	300	0.5
538	-0.00888373689783971	-0.00888373689783972	0	0.478	0.53	-0.00888373689783971	-0.00888373689783972	FGr	300	A38	C2	10000	10000	0	0.5	300	0.5
539	-0.00889236602395041	-0.00889236602395036	0	0.538	0.504	-0.00889236602395041	-0.00889236602395036	NoCorrection	300	A38	C2	10000	10000	0	0.5	300	0.5
540	-0.00642366011732943	-0.00642366011732943	0	0.273	0.252	-0.00642366011732943	-0.00642366011732943	ID	300	A38	C2	10000	10000	0	0.5	300	0.5
541	-0.0018159729775001	-0.0018159729775001	0	0.806	0.823	-0.0018159729775001	-0.0018159729775001	1	300	A38	C2	10000	10000	0	0.5	300	1
542	-0.00481513603653564	-0.00481513603653569	0	0.841	0.866	-0.00481513603653564	-0.00481513603653569	FGr	300	A38	C2	10000	10000	0	0.5	300	1
543	-0.00483586546524951	-0.00483586546524961	0	0.843	0.845	-0.00483586546524951	-0.00483586546524961	NoCorrection	300	A38	C2	10000	10000	0	0.5	300	1
544	0.000313323440600091	0.0003133234406001	0	0.967	0.958	0.000313323440600091	0.0003133234406001	ID	300	A38	C2	10000	10000	0	0.5	300	1
545	-0.00155464777500007	-0.00519423088499982	0	0.776	0.584	-0.00155464777500007	-0.00519423088499982	1	1000	A38	C2	10000	10000	0	0.5	300	0
546	-0.00159865706965007	-0.00618584901499999	0	0.781	0.516	-0.00159865706965007	-0.00618584901499999	FGr	1000	A38	C2	10000	10000	0	0.5	300	0
547	-0.00158695525213505	-0.00538242475499994	0	0.795	0.564	-0.00158695525213505	-0.00538242475499994	NoCorrection	1000	A38	C2	10000	10000	0	0.5	300	0
548	-0.00162774982335107	-0.00471495039999992	0	0.777	0.618	-0.00162774982335107	-0.00471495039999992	ID	1000	A38	C2	10000	10000	0	0.5	300	0
549	0.00208737284228535	0.0169013671700002	0	0.676	0.035	0.00208737284228535	0.0169013671700002	1	1000	A38	C2	10000	10000	0	0.5	300	0.1
550	0.0016400966040004	0.0201049503750002	0	0.758	0.02	0.0016400966040004	0.0201049503750002	FGr	1000	A38	C2	10000	10000	0	0.5	300	0.1
551	0.00164905044921523	0.0203475771149998	0	0.742	0.011	0.00164905044921523	0.0203475771149998	NoCorrection	1000	A38	C2	10000	10000	0	0.5	300	0.1
552	0.0021076763159999	0.0190223001800004	0	0.661	0.018	0.0021076763159999	0.0190223001800004	ID	1000	A38	C2	10000	10000	0	0.5	300	0.1
553	0.00274136034831445	0.00574170836499991	0	0.608	0.526	0.00274136034831445	0.00574170836499991	1	1000	A38	C2	10000	10000	0	0.5	300	0.5
554	0.000466471542049951	0.01764907024	0	0.964	0.291	0.000466471542049951	0.01764907024	FGr	1000	A38	C2	10000	10000	0	0.5	300	0.5
555	0.00047266710490006	0.0176163181349999	0	0.965	0.302	0.00047266710490006	0.0176163181349999	NoCorrection	1000	A38	C2	10000	10000	0	0.5	300	0.5
556	0.00302503789845006	0.00859981015000007	0	0.546	0.4	0.00302503789845006	0.00859981015000007	ID	1000	A38	C2	10000	10000	0	0.5	300	0.5
557	-0.00245388104815002	-0.00296420223499994	0	0.642	0.754	-0.00245388104815002	-0.00296420223499994	1	1000	A38	C2	10000	10000	0	0.5	300	1
558	-0.00695160926716978	0.0329957547100001	0	0.69	0.279	-0.00695160926716978	0.0329957547100001	FGr	1000	A38	C2	10000	10000	0	0.5	300	1
559	-0.00690359637570001	0.03673265998	0	0.715	0.21	-0.00690359637570001	0.03673265998	NoCorrection	1000	A38	C2	10000	10000	0	0.5	300	1
560	-0.00178270281289985	-0.00167333343500005	0	0.748	0.866	-0.00178270281289985	-0.00167333343500005	ID	1000	A38	C2	10000	10000	0	0.5	300	1
561	0.00135938820654504	-0.00643815196500033	0	0.826	0.713	0.00135938820654504	-0.00643815196500033	1	10000	A38	C2	10000	10000	0	0.5	300	0
562	0.00140489209616001	-0.00805014426999995	0	0.838	0.649	0.00140489209616001	-0.00805014426999995	FGr	10000	A38	C2	10000	10000	0	0.5	300	0
563	0.00141078981792004	-0.00804771625499966	0	0.842	0.632	0.00141078981792004	-0.00804771625499966	NoCorrection	10000	A38	C2	10000	10000	0	0.5	300	0
564	0.00134100209101001	-0.00293314369999986	0	0.836	0.852	0.00134100209101001	-0.00293314369999986	ID	10000	A38	C2	10000	10000	0	0.5	300	0
565	-0.0036476645504	-0.00691309243499993	0	0.588	0.663	-0.0036476645504	-0.00691309243499993	1	10000	A38	C2	10000	10000	0	0.5	300	0.1
566	-0.00270841334403001	-0.00455957900999999	0	0.699	0.774	-0.00270841334403001	-0.00455957900999999	FGr	10000	A38	C2	10000	10000	0	0.5	300	0.1
567	-0.00265100148711002	-0.00554015000500001	0	0.704	0.729	-0.00265100148711002	-0.00554015000500001	NoCorrection	10000	A38	C2	10000	10000	0	0.5	300	0.1
568	-0.00371085107803999	-0.00551089440500004	0	0.587	0.731	-0.00371085107803999	-0.00551089440500004	ID	10000	A38	C2	10000	10000	0	0.5	300	0.1
569	-0.00325779901628001	0.00232328065999983	0	0.607	0.896	-0.00325779901628001	0.00232328065999983	1	10000	A38	C2	10000	10000	0	0.5	300	0.5
570	0.00188325099435005	-0.053658604645	0	0.879	0.064	0.00188325099435005	-0.053658604645	FGr	10000	A38	C2	10000	10000	0	0.5	300	0.5
571	0.00195722304015013	-0.0544202076849999	0	0.865	0.043	0.00195722304015013	-0.0544202076849999	NoCorrection	10000	A38	C2	10000	10000	0	0.5	300	0.5
572	-0.00354774969339997	0.00465245851999998	0	0.559	0.758	-0.00354774969339997	0.00465245851999998	ID	10000	A38	C2	10000	10000	0	0.5	300	0.5
573	0.00835282246655014	-0.00773774826499998	0	0.147	0.635	0.00835282246655014	-0.00773774826499998	1	10000	A38	C2	10000	10000	0	0.5	300	1
574	0.0186918270888	-0.0131613932500002	0	0.412	0.795	0.0186918270888	-0.0131613932500002	FGr	10000	A38	C2	10000	10000	0	0.5	300	1
575	0.01881722795245	-0.0140063850499996	0	0.368	0.775	0.01881722795245	-0.0140063850499996	NoCorrection	10000	A38	C2	10000	10000	0	0.5	300	1
576	0.00775598103089997	-0.00192723029000022	0	0.175	0.898	0.00775598103089997	-0.00192723029000022	ID	10000	A38	C2	10000	10000	0	0.5	300	1
