	c-q	nc-q	true-q	c-p	nc-p	c-bias	nc-bias	type	L	rep	config	gwas_size	test_size	h2	ts	num_causal	env
1	-0.000292281614999992	-0.000292281615000002	0	0.993	0.994	-0.000292281614999992	-0.000292281615000002	1	300	A33	C1	1000	100	0	0.5	300	0
2	0.00231818105880002	0.00231818105879999	0	0.961	0.958	0.00231818105880002	0.00231818105879999	FGr	300	A33	C1	1000	100	0	0.5	300	0
3	0.01092918475	0.01092918475	0	0.794	0.792	0.01092918475	0.01092918475	NoCorrection	300	A33	C1	1000	100	0	0.5	300	0
4	-0.00315031019250001	-0.0031503101925	0	0.937	0.938	-0.00315031019250001	-0.0031503101925	ID	300	A33	C1	1000	100	0	0.5	300	0
5	-0.03475228869991	-0.03475228869991	0	0.354	0.355	-0.03475228869991	-0.03475228869991	1	300	A33	C1	1000	100	0	0.5	300	0.01
6	-0.00160217054100001	-0.00160217054099999	0	0.963	0.967	-0.00160217054100001	-0.00160217054099999	FGr	300	A33	C1	1000	100	0	0.5	300	0.01
7	-0.007264169402	-0.007264169402	0	0.834	0.871	-0.007264169402	-0.007264169402	NoCorrection	300	A33	C1	1000	100	0	0.5	300	0.01
8	-0.03167449888	-0.03167449888	0	0.417	0.387	-0.03167449888	-0.03167449888	ID	300	A33	C1	1000	100	0	0.5	300	0.01
9	0.01648707414	0.01648707414	0	0.668	0.695	0.01648707414	0.01648707414	1	300	A33	C1	1000	100	0	0.5	300	0.03
10	0.00853019604000002	0.00853019604000001	0	0.829	0.845	0.00853019604000002	0.00853019604000001	FGr	300	A33	C1	1000	100	0	0.5	300	0.03
11	-0.00435749455499994	-0.00435749455499999	0	0.908	0.91	-0.00435749455499994	-0.00435749455499999	NoCorrection	300	A33	C1	1000	100	0	0.5	300	0.03
12	0.0173345174925	0.0173345174925	0	0.684	0.679	0.0173345174925	0.0173345174925	ID	300	A33	C1	1000	100	0	0.5	300	0.03
13	0.03584055037	0.03584055037	0	0.36	0.334	0.03584055037	0.03584055037	1	300	A33	C1	1000	100	0	0.5	300	0.1
14	0.0730881834125	0.0730881834125	0	0.047	0.043	0.0730881834125	0.0730881834125	FGr	300	A33	C1	1000	100	0	0.5	300	0.1
15	0.084337198195	0.084337198195	0	0.025	0.022	0.084337198195	0.084337198195	NoCorrection	300	A33	C1	1000	100	0	0.5	300	0.1
16	0.05457389855	0.05457389855	0	0.126	0.141	0.05457389855	0.05457389855	ID	300	A33	C1	1000	100	0	0.5	300	0.1
17	0.04826980034	0.012523601	0	0.203	0.827	0.04826980034	0.012523601	1	1000	A33	C1	1000	100	0	0.5	300	0
18	0.05241008949	0.0239874479999999	0	0.197	0.702	0.05241008949	0.0239874479999999	FGr	1000	A33	C1	1000	100	0	0.5	300	0
19	0.0513198078699999	0.022476155	0	0.191	0.716	0.0513198078699999	0.022476155	NoCorrection	1000	A33	C1	1000	100	0	0.5	300	0
20	0.041175512445	-0.00190649250000001	0	0.31	0.979	0.041175512445	-0.00190649250000001	ID	1000	A33	C1	1000	100	0	0.5	300	0
21	0.00419841740339996	-0.0687333560000001	0	0.905	0.25	0.00419841740339996	-0.0687333560000001	1	1000	A33	C1	1000	100	0	0.5	300	0.01
22	0.02402324812	-0.042226602	0	0.527	0.488	0.02402324812	-0.042226602	FGr	1000	A33	C1	1000	100	0	0.5	300	0.01
23	0.00353765012499999	-0.06862894	0	0.913	0.266	0.00353765012499999	-0.06862894	NoCorrection	1000	A33	C1	1000	100	0	0.5	300	0.01
24	0.01428308311	-0.0568729444999999	0	0.718	0.339	0.01428308311	-0.0568729444999999	ID	1000	A33	C1	1000	100	0	0.5	300	0.01
25	0.0310314335250001	-0.097641367	0	0.423	0.14	0.0310314335250001	-0.097641367	1	1000	A33	C1	1000	100	0	0.5	300	0.03
26	0.047842040225	-0.0623550720000002	0	0.19	0.319	0.047842040225	-0.0623550720000002	FGr	1000	A33	C1	1000	100	0	0.5	300	0.03
27	0.0699853567499999	-0.0147204849999999	0	0.068	0.79	0.0699853567499999	-0.0147204849999999	NoCorrection	1000	A33	C1	1000	100	0	0.5	300	0.03
28	0.0352386267449999	-0.0865789035000002	0	0.352	0.182	0.0352386267449999	-0.0865789035000002	ID	1000	A33	C1	1000	100	0	0.5	300	0.03
29	-0.00042740720000003	0.0260021195	0	0.995	0.66	-0.00042740720000003	0.0260021195	1	1000	A33	C1	1000	100	0	0.5	300	0.1
30	-0.00649854063999996	0.013728957	0	0.848	0.827	-0.00649854063999996	0.013728957	FGr	1000	A33	C1	1000	100	0	0.5	300	0.1
31	0.0410595027	0.101379501	0	0.254	0.101	0.0410595027	0.101379501	NoCorrection	1000	A33	C1	1000	100	0	0.5	300	0.1
32	-0.017812825115	-0.027670104	0	0.602	0.675	-0.017812825115	-0.027670104	ID	1000	A33	C1	1000	100	0	0.5	300	0.1
33	0.003824741475	-0.064750945	0	0.925	0.5	0.003824741475	-0.064750945	1	10000	A33	C1	1000	100	0	0.5	300	0
34	0.011599901635	0.0106663054999999	0	0.78	0.922	0.011599901635	0.0106663054999999	FGr	10000	A33	C1	1000	100	0	0.5	300	0
35	-0.014428315945	-0.18044321	0	0.721	0.079	-0.014428315945	-0.18044321	NoCorrection	10000	A33	C1	1000	100	0	0.5	300	0
36	0.00433392566000004	-0.0517250850000001	0	0.914	0.59	0.00433392566000004	-0.0517250850000001	ID	10000	A33	C1	1000	100	0	0.5	300	0
37	-0.01891806538	-0.101302345	0	0.628	0.349	-0.01891806538	-0.101302345	1	10000	A33	C1	1000	100	0	0.5	300	0.01
38	-0.01346221143	-0.04532213	0	0.703	0.63	-0.01346221143	-0.04532213	FGr	10000	A33	C1	1000	100	0	0.5	300	0.01
39	-0.02797409228	-0.154585975	0	0.47	0.107	-0.02797409228	-0.154585975	NoCorrection	10000	A33	C1	1000	100	0	0.5	300	0.01
40	-0.021374703105	-0.10707192	0	0.589	0.291	-0.021374703105	-0.10707192	ID	10000	A33	C1	1000	100	0	0.5	300	0.01
41	0.0806173967185	0.1541718985	0	0.033	0.137	0.0806173967185	0.1541718985	1	10000	A33	C1	1000	100	0	0.5	300	0.03
42	0.0733654032555	0.1022092255	0	0.054	0.341	0.0733654032555	0.1022092255	FGr	10000	A33	C1	1000	100	0	0.5	300	0.03
43	0.08879440836	0.2191266105	0	0.022	0.041	0.08879440836	0.2191266105	NoCorrection	10000	A33	C1	1000	100	0	0.5	300	0.03
44	0.081358457175	0.1660925235	0	0.027	0.116	0.081358457175	0.1660925235	ID	10000	A33	C1	1000	100	0	0.5	300	0.03
45	-0.03743720571	0.076314015	0	0.283	0.478	-0.03743720571	0.076314015	1	10000	A33	C1	1000	100	0	0.5	300	0.1
46	-0.04508750846	0.072513455	0	0.214	0.478	-0.04508750846	0.072513455	FGr	10000	A33	C1	1000	100	0	0.5	300	0.1
47	-0.040505948665	0.100085585	0	0.266	0.317	-0.040505948665	0.100085585	NoCorrection	10000	A33	C1	1000	100	0	0.5	300	0.1
48	-0.038944450585	0.0731027	0	0.282	0.457	-0.038944450585	0.0731027	ID	10000	A33	C1	1000	100	0	0.5	300	0.1
49	-0.0284374909375	-0.0284374909375	0	0.348	0.342	-0.0284374909375	-0.0284374909375	1	300	A33	C1	1000	1000	0	0.5	300	0
50	-0.00592225141240001	-0.0059222514124	0	0.844	0.831	-0.00592225141240001	-0.0059222514124	FGr	300	A33	C1	1000	1000	0	0.5	300	0
51	-0.00505732555800001	-0.00505732555800001	0	0.868	0.873	-0.00505732555800001	-0.00505732555800001	NoCorrection	300	A33	C1	1000	1000	0	0.5	300	0
52	-0.002846640157	-0.002846640157	0	0.92	0.926	-0.002846640157	-0.002846640157	ID	300	A33	C1	1000	1000	0	0.5	300	0
53	-0.00881943433650002	-0.00881943433649999	0	0.787	0.768	-0.00881943433650002	-0.00881943433649999	1	300	A33	C1	1000	1000	0	0.5	300	0.01
54	-0.00690536709649995	-0.00690536709649997	0	0.818	0.826	-0.00690536709649995	-0.00690536709649997	FGr	300	A33	C1	1000	1000	0	0.5	300	0.01
55	-0.00756021940500008	-0.00756021940500003	0	0.797	0.79	-0.00756021940500008	-0.00756021940500003	NoCorrection	300	A33	C1	1000	1000	0	0.5	300	0.01
56	-0.00639555911549999	-0.00639555911549999	0	0.842	0.843	-0.00639555911549999	-0.00639555911549999	ID	300	A33	C1	1000	1000	0	0.5	300	0.01
57	0.00857872901600004	0.00857872901600002	0	0.775	0.769	0.00857872901600004	0.00857872901600002	1	300	A33	C1	1000	1000	0	0.5	300	0.03
58	0.00625283219974996	0.00625283219974998	0	0.84	0.821	0.00625283219974996	0.00625283219974998	FGr	300	A33	C1	1000	1000	0	0.5	300	0.03
59	0.000748854211500007	0.000748854211500052	0	0.98	0.982	0.000748854211500007	0.000748854211500052	NoCorrection	300	A33	C1	1000	1000	0	0.5	300	0.03
60	0.0224793001805	0.0224793001805	0	0.444	0.414	0.0224793001805	0.0224793001805	ID	300	A33	C1	1000	1000	0	0.5	300	0.03
61	-0.00494812872299991	-0.00494812872299996	0	0.871	0.878	-0.00494812872299991	-0.00494812872299996	1	300	A33	C1	1000	1000	0	0.5	300	0.1
62	0.0139513008820001	0.0139513008820001	0	0.664	0.685	0.0139513008820001	0.0139513008820001	FGr	300	A33	C1	1000	1000	0	0.5	300	0.1
63	-0.00798450632870015	-0.00798450632870012	0	0.785	0.807	-0.00798450632870015	-0.00798450632870012	NoCorrection	300	A33	C1	1000	1000	0	0.5	300	0.1
64	0.000988928395999969	0.00098892839599993	0	0.974	0.981	0.000988928395999969	0.00098892839599993	ID	300	A33	C1	1000	1000	0	0.5	300	0.1
65	0.00298280653599989	0.00594269465000004	0	0.922	0.919	0.00298280653599989	0.00594269465000004	1	1000	A33	C1	1000	1000	0	0.5	300	0
66	0.00304689885942519	0.0114239347000001	0	0.922	0.816	0.00304689885942519	0.0114239347000001	FGr	1000	A33	C1	1000	1000	0	0.5	300	0
67	0.00569025628499987	0.0162513758499999	0	0.855	0.73	0.00569025628499987	0.0162513758499999	NoCorrection	1000	A33	C1	1000	1000	0	0.5	300	0
68	-0.00731749328050009	-0.0237999532500003	0	0.818	0.625	-0.00731749328050009	-0.0237999532500003	ID	1000	A33	C1	1000	1000	0	0.5	300	0
69	-0.0428263985024999	-0.02067843435	0	0.136	0.628	-0.0428263985024999	-0.02067843435	1	1000	A33	C1	1000	1000	0	0.5	300	0.01
70	-0.02308334914	0.028389504	0	0.406	0.533	-0.02308334914	0.028389504	FGr	1000	A33	C1	1000	1000	0	0.5	300	0.01
71	-0.0417986269825	-0.0191776496	0	0.147	0.671	-0.0417986269825	-0.0191776496	NoCorrection	1000	A33	C1	1000	1000	0	0.5	300	0.01
72	-0.0378100348359999	-0.01036350295	0	0.164	0.821	-0.0378100348359999	-0.01036350295	ID	1000	A33	C1	1000	1000	0	0.5	300	0.01
73	0.000811910093499995	-0.0181147082999996	0	0.981	0.719	0.000811910093499995	-0.0181147082999996	1	1000	A33	C1	1000	1000	0	0.5	300	0.03
74	-0.0257766263385	-0.082706836	0	0.354	0.095	-0.0257766263385	-0.082706836	FGr	1000	A33	C1	1000	1000	0	0.5	300	0.03
75	-0.033880239657	-0.10667507755	0	0.248	0.032	-0.033880239657	-0.10667507755	NoCorrection	1000	A33	C1	1000	1000	0	0.5	300	0.03
76	-0.0085548251005	-0.0338241303500001	0	0.766	0.514	-0.0085548251005	-0.0338241303500001	ID	1000	A33	C1	1000	1000	0	0.5	300	0.03
77	-0.00415045814400011	-0.03105972645	0	0.868	0.473	-0.00415045814400011	-0.03105972645	1	1000	A33	C1	1000	1000	0	0.5	300	0.1
78	0.0102402401045001	0.00167132110000006	0	0.659	0.975	0.0102402401045001	0.00167132110000006	FGr	1000	A33	C1	1000	1000	0	0.5	300	0.1
79	0.0298858756914997	0.05008340135	0	0.184	0.247	0.0298858756914997	0.05008340135	NoCorrection	1000	A33	C1	1000	1000	0	0.5	300	0.1
80	-0.00903266919899979	-0.03523776055	0	0.705	0.423	-0.00903266919899979	-0.03523776055	ID	1000	A33	C1	1000	1000	0	0.5	300	0.1
81	0.00266786870150004	0.0278559436	0	0.941	0.69	0.00266786870150004	0.0278559436	1	10000	A33	C1	1000	1000	0	0.5	300	0
82	-0.00157875017674987	-0.00628394114999999	0	0.967	0.925	-0.00157875017674987	-0.00628394114999999	FGr	10000	A33	C1	1000	1000	0	0.5	300	0
83	-0.0126214890172	-0.0688805831000001	0	0.697	0.276	-0.0126214890172	-0.0688805831000001	NoCorrection	10000	A33	C1	1000	1000	0	0.5	300	0
84	0.00199549479600003	0.02718741755	0	0.936	0.714	0.00199549479600003	0.02718741755	ID	10000	A33	C1	1000	1000	0	0.5	300	0
85	-0.010252278984	-0.0739237687	0	0.699	0.329	-0.010252278984	-0.0739237687	1	10000	A33	C1	1000	1000	0	0.5	300	0.01
86	-0.00644843807150004	-0.0589951251	0	0.818	0.433	-0.00644843807150004	-0.0589951251	FGr	10000	A33	C1	1000	1000	0	0.5	300	0.01
87	0.00169317654899994	-0.00254623499999998	0	0.957	0.967	0.00169317654899994	-0.00254623499999998	NoCorrection	10000	A33	C1	1000	1000	0	0.5	300	0.01
88	-0.0108040170501	-0.0744454548	0	0.7	0.332	-0.0108040170501	-0.0744454548	ID	10000	A33	C1	1000	1000	0	0.5	300	0.01
89	-0.0308155816886999	-0.0416987479000004	0	0.284	0.578	-0.0308155816886999	-0.0416987479000004	1	10000	A33	C1	1000	1000	0	0.5	300	0.03
90	-0.0339798032195001	-0.04555607495	0	0.262	0.535	-0.0339798032195001	-0.04555607495	FGr	10000	A33	C1	1000	1000	0	0.5	300	0.03
91	-0.0463053502559999	-0.103842979	0	0.14	0.147	-0.0463053502559999	-0.103842979	NoCorrection	10000	A33	C1	1000	1000	0	0.5	300	0.03
92	-0.0293946380493	-0.0261380776500003	0	0.31	0.708	-0.0293946380493	-0.0261380776500003	ID	10000	A33	C1	1000	1000	0	0.5	300	0.03
93	-0.0366435644160599	-0.10752566	0	0.162	0.099	-0.0366435644160599	-0.10752566	1	10000	A33	C1	1000	1000	0	0.5	300	0.1
94	-0.0352746936069999	-0.10740375525	0	0.163	0.094	-0.0352746936069999	-0.10740375525	FGr	10000	A33	C1	1000	1000	0	0.5	300	0.1
95	-0.00234662390849998	0.0618396855	0	0.921	0.368	-0.00234662390849998	0.0618396855	NoCorrection	10000	A33	C1	1000	1000	0	0.5	300	0.1
96	-0.02924743968	-0.0847665779999999	0	0.283	0.212	-0.02924743968	-0.0847665779999999	ID	10000	A33	C1	1000	1000	0	0.5	300	0.1
97	0.0223662572483905	0.0223662572483905	0	0.438	0.439	0.0223662572483905	0.0223662572483905	1	300	A33	C1	1000	10000	0	0.5	300	0
98	0.0504122145023597	0.0504122145023598	0	0.091	0.077	0.0504122145023597	0.0504122145023598	FGr	300	A33	C1	1000	10000	0	0.5	300	0
99	0.0512537094591999	0.0512537094591999	0	0.077	0.08	0.0512537094591999	0.0512537094591999	NoCorrection	300	A33	C1	1000	10000	0	0.5	300	0
100	0.0387524211328508	0.0387524211328509	0	0.182	0.179	0.0387524211328508	0.0387524211328509	ID	300	A33	C1	1000	10000	0	0.5	300	0
101	0.0155178772666002	0.0155178772666003	0	0.531	0.54	0.0155178772666002	0.0155178772666003	1	300	A33	C1	1000	10000	0	0.5	300	0.01
102	0.0295408102782495	0.0295408102782495	0	0.245	0.235	0.0295408102782495	0.0295408102782495	FGr	300	A33	C1	1000	10000	0	0.5	300	0.01
103	0.0394620399079497	0.0394620399079497	0	0.132	0.121	0.0394620399079497	0.0394620399079497	NoCorrection	300	A33	C1	1000	10000	0	0.5	300	0.01
104	0.0212935047054998	0.0212935047054998	0	0.386	0.373	0.0212935047054998	0.0212935047054998	ID	300	A33	C1	1000	10000	0	0.5	300	0.01
105	-0.0353139450367501	-0.0353139450367501	0	0.144	0.131	-0.0353139450367501	-0.0353139450367501	1	300	A33	C1	1000	10000	0	0.5	300	0.03
106	-0.01931333121775	-0.01931333121775	0	0.388	0.406	-0.01931333121775	-0.01931333121775	FGr	300	A33	C1	1000	10000	0	0.5	300	0.03
107	-0.0275746549882999	-0.0275746549882999	0	0.254	0.261	-0.0275746549882999	-0.0275746549882999	NoCorrection	300	A33	C1	1000	10000	0	0.5	300	0.03
108	-0.0402255406602999	-0.0402255406602999	0	0.102	0.104	-0.0402255406602999	-0.0402255406602999	ID	300	A33	C1	1000	10000	0	0.5	300	0.03
109	0.00929436577429985	0.00929436577429986	0	0.696	0.696	0.00929436577429985	0.00929436577429986	1	300	A33	C1	1000	10000	0	0.5	300	0.1
110	0.0428764454718999	0.0428764454718999	0	0.085	0.077	0.0428764454718999	0.0428764454718999	FGr	300	A33	C1	1000	10000	0	0.5	300	0.1
111	0.04664103220835	0.04664103220835	0	0.053	0.051	0.04664103220835	0.04664103220835	NoCorrection	300	A33	C1	1000	10000	0	0.5	300	0.1
112	0.0101203365831496	0.0101203365831497	0	0.682	0.679	0.0101203365831496	0.0101203365831497	ID	300	A33	C1	1000	10000	0	0.5	300	0.1
113	-0.0115152493053502	0.0210801972100007	0	0.701	0.634	-0.0115152493053502	0.0210801972100007	1	1000	A33	C1	1000	10000	0	0.5	300	0
114	0.0108737268415497	0.0778282862749997	0	0.706	0.071	0.0108737268415497	0.0778282862749997	FGr	1000	A33	C1	1000	10000	0	0.5	300	0
115	-0.000591588435649628	0.0387401552700003	0	0.986	0.426	-0.000591588435649628	0.0387401552700003	NoCorrection	1000	A33	C1	1000	10000	0	0.5	300	0
116	-0.0019039695690999	0.0368605739250001	0	0.941	0.4	-0.0019039695690999	0.0368605739250001	ID	1000	A33	C1	1000	10000	0	0.5	300	0
117	-0.00300228849605034	-0.0171901772000002	0	0.898	0.71	-0.00300228849605034	-0.0171901772000002	1	1000	A33	C1	1000	10000	0	0.5	300	0.01
118	-0.011531208901651	-0.0426903400099999	0	0.705	0.339	-0.011531208901651	-0.0426903400099999	FGr	1000	A33	C1	1000	10000	0	0.5	300	0.01
119	0.00516669424145002	0.00228683960499997	0	0.851	0.955	0.00516669424145002	0.00228683960499997	NoCorrection	1000	A33	C1	1000	10000	0	0.5	300	0.01
120	0.00165061653494976	-0.00181422501000008	0	0.947	0.967	0.00165061653494976	-0.00181422501000008	ID	1000	A33	C1	1000	10000	0	0.5	300	0.01
121	0.00319535951755001	0.0410802967450001	0	0.893	0.328	0.00319535951755001	0.0410802967450001	1	1000	A33	C1	1000	10000	0	0.5	300	0.03
122	0.017842405459763	0.0672014906300001	0	0.489	0.128	0.017842405459763	0.0672014906300001	FGr	1000	A33	C1	1000	10000	0	0.5	300	0.03
123	0.0355579425669	0.102894282885	0	0.168	0.011	0.0355579425669	0.102894282885	NoCorrection	1000	A33	C1	1000	10000	0	0.5	300	0.03
124	0.0055449536252999	0.0485533195000001	0	0.807	0.234	0.0055449536252999	0.0485533195000001	ID	1000	A33	C1	1000	10000	0	0.5	300	0.03
125	-0.000105297150549872	-0.0234221038899998	0	0.996	0.63	-0.000105297150549872	-0.0234221038899998	1	1000	A33	C1	1000	10000	0	0.5	300	0.1
126	0.00473531441215511	-0.00942569879499921	0	0.879	0.833	0.00473531441215511	-0.00942569879499921	FGr	1000	A33	C1	1000	10000	0	0.5	300	0.1
127	0.035059682962165	0.0668312220850003	0	0.222	0.138	0.035059682962165	0.0668312220850003	NoCorrection	1000	A33	C1	1000	10000	0	0.5	300	0.1
128	-0.00904328682129996	-0.044092716145	0	0.755	0.379	-0.00904328682129996	-0.044092716145	ID	1000	A33	C1	1000	10000	0	0.5	300	0.1
129	0.00686988517295079	-0.0864626929399999	0	0.779	0.164	0.00686988517295079	-0.0864626929399999	1	10000	A33	C1	1000	10000	0	0.5	300	0
130	0.00538854567950023	-0.097647682555	0	0.832	0.114	0.00538854567950023	-0.097647682555	FGr	10000	A33	C1	1000	10000	0	0.5	300	0
131	0.00390739374865009	-0.109218273395	0	0.871	0.094	0.00390739374865009	-0.109218273395	NoCorrection	10000	A33	C1	1000	10000	0	0.5	300	0
132	0.00571960780270051	-0.094223041155	0	0.806	0.155	0.00571960780270051	-0.094223041155	ID	10000	A33	C1	1000	10000	0	0.5	300	0
133	-0.0659923892258498	0.02862087343	0	0.011	0.684	-0.0659923892258498	0.02862087343	1	10000	A33	C1	1000	10000	0	0.5	300	0.01
134	-0.0690220241594999	0.000661302439999601	0	0.01	0.997	-0.0690220241594999	0.000661302439999601	FGr	10000	A33	C1	1000	10000	0	0.5	300	0.01
135	-0.0618235047506499	0.0641298754599992	0	0.012	0.349	-0.0618235047506499	0.0641298754599992	NoCorrection	10000	A33	C1	1000	10000	0	0.5	300	0.01
136	-0.0668126843070001	0.02367655235	0	0.007	0.709	-0.0668126843070001	0.02367655235	ID	10000	A33	C1	1000	10000	0	0.5	300	0.01
137	0.0661075154473499	0.0280091845499999	0	0.01	0.666	0.0661075154473499	0.0280091845499999	1	10000	A33	C1	1000	10000	0	0.5	300	0.03
138	0.0648449586598001	0.0157799148650001	0	0.015	0.807	0.0648449586598001	0.0157799148650001	FGr	10000	A33	C1	1000	10000	0	0.5	300	0.03
139	0.0544707721388499	-0.0502442249900005	0	0.033	0.444	0.0544707721388499	-0.0502442249900005	NoCorrection	10000	A33	C1	1000	10000	0	0.5	300	0.03
140	0.0665616909508499	0.0370223363549996	0	0.011	0.571	0.0665616909508499	0.0370223363549996	ID	10000	A33	C1	1000	10000	0	0.5	300	0.03
141	0.0234989533509005	0.124572750100002	0	0.409	0.055	0.0234989533509005	0.124572750100002	1	10000	A33	C1	1000	10000	0	0.5	300	0.1
142	0.0312134239235503	0.18482394855	0	0.223	0.003	0.0312134239235503	0.18482394855	FGr	10000	A33	C1	1000	10000	0	0.5	300	0.1
143	0.0405324114081197	0.2282436974	0	0.13	0.002	0.0405324114081197	0.2282436974	NoCorrection	10000	A33	C1	1000	10000	0	0.5	300	0.1
144	0.0241381751896497	0.1371926845	0	0.354	0.031	0.0241381751896497	0.1371926845	ID	10000	A33	C1	1000	10000	0	0.5	300	0.1
145	0.00557930760500001	0.00557930760500001	0	0.673	0.659	0.00557930760500001	0.00557930760500001	1	300	A33	C1	10000	100	0	0.5	300	0
146	0.00451144997	0.00451144997000001	0	0.709	0.751	0.00451144997	0.00451144997000001	FGr	300	A33	C1	10000	100	0	0.5	300	0
147	0.005309160135	0.005309160135	0	0.681	0.65	0.005309160135	0.005309160135	NoCorrection	300	A33	C1	10000	100	0	0.5	300	0
148	0.00415461511500001	0.004154615115	0	0.765	0.721	0.00415461511500001	0.004154615115	ID	300	A33	C1	10000	100	0	0.5	300	0
149	-0.011314276059	-0.011314276059	0	0.417	0.396	-0.011314276059	-0.011314276059	1	300	A33	C1	10000	100	0	0.5	300	0.01
150	-0.028241858427	-0.028241858427	0	0.043	0.04	-0.028241858427	-0.028241858427	FGr	300	A33	C1	10000	100	0	0.5	300	0.01
151	-0.038076507717	-0.038076507717	0	0.014	0.008	-0.038076507717	-0.038076507717	NoCorrection	300	A33	C1	10000	100	0	0.5	300	0.01
152	-0.011115544195	-0.011115544195	0	0.435	0.421	-0.011115544195	-0.011115544195	ID	300	A33	C1	10000	100	0	0.5	300	0.01
153	0.00342245485350001	0.00342245485350001	0	0.809	0.816	0.00342245485350001	0.00342245485350001	1	300	A33	C1	10000	100	0	0.5	300	0.03
154	0.014056266399	0.014056266399	0	0.28	0.298	0.014056266399	0.014056266399	FGr	300	A33	C1	10000	100	0	0.5	300	0.03
155	0.02320497934	0.02320497934	0	0.095	0.115	0.02320497934	0.02320497934	NoCorrection	300	A33	C1	10000	100	0	0.5	300	0.03
156	0.003519959235	0.003519959235	0	0.778	0.792	0.003519959235	0.003519959235	ID	300	A33	C1	10000	100	0	0.5	300	0.03
157	0.01970361982	0.01970361982	0	0.137	0.184	0.01970361982	0.01970361982	1	300	A33	C1	10000	100	0	0.5	300	0.1
158	0.0600174430655	0.0600174430655	0	0	0	0.0600174430655	0.0600174430655	FGr	300	A33	C1	10000	100	0	0.5	300	0.1
159	0.07517441658	0.07517441658	0	0	0	0.07517441658	0.07517441658	NoCorrection	300	A33	C1	10000	100	0	0.5	300	0.1
160	0.01580551792625	0.01580551792625	0	0.278	0.261	0.01580551792625	0.01580551792625	ID	300	A33	C1	10000	100	0	0.5	300	0.1
161	-0.01839451345	-0.015054404	0	0.111	0.43	-0.01839451345	-0.015054404	1	1000	A33	C1	10000	100	0	0.5	300	0
162	-0.0207131786092	-0.023477329	0	0.102	0.235	-0.0207131786092	-0.023477329	FGr	1000	A33	C1	10000	100	0	0.5	300	0
163	-0.01751295782	-0.012992875	0	0.125	0.499	-0.01751295782	-0.012992875	NoCorrection	1000	A33	C1	10000	100	0	0.5	300	0
164	-0.017018201315	-0.0124368014999999	0	0.133	0.528	-0.017018201315	-0.0124368014999999	ID	1000	A33	C1	10000	100	0	0.5	300	0
165	-0.006910327495	0.023534348	0	0.538	0.216	-0.006910327495	0.023534348	1	1000	A33	C1	10000	100	0	0.5	300	0.01
166	-0.000434856679499999	0.0372537705	0	0.977	0.048	-0.000434856679499999	0.0372537705	FGr	1000	A33	C1	10000	100	0	0.5	300	0.01
167	-0.00154150805033	0.0374117295	0	0.895	0.033	-0.00154150805033	0.0374117295	NoCorrection	1000	A33	C1	10000	100	0	0.5	300	0.01
168	-0.004715270759	0.0303152935	0	0.695	0.113	-0.004715270759	0.0303152935	ID	1000	A33	C1	10000	100	0	0.5	300	0.01
169	0.0197442621835	0.0182215335	0	0.097	0.329	0.0197442621835	0.0182215335	1	1000	A33	C1	10000	100	0	0.5	300	0.03
170	0.033825909405	0.0589595665	0	0.005	0	0.033825909405	0.0589595665	FGr	1000	A33	C1	10000	100	0	0.5	300	0.03
171	0.038125945241	0.0716789585	0	0.003	0	0.038125945241	0.0716789585	NoCorrection	1000	A33	C1	10000	100	0	0.5	300	0.03
172	0.01939442944	0.015678861	0	0.096	0.423	0.01939442944	0.015678861	ID	1000	A33	C1	10000	100	0	0.5	300	0.03
173	0.000550319188999997	0.00634668649999999	0	0.965	0.758	0.000550319188999997	0.00634668649999999	1	1000	A33	C1	10000	100	0	0.5	300	0.1
174	0.017353360274	0.050895651	0	0.206	0.012	0.017353360274	0.050895651	FGr	1000	A33	C1	10000	100	0	0.5	300	0.1
175	0.043548865219	0.113462428	0	0.003	0	0.043548865219	0.113462428	NoCorrection	1000	A33	C1	10000	100	0	0.5	300	0.1
176	0.000168080291999999	0.00805791899999999	0	0.984	0.685	0.000168080291999999	0.00805791899999999	ID	1000	A33	C1	10000	100	0	0.5	300	0.1
177	-0.017435469815	-0.0303106155	0	0.113	0.369	-0.017435469815	-0.0303106155	1	10000	A33	C1	10000	100	0	0.5	300	0
178	-0.01889881605025	-0.0579234775	0	0.11	0.088	-0.01889881605025	-0.0579234775	FGr	10000	A33	C1	10000	100	0	0.5	300	0
179	-0.0196487292	-0.069086978	0	0.085	0.029	-0.0196487292	-0.069086978	NoCorrection	10000	A33	C1	10000	100	0	0.5	300	0
180	-0.017576821575	-0.0345517495	0	0.135	0.321	-0.017576821575	-0.0345517495	ID	10000	A33	C1	10000	100	0	0.5	300	0
181	-0.001941912892	0.003529398	0	0.866	0.916	-0.001941912892	0.003529398	1	10000	A33	C1	10000	100	0	0.5	300	0.01
182	-0.0033209467955	-0.015140174	0	0.795	0.614	-0.0033209467955	-0.015140174	FGr	10000	A33	C1	10000	100	0	0.5	300	0.01
183	-0.00248416836	-0.008104467	0	0.824	0.805	-0.00248416836	-0.008104467	NoCorrection	10000	A33	C1	10000	100	0	0.5	300	0.01
184	-0.002459035595	-0.00878649749999999	0	0.849	0.786	-0.002459035595	-0.00878649749999999	ID	10000	A33	C1	10000	100	0	0.5	300	0.01
185	-0.00983126602000001	0.003026364	0	0.436	0.932	-0.00983126602000001	0.003026364	1	10000	A33	C1	10000	100	0	0.5	300	0.03
186	-0.01006165231375	0.00506313249999998	0	0.395	0.884	-0.01006165231375	0.00506313249999998	FGr	10000	A33	C1	10000	100	0	0.5	300	0.03
187	-0.00753990049649999	0.0411878265000001	0	0.541	0.173	-0.00753990049649999	0.0411878265000001	NoCorrection	10000	A33	C1	10000	100	0	0.5	300	0.03
188	-0.01032237274454	0.00107031399999999	0	0.409	0.973	-0.01032237274454	0.00107031399999999	ID	10000	A33	C1	10000	100	0	0.5	300	0.03
189	0.02262149408	-0.0112407095	0	0.055	0.735	0.02262149408	-0.0112407095	1	10000	A33	C1	10000	100	0	0.5	300	0.1
190	0.02277645826	-0.010598936	0	0.058	0.726	0.02277645826	-0.010598936	FGr	10000	A33	C1	10000	100	0	0.5	300	0.1
191	0.036740830125	0.194714516	0	0.004	0	0.036740830125	0.194714516	NoCorrection	10000	A33	C1	10000	100	0	0.5	300	0.1
192	0.021793606491	-0.010018058	0	0.096	0.739	0.021793606491	-0.010018058	ID	10000	A33	C1	10000	100	0	0.5	300	0.1
193	-0.00103425528145	-0.00103425528145	0	0.913	0.918	-0.00103425528145	-0.00103425528145	1	300	A33	C1	10000	1000	0	0.5	300	0
194	0.0106609724365	0.0106609724365	0	0.256	0.247	0.0106609724365	0.0106609724365	FGr	300	A33	C1	10000	1000	0	0.5	300	0
195	0.0103297050325	0.0103297050325	0	0.24	0.254	0.0103297050325	0.0103297050325	NoCorrection	300	A33	C1	10000	1000	0	0.5	300	0
196	0.00574161473945	0.00574161473945001	0	0.516	0.541	0.00574161473945	0.00574161473945001	ID	300	A33	C1	10000	1000	0	0.5	300	0
197	-0.00177509653674997	-0.00177509653674998	0	0.824	0.824	-0.00177509653674997	-0.00177509653674998	1	300	A33	C1	10000	1000	0	0.5	300	0.01
198	0.000952204757499986	0.000952204757499992	0	0.913	0.912	0.000952204757499986	0.000952204757499992	FGr	300	A33	C1	10000	1000	0	0.5	300	0.01
199	0.00646292642815	0.00646292642815	0	0.438	0.445	0.00646292642815	0.00646292642815	NoCorrection	300	A33	C1	10000	1000	0	0.5	300	0.01
200	-0.00113942179043503	-0.00113942179043502	0	0.892	0.873	-0.00113942179043503	-0.00113942179043502	ID	300	A33	C1	10000	1000	0	0.5	300	0.01
201	-0.00533074030569998	-0.00533074030569999	0	0.573	0.597	-0.00533074030569998	-0.00533074030569999	1	300	A33	C1	10000	1000	0	0.5	300	0.03
202	-0.00415693675663001	-0.00415693675663	0	0.644	0.641	-0.00415693675663001	-0.00415693675663	FGr	300	A33	C1	10000	1000	0	0.5	300	0.03
203	0.00470752582650001	0.00470752582649999	0	0.602	0.618	0.00470752582650001	0.00470752582649999	NoCorrection	300	A33	C1	10000	1000	0	0.5	300	0.03
204	-0.00975874798775	-0.00975874798775	0	0.307	0.316	-0.00975874798775	-0.00975874798775	ID	300	A33	C1	10000	1000	0	0.5	300	0.03
205	-0.00961868553574997	-0.00961868553574998	0	0.332	0.327	-0.00961868553574997	-0.00961868553574998	1	300	A33	C1	10000	1000	0	0.5	300	0.1
206	0.0149876459765	0.0149876459765	0	0.134	0.132	0.0149876459765	0.0149876459765	FGr	300	A33	C1	10000	1000	0	0.5	300	0.1
207	0.0242802164375	0.0242802164375	0	0.009	0.016	0.0242802164375	0.0242802164375	NoCorrection	300	A33	C1	10000	1000	0	0.5	300	0.1
208	-0.00671911385919496	-0.00671911385919496	0	0.49	0.522	-0.00671911385919496	-0.00671911385919496	ID	300	A33	C1	10000	1000	0	0.5	300	0.1
209	-3.99316010000055e-05	0.01072507565	0	0.996	0.45	-3.99316010000055e-05	0.01072507565	1	1000	A33	C1	10000	1000	0	0.5	300	0
210	-0.00649895399504997	-0.00556687285	0	0.487	0.721	-0.00649895399504997	-0.00556687285	FGr	1000	A33	C1	10000	1000	0	0.5	300	0
211	-0.0118103371835	-0.02100404365	0	0.197	0.177	-0.0118103371835	-0.02100404365	NoCorrection	1000	A33	C1	10000	1000	0	0.5	300	0
212	-0.00406666643599999	0.00132435140000001	0	0.644	0.94	-0.00406666643599999	0.00132435140000001	ID	1000	A33	C1	10000	1000	0	0.5	300	0
213	-0.00139995340400002	0.000510206199999943	0	0.85	0.973	-0.00139995340400002	0.000510206199999943	1	1000	A33	C1	10000	1000	0	0.5	300	0.01
214	0.00366037471599994	0.0150967555	0	0.669	0.307	0.00366037471599994	0.0150967555	FGr	1000	A33	C1	10000	1000	0	0.5	300	0.01
215	-0.00797018110825	-0.01788353415	0	0.34	0.223	-0.00797018110825	-0.01788353415	NoCorrection	1000	A33	C1	10000	1000	0	0.5	300	0.01
216	-0.00127603834609998	0.000652540600000023	0	0.86	0.974	-0.00127603834609998	0.000652540600000023	ID	1000	A33	C1	10000	1000	0	0.5	300	0.01
217	-0.01039452375266	-0.0051659283	0	0.232	0.708	-0.01039452375266	-0.0051659283	1	1000	A33	C1	10000	1000	0	0.5	300	0.03
218	-0.01001685889565	-0.00483184774999999	0	0.218	0.738	-0.01001685889565	-0.00483184774999999	FGr	1000	A33	C1	10000	1000	0	0.5	300	0.03
219	-0.00953068014095	-0.00289073475	0	0.254	0.857	-0.00953068014095	-0.00289073475	NoCorrection	1000	A33	C1	10000	1000	0	0.5	300	0.03
220	-0.00893399774945	-0.00149457145000003	0	0.297	0.916	-0.00893399774945	-0.00149457145000003	ID	1000	A33	C1	10000	1000	0	0.5	300	0.03
221	-0.010806987383	-0.0106106912	0	0.178	0.457	-0.010806987383	-0.0106106912	1	1000	A33	C1	10000	1000	0	0.5	300	0.1
222	0.0017087473587	0.02592210205	0	0.823	0.056	0.0017087473587	0.02592210205	FGr	1000	A33	C1	10000	1000	0	0.5	300	0.1
223	0.030349966147	0.1033337927	0	0	0	0.030349966147	0.1033337927	NoCorrection	1000	A33	C1	10000	1000	0	0.5	300	0.1
224	-0.00793372148490003	-0.00547307385000001	0	0.303	0.69	-0.00793372148490003	-0.00547307385000001	ID	1000	A33	C1	10000	1000	0	0.5	300	0.1
225	0.000885764411000006	-0.0219631356500001	0	0.925	0.276	0.000885764411000006	-0.0219631356500001	1	10000	A33	C1	10000	1000	0	0.5	300	0
226	0.00320458310149998	0.00572941424999999	0	0.715	0.806	0.00320458310149998	0.00572941424999999	FGr	10000	A33	C1	10000	1000	0	0.5	300	0
227	-0.0119850456472	-0.0816213960499999	0	0.172	0	-0.0119850456472	-0.0816213960499999	NoCorrection	10000	A33	C1	10000	1000	0	0.5	300	0
228	0.00124464490199998	-0.02182115755	0	0.897	0.287	0.00124464490199998	-0.02182115755	ID	10000	A33	C1	10000	1000	0	0.5	300	0
229	0.00226323933360001	0.0185266550999999	0	0.795	0.385	0.00226323933360001	0.0185266550999999	1	10000	A33	C1	10000	1000	0	0.5	300	0.01
230	0.00205276986242	0.0190712589	0	0.774	0.373	0.00205276986242	0.0190712589	FGr	10000	A33	C1	10000	1000	0	0.5	300	0.01
231	-0.0045274920468	-0.02314144245	0	0.562	0.275	-0.0045274920468	-0.02314144245	NoCorrection	10000	A33	C1	10000	1000	0	0.5	300	0.01
232	0.00189556494035	0.01894850655	0	0.807	0.362	0.00189556494035	0.01894850655	ID	10000	A33	C1	10000	1000	0	0.5	300	0.01
233	-0.00267940419670004	0.0048094035	0	0.738	0.834	-0.00267940419670004	0.0048094035	1	10000	A33	C1	10000	1000	0	0.5	300	0.03
234	-7.97673434999746e-05	0.0161352627	0	0.992	0.481	-7.97673434999746e-05	0.0161352627	FGr	10000	A33	C1	10000	1000	0	0.5	300	0.03
235	0.000262570467999959	0.01489188685	0	0.975	0.503	0.000262570467999959	0.01489188685	NoCorrection	10000	A33	C1	10000	1000	0	0.5	300	0.03
236	-0.00223675042799995	0.00909758805000001	0	0.772	0.683	-0.00223675042799995	0.00909758805000001	ID	10000	A33	C1	10000	1000	0	0.5	300	0.03
237	0.0119682802321	0.00755227874999997	0	0.162	0.726	0.0119682802321	0.00755227874999997	1	10000	A33	C1	10000	1000	0	0.5	300	0.1
238	0.0128350461365	0.02079093015	0	0.136	0.334	0.0128350461365	0.02079093015	FGr	10000	A33	C1	10000	1000	0	0.5	300	0.1
239	0.04268107310485	0.2021566321	0	0	0	0.04268107310485	0.2021566321	NoCorrection	10000	A33	C1	10000	1000	0	0.5	300	0.1
240	0.0110292531336999	-0.00010805355000001	0	0.206	0.998	0.0110292531336999	-0.00010805355000001	ID	10000	A33	C1	10000	1000	0	0.5	300	0.1
241	-0.000409586404810173	-0.000409586404810145	0	0.956	0.957	-0.000409586404810173	-0.000409586404810145	1	300	A33	C1	10000	10000	0	0.5	300	0
242	0.00349735039490013	0.00349735039490014	0	0.646	0.614	0.00349735039490013	0.00349735039490014	FGr	300	A33	C1	10000	10000	0	0.5	300	0
243	0.000445578062650988	0.000445578062651009	0	0.947	0.951	0.000445578062650988	0.000445578062651009	NoCorrection	300	A33	C1	10000	10000	0	0.5	300	0
244	-0.00129837382315013	-0.00129837382315013	0	0.865	0.856	-0.00129837382315013	-0.00129837382315013	ID	300	A33	C1	10000	10000	0	0.5	300	0
245	0.00514067535777497	0.00514067535777496	0	0.547	0.538	0.00514067535777497	0.00514067535777496	1	300	A33	C1	10000	10000	0	0.5	300	0.01
246	0.00157175666011794	0.00157175666011795	0	0.86	0.865	0.00157175666011794	0.00157175666011795	FGr	300	A33	C1	10000	10000	0	0.5	300	0.01
247	0.00658261160205011	0.00658261160205009	0	0.417	0.47	0.00658261160205011	0.00658261160205009	NoCorrection	300	A33	C1	10000	10000	0	0.5	300	0.01
248	-0.00111904577801003	-0.00111904577801002	0	0.908	0.904	-0.00111904577801003	-0.00111904577801002	ID	300	A33	C1	10000	10000	0	0.5	300	0.01
249	-0.004366064546735	-0.00436606454673501	0	0.633	0.643	-0.004366064546735	-0.00436606454673501	1	300	A33	C1	10000	10000	0	0.5	300	0.03
250	0.00842155581701009	0.00842155581701009	0	0.337	0.385	0.00842155581701009	0.00842155581701009	FGr	300	A33	C1	10000	10000	0	0.5	300	0.03
251	0.0102314327964001	0.0102314327964001	0	0.285	0.284	0.0102314327964001	0.0102314327964001	NoCorrection	300	A33	C1	10000	10000	0	0.5	300	0.03
252	-0.00448897604146521	-0.00448897604146521	0	0.66	0.606	-0.00448897604146521	-0.00448897604146521	ID	300	A33	C1	10000	10000	0	0.5	300	0.03
253	4.63820486099155e-05	4.63820486098814e-05	0	0.992	0.995	4.63820486099155e-05	4.63820486098814e-05	1	300	A33	C1	10000	10000	0	0.5	300	0.1
254	0.0218571236858532	0.0218571236858532	0	0.006	0.012	0.0218571236858532	0.0218571236858532	FGr	300	A33	C1	10000	10000	0	0.5	300	0.1
255	0.0329206441778549	0.0329206441778549	0	0	0.001	0.0329206441778549	0.0329206441778549	NoCorrection	300	A33	C1	10000	10000	0	0.5	300	0.1
256	-0.00203245836635004	-0.00203245836635004	0	0.783	0.779	-0.00203245836635004	-0.00203245836635004	ID	300	A33	C1	10000	10000	0	0.5	300	0.1
257	-0.00326546706942504	-0.00780605796999996	0	0.676	0.561	-0.00326546706942504	-0.00780605796999996	1	1000	A33	C1	10000	10000	0	0.5	300	0
258	0.00191899444621506	0.00386937361500001	0	0.809	0.778	0.00191899444621506	0.00386937361500001	FGr	1000	A33	C1	10000	10000	0	0.5	300	0
259	0.00495973238513001	0.020279302565	0	0.553	0.146	0.00495973238513001	0.020279302565	NoCorrection	1000	A33	C1	10000	10000	0	0.5	300	0
260	-0.00392796705285015	-0.00974775405	0	0.634	0.485	-0.00392796705285015	-0.00974775405	ID	1000	A33	C1	10000	10000	0	0.5	300	0
261	0.00531570887339993	0.002606696215	0	0.533	0.847	0.00531570887339993	0.002606696215	1	1000	A33	C1	10000	10000	0	0.5	300	0.01
262	0.00375646299413002	-0.00231210132000004	0	0.644	0.845	0.00375646299413002	-0.00231210132000004	FGr	1000	A33	C1	10000	10000	0	0.5	300	0.01
263	0.00125883269500007	-0.00637111656000014	0	0.86	0.607	0.00125883269500007	-0.00637111656000014	NoCorrection	1000	A33	C1	10000	10000	0	0.5	300	0.01
264	0.00510671109990006	0.00234758257999982	0	0.52	0.865	0.00510671109990006	0.00234758257999982	ID	1000	A33	C1	10000	10000	0	0.5	300	0.01
265	-0.00456517511931475	-0.0030086978000004	0	0.566	0.832	-0.00456517511931475	-0.0030086978000004	1	1000	A33	C1	10000	10000	0	0.5	300	0.03
266	-0.000550911639049491	0.00790446898499978	0	0.957	0.536	-0.000550911639049491	0.00790446898499978	FGr	1000	A33	C1	10000	10000	0	0.5	300	0.03
267	0.00677712382799981	0.0285187873999999	0	0.375	0.029	0.00677712382799981	0.0285187873999999	NoCorrection	1000	A33	C1	10000	10000	0	0.5	300	0.03
268	-0.00700727228879938	-0.00955128078500041	0	0.376	0.482	-0.00700727228879938	-0.00955128078500041	ID	1000	A33	C1	10000	10000	0	0.5	300	0.03
269	-0.00689135693559496	-0.0111640494099999	0	0.415	0.427	-0.00689135693559496	-0.0111640494099999	1	1000	A33	C1	10000	10000	0	0.5	300	0.1
270	0.00439615716180008	0.0231712311600002	0	0.598	0.098	0.00439615716180008	0.0231712311600002	FGr	1000	A33	C1	10000	10000	0	0.5	300	0.1
271	0.029529039916316	0.0869350975599999	0	0.001	0	0.029529039916316	0.0869350975599999	NoCorrection	1000	A33	C1	10000	10000	0	0.5	300	0.1
272	-0.00491833737875001	-0.00746767354	0	0.549	0.57	-0.00491833737875001	-0.00746767354	ID	1000	A33	C1	10000	10000	0	0.5	300	0.1
273	0.000346575944849975	0.02535022592	0	0.957	0.233	0.000346575944849975	0.02535022592	1	10000	A33	C1	10000	10000	0	0.5	300	0
274	0.000348461808450016	0.0253827837600001	0	0.967	0.254	0.000348461808450016	0.0253827837600001	FGr	10000	A33	C1	10000	10000	0	0.5	300	0
275	0.00440134419738998	0.0423099086450004	0	0.627	0.05	0.00440134419738998	0.0423099086450004	NoCorrection	10000	A33	C1	10000	10000	0	0.5	300	0
276	0.00010703126459997	0.0220459733800002	0	0.988	0.301	0.00010703126459997	0.0220459733800002	ID	10000	A33	C1	10000	10000	0	0.5	300	0
277	0.00851322795180012	0.01763089232	0	0.301	0.358	0.00851322795180012	0.01763089232	1	10000	A33	C1	10000	10000	0	0.5	300	0.01
278	0.00902430685420001	0.0192104130050004	0	0.302	0.375	0.00902430685420001	0.0192104130050004	FGr	10000	A33	C1	10000	10000	0	0.5	300	0.01
279	0.02540994738305	0.11830261412	0	0.005	0	0.02540994738305	0.11830261412	NoCorrection	10000	A33	C1	10000	10000	0	0.5	300	0.01
280	0.00879907761920002	0.017924478285	0	0.327	0.421	0.00879907761920002	0.017924478285	ID	10000	A33	C1	10000	10000	0	0.5	300	0.01
281	-0.00634767236213006	-0.00884618516500004	0	0.421	0.647	-0.00634767236213006	-0.00884618516500004	1	10000	A33	C1	10000	10000	0	0.5	300	0.03
282	-0.00729128382276001	-0.00943798774500016	0	0.369	0.649	-0.00729128382276001	-0.00943798774500016	FGr	10000	A33	C1	10000	10000	0	0.5	300	0.03
283	0.0056094119467	0.067612583515	0	0.477	0	0.0056094119467	0.067612583515	NoCorrection	10000	A33	C1	10000	10000	0	0.5	300	0.03
284	-0.0071093754282862	-0.00934704579999996	0	0.361	0.641	-0.0071093754282862	-0.00934704579999996	ID	10000	A33	C1	10000	10000	0	0.5	300	0.03
285	0.00866979316161003	-0.000415613359999917	0	0.307	0.985	0.00866979316161003	-0.000415613359999917	1	10000	A33	C1	10000	10000	0	0.5	300	0.1
286	0.0123788416385	0.018830993485	0	0.161	0.365	0.0123788416385	0.018830993485	FGr	10000	A33	C1	10000	10000	0	0.5	300	0.1
287	0.0363388564453	0.157099691265	0	0	0	0.0363388564453	0.157099691265	NoCorrection	10000	A33	C1	10000	10000	0	0.5	300	0.1
288	0.00858915609744996	-0.000419886030000138	0	0.333	0.983	0.00858915609744996	-0.000419886030000138	ID	10000	A33	C1	10000	10000	0	0.5	300	0.1
289	0.00241789083999999	0.00241789084000001	0	0.933	0.945	0.00241789083999999	0.00241789084000001	1	300	A33	C2	1000	100	0	0.5	300	0
290	0.00512350669000001	0.00512350669	0	0.875	0.883	0.00512350669000001	0.00512350669	FGr	300	A33	C2	1000	100	0	0.5	300	0
291	0.00300342139499997	0.00300342139500002	0	0.922	0.933	0.00300342139499997	0.00300342139500002	NoCorrection	300	A33	C2	1000	100	0	0.5	300	0
292	0.00209712234000001	0.00209712233999999	0	0.937	0.954	0.00209712234000001	0.00209712233999999	ID	300	A33	C2	1000	100	0	0.5	300	0
293	0.012658385485	0.0126583854849999	0	0.705	0.694	0.012658385485	0.0126583854849999	1	300	A33	C2	1000	100	0	0.5	300	0.01
294	0.01050122576	0.01050122576	0	0.748	0.732	0.01050122576	0.01050122576	FGr	300	A33	C2	1000	100	0	0.5	300	0.01
295	0.013127401319	0.013127401319	0	0.655	0.697	0.013127401319	0.013127401319	NoCorrection	300	A33	C2	1000	100	0	0.5	300	0.01
296	0.01311667488	0.0131166748800001	0	0.7	0.66	0.01311667488	0.0131166748800001	ID	300	A33	C2	1000	100	0	0.5	300	0.01
297	0.0017948406	0.00179484059999999	0	0.961	0.954	0.0017948406	0.00179484059999999	1	300	A33	C2	1000	100	0	0.5	300	0.03
298	-0.001759068975	-0.00175906897500002	0	0.961	0.96	-0.001759068975	-0.00175906897500002	FGr	300	A33	C2	1000	100	0	0.5	300	0.03
299	0.00166373628000001	0.00166373628	0	0.968	0.957	0.00166373628000001	0.00166373628	NoCorrection	300	A33	C2	1000	100	0	0.5	300	0.03
300	0.002259323725	0.00225932372499999	0	0.955	0.943	0.002259323725	0.00225932372499999	ID	300	A33	C2	1000	100	0	0.5	300	0.03
301	0.046757256815	0.046757256815	0	0.212	0.19	0.046757256815	0.046757256815	1	300	A33	C2	1000	100	0	0.5	300	0.1
302	0.0453851561	0.0453851561	0	0.203	0.253	0.0453851561	0.0453851561	FGr	300	A33	C2	1000	100	0	0.5	300	0.1
303	0.045849163	0.045849163	0	0.2	0.229	0.045849163	0.045849163	NoCorrection	300	A33	C2	1000	100	0	0.5	300	0.1
304	0.04455903306	0.04455903306	0	0.225	0.228	0.04455903306	0.04455903306	ID	300	A33	C2	1000	100	0	0.5	300	0.1
305	-0.0213162947799999	-0.0642052045	0	0.57	0.313	-0.0213162947799999	-0.0642052045	1	1000	A33	C2	1000	100	0	0.5	300	0
306	-0.0210530116800001	-0.0687519275	0	0.585	0.297	-0.0210530116800001	-0.0687519275	FGr	1000	A33	C2	1000	100	0	0.5	300	0
307	-0.020740266999	-0.0674340595000001	0	0.58	0.244	-0.020740266999	-0.0674340595000001	NoCorrection	1000	A33	C2	1000	100	0	0.5	300	0
308	-0.02135964812	-0.0701530905	0	0.586	0.239	-0.02135964812	-0.0701530905	ID	1000	A33	C2	1000	100	0	0.5	300	0
309	0.0216622175	0.00508563300000012	0	0.516	0.917	0.0216622175	0.00508563300000012	1	1000	A33	C2	1000	100	0	0.5	300	0.01
310	0.0232571404700001	0.0146526914999999	0	0.458	0.781	0.0232571404700001	0.0146526914999999	FGr	1000	A33	C2	1000	100	0	0.5	300	0.01
311	0.0217200088275	0.00745858300000009	0	0.514	0.888	0.0217200088275	0.00745858300000009	NoCorrection	1000	A33	C2	1000	100	0	0.5	300	0.01
312	0.0215338875	0.00704515650000007	0	0.53	0.894	0.0215338875	0.00704515650000007	ID	1000	A33	C2	1000	100	0	0.5	300	0.01
313	0.00553980595	0.1250109095	0	0.863	0.022	0.00553980595	0.1250109095	1	1000	A33	C2	1000	100	0	0.5	300	0.03
314	0.00527363223500001	0.126212316	0	0.868	0.021	0.00527363223500001	0.126212316	FGr	1000	A33	C2	1000	100	0	0.5	300	0.03
315	0.00541533772000002	0.119829361	0	0.865	0.031	0.00541533772000002	0.119829361	NoCorrection	1000	A33	C2	1000	100	0	0.5	300	0.03
316	0.00481715999999999	0.119906827	0	0.884	0.032	0.00481715999999999	0.119906827	ID	1000	A33	C2	1000	100	0	0.5	300	0.03
317	-0.016716501255	-0.0671718735000001	0	0.589	0.22	-0.016716501255	-0.0671718735000001	1	1000	A33	C2	1000	100	0	0.5	300	0.1
318	-0.0178411478049999	-0.0696316985	0	0.563	0.191	-0.0178411478049999	-0.0696316985	FGr	1000	A33	C2	1000	100	0	0.5	300	0.1
319	-0.01731963128	-0.0744982289999999	0	0.563	0.144	-0.01731963128	-0.0744982289999999	NoCorrection	1000	A33	C2	1000	100	0	0.5	300	0.1
320	-0.0150473196049999	-0.066363727	0	0.604	0.197	-0.0150473196049999	-0.066363727	ID	1000	A33	C2	1000	100	0	0.5	300	0.1
321	0.013448690655	0.0518423435	0	0.65	0.555	0.013448690655	0.0518423435	1	10000	A33	C2	1000	100	0	0.5	300	0
322	0.012470955	0.0442734055	0	0.66	0.608	0.012470955	0.0442734055	FGr	10000	A33	C2	1000	100	0	0.5	300	0
323	0.012380421685	0.0643057655	0	0.692	0.45	0.012380421685	0.0643057655	NoCorrection	10000	A33	C2	1000	100	0	0.5	300	0
324	0.013121285695	0.06586151	0	0.672	0.437	0.013121285695	0.06586151	ID	10000	A33	C2	1000	100	0	0.5	300	0
325	-0.00732855895999998	0.0392924994999999	0	0.843	0.697	-0.00732855895999998	0.0392924994999999	1	10000	A33	C2	1000	100	0	0.5	300	0.01
326	-0.00627176175	-0.00931205499999995	0	0.827	0.904	-0.00627176175	-0.00931205499999995	FGr	10000	A33	C2	1000	100	0	0.5	300	0.01
327	-0.00615415309000001	0.038660854	0	0.863	0.712	-0.00615415309000001	0.038660854	NoCorrection	10000	A33	C2	1000	100	0	0.5	300	0.01
328	-0.00737776382499999	0.031551653	0	0.835	0.734	-0.00737776382499999	0.031551653	ID	10000	A33	C2	1000	100	0	0.5	300	0.01
329	-0.061220803095	-0.077246669	0	0.104	0.377	-0.061220803095	-0.077246669	1	10000	A33	C2	1000	100	0	0.5	300	0.03
330	-0.0574786851175001	-0.0730350829999999	0	0.142	0.411	-0.0574786851175001	-0.0730350829999999	FGr	10000	A33	C2	1000	100	0	0.5	300	0.03
331	-0.057524487215	-0.0798861799999999	0	0.107	0.396	-0.057524487215	-0.0798861799999999	NoCorrection	10000	A33	C2	1000	100	0	0.5	300	0.03
332	-0.06257734431	-0.0786271515	0	0.097	0.38	-0.06257734431	-0.0786271515	ID	10000	A33	C2	1000	100	0	0.5	300	0.03
333	0.02405376198	0.059194682	0	0.509	0.475	0.02405376198	0.059194682	1	10000	A33	C2	1000	100	0	0.5	300	0.1
334	0.02929616064	0.0231905140000001	0	0.45	0.789	0.02929616064	0.0231905140000001	FGr	10000	A33	C2	1000	100	0	0.5	300	0.1
335	0.02931116533	0.027604631	0	0.43	0.754	0.02931116533	0.027604631	NoCorrection	10000	A33	C2	1000	100	0	0.5	300	0.1
336	0.02329414233	0.04648125	0	0.524	0.615	0.02329414233	0.04648125	ID	10000	A33	C2	1000	100	0	0.5	300	0.1
337	-0.0363176390299498	-0.0363176390299498	0	0.132	0.135	-0.0363176390299498	-0.0363176390299498	1	300	A33	C2	1000	1000	0	0.5	300	0
338	-0.035146222061	-0.035146222061	0	0.151	0.15	-0.035146222061	-0.035146222061	FGr	300	A33	C2	1000	1000	0	0.5	300	0
339	-0.0354414260110502	-0.0354414260110501	0	0.146	0.151	-0.0354414260110502	-0.0354414260110501	NoCorrection	300	A33	C2	1000	1000	0	0.5	300	0
340	-0.0357425538594998	-0.0357425538594998	0	0.136	0.135	-0.0357425538594998	-0.0357425538594998	ID	300	A33	C2	1000	1000	0	0.5	300	0
341	0.00291429071100001	0.00291429071100002	0	0.887	0.894	0.00291429071100001	0.00291429071100002	1	300	A33	C2	1000	1000	0	0.5	300	0.01
342	0.0015137004275	0.0015137004275	0	0.927	0.943	0.0015137004275	0.0015137004275	FGr	300	A33	C2	1000	1000	0	0.5	300	0.01
343	0.00139426399795001	0.00139426399794999	0	0.937	0.946	0.00139426399795001	0.00139426399794999	NoCorrection	300	A33	C2	1000	1000	0	0.5	300	0.01
344	0.00186210064999996	0.00186210064999996	0	0.934	0.934	0.00186210064999996	0.00186210064999996	ID	300	A33	C2	1000	1000	0	0.5	300	0.01
345	0.0312283955361997	0.0312283955361998	0	0.173	0.153	0.0312283955361997	0.0312283955361998	1	300	A33	C2	1000	1000	0	0.5	300	0.03
346	0.03173452832195	0.03173452832195	0	0.14	0.147	0.03173452832195	0.03173452832195	FGr	300	A33	C2	1000	1000	0	0.5	300	0.03
347	0.0318669805025001	0.0318669805025001	0	0.135	0.141	0.0318669805025001	0.0318669805025001	NoCorrection	300	A33	C2	1000	1000	0	0.5	300	0.03
348	0.0320431138720001	0.0320431138720001	0	0.142	0.157	0.0320431138720001	0.0320431138720001	ID	300	A33	C2	1000	1000	0	0.5	300	0.03
349	-0.00595382313399995	-0.00595382313400006	0	0.796	0.789	-0.00595382313399995	-0.00595382313400006	1	300	A33	C2	1000	1000	0	0.5	300	0.1
350	-0.00585165658649999	-0.00585165658650003	0	0.814	0.8	-0.00585165658649999	-0.00585165658650003	FGr	300	A33	C2	1000	1000	0	0.5	300	0.1
351	-0.00633761491729999	-0.00633761491729997	0	0.769	0.78	-0.00633761491729999	-0.00633761491729997	NoCorrection	300	A33	C2	1000	1000	0	0.5	300	0.1
352	-0.00699157386999969	-0.00699157386999958	0	0.746	0.76	-0.00699157386999969	-0.00699157386999958	ID	300	A33	C2	1000	1000	0	0.5	300	0.1
353	0.000686230917750006	-0.01685096655	0	0.967	0.573	0.000686230917750006	-0.01685096655	1	1000	A33	C2	1000	1000	0	0.5	300	0
354	0.01291734616025	-0.00855666979999984	0	0.529	0.786	0.01291734616025	-0.00855666979999984	FGr	1000	A33	C2	1000	1000	0	0.5	300	0
355	0.01323169219905	-0.00737468614999992	0	0.519	0.803	0.01323169219905	-0.00737468614999992	NoCorrection	1000	A33	C2	1000	1000	0	0.5	300	0
356	0.00593265887700002	-0.0148894126000001	0	0.761	0.62	0.00593265887700002	-0.0148894126000001	ID	1000	A33	C2	1000	1000	0	0.5	300	0
357	0.0629433268310001	0.0514405268500001	0	0.004	0.097	0.0629433268310001	0.0514405268500001	1	1000	A33	C2	1000	1000	0	0.5	300	0.01
358	0.0656657259165	0.06244686295	0	0.001	0.045	0.0656657259165	0.06244686295	FGr	1000	A33	C2	1000	1000	0	0.5	300	0.01
359	0.06567979869195	0.0624564805	0	0.004	0.052	0.06567979869195	0.0624564805	NoCorrection	1000	A33	C2	1000	1000	0	0.5	300	0.01
360	0.0663590282119999	0.06154997565	0	0.003	0.068	0.0663590282119999	0.06154997565	ID	1000	A33	C2	1000	1000	0	0.5	300	0.01
361	-0.0183812482498497	-0.0136047436500002	0	0.432	0.684	-0.0183812482498497	-0.0136047436500002	1	1000	A33	C2	1000	1000	0	0.5	300	0.03
362	-0.0124160206300002	-0.0105351358500004	0	0.573	0.755	-0.0124160206300002	-0.0105351358500004	FGr	1000	A33	C2	1000	1000	0	0.5	300	0.03
363	-0.0119590868746002	-0.00677077270000011	0	0.599	0.808	-0.0119590868746002	-0.00677077270000011	NoCorrection	1000	A33	C2	1000	1000	0	0.5	300	0.03
364	-0.0161072137202001	-0.0113149711500001	0	0.471	0.753	-0.0161072137202001	-0.0113149711500001	ID	1000	A33	C2	1000	1000	0	0.5	300	0.03
365	-0.0239989468459999	-0.0290034546	0	0.276	0.374	-0.0239989468459999	-0.0290034546	1	1000	A33	C2	1000	1000	0	0.5	300	0.1
366	-0.011587589511	-0.0453431479499998	0	0.606	0.139	-0.011587589511	-0.0453431479499998	FGr	1000	A33	C2	1000	1000	0	0.5	300	0.1
367	-0.012682912578	-0.0446185944499997	0	0.588	0.179	-0.012682912578	-0.0446185944499997	NoCorrection	1000	A33	C2	1000	1000	0	0.5	300	0.1
368	-0.021085942135	-0.0267978275500002	0	0.357	0.436	-0.021085942135	-0.0267978275500002	ID	1000	A33	C2	1000	1000	0	0.5	300	0.1
369	0.06276898401765	0.150431605	0	0	0.004	0.06276898401765	0.150431605	1	10000	A33	C2	1000	1000	0	0.5	300	0
370	0.0621235474823	0.1418185394	0	0.005	0.01	0.0621235474823	0.1418185394	FGr	10000	A33	C2	1000	1000	0	0.5	300	0
371	0.0623670279680001	0.1422765609	0	0.003	0.007	0.0623670279680001	0.1422765609	NoCorrection	10000	A33	C2	1000	1000	0	0.5	300	0
372	0.0628505924090002	0.1383230305	0	0.005	0.009	0.0628505924090002	0.1383230305	ID	10000	A33	C2	1000	1000	0	0.5	300	0
373	0.018513734289	0.01343388075	0	0.469	0.812	0.018513734289	0.01343388075	1	10000	A33	C2	1000	1000	0	0.5	300	0.01
374	0.0181647355904	0.0112231811	0	0.464	0.843	0.0181647355904	0.0112231811	FGr	10000	A33	C2	1000	1000	0	0.5	300	0.01
375	0.01892698934825	0.00586477539999999	0	0.436	0.915	0.01892698934825	0.00586477539999999	NoCorrection	10000	A33	C2	1000	1000	0	0.5	300	0.01
376	0.0185379422465	0.0104850816	0	0.454	0.839	0.0185379422465	0.0104850816	ID	10000	A33	C2	1000	1000	0	0.5	300	0.01
377	0.00959678815249998	-0.0389327684	0	0.68	0.423	0.00959678815249998	-0.0389327684	1	10000	A33	C2	1000	1000	0	0.5	300	0.03
378	0.00879613503480001	-0.0347937813	0	0.702	0.489	0.00879613503480001	-0.0347937813	FGr	10000	A33	C2	1000	1000	0	0.5	300	0.03
379	0.00936435691550002	-0.0375075031500001	0	0.679	0.436	0.00936435691550002	-0.0375075031500001	NoCorrection	10000	A33	C2	1000	1000	0	0.5	300	0.03
380	0.00946921239124997	-0.0472545798	0	0.675	0.346	0.00946921239124997	-0.0472545798	ID	10000	A33	C2	1000	1000	0	0.5	300	0.03
381	0.0384909588039499	0.0202571775999996	0	0.069	0.702	0.0384909588039499	0.0202571775999996	1	10000	A33	C2	1000	1000	0	0.5	300	0.1
382	0.0357701264275	0.0376792639999998	0	0.092	0.442	0.0357701264275	0.0376792639999998	FGr	10000	A33	C2	1000	1000	0	0.5	300	0.1
383	0.0371367718945	0.0103155419999999	0	0.1	0.859	0.0371367718945	0.0103155419999999	NoCorrection	10000	A33	C2	1000	1000	0	0.5	300	0.1
384	0.0382675310955	0.0236653943000003	0	0.077	0.658	0.0382675310955	0.0236653943000003	ID	10000	A33	C2	1000	1000	0	0.5	300	0.1
385	-0.0129501611837496	-0.0129501611837496	0	0.542	0.527	-0.0129501611837496	-0.0129501611837496	1	300	A33	C2	1000	10000	0	0.5	300	0
386	-0.0149672241403998	-0.0149672241403997	0	0.477	0.497	-0.0149672241403998	-0.0149672241403997	FGr	300	A33	C2	1000	10000	0	0.5	300	0
387	-0.0135968697395002	-0.0135968697395001	0	0.504	0.51	-0.0135968697395002	-0.0135968697395001	NoCorrection	300	A33	C2	1000	10000	0	0.5	300	0
388	-0.0130900149123008	-0.0130900149123008	0	0.53	0.534	-0.0130900149123008	-0.0130900149123008	ID	300	A33	C2	1000	10000	0	0.5	300	0
389	-0.00948611711050002	-0.00948611711050002	0	0.633	0.627	-0.00948611711050002	-0.00948611711050002	1	300	A33	C2	1000	10000	0	0.5	300	0.01
390	-0.00696155403177506	-0.00696155403177507	0	0.722	0.755	-0.00696155403177506	-0.00696155403177507	FGr	300	A33	C2	1000	10000	0	0.5	300	0.01
391	-0.00846790283700003	-0.00846790283700002	0	0.649	0.69	-0.00846790283700003	-0.00846790283700002	NoCorrection	300	A33	C2	1000	10000	0	0.5	300	0.01
392	-0.00948655156027999	-0.00948655156028	0	0.645	0.664	-0.00948655156027999	-0.00948655156028	ID	300	A33	C2	1000	10000	0	0.5	300	0.01
393	-0.0072603423399999	-0.00726034233999992	0	0.691	0.692	-0.0072603423399999	-0.00726034233999992	1	300	A33	C2	1000	10000	0	0.5	300	0.03
394	-0.00709583845889984	-0.00709583845889982	0	0.711	0.699	-0.00709583845889984	-0.00709583845889982	FGr	300	A33	C2	1000	10000	0	0.5	300	0.03
395	-0.00692581861299979	-0.0069258186129998	0	0.712	0.706	-0.00692581861299979	-0.0069258186129998	NoCorrection	300	A33	C2	1000	10000	0	0.5	300	0.03
396	-0.00780293796024976	-0.00780293796024972	0	0.649	0.685	-0.00780293796024976	-0.00780293796024972	ID	300	A33	C2	1000	10000	0	0.5	300	0.03
397	0.02488998382625	0.02488998382625	0	0.178	0.173	0.02488998382625	0.02488998382625	1	300	A33	C2	1000	10000	0	0.5	300	0.1
398	0.0228922010656	0.0228922010656	0	0.203	0.204	0.0228922010656	0.0228922010656	FGr	300	A33	C2	1000	10000	0	0.5	300	0.1
399	0.0246128365859999	0.0246128365859999	0	0.189	0.181	0.0246128365859999	0.0246128365859999	NoCorrection	300	A33	C2	1000	10000	0	0.5	300	0.1
400	0.0226534534519	0.0226534534519	0	0.262	0.253	0.0226534534519	0.0226534534519	ID	300	A33	C2	1000	10000	0	0.5	300	0.1
401	-0.0115290607327505	0.0149723995600004	0	0.547	0.638	-0.0115290607327505	0.0149723995600004	1	1000	A33	C2	1000	10000	0	0.5	300	0
402	-0.0121174032160001	0.0237706575849996	0	0.519	0.457	-0.0121174032160001	0.0237706575849996	FGr	1000	A33	C2	1000	10000	0	0.5	300	0
403	-0.0117768102815999	0.0214139266149999	0	0.509	0.483	-0.0117768102815999	0.0214139266149999	NoCorrection	1000	A33	C2	1000	10000	0	0.5	300	0
404	-0.0119412764927002	0.0103794029899996	0	0.509	0.756	-0.0119412764927002	0.0103794029899996	ID	1000	A33	C2	1000	10000	0	0.5	300	0
405	0.0303605469181498	0.0270016500900001	0	0.138	0.412	0.0303605469181498	0.0270016500900001	1	1000	A33	C2	1000	10000	0	0.5	300	0.01
406	0.0305937304794	0.0143600895249997	0	0.112	0.658	0.0305937304794	0.0143600895249997	FGr	1000	A33	C2	1000	10000	0	0.5	300	0.01
407	0.0303414079996497	0.0185330074500003	0	0.128	0.559	0.0303414079996497	0.0185330074500003	NoCorrection	1000	A33	C2	1000	10000	0	0.5	300	0.01
408	0.0308164379208003	0.0228775528799992	0	0.119	0.498	0.0308164379208003	0.0228775528799992	ID	1000	A33	C2	1000	10000	0	0.5	300	0.01
409	0.0316333790319001	0.0376819623750001	0	0.119	0.186	0.0316333790319001	0.0376819623750001	1	1000	A33	C2	1000	10000	0	0.5	300	0.03
410	0.0313283744993998	0.0325242580300004	0	0.116	0.263	0.0313283744993998	0.0325242580300004	FGr	1000	A33	C2	1000	10000	0	0.5	300	0.03
411	0.03163476323203	0.037452032165	0	0.113	0.183	0.03163476323203	0.037452032165	NoCorrection	1000	A33	C2	1000	10000	0	0.5	300	0.03
412	0.0318967404920001	0.0376108823199998	0	0.094	0.194	0.0318967404920001	0.0376108823199998	ID	1000	A33	C2	1000	10000	0	0.5	300	0.03
413	0.0272677363136749	-0.0184803021550001	0	0.132	0.557	0.0272677363136749	-0.0184803021550001	1	1000	A33	C2	1000	10000	0	0.5	300	0.1
414	0.0270290134855	-0.00122531257000018	0	0.165	0.96	0.0270290134855	-0.00122531257000018	FGr	1000	A33	C2	1000	10000	0	0.5	300	0.1
415	0.0264675984894467	-0.00137455601499939	0	0.169	0.969	0.0264675984894467	-0.00137455601499939	NoCorrection	1000	A33	C2	1000	10000	0	0.5	300	0.1
416	0.0261778822470501	-0.0219600590349995	0	0.158	0.467	0.0261778822470501	-0.0219600590349995	ID	1000	A33	C2	1000	10000	0	0.5	300	0.1
417	0.00837831659379972	-0.0228711187800004	0	0.639	0.649	0.00837831659379972	-0.0228711187800004	1	10000	A33	C2	1000	10000	0	0.5	300	0
418	0.0080821638594398	-0.01982674637	0	0.645	0.69	0.0080821638594398	-0.01982674637	FGr	10000	A33	C2	1000	10000	0	0.5	300	0
419	0.00799051860555012	-0.0116882474899998	0	0.674	0.803	0.00799051860555012	-0.0116882474899998	NoCorrection	10000	A33	C2	1000	10000	0	0.5	300	0
420	0.00857634073115596	-0.0172322597050001	0	0.654	0.739	0.00857634073115596	-0.0172322597050001	ID	10000	A33	C2	1000	10000	0	0.5	300	0
421	-0.00931996208219988	0.0499272448299999	0	0.618	0.324	-0.00931996208219988	0.0499272448299999	1	10000	A33	C2	1000	10000	0	0.5	300	0.01
422	-0.00975699016887025	0.0445890290050003	0	0.564	0.38	-0.00975699016887025	0.0445890290050003	FGr	10000	A33	C2	1000	10000	0	0.5	300	0.01
423	-0.00960802070905005	0.051124186285	0	0.59	0.299	-0.00960802070905005	0.051124186285	NoCorrection	10000	A33	C2	1000	10000	0	0.5	300	0.01
424	-0.00907461760525019	0.0629199346250001	0	0.625	0.216	-0.00907461760525019	0.0629199346250001	ID	10000	A33	C2	1000	10000	0	0.5	300	0.01
425	-0.01319099714195	-0.00305914071000001	0	0.506	0.941	-0.01319099714195	-0.00305914071000001	1	10000	A33	C2	1000	10000	0	0.5	300	0.03
426	-0.0119257593659994	-0.02089807975	0	0.55	0.652	-0.0119257593659994	-0.02089807975	FGr	10000	A33	C2	1000	10000	0	0.5	300	0.03
427	-0.0119420416664998	-0.0195318505	0	0.526	0.68	-0.0119420416664998	-0.0195318505	NoCorrection	10000	A33	C2	1000	10000	0	0.5	300	0.03
428	-0.0133640456527494	-0.00661441577499997	0	0.506	0.888	-0.0133640456527494	-0.00661441577499997	ID	10000	A33	C2	1000	10000	0	0.5	300	0.03
429	-0.0218689547164497	-0.00317871359999963	0	0.214	0.95	-0.0218689547164497	-0.00317871359999963	1	10000	A33	C2	1000	10000	0	0.5	300	0.1
430	-0.0223177942038503	-0.0341102945949997	0	0.207	0.457	-0.0223177942038503	-0.0341102945949997	FGr	10000	A33	C2	1000	10000	0	0.5	300	0.1
431	-0.0223233997871997	-0.0205054169699998	0	0.188	0.649	-0.0223233997871997	-0.0205054169699998	NoCorrection	10000	A33	C2	1000	10000	0	0.5	300	0.1
432	-0.0218210367652001	-0.0107358473950002	0	0.219	0.842	-0.0218210367652001	-0.0107358473950002	ID	10000	A33	C2	1000	10000	0	0.5	300	0.1
433	-0.001448038077	-0.00144803807700001	0	0.881	0.889	-0.001448038077	-0.00144803807700001	1	300	A33	C2	10000	100	0	0.5	300	0
434	-0.001363831503	-0.001363831503	0	0.884	0.889	-0.001363831503	-0.001363831503	FGr	300	A33	C2	10000	100	0	0.5	300	0
435	-0.00135303385600001	-0.001353033856	0	0.884	0.892	-0.00135303385600001	-0.001353033856	NoCorrection	300	A33	C2	10000	100	0	0.5	300	0
436	-0.00187384399999998	-0.001873844	0	0.848	0.858	-0.00187384399999998	-0.001873844	ID	300	A33	C2	10000	100	0	0.5	300	0
437	0.0049100600235	0.00491006002349999	0	0.633	0.658	0.0049100600235	0.00491006002349999	1	300	A33	C2	10000	100	0	0.5	300	0.01
438	0.0037339710454	0.0037339710454	0	0.751	0.708	0.0037339710454	0.0037339710454	FGr	300	A33	C2	10000	100	0	0.5	300	0.01
439	0.00389533668950001	0.0038953366895	0	0.692	0.697	0.00389533668950001	0.0038953366895	NoCorrection	300	A33	C2	10000	100	0	0.5	300	0.01
440	0.0037133815835	0.0037133815835	0	0.75	0.726	0.0037133815835	0.0037133815835	ID	300	A33	C2	10000	100	0	0.5	300	0.01
441	0.006705109842	0.006705109842	0	0.486	0.494	0.006705109842	0.006705109842	1	300	A33	C2	10000	100	0	0.5	300	0.03
442	0.006771365082	0.006771365082	0	0.492	0.484	0.006771365082	0.006771365082	FGr	300	A33	C2	10000	100	0	0.5	300	0.03
443	0.00691671342500001	0.00691671342499999	0	0.474	0.466	0.00691671342500001	0.00691671342499999	NoCorrection	300	A33	C2	10000	100	0	0.5	300	0.03
444	0.006556025751	0.006556025751	0	0.511	0.513	0.006556025751	0.006556025751	ID	300	A33	C2	10000	100	0	0.5	300	0.03
445	0.0174261914435	0.0174261914435	0	0.125	0.101	0.0174261914435	0.0174261914435	1	300	A33	C2	10000	100	0	0.5	300	0.1
446	0.02062599735	0.02062599735	0	0.084	0.064	0.02062599735	0.02062599735	FGr	300	A33	C2	10000	100	0	0.5	300	0.1
447	0.02033184231	0.02033184231	0	0.067	0.054	0.02033184231	0.02033184231	NoCorrection	300	A33	C2	10000	100	0	0.5	300	0.1
448	0.0169366136525	0.0169366136525	0	0.136	0.102	0.0169366136525	0.0169366136525	ID	300	A33	C2	10000	100	0	0.5	300	0.1
449	-0.00925391148	-0.0200748945	0	0.358	0.245	-0.00925391148	-0.0200748945	1	1000	A33	C2	10000	100	0	0.5	300	0
450	-0.00923515136799998	-0.0158266095	0	0.373	0.333	-0.00923515136799998	-0.0158266095	FGr	1000	A33	C2	10000	100	0	0.5	300	0
451	-0.009272387923	-0.0188299535	0	0.367	0.281	-0.009272387923	-0.0188299535	NoCorrection	1000	A33	C2	10000	100	0	0.5	300	0
452	-0.00897881545000001	-0.0188501705	0	0.408	0.276	-0.00897881545000001	-0.0188501705	ID	1000	A33	C2	10000	100	0	0.5	300	0
453	0.00252380543999999	0.012496472	0	0.779	0.423	0.00252380543999999	0.012496472	1	1000	A33	C2	10000	100	0	0.5	300	0.01
454	0.00313584797500002	0.00855247999999996	0	0.724	0.587	0.00313584797500002	0.00855247999999996	FGr	1000	A33	C2	10000	100	0	0.5	300	0.01
455	0.003037304035	0.00864723450000005	0	0.761	0.586	0.003037304035	0.00864723450000005	NoCorrection	1000	A33	C2	10000	100	0	0.5	300	0.01
456	0.00256157597300001	0.011088577	0	0.768	0.48	0.00256157597300001	0.011088577	ID	1000	A33	C2	10000	100	0	0.5	300	0.01
457	0.0142886342625	-0.0084737605	0	0.182	0.675	0.0142886342625	-0.0084737605	1	1000	A33	C2	10000	100	0	0.5	300	0.03
458	0.0144957460685	-0.0077736485	0	0.182	0.683	0.0144957460685	-0.0077736485	FGr	1000	A33	C2	10000	100	0	0.5	300	0.03
459	0.0144260252795	-0.007021636	0	0.175	0.71	0.0144260252795	-0.007021636	NoCorrection	1000	A33	C2	10000	100	0	0.5	300	0.03
460	0.014460193059	-0.00711908200000001	0	0.186	0.7	0.014460193059	-0.00711908200000001	ID	1000	A33	C2	10000	100	0	0.5	300	0.03
461	0.0011682915975	-0.0105552	0	0.916	0.575	0.0011682915975	-0.0105552	1	1000	A33	C2	10000	100	0	0.5	300	0.1
462	-0.00238328645999999	-0.0041014405	0	0.828	0.811	-0.00238328645999999	-0.0041014405	FGr	1000	A33	C2	10000	100	0	0.5	300	0.1
463	-0.00254958185980001	-0.00395455600000001	0	0.847	0.82	-0.00254958185980001	-0.00395455600000001	NoCorrection	1000	A33	C2	10000	100	0	0.5	300	0.1
464	0.000824994959000003	-0.009552747	0	0.943	0.583	0.000824994959000003	-0.009552747	ID	1000	A33	C2	10000	100	0	0.5	300	0.1
465	0.024373748409	0.0120145585	0	0.031	0.654	0.024373748409	0.0120145585	1	10000	A33	C2	10000	100	0	0.5	300	0
466	0.02318623175	0.0195143075	0	0.032	0.486	0.02318623175	0.0195143075	FGr	10000	A33	C2	10000	100	0	0.5	300	0
467	0.023048485115	0.0194355905	0	0.032	0.467	0.023048485115	0.0194355905	NoCorrection	10000	A33	C2	10000	100	0	0.5	300	0
468	0.02432381234	0.0118971455	0	0.031	0.652	0.02432381234	0.0118971455	ID	10000	A33	C2	10000	100	0	0.5	300	0
469	-0.00546562194200003	-0.0270235445	0	0.594	0.344	-0.00546562194200003	-0.0270235445	1	10000	A33	C2	10000	100	0	0.5	300	0.01
470	-0.0047790898465	-0.0268042745	0	0.615	0.339	-0.0047790898465	-0.0268042745	FGr	10000	A33	C2	10000	100	0	0.5	300	0.01
471	-0.004894375513	-0.028055924	0	0.639	0.32	-0.004894375513	-0.028055924	NoCorrection	10000	A33	C2	10000	100	0	0.5	300	0.01
472	-0.00556024827000004	-0.024339717	0	0.583	0.392	-0.00556024827000004	-0.024339717	ID	10000	A33	C2	10000	100	0	0.5	300	0.01
473	-0.00704020147999999	0.00303053049999996	0	0.506	0.921	-0.00704020147999999	0.00303053049999996	1	10000	A33	C2	10000	100	0	0.5	300	0.03
474	-0.00633439917099999	0.00109822350000001	0	0.56	0.966	-0.00633439917099999	0.00109822350000001	FGr	10000	A33	C2	10000	100	0	0.5	300	0.03
475	-0.00619058239949998	0.0081203005	0	0.583	0.782	-0.00619058239949998	0.0081203005	NoCorrection	10000	A33	C2	10000	100	0	0.5	300	0.03
476	-0.00715841892	0.00853282749999999	0	0.519	0.774	-0.00715841892	0.00853282749999999	ID	10000	A33	C2	10000	100	0	0.5	300	0.03
477	0.003923675935	0.0155312055	0	0.743	0.577	0.003923675935	0.0155312055	1	10000	A33	C2	10000	100	0	0.5	300	0.1
478	0.00608181164000001	-0.031504471	0	0.601	0.301	0.00608181164000001	-0.031504471	FGr	10000	A33	C2	10000	100	0	0.5	300	0.1
479	0.00629495631499999	-0.0291074425	0	0.566	0.335	0.00629495631499999	-0.0291074425	NoCorrection	10000	A33	C2	10000	100	0	0.5	300	0.1
480	0.00376910052330502	0.015625294	0	0.739	0.583	0.00376910052330502	0.015625294	ID	10000	A33	C2	10000	100	0	0.5	300	0.1
481	-0.00517721435850001	-0.0051772143585	0	0.471	0.463	-0.00517721435850001	-0.0051772143585	1	300	A33	C2	10000	1000	0	0.5	300	0
482	-0.00498699771150001	-0.00498699771150001	0	0.48	0.477	-0.00498699771150001	-0.00498699771150001	FGr	300	A33	C2	10000	1000	0	0.5	300	0
483	-0.00490847220200001	-0.00490847220200001	0	0.498	0.507	-0.00490847220200001	-0.00490847220200001	NoCorrection	300	A33	C2	10000	1000	0	0.5	300	0
484	-0.005156113696	-0.005156113696	0	0.483	0.488	-0.005156113696	-0.005156113696	ID	300	A33	C2	10000	1000	0	0.5	300	0
485	0.0120085693766	0.0120085693766	0	0.098	0.089	0.0120085693766	0.0120085693766	1	300	A33	C2	10000	1000	0	0.5	300	0.01
486	0.014836125006	0.014836125006	0	0.04	0.032	0.014836125006	0.014836125006	FGr	300	A33	C2	10000	1000	0	0.5	300	0.01
487	0.014740992981	0.014740992981	0	0.046	0.049	0.014740992981	0.014740992981	NoCorrection	300	A33	C2	10000	1000	0	0.5	300	0.01
488	0.0136146245835	0.0136146245835	0	0.049	0.058	0.0136146245835	0.0136146245835	ID	300	A33	C2	10000	1000	0	0.5	300	0.01
489	0.01048538521085	0.01048538521085	0	0.099	0.086	0.01048538521085	0.01048538521085	1	300	A33	C2	10000	1000	0	0.5	300	0.03
490	0.0105863685829	0.0105863685829	0	0.08	0.085	0.0105863685829	0.0105863685829	FGr	300	A33	C2	10000	1000	0	0.5	300	0.03
491	0.010540846807	0.010540846807	0	0.09	0.08	0.010540846807	0.010540846807	NoCorrection	300	A33	C2	10000	1000	0	0.5	300	0.03
492	0.01132444268965	0.01132444268965	0	0.062	0.074	0.01132444268965	0.01132444268965	ID	300	A33	C2	10000	1000	0	0.5	300	0.03
493	-0.01877122442355	-0.01877122442355	0	0.012	0.012	-0.01877122442355	-0.01877122442355	1	300	A33	C2	10000	1000	0	0.5	300	0.1
494	-0.0215347594690001	-0.021534759469	0	0.01	0.004	-0.0215347594690001	-0.021534759469	FGr	300	A33	C2	10000	1000	0	0.5	300	0.1
495	-0.0215207136933999	-0.0215207136933999	0	0.005	0.009	-0.0215207136933999	-0.0215207136933999	NoCorrection	300	A33	C2	10000	1000	0	0.5	300	0.1
496	-0.0188450427327	-0.0188450427327	0	0.009	0.014	-0.0188450427327	-0.0188450427327	ID	300	A33	C2	10000	1000	0	0.5	300	0.1
497	0.0037092171334	0.014702276	0	0.579	0.18	0.0037092171334	0.014702276	1	1000	A33	C2	10000	1000	0	0.5	300	0
498	0.0030895305466	0.0163456931	0	0.613	0.155	0.0030895305466	0.0163456931	FGr	1000	A33	C2	10000	1000	0	0.5	300	0
499	0.00305235806955001	0.01578285335	0	0.668	0.165	0.00305235806955001	0.01578285335	NoCorrection	1000	A33	C2	10000	1000	0	0.5	300	0
500	0.00311784621995	0.01631971305	0	0.635	0.129	0.00311784621995	0.01631971305	ID	1000	A33	C2	10000	1000	0	0.5	300	0
501	-0.00172945918415	0.000316777249999975	0	0.781	0.965	-0.00172945918415	0.000316777249999975	1	1000	A33	C2	10000	1000	0	0.5	300	0.01
502	-0.00142627079265	0.000572192700000016	0	0.834	0.961	-0.00142627079265	0.000572192700000016	FGr	1000	A33	C2	10000	1000	0	0.5	300	0.01
503	-0.00141354120889999	0.00057659645	0	0.824	0.955	-0.00141354120889999	0.00057659645	NoCorrection	1000	A33	C2	10000	1000	0	0.5	300	0.01
504	-0.00183573720655	0.000260571900000023	0	0.77	0.981	-0.00183573720655	0.000260571900000023	ID	1000	A33	C2	10000	1000	0	0.5	300	0.01
505	-0.00312132136403	-0.0020358059	0	0.627	0.848	-0.00312132136403	-0.0020358059	1	1000	A33	C2	10000	1000	0	0.5	300	0.03
506	-0.00167510107299998	-0.00348177575	0	0.791	0.727	-0.00167510107299998	-0.00348177575	FGr	1000	A33	C2	10000	1000	0	0.5	300	0.03
507	-0.00165684344800003	-0.00301378725000001	0	0.797	0.792	-0.00165684344800003	-0.00301378725000001	NoCorrection	1000	A33	C2	10000	1000	0	0.5	300	0.03
508	-0.00300471474795708	-0.00220671245	0	0.665	0.836	-0.00300471474795708	-0.00220671245	ID	1000	A33	C2	10000	1000	0	0.5	300	0.03
509	-0.000821746981000017	-0.00998004184999999	0	0.902	0.368	-0.000821746981000017	-0.00998004184999999	1	1000	A33	C2	10000	1000	0	0.5	300	0.1
510	0.00148805080999998	-0.0146670105499999	0	0.856	0.199	0.00148805080999998	-0.0146670105499999	FGr	1000	A33	C2	10000	1000	0	0.5	300	0.1
511	0.00146557684049998	-0.01465503665	0	0.845	0.236	0.00146557684049998	-0.01465503665	NoCorrection	1000	A33	C2	10000	1000	0	0.5	300	0.1
512	-0.00039491396974998	-0.01144252975	0	0.943	0.302	-0.00039491396974998	-0.01144252975	ID	1000	A33	C2	10000	1000	0	0.5	300	0.1
513	0.00245749337940004	0.00190241229999998	0	0.724	0.92	0.00245749337940004	0.00190241229999998	1	10000	A33	C2	10000	1000	0	0.5	300	0
514	0.00245747487540001	0.00148142579999999	0	0.702	0.912	0.00245747487540001	0.00148142579999999	FGr	10000	A33	C2	10000	1000	0	0.5	300	0
515	0.00242453891539999	0.000836938450000007	0	0.717	0.957	0.00242453891539999	0.000836938450000007	NoCorrection	10000	A33	C2	10000	1000	0	0.5	300	0
516	0.00243901463641003	0.00326340155000002	0	0.733	0.868	0.00243901463641003	0.00326340155000002	ID	10000	A33	C2	10000	1000	0	0.5	300	0
517	-0.00342763573655	-0.00727226769999995	0	0.573	0.661	-0.00342763573655	-0.00727226769999995	1	10000	A33	C2	10000	1000	0	0.5	300	0.01
518	-0.0032765148955	0.00516902655000004	0	0.59	0.731	-0.0032765148955	0.00516902655000004	FGr	10000	A33	C2	10000	1000	0	0.5	300	0.01
519	-0.00324987994800001	0.0051460682	0	0.609	0.751	-0.00324987994800001	0.0051460682	NoCorrection	10000	A33	C2	10000	1000	0	0.5	300	0.01
520	-0.00344922180899999	-0.00874432554999992	0	0.584	0.622	-0.00344922180899999	-0.00874432554999992	ID	10000	A33	C2	10000	1000	0	0.5	300	0.01
521	0.00530452852715	0.0250024193	0	0.368	0.132	0.00530452852715	0.0250024193	1	10000	A33	C2	10000	1000	0	0.5	300	0.03
522	0.00561890264499999	0.0138068053000001	0	0.362	0.37	0.00561890264499999	0.0138068053000001	FGr	10000	A33	C2	10000	1000	0	0.5	300	0.03
523	0.00558708548649999	0.01331714875	0	0.345	0.385	0.00558708548649999	0.01331714875	NoCorrection	10000	A33	C2	10000	1000	0	0.5	300	0.03
524	0.00528160634819997	0.0262770504	0	0.383	0.108	0.00528160634819997	0.0262770504	ID	10000	A33	C2	10000	1000	0	0.5	300	0.03
525	0.0019660809138825	-0.0231330894	0	0.702	0.148	0.0019660809138825	-0.0231330894	1	10000	A33	C2	10000	1000	0	0.5	300	0.1
526	0.00258287988550004	-0.011310281	0	0.687	0.513	0.00258287988550004	-0.011310281	FGr	10000	A33	C2	10000	1000	0	0.5	300	0.1
527	0.00256401093800001	-0.0117376794500001	0	0.666	0.47	0.00256401093800001	-0.0117376794500001	NoCorrection	10000	A33	C2	10000	1000	0	0.5	300	0.1
528	0.00191863330814999	-0.02237205705	0	0.738	0.166	0.00191863330814999	-0.02237205705	ID	10000	A33	C2	10000	1000	0	0.5	300	0.1
529	0.01262352674708	0.01262352674708	0	0.105	0.103	0.01262352674708	0.01262352674708	1	300	A33	C2	10000	10000	0	0.5	300	0
530	0.01124238438305	0.01124238438305	0	0.147	0.126	0.01124238438305	0.01124238438305	FGr	300	A33	C2	10000	10000	0	0.5	300	0
531	0.0112430992655999	0.0112430992655999	0	0.156	0.133	0.0112430992655999	0.0112430992655999	NoCorrection	300	A33	C2	10000	10000	0	0.5	300	0
532	0.0118472185109499	0.0118472185109498	0	0.132	0.115	0.0118472185109499	0.0118472185109498	ID	300	A33	C2	10000	10000	0	0.5	300	0
533	-0.00708162826486499	-0.00708162826486499	0	0.314	0.289	-0.00708162826486499	-0.00708162826486499	1	300	A33	C2	10000	10000	0	0.5	300	0.01
534	-0.00599168566704499	-0.00599168566704499	0	0.36	0.359	-0.00599168566704499	-0.00599168566704499	FGr	300	A33	C2	10000	10000	0	0.5	300	0.01
535	-0.00600566281004001	-0.00600566281004001	0	0.352	0.369	-0.00600566281004001	-0.00600566281004001	NoCorrection	300	A33	C2	10000	10000	0	0.5	300	0.01
536	-0.006611880957955	-0.006611880957955	0	0.314	0.296	-0.006611880957955	-0.006611880957955	ID	300	A33	C2	10000	10000	0	0.5	300	0.01
537	0.00662967932333009	0.00662967932333007	0	0.287	0.274	0.00662967932333009	0.00662967932333007	1	300	A33	C2	10000	10000	0	0.5	300	0.03
538	0.00645466286720003	0.00645466286720003	0	0.293	0.266	0.00645466286720003	0.00645466286720003	FGr	300	A33	C2	10000	10000	0	0.5	300	0.03
539	0.00645958633760007	0.00645958633760008	0	0.279	0.315	0.00645958633760007	0.00645958633760008	NoCorrection	300	A33	C2	10000	10000	0	0.5	300	0.03
540	0.00535671769410003	0.00535671769410002	0	0.413	0.357	0.00535671769410003	0.00535671769410002	ID	300	A33	C2	10000	10000	0	0.5	300	0.03
541	-0.0025415982218701	-0.0025415982218701	0	0.685	0.719	-0.0025415982218701	-0.0025415982218701	1	300	A33	C2	10000	10000	0	0.5	300	0.1
542	0.00114444741643006	0.00114444741643006	0	0.858	0.889	0.00114444741643006	0.00114444741643006	FGr	300	A33	C2	10000	10000	0	0.5	300	0.1
543	0.00115161578673006	0.00115161578673011	0	0.864	0.884	0.00115161578673006	0.00115161578673011	NoCorrection	300	A33	C2	10000	10000	0	0.5	300	0.1
544	-0.00286002233927006	-0.00286002233927004	0	0.654	0.653	-0.00286002233927006	-0.00286002233927004	ID	300	A33	C2	10000	10000	0	0.5	300	0.1
545	0.00524978739845494	0.0018060884950004	0	0.399	0.847	0.00524978739845494	0.0018060884950004	1	1000	A33	C2	10000	10000	0	0.5	300	0
546	0.00514134660764009	-0.000730269690000164	0	0.429	0.939	0.00514134660764009	-0.000730269690000164	FGr	1000	A33	C2	10000	10000	0	0.5	300	0
547	0.00514832538426009	-0.000546798809999758	0	0.437	0.963	0.00514832538426009	-0.000546798809999758	NoCorrection	1000	A33	C2	10000	10000	0	0.5	300	0
548	0.00517883208934997	-0.000823823250000292	0	0.38	0.929	0.00517883208934997	-0.000823823250000292	ID	1000	A33	C2	10000	10000	0	0.5	300	0
549	-0.000803928400159941	0.000177734274999964	0	0.907	0.981	-0.000803928400159941	0.000177734274999964	1	1000	A33	C2	10000	10000	0	0.5	300	0.01
550	-0.000763731047550021	-0.00297003073499999	0	0.902	0.77	-0.000763731047550021	-0.00297003073499999	FGr	1000	A33	C2	10000	10000	0	0.5	300	0.01
551	-0.0007725775663145	-0.00286017480500003	0	0.914	0.765	-0.0007725775663145	-0.00286017480500003	NoCorrection	1000	A33	C2	10000	10000	0	0.5	300	0.01
552	-0.0008105873396	-0.000941661780000049	0	0.912	0.941	-0.0008105873396	-0.000941661780000049	ID	1000	A33	C2	10000	10000	0	0.5	300	0.01
553	0.00132155216586983	-0.00293260092000012	0	0.831	0.784	0.00132155216586983	-0.00293260092000012	1	1000	A33	C2	10000	10000	0	0.5	300	0.03
554	0.00130401194540004	-0.000149554984999101	0	0.823	0.995	0.00130401194540004	-0.000149554984999101	FGr	1000	A33	C2	10000	10000	0	0.5	300	0.03
555	0.00131406648707984	-2.99742949998399e-05	0	0.833	0.998	0.00131406648707984	-2.99742949998399e-05	NoCorrection	1000	A33	C2	10000	10000	0	0.5	300	0.03
556	0.00132024969142483	0.000157284170000386	0	0.843	0.987	0.00132024969142483	0.000157284170000386	ID	1000	A33	C2	10000	10000	0	0.5	300	0.03
557	0.00108967044063008	0.000984489325000104	0	0.862	0.908	0.00108967044063008	0.000984489325000104	1	1000	A33	C2	10000	10000	0	0.5	300	0.1
558	0.00140268531044997	0.00195564800500003	0	0.816	0.838	0.00140268531044997	0.00195564800500003	FGr	1000	A33	C2	10000	10000	0	0.5	300	0.1
559	0.00141788788814987	0.00183328334499994	0	0.831	0.843	0.00141788788814987	0.00183328334499994	NoCorrection	1000	A33	C2	10000	10000	0	0.5	300	0.1
560	0.00124697711431506	0.00292151859499993	0	0.833	0.784	0.00124697711431506	0.00292151859499993	ID	1000	A33	C2	10000	10000	0	0.5	300	0.1
561	-0.00981731843552887	0.00713138864000028	0	0.149	0.639	-0.00981731843552887	0.00713138864000028	1	10000	A33	C2	10000	10000	0	0.5	300	0
562	-0.00971992712174494	0.00597062156500059	0	0.145	0.711	-0.00971992712174494	0.00597062156500059	FGr	10000	A33	C2	10000	10000	0	0.5	300	0
563	-0.00966861395807497	0.00533689388500026	0	0.161	0.731	-0.00966861395807497	0.00533689388500026	NoCorrection	10000	A33	C2	10000	10000	0	0.5	300	0
564	-0.00980141616687006	0.00795198180500001	0	0.134	0.59	-0.00980141616687006	0.00795198180500001	ID	10000	A33	C2	10000	10000	0	0.5	300	0
565	0.00505730193807489	-0.0207767713	0	0.44	0.176	0.00505730193807489	-0.0207767713	1	10000	A33	C2	10000	10000	0	0.5	300	0.01
566	0.00519548209071012	-0.01730110323	0	0.413	0.227	0.00519548209071012	-0.01730110323	FGr	10000	A33	C2	10000	10000	0	0.5	300	0.01
567	0.00519802539911526	-0.0210465477999999	0	0.394	0.177	0.00519802539911526	-0.0210465477999999	NoCorrection	10000	A33	C2	10000	10000	0	0.5	300	0.01
568	0.00507044585874999	-0.02056196275	0	0.443	0.193	0.00507044585874999	-0.02056196275	ID	10000	A33	C2	10000	10000	0	0.5	300	0.01
569	-0.00778381885050297	0.00111553257000002	0	0.17	0.946	-0.00778381885050297	0.00111553257000002	1	10000	A33	C2	10000	10000	0	0.5	300	0.03
570	-0.00783781086159497	-0.00244863717499999	0	0.192	0.852	-0.00783781086159497	-0.00244863717499999	FGr	10000	A33	C2	10000	10000	0	0.5	300	0.03
571	-0.00786556892575001	-0.00313435358	0	0.212	0.848	-0.00786556892575001	-0.00313435358	NoCorrection	10000	A33	C2	10000	10000	0	0.5	300	0.03
572	-0.00780004723410004	0.00153882951500005	0	0.161	0.923	-0.00780004723410004	0.00153882951500005	ID	10000	A33	C2	10000	10000	0	0.5	300	0.03
573	0.00790967283569998	-0.0123267964200001	0	0.197	0.388	0.00790967283569998	-0.0123267964200001	1	10000	A33	C2	10000	10000	0	0.5	300	0.1
574	0.00750863676624996	-0.01829415281	0	0.277	0.233	0.00750863676624996	-0.01829415281	FGr	10000	A33	C2	10000	10000	0	0.5	300	0.1
575	0.00752719904389999	-0.0174876634700004	0	0.266	0.253	0.00752719904389999	-0.0174876634700004	NoCorrection	10000	A33	C2	10000	10000	0	0.5	300	0.1
576	0.00789959209459997	-0.0131288315650001	0	0.188	0.379	0.00789959209459997	-0.0131288315650001	ID	10000	A33	C2	10000	10000	0	0.5	300	0.1
