	c-q	nc-q	true-q	c-p	nc-p	c-bias	nc-bias	type	L	rep	config	gwas_size	test_size	h2	ts	num_causal	env
1	-0.00332521859999994	-0.0033252186	0	0.936	0.919	-0.00332521859999994	-0.0033252186	1	300	A42	C1	1000	100	0	0.5	300	0
2	0.00112320316500004	0.00112320316499998	0	0.966	0.974	0.00112320316500004	0.00112320316499998	FGr	300	A42	C1	1000	100	0	0.5	300	0
3	0.0109054288199999	0.01090542882	0	0.752	0.754	0.0109054288199999	0.01090542882	NoCorrection	300	A42	C1	1000	100	0	0.5	300	0
4	0.000700562086000049	0.000700562086000045	0	0.988	0.984	0.000700562086000049	0.000700562086000045	ID	300	A42	C1	1000	100	0	0.5	300	0
5	-0.04716436194	-0.04716436194	0	0.276	0.257	-0.04716436194	-0.04716436194	1	300	A42	C1	1000	100	0	0.5	300	0.01
6	-0.05233393079	-0.05233393079	0	0.2	0.217	-0.05233393079	-0.05233393079	FGr	300	A42	C1	1000	100	0	0.5	300	0.01
7	-0.054896220655	-0.054896220655	0	0.186	0.169	-0.054896220655	-0.054896220655	NoCorrection	300	A42	C1	1000	100	0	0.5	300	0.01
8	-0.05289348243	-0.0528934824300001	0	0.189	0.183	-0.05289348243	-0.0528934824300001	ID	300	A42	C1	1000	100	0	0.5	300	0.01
9	0.03730892625	0.03730892625	0	0.351	0.351	0.03730892625	0.03730892625	1	300	A42	C1	1000	100	0	0.5	300	0.03
10	0.02952106824	0.02952106824	0	0.456	0.467	0.02952106824	0.02952106824	FGr	300	A42	C1	1000	100	0	0.5	300	0.03
11	0.02440337335	0.0244033733499999	0	0.535	0.541	0.02440337335	0.0244033733499999	NoCorrection	300	A42	C1	1000	100	0	0.5	300	0.03
12	0.010288164805	0.010288164805	0	0.797	0.8	0.010288164805	0.010288164805	ID	300	A42	C1	1000	100	0	0.5	300	0.03
13	-0.04902663796	-0.04902663796	0	0.168	0.166	-0.04902663796	-0.04902663796	1	300	A42	C1	1000	100	0	0.5	300	0.1
14	-0.01107839652	-0.01107839652	0	0.745	0.754	-0.01107839652	-0.01107839652	FGr	300	A42	C1	1000	100	0	0.5	300	0.1
15	0.015230473211	0.015230473211	0	0.643	0.627	0.015230473211	0.015230473211	NoCorrection	300	A42	C1	1000	100	0	0.5	300	0.1
16	-0.050552918839	-0.050552918839	0	0.156	0.149	-0.050552918839	-0.050552918839	ID	300	A42	C1	1000	100	0	0.5	300	0.1
17	-0.100864278585	-0.10501326	0	0.015	0.118	-0.100864278585	-0.10501326	1	1000	A42	C1	1000	100	0	0.5	300	0
18	-0.0968415049	-0.102721108	0	0.019	0.133	-0.0968415049	-0.102721108	FGr	1000	A42	C1	1000	100	0	0.5	300	0
19	-0.1267375001325	-0.191654326	0	0	0.001	-0.1267375001325	-0.191654326	NoCorrection	1000	A42	C1	1000	100	0	0.5	300	0
20	-0.097853920295	-0.106411652	0	0.018	0.103	-0.097853920295	-0.106411652	ID	1000	A42	C1	1000	100	0	0.5	300	0
21	-0.00420222097999996	0.041079278	0	0.922	0.566	-0.00420222097999996	0.041079278	1	1000	A42	C1	1000	100	0	0.5	300	0.01
22	-0.000876416414000008	0.0383294590000001	0	0.974	0.557	-0.000876416414000008	0.0383294590000001	FGr	1000	A42	C1	1000	100	0	0.5	300	0.01
23	-0.00514155104999996	0.0411423885	0	0.899	0.544	-0.00514155104999996	0.0411423885	NoCorrection	1000	A42	C1	1000	100	0	0.5	300	0.01
24	-0.0047317720800001	0.0406285445	0	0.9	0.559	-0.0047317720800001	0.0406285445	ID	1000	A42	C1	1000	100	0	0.5	300	0.01
25	-0.0973633634100001	-0.2267710025	0	0.014	0	-0.0973633634100001	-0.2267710025	1	1000	A42	C1	1000	100	0	0.5	300	0.03
26	-0.04900324506	-0.102298639	0	0.215	0.103	-0.04900324506	-0.102298639	FGr	1000	A42	C1	1000	100	0	0.5	300	0.03
27	-0.06394177914	-0.1361193785	0	0.108	0.032	-0.06394177914	-0.1361193785	NoCorrection	1000	A42	C1	1000	100	0	0.5	300	0.03
28	-0.0811163898896	-0.1747520835	0	0.04	0.005	-0.0811163898896	-0.1747520835	ID	1000	A42	C1	1000	100	0	0.5	300	0.03
29	0.0576543768599999	0.028757833	0	0.187	0.692	0.0576543768599999	0.028757833	1	1000	A42	C1	1000	100	0	0.5	300	0.1
30	0.03505789439	-0.0300521265000001	0	0.429	0.695	0.03505789439	-0.0300521265000001	FGr	1000	A42	C1	1000	100	0	0.5	300	0.1
31	0.01244878492	-0.080197028	0	0.779	0.28	0.01244878492	-0.080197028	NoCorrection	1000	A42	C1	1000	100	0	0.5	300	0.1
32	0.06126089632	0.0359609015	0	0.138	0.644	0.06126089632	0.0359609015	ID	1000	A42	C1	1000	100	0	0.5	300	0.1
33	-0.0270787679	0.182393189	0	0.471	0.067	-0.0270787679	0.182393189	1	10000	A42	C1	1000	100	0	0.5	300	0
34	-0.0323319561	0.144808681	0	0.379	0.149	-0.0323319561	0.144808681	FGr	10000	A42	C1	1000	100	0	0.5	300	0
35	-0.0489863080235	-0.05265502	0	0.162	0.598	-0.0489863080235	-0.05265502	NoCorrection	10000	A42	C1	1000	100	0	0.5	300	0
36	-0.028567755034	0.175626015	0	0.457	0.056	-0.028567755034	0.175626015	ID	10000	A42	C1	1000	100	0	0.5	300	0
37	-0.03208907915	-0.047717025	0	0.394	0.625	-0.03208907915	-0.047717025	1	10000	A42	C1	1000	100	0	0.5	300	0.01
38	-0.03307423635	-0.051809533	0	0.38	0.619	-0.03307423635	-0.051809533	FGr	10000	A42	C1	1000	100	0	0.5	300	0.01
39	-0.03531593333	-0.04863249	0	0.327	0.62	-0.03531593333	-0.04863249	NoCorrection	10000	A42	C1	1000	100	0	0.5	300	0.01
40	-0.03332520755	-0.0515472275	0	0.368	0.587	-0.03332520755	-0.0515472275	ID	10000	A42	C1	1000	100	0	0.5	300	0.01
41	-0.035173954045	0.0198173445	0	0.301	0.862	-0.035173954045	0.0198173445	1	10000	A42	C1	1000	100	0	0.5	300	0.03
42	-0.0418517598050001	-0.0213608429999999	0	0.237	0.832	-0.0418517598050001	-0.0213608429999999	FGr	10000	A42	C1	1000	100	0	0.5	300	0.03
43	-0.027793068405	0.0669530115	0	0.43	0.499	-0.027793068405	0.0669530115	NoCorrection	10000	A42	C1	1000	100	0	0.5	300	0.03
44	-0.03541534497	0.00549835900000003	0	0.322	0.964	-0.03541534497	0.00549835900000003	ID	10000	A42	C1	1000	100	0	0.5	300	0.03
45	0.00217356807500005	-0.00143331300000001	0	0.951	0.983	0.00217356807500005	-0.00143331300000001	1	10000	A42	C1	1000	100	0	0.5	300	0.1
46	0.00286216531300002	-0.0155852055	0	0.93	0.87	0.00286216531300002	-0.0155852055	FGr	10000	A42	C1	1000	100	0	0.5	300	0.1
47	0.022589051026	0.0741164915	0	0.521	0.453	0.022589051026	0.0741164915	NoCorrection	10000	A42	C1	1000	100	0	0.5	300	0.1
48	0.00326637726749995	0.000948063500000013	0	0.926	0.996	0.00326637726749995	0.000948063500000013	ID	10000	A42	C1	1000	100	0	0.5	300	0.1
49	-0.0128722397899999	-0.0128722397899999	0	0.63	0.632	-0.0128722397899999	-0.0128722397899999	1	300	A42	C1	1000	1000	0	0.5	300	0
50	-0.01081395872	-0.0108139587200001	0	0.69	0.694	-0.01081395872	-0.0108139587200001	FGr	300	A42	C1	1000	1000	0	0.5	300	0
51	-0.0147957038920002	-0.014795703892	0	0.573	0.572	-0.0147957038920002	-0.014795703892	NoCorrection	300	A42	C1	1000	1000	0	0.5	300	0
52	-0.0265857682774998	-0.0265857682774998	0	0.35	0.313	-0.0265857682774998	-0.0265857682774998	ID	300	A42	C1	1000	1000	0	0.5	300	0
53	-0.065489438371	-0.065489438371	0	0.029	0.021	-0.065489438371	-0.065489438371	1	300	A42	C1	1000	1000	0	0.5	300	0.01
54	-0.0409181003755	-0.0409181003755	0	0.159	0.153	-0.0409181003755	-0.0409181003755	FGr	300	A42	C1	1000	1000	0	0.5	300	0.01
55	-0.0370931209415	-0.0370931209415	0	0.166	0.204	-0.0370931209415	-0.0370931209415	NoCorrection	300	A42	C1	1000	1000	0	0.5	300	0.01
56	-0.0476741616615	-0.0476741616615	0	0.102	0.095	-0.0476741616615	-0.0476741616615	ID	300	A42	C1	1000	1000	0	0.5	300	0.01
57	-0.00093062724605004	-0.000930627246049922	0	0.97	0.967	-0.00093062724605004	-0.000930627246049922	1	300	A42	C1	1000	1000	0	0.5	300	0.03
58	0.0255467130724999	0.0255467130725	0	0.265	0.295	0.0255467130724999	0.0255467130725	FGr	300	A42	C1	1000	1000	0	0.5	300	0.03
59	0.0264117944775001	0.0264117944775002	0	0.261	0.26	0.0264117944775001	0.0264117944775002	NoCorrection	300	A42	C1	1000	1000	0	0.5	300	0.03
60	0.0192897946135	0.0192897946135	0	0.427	0.387	0.0192897946135	0.0192897946135	ID	300	A42	C1	1000	1000	0	0.5	300	0.03
61	0.0160225784549999	0.0160225784549999	0	0.562	0.561	0.0160225784549999	0.0160225784549999	1	300	A42	C1	1000	1000	0	0.5	300	0.1
62	0.0455317028458002	0.0455317028458001	0	0.072	0.081	0.0455317028458002	0.0455317028458001	FGr	300	A42	C1	1000	1000	0	0.5	300	0.1
63	0.0520457827764599	0.0520457827764599	0	0.047	0.038	0.0520457827764599	0.0520457827764599	NoCorrection	300	A42	C1	1000	1000	0	0.5	300	0.1
64	0.00270057379550003	0.0027005737955001	0	0.912	0.913	0.00270057379550003	0.0027005737955001	ID	300	A42	C1	1000	1000	0	0.5	300	0.1
65	-0.0496579879735001	-0.0356111826000003	0	0.086	0.448	-0.0496579879735001	-0.0356111826000003	1	1000	A42	C1	1000	1000	0	0.5	300	0
66	-0.0168860658899999	0.0550567364	0	0.556	0.214	-0.0168860658899999	0.0550567364	FGr	1000	A42	C1	1000	1000	0	0.5	300	0
67	-0.00922137075999988	0.0725332469000001	0	0.737	0.118	-0.00922137075999988	0.0725332469000001	NoCorrection	1000	A42	C1	1000	1000	0	0.5	300	0
68	-0.044386405415	-0.0247307930499997	0	0.131	0.593	-0.044386405415	-0.0247307930499997	ID	1000	A42	C1	1000	1000	0	0.5	300	0
69	0.0114644390110001	-0.00431338485000016	0	0.701	0.921	0.0114644390110001	-0.00431338485000016	1	1000	A42	C1	1000	1000	0	0.5	300	0.01
70	0.012038054266	-0.000934918449999711	0	0.696	0.984	0.012038054266	-0.000934918449999711	FGr	1000	A42	C1	1000	1000	0	0.5	300	0.01
71	0.00524000482549989	-0.0144655220000002	0	0.849	0.763	0.00524000482549989	-0.0144655220000002	NoCorrection	1000	A42	C1	1000	1000	0	0.5	300	0.01
72	0.0104330929259999	-0.00544060014999999	0	0.719	0.898	0.0104330929259999	-0.00544060014999999	ID	1000	A42	C1	1000	1000	0	0.5	300	0.01
73	0.0324067202300001	0.0161202005	0	0.243	0.754	0.0324067202300001	0.0161202005	1	1000	A42	C1	1000	1000	0	0.5	300	0.03
74	0.030133778988	0.00696946139999999	0	0.256	0.882	0.030133778988	0.00696946139999999	FGr	1000	A42	C1	1000	1000	0	0.5	300	0.03
75	0.0605086789280001	0.08278847595	0	0.026	0.067	0.0605086789280001	0.08278847595	NoCorrection	1000	A42	C1	1000	1000	0	0.5	300	0.03
76	0.027903256344	0.0043964004500001	0	0.268	0.943	0.027903256344	0.0043964004500001	ID	1000	A42	C1	1000	1000	0	0.5	300	0.03
77	-0.00167087276900006	-0.000238584700000176	0	0.958	0.993	-0.00167087276900006	-0.000238584700000176	1	1000	A42	C1	1000	1000	0	0.5	300	0.1
78	0.026120893465	0.0859444866500003	0	0.344	0.044	0.026120893465	0.0859444866500003	FGr	1000	A42	C1	1000	1000	0	0.5	300	0.1
79	0.0255754440215	0.0846670423500002	0	0.345	0.05	0.0255754440215	0.0846670423500002	NoCorrection	1000	A42	C1	1000	1000	0	0.5	300	0.1
80	0.0146016995999	0.04814360935	0	0.609	0.266	0.0146016995999	0.04814360935	ID	1000	A42	C1	1000	1000	0	0.5	300	0.1
81	-0.018070793396	-0.02248047155	0	0.483	0.754	-0.018070793396	-0.02248047155	1	10000	A42	C1	1000	1000	0	0.5	300	0
82	-0.0151854142885	-0.00617845160000004	0	0.525	0.925	-0.0151854142885	-0.00617845160000004	FGr	10000	A42	C1	1000	1000	0	0.5	300	0
83	-0.018853684191	-0.0338244732500002	0	0.484	0.645	-0.018853684191	-0.0338244732500002	NoCorrection	10000	A42	C1	1000	1000	0	0.5	300	0
84	-0.0194814524286	-0.03355872235	0	0.439	0.624	-0.0194814524286	-0.03355872235	ID	10000	A42	C1	1000	1000	0	0.5	300	0
85	0.0217986828015003	-0.07381118835	0	0.452	0.277	0.0217986828015003	-0.07381118835	1	10000	A42	C1	1000	1000	0	0.5	300	0.01
86	0.0279516326614998	-0.00447483640000001	0	0.323	0.939	0.0279516326614998	-0.00447483640000001	FGr	10000	A42	C1	1000	1000	0	0.5	300	0.01
87	0.0446065310740002	0.1593455485	0	0.126	0.017	0.0446065310740002	0.1593455485	NoCorrection	10000	A42	C1	1000	1000	0	0.5	300	0.01
88	0.0260117863340003	-0.0244187736499999	0	0.389	0.739	0.0260117863340003	-0.0244187736499999	ID	10000	A42	C1	1000	1000	0	0.5	300	0.01
89	0.0329202124999999	-0.0401573809000005	0	0.289	0.58	0.0329202124999999	-0.0401573809000005	1	10000	A42	C1	1000	1000	0	0.5	300	0.03
90	0.0434074061049998	0.0348246587499995	0	0.129	0.595	0.0434074061049998	0.0348246587499995	FGr	10000	A42	C1	1000	1000	0	0.5	300	0.03
91	0.0328259054749999	-0.0407937780500003	0	0.254	0.553	0.0328259054749999	-0.0407937780500003	NoCorrection	10000	A42	C1	1000	1000	0	0.5	300	0.03
92	0.0357159683499999	-0.0136973618000003	0	0.23	0.844	0.0357159683499999	-0.0136973618000003	ID	10000	A42	C1	1000	1000	0	0.5	300	0.03
93	0.0394837153310001	0.0243357132499999	0	0.204	0.726	0.0394837153310001	0.0243357132499999	1	10000	A42	C1	1000	1000	0	0.5	300	0.1
94	0.0424884011849999	0.0406201347999997	0	0.134	0.56	0.0424884011849999	0.0406201347999997	FGr	10000	A42	C1	1000	1000	0	0.5	300	0.1
95	0.0500522056019999	0.1203225361	0	0.079	0.078	0.0500522056019999	0.1203225361	NoCorrection	10000	A42	C1	1000	1000	0	0.5	300	0.1
96	0.03826289791	0.0185995468499999	0	0.218	0.791	0.03826289791	0.0185995468499999	ID	10000	A42	C1	1000	1000	0	0.5	300	0.1
97	-0.00374866958050024	-0.00374866958050026	0	0.85	0.863	-0.00374866958050024	-0.00374866958050026	1	300	A42	C1	1000	10000	0	0.5	300	0
98	-0.0177926617909998	-0.0177926617909999	0	0.38	0.355	-0.0177926617909998	-0.0177926617909999	FGr	300	A42	C1	1000	10000	0	0.5	300	0
99	-0.0238421786132997	-0.0238421786132997	0	0.252	0.221	-0.0238421786132997	-0.0238421786132997	NoCorrection	300	A42	C1	1000	10000	0	0.5	300	0
100	0.00168774626810008	0.0016877462681001	0	0.948	0.948	0.00168774626810008	0.0016877462681001	ID	300	A42	C1	1000	10000	0	0.5	300	0
101	0.0177823301599497	0.0177823301599497	0	0.43	0.414	0.0177823301599497	0.0177823301599497	1	300	A42	C1	1000	10000	0	0.5	300	0.01
102	0.0368891556916001	0.0368891556916002	0	0.09	0.096	0.0368891556916001	0.0368891556916002	FGr	300	A42	C1	1000	10000	0	0.5	300	0.01
103	0.0341942897139	0.0341942897138999	0	0.123	0.135	0.0341942897139	0.0341942897138999	NoCorrection	300	A42	C1	1000	10000	0	0.5	300	0.01
104	0.0337271128646749	0.0337271128646749	0	0.113	0.132	0.0337271128646749	0.0337271128646749	ID	300	A42	C1	1000	10000	0	0.5	300	0.01
105	-0.0107471765746003	-0.0107471765746003	0	0.635	0.651	-0.0107471765746003	-0.0107471765746003	1	300	A42	C1	1000	10000	0	0.5	300	0.03
106	0.0075979553645999	0.00759795536459992	0	0.761	0.739	0.0075979553645999	0.00759795536459992	FGr	300	A42	C1	1000	10000	0	0.5	300	0.03
107	0.0146089333645002	0.0146089333645002	0	0.508	0.538	0.0146089333645002	0.0146089333645002	NoCorrection	300	A42	C1	1000	10000	0	0.5	300	0.03
108	-0.0205527691476007	-0.0205527691476006	0	0.388	0.378	-0.0205527691476007	-0.0205527691476006	ID	300	A42	C1	1000	10000	0	0.5	300	0.03
109	0.00860497857513009	0.00860497857512997	0	0.732	0.727	0.00860497857513009	0.00860497857512997	1	300	A42	C1	1000	10000	0	0.5	300	0.1
110	0.00725376066499963	0.00725376066499956	0	0.733	0.746	0.00725376066499963	0.00725376066499956	FGr	300	A42	C1	1000	10000	0	0.5	300	0.1
111	0.0193811815764501	0.0193811815764501	0	0.429	0.406	0.0193811815764501	0.0193811815764501	NoCorrection	300	A42	C1	1000	10000	0	0.5	300	0.1
112	-0.000374109185200391	-0.000374109185200541	0	0.985	0.985	-0.000374109185200391	-0.000374109185200541	ID	300	A42	C1	1000	10000	0	0.5	300	0.1
113	0.01260327685599	-0.00378791465000025	0	0.653	0.929	0.01260327685599	-0.00378791465000025	1	1000	A42	C1	1000	10000	0	0.5	300	0
114	0.0182746739348	0.0115882121249998	0	0.518	0.76	0.0182746739348	0.0115882121249998	FGr	1000	A42	C1	1000	10000	0	0.5	300	0
115	0.0343299880408	0.0734390645549995	0	0.169	0.083	0.0343299880408	0.0734390645549995	NoCorrection	1000	A42	C1	1000	10000	0	0.5	300	0
116	0.02039449522848	0.0191184224650001	0	0.417	0.662	0.02039449522848	0.0191184224650001	ID	1000	A42	C1	1000	10000	0	0.5	300	0
117	-0.022858798185175	0.023520551995	0	0.327	0.546	-0.022858798185175	0.023520551995	1	1000	A42	C1	1000	10000	0	0.5	300	0.01
118	-0.01461341591485	0.0439268971049999	0	0.533	0.285	-0.01461341591485	0.0439268971049999	FGr	1000	A42	C1	1000	10000	0	0.5	300	0.01
119	0.0125774317727401	0.129519718835	0	0.583	0.001	0.0125774317727401	0.129519718835	NoCorrection	1000	A42	C1	1000	10000	0	0.5	300	0.01
120	-0.01825092031486	0.03641826723	0	0.411	0.393	-0.01825092031486	0.03641826723	ID	1000	A42	C1	1000	10000	0	0.5	300	0.01
121	-0.0016853711363001	-0.09713804481	0	0.945	0.038	-0.0016853711363001	-0.09713804481	1	1000	A42	C1	1000	10000	0	0.5	300	0.03
122	-0.00956024337399957	-0.1305038967	0	0.729	0.01	-0.00956024337399957	-0.1305038967	FGr	1000	A42	C1	1000	10000	0	0.5	300	0.03
123	0.0151041103490549	-0.0355131583549998	0	0.578	0.438	0.0151041103490549	-0.0355131583549998	NoCorrection	1000	A42	C1	1000	10000	0	0.5	300	0.03
124	-0.00830379199019956	-0.12779542557	0	0.77	0.005	-0.00830379199019956	-0.12779542557	ID	1000	A42	C1	1000	10000	0	0.5	300	0.03
125	0.00649264755736996	0.03739597633	0	0.84	0.414	0.00649264755736996	0.03739597633	1	1000	A42	C1	1000	10000	0	0.5	300	0.1
126	0.0111647424848002	0.0552164982100001	0	0.688	0.223	0.0111647424848002	0.0552164982100001	FGr	1000	A42	C1	1000	10000	0	0.5	300	0.1
127	0.00702583774596002	0.036662428915	0	0.797	0.411	0.00702583774596002	0.036662428915	NoCorrection	1000	A42	C1	1000	10000	0	0.5	300	0.1
128	0.0109027196137001	0.053864450595	0	0.712	0.23	0.0109027196137001	0.053864450595	ID	1000	A42	C1	1000	10000	0	0.5	300	0.1
129	-0.01537653736376	-0.043534603055	0	0.581	0.509	-0.01537653736376	-0.043534603055	1	10000	A42	C1	1000	10000	0	0.5	300	0
130	-0.00796827859356514	-0.0226370216500001	0	0.765	0.729	-0.00796827859356514	-0.0226370216500001	FGr	10000	A42	C1	1000	10000	0	0.5	300	0
131	-0.0313256161406	-0.138562415375	0	0.251	0.044	-0.0313256161406	-0.138562415375	NoCorrection	10000	A42	C1	1000	10000	0	0.5	300	0
132	-0.01419820226116	-0.0428327079000003	0	0.593	0.536	-0.01419820226116	-0.0428327079000003	ID	10000	A42	C1	1000	10000	0	0.5	300	0
133	-0.00832371835340003	-0.00138553076000127	0	0.773	0.972	-0.00832371835340003	-0.00138553076000127	1	10000	A42	C1	1000	10000	0	0.5	300	0.01
134	-0.0123348122837	-0.0121755198600015	0	0.644	0.842	-0.0123348122837	-0.0121755198600015	FGr	10000	A42	C1	1000	10000	0	0.5	300	0.01
135	0.025170472006	0.22157164443	0	0.354	0	0.025170472006	0.22157164443	NoCorrection	10000	A42	C1	1000	10000	0	0.5	300	0.01
136	-0.0134356632109999	-0.0314335417999993	0	0.615	0.617	-0.0134356632109999	-0.0314335417999993	ID	10000	A42	C1	1000	10000	0	0.5	300	0.01
137	-0.00413604546464977	0.0370065288900003	0	0.899	0.583	-0.00413604546464977	0.0370065288900003	1	10000	A42	C1	1000	10000	0	0.5	300	0.03
138	-0.01175053541995	-0.0408615038549995	0	0.662	0.548	-0.01175053541995	-0.0408615038549995	FGr	10000	A42	C1	1000	10000	0	0.5	300	0.03
139	0.0140905842554	0.202276286220001	0	0.576	0.005	0.0140905842554	0.202276286220001	NoCorrection	10000	A42	C1	1000	10000	0	0.5	300	0.03
140	-0.00688285952655047	0.0103722097450009	0	0.8	0.891	-0.00688285952655047	0.0103722097450009	ID	10000	A42	C1	1000	10000	0	0.5	300	0.03
141	-0.0262165698055009	-0.00611931565500005	0	0.334	0.92	-0.0262165698055009	-0.00611931565500005	1	10000	A42	C1	1000	10000	0	0.5	300	0.1
142	-0.0143831093113798	0.067681692815	0	0.589	0.312	-0.0143831093113798	0.067681692815	FGr	10000	A42	C1	1000	10000	0	0.5	300	0.1
143	0.0293588064849502	0.36079470636	0	0.292	0	0.0293588064849502	0.36079470636	NoCorrection	10000	A42	C1	1000	10000	0	0.5	300	0.1
144	-0.0287698817645252	-0.0219156410250003	0	0.282	0.753	-0.0287698817645252	-0.0219156410250003	ID	10000	A42	C1	1000	10000	0	0.5	300	0.1
145	-0.018620024955	-0.018620024955	0	0.145	0.139	-0.018620024955	-0.018620024955	1	300	A42	C1	10000	100	0	0.5	300	0
146	-0.01464055385866	-0.01464055385866	0	0.257	0.232	-0.01464055385866	-0.01464055385866	FGr	300	A42	C1	10000	100	0	0.5	300	0
147	-0.014426490956	-0.014426490956	0	0.224	0.233	-0.014426490956	-0.014426490956	NoCorrection	300	A42	C1	10000	100	0	0.5	300	0
148	-0.012807817886	-0.012807817886	0	0.282	0.306	-0.012807817886	-0.012807817886	ID	300	A42	C1	10000	100	0	0.5	300	0
149	-0.02961775328	-0.02961775328	0	0.007	0.009	-0.02961775328	-0.02961775328	1	300	A42	C1	10000	100	0	0.5	300	0.01
150	-0.02656591888	-0.02656591888	0	0.013	0.02	-0.02656591888	-0.02656591888	FGr	300	A42	C1	10000	100	0	0.5	300	0.01
151	-0.024246775067	-0.024246775067	0	0.025	0.027	-0.024246775067	-0.024246775067	NoCorrection	300	A42	C1	10000	100	0	0.5	300	0.01
152	-0.03148077551	-0.03148077551	0	0.005	0.005	-0.03148077551	-0.03148077551	ID	300	A42	C1	10000	100	0	0.5	300	0.01
153	0.00868604840849999	0.0086860484085	0	0.415	0.445	0.00868604840849999	0.0086860484085	1	300	A42	C1	10000	100	0	0.5	300	0.03
154	0.012557931035	0.012557931035	0	0.271	0.251	0.012557931035	0.012557931035	FGr	300	A42	C1	10000	100	0	0.5	300	0.03
155	0.011314309475	0.011314309475	0	0.31	0.285	0.011314309475	0.011314309475	NoCorrection	300	A42	C1	10000	100	0	0.5	300	0.03
156	0.010951824344	0.010951824344	0	0.334	0.31	0.010951824344	0.010951824344	ID	300	A42	C1	10000	100	0	0.5	300	0.03
157	0.00892090769199999	0.008920907692	0	0.457	0.483	0.00892090769199999	0.008920907692	1	300	A42	C1	10000	100	0	0.5	300	0.1
158	0.021738385115	0.021738385115	0	0.093	0.098	0.021738385115	0.021738385115	FGr	300	A42	C1	10000	100	0	0.5	300	0.1
159	0.025405280255	0.025405280255	0	0.055	0.049	0.025405280255	0.025405280255	NoCorrection	300	A42	C1	10000	100	0	0.5	300	0.1
160	0.012200863382	0.012200863382	0	0.33	0.344	0.012200863382	0.012200863382	ID	300	A42	C1	10000	100	0	0.5	300	0.1
161	-0.00173234396499999	-0.00624010500000002	0	0.858	0.715	-0.00173234396499999	-0.00624010500000002	1	1000	A42	C1	10000	100	0	0.5	300	0
162	-0.00375144755000001	-0.0121838765	0	0.738	0.53	-0.00375144755000001	-0.0121838765	FGr	1000	A42	C1	10000	100	0	0.5	300	0
163	-0.007303903035	-0.021246688	0	0.555	0.264	-0.007303903035	-0.021246688	NoCorrection	1000	A42	C1	10000	100	0	0.5	300	0
164	0.000522067460500002	0.000883124000000015	0	0.953	0.966	0.000522067460500002	0.000883124000000015	ID	1000	A42	C1	10000	100	0	0.5	300	0
165	-0.00920634779650002	-0.014313326	0	0.393	0.384	-0.00920634779650002	-0.014313326	1	1000	A42	C1	10000	100	0	0.5	300	0.01
166	0.00227210254599999	0.0197708725	0	0.83	0.291	0.00227210254599999	0.0197708725	FGr	1000	A42	C1	10000	100	0	0.5	300	0.01
167	0.00279164266750003	0.0218628380000001	0	0.808	0.216	0.00279164266750003	0.0218628380000001	NoCorrection	1000	A42	C1	10000	100	0	0.5	300	0.01
168	-0.00639964184150001	-0.00674824150000001	0	0.541	0.722	-0.00639964184150001	-0.00674824150000001	ID	1000	A42	C1	10000	100	0	0.5	300	0.01
169	0.0120691531055	-0.0254490975	0	0.25	0.191	0.0120691531055	-0.0254490975	1	1000	A42	C1	10000	100	0	0.5	300	0.03
170	0.01349459847	-0.024728199	0	0.239	0.213	0.01349459847	-0.024728199	FGr	1000	A42	C1	10000	100	0	0.5	300	0.03
171	0.01671771997	-0.009402721	0	0.121	0.631	0.01671771997	-0.009402721	NoCorrection	1000	A42	C1	10000	100	0	0.5	300	0.03
172	0.013754352015	-0.0244244775	0	0.204	0.204	0.013754352015	-0.0244244775	ID	1000	A42	C1	10000	100	0	0.5	300	0.03
173	0.00964204101	0.022725679	0	0.434	0.258	0.00964204101	0.022725679	1	1000	A42	C1	10000	100	0	0.5	300	0.1
174	0.032396412354	0.084637384	0	0.017	0	0.032396412354	0.084637384	FGr	1000	A42	C1	10000	100	0	0.5	300	0.1
175	0.04402592376	0.125570888	0	0.002	0	0.04402592376	0.125570888	NoCorrection	1000	A42	C1	10000	100	0	0.5	300	0.1
176	0.0127999088	0.02738556	0	0.279	0.154	0.0127999088	0.02738556	ID	1000	A42	C1	10000	100	0	0.5	300	0.1
177	-0.00676174734	-0.010789197	0	0.58	0.7	-0.00676174734	-0.010789197	1	10000	A42	C1	10000	100	0	0.5	300	0
178	-0.00489223131650001	-0.00360545700000002	0	0.713	0.912	-0.00489223131650001	-0.00360545700000002	FGr	10000	A42	C1	10000	100	0	0.5	300	0
179	0.006286916505	0.101001354	0	0.607	0.001	0.006286916505	0.101001354	NoCorrection	10000	A42	C1	10000	100	0	0.5	300	0
180	-0.00597451050650001	-0.00507933649999999	0	0.613	0.863	-0.00597451050650001	-0.00507933649999999	ID	10000	A42	C1	10000	100	0	0.5	300	0
181	0.00725306194849999	0.0279366035	0	0.626	0.354	0.00725306194849999	0.0279366035	1	10000	A42	C1	10000	100	0	0.5	300	0.01
182	0.00834219969900001	0.0377760085	0	0.538	0.252	0.00834219969900001	0.0377760085	FGr	10000	A42	C1	10000	100	0	0.5	300	0.01
183	0.00397906972349999	-0.0010707855	0	0.785	0.97	0.00397906972349999	-0.0010707855	NoCorrection	10000	A42	C1	10000	100	0	0.5	300	0.01
184	0.0077052417407	0.0310279985	0	0.586	0.36	0.0077052417407	0.0310279985	ID	10000	A42	C1	10000	100	0	0.5	300	0.01
185	0.01960880744	0.00805880199999999	0	0.101	0.8	0.01960880744	0.00805880199999999	1	10000	A42	C1	10000	100	0	0.5	300	0.03
186	0.020740330875	0.0188400605	0	0.091	0.541	0.020740330875	0.0188400605	FGr	10000	A42	C1	10000	100	0	0.5	300	0.03
187	0.023435750841	0.032462708	0	0.039	0.282	0.023435750841	0.032462708	NoCorrection	10000	A42	C1	10000	100	0	0.5	300	0.03
188	0.01942052704	0.00788813050000002	0	0.105	0.784	0.01942052704	0.00788813050000002	ID	10000	A42	C1	10000	100	0	0.5	300	0.03
189	-0.00108248882500001	0.00814780200000006	0	0.942	0.81	-0.00108248882500001	0.00814780200000006	1	10000	A42	C1	10000	100	0	0.5	300	0.1
190	-0.00279907559499999	-0.00663354950000002	0	0.855	0.854	-0.00279907559499999	-0.00663354950000002	FGr	10000	A42	C1	10000	100	0	0.5	300	0.1
191	0.027322629054	0.1734087045	0	0.096	0	0.027322629054	0.1734087045	NoCorrection	10000	A42	C1	10000	100	0	0.5	300	0.1
192	-0.00202057495999999	0.00340287100000001	0	0.901	0.921	-0.00202057495999999	0.00340287100000001	ID	10000	A42	C1	10000	100	0	0.5	300	0.1
193	0.0080552798545	0.0080552798545	0	0.356	0.356	0.0080552798545	0.0080552798545	1	300	A42	C1	10000	1000	0	0.5	300	0
194	-0.00248067579445	-0.00248067579444999	0	0.776	0.789	-0.00248067579445	-0.00248067579444999	FGr	300	A42	C1	10000	1000	0	0.5	300	0
195	0.00226603883649999	0.00226603883649998	0	0.783	0.822	0.00226603883649999	0.00226603883649998	NoCorrection	300	A42	C1	10000	1000	0	0.5	300	0
196	0.0085797269753	0.0085797269753	0	0.317	0.303	0.0085797269753	0.0085797269753	ID	300	A42	C1	10000	1000	0	0.5	300	0
197	-0.0083014426776	-0.0083014426776	0	0.284	0.287	-0.0083014426776	-0.0083014426776	1	300	A42	C1	10000	1000	0	0.5	300	0.01
198	0.0016880545992	0.00168805459919999	0	0.793	0.836	0.0016880545992	0.00168805459919999	FGr	300	A42	C1	10000	1000	0	0.5	300	0.01
199	-0.002779873531245	-0.002779873531245	0	0.719	0.728	-0.002779873531245	-0.002779873531245	NoCorrection	300	A42	C1	10000	1000	0	0.5	300	0.01
200	-0.0053271415524	-0.0053271415524	0	0.474	0.486	-0.0053271415524	-0.0053271415524	ID	300	A42	C1	10000	1000	0	0.5	300	0.01
201	0.00799106925940001	0.00799106925939999	0	0.373	0.362	0.00799106925940001	0.00799106925939999	1	300	A42	C1	10000	1000	0	0.5	300	0.03
202	0.0109000519732	0.0109000519732	0	0.208	0.236	0.0109000519732	0.0109000519732	FGr	300	A42	C1	10000	1000	0	0.5	300	0.03
203	0.01631227028009	0.01631227028009	0	0.069	0.068	0.01631227028009	0.01631227028009	NoCorrection	300	A42	C1	10000	1000	0	0.5	300	0.03
204	0.00434198225289999	0.0043419822529	0	0.648	0.626	0.00434198225289999	0.0043419822529	ID	300	A42	C1	10000	1000	0	0.5	300	0.03
205	0.0253283406706501	0.02532834067065	0	0.01	0.012	0.0253283406706501	0.02532834067065	1	300	A42	C1	10000	1000	0	0.5	300	0.1
206	0.037361592292	0.037361592292	0	0	0	0.037361592292	0.037361592292	FGr	300	A42	C1	10000	1000	0	0.5	300	0.1
207	0.0508400738413	0.0508400738413	0	0	0	0.0508400738413	0.0508400738413	NoCorrection	300	A42	C1	10000	1000	0	0.5	300	0.1
208	0.026446792323	0.026446792323	0	0.011	0.004	0.026446792323	0.026446792323	ID	300	A42	C1	10000	1000	0	0.5	300	0.1
209	-0.0034323517711	-0.02376305125	0	0.701	0.082	-0.0034323517711	-0.02376305125	1	1000	A42	C1	10000	1000	0	0.5	300	0
210	-0.00314291863885	-0.02338814965	0	0.739	0.097	-0.00314291863885	-0.02338814965	FGr	1000	A42	C1	10000	1000	0	0.5	300	0
211	0.000747533848049998	-0.01122100755	0	0.938	0.418	0.000747533848049998	-0.01122100755	NoCorrection	1000	A42	C1	10000	1000	0	0.5	300	0
212	-0.002784915707	-0.02260810685	0	0.76	0.102	-0.002784915707	-0.02260810685	ID	1000	A42	C1	10000	1000	0	0.5	300	0
213	0.00346637815170002	0.00439177724999995	0	0.705	0.758	0.00346637815170002	0.00439177724999995	1	1000	A42	C1	10000	1000	0	0.5	300	0.01
214	0.000983763284050015	0.000819755850000024	0	0.937	0.962	0.000983763284050015	0.000819755850000024	FGr	1000	A42	C1	10000	1000	0	0.5	300	0.01
215	0.00941615588879998	0.0187774349	0	0.33	0.181	0.00941615588879998	0.0187774349	NoCorrection	1000	A42	C1	10000	1000	0	0.5	300	0.01
216	-0.000206921590999974	-0.00212522129999985	0	0.986	0.864	-0.000206921590999974	-0.00212522129999985	ID	1000	A42	C1	10000	1000	0	0.5	300	0.01
217	0.009692389022	-0.00442900345000003	0	0.233	0.728	0.009692389022	-0.00442900345000003	1	1000	A42	C1	10000	1000	0	0.5	300	0.03
218	0.0177250154558999	0.010522122	0	0.023	0.436	0.0177250154558999	0.010522122	FGr	1000	A42	C1	10000	1000	0	0.5	300	0.03
219	0.0256920392417	0.02934576135	0	0	0.03	0.0256920392417	0.02934576135	NoCorrection	1000	A42	C1	10000	1000	0	0.5	300	0.03
220	0.0107526559413	-0.00129710029999998	0	0.176	0.927	0.0107526559413	-0.00129710029999998	ID	1000	A42	C1	10000	1000	0	0.5	300	0.03
221	-0.01430061467185	0.00668651409999996	0	0.079	0.621	-0.01430061467185	0.00668651409999996	1	1000	A42	C1	10000	1000	0	0.5	300	0.1
222	-0.00528421849900002	0.0350154596499999	0	0.504	0.013	-0.00528421849900002	0.0350154596499999	FGr	1000	A42	C1	10000	1000	0	0.5	300	0.1
223	0.02022849795875	0.0971830360499999	0	0.012	0	0.02022849795875	0.0971830360499999	NoCorrection	1000	A42	C1	10000	1000	0	0.5	300	0.1
224	-0.01550048951145	0.00425397055000003	0	0.074	0.773	-0.01550048951145	0.00425397055000003	ID	1000	A42	C1	10000	1000	0	0.5	300	0.1
225	-0.00681637390050003	-0.0273657439	0	0.443	0.199	-0.00681637390050003	-0.0273657439	1	10000	A42	C1	10000	1000	0	0.5	300	0
226	-0.00836791733449999	-0.0322936317	0	0.315	0.131	-0.00836791733449999	-0.0322936317	FGr	10000	A42	C1	10000	1000	0	0.5	300	0
227	-0.00397361878700003	-0.00290686379999995	0	0.605	0.887	-0.00397361878700003	-0.00290686379999995	NoCorrection	10000	A42	C1	10000	1000	0	0.5	300	0
228	-0.00849697074550006	-0.0324275062500001	0	0.314	0.137	-0.00849697074550006	-0.0324275062500001	ID	10000	A42	C1	10000	1000	0	0.5	300	0
229	-0.00920081013200002	0.0070776345000001	0	0.23	0.79	-0.00920081013200002	0.0070776345000001	1	10000	A42	C1	10000	1000	0	0.5	300	0.01
230	-0.00640966883689997	0.0254031912	0	0.435	0.256	-0.00640966883689997	0.0254031912	FGr	10000	A42	C1	10000	1000	0	0.5	300	0.01
231	-0.00699650831400002	0.01886852715	0	0.371	0.455	-0.00699650831400002	0.01886852715	NoCorrection	10000	A42	C1	10000	1000	0	0.5	300	0.01
232	-0.00907579558	0.00719932945000005	0	0.259	0.731	-0.00907579558	0.00719932945000005	ID	10000	A42	C1	10000	1000	0	0.5	300	0.01
233	-0.00284198544500001	0.01474127625	0	0.74	0.523	-0.00284198544500001	0.01474127625	1	10000	A42	C1	10000	1000	0	0.5	300	0.03
234	-0.00205936521539999	0.02000075715	0	0.791	0.362	-0.00205936521539999	0.02000075715	FGr	10000	A42	C1	10000	1000	0	0.5	300	0.03
235	-0.00652189521549998	-0.01350532835	0	0.413	0.556	-0.00652189521549998	-0.01350532835	NoCorrection	10000	A42	C1	10000	1000	0	0.5	300	0.03
236	-0.00188176870563999	0.0201891218	0	0.822	0.363	-0.00188176870563999	0.0201891218	ID	10000	A42	C1	10000	1000	0	0.5	300	0.03
237	-0.00513864938914999	0.00851958830000001	0	0.571	0.682	-0.00513864938914999	0.00851958830000001	1	10000	A42	C1	10000	1000	0	0.5	300	0.1
238	-0.00544665069009998	0.00585946430000001	0	0.516	0.788	-0.00544665069009998	0.00585946430000001	FGr	10000	A42	C1	10000	1000	0	0.5	300	0.1
239	0.0249384156635151	0.15647736865	0	0.001	0	0.0249384156635151	0.15647736865	NoCorrection	10000	A42	C1	10000	1000	0	0.5	300	0.1
240	-0.00410225208809997	0.012509778	0	0.613	0.564	-0.00410225208809997	0.012509778	ID	10000	A42	C1	10000	1000	0	0.5	300	0.1
241	0.000587023031249965	0.000587023031249971	0	0.947	0.952	0.000587023031249965	0.000587023031249971	1	300	A42	C1	10000	10000	0	0.5	300	0
242	0.01461539549786	0.01461539549786	0	0.096	0.087	0.01461539549786	0.01461539549786	FGr	300	A42	C1	10000	10000	0	0.5	300	0
243	0.01072472265405	0.01072472265405	0	0.204	0.184	0.01072472265405	0.01072472265405	NoCorrection	300	A42	C1	10000	10000	0	0.5	300	0
244	0.008314016249865	0.008314016249865	0	0.318	0.328	0.008314016249865	0.008314016249865	ID	300	A42	C1	10000	10000	0	0.5	300	0
245	0.004275656410325	0.00427565641032499	0	0.602	0.606	0.004275656410325	0.00427565641032499	1	300	A42	C1	10000	10000	0	0.5	300	0.01
246	0.01232660703175	0.01232660703175	0	0.152	0.137	0.01232660703175	0.01232660703175	FGr	300	A42	C1	10000	10000	0	0.5	300	0.01
247	0.014923791977805	0.014923791977805	0	0.076	0.066	0.014923791977805	0.014923791977805	NoCorrection	300	A42	C1	10000	10000	0	0.5	300	0.01
248	0.000786647143740001	0.000786647143740001	0	0.927	0.916	0.000786647143740001	0.000786647143740001	ID	300	A42	C1	10000	10000	0	0.5	300	0.01
249	0.000211699479730062	0.00021169947973006	0	0.978	0.972	0.000211699479730062	0.00021169947973006	1	300	A42	C1	10000	10000	0	0.5	300	0.03
250	0.0134591051118149	0.0134591051118149	0	0.074	0.07	0.0134591051118149	0.0134591051118149	FGr	300	A42	C1	10000	10000	0	0.5	300	0.03
251	0.01902314527085	0.01902314527085	0	0.014	0.01	0.01902314527085	0.01902314527085	NoCorrection	300	A42	C1	10000	10000	0	0.5	300	0.03
252	-0.000684070014349974	-0.000684070014349979	0	0.92	0.933	-0.000684070014349974	-0.000684070014349979	ID	300	A42	C1	10000	10000	0	0.5	300	0.03
253	0.00211520172248992	0.00211520172248993	0	0.777	0.797	0.00211520172248992	0.00211520172248993	1	300	A42	C1	10000	10000	0	0.5	300	0.1
254	0.0288672629671999	0.0288672629671999	0	0	0.001	0.0288672629671999	0.0288672629671999	FGr	300	A42	C1	10000	10000	0	0.5	300	0.1
255	0.04597735126373	0.04597735126373	0	0	0.001	0.04597735126373	0.04597735126373	NoCorrection	300	A42	C1	10000	10000	0	0.5	300	0.1
256	0.00837441755309002	0.00837441755309002	0	0.299	0.29	0.00837441755309002	0.00837441755309002	ID	300	A42	C1	10000	10000	0	0.5	300	0.1
257	-0.00939320419209991	-0.00447185495000005	0	0.317	0.755	-0.00939320419209991	-0.00447185495000005	1	1000	A42	C1	10000	10000	0	0.5	300	0
258	-0.00392624891477518	0.005365713095	0	0.656	0.697	-0.00392624891477518	0.005365713095	FGr	1000	A42	C1	10000	10000	0	0.5	300	0
259	0.000199830840394624	0.0162252031799998	0	0.985	0.225	0.000199830840394624	0.0162252031799998	NoCorrection	1000	A42	C1	10000	10000	0	0.5	300	0
260	-0.00622923099747025	0.00257475432500014	0	0.492	0.862	-0.00622923099747025	0.00257475432500014	ID	1000	A42	C1	10000	10000	0	0.5	300	0
261	-0.00283656676854998	-0.00385246039499976	0	0.766	0.757	-0.00283656676854998	-0.00385246039499976	1	1000	A42	C1	10000	10000	0	0.5	300	0.01
262	-0.00235871749822502	-0.00285511616000002	0	0.795	0.802	-0.00235871749822502	-0.00285511616000002	FGr	1000	A42	C1	10000	10000	0	0.5	300	0.01
263	0.00513754908405996	0.010106319095	0	0.567	0.418	0.00513754908405996	0.010106319095	NoCorrection	1000	A42	C1	10000	10000	0	0.5	300	0.01
264	-0.000833638038245019	0.00124395028000027	0	0.935	0.918	-0.000833638038245019	0.00124395028000027	ID	1000	A42	C1	10000	10000	0	0.5	300	0.01
265	0.014524536420024	-0.000888334570000096	0	0.084	0.951	0.014524536420024	-0.000888334570000096	1	1000	A42	C1	10000	10000	0	0.5	300	0.03
266	0.016227190125196	0.00361246677499997	0	0.054	0.808	0.016227190125196	0.00361246677499997	FGr	1000	A42	C1	10000	10000	0	0.5	300	0.03
267	0.026175070246	0.024388901275	0	0.002	0.079	0.026175070246	0.024388901275	NoCorrection	1000	A42	C1	10000	10000	0	0.5	300	0.03
268	0.015187856687575	0.00022971652000005	0	0.067	0.988	0.015187856687575	0.00022971652000005	ID	1000	A42	C1	10000	10000	0	0.5	300	0.03
269	-0.00920024206774999	-0.00921158871	0	0.261	0.468	-0.00920024206774999	-0.00921158871	1	1000	A42	C1	10000	10000	0	0.5	300	0.1
270	0.00620490190246016	0.0179492576000003	0	0.434	0.172	0.00620490190246016	0.0179492576000003	FGr	1000	A42	C1	10000	10000	0	0.5	300	0.1
271	0.03202875204645	0.0717472662	0	0	0	0.03202875204645	0.0717472662	NoCorrection	1000	A42	C1	10000	10000	0	0.5	300	0.1
272	-0.00985602205647985	-0.0114636066750003	0	0.205	0.378	-0.00985602205647985	-0.0114636066750003	ID	1000	A42	C1	10000	10000	0	0.5	300	0.1
273	-0.00826498344655001	-0.033427228705001	0	0.373	0.113	-0.00826498344655001	-0.033427228705001	1	10000	A42	C1	10000	10000	0	0.5	300	0
274	-0.00703534543749992	-0.0173723046550007	0	0.443	0.42	-0.00703534543749992	-0.0173723046550007	FGr	10000	A42	C1	10000	10000	0	0.5	300	0
275	-0.00781236589809998	-0.0243090998200005	0	0.384	0.257	-0.00781236589809998	-0.0243090998200005	NoCorrection	10000	A42	C1	10000	10000	0	0.5	300	0
276	-0.00807555123814984	-0.0313739649600003	0	0.368	0.123	-0.00807555123814984	-0.0313739649600003	ID	10000	A42	C1	10000	10000	0	0.5	300	0
277	0.00809799126620001	0.0155742021349994	0	0.273	0.454	0.00809799126620001	0.0155742021349994	1	10000	A42	C1	10000	10000	0	0.5	300	0.01
278	0.00844731260067497	0.0170815590250006	0	0.277	0.444	0.00844731260067497	0.0170815590250006	FGr	10000	A42	C1	10000	10000	0	0.5	300	0.01
279	0.0171459015613	0.0739208062249996	0	0.031	0	0.0171459015613	0.0739208062249996	NoCorrection	10000	A42	C1	10000	10000	0	0.5	300	0.01
280	0.00797471481395001	0.0151162206049993	0	0.295	0.472	0.00797471481395001	0.0151162206049993	ID	10000	A42	C1	10000	10000	0	0.5	300	0.01
281	0.0147337468217298	0.0355349089699999	0	0.095	0.065	0.0147337468217298	0.0355349089699999	1	10000	A42	C1	10000	10000	0	0.5	300	0.03
282	0.0165010917394298	0.041120397675	0	0.07	0.034	0.0165010917394298	0.041120397675	FGr	10000	A42	C1	10000	10000	0	0.5	300	0.03
283	0.0209364079665998	0.060871893265	0	0.013	0.002	0.0209364079665998	0.060871893265	NoCorrection	10000	A42	C1	10000	10000	0	0.5	300	0.03
284	0.0151522952372502	0.03579134567	0	0.099	0.062	0.0151522952372502	0.03579134567	ID	10000	A42	C1	10000	10000	0	0.5	300	0.03
285	-0.0110290976054001	0.00368695803499984	0	0.251	0.86	-0.0110290976054001	0.00368695803499984	1	10000	A42	C1	10000	10000	0	0.5	300	0.1
286	-0.0109579021382499	0.00521895719000028	0	0.238	0.82	-0.0109579021382499	0.00521895719000028	FGr	10000	A42	C1	10000	10000	0	0.5	300	0.1
287	0.019731867187405	0.208016524185	0	0.03	0	0.019731867187405	0.208016524185	NoCorrection	10000	A42	C1	10000	10000	0	0.5	300	0.1
288	-0.0122376971782999	-0.000244506984999989	0	0.169	0.987	-0.0122376971782999	-0.000244506984999989	ID	10000	A42	C1	10000	10000	0	0.5	300	0.1
289	0.039581361393	0.039581361393	0	0.369	0.362	0.039581361393	0.039581361393	1	300	A42	C2	1000	100	0	0.5	300	0
290	0.042940530655	0.042940530655	0	0.312	0.302	0.042940530655	0.042940530655	FGr	300	A42	C2	1000	100	0	0.5	300	0
291	0.043057511381	0.043057511381	0	0.317	0.318	0.043057511381	0.043057511381	NoCorrection	300	A42	C2	1000	100	0	0.5	300	0
292	0.041279994126	0.041279994126	0	0.292	0.351	0.041279994126	0.041279994126	ID	300	A42	C2	1000	100	0	0.5	300	0
293	-0.054901601725	-0.054901601725	0	0.167	0.146	-0.054901601725	-0.054901601725	1	300	A42	C2	1000	100	0	0.5	300	0.01
294	-0.05317793264	-0.05317793264	0	0.18	0.188	-0.05317793264	-0.05317793264	FGr	300	A42	C2	1000	100	0	0.5	300	0.01
295	-0.05313967394	-0.05313967394	0	0.175	0.178	-0.05313967394	-0.05313967394	NoCorrection	300	A42	C2	1000	100	0	0.5	300	0.01
296	-0.0595282634155	-0.0595282634155	0	0.119	0.13	-0.0595282634155	-0.0595282634155	ID	300	A42	C2	1000	100	0	0.5	300	0.01
297	0.0218277115350001	0.0218277115350001	0	0.526	0.528	0.0218277115350001	0.0218277115350001	1	300	A42	C2	1000	100	0	0.5	300	0.03
298	0.018163411765	0.018163411765	0	0.57	0.606	0.018163411765	0.018163411765	FGr	300	A42	C2	1000	100	0	0.5	300	0.03
299	0.0179596588715	0.0179596588715	0	0.613	0.595	0.0179596588715	0.0179596588715	NoCorrection	300	A42	C2	1000	100	0	0.5	300	0.03
300	0.02462702615	0.0246270261500001	0	0.485	0.492	0.02462702615	0.0246270261500001	ID	300	A42	C2	1000	100	0	0.5	300	0.03
301	0.03375844647	0.03375844647	0	0.352	0.357	0.03375844647	0.03375844647	1	300	A42	C2	1000	100	0	0.5	300	0.1
302	0.035155214166	0.035155214166	0	0.319	0.32	0.035155214166	0.035155214166	FGr	300	A42	C2	1000	100	0	0.5	300	0.1
303	0.035082264332	0.035082264332	0	0.332	0.325	0.035082264332	0.035082264332	NoCorrection	300	A42	C2	1000	100	0	0.5	300	0.1
304	0.03249619366	0.03249619366	0	0.363	0.382	0.03249619366	0.03249619366	ID	300	A42	C2	1000	100	0	0.5	300	0.1
305	0.04019674082	0.0497416384999999	0	0.239	0.361	0.04019674082	0.0497416384999999	1	1000	A42	C2	1000	100	0	0.5	300	0
306	0.040494939136	0.0501616825	0	0.244	0.323	0.040494939136	0.0501616825	FGr	1000	A42	C2	1000	100	0	0.5	300	0
307	0.04000037967	0.0427562625	0	0.248	0.409	0.04000037967	0.0427562625	NoCorrection	1000	A42	C2	1000	100	0	0.5	300	0
308	0.04052722265	0.045889609	0	0.238	0.383	0.04052722265	0.045889609	ID	1000	A42	C2	1000	100	0	0.5	300	0
309	-0.01186926836	0.026673738	0	0.749	0.642	-0.01186926836	0.026673738	1	1000	A42	C2	1000	100	0	0.5	300	0.01
310	-0.010493507245	0.0358980345	0	0.753	0.495	-0.010493507245	0.0358980345	FGr	1000	A42	C2	1000	100	0	0.5	300	0.01
311	-0.010844184817	0.034963719	0	0.763	0.52	-0.010844184817	0.034963719	NoCorrection	1000	A42	C2	1000	100	0	0.5	300	0.01
312	-0.0133076852000001	0.02162451	0	0.718	0.693	-0.0133076852000001	0.02162451	ID	1000	A42	C2	1000	100	0	0.5	300	0.01
313	0.05938791351	0.0564255545	0	0.111	0.337	0.05938791351	0.0564255545	1	1000	A42	C2	1000	100	0	0.5	300	0.03
314	0.06229518956	0.0325827215	0	0.102	0.576	0.06229518956	0.0325827215	FGr	1000	A42	C2	1000	100	0	0.5	300	0.03
315	0.06191912661	0.0301620275	0	0.11	0.614	0.06191912661	0.0301620275	NoCorrection	1000	A42	C2	1000	100	0	0.5	300	0.03
316	0.06160273904	0.0308879290000001	0	0.111	0.61	0.06160273904	0.0308879290000001	ID	1000	A42	C2	1000	100	0	0.5	300	0.03
317	0.034466196285	0.038942116	0	0.422	0.473	0.034466196285	0.038942116	1	1000	A42	C2	1000	100	0	0.5	300	0.1
318	0.031261982522	0.023435332	0	0.443	0.674	0.031261982522	0.023435332	FGr	1000	A42	C2	1000	100	0	0.5	300	0.1
319	0.03103734462	0.0232443075	0	0.444	0.685	0.03103734462	0.0232443075	NoCorrection	1000	A42	C2	1000	100	0	0.5	300	0.1
320	0.034317284855	0.0221598885	0	0.409	0.651	0.034317284855	0.0221598885	ID	1000	A42	C2	1000	100	0	0.5	300	0.1
321	0.024192670122	-0.126549453	0	0.446	0.089	0.024192670122	-0.126549453	1	10000	A42	C2	1000	100	0	0.5	300	0
322	0.0225531518075	-0.1211107945	0	0.519	0.135	0.0225531518075	-0.1211107945	FGr	10000	A42	C2	1000	100	0	0.5	300	0
323	0.021534234455	-0.136529084	0	0.52	0.095	0.021534234455	-0.136529084	NoCorrection	10000	A42	C2	1000	100	0	0.5	300	0
324	0.02376717038	-0.1298631775	0	0.432	0.109	0.02376717038	-0.1298631775	ID	10000	A42	C2	1000	100	0	0.5	300	0
325	-0.0423892144744999	-0.058558802	0	0.222	0.514	-0.0423892144744999	-0.058558802	1	10000	A42	C2	1000	100	0	0.5	300	0.01
326	-0.0411577526225	-0.053945116	0	0.231	0.57	-0.0411577526225	-0.053945116	FGr	10000	A42	C2	1000	100	0	0.5	300	0.01
327	-0.0421272476045	-0.054825459	0	0.238	0.521	-0.0421272476045	-0.054825459	NoCorrection	10000	A42	C2	1000	100	0	0.5	300	0.01
328	-0.0423526244445	-0.0587029215	0	0.234	0.494	-0.0423526244445	-0.0587029215	ID	10000	A42	C2	1000	100	0	0.5	300	0.01
329	-0.036068488863	0.0959549700000001	0	0.306	0.322	-0.036068488863	0.0959549700000001	1	10000	A42	C2	1000	100	0	0.5	300	0.03
330	-0.03532042451	0.0895357949999999	0	0.294	0.34	-0.03532042451	0.0895357949999999	FGr	10000	A42	C2	1000	100	0	0.5	300	0.03
331	-0.03642067377	0.104620945	0	0.314	0.274	-0.03642067377	0.104620945	NoCorrection	10000	A42	C2	1000	100	0	0.5	300	0.03
332	-0.03596187192	0.09689108	0	0.3	0.323	-0.03596187192	0.09689108	ID	10000	A42	C2	1000	100	0	0.5	300	0.03
333	-0.0135552069	0.0511507579999999	0	0.67	0.561	-0.0135552069	0.0511507579999999	1	10000	A42	C2	1000	100	0	0.5	300	0.1
334	-0.014299214895	0.0473555639999999	0	0.696	0.572	-0.014299214895	0.0473555639999999	FGr	10000	A42	C2	1000	100	0	0.5	300	0.1
335	-0.014219164515	0.0486291925	0	0.659	0.56	-0.014219164515	0.0486291925	NoCorrection	10000	A42	C2	1000	100	0	0.5	300	0.1
336	-0.01369283355	0.037939171	0	0.661	0.654	-0.01369283355	0.037939171	ID	10000	A42	C2	1000	100	0	0.5	300	0.1
337	-0.00281803384005	-0.00281803384004999	0	0.883	0.89	-0.00281803384005	-0.00281803384004999	1	300	A42	C2	1000	1000	0	0.5	300	0
338	-0.00169486957000001	-0.00169486957000001	0	0.945	0.948	-0.00169486957000001	-0.00169486957000001	FGr	300	A42	C2	1000	1000	0	0.5	300	0
339	-0.0020268003674	-0.00202680036739999	0	0.94	0.929	-0.0020268003674	-0.00202680036739999	NoCorrection	300	A42	C2	1000	1000	0	0.5	300	0
340	-0.00301478804900002	-0.00301478804900001	0	0.9	0.893	-0.00301478804900002	-0.00301478804900001	ID	300	A42	C2	1000	1000	0	0.5	300	0
341	0.0144258358135	0.0144258358135	0	0.505	0.504	0.0144258358135	0.0144258358135	1	300	A42	C2	1000	1000	0	0.5	300	0.01
342	0.014928017627	0.014928017627	0	0.46	0.458	0.014928017627	0.014928017627	FGr	300	A42	C2	1000	1000	0	0.5	300	0.01
343	0.0141267457225	0.0141267457225	0	0.473	0.48	0.0141267457225	0.0141267457225	NoCorrection	300	A42	C2	1000	1000	0	0.5	300	0.01
344	0.0144167667325	0.0144167667325	0	0.498	0.487	0.0144167667325	0.0144167667325	ID	300	A42	C2	1000	1000	0	0.5	300	0.01
345	-0.015049643991	-0.0150496439910001	0	0.549	0.561	-0.015049643991	-0.0150496439910001	1	300	A42	C2	1000	1000	0	0.5	300	0.03
346	-0.01488935403045	-0.01488935403045	0	0.565	0.579	-0.01488935403045	-0.01488935403045	FGr	300	A42	C2	1000	1000	0	0.5	300	0.03
347	-0.0134897583086	-0.0134897583086	0	0.605	0.584	-0.0134897583086	-0.0134897583086	NoCorrection	300	A42	C2	1000	1000	0	0.5	300	0.03
348	-0.0133574550465	-0.0133574550465	0	0.585	0.6	-0.0133574550465	-0.0133574550465	ID	300	A42	C2	1000	1000	0	0.5	300	0.03
349	-0.0247867815479999	-0.0247867815479999	0	0.224	0.247	-0.0247867815479999	-0.0247867815479999	1	300	A42	C2	1000	1000	0	0.5	300	0.1
350	-0.0245505196725003	-0.0245505196725002	0	0.226	0.249	-0.0245505196725003	-0.0245505196725002	FGr	300	A42	C2	1000	1000	0	0.5	300	0.1
351	-0.02345913144956	-0.02345913144956	0	0.249	0.266	-0.02345913144956	-0.02345913144956	NoCorrection	300	A42	C2	1000	1000	0	0.5	300	0.1
352	-0.0239571690460001	-0.0239571690460001	0	0.239	0.263	-0.0239571690460001	-0.0239571690460001	ID	300	A42	C2	1000	1000	0	0.5	300	0.1
353	-0.026717098507	-0.0356066714499999	0	0.231	0.278	-0.026717098507	-0.0356066714499999	1	1000	A42	C2	1000	1000	0	0.5	300	0
354	-0.0243957979737699	-0.03306470245	0	0.243	0.324	-0.0243957979737699	-0.03306470245	FGr	1000	A42	C2	1000	1000	0	0.5	300	0
355	-0.023946843826	-0.0334485709000001	0	0.286	0.319	-0.023946843826	-0.0334485709000001	NoCorrection	1000	A42	C2	1000	1000	0	0.5	300	0
356	-0.0274380888850001	-0.0306939454	0	0.223	0.409	-0.0274380888850001	-0.0306939454	ID	1000	A42	C2	1000	1000	0	0.5	300	0
357	-0.0229713216210001	0.00832935960000013	0	0.186	0.787	-0.0229713216210001	0.00832935960000013	1	1000	A42	C2	1000	1000	0	0.5	300	0.01
358	-0.0263095778975	0.00736800009999995	0	0.135	0.779	-0.0263095778975	0.00736800009999995	FGr	1000	A42	C2	1000	1000	0	0.5	300	0.01
359	-0.0245562006809999	0.00341689399999994	0	0.165	0.901	-0.0245562006809999	0.00341689399999994	NoCorrection	1000	A42	C2	1000	1000	0	0.5	300	0.01
360	-0.0258293355989998	-0.00500629300000019	0	0.125	0.863	-0.0258293355989998	-0.00500629300000019	ID	1000	A42	C2	1000	1000	0	0.5	300	0.01
361	0.01762143509485	-0.0393668604000001	0	0.286	0.203	0.01762143509485	-0.0393668604000001	1	1000	A42	C2	1000	1000	0	0.5	300	0.03
362	0.0109097345265001	-0.0370178586000001	0	0.518	0.25	0.0109097345265001	-0.0370178586000001	FGr	1000	A42	C2	1000	1000	0	0.5	300	0.03
363	0.0105089890225	-0.0357383210499999	0	0.544	0.248	0.0105089890225	-0.0357383210499999	NoCorrection	1000	A42	C2	1000	1000	0	0.5	300	0.03
364	0.0129031544299999	-0.0316687288	0	0.439	0.334	0.0129031544299999	-0.0316687288	ID	1000	A42	C2	1000	1000	0	0.5	300	0.03
365	0.0161696473815	0.00533829354999999	0	0.442	0.87	0.0161696473815	0.00533829354999999	1	1000	A42	C2	1000	1000	0	0.5	300	0.1
366	0.01056733183	-0.00388941085000003	0	0.641	0.903	0.01056733183	-0.00388941085000003	FGr	1000	A42	C2	1000	1000	0	0.5	300	0.1
367	0.0106905325685	-0.00546441959999997	0	0.623	0.876	0.0106905325685	-0.00546441959999997	NoCorrection	1000	A42	C2	1000	1000	0	0.5	300	0.1
368	0.015729252615	0.00637356185000005	0	0.454	0.845	0.015729252615	0.00637356185000005	ID	1000	A42	C2	1000	1000	0	0.5	300	0.1
369	-0.02455958985765	-0.0211684674499999	0	0.245	0.667	-0.02455958985765	-0.0211684674499999	1	10000	A42	C2	1000	1000	0	0.5	300	0
370	-0.0229544453717	-0.0451715725	0	0.28	0.384	-0.0229544453717	-0.0451715725	FGr	10000	A42	C2	1000	1000	0	0.5	300	0
371	-0.0249231463376	-0.02920459905	0	0.24	0.571	-0.0249231463376	-0.02920459905	NoCorrection	10000	A42	C2	1000	1000	0	0.5	300	0
372	-0.02475460541245	-0.0209183036	0	0.216	0.66	-0.02475460541245	-0.0209183036	ID	10000	A42	C2	1000	1000	0	0.5	300	0
373	0.00829957456200021	0.07422583625	0	0.684	0.138	0.00829957456200021	0.07422583625	1	10000	A42	C2	1000	1000	0	0.5	300	0.01
374	0.00561010692350021	0.05568855665	0	0.768	0.257	0.00561010692350021	0.05568855665	FGr	10000	A42	C2	1000	1000	0	0.5	300	0.01
375	0.00782620516499977	0.0691422848	0	0.692	0.164	0.00782620516499977	0.0691422848	NoCorrection	10000	A42	C2	1000	1000	0	0.5	300	0.01
376	0.00832396889500023	0.07367045475	0	0.661	0.136	0.00832396889500023	0.07367045475	ID	10000	A42	C2	1000	1000	0	0.5	300	0.01
377	0.0348399687209999	0.0863945322	0	0.099	0.122	0.0348399687209999	0.0863945322	1	10000	A42	C2	1000	1000	0	0.5	300	0.03
378	0.0347653676825	0.1232209033	0	0.085	0.022	0.0347653676825	0.1232209033	FGr	10000	A42	C2	1000	1000	0	0.5	300	0.03
379	0.0352400410308	0.1206232254	0	0.092	0.027	0.0352400410308	0.1206232254	NoCorrection	10000	A42	C2	1000	1000	0	0.5	300	0.03
380	0.034836928668	0.091811034	0	0.088	0.105	0.034836928668	0.091811034	ID	10000	A42	C2	1000	1000	0	0.5	300	0.03
381	0.0138883238105	-0.00982008549999984	0	0.452	0.848	0.0138883238105	-0.00982008549999984	1	10000	A42	C2	1000	1000	0	0.5	300	0.1
382	0.0118123001184	-0.0400526551	0	0.508	0.454	0.0118123001184	-0.0400526551	FGr	10000	A42	C2	1000	1000	0	0.5	300	0.1
383	0.012544795037	-0.0484691488500001	0	0.504	0.379	0.012544795037	-0.0484691488500001	NoCorrection	10000	A42	C2	1000	1000	0	0.5	300	0.1
384	0.013922093812	-0.01286614795	0	0.449	0.8	0.013922093812	-0.01286614795	ID	10000	A42	C2	1000	1000	0	0.5	300	0.1
385	0.00824473616334998	0.00824473616334996	0	0.727	0.714	0.00824473616334998	0.00824473616334996	1	300	A42	C2	1000	10000	0	0.5	300	0
386	0.00891899086005006	0.00891899086005006	0	0.686	0.676	0.00891899086005006	0.00891899086005006	FGr	300	A42	C2	1000	10000	0	0.5	300	0
387	0.00922344846023511	0.00922344846023515	0	0.697	0.694	0.00922344846023511	0.00922344846023515	NoCorrection	300	A42	C2	1000	10000	0	0.5	300	0
388	0.00974475013454998	0.00974475013455	0	0.651	0.651	0.00974475013454998	0.00974475013455	ID	300	A42	C2	1000	10000	0	0.5	300	0
389	-0.015086251803	-0.015086251803	0	0.398	0.369	-0.015086251803	-0.015086251803	1	300	A42	C2	1000	10000	0	0.5	300	0.01
390	-0.014682798485625	-0.014682798485625	0	0.36	0.379	-0.014682798485625	-0.014682798485625	FGr	300	A42	C2	1000	10000	0	0.5	300	0.01
391	-0.014220859061665	-0.014220859061665	0	0.398	0.397	-0.014220859061665	-0.014220859061665	NoCorrection	300	A42	C2	1000	10000	0	0.5	300	0.01
392	-0.0144585649956	-0.0144585649956	0	0.412	0.386	-0.0144585649956	-0.0144585649956	ID	300	A42	C2	1000	10000	0	0.5	300	0.01
393	0.0153900094951499	0.0153900094951501	0	0.392	0.419	0.0153900094951499	0.0153900094951501	1	300	A42	C2	1000	10000	0	0.5	300	0.03
394	0.0151568032556998	0.0151568032556998	0	0.438	0.427	0.0151568032556998	0.0151568032556998	FGr	300	A42	C2	1000	10000	0	0.5	300	0.03
395	0.0157900598299995	0.0157900598299995	0	0.375	0.378	0.0157900598299995	0.0157900598299995	NoCorrection	300	A42	C2	1000	10000	0	0.5	300	0.03
396	0.0159292300902995	0.0159292300902995	0	0.392	0.37	0.0159292300902995	0.0159292300902995	ID	300	A42	C2	1000	10000	0	0.5	300	0.03
397	0.0039187970881096	0.00391879708810968	0	0.829	0.821	0.0039187970881096	0.00391879708810968	1	300	A42	C2	1000	10000	0	0.5	300	0.1
398	0.00266542526260046	0.00266542526260042	0	0.879	0.879	0.00266542526260046	0.00266542526260042	FGr	300	A42	C2	1000	10000	0	0.5	300	0.1
399	0.00240914504989933	0.00240914504989933	0	0.901	0.898	0.00240914504989933	0.00240914504989933	NoCorrection	300	A42	C2	1000	10000	0	0.5	300	0.1
400	0.00259099375490025	0.00259099375490038	0	0.898	0.885	0.00259099375490025	0.00259099375490038	ID	300	A42	C2	1000	10000	0	0.5	300	0.1
401	0.0193275756690947	-0.00129197182	0	0.29	0.97	0.0193275756690947	-0.00129197182	1	1000	A42	C2	1000	10000	0	0.5	300	0
402	0.0182237055897001	0.00170606934999995	0	0.295	0.96	0.0182237055897001	0.00170606934999995	FGr	1000	A42	C2	1000	10000	0	0.5	300	0
403	0.0183528096380004	0.00400719829499998	0	0.279	0.899	0.0183528096380004	0.00400719829499998	NoCorrection	1000	A42	C2	1000	10000	0	0.5	300	0
404	0.0193998907221901	-0.00100456877500004	0	0.327	0.975	0.0193998907221901	-0.00100456877500004	ID	1000	A42	C2	1000	10000	0	0.5	300	0
405	-0.0329121570710499	-0.00110735940999993	0	0.083	0.968	-0.0329121570710499	-0.00110735940999993	1	1000	A42	C2	1000	10000	0	0.5	300	0.01
406	-0.0315549817036	0.00133543590500009	0	0.072	0.968	-0.0315549817036	0.00133543590500009	FGr	1000	A42	C2	1000	10000	0	0.5	300	0.01
407	-0.0319418185911298	0.000864083615000425	0	0.095	0.976	-0.0319418185911298	0.000864083615000425	NoCorrection	1000	A42	C2	1000	10000	0	0.5	300	0.01
408	-0.0325013700566002	-0.000617358575000552	0	0.088	0.99	-0.0325013700566002	-0.000617358575000552	ID	1000	A42	C2	1000	10000	0	0.5	300	0.01
409	0.0284078549933494	0.0229962676799987	0	0.085	0.378	0.0284078549933494	0.0229962676799987	1	1000	A42	C2	1000	10000	0	0.5	300	0.03
410	0.0307816619899096	0.0272840890199985	0	0.071	0.294	0.0307816619899096	0.0272840890199985	FGr	1000	A42	C2	1000	10000	0	0.5	300	0.03
411	0.0296934114537255	0.0239645043750015	0	0.073	0.36	0.0296934114537255	0.0239645043750015	NoCorrection	1000	A42	C2	1000	10000	0	0.5	300	0.03
412	0.0277177466847487	0.026972040395	0	0.088	0.292	0.0277177466847487	0.026972040395	ID	1000	A42	C2	1000	10000	0	0.5	300	0.03
413	0.00977382331875028	-0.01186523829	0	0.557	0.707	0.00977382331875028	-0.01186523829	1	1000	A42	C2	1000	10000	0	0.5	300	0.1
414	0.0115686183305001	-0.00303654274999965	0	0.529	0.918	0.0115686183305001	-0.00303654274999965	FGr	1000	A42	C2	1000	10000	0	0.5	300	0.1
415	0.0105517079489199	-0.00436014470999994	0	0.557	0.896	0.0105517079489199	-0.00436014470999994	NoCorrection	1000	A42	C2	1000	10000	0	0.5	300	0.1
416	0.00902600548904233	-0.0139864428850001	0	0.618	0.681	0.00902600548904233	-0.0139864428850001	ID	1000	A42	C2	1000	10000	0	0.5	300	0.1
417	0.04162409469822	-0.00357819695999833	0	0.028	0.944	0.04162409469822	-0.00357819695999833	1	10000	A42	C2	1000	10000	0	0.5	300	0
418	0.0418137150262498	0.0152912124999999	0	0.021	0.742	0.0418137150262498	0.0152912124999999	FGr	10000	A42	C2	1000	10000	0	0.5	300	0
419	0.0410840537165499	0.00812704587000002	0	0.03	0.861	0.0410840537165499	0.00812704587000002	NoCorrection	10000	A42	C2	1000	10000	0	0.5	300	0
420	0.0419462277786002	-0.0248194195599987	0	0.017	0.609	0.0419462277786002	-0.0248194195599987	ID	10000	A42	C2	1000	10000	0	0.5	300	0
421	0.00613939993910004	0.0301327316850002	0	0.747	0.554	0.00613939993910004	0.0301327316850002	1	10000	A42	C2	1000	10000	0	0.5	300	0.01
422	0.00661132564490066	0.0273209267900001	0	0.71	0.574	0.00661132564490066	0.0273209267900001	FGr	10000	A42	C2	1000	10000	0	0.5	300	0.01
423	0.00608926902209982	0.027155968055	0	0.697	0.56	0.00608926902209982	0.027155968055	NoCorrection	10000	A42	C2	1000	10000	0	0.5	300	0.01
424	0.00623725755940004	0.0243405437299999	0	0.719	0.643	0.00623725755940004	0.0243405437299999	ID	10000	A42	C2	1000	10000	0	0.5	300	0.01
425	-0.0152797332031401	0.0165416853799986	0	0.364	0.706	-0.0152797332031401	0.0165416853799986	1	10000	A42	C2	1000	10000	0	0.5	300	0.03
426	-0.0158589555325001	-0.00457002451000003	0	0.339	0.903	-0.0158589555325001	-0.00457002451000003	FGr	10000	A42	C2	1000	10000	0	0.5	300	0.03
427	-0.01536223008235	-0.0024282380249997	0	0.319	0.965	-0.01536223008235	-0.0024282380249997	NoCorrection	10000	A42	C2	1000	10000	0	0.5	300	0.03
428	-0.01501775519775	0.00381780921999932	0	0.35	0.928	-0.01501775519775	0.00381780921999932	ID	10000	A42	C2	1000	10000	0	0.5	300	0.03
429	-0.0117666018357	-0.0616148005699996	0	0.531	0.191	-0.0117666018357	-0.0616148005699996	1	10000	A42	C2	1000	10000	0	0.5	300	0.1
430	-0.012232606009564	-0.0835390365150002	0	0.523	0.093	-0.012232606009564	-0.0835390365150002	FGr	10000	A42	C2	1000	10000	0	0.5	300	0.1
431	-0.0118310533758	-0.0553574668300004	0	0.551	0.261	-0.0118310533758	-0.0553574668300004	NoCorrection	10000	A42	C2	1000	10000	0	0.5	300	0.1
432	-0.0117304153777001	-0.0672721868499994	0	0.5	0.163	-0.0117304153777001	-0.0672721868499994	ID	10000	A42	C2	1000	10000	0	0.5	300	0.1
433	-0.00772870008319999	-0.00772870008320002	0	0.544	0.553	-0.00772870008319999	-0.00772870008320002	1	300	A42	C2	10000	100	0	0.5	300	0
434	-0.00829976960650002	-0.00829976960650001	0	0.495	0.478	-0.00829976960650002	-0.00829976960650001	FGr	300	A42	C2	10000	100	0	0.5	300	0
435	-0.00837113378699999	-0.00837113378699999	0	0.471	0.507	-0.00837113378699999	-0.00837113378699999	NoCorrection	300	A42	C2	10000	100	0	0.5	300	0
436	-0.0083800486225	-0.0083800486225	0	0.486	0.478	-0.0083800486225	-0.0083800486225	ID	300	A42	C2	10000	100	0	0.5	300	0
437	-0.00592774556	-0.00592774556000001	0	0.568	0.56	-0.00592774556	-0.00592774556000001	1	300	A42	C2	10000	100	0	0.5	300	0.01
438	-0.00560714855120001	-0.00560714855120001	0	0.636	0.602	-0.00560714855120001	-0.00560714855120001	FGr	300	A42	C2	10000	100	0	0.5	300	0.01
439	-0.00553750606000001	-0.00553750606	0	0.599	0.598	-0.00553750606000001	-0.00553750606	NoCorrection	300	A42	C2	10000	100	0	0.5	300	0.01
440	-0.00651912866	-0.00651912866	0	0.529	0.562	-0.00651912866	-0.00651912866	ID	300	A42	C2	10000	100	0	0.5	300	0.01
441	-0.00755963952	-0.00755963952	0	0.447	0.475	-0.00755963952	-0.00755963952	1	300	A42	C2	10000	100	0	0.5	300	0.03
442	-0.008949151456	-0.00894915145600001	0	0.384	0.37	-0.008949151456	-0.00894915145600001	FGr	300	A42	C2	10000	100	0	0.5	300	0.03
443	-0.008934282299	-0.008934282299	0	0.36	0.364	-0.008934282299	-0.008934282299	NoCorrection	300	A42	C2	10000	100	0	0.5	300	0.03
444	-0.00732172056000001	-0.00732172056	0	0.468	0.462	-0.00732172056000001	-0.00732172056	ID	300	A42	C2	10000	100	0	0.5	300	0.03
445	0.0171901389165	0.0171901389165	0	0.119	0.138	0.0171901389165	0.0171901389165	1	300	A42	C2	10000	100	0	0.5	300	0.1
446	0.01457399404	0.01457399404	0	0.24	0.205	0.01457399404	0.01457399404	FGr	300	A42	C2	10000	100	0	0.5	300	0.1
447	0.01457636685	0.01457636685	0	0.23	0.208	0.01457636685	0.01457636685	NoCorrection	300	A42	C2	10000	100	0	0.5	300	0.1
448	0.0179544372835	0.0179544372835	0	0.116	0.109	0.0179544372835	0.0179544372835	ID	300	A42	C2	10000	100	0	0.5	300	0.1
449	0.01307589324	-0.00618150599999999	0	0.283	0.736	0.01307589324	-0.00618150599999999	1	1000	A42	C2	10000	100	0	0.5	300	0
450	0.012694764817	-0.010593967	0	0.278	0.581	0.012694764817	-0.010593967	FGr	1000	A42	C2	10000	100	0	0.5	300	0
451	0.013175000105	-0.00855722950000002	0	0.256	0.645	0.013175000105	-0.00855722950000002	NoCorrection	1000	A42	C2	10000	100	0	0.5	300	0
452	0.0128720986905	-0.00267135150000001	0	0.278	0.883	0.0128720986905	-0.00267135150000001	ID	1000	A42	C2	10000	100	0	0.5	300	0
453	-0.0097207286027	-0.014752774	0	0.36	0.393	-0.0097207286027	-0.014752774	1	1000	A42	C2	10000	100	0	0.5	300	0.01
454	-0.010078590013	-0.012734963	0	0.376	0.475	-0.010078590013	-0.012734963	FGr	1000	A42	C2	10000	100	0	0.5	300	0.01
455	-0.010203111685	-0.0128667535	0	0.36	0.466	-0.010203111685	-0.0128667535	NoCorrection	1000	A42	C2	10000	100	0	0.5	300	0.01
456	-0.010009900105	-0.0128176415	0	0.379	0.477	-0.010009900105	-0.0128176415	ID	1000	A42	C2	10000	100	0	0.5	300	0.01
457	-0.01645452942	0.00307253599999998	0	0.227	0.887	-0.01645452942	0.00307253599999998	1	1000	A42	C2	10000	100	0	0.5	300	0.03
458	-0.017151330064	0.00808999699999999	0	0.209	0.723	-0.017151330064	0.00808999699999999	FGr	1000	A42	C2	10000	100	0	0.5	300	0.03
459	-0.0174590856705	0.005611492	0	0.218	0.795	-0.0174590856705	0.005611492	NoCorrection	1000	A42	C2	10000	100	0	0.5	300	0.03
460	-0.01682631135	0.00631071350000006	0	0.245	0.775	-0.01682631135	0.00631071350000006	ID	1000	A42	C2	10000	100	0	0.5	300	0.03
461	-0.005658779746	-0.015152836	0	0.604	0.368	-0.005658779746	-0.015152836	1	1000	A42	C2	10000	100	0	0.5	300	0.1
462	-0.0083732618632	-0.0130150705	0	0.495	0.5	-0.0083732618632	-0.0130150705	FGr	1000	A42	C2	10000	100	0	0.5	300	0.1
463	-0.00838667468	-0.013114539	0	0.484	0.493	-0.00838667468	-0.013114539	NoCorrection	1000	A42	C2	10000	100	0	0.5	300	0.1
464	-0.00536455750019999	-0.0190123375	0	0.631	0.28	-0.00536455750019999	-0.0190123375	ID	1000	A42	C2	10000	100	0	0.5	300	0.1
465	-0.0132499299735	-0.0137663975	0	0.223	0.621	-0.0132499299735	-0.0137663975	1	10000	A42	C2	10000	100	0	0.5	300	0
466	-0.01299140433	-0.010343996	0	0.184	0.698	-0.01299140433	-0.010343996	FGr	10000	A42	C2	10000	100	0	0.5	300	0
467	-0.013077132485	-0.00958842349999998	0	0.223	0.725	-0.013077132485	-0.00958842349999998	NoCorrection	10000	A42	C2	10000	100	0	0.5	300	0
468	-0.013238204681	-0.0171165885	0	0.204	0.517	-0.013238204681	-0.0171165885	ID	10000	A42	C2	10000	100	0	0.5	300	0
469	-0.01058173541	0.013924501	0	0.287	0.614	-0.01058173541	0.013924501	1	10000	A42	C2	10000	100	0	0.5	300	0.01
470	-0.0105895610122	0.016385465	0	0.284	0.541	-0.0105895610122	0.016385465	FGr	10000	A42	C2	10000	100	0	0.5	300	0.01
471	-0.010462194125	0.014423583	0	0.291	0.589	-0.010462194125	0.014423583	NoCorrection	10000	A42	C2	10000	100	0	0.5	300	0.01
472	-0.010572351255	0.0125656535	0	0.268	0.639	-0.010572351255	0.0125656535	ID	10000	A42	C2	10000	100	0	0.5	300	0.01
473	0.00939117851999998	0.0333462985	0	0.347	0.256	0.00939117851999998	0.0333462985	1	10000	A42	C2	10000	100	0	0.5	300	0.03
474	0.00957904518	0.037641468	0	0.355	0.203	0.00957904518	0.037641468	FGr	10000	A42	C2	10000	100	0	0.5	300	0.03
475	0.00958563081200002	0.037646357	0	0.339	0.162	0.00958563081200002	0.037646357	NoCorrection	10000	A42	C2	10000	100	0	0.5	300	0.03
476	0.00936778702000001	0.0284353525	0	0.344	0.313	0.00936778702000001	0.0284353525	ID	10000	A42	C2	10000	100	0	0.5	300	0.03
477	0.000334986946000027	0.00969913300000004	0	0.972	0.711	0.000334986946000027	0.00969913300000004	1	10000	A42	C2	10000	100	0	0.5	300	0.1
478	-0.00282781013	0.02469947	0	0.777	0.376	-0.00282781013	0.02469947	FGr	10000	A42	C2	10000	100	0	0.5	300	0.1
479	-0.00284669928	0.0246972695000001	0	0.783	0.376	-0.00284669928	0.0246972695000001	NoCorrection	10000	A42	C2	10000	100	0	0.5	300	0.1
480	0.000431249203399983	0.021579616	0	0.963	0.406	0.000431249203399983	0.021579616	ID	10000	A42	C2	10000	100	0	0.5	300	0.1
481	-0.01247120693745	-0.01247120693745	0	0.071	0.063	-0.01247120693745	-0.01247120693745	1	300	A42	C2	10000	1000	0	0.5	300	0
482	-0.0129668576848	-0.0129668576848	0	0.068	0.058	-0.0129668576848	-0.0129668576848	FGr	300	A42	C2	10000	1000	0	0.5	300	0
483	-0.0129402951854	-0.0129402951854	0	0.047	0.051	-0.0129402951854	-0.0129402951854	NoCorrection	300	A42	C2	10000	1000	0	0.5	300	0
484	-0.01260605672325	-0.01260605672325	0	0.071	0.062	-0.01260605672325	-0.01260605672325	ID	300	A42	C2	10000	1000	0	0.5	300	0
485	-0.004288477461215	-0.004288477461215	0	0.48	0.478	-0.004288477461215	-0.004288477461215	1	300	A42	C2	10000	1000	0	0.5	300	0.01
486	-0.0027879080586	-0.00278790805859999	0	0.65	0.657	-0.0027879080586	-0.00278790805859999	FGr	300	A42	C2	10000	1000	0	0.5	300	0.01
487	-0.0027930322299	-0.00279303222990001	0	0.636	0.669	-0.0027930322299	-0.00279303222990001	NoCorrection	300	A42	C2	10000	1000	0	0.5	300	0.01
488	-0.00375767269499999	-0.003757672695	0	0.57	0.525	-0.00375767269499999	-0.003757672695	ID	300	A42	C2	10000	1000	0	0.5	300	0.01
489	-0.000283319744049999	-0.000283319744049999	0	0.96	0.955	-0.000283319744049999	-0.000283319744049999	1	300	A42	C2	10000	1000	0	0.5	300	0.03
490	0.0011890421895	0.0011890421895	0	0.866	0.856	0.0011890421895	0.0011890421895	FGr	300	A42	C2	10000	1000	0	0.5	300	0.03
491	0.00121797788445	0.00121797788445	0	0.866	0.844	0.00121797788445	0.00121797788445	NoCorrection	300	A42	C2	10000	1000	0	0.5	300	0.03
492	-6.33682275000002e-05	-6.33682275000016e-05	0	0.995	0.993	-6.33682275000002e-05	-6.33682275000016e-05	ID	300	A42	C2	10000	1000	0	0.5	300	0.03
493	0.0023963474065	0.00239634740650002	0	0.716	0.733	0.0023963474065	0.00239634740650002	1	300	A42	C2	10000	1000	0	0.5	300	0.1
494	0.00505534914159998	0.00505534914159998	0	0.448	0.438	0.00505534914159998	0.00505534914159998	FGr	300	A42	C2	10000	1000	0	0.5	300	0.1
495	0.00505535698065004	0.00505535698065002	0	0.445	0.45	0.00505535698065004	0.00505535698065002	NoCorrection	300	A42	C2	10000	1000	0	0.5	300	0.1
496	0.00254206447109997	0.00254206447109997	0	0.69	0.682	0.00254206447109997	0.00254206447109997	ID	300	A42	C2	10000	1000	0	0.5	300	0.1
497	0.002856488094	0.00757077844999999	0	0.678	0.476	0.002856488094	0.00757077844999999	1	1000	A42	C2	10000	1000	0	0.5	300	0
498	0.002658355459	0.00764227490000002	0	0.688	0.492	0.002658355459	0.00764227490000002	FGr	1000	A42	C2	10000	1000	0	0.5	300	0
499	0.002668811183	0.00789639764999995	0	0.693	0.48	0.002668811183	0.00789639764999995	NoCorrection	1000	A42	C2	10000	1000	0	0.5	300	0
500	0.0029245750007	0.00755163699999999	0	0.687	0.485	0.0029245750007	0.00755163699999999	ID	1000	A42	C2	10000	1000	0	0.5	300	0
501	0.00689554831275	0.01067039755	0	0.351	0.312	0.00689554831275	0.01067039755	1	1000	A42	C2	10000	1000	0	0.5	300	0.01
502	0.007260240304905	0.0102768317	0	0.285	0.329	0.007260240304905	0.0102768317	FGr	1000	A42	C2	10000	1000	0	0.5	300	0.01
503	0.0072233829446	0.00932863545	0	0.29	0.364	0.0072233829446	0.00932863545	NoCorrection	1000	A42	C2	10000	1000	0	0.5	300	0.01
504	0.006742574637	0.01180097035	0	0.347	0.22	0.006742574637	0.01180097035	ID	1000	A42	C2	10000	1000	0	0.5	300	0.01
505	-0.0104576473345	-0.01005701805	0	0.112	0.36	-0.0104576473345	-0.01005701805	1	1000	A42	C2	10000	1000	0	0.5	300	0.03
506	-0.00989664437575	-0.0117800943	0	0.127	0.255	-0.00989664437575	-0.0117800943	FGr	1000	A42	C2	10000	1000	0	0.5	300	0.03
507	-0.00988827195599995	-0.011502914	0	0.121	0.273	-0.00988827195599995	-0.011502914	NoCorrection	1000	A42	C2	10000	1000	0	0.5	300	0.03
508	-0.01063978402155	-0.0089483137	0	0.105	0.417	-0.01063978402155	-0.0089483137	ID	1000	A42	C2	10000	1000	0	0.5	300	0.03
509	0.000191897103600005	0.00105929315000003	0	0.973	0.92	0.000191897103600005	0.00105929315000003	1	1000	A42	C2	10000	1000	0	0.5	300	0.1
510	0.00149709676049998	0.00262206020000009	0	0.82	0.802	0.00149709676049998	0.00262206020000009	FGr	1000	A42	C2	10000	1000	0	0.5	300	0.1
511	0.00146667834000003	0.0030094888999999	0	0.81	0.793	0.00146667834000003	0.0030094888999999	NoCorrection	1000	A42	C2	10000	1000	0	0.5	300	0.1
512	-7.66278882000074e-05	0.00169523390000007	0	0.993	0.85	-7.66278882000074e-05	0.00169523390000007	ID	1000	A42	C2	10000	1000	0	0.5	300	0.1
513	-0.00426124524360001	-0.0114673412	0	0.598	0.527	-0.00426124524360001	-0.0114673412	1	10000	A42	C2	10000	1000	0	0.5	300	0
514	-0.00444574868890001	-0.0148028147500001	0	0.557	0.395	-0.00444574868890001	-0.0148028147500001	FGr	10000	A42	C2	10000	1000	0	0.5	300	0
515	-0.00452621272200001	-0.01264876355	0	0.565	0.496	-0.00452621272200001	-0.01264876355	NoCorrection	10000	A42	C2	10000	1000	0	0.5	300	0
516	-0.0042835639321	-0.0128426138000001	0	0.538	0.498	-0.0042835639321	-0.0128426138000001	ID	10000	A42	C2	10000	1000	0	0.5	300	0
517	0.00090921487700005	-0.0034549605	0	0.9	0.832	0.00090921487700005	-0.0034549605	1	10000	A42	C2	10000	1000	0	0.5	300	0.01
518	0.000274912620499961	-0.00188733699999998	0	0.965	0.904	0.000274912620499961	-0.00188733699999998	FGr	10000	A42	C2	10000	1000	0	0.5	300	0.01
519	0.000256344417999985	-0.00189474225000001	0	0.974	0.914	0.000256344417999985	-0.00189474225000001	NoCorrection	10000	A42	C2	10000	1000	0	0.5	300	0.01
520	0.000794974452999943	0.000302645400000023	0	0.91	0.985	0.000794974452999943	0.000302645400000023	ID	10000	A42	C2	10000	1000	0	0.5	300	0.01
521	-0.00723443992074001	0.01502953915	0	0.246	0.383	-0.00723443992074001	0.01502953915	1	10000	A42	C2	10000	1000	0	0.5	300	0.03
522	-0.00798690990000001	0.00807929054999999	0	0.164	0.655	-0.00798690990000001	0.00807929054999999	FGr	10000	A42	C2	10000	1000	0	0.5	300	0.03
523	-0.0080221284751	0.00742774245	0	0.166	0.637	-0.0080221284751	0.00742774245	NoCorrection	10000	A42	C2	10000	1000	0	0.5	300	0.03
524	-0.00717749118329995	0.0125090076	0	0.238	0.427	-0.00717749118329995	0.0125090076	ID	10000	A42	C2	10000	1000	0	0.5	300	0.03
525	-0.00253982393450001	0.03836369425	0	0.678	0.012	-0.00253982393450001	0.03836369425	1	10000	A42	C2	10000	1000	0	0.5	300	0.1
526	-0.00460425674330001	0.04912843475	0	0.44	0.002	-0.00460425674330001	0.04912843475	FGr	10000	A42	C2	10000	1000	0	0.5	300	0.1
527	-0.00464763368875	0.04628800465	0	0.475	0.004	-0.00464763368875	0.04628800465	NoCorrection	10000	A42	C2	10000	1000	0	0.5	300	0.1
528	-0.00248478207700001	0.0385106428	0	0.666	0.01	-0.00248478207700001	0.0385106428	ID	10000	A42	C2	10000	1000	0	0.5	300	0.1
529	-0.00998308168239996	-0.00998308168239996	0	0.074	0.081	-0.00998308168239996	-0.00998308168239996	1	300	A42	C2	10000	10000	0	0.5	300	0
530	-0.01017563908935	-0.01017563908935	0	0.069	0.085	-0.01017563908935	-0.01017563908935	FGr	300	A42	C2	10000	10000	0	0.5	300	0
531	-0.0100931802923999	-0.0100931802923999	0	0.07	0.077	-0.0100931802923999	-0.0100931802923999	NoCorrection	300	A42	C2	10000	10000	0	0.5	300	0
532	-0.00994558176906541	-0.00994558176906541	0	0.085	0.078	-0.00994558176906541	-0.00994558176906541	ID	300	A42	C2	10000	10000	0	0.5	300	0
533	0.00943720856335007	0.00943720856335005	0	0.102	0.114	0.00943720856335007	0.00943720856335005	1	300	A42	C2	10000	10000	0	0.5	300	0.01
534	0.00933837388229992	0.0093383738822999	0	0.101	0.1	0.00933837388229992	0.0093383738822999	FGr	300	A42	C2	10000	10000	0	0.5	300	0.01
535	0.00938223355315004	0.00938223355315002	0	0.092	0.107	0.00938223355315004	0.00938223355315002	NoCorrection	300	A42	C2	10000	10000	0	0.5	300	0.01
536	0.00953771248490016	0.00953771248490014	0	0.112	0.109	0.00953771248490016	0.00953771248490014	ID	300	A42	C2	10000	10000	0	0.5	300	0.01
537	-0.00269226797645002	-0.00269226797645003	0	0.644	0.645	-0.00269226797645002	-0.00269226797645003	1	300	A42	C2	10000	10000	0	0.5	300	0.03
538	-0.00280789363489995	-0.00280789363489995	0	0.602	0.603	-0.00280789363489995	-0.00280789363489995	FGr	300	A42	C2	10000	10000	0	0.5	300	0.03
539	-0.00274372412249986	-0.0027437241224999	0	0.631	0.639	-0.00274372412249986	-0.0027437241224999	NoCorrection	300	A42	C2	10000	10000	0	0.5	300	0.03
540	-0.00356412340639994	-0.00356412340639994	0	0.57	0.54	-0.00356412340639994	-0.00356412340639994	ID	300	A42	C2	10000	10000	0	0.5	300	0.03
541	-0.00500146061625	-0.00500146061625	0	0.329	0.342	-0.00500146061625	-0.00500146061625	1	300	A42	C2	10000	10000	0	0.5	300	0.1
542	-0.00278414374154994	-0.00278414374154994	0	0.612	0.614	-0.00278414374154994	-0.00278414374154994	FGr	300	A42	C2	10000	10000	0	0.5	300	0.1
543	-0.00289992840131002	-0.00289992840131002	0	0.572	0.589	-0.00289992840131002	-0.00289992840131002	NoCorrection	300	A42	C2	10000	10000	0	0.5	300	0.1
544	-0.00508160146129	-0.00508160146129	0	0.325	0.283	-0.00508160146129	-0.00508160146129	ID	300	A42	C2	10000	10000	0	0.5	300	0.1
545	0.00226405145365	0.00299643252000001	0	0.693	0.751	0.00226405145365	0.00299643252000001	1	1000	A42	C2	10000	10000	0	0.5	300	0
546	0.00240175408137	0.00386122113499999	0	0.702	0.683	0.00240175408137	0.00386122113499999	FGr	1000	A42	C2	10000	10000	0	0.5	300	0
547	0.0024047160586	0.00386593376499996	0	0.673	0.683	0.0024047160586	0.00386593376499996	NoCorrection	1000	A42	C2	10000	10000	0	0.5	300	0
548	0.00246277418255	0.00357431612000004	0	0.702	0.7	0.00246277418255	0.00357431612000004	ID	1000	A42	C2	10000	10000	0	0.5	300	0
549	0.00015353074755018	-0.00198128674500022	0	0.972	0.818	0.00015353074755018	-0.00198128674500022	1	1000	A42	C2	10000	10000	0	0.5	300	0.01
550	0.000120869449599855	-0.00203173861499987	0	0.986	0.814	0.000120869449599855	-0.00203173861499987	FGr	1000	A42	C2	10000	10000	0	0.5	300	0.01
551	0.000104649642499923	-0.00204027425499962	0	0.985	0.83	0.000104649642499923	-0.00204027425499962	NoCorrection	1000	A42	C2	10000	10000	0	0.5	300	0.01
552	0.000220325940809903	-0.00302672116000034	0	0.975	0.742	0.000220325940809903	-0.00302672116000034	ID	1000	A42	C2	10000	10000	0	0.5	300	0.01
553	0.00015273022009509	-0.0112146575799999	0	0.984	0.2	0.00015273022009509	-0.0112146575799999	1	1000	A42	C2	10000	10000	0	0.5	300	0.03
554	0.000109992887055436	-0.0101583671199998	0	0.982	0.253	0.000109992887055436	-0.0101583671199998	FGr	1000	A42	C2	10000	10000	0	0.5	300	0.03
555	0.000132808385606384	-0.01056984688	0	0.988	0.21	0.000132808385606384	-0.01056984688	NoCorrection	1000	A42	C2	10000	10000	0	0.5	300	0.03
556	0.000128470187910031	-0.00984691398499985	0	0.978	0.276	0.000128470187910031	-0.00984691398499985	ID	1000	A42	C2	10000	10000	0	0.5	300	0.03
557	0.00429250262314995	-0.00963914160499999	0	0.482	0.294	0.00429250262314995	-0.00963914160499999	1	1000	A42	C2	10000	10000	0	0.5	300	0.1
558	0.00345652883535009	-0.013989371145	0	0.576	0.132	0.00345652883535009	-0.013989371145	FGr	1000	A42	C2	10000	10000	0	0.5	300	0.1
559	0.00343595304659992	-0.014320509345	0	0.578	0.13	0.00343595304659992	-0.014320509345	NoCorrection	1000	A42	C2	10000	10000	0	0.5	300	0.1
560	0.00379998479860024	-0.00778206033	0	0.539	0.384	0.00379998479860024	-0.00778206033	ID	1000	A42	C2	10000	10000	0	0.5	300	0.1
561	-0.00503420704177516	-0.035751339	0	0.401	0.019	-0.00503420704177516	-0.035751339	1	10000	A42	C2	10000	10000	0	0.5	300	0
562	-0.0057554114560449	-0.0277289623800002	0	0.335	0.076	-0.0057554114560449	-0.0277289623800002	FGr	10000	A42	C2	10000	10000	0	0.5	300	0
563	-0.00575712729495395	-0.027723962875	0	0.329	0.071	-0.00575712729495395	-0.027723962875	NoCorrection	10000	A42	C2	10000	10000	0	0.5	300	0
564	-0.00505660599289989	-0.0362717070099996	0	0.379	0.013	-0.00505660599289989	-0.0362717070099996	ID	10000	A42	C2	10000	10000	0	0.5	300	0
565	-0.00762441082859491	-0.0122828311950002	0	0.168	0.439	-0.00762441082859491	-0.0122828311950002	1	10000	A42	C2	10000	10000	0	0.5	300	0.01
566	-0.00820098129610013	-0.0103564633800001	0	0.172	0.507	-0.00820098129610013	-0.0103564633800001	FGr	10000	A42	C2	10000	10000	0	0.5	300	0.01
567	-0.00820103617469999	-0.0103561193	0	0.139	0.513	-0.00820103617469999	-0.0103561193	NoCorrection	10000	A42	C2	10000	10000	0	0.5	300	0.01
568	-0.00765401808002008	-0.0117633493400002	0	0.196	0.442	-0.00765401808002008	-0.0117633493400002	ID	10000	A42	C2	10000	10000	0	0.5	300	0.01
569	0.00280248185479001	0.00941867054000004	0	0.665	0.504	0.00280248185479001	0.00941867054000004	1	10000	A42	C2	10000	10000	0	0.5	300	0.03
570	0.00206361775935002	0.00514632877000002	0	0.732	0.72	0.00206361775935002	0.00514632877000002	FGr	10000	A42	C2	10000	10000	0	0.5	300	0.03
571	0.00205069041764999	0.004951700815	0	0.734	0.733	0.00205069041764999	0.004951700815	NoCorrection	10000	A42	C2	10000	10000	0	0.5	300	0.03
572	0.00288398544107001	0.0122440605299999	0	0.623	0.391	0.00288398544107001	0.0122440605299999	ID	10000	A42	C2	10000	10000	0	0.5	300	0.03
573	-0.00515641176012502	-0.00507701819000015	0	0.419	0.767	-0.00515641176012502	-0.00507701819000015	1	10000	A42	C2	10000	10000	0	0.5	300	0.1
574	-0.00669794829457009	-0.00808016158499993	0	0.295	0.649	-0.00669794829457009	-0.00808016158499993	FGr	10000	A42	C2	10000	10000	0	0.5	300	0.1
575	-0.00672038965818003	-0.00760544614999998	0	0.293	0.681	-0.00672038965818003	-0.00760544614999998	NoCorrection	10000	A42	C2	10000	10000	0	0.5	300	0.1
576	-0.00521944866867123	-0.00444508508499994	0	0.383	0.789	-0.00521944866867123	-0.00444508508499994	ID	10000	A42	C2	10000	10000	0	0.5	300	0.1
