	c-q	nc-q	true-q	c-p	nc-p	c-bias	nc-bias	type	L	rep	config	gwas_size	test_size	h2	ts	num_causal	env
1	6.08821999998899e-06	6.08822000000231e-06	0	1	1	6.08821999998899e-06	6.08822000000231e-06	1	300	A45	C1	1000	100	0	0.5	300	0
2	0.00621428943000007	0.00621428943000008	0	0.891	0.891	0.00621428943000007	0.00621428943000008	FGr	300	A45	C1	1000	100	0	0.5	300	0
3	-0.00607026865499997	-0.00607026865500002	0	0.888	0.909	-0.00607026865499997	-0.00607026865500002	NoCorrection	300	A45	C1	1000	100	0	0.5	300	0
4	-0.00347588036499999	-0.00347588036500008	0	0.929	0.94	-0.00347588036499999	-0.00347588036500008	ID	300	A45	C1	1000	100	0	0.5	300	0
5	-0.0189267052	-0.0189267052	0	0.648	0.646	-0.0189267052	-0.0189267052	1	300	A45	C1	1000	100	0	0.5	300	0.1
6	-0.02109608196	-0.02109608196	0	0.635	0.609	-0.02109608196	-0.02109608196	FGr	300	A45	C1	1000	100	0	0.5	300	0.1
7	-0.0136246746995	-0.0136246746995	0	0.746	0.749	-0.0136246746995	-0.0136246746995	NoCorrection	300	A45	C1	1000	100	0	0.5	300	0.1
8	-0.0261738583400001	-0.02617385834	0	0.513	0.52	-0.0261738583400001	-0.02617385834	ID	300	A45	C1	1000	100	0	0.5	300	0.1
9	-0.00374699318300001	-0.003746993183	0	0.931	0.93	-0.00374699318300001	-0.003746993183	1	300	A45	C1	1000	100	0	0.5	300	0.5
10	0.122705713765	0.122705713765	0	0.026	0.025	0.122705713765	0.122705713765	FGr	300	A45	C1	1000	100	0	0.5	300	0.5
11	0.150636429085	0.150636429085	0	0.01	0.007	0.150636429085	0.150636429085	NoCorrection	300	A45	C1	1000	100	0	0.5	300	0.5
12	0.01128503861	0.01128503861	0	0.785	0.787	0.01128503861	0.01128503861	ID	300	A45	C1	1000	100	0	0.5	300	0.5
13	-0.00342423037499999	-0.00342423037499993	0	0.933	0.936	-0.00342423037499999	-0.00342423037499993	1	300	A45	C1	1000	100	0	0.5	300	1
14	0.1834258137515	0.1834258137515	0	0.003	0.001	0.1834258137515	0.1834258137515	FGr	300	A45	C1	1000	100	0	0.5	300	1
15	0.22507483727	0.22507483727	0	0	0	0.22507483727	0.22507483727	NoCorrection	300	A45	C1	1000	100	0	0.5	300	1
16	-0.00344187552	-0.00344187551999999	0	0.929	0.937	-0.00344187552	-0.00344187551999999	ID	300	A45	C1	1000	100	0	0.5	300	1
17	-0.00303400949999999	0.0408952475	0	0.935	0.532	-0.00303400949999999	0.0408952475	1	1000	A45	C1	1000	100	0	0.5	300	0
18	0.018234457495	0.0803256215	0	0.617	0.193	0.018234457495	0.0803256215	FGr	1000	A45	C1	1000	100	0	0.5	300	0
19	-0.01281252402	0.026359788	0	0.716	0.677	-0.01281252402	0.026359788	NoCorrection	1000	A45	C1	1000	100	0	0.5	300	0
20	-0.000510530879999997	0.0483465575	0	0.99	0.445	-0.000510530879999997	0.0483465575	ID	1000	A45	C1	1000	100	0	0.5	300	0
21	0.00693167680000005	0.0463971395	0	0.847	0.499	0.00693167680000005	0.0463971395	1	1000	A45	C1	1000	100	0	0.5	300	0.1
22	-0.009214594051	0.019453314	0	0.805	0.76	-0.009214594051	0.019453314	FGr	1000	A45	C1	1000	100	0	0.5	300	0.1
23	-0.00104096847150001	0.0337391875	0	0.972	0.598	-0.00104096847150001	0.0337391875	NoCorrection	1000	A45	C1	1000	100	0	0.5	300	0.1
24	-0.00378720588000002	0.0246004655	0	0.92	0.68	-0.00378720588000002	0.0246004655	ID	1000	A45	C1	1000	100	0	0.5	300	0.1
25	0.0298987641	0.0160632885000001	0	0.472	0.78	0.0298987641	0.0160632885000001	1	1000	A45	C1	1000	100	0	0.5	300	0.5
26	0.145364095842	0.285985478	0	0.001	0	0.145364095842	0.285985478	FGr	1000	A45	C1	1000	100	0	0.5	300	0.5
27	0.26088691803	0.4579962555	0	0	0	0.26088691803	0.4579962555	NoCorrection	1000	A45	C1	1000	100	0	0.5	300	0.5
28	0.030967183445	0.0361309220000001	0	0.43	0.539	0.030967183445	0.0361309220000001	ID	1000	A45	C1	1000	100	0	0.5	300	0.5
29	-0.00829988624999997	-0.0958901635	0	0.821	0.127	-0.00829988624999997	-0.0958901635	1	1000	A45	C1	1000	100	0	0.5	300	1
30	0.18386905264	0.335892427	0	0	0	0.18386905264	0.335892427	FGr	1000	A45	C1	1000	100	0	0.5	300	1
31	0.39129148194	0.7315757945	0	0	0	0.39129148194	0.7315757945	NoCorrection	1000	A45	C1	1000	100	0	0.5	300	1
32	-0.00795011484999998	-0.081744892	0	0.812	0.169	-0.00795011484999998	-0.081744892	ID	1000	A45	C1	1000	100	0	0.5	300	1
33	0.0292284106899999	-0.0392501264999999	0	0.42	0.677	0.0292284106899999	-0.0392501264999999	1	10000	A45	C1	1000	100	0	0.5	300	0
34	0.01925587463	-0.116321143	0	0.593	0.197	0.01925587463	-0.116321143	FGr	10000	A45	C1	1000	100	0	0.5	300	0
35	0.0269186249849999	-0.0299250680000001	0	0.424	0.721	0.0269186249849999	-0.0299250680000001	NoCorrection	10000	A45	C1	1000	100	0	0.5	300	0
36	0.028957238875	-0.0407123525	0	0.41	0.626	0.028957238875	-0.0407123525	ID	10000	A45	C1	1000	100	0	0.5	300	0
37	0.046259272601	-0.0583245815	0	0.19	0.553	0.046259272601	-0.0583245815	1	10000	A45	C1	1000	100	0	0.5	300	0.1
38	0.0453846469495001	-0.0617999435	0	0.199	0.534	0.0453846469495001	-0.0617999435	FGr	10000	A45	C1	1000	100	0	0.5	300	0.1
39	0.0657703403300001	0.0347953705000002	0	0.062	0.746	0.0657703403300001	0.0347953705000002	NoCorrection	10000	A45	C1	1000	100	0	0.5	300	0.1
40	0.0451138805644999	-0.0597487645000001	0	0.182	0.56	0.0451138805644999	-0.0597487645000001	ID	10000	A45	C1	1000	100	0	0.5	300	0.1
41	-0.020765828155	-0.073897465	0	0.566	0.502	-0.020765828155	-0.073897465	1	10000	A45	C1	1000	100	0	0.5	300	0.5
42	-0.00471083150250006	-0.04631395	0	0.908	0.686	-0.00471083150250006	-0.04631395	FGr	10000	A45	C1	1000	100	0	0.5	300	0.5
43	0.134426167555	0.999243245	0	0	0	0.134426167555	0.999243245	NoCorrection	10000	A45	C1	1000	100	0	0.5	300	0.5
44	-0.02272551501	-0.0911592649999999	0	0.551	0.384	-0.02272551501	-0.0911592649999999	ID	10000	A45	C1	1000	100	0	0.5	300	0.5
45	0.047267734676	0.0230514924999999	0	0.249	0.834	0.047267734676	0.0230514924999999	1	10000	A45	C1	1000	100	0	0.5	300	1
46	0.083164997205	0.1364129685	0	0.049	0.173	0.083164997205	0.1364129685	FGr	10000	A45	C1	1000	100	0	0.5	300	1
47	0.340927528465	1.880568525	0	0	0	0.340927528465	1.880568525	NoCorrection	10000	A45	C1	1000	100	0	0.5	300	1
48	0.05204312401	0.0565083085000001	0	0.195	0.579	0.05204312401	0.0565083085000001	ID	10000	A45	C1	1000	100	0	0.5	300	1
49	0.0288141621715	0.0288141621715	0	0.247	0.264	0.0288141621715	0.0288141621715	1	300	A45	C1	1000	1000	0	0.5	300	0
50	0.0236344372636	0.0236344372636	0	0.352	0.35	0.0236344372636	0.0236344372636	FGr	300	A45	C1	1000	1000	0	0.5	300	0
51	0.00739209970549997	0.00739209970550004	0	0.794	0.758	0.00739209970549997	0.00739209970550004	NoCorrection	300	A45	C1	1000	1000	0	0.5	300	0
52	0.0400655647779999	0.0400655647779999	0	0.121	0.131	0.0400655647779999	0.0400655647779999	ID	300	A45	C1	1000	1000	0	0.5	300	0
53	0.0253377935205	0.0253377935205	0	0.302	0.332	0.0253377935205	0.0253377935205	1	300	A45	C1	1000	1000	0	0.5	300	0.1
54	-0.00501322202650003	-0.00501322202649999	0	0.852	0.861	-0.00501322202650003	-0.00501322202649999	FGr	300	A45	C1	1000	1000	0	0.5	300	0.1
55	0.024762159497	0.024762159497	0	0.31	0.323	0.024762159497	0.024762159497	NoCorrection	300	A45	C1	1000	1000	0	0.5	300	0.1
56	0.00345388960899998	0.003453889609	0	0.884	0.905	0.00345388960899998	0.003453889609	ID	300	A45	C1	1000	1000	0	0.5	300	0.1
57	0.00240236783599991	0.00240236783599995	0	0.938	0.931	0.00240236783599991	0.00240236783599995	1	300	A45	C1	1000	1000	0	0.5	300	0.5
58	0.112973756848	0.112973756848	0	0	0	0.112973756848	0.112973756848	FGr	300	A45	C1	1000	1000	0	0.5	300	0.5
59	0.16865416875	0.16865416875	0	0	0	0.16865416875	0.16865416875	NoCorrection	300	A45	C1	1000	1000	0	0.5	300	0.5
60	0.00344541782350008	0.00344541782350005	0	0.924	0.889	0.00344541782350008	0.00344541782350005	ID	300	A45	C1	1000	1000	0	0.5	300	0.5
61	0.0179348530185	0.0179348530185	0	0.563	0.541	0.0179348530185	0.0179348530185	1	300	A45	C1	1000	1000	0	0.5	300	1
62	0.2006570564245	0.2006570564245	0	0	0	0.2006570564245	0.2006570564245	FGr	300	A45	C1	1000	1000	0	0.5	300	1
63	0.303739542495	0.303739542495	0	0	0	0.303739542495	0.303739542495	NoCorrection	300	A45	C1	1000	1000	0	0.5	300	1
64	-0.00703683183899997	-0.00703683183899997	0	0.818	0.796	-0.00703683183899997	-0.00703683183899997	ID	300	A45	C1	1000	1000	0	0.5	300	1
65	-0.0590987506069501	0.0138914676500002	0	0.028	0.737	-0.0590987506069501	0.0138914676500002	1	1000	A45	C1	1000	1000	0	0.5	300	0
66	-0.0751305527690004	-0.0315108756499999	0	0.007	0.44	-0.0751305527690004	-0.0315108756499999	FGr	1000	A45	C1	1000	1000	0	0.5	300	0
67	-0.0620709472404999	0.00648714089999974	0	0.024	0.872	-0.0620709472404999	0.00648714089999974	NoCorrection	1000	A45	C1	1000	1000	0	0.5	300	0
68	-0.0537552376044997	0.0258445080500001	0	0.035	0.542	-0.0537552376044997	0.0258445080500001	ID	1000	A45	C1	1000	1000	0	0.5	300	0
69	-0.0246097453365	-0.0417956175	0	0.367	0.286	-0.0246097453365	-0.0417956175	1	1000	A45	C1	1000	1000	0	0.5	300	0.1
70	-0.016206946979	-0.01614063715	0	0.54	0.696	-0.016206946979	-0.01614063715	FGr	1000	A45	C1	1000	1000	0	0.5	300	0.1
71	-0.0415729050205	-0.0657775336	0	0.123	0.111	-0.0415729050205	-0.0657775336	NoCorrection	1000	A45	C1	1000	1000	0	0.5	300	0.1
72	-0.0382746328074999	-0.0498029273	0	0.159	0.193	-0.0382746328074999	-0.0498029273	ID	1000	A45	C1	1000	1000	0	0.5	300	0.1
73	0.0205231844320001	0.04203084515	0	0.472	0.32	0.0205231844320001	0.04203084515	1	1000	A45	C1	1000	1000	0	0.5	300	0.5
74	0.06115271179	0.1261947493	0	0.026	0.002	0.06115271179	0.1261947493	FGr	1000	A45	C1	1000	1000	0	0.5	300	0.5
75	0.19381881815335	0.43916946985	0	0	0	0.19381881815335	0.43916946985	NoCorrection	1000	A45	C1	1000	1000	0	0.5	300	0.5
76	0.0207920117994999	0.04094478135	0	0.455	0.35	0.0207920117994999	0.04094478135	ID	1000	A45	C1	1000	1000	0	0.5	300	0.5
77	-0.0166197679928	-0.03820663225	0	0.596	0.415	-0.0166197679928	-0.03820663225	1	1000	A45	C1	1000	1000	0	0.5	300	1
78	0.112660963155	0.2710320336	0	0.004	0	0.112660963155	0.2710320336	FGr	1000	A45	C1	1000	1000	0	0.5	300	1
79	0.40436001133	0.92776109025	0	0	0	0.40436001133	0.92776109025	NoCorrection	1000	A45	C1	1000	1000	0	0.5	300	1
80	-0.021132464241	-0.0326541359	0	0.482	0.494	-0.021132464241	-0.0326541359	ID	1000	A45	C1	1000	1000	0	0.5	300	1
81	-0.05204248394605	0.0310096566499999	0	0.053	0.647	-0.05204248394605	0.0310096566499999	1	10000	A45	C1	1000	1000	0	0.5	300	0
82	-0.056886026343	-0.0216318227	0	0.033	0.751	-0.056886026343	-0.0216318227	FGr	10000	A45	C1	1000	1000	0	0.5	300	0
83	-0.073702513699	-0.16409440175	0	0.007	0.012	-0.073702513699	-0.16409440175	NoCorrection	10000	A45	C1	1000	1000	0	0.5	300	0
84	-0.0565305633	-0.02809906155	0	0.032	0.673	-0.0565305633	-0.02809906155	ID	10000	A45	C1	1000	1000	0	0.5	300	0
85	0.0108067395425	0.0126515454500001	0	0.672	0.873	0.0108067395425	0.0126515454500001	1	10000	A45	C1	1000	1000	0	0.5	300	0.1
86	0.00160651347249998	-0.0717104670000003	0	0.955	0.318	0.00160651347249998	-0.0717104670000003	FGr	10000	A45	C1	1000	1000	0	0.5	300	0.1
87	0.030083252783	0.1398374389	0	0.238	0.059	0.030083252783	0.1398374389	NoCorrection	10000	A45	C1	1000	1000	0	0.5	300	0.1
88	0.00665670942999999	-0.00279800034999989	0	0.8	0.968	0.00665670942999999	-0.00279800034999989	ID	10000	A45	C1	1000	1000	0	0.5	300	0.1
89	0.0142322965420001	-0.0711924126999998	0	0.611	0.309	0.0142322965420001	-0.0711924126999998	1	10000	A45	C1	1000	1000	0	0.5	300	0.5
90	0.02395374626	-0.0327605530999998	0	0.395	0.644	0.02395374626	-0.0327605530999998	FGr	10000	A45	C1	1000	1000	0	0.5	300	0.5
91	0.1386184464275	0.77320131	0	0	0	0.1386184464275	0.77320131	NoCorrection	10000	A45	C1	1000	1000	0	0.5	300	0.5
92	0.0158307633565001	-0.0569172266	0	0.545	0.433	0.0158307633565001	-0.0569172266	ID	10000	A45	C1	1000	1000	0	0.5	300	0.5
93	0.0138570856620001	-0.0976334660000001	0	0.552	0.155	0.0138570856620001	-0.0976334660000001	1	10000	A45	C1	1000	1000	0	0.5	300	1
94	0.035081465745	0.06017343495	0	0.138	0.369	0.035081465745	0.06017343495	FGr	10000	A45	C1	1000	1000	0	0.5	300	1
95	0.3100895680275	1.8343435895	0	0	0	0.3100895680275	1.8343435895	NoCorrection	10000	A45	C1	1000	1000	0	0.5	300	1
96	0.016428158054	-0.0690579455	0	0.507	0.327	0.016428158054	-0.0690579455	ID	10000	A45	C1	1000	1000	0	0.5	300	1
97	0.0332564964697	0.0332564964697	0	0.255	0.243	0.0332564964697	0.0332564964697	1	300	A45	C1	1000	10000	0	0.5	300	0
98	0.0554780081712597	0.0554780081712598	0	0.066	0.054	0.0554780081712597	0.0554780081712598	FGr	300	A45	C1	1000	10000	0	0.5	300	0
99	0.06249864077995	0.0624986407799501	0	0.035	0.041	0.06249864077995	0.0624986407799501	NoCorrection	300	A45	C1	1000	10000	0	0.5	300	0
100	0.0197091135719497	0.0197091135719497	0	0.496	0.511	0.0197091135719497	0.0197091135719497	ID	300	A45	C1	1000	10000	0	0.5	300	0
101	0.0246950157580504	0.0246950157580504	0	0.403	0.41	0.0246950157580504	0.0246950157580504	1	300	A45	C1	1000	10000	0	0.5	300	0.1
102	0.0206108357783001	0.0206108357783	0	0.453	0.459	0.0206108357783001	0.0206108357783	FGr	300	A45	C1	1000	10000	0	0.5	300	0.1
103	0.0243095000472997	0.0243095000472997	0	0.387	0.413	0.0243095000472997	0.0243095000472997	NoCorrection	300	A45	C1	1000	10000	0	0.5	300	0.1
104	0.00374781574965005	0.00374781574965005	0	0.9	0.894	0.00374781574965005	0.00374781574965005	ID	300	A45	C1	1000	10000	0	0.5	300	0.1
105	0.0260436731765248	0.0260436731765248	0	0.31	0.305	0.0260436731765248	0.0260436731765248	1	300	A45	C1	1000	10000	0	0.5	300	0.5
106	0.176805813408649	0.176805813408649	0	0	0	0.176805813408649	0.176805813408649	FGr	300	A45	C1	1000	10000	0	0.5	300	0.5
107	0.21787673784335	0.21787673784335	0	0	0	0.21787673784335	0.21787673784335	NoCorrection	300	A45	C1	1000	10000	0	0.5	300	0.5
108	0.0454296691443001	0.0454296691443	0	0.079	0.067	0.0454296691443001	0.0454296691443	ID	300	A45	C1	1000	10000	0	0.5	300	0.5
109	0.0117311305602006	0.0117311305602006	0	0.689	0.724	0.0117311305602006	0.0117311305602006	1	300	A45	C1	1000	10000	0	0.5	300	1
110	0.2004069561015	0.2004069561015	0	0	0	0.2004069561015	0.2004069561015	FGr	300	A45	C1	1000	10000	0	0.5	300	1
111	0.3139506849929	0.3139506849929	0	0	0	0.3139506849929	0.3139506849929	NoCorrection	300	A45	C1	1000	10000	0	0.5	300	1
112	-0.0134503780688495	-0.0134503780688494	0	0.619	0.613	-0.0134503780688495	-0.0134503780688494	ID	300	A45	C1	1000	10000	0	0.5	300	1
113	-0.0361386166712998	-0.01820128886	0	0.165	0.676	-0.0361386166712998	-0.01820128886	1	1000	A45	C1	1000	10000	0	0.5	300	0
114	-0.026438042389525	0.00632144809999989	0	0.308	0.876	-0.026438042389525	0.00632144809999989	FGr	1000	A45	C1	1000	10000	0	0.5	300	0
115	-0.0483495550356901	-0.0464481258150001	0	0.075	0.258	-0.0483495550356901	-0.0464481258150001	NoCorrection	1000	A45	C1	1000	10000	0	0.5	300	0
116	-0.02688422796965	-0.00345149194500008	0	0.286	0.918	-0.02688422796965	-0.00345149194500008	ID	1000	A45	C1	1000	10000	0	0.5	300	0
117	0.0233174761446501	0.00066318632999956	0	0.39	0.986	0.0233174761446501	0.00066318632999956	1	1000	A45	C1	1000	10000	0	0.5	300	0.1
118	0.0479418131907001	0.0499350446449997	0	0.062	0.23	0.0479418131907001	0.0499350446449997	FGr	1000	A45	C1	1000	10000	0	0.5	300	0.1
119	0.0969906119678003	0.17324652793	0	0	0	0.0969906119678003	0.17324652793	NoCorrection	1000	A45	C1	1000	10000	0	0.5	300	0.1
120	0.0195456493965454	-0.0164489308950001	0	0.469	0.705	0.0195456493965454	-0.0164489308950001	ID	1000	A45	C1	1000	10000	0	0.5	300	0.1
121	-0.00983003798905002	-0.02025081649	0	0.687	0.614	-0.00983003798905002	-0.02025081649	1	1000	A45	C1	1000	10000	0	0.5	300	0.5
122	0.068846462203485	0.13164549307	0	0.018	0	0.068846462203485	0.13164549307	FGr	1000	A45	C1	1000	10000	0	0.5	300	0.5
123	0.1723693169486	0.447576580569999	0	0	0	0.1723693169486	0.447576580569999	NoCorrection	1000	A45	C1	1000	10000	0	0.5	300	0.5
124	-0.00224035134988997	-0.030777669755	0	0.925	0.46	-0.00224035134988997	-0.030777669755	ID	1000	A45	C1	1000	10000	0	0.5	300	0.5
125	-0.0265762917090002	0.025419706875	0	0.373	0.59	-0.0265762917090002	0.025419706875	1	1000	A45	C1	1000	10000	0	0.5	300	1
126	0.0709877230184401	0.245194040895	0	0.03	0	0.0709877230184401	0.245194040895	FGr	1000	A45	C1	1000	10000	0	0.5	300	1
127	0.2583334013583	0.664045552940003	0	0	0	0.2583334013583	0.664045552940003	NoCorrection	1000	A45	C1	1000	10000	0	0.5	300	1
128	-0.036998035046601	-0.0296601366300002	0	0.246	0.54	-0.036998035046601	-0.0296601366300002	ID	1000	A45	C1	1000	10000	0	0.5	300	1
129	0.02632342637257	0.119817408479999	0	0.295	0.063	0.02632342637257	0.119817408479999	1	10000	A45	C1	1000	10000	0	0.5	300	0
130	0.033466139885	0.1805964489	0	0.18	0.006	0.033466139885	0.1805964489	FGr	10000	A45	C1	1000	10000	0	0.5	300	0
131	0.00276283238634	-0.0452136967050001	0	0.91	0.475	0.00276283238634	-0.0452136967050001	NoCorrection	10000	A45	C1	1000	10000	0	0.5	300	0
132	0.03072568656804	0.165832895730001	0	0.205	0.007	0.03072568656804	0.165832895730001	ID	10000	A45	C1	1000	10000	0	0.5	300	0
133	-0.039956175648	-0.0244154038449991	0	0.126	0.746	-0.039956175648	-0.0244154038449991	1	10000	A45	C1	1000	10000	0	0.5	300	0.1
134	-0.03568266449882	-0.0131167350650011	0	0.147	0.857	-0.03568266449882	-0.0131167350650011	FGr	10000	A45	C1	1000	10000	0	0.5	300	0.1
135	0.00697064076689997	0.2400028164	0	0.778	0	0.00697064076689997	0.2400028164	NoCorrection	10000	A45	C1	1000	10000	0	0.5	300	0.1
136	-0.0385847974753001	-0.0219196347799999	0	0.139	0.771	-0.0385847974753001	-0.0219196347799999	ID	10000	A45	C1	1000	10000	0	0.5	300	0.1
137	-0.0174122847129	-0.13537079953	0	0.49	0.034	-0.0174122847129	-0.13537079953	1	10000	A45	C1	1000	10000	0	0.5	300	0.5
138	-0.011363162053605	-0.10119471354	0	0.658	0.099	-0.011363162053605	-0.10119471354	FGr	10000	A45	C1	1000	10000	0	0.5	300	0.5
139	0.1956266514759	1.1312266161	0	0	0	0.1956266514759	1.1312266161	NoCorrection	10000	A45	C1	1000	10000	0	0.5	300	0.5
140	-0.0175527723107904	-0.13339414904	0	0.495	0.041	-0.0175527723107904	-0.13339414904	ID	10000	A45	C1	1000	10000	0	0.5	300	0.5
141	0.0554115085660001	-0.000395062710000019	0	0.017	0.998	0.0554115085660001	-0.000395062710000019	1	10000	A45	C1	1000	10000	0	0.5	300	1
142	0.0725398713096748	0.14251048853	0	0.003	0.048	0.0725398713096748	0.14251048853	FGr	10000	A45	C1	1000	10000	0	0.5	300	1
143	0.407457417282101	2.03976470005	0	0	0	0.407457417282101	2.03976470005	NoCorrection	10000	A45	C1	1000	10000	0	0.5	300	1
144	0.0510702254649202	-0.0162947951100002	0	0.033	0.824	0.0510702254649202	-0.0162947951100002	ID	10000	A45	C1	1000	10000	0	0.5	300	1
145	0.0101611325175	0.0101611325175	0	0.389	0.408	0.0101611325175	0.0101611325175	1	300	A45	C1	10000	100	0	0.5	300	0
146	0.0220628925635	0.0220628925635	0	0.067	0.056	0.0220628925635	0.0220628925635	FGr	300	A45	C1	10000	100	0	0.5	300	0
147	0.022278652194	0.0222786521940001	0	0.054	0.07	0.022278652194	0.0222786521940001	NoCorrection	300	A45	C1	10000	100	0	0.5	300	0
148	0.012197879448	0.012197879448	0	0.299	0.3	0.012197879448	0.012197879448	ID	300	A45	C1	10000	100	0	0.5	300	0
149	0.028842492208	0.028842492208	0	0.018	0.012	0.028842492208	0.028842492208	1	300	A45	C1	10000	100	0	0.5	300	0.1
150	0.059062119256	0.059062119256	0	0	0	0.059062119256	0.059062119256	FGr	300	A45	C1	10000	100	0	0.5	300	0.1
151	0.063601134196	0.063601134196	0	0	0	0.063601134196	0.063601134196	NoCorrection	300	A45	C1	10000	100	0	0.5	300	0.1
152	0.03576440367	0.03576440367	0	0.007	0.006	0.03576440367	0.03576440367	ID	300	A45	C1	10000	100	0	0.5	300	0.1
153	0.0252404082	0.0252404082	0	0.066	0.079	0.0252404082	0.0252404082	1	300	A45	C1	10000	100	0	0.5	300	0.5
154	0.159880741295	0.159880741295	0	0	0	0.159880741295	0.159880741295	FGr	300	A45	C1	10000	100	0	0.5	300	0.5
155	0.205388615186	0.205388615186	0	0	0	0.205388615186	0.205388615186	NoCorrection	300	A45	C1	10000	100	0	0.5	300	0.5
156	0.0261135183765	0.0261135183765	0	0.064	0.077	0.0261135183765	0.0261135183765	ID	300	A45	C1	10000	100	0	0.5	300	0.5
157	-0.0216688936	-0.0216688936	0	0.095	0.099	-0.0216688936	-0.0216688936	1	300	A45	C1	10000	100	0	0.5	300	1
158	0.2255748078	0.2255748078	0	0	0	0.2255748078	0.2255748078	FGr	300	A45	C1	10000	100	0	0.5	300	1
159	0.31510905055	0.31510905055	0	0	0	0.31510905055	0.31510905055	NoCorrection	300	A45	C1	10000	100	0	0.5	300	1
160	-0.032754294592	-0.032754294592	0	0.014	0.015	-0.032754294592	-0.032754294592	ID	300	A45	C1	10000	100	0	0.5	300	1
161	0.001208718409	0.0326824445	0	0.893	0.094	0.001208718409	0.0326824445	1	1000	A45	C1	10000	100	0	0.5	300	0
162	-0.007355240205	-0.00467407999999998	0	0.516	0.823	-0.007355240205	-0.00467407999999998	FGr	1000	A45	C1	10000	100	0	0.5	300	0
163	-0.0079732342555	-0.00575947299999999	0	0.509	0.772	-0.0079732342555	-0.00575947299999999	NoCorrection	1000	A45	C1	10000	100	0	0.5	300	0
164	-0.002397366706	0.01327265	0	0.846	0.509	-0.002397366706	0.01327265	ID	1000	A45	C1	10000	100	0	0.5	300	0
165	0.012911023825	0.00635026899999999	0	0.224	0.761	0.012911023825	0.00635026899999999	1	1000	A45	C1	10000	100	0	0.5	300	0.1
166	0.024665476541	0.059870038	0	0.024	0.002	0.024665476541	0.059870038	FGr	1000	A45	C1	10000	100	0	0.5	300	0.1
167	0.037582261246	0.101337643	0	0.001	0	0.037582261246	0.101337643	NoCorrection	1000	A45	C1	10000	100	0	0.5	300	0.1
168	0.01272709235	0.005225111	0	0.22	0.787	0.01272709235	0.005225111	ID	1000	A45	C1	10000	100	0	0.5	300	0.1
169	-0.000493474413500026	-0.014045412	0	0.974	0.469	-0.000493474413500026	-0.014045412	1	1000	A45	C1	10000	100	0	0.5	300	0.5
170	0.064844392755	0.2255204395	0	0	0	0.064844392755	0.2255204395	FGr	1000	A45	C1	10000	100	0	0.5	300	0.5
171	0.134437605975	0.475561895	0	0	0	0.134437605975	0.475561895	NoCorrection	1000	A45	C1	10000	100	0	0.5	300	0.5
172	-0.0032057659537	-0.0217656405	0	0.781	0.291	-0.0032057659537	-0.0217656405	ID	1000	A45	C1	10000	100	0	0.5	300	0.5
173	0.001744902525	0.00136601749999999	0	0.883	0.947	0.001744902525	0.00136601749999999	1	1000	A45	C1	10000	100	0	0.5	300	1
174	0.12928352775	0.4474235585	0	0	0	0.12928352775	0.4474235585	FGr	1000	A45	C1	10000	100	0	0.5	300	1
175	0.29264154250145	0.981491807	0	0	0	0.29264154250145	0.981491807	NoCorrection	1000	A45	C1	10000	100	0	0.5	300	1
176	0.0022808149145	0.0069093975	0	0.846	0.726	0.0022808149145	0.0069093975	ID	1000	A45	C1	10000	100	0	0.5	300	1
177	0.018799478035	-0.018208233	0	0.119	0.591	0.018799478035	-0.018208233	1	10000	A45	C1	10000	100	0	0.5	300	0
178	0.0146040298675	-0.037659009	0	0.234	0.247	0.0146040298675	-0.037659009	FGr	10000	A45	C1	10000	100	0	0.5	300	0
179	0.0287968352325	0.04925063	0	0.015	0.138	0.0287968352325	0.04925063	NoCorrection	10000	A45	C1	10000	100	0	0.5	300	0
180	0.01967684755	-0.017687169	0	0.12	0.611	0.01967684755	-0.017687169	ID	10000	A45	C1	10000	100	0	0.5	300	0
181	-0.00759677815	0.05021918	0	0.514	0.091	-0.00759677815	0.05021918	1	10000	A45	C1	10000	100	0	0.5	300	0.1
182	-0.00217236666	0.0774459965	0	0.831	0.015	-0.00217236666	0.0774459965	FGr	10000	A45	C1	10000	100	0	0.5	300	0.1
183	0.042322848625	0.299782002	0	0	0	0.042322848625	0.299782002	NoCorrection	10000	A45	C1	10000	100	0	0.5	300	0.1
184	-0.006666313575	0.0612269954999999	0	0.567	0.052	-0.006666313575	0.0612269954999999	ID	10000	A45	C1	10000	100	0	0.5	300	0.1
185	-0.00476666575500001	-0.050783469	0	0.736	0.127	-0.00476666575500001	-0.050783469	1	10000	A45	C1	10000	100	0	0.5	300	0.5
186	0.018829135675	0.021568646	0	0.164	0.503	0.018829135675	0.021568646	FGr	10000	A45	C1	10000	100	0	0.5	300	0.5
187	0.249614291095	1.0734984955	0	0	0	0.249614291095	1.0734984955	NoCorrection	10000	A45	C1	10000	100	0	0.5	300	0.5
188	-0.00449141129775	-0.0494561855	0	0.743	0.117	-0.00449141129775	-0.0494561855	ID	10000	A45	C1	10000	100	0	0.5	300	0.5
189	-0.00357372246499999	0.0328494405	0	0.758	0.314	-0.00357372246499999	0.0328494405	1	10000	A45	C1	10000	100	0	0.5	300	1
190	0.0327400498785	0.1984933455	0	0.01	0	0.0327400498785	0.1984933455	FGr	10000	A45	C1	10000	100	0	0.5	300	1
191	0.46566660909	1.98472923	0	0	0	0.46566660909	1.98472923	NoCorrection	10000	A45	C1	10000	100	0	0.5	300	1
192	-0.002793340925	0.036072844	0	0.824	0.257	-0.002793340925	0.036072844	ID	10000	A45	C1	10000	100	0	0.5	300	1
193	-0.00561090961750001	-0.00561090961750005	0	0.515	0.546	-0.00561090961750001	-0.00561090961750005	1	300	A45	C1	10000	1000	0	0.5	300	0
194	-0.00310764303900014	-0.00310764303900018	0	0.733	0.723	-0.00310764303900014	-0.00310764303900018	FGr	300	A45	C1	10000	1000	0	0.5	300	0
195	6.58848225001529e-06	6.58848224998398e-06	0	1	1	6.58848225001529e-06	6.58848224998398e-06	NoCorrection	300	A45	C1	10000	1000	0	0.5	300	0
196	0.00159694135865007	0.00159694135865008	0	0.84	0.871	0.00159694135865007	0.00159694135865008	ID	300	A45	C1	10000	1000	0	0.5	300	0
197	0.0152887541739049	0.0152887541739049	0	0.063	0.063	0.0152887541739049	0.0152887541739049	1	300	A45	C1	10000	1000	0	0.5	300	0.1
198	0.0332506193537	0.0332506193537	0	0	0	0.0332506193537	0.0332506193537	FGr	300	A45	C1	10000	1000	0	0.5	300	0.1
199	0.042344749389	0.042344749389	0	0	0	0.042344749389	0.042344749389	NoCorrection	300	A45	C1	10000	1000	0	0.5	300	0.1
200	0.0168591943196001	0.0168591943196001	0	0.038	0.038	0.0168591943196001	0.0168591943196001	ID	300	A45	C1	10000	1000	0	0.5	300	0.1
201	-0.00287433014450001	-0.00287433014449999	0	0.749	0.75	-0.00287433014450001	-0.00287433014449999	1	300	A45	C1	10000	1000	0	0.5	300	0.5
202	0.093607033868	0.093607033868	0	0	0	0.093607033868	0.093607033868	FGr	300	A45	C1	10000	1000	0	0.5	300	0.5
203	0.1570943014793	0.1570943014793	0	0	0	0.1570943014793	0.1570943014793	NoCorrection	300	A45	C1	10000	1000	0	0.5	300	0.5
204	-0.00906896531748001	-0.00906896531748001	0	0.288	0.303	-0.00906896531748001	-0.00906896531748001	ID	300	A45	C1	10000	1000	0	0.5	300	0.5
205	0.00516641399355005	0.00516641399355004	0	0.518	0.525	0.00516641399355005	0.00516641399355004	1	300	A45	C1	10000	1000	0	0.5	300	1
206	0.1886417169585	0.1886417169585	0	0	0	0.1886417169585	0.1886417169585	FGr	300	A45	C1	10000	1000	0	0.5	300	1
207	0.3175789802615	0.3175789802615	0	0	0	0.3175789802615	0.3175789802615	NoCorrection	300	A45	C1	10000	1000	0	0.5	300	1
208	-0.000117824210179991	-0.000117824210179986	0	0.99	0.986	-0.000117824210179991	-0.000117824210179986	ID	300	A45	C1	10000	1000	0	0.5	300	1
209	0.00303557116579999	-0.000165188599999956	0	0.711	0.992	0.00303557116579999	-0.000165188599999956	1	1000	A45	C1	10000	1000	0	0.5	300	0
210	0.0073201059838	0.00861390485000003	0	0.362	0.507	0.0073201059838	0.00861390485000003	FGr	1000	A45	C1	10000	1000	0	0.5	300	0
211	-0.000221097136800007	-0.00825718805000009	0	0.976	0.513	-0.000221097136800007	-0.00825718805000009	NoCorrection	1000	A45	C1	10000	1000	0	0.5	300	0
212	0.00290555515219999	-0.000263011650000021	0	0.732	0.986	0.00290555515219999	-0.000263011650000021	ID	1000	A45	C1	10000	1000	0	0.5	300	0
213	0.00292379601986013	0.0181003195	0	0.743	0.244	0.00292379601986013	0.0181003195	1	1000	A45	C1	10000	1000	0	0.5	300	0.1
214	0.0185844981499999	0.0560989858	0	0.041	0.001	0.0185844981499999	0.0560989858	FGr	1000	A45	C1	10000	1000	0	0.5	300	0.1
215	0.045612060364	0.11585534995	0	0	0	0.045612060364	0.11585534995	NoCorrection	1000	A45	C1	10000	1000	0	0.5	300	0.1
216	0.00017885884330011	0.01288480505	0	0.986	0.368	0.00017885884330011	0.01288480505	ID	1000	A45	C1	10000	1000	0	0.5	300	0.1
217	0.0153688275913	0.0517488577	0	0.139	0.001	0.0153688275913	0.0517488577	1	1000	A45	C1	10000	1000	0	0.5	300	0.5
218	0.0892154158775	0.2126016609	0	0	0	0.0892154158775	0.2126016609	FGr	1000	A45	C1	10000	1000	0	0.5	300	0.5
219	0.221203847817	0.5096733629	0	0	0	0.221203847817	0.5096733629	NoCorrection	1000	A45	C1	10000	1000	0	0.5	300	0.5
220	0.0151453013375	0.0487110286	0	0.158	0.005	0.0151453013375	0.0487110286	ID	1000	A45	C1	10000	1000	0	0.5	300	0.5
221	0.000249063020800027	-0.0122578289499999	0	0.983	0.409	0.000249063020800027	-0.0122578289499999	1	1000	A45	C1	10000	1000	0	0.5	300	1
222	0.1268526132114	0.2722856412	0	0	0	0.1268526132114	0.2722856412	FGr	1000	A45	C1	10000	1000	0	0.5	300	1
223	0.381081051052	0.828552734200001	0	0	0	0.381081051052	0.828552734200001	NoCorrection	1000	A45	C1	10000	1000	0	0.5	300	1
224	0.00166979649010002	-0.0124885001	0	0.84	0.403	0.00166979649010002	-0.0124885001	ID	1000	A45	C1	10000	1000	0	0.5	300	1
225	0.0259328514623	0.000829503999999977	0	0.005	0.969	0.0259328514623	0.000829503999999977	1	10000	A45	C1	10000	1000	0	0.5	300	0
226	0.0270745010058	0.0173809529	0	0.002	0.375	0.0270745010058	0.0173809529	FGr	10000	A45	C1	10000	1000	0	0.5	300	0
227	0.0160237938475	-0.06886625405	0	0.077	0	0.0160237938475	-0.06886625405	NoCorrection	10000	A45	C1	10000	1000	0	0.5	300	0
228	0.0266086384329	0.00903952605000002	0	0.001	0.687	0.0266086384329	0.00903952605000002	ID	10000	A45	C1	10000	1000	0	0.5	300	0
229	-0.0132425871685	-0.00293644569999998	0	0.18	0.884	-0.0132425871685	-0.00293644569999998	1	10000	A45	C1	10000	1000	0	0.5	300	0.1
230	-0.0116886406585001	0.0085557612	0	0.222	0.714	-0.0116886406585001	0.0085557612	FGr	10000	A45	C1	10000	1000	0	0.5	300	0.1
231	0.016436558442	0.1779744581	0	0.105	0	0.016436558442	0.1779744581	NoCorrection	10000	A45	C1	10000	1000	0	0.5	300	0.1
232	-0.013298665833	-0.00494367080000001	0	0.164	0.817	-0.013298665833	-0.00494367080000001	ID	10000	A45	C1	10000	1000	0	0.5	300	0.1
233	-0.0119222867364999	0.03085923835	0	0.202	0.191	-0.0119222867364999	0.03085923835	1	10000	A45	C1	10000	1000	0	0.5	300	0.5
234	-0.00475073577119996	0.08096750025	0	0.614	0	-0.00475073577119996	0.08096750025	FGr	10000	A45	C1	10000	1000	0	0.5	300	0.5
235	0.1505051550535	1.0389794503	0	0	0	0.1505051550535	1.0389794503	NoCorrection	10000	A45	C1	10000	1000	0	0.5	300	0.5
236	-0.0123916296780001	0.027421378	0	0.196	0.25	-0.0123916296780001	0.027421378	ID	10000	A45	C1	10000	1000	0	0.5	300	0.5
237	-0.00883699392849997	0.00749763319999997	0	0.288	0.722	-0.00883699392849997	0.00749763319999997	1	10000	A45	C1	10000	1000	0	0.5	300	1
238	0.00701570214049997	0.1445588452	0	0.43	0	0.00701570214049997	0.1445588452	FGr	10000	A45	C1	10000	1000	0	0.5	300	1
239	0.3191986765227	2.009367724	0	0	0	0.3191986765227	2.009367724	NoCorrection	10000	A45	C1	10000	1000	0	0.5	300	1
240	-0.00999505160919999	-0.00385770924999976	0	0.245	0.851	-0.00999505160919999	-0.00385770924999976	ID	10000	A45	C1	10000	1000	0	0.5	300	1
241	0.00813402828440495	0.00813402828440494	0	0.412	0.423	0.00813402828440495	0.00813402828440494	1	300	A45	C1	10000	10000	0	0.5	300	0
242	0.0216482309749651	0.0216482309749651	0	0.032	0.023	0.0216482309749651	0.0216482309749651	FGr	300	A45	C1	10000	10000	0	0.5	300	0
243	0.0235176068087501	0.0235176068087501	0	0.02	0.015	0.0235176068087501	0.0235176068087501	NoCorrection	300	A45	C1	10000	10000	0	0.5	300	0
244	0.01809060198673	0.01809060198673	0	0.078	0.082	0.01809060198673	0.01809060198673	ID	300	A45	C1	10000	10000	0	0.5	300	0
245	0.00865808280529989	0.00865808280529988	0	0.341	0.319	0.00865808280529989	0.00865808280529988	1	300	A45	C1	10000	10000	0	0.5	300	0.1
246	0.02488898902606	0.02488898902606	0	0.002	0.003	0.02488898902606	0.02488898902606	FGr	300	A45	C1	10000	10000	0	0.5	300	0.1
247	0.03607924249975	0.03607924249975	0	0	0.001	0.03607924249975	0.03607924249975	NoCorrection	300	A45	C1	10000	10000	0	0.5	300	0.1
248	0.00442664267395005	0.00442664267395004	0	0.63	0.591	0.00442664267395005	0.00442664267395004	ID	300	A45	C1	10000	10000	0	0.5	300	0.1
249	-0.00134621879740998	-0.00134621879740998	0	0.883	0.894	-0.00134621879740998	-0.00134621879740998	1	300	A45	C1	10000	10000	0	0.5	300	0.5
250	0.0940278585483851	0.0940278585483851	0	0	0	0.0940278585483851	0.0940278585483851	FGr	300	A45	C1	10000	10000	0	0.5	300	0.5
251	0.1694700453501	0.1694700453501	0	0	0	0.1694700453501	0.1694700453501	NoCorrection	300	A45	C1	10000	10000	0	0.5	300	0.5
252	-0.00382549571829997	-0.00382549571829998	0	0.67	0.671	-0.00382549571829997	-0.00382549571829998	ID	300	A45	C1	10000	10000	0	0.5	300	0.5
253	0.00476980691299997	0.00476980691299994	0	0.613	0.588	0.00476980691299997	0.00476980691299994	1	300	A45	C1	10000	10000	0	0.5	300	1
254	0.216398136190251	0.216398136190251	0	0	0	0.216398136190251	0.216398136190251	FGr	300	A45	C1	10000	10000	0	0.5	300	1
255	0.353704010195001	0.353704010195001	0	0	0	0.353704010195001	0.353704010195001	NoCorrection	300	A45	C1	10000	10000	0	0.5	300	1
256	0.0107173192854049	0.0107173192854049	0	0.227	0.189	0.0107173192854049	0.0107173192854049	ID	300	A45	C1	10000	10000	0	0.5	300	1
257	-0.000143628769375341	-0.02128051702	0	0.988	0.173	-0.000143628769375341	-0.02128051702	1	1000	A45	C1	10000	10000	0	0.5	300	0
258	0.000813167429700238	-0.0163070114450001	0	0.935	0.262	0.000813167429700238	-0.0163070114450001	FGr	1000	A45	C1	10000	10000	0	0.5	300	0
259	0.00899780596377002	0.010282508225	0	0.345	0.475	0.00899780596377002	0.010282508225	NoCorrection	1000	A45	C1	10000	10000	0	0.5	300	0
260	-0.00304693677600027	-0.02779836067	0	0.752	0.056	-0.00304693677600027	-0.02779836067	ID	1000	A45	C1	10000	10000	0	0.5	300	0
261	-0.00627590690675	-0.00896804963999999	0	0.453	0.473	-0.00627590690675	-0.00896804963999999	1	1000	A45	C1	10000	10000	0	0.5	300	0.1
262	0.00901018373923004	0.029457560105	0	0.278	0.02	0.00901018373923004	0.029457560105	FGr	1000	A45	C1	10000	10000	0	0.5	300	0.1
263	0.03159989410059	0.074660655155	0	0.001	0	0.03159989410059	0.074660655155	NoCorrection	1000	A45	C1	10000	10000	0	0.5	300	0.1
264	-0.00357452039165	-0.00191687545	0	0.673	0.884	-0.00357452039165	-0.00191687545	ID	1000	A45	C1	10000	10000	0	0.5	300	0.1
265	7.002662495e-05	0.00253296589999999	0	0.992	0.854	7.002662495e-05	0.00253296589999999	1	1000	A45	C1	10000	10000	0	0.5	300	0.5
266	0.0653725152811	0.13184914244	0	0	0	0.0653725152811	0.13184914244	FGr	1000	A45	C1	10000	10000	0	0.5	300	0.5
267	0.1959840651107	0.42624545653	0	0	0	0.1959840651107	0.42624545653	NoCorrection	1000	A45	C1	10000	10000	0	0.5	300	0.5
268	0.000340173870454993	-0.00260500309499999	0	0.975	0.859	0.000340173870454993	-0.00260500309499999	ID	1000	A45	C1	10000	10000	0	0.5	300	0.5
269	-0.00757591878351	0.00579620357500004	0	0.417	0.674	-0.00757591878351	0.00579620357500004	1	1000	A45	C1	10000	10000	0	0.5	300	1
270	0.1231040269788	0.29240484318	0	0	0	0.1231040269788	0.29240484318	FGr	1000	A45	C1	10000	10000	0	0.5	300	1
271	0.370839168787	0.894044184849999	0	0	0	0.370839168787	0.894044184849999	NoCorrection	1000	A45	C1	10000	10000	0	0.5	300	1
272	-0.0043259056774	0.0090321061800001	0	0.597	0.479	-0.0043259056774	0.0090321061800001	ID	1000	A45	C1	10000	10000	0	0.5	300	1
273	-0.00199270174454998	0.00522187377500009	0	0.779	0.79	-0.00199270174454998	0.00522187377500009	1	10000	A45	C1	10000	10000	0	0.5	300	0
274	-0.00317986636530005	0.0007874577399999	0	0.697	0.964	-0.00317986636530005	0.0007874577399999	FGr	10000	A45	C1	10000	10000	0	0.5	300	0
275	-0.00800194606000017	-0.0419385319699999	0	0.333	0.052	-0.00800194606000017	-0.0419385319699999	NoCorrection	10000	A45	C1	10000	10000	0	0.5	300	0
276	-0.0027010942269651	0.00410291498499996	0	0.737	0.848	-0.0027010942269651	0.00410291498499996	ID	10000	A45	C1	10000	10000	0	0.5	300	0
277	-0.00559855300650004	-0.0182588359500001	0	0.493	0.35	-0.00559855300650004	-0.0182588359500001	1	10000	A45	C1	10000	10000	0	0.5	300	0.1
278	-0.00394148678025008	-0.00651330919999995	0	0.644	0.741	-0.00394148678025008	-0.00651330919999995	FGr	10000	A45	C1	10000	10000	0	0.5	300	0.1
279	0.0267035668376	0.18275099984	0	0.003	0	0.0267035668376	0.18275099984	NoCorrection	10000	A45	C1	10000	10000	0	0.5	300	0.1
280	-0.00503391474970502	-0.010920760105	0	0.514	0.591	-0.00503391474970502	-0.010920760105	ID	10000	A45	C1	10000	10000	0	0.5	300	0.1
281	0.000603932918999989	-0.0307348486699998	0	0.948	0.139	0.000603932918999989	-0.0307348486699998	1	10000	A45	C1	10000	10000	0	0.5	300	0.5
282	0.00794346990587486	0.02967789244	0	0.385	0.188	0.00794346990587486	0.02967789244	FGr	10000	A45	C1	10000	10000	0	0.5	300	0.5
283	0.1829677177623	0.950495551075001	0	0	0	0.1829677177623	0.950495551075001	NoCorrection	10000	A45	C1	10000	10000	0	0.5	300	0.5
284	0.000358443665689898	-0.02933765608	0	0.967	0.185	0.000358443665689898	-0.02933765608	ID	10000	A45	C1	10000	10000	0	0.5	300	0.5
285	-0.00621690621929997	0.0116193050900003	0	0.499	0.6	-0.00621690621929997	0.0116193050900003	1	10000	A45	C1	10000	10000	0	0.5	300	1
286	0.003984685515649	0.0801527023000001	0	0.672	0	0.003984685515649	0.0801527023000001	FGr	10000	A45	C1	10000	10000	0	0.5	300	1
287	0.339867680766914	1.8117248811	0	0	0	0.339867680766914	1.8117248811	NoCorrection	10000	A45	C1	10000	10000	0	0.5	300	1
288	-0.00661756180932501	0.0046054571849997	0	0.471	0.828	-0.00661756180932501	0.0046054571849997	ID	10000	A45	C1	10000	10000	0	0.5	300	1
289	-0.0103739486099999	-0.01037394861	0	0.754	0.754	-0.0103739486099999	-0.01037394861	1	300	A45	C2	1000	100	0	0.5	300	0
290	-0.00299838735500004	-0.00299838735500009	0	0.936	0.929	-0.00299838735500004	-0.00299838735500009	FGr	300	A45	C2	1000	100	0	0.5	300	0
291	-0.00418047702499991	-0.00418047702499989	0	0.904	0.906	-0.00418047702499991	-0.00418047702499989	NoCorrection	300	A45	C2	1000	100	0	0.5	300	0
292	-0.00751358695000004	-0.00751358694999986	0	0.835	0.828	-0.00751358695000004	-0.00751358694999986	ID	300	A45	C2	1000	100	0	0.5	300	0
293	-0.03323266655	-0.03323266655	0	0.455	0.469	-0.03323266655	-0.03323266655	1	300	A45	C2	1000	100	0	0.5	300	0.1
294	-0.033428130219	-0.033428130219	0	0.414	0.468	-0.033428130219	-0.033428130219	FGr	300	A45	C2	1000	100	0	0.5	300	0.1
295	-0.032683389465	-0.032683389465	0	0.46	0.452	-0.032683389465	-0.032683389465	NoCorrection	300	A45	C2	1000	100	0	0.5	300	0.1
296	-0.0325917075245	-0.0325917075245	0	0.456	0.458	-0.0325917075245	-0.0325917075245	ID	300	A45	C2	1000	100	0	0.5	300	0.1
297	-0.03903603255	-0.03903603255	0	0.281	0.332	-0.03903603255	-0.03903603255	1	300	A45	C2	1000	100	0	0.5	300	0.5
298	-0.071412720734	-0.071412720734	0	0.116	0.145	-0.071412720734	-0.071412720734	FGr	300	A45	C2	1000	100	0	0.5	300	0.5
299	-0.071765451695	-0.071765451695	0	0.15	0.142	-0.071765451695	-0.071765451695	NoCorrection	300	A45	C2	1000	100	0	0.5	300	0.5
300	-0.05055947427	-0.05055947427	0	0.169	0.179	-0.05055947427	-0.05055947427	ID	300	A45	C2	1000	100	0	0.5	300	0.5
301	0.04070624922	0.04070624922	0	0.381	0.354	0.04070624922	0.04070624922	1	300	A45	C2	1000	100	0	0.5	300	1
302	-0.02190809035	-0.02190809035	0	0.673	0.658	-0.02190809035	-0.02190809035	FGr	300	A45	C2	1000	100	0	0.5	300	1
303	-0.01976122256	-0.01976122256	0	0.683	0.692	-0.01976122256	-0.01976122256	NoCorrection	300	A45	C2	1000	100	0	0.5	300	1
304	0.020414993955	0.0204149939549999	0	0.622	0.646	0.020414993955	0.0204149939549999	ID	300	A45	C2	1000	100	0	0.5	300	1
305	-0.01210391655	-0.014237324	0	0.766	0.819	-0.01210391655	-0.014237324	1	1000	A45	C2	1000	100	0	0.5	300	0
306	-0.00729463939999997	-0.00157155699999998	0	0.852	0.982	-0.00729463939999997	-0.00157155699999998	FGr	1000	A45	C2	1000	100	0	0.5	300	0
307	-0.010204434146	9.89974999999577e-05	0	0.778	0.999	-0.010204434146	9.89974999999577e-05	NoCorrection	1000	A45	C2	1000	100	0	0.5	300	0
308	-0.0137897607305	-0.00937123249999994	0	0.719	0.881	-0.0137897607305	-0.00937123249999994	ID	1000	A45	C2	1000	100	0	0.5	300	0
309	-0.00803175135000004	0.011665443	0	0.815	0.82	-0.00803175135000004	0.011665443	1	1000	A45	C2	1000	100	0	0.5	300	0.1
310	0.000530955530000006	0.0222747375	0	0.991	0.676	0.000530955530000006	0.0222747375	FGr	1000	A45	C2	1000	100	0	0.5	300	0.1
311	-0.00361076631000002	0.015514655	0	0.918	0.785	-0.00361076631000002	0.015514655	NoCorrection	1000	A45	C2	1000	100	0	0.5	300	0.1
312	-0.01024287768	0.0197593555	0	0.789	0.721	-0.01024287768	0.0197593555	ID	1000	A45	C2	1000	100	0	0.5	300	0.1
313	-0.0662203984599999	0.00361905949999994	0	0.056	0.946	-0.0662203984599999	0.00361905949999994	1	1000	A45	C2	1000	100	0	0.5	300	0.5
314	-0.0438786651780001	0.018078889	0	0.233	0.752	-0.0438786651780001	0.018078889	FGr	1000	A45	C2	1000	100	0	0.5	300	0.5
315	-0.044130353805	0.0180345005	0	0.241	0.762	-0.044130353805	0.0180345005	NoCorrection	1000	A45	C2	1000	100	0	0.5	300	0.5
316	-0.0629718813500001	0.00355772450000001	0	0.073	0.948	-0.0629718813500001	0.00355772450000001	ID	1000	A45	C2	1000	100	0	0.5	300	0.5
317	-0.01726348301	0.0903444115	0	0.597	0.114	-0.01726348301	0.0903444115	1	1000	A45	C2	1000	100	0	0.5	300	1
318	0.034659278085	0.0972917209999999	0	0.492	0.207	0.034659278085	0.0972917209999999	FGr	1000	A45	C2	1000	100	0	0.5	300	1
319	0.030760146745	0.0918133805	0	0.551	0.217	0.030760146745	0.0918133805	NoCorrection	1000	A45	C2	1000	100	0	0.5	300	1
320	-0.011490262415	0.0756594475	0	0.703	0.136	-0.011490262415	0.0756594475	ID	1000	A45	C2	1000	100	0	0.5	300	1
321	0.000430011823999987	0.0388939935	0	0.987	0.669	0.000430011823999987	0.0388939935	1	10000	A45	C2	1000	100	0	0.5	300	0
322	-0.000132903319000002	0.0540989135	0	0.995	0.544	-0.000132903319000002	0.0540989135	FGr	10000	A45	C2	1000	100	0	0.5	300	0
323	0.000477974810000001	0.0642794320000001	0	0.991	0.471	0.000477974810000001	0.0642794320000001	NoCorrection	10000	A45	C2	1000	100	0	0.5	300	0
324	0.000380240489999995	0.0482340095	0	0.988	0.604	0.000380240489999995	0.0482340095	ID	10000	A45	C2	1000	100	0	0.5	300	0
325	0.024708844805	0.043861903	0	0.497	0.595	0.024708844805	0.043861903	1	10000	A45	C2	1000	100	0	0.5	300	0.1
326	0.0236492636	0.0323259375	0	0.518	0.69	0.0236492636	0.0323259375	FGr	10000	A45	C2	1000	100	0	0.5	300	0.1
327	0.0245034665465	0.040109628	0	0.51	0.661	0.0245034665465	0.040109628	NoCorrection	10000	A45	C2	1000	100	0	0.5	300	0.1
328	0.02479696894	0.0433873	0	0.461	0.581	0.02479696894	0.0433873	ID	10000	A45	C2	1000	100	0	0.5	300	0.1
329	0.0509845378144999	-0.0491105005	0	0.148	0.538	0.0509845378144999	-0.0491105005	1	10000	A45	C2	1000	100	0	0.5	300	0.5
330	0.04896412054	-0.03595032	0	0.225	0.745	0.04896412054	-0.03595032	FGr	10000	A45	C2	1000	100	0	0.5	300	0.5
331	0.0481735237	-0.00611452500000004	0	0.238	0.962	0.0481735237	-0.00611452500000004	NoCorrection	10000	A45	C2	1000	100	0	0.5	300	0.5
332	0.0519181917	-0.034582777	0	0.127	0.669	0.0519181917	-0.034582777	ID	10000	A45	C2	1000	100	0	0.5	300	0.5
333	-0.013849131722	-0.026275341	0	0.711	0.797	-0.013849131722	-0.026275341	1	10000	A45	C2	1000	100	0	0.5	300	1
334	-0.01968915279	-0.11574913	0	0.701	0.373	-0.01968915279	-0.11574913	FGr	10000	A45	C2	1000	100	0	0.5	300	1
335	-0.01821520503	-0.11741493	0	0.75	0.338	-0.01821520503	-0.11741493	NoCorrection	10000	A45	C2	1000	100	0	0.5	300	1
336	-0.01183442415	-0.048495396	0	0.78	0.595	-0.01183442415	-0.048495396	ID	10000	A45	C2	1000	100	0	0.5	300	1
337	0.0145194758295	0.0145194758295	0	0.476	0.494	0.0145194758295	0.0145194758295	1	300	A45	C2	1000	1000	0	0.5	300	0
338	0.0150377888245	0.0150377888245	0	0.488	0.484	0.0150377888245	0.0150377888245	FGr	300	A45	C2	1000	1000	0	0.5	300	0
339	0.01415409427743	0.01415409427743	0	0.5	0.513	0.01415409427743	0.01415409427743	NoCorrection	300	A45	C2	1000	1000	0	0.5	300	0
340	0.014281261933	0.014281261933	0	0.505	0.497	0.014281261933	0.014281261933	ID	300	A45	C2	1000	1000	0	0.5	300	0
341	0.00800904070749994	0.00800904070749988	0	0.737	0.735	0.00800904070749994	0.00800904070749988	1	300	A45	C2	1000	1000	0	0.5	300	0.1
342	0.00899712235749971	0.00899712235749983	0	0.708	0.713	0.00899712235749971	0.00899712235749983	FGr	300	A45	C2	1000	1000	0	0.5	300	0.1
343	0.00772175810650017	0.00772175810650023	0	0.761	0.745	0.00772175810650017	0.00772175810650023	NoCorrection	300	A45	C2	1000	1000	0	0.5	300	0.1
344	0.00680434452749964	0.00680434452749965	0	0.774	0.777	0.00680434452749964	0.00680434452749965	ID	300	A45	C2	1000	1000	0	0.5	300	0.1
345	0.017008797556	0.017008797556	0	0.471	0.494	0.017008797556	0.017008797556	1	300	A45	C2	1000	1000	0	0.5	300	0.5
346	0.015370216199	0.015370216199	0	0.593	0.532	0.015370216199	0.015370216199	FGr	300	A45	C2	1000	1000	0	0.5	300	0.5
347	0.016022887743	0.016022887743	0	0.536	0.538	0.016022887743	0.016022887743	NoCorrection	300	A45	C2	1000	1000	0	0.5	300	0.5
348	0.010855167754	0.010855167754	0	0.648	0.657	0.010855167754	0.010855167754	ID	300	A45	C2	1000	1000	0	0.5	300	0.5
349	0.0152687866954999	0.0152687866954999	0	0.477	0.511	0.0152687866954999	0.0152687866954999	1	300	A45	C2	1000	1000	0	0.5	300	1
350	0.0127775007994499	0.0127775007994498	0	0.679	0.691	0.0127775007994499	0.0127775007994498	FGr	300	A45	C2	1000	1000	0	0.5	300	1
351	0.0132985677935001	0.0132985677935	0	0.705	0.668	0.0132985677935001	0.0132985677935	NoCorrection	300	A45	C2	1000	1000	0	0.5	300	1
352	0.00160596483139999	0.0016059648314	0	0.931	0.951	0.00160596483139999	0.0016059648314	ID	300	A45	C2	1000	1000	0	0.5	300	1
353	0.0248189236375001	-0.00453510310000003	0	0.192	0.894	0.0248189236375001	-0.00453510310000003	1	1000	A45	C2	1000	1000	0	0.5	300	0
354	0.0232308000129001	-0.00645055234999995	0	0.205	0.841	0.0232308000129001	-0.00645055234999995	FGr	1000	A45	C2	1000	1000	0	0.5	300	0
355	0.0233004907199999	-0.0104973627	0	0.222	0.738	0.0233004907199999	-0.0104973627	NoCorrection	1000	A45	C2	1000	1000	0	0.5	300	0
356	0.0254145874730001	-0.00351757234999996	0	0.19	0.914	0.0254145874730001	-0.00351757234999996	ID	1000	A45	C2	1000	1000	0	0.5	300	0
357	-0.0177093193135	-0.00380164105	0	0.414	0.898	-0.0177093193135	-0.00380164105	1	1000	A45	C2	1000	1000	0	0.5	300	0.1
358	-0.0193220016761	-0.00755071364999991	0	0.421	0.817	-0.0193220016761	-0.00755071364999991	FGr	1000	A45	C2	1000	1000	0	0.5	300	0.1
359	-0.0206903214829999	-0.00759997644999992	0	0.318	0.814	-0.0206903214829999	-0.00759997644999992	NoCorrection	1000	A45	C2	1000	1000	0	0.5	300	0.1
360	-0.0186832826704999	-0.02118999575	0	0.389	0.575	-0.0186832826704999	-0.02118999575	ID	1000	A45	C2	1000	1000	0	0.5	300	0.1
361	0.0106291184645	-0.0467967956499999	0	0.584	0.206	0.0106291184645	-0.0467967956499999	1	1000	A45	C2	1000	1000	0	0.5	300	0.5
362	0.00240373359	-0.01842252745	0	0.911	0.652	0.00240373359	-0.01842252745	FGr	1000	A45	C2	1000	1000	0	0.5	300	0.5
363	0.00084586694300002	-0.0182266993999999	0	0.962	0.639	0.00084586694300002	-0.0182266993999999	NoCorrection	1000	A45	C2	1000	1000	0	0.5	300	0.5
364	0.010672225911	-0.0469615187499999	0	0.581	0.179	0.010672225911	-0.0469615187499999	ID	1000	A45	C2	1000	1000	0	0.5	300	0.5
365	-0.00181636097029999	-0.00865105419999976	0	0.928	0.791	-0.00181636097029999	-0.00865105419999976	1	1000	A45	C2	1000	1000	0	0.5	300	1
366	-0.021147105564	0.00413142925000001	0	0.498	0.938	-0.021147105564	0.00413142925000001	FGr	1000	A45	C2	1000	1000	0	0.5	300	1
367	-0.021204776621	0.00503046725	0	0.455	0.912	-0.021204776621	0.00503046725	NoCorrection	1000	A45	C2	1000	1000	0	0.5	300	1
368	0.000534802478500018	-0.0491279351500002	0	0.985	0.129	0.000534802478500018	-0.0491279351500002	ID	1000	A45	C2	1000	1000	0	0.5	300	1
369	-0.00583794144359998	-0.0576023118	0	0.78	0.28	-0.00583794144359998	-0.0576023118	1	10000	A45	C2	1000	1000	0	0.5	300	0
370	-0.0060985297773	-0.0636831915999998	0	0.789	0.222	-0.0060985297773	-0.0636831915999998	FGr	10000	A45	C2	1000	1000	0	0.5	300	0
371	-0.00449086106150003	-0.0762385734999999	0	0.839	0.147	-0.00449086106150003	-0.0762385734999999	NoCorrection	10000	A45	C2	1000	1000	0	0.5	300	0
372	-0.0060915702135	-0.0594559154500001	0	0.772	0.253	-0.0060915702135	-0.0594559154500001	ID	10000	A45	C2	1000	1000	0	0.5	300	0
373	-0.0113668576218001	-0.01003573805	0	0.572	0.85	-0.0113668576218001	-0.01003573805	1	10000	A45	C2	1000	1000	0	0.5	300	0.1
374	-0.0085038711405	0.00359283864999999	0	0.672	0.945	-0.0085038711405	0.00359283864999999	FGr	10000	A45	C2	1000	1000	0	0.5	300	0.1
375	-0.00964253473629985	-0.00180040945000004	0	0.632	0.972	-0.00964253473629985	-0.00180040945000004	NoCorrection	10000	A45	C2	1000	1000	0	0.5	300	0.1
376	-0.0116974218575	-0.01183371295	0	0.526	0.845	-0.0116974218575	-0.01183371295	ID	10000	A45	C2	1000	1000	0	0.5	300	0.1
377	0.0214543639574997	0.00447337124999986	0	0.367	0.921	0.0214543639574997	0.00447337124999986	1	10000	A45	C2	1000	1000	0	0.5	300	0.5
378	0.0323178913315	-0.0223044584999992	0	0.241	0.709	0.0323178913315	-0.0223044584999992	FGr	10000	A45	C2	1000	1000	0	0.5	300	0.5
379	0.0324109366454998	-0.0223165599999996	0	0.233	0.716	0.0324109366454998	-0.0223165599999996	NoCorrection	10000	A45	C2	1000	1000	0	0.5	300	0.5
380	0.0204975064049998	0.000577122850000253	0	0.39	0.99	0.0204975064049998	0.000577122850000253	ID	10000	A45	C2	1000	1000	0	0.5	300	0.5
381	0.021721689618	-0.0116531367000002	0	0.284	0.83	0.021721689618	-0.0116531367000002	1	10000	A45	C2	1000	1000	0	0.5	300	1
382	0.0458979166799999	0.0767518510000001	0	0.156	0.312	0.0458979166799999	0.0767518510000001	FGr	10000	A45	C2	1000	1000	0	0.5	300	1
383	0.0472241740824999	0.0513994004999999	0	0.123	0.488	0.0472241740824999	0.0513994004999999	NoCorrection	10000	A45	C2	1000	1000	0	0.5	300	1
384	0.0192524392875	-0.0130425490500001	0	0.331	0.812	0.0192524392875	-0.0130425490500001	ID	10000	A45	C2	1000	1000	0	0.5	300	1
385	0.00740192904875027	0.00740192904875025	0	0.692	0.672	0.00740192904875027	0.00740192904875025	1	300	A45	C2	1000	10000	0	0.5	300	0
386	0.00687973754200195	0.00687973754200194	0	0.722	0.682	0.00687973754200195	0.00687973754200194	FGr	300	A45	C2	1000	10000	0	0.5	300	0
387	0.00681739776810006	0.00681739776810009	0	0.701	0.718	0.00681739776810006	0.00681739776810009	NoCorrection	300	A45	C2	1000	10000	0	0.5	300	0
388	0.00778811146915016	0.00778811146915015	0	0.682	0.691	0.00778811146915016	0.00778811146915015	ID	300	A45	C2	1000	10000	0	0.5	300	0
389	0.00105505021100025	0.0010550502110003	0	0.95	0.952	0.00105505021100025	0.0010550502110003	1	300	A45	C2	1000	10000	0	0.5	300	0.1
390	-0.00110660325080048	-0.0011066032508005	0	0.93	0.938	-0.00110660325080048	-0.0011066032508005	FGr	300	A45	C2	1000	10000	0	0.5	300	0.1
391	-0.000210620445649887	-0.000210620445649927	0	0.986	0.989	-0.000210620445649887	-0.000210620445649927	NoCorrection	300	A45	C2	1000	10000	0	0.5	300	0.1
392	0.000698417057199706	0.000698417057199706	0	0.964	0.956	0.000698417057199706	0.000698417057199706	ID	300	A45	C2	1000	10000	0	0.5	300	0.1
393	-0.0232826034537001	-0.0232826034537	0	0.209	0.209	-0.0232826034537001	-0.0232826034537	1	300	A45	C2	1000	10000	0	0.5	300	0.5
394	-0.0304919979516503	-0.0304919979516503	0	0.14	0.124	-0.0304919979516503	-0.0304919979516503	FGr	300	A45	C2	1000	10000	0	0.5	300	0.5
395	-0.0290983446598502	-0.0290983446598502	0	0.16	0.161	-0.0290983446598502	-0.0290983446598502	NoCorrection	300	A45	C2	1000	10000	0	0.5	300	0.5
396	-0.0194058808114998	-0.0194058808114997	0	0.248	0.247	-0.0194058808114998	-0.0194058808114997	ID	300	A45	C2	1000	10000	0	0.5	300	0.5
397	0.0089117913987	0.00891179139870001	0	0.639	0.64	0.0089117913987	0.00891179139870001	1	300	A45	C2	1000	10000	0	0.5	300	1
398	-0.00368346530637951	-0.00368346530637941	0	0.926	0.901	-0.00368346530637951	-0.00368346530637941	FGr	300	A45	C2	1000	10000	0	0.5	300	1
399	-0.00293976265190057	-0.00293976265190055	0	0.921	0.937	-0.00293976265190057	-0.00293976265190055	NoCorrection	300	A45	C2	1000	10000	0	0.5	300	1
400	0.0152112038144803	0.0152112038144804	0	0.436	0.437	0.0152112038144803	0.0152112038144804	ID	300	A45	C2	1000	10000	0	0.5	300	1
401	0.00656647726949987	0.04220013965	0	0.733	0.179	0.00656647726949987	0.04220013965	1	1000	A45	C2	1000	10000	0	0.5	300	0
402	0.00657088087539999	0.045979119275	0	0.734	0.139	0.00657088087539999	0.045979119275	FGr	1000	A45	C2	1000	10000	0	0.5	300	0
403	0.00620042173823984	0.0423142115399999	0	0.742	0.193	0.00620042173823984	0.0423142115399999	NoCorrection	1000	A45	C2	1000	10000	0	0.5	300	0
404	0.00635361403720002	0.0413254348050001	0	0.743	0.172	0.00635361403720002	0.0413254348050001	ID	1000	A45	C2	1000	10000	0	0.5	300	0
405	0.0248499155573497	0.06278950354	0	0.249	0.075	0.0248499155573497	0.06278950354	1	1000	A45	C2	1000	10000	0	0.5	300	0.1
406	0.0264429878395499	0.0744284490300001	0	0.216	0.032	0.0264429878395499	0.0744284490300001	FGr	1000	A45	C2	1000	10000	0	0.5	300	0.1
407	0.0256305178472001	0.075292035445	0	0.223	0.023	0.0256305178472001	0.075292035445	NoCorrection	1000	A45	C2	1000	10000	0	0.5	300	0.1
408	0.0253006678239198	0.0604209759049999	0	0.237	0.074	0.0253006678239198	0.0604209759049999	ID	1000	A45	C2	1000	10000	0	0.5	300	0.1
409	-0.0054768110371	-0.0209485492199987	0	0.776	0.484	-0.0054768110371	-0.0209485492199987	1	1000	A45	C2	1000	10000	0	0.5	300	0.5
410	-0.00185775880520015	0.00774446037999809	0	0.928	0.82	-0.00185775880520015	0.00774446037999809	FGr	1000	A45	C2	1000	10000	0	0.5	300	0.5
411	-0.00209059511455023	0.00468758440999999	0	0.918	0.89	-0.00209059511455023	0.00468758440999999	NoCorrection	1000	A45	C2	1000	10000	0	0.5	300	0.5
412	-0.0030016319915	-0.0238386578399989	0	0.878	0.439	-0.0030016319915	-0.0238386578399989	ID	1000	A45	C2	1000	10000	0	0.5	300	0.5
413	0.00132701257484999	0.0397054794350003	0	0.951	0.153	0.00132701257484999	0.0397054794350003	1	1000	A45	C2	1000	10000	0	0.5	300	1
414	0.00878979894164952	0.0679903972350005	0	0.767	0.135	0.00878979894164952	0.0679903972350005	FGr	1000	A45	C2	1000	10000	0	0.5	300	1
415	0.00814746722869977	0.0661493198649998	0	0.783	0.156	0.00814746722869977	0.0661493198649998	NoCorrection	1000	A45	C2	1000	10000	0	0.5	300	1
416	0.00651378898305	0.0264083168499999	0	0.719	0.342	0.00651378898305	0.0264083168499999	ID	1000	A45	C2	1000	10000	0	0.5	300	1
417	0.00175305302475005	-0.100539530304999	0	0.937	0.025	0.00175305302475005	-0.100539530304999	1	10000	A45	C2	1000	10000	0	0.5	300	0
418	0.00102977438435028	-0.123494584574999	0	0.959	0.007	0.00102977438435028	-0.123494584574999	FGr	10000	A45	C2	1000	10000	0	0.5	300	0
419	0.0011458887555505	-0.127303893230001	0	0.946	0.008	0.0011458887555505	-0.127303893230001	NoCorrection	10000	A45	C2	1000	10000	0	0.5	300	0
420	0.00190410789854967	-0.105495916575002	0	0.92	0.031	0.00190410789854967	-0.105495916575002	ID	10000	A45	C2	1000	10000	0	0.5	300	0
421	-0.0240465860047	0.041588626565	0	0.258	0.408	-0.0240465860047	0.041588626565	1	10000	A45	C2	1000	10000	0	0.5	300	0.1
422	-0.0242723858524	0.0305643697599998	0	0.274	0.57	-0.0242723858524	0.0305643697599998	FGr	10000	A45	C2	1000	10000	0	0.5	300	0.1
423	-0.0247610578595	0.0350476464450001	0	0.24	0.492	-0.0247610578595	0.0350476464450001	NoCorrection	10000	A45	C2	1000	10000	0	0.5	300	0.1
424	-0.0236495131018	0.0432311101549989	0	0.286	0.389	-0.0236495131018	0.0432311101549989	ID	10000	A45	C2	1000	10000	0	0.5	300	0.1
425	0.0122118050441	0.0646025991600001	0	0.545	0.226	0.0122118050441	0.0646025991600001	1	10000	A45	C2	1000	10000	0	0.5	300	0.5
426	0.00928920588391999	-0.0437113714999973	0	0.674	0.455	0.00928920588391999	-0.0437113714999973	FGr	10000	A45	C2	1000	10000	0	0.5	300	0.5
427	0.00766257472799493	-0.0756574863000002	0	0.749	0.189	0.00766257472799493	-0.0756574863000002	NoCorrection	10000	A45	C2	1000	10000	0	0.5	300	0.5
428	0.013278025860915	0.0621696713499997	0	0.539	0.233	0.013278025860915	0.0621696713499997	ID	10000	A45	C2	1000	10000	0	0.5	300	0.5
429	-0.02234656231123	0.0609936432249999	0	0.283	0.175	-0.02234656231123	0.0609936432249999	1	10000	A45	C2	1000	10000	0	0.5	300	1
430	-0.0282881673709496	-0.0200198752499996	0	0.348	0.764	-0.0282881673709496	-0.0200198752499996	FGr	10000	A45	C2	1000	10000	0	0.5	300	1
431	-0.0300880283190998	-0.0719188614000003	0	0.344	0.248	-0.0300880283190998	-0.0719188614000003	NoCorrection	10000	A45	C2	1000	10000	0	0.5	300	1
432	-0.0205903162170501	0.070899081535	0	0.309	0.113	-0.0205903162170501	0.070899081535	ID	10000	A45	C2	1000	10000	0	0.5	300	1
433	0.01839067934535	0.01839067934535	0	0.119	0.108	0.01839067934535	0.01839067934535	1	300	A45	C2	10000	100	0	0.5	300	0
434	0.018557211404	0.018557211404	0	0.096	0.112	0.018557211404	0.018557211404	FGr	300	A45	C2	10000	100	0	0.5	300	0
435	0.01856497084	0.01856497084	0	0.097	0.107	0.01856497084	0.01856497084	NoCorrection	300	A45	C2	10000	100	0	0.5	300	0
436	0.019455537265	0.019455537265	0	0.075	0.086	0.019455537265	0.019455537265	ID	300	A45	C2	10000	100	0	0.5	300	0
437	-0.020570357354	-0.020570357354	0	0.137	0.102	-0.020570357354	-0.020570357354	1	300	A45	C2	10000	100	0	0.5	300	0.1
438	-0.018993775783	-0.018993775783	0	0.147	0.132	-0.018993775783	-0.018993775783	FGr	300	A45	C2	10000	100	0	0.5	300	0.1
439	-0.018992145969	-0.018992145969	0	0.165	0.153	-0.018992145969	-0.018992145969	NoCorrection	300	A45	C2	10000	100	0	0.5	300	0.1
440	-0.02144586621	-0.02144586621	0	0.079	0.102	-0.02144586621	-0.02144586621	ID	300	A45	C2	10000	100	0	0.5	300	0.1
441	0.0037467793455	0.0037467793455	0	0.76	0.763	0.0037467793455	0.0037467793455	1	300	A45	C2	10000	100	0	0.5	300	0.5
442	0.015194433527	0.015194433527	0	0.526	0.493	0.015194433527	0.015194433527	FGr	300	A45	C2	10000	100	0	0.5	300	0.5
443	0.01517480346	0.01517480346	0	0.521	0.522	0.01517480346	0.01517480346	NoCorrection	300	A45	C2	10000	100	0	0.5	300	0.5
444	0.0033342316365	0.0033342316365	0	0.766	0.778	0.0033342316365	0.0033342316365	ID	300	A45	C2	10000	100	0	0.5	300	0.5
445	0.010954635554	0.010954635554	0	0.371	0.375	0.010954635554	0.010954635554	1	300	A45	C2	10000	100	0	0.5	300	1
446	0.032063713789	0.032063713789	0	0.455	0.44	0.032063713789	0.032063713789	FGr	300	A45	C2	10000	100	0	0.5	300	1
447	0.032072671574	0.032072671574	0	0.421	0.44	0.032072671574	0.032072671574	NoCorrection	300	A45	C2	10000	100	0	0.5	300	1
448	0.00910471218302499	0.009104712183025	0	0.429	0.442	0.00910471218302499	0.009104712183025	ID	300	A45	C2	10000	100	0	0.5	300	1
449	0.000153042300999985	-0.01673651	0	0.99	0.377	0.000153042300999985	-0.01673651	1	1000	A45	C2	10000	100	0	0.5	300	0
450	-2.20009169999946e-05	-0.0135099845	0	0.998	0.453	-2.20009169999946e-05	-0.0135099845	FGr	1000	A45	C2	10000	100	0	0.5	300	0
451	-2.14729099998867e-06	-0.0141895745	0	1	0.422	-2.14729099998867e-06	-0.0141895745	NoCorrection	1000	A45	C2	10000	100	0	0.5	300	0
452	-2.32615934999991e-05	-0.013894837	0	0.999	0.441	-2.32615934999991e-05	-0.013894837	ID	1000	A45	C2	10000	100	0	0.5	300	0
453	0.028329393555	0.0112530485	0	0.011	0.525	0.028329393555	0.0112530485	1	1000	A45	C2	10000	100	0	0.5	300	0.1
454	0.02640177522	0.00716879549999999	0	0.049	0.699	0.02640177522	0.00716879549999999	FGr	1000	A45	C2	10000	100	0	0.5	300	0.1
455	0.026417781895	0.00668381550000001	0	0.039	0.729	0.026417781895	0.00668381550000001	NoCorrection	1000	A45	C2	10000	100	0	0.5	300	0.1
456	0.027905807461	0.0100802485	0	0.018	0.556	0.027905807461	0.0100802485	ID	1000	A45	C2	10000	100	0	0.5	300	0.1
457	-0.00427233989350002	-0.0011294685	0	0.695	0.96	-0.00427233989350002	-0.0011294685	1	1000	A45	C2	10000	100	0	0.5	300	0.5
458	-0.012250281856	0.00657395449999999	0	0.608	0.845	-0.012250281856	0.00657395449999999	FGr	1000	A45	C2	10000	100	0	0.5	300	0.5
459	-0.012286623827	0.00659727250000002	0	0.64	0.835	-0.012286623827	0.00659727250000002	NoCorrection	1000	A45	C2	10000	100	0	0.5	300	0.5
460	-0.00573339995000003	-0.0040265765	0	0.603	0.845	-0.00573339995000003	-0.0040265765	ID	1000	A45	C2	10000	100	0	0.5	300	0.5
461	0.006787556627	0.020524849	0	0.611	0.266	0.006787556627	0.020524849	1	1000	A45	C2	10000	100	0	0.5	300	1
462	-0.00850842558	0.0355963055000001	0	0.804	0.532	-0.00850842558	0.0355963055000001	FGr	1000	A45	C2	10000	100	0	0.5	300	1
463	-0.0084607952	0.033268393	0	0.827	0.571	-0.0084607952	0.033268393	NoCorrection	1000	A45	C2	10000	100	0	0.5	300	1
464	0.00413766826165	0.011973842	0	0.73	0.496	0.00413766826165	0.011973842	ID	1000	A45	C2	10000	100	0	0.5	300	1
465	0.01085939009	-0.011737276	0	0.308	0.658	0.01085939009	-0.011737276	1	10000	A45	C2	10000	100	0	0.5	300	0
466	0.010676958397	-0.0105770405	0	0.317	0.699	0.010676958397	-0.0105770405	FGr	10000	A45	C2	10000	100	0	0.5	300	0
467	0.0106246142685	-0.013068741	0	0.315	0.654	0.0106246142685	-0.013068741	NoCorrection	10000	A45	C2	10000	100	0	0.5	300	0
468	0.010809151135	-0.013137294	0	0.286	0.627	0.010809151135	-0.013137294	ID	10000	A45	C2	10000	100	0	0.5	300	0
469	-0.000872888107500011	-0.026290858	0	0.922	0.365	-0.000872888107500011	-0.026290858	1	10000	A45	C2	10000	100	0	0.5	300	0.1
470	-0.00223379624949999	-0.052894661	0	0.827	0.094	-0.00223379624949999	-0.052894661	FGr	10000	A45	C2	10000	100	0	0.5	300	0.1
471	-0.00229831743999999	-0.0472828985	0	0.803	0.111	-0.00229831743999999	-0.0472828985	NoCorrection	10000	A45	C2	10000	100	0	0.5	300	0.1
472	-0.000908220661500007	-0.0271988515	0	0.922	0.378	-0.000908220661500007	-0.0271988515	ID	10000	A45	C2	10000	100	0	0.5	300	0.1
473	-0.014053549909	0.00465855199999997	0	0.17	0.866	-0.014053549909	0.00465855199999997	1	10000	A45	C2	10000	100	0	0.5	300	0.5
474	-0.02376710919	-0.0447780169999999	0	0.169	0.434	-0.02376710919	-0.0447780169999999	FGr	10000	A45	C2	10000	100	0	0.5	300	0.5
475	-0.02372968053	-0.0441641710000001	0	0.175	0.417	-0.02372968053	-0.0441641710000001	NoCorrection	10000	A45	C2	10000	100	0	0.5	300	0.5
476	-0.0141659702	-0.00605341450000002	0	0.19	0.837	-0.0141659702	-0.00605341450000002	ID	10000	A45	C2	10000	100	0	0.5	300	0.5
477	-0.008837850225	0.034716623	0	0.45	0.236	-0.008837850225	0.034716623	1	10000	A45	C2	10000	100	0	0.5	300	1
478	-0.02745328388	-0.041951925	0	0.388	0.665	-0.02745328388	-0.041951925	FGr	10000	A45	C2	10000	100	0	0.5	300	1
479	-0.02753632565	-0.052061265	0	0.403	0.541	-0.02753632565	-0.052061265	NoCorrection	10000	A45	C2	10000	100	0	0.5	300	1
480	-0.00881348563	0.0297279345	0	0.422	0.284	-0.00881348563	0.0297279345	ID	10000	A45	C2	10000	100	0	0.5	300	1
481	-0.00277256868875	-0.00277256868875001	0	0.677	0.655	-0.00277256868875	-0.00277256868875001	1	300	A45	C2	10000	1000	0	0.5	300	0
482	-0.00229376325140001	-0.00229376325140001	0	0.733	0.699	-0.00229376325140001	-0.00229376325140001	FGr	300	A45	C2	10000	1000	0	0.5	300	0
483	-0.002278592588	-0.002278592588	0	0.713	0.726	-0.002278592588	-0.002278592588	NoCorrection	300	A45	C2	10000	1000	0	0.5	300	0
484	-0.00251235141524999	-0.00251235141524999	0	0.688	0.689	-0.00251235141524999	-0.00251235141524999	ID	300	A45	C2	10000	1000	0	0.5	300	0
485	0.00674399130409999	0.00674399130409998	0	0.283	0.304	0.00674399130409999	0.00674399130409998	1	300	A45	C2	10000	1000	0	0.5	300	0.1
486	0.007835008706	0.00783500870600001	0	0.219	0.243	0.007835008706	0.00783500870600001	FGr	300	A45	C2	10000	1000	0	0.5	300	0.1
487	0.00781800705320001	0.00781800705320001	0	0.24	0.233	0.00781800705320001	0.00781800705320001	NoCorrection	300	A45	C2	10000	1000	0	0.5	300	0.1
488	0.00709821904536004	0.00709821904536003	0	0.283	0.25	0.00709821904536004	0.00709821904536003	ID	300	A45	C2	10000	1000	0	0.5	300	0.1
489	-0.00326694494269999	-0.0032669449427	0	0.649	0.643	-0.00326694494269999	-0.0032669449427	1	300	A45	C2	10000	1000	0	0.5	300	0.5
490	0.00535172990200007	0.00535172990200006	0	0.611	0.632	0.00535172990200007	0.00535172990200006	FGr	300	A45	C2	10000	1000	0	0.5	300	0.5
491	0.00545063939570004	0.00545063939570006	0	0.588	0.602	0.00545063939570004	0.00545063939570006	NoCorrection	300	A45	C2	10000	1000	0	0.5	300	0.5
492	8.35654500002203e-06	8.35654500001037e-06	0	0.999	0.999	8.35654500002203e-06	8.35654500001037e-06	ID	300	A45	C2	10000	1000	0	0.5	300	0.5
493	-0.021485601272	-0.021485601272	0	0.011	0.002	-0.021485601272	-0.021485601272	1	300	A45	C2	10000	1000	0	0.5	300	1
494	-0.00447307744700004	-0.00447307744700002	0	0.821	0.832	-0.00447307744700004	-0.00447307744700002	FGr	300	A45	C2	10000	1000	0	0.5	300	1
495	-0.00438728547200008	-0.00438728547200014	0	0.822	0.815	-0.00438728547200008	-0.00438728547200014	NoCorrection	300	A45	C2	10000	1000	0	0.5	300	1
496	-0.01543349434205	-0.01543349434205	0	0.022	0.032	-0.01543349434205	-0.01543349434205	ID	300	A45	C2	10000	1000	0	0.5	300	1
497	0.00154092971090002	0.01429825085	0	0.801	0.202	0.00154092971090002	0.01429825085	1	1000	A45	C2	10000	1000	0	0.5	300	0
498	0.00161049564774997	0.0175201424	0	0.811	0.113	0.00161049564774997	0.0175201424	FGr	1000	A45	C2	10000	1000	0	0.5	300	0
499	0.001698230137	0.01794274055	0	0.787	0.094	0.001698230137	0.01794274055	NoCorrection	1000	A45	C2	10000	1000	0	0.5	300	0
500	0.00142137493534998	0.0140145541500001	0	0.83	0.18	0.00142137493534998	0.0140145541500001	ID	1000	A45	C2	10000	1000	0	0.5	300	0
501	-0.00852503833105	0.0028973122	0	0.099	0.765	-0.00852503833105	0.0028973122	1	1000	A45	C2	10000	1000	0	0.5	300	0.1
502	-0.00635900976899998	-0.00598168025	0	0.289	0.599	-0.00635900976899998	-0.00598168025	FGr	1000	A45	C2	10000	1000	0	0.5	300	0.1
503	-0.00628969234240001	-0.0069693414	0	0.316	0.532	-0.00628969234240001	-0.0069693414	NoCorrection	1000	A45	C2	10000	1000	0	0.5	300	0.1
504	-0.00856449568776999	0.00192800190000002	0	0.108	0.848	-0.00856449568776999	0.00192800190000002	ID	1000	A45	C2	10000	1000	0	0.5	300	0.1
505	-0.00379356301789996	-0.00968081075	0	0.526	0.388	-0.00379356301789996	-0.00968081075	1	1000	A45	C2	10000	1000	0	0.5	300	0.5
506	0.00281375062629991	-0.03984059745	0	0.815	0.033	0.00281375062629991	-0.03984059745	FGr	1000	A45	C2	10000	1000	0	0.5	300	0.5
507	0.00258957018949997	-0.0416236795	0	0.812	0.02	0.00258957018949997	-0.0416236795	NoCorrection	1000	A45	C2	10000	1000	0	0.5	300	0.5
508	-0.00446515260679998	-0.00766909500000001	0	0.432	0.486	-0.00446515260679998	-0.00766909500000001	ID	1000	A45	C2	10000	1000	0	0.5	300	0.5
509	0.0118761687297	0.00892807344999994	0	0.075	0.386	0.0118761687297	0.00892807344999994	1	1000	A45	C2	10000	1000	0	0.5	300	1
510	0.0257242620035001	-0.0339571179000001	0	0.276	0.315	0.0257242620035001	-0.0339571179000001	FGr	1000	A45	C2	10000	1000	0	0.5	300	1
511	0.025269002907	-0.03534752865	0	0.282	0.313	0.025269002907	-0.03534752865	NoCorrection	1000	A45	C2	10000	1000	0	0.5	300	1
512	0.0106905603415	0.00361810035000002	0	0.061	0.698	0.0106905603415	0.00361810035000002	ID	1000	A45	C2	10000	1000	0	0.5	300	1
513	0.00437952259049998	0.0132430732	0	0.513	0.404	0.00437952259049998	0.0132430732	1	10000	A45	C2	10000	1000	0	0.5	300	0
514	0.0044412316707	0.0185255905	0	0.473	0.26	0.0044412316707	0.0185255905	FGr	10000	A45	C2	10000	1000	0	0.5	300	0
515	0.00444968891209999	0.01888363835	0	0.485	0.245	0.00444968891209999	0.01888363835	NoCorrection	10000	A45	C2	10000	1000	0	0.5	300	0
516	0.00437851818149999	0.0136276891	0	0.502	0.393	0.00437851818149999	0.0136276891	ID	10000	A45	C2	10000	1000	0	0.5	300	0
517	-0.00458082473484997	0.00965190385	0	0.485	0.571	-0.00458082473484997	0.00965190385	1	10000	A45	C2	10000	1000	0	0.5	300	0.1
518	-0.00514904829500004	0.0220857601	0	0.471	0.214	-0.00514904829500004	0.0220857601	FGr	10000	A45	C2	10000	1000	0	0.5	300	0.1
519	-0.00513926598550002	0.02374499665	0	0.45	0.185	-0.00513926598550002	0.02374499665	NoCorrection	10000	A45	C2	10000	1000	0	0.5	300	0.1
520	-0.00449197103289998	0.00800384854999999	0	0.496	0.635	-0.00449197103289998	0.00800384854999999	ID	10000	A45	C2	10000	1000	0	0.5	300	0.1
521	-0.00865380322957001	-0.00489902679999999	0	0.213	0.765	-0.00865380322957001	-0.00489902679999999	1	10000	A45	C2	10000	1000	0	0.5	300	0.5
522	-0.0123733147004	0.0232290387000001	0	0.335	0.485	-0.0123733147004	0.0232290387000001	FGr	10000	A45	C2	10000	1000	0	0.5	300	0.5
523	-0.0123322690615	0.0200521668999999	0	0.359	0.57	-0.0123322690615	0.0200521668999999	NoCorrection	10000	A45	C2	10000	1000	0	0.5	300	0.5
524	-0.0084110430246	-0.00052786845	0	0.224	0.98	-0.0084110430246	-0.00052786845	ID	10000	A45	C2	10000	1000	0	0.5	300	0.5
525	0.00671464973080004	0.0185532952999999	0	0.328	0.28	0.00671464973080004	0.0185532952999999	1	10000	A45	C2	10000	1000	0	0.5	300	1
526	-0.000489777191500023	0.0897817865	0	0.975	0.11	-0.000489777191500023	0.0897817865	FGr	10000	A45	C2	10000	1000	0	0.5	300	1
527	-0.000380162809000086	0.0945920875	0	0.989	0.09	-0.000380162809000086	0.0945920875	NoCorrection	10000	A45	C2	10000	1000	0	0.5	300	1
528	0.00721481589160008	0.02145526435	0	0.274	0.18	0.00721481589160008	0.02145526435	ID	10000	A45	C2	10000	1000	0	0.5	300	1
529	-0.00415966352066602	-0.00415966352066602	0	0.496	0.485	-0.00415966352066602	-0.00415966352066602	1	300	A45	C2	10000	10000	0	0.5	300	0
530	-0.00426469595629505	-0.00426469595629504	0	0.457	0.452	-0.00426469595629505	-0.00426469595629504	FGr	300	A45	C2	10000	10000	0	0.5	300	0
531	-0.00427195286591997	-0.00427195286591997	0	0.429	0.447	-0.00427195286591997	-0.00427195286591997	NoCorrection	300	A45	C2	10000	10000	0	0.5	300	0
532	-0.00421225187849999	-0.00421225187849999	0	0.474	0.454	-0.00421225187849999	-0.00421225187849999	ID	300	A45	C2	10000	10000	0	0.5	300	0
533	-0.00101718158719988	-0.00101718158719988	0	0.862	0.87	-0.00101718158719988	-0.00101718158719988	1	300	A45	C2	10000	10000	0	0.5	300	0.1
534	7.77400587999953e-05	7.77400587999975e-05	0	0.984	0.99	7.77400587999953e-05	7.77400587999975e-05	FGr	300	A45	C2	10000	10000	0	0.5	300	0.1
535	7.16654419500057e-05	7.16654419500056e-05	0	0.991	0.991	7.16654419500057e-05	7.16654419500056e-05	NoCorrection	300	A45	C2	10000	10000	0	0.5	300	0.1
536	-0.000643031269165051	-0.000643031269165064	0	0.909	0.921	-0.000643031269165051	-0.000643031269165064	ID	300	A45	C2	10000	10000	0	0.5	300	0.1
537	-0.00651710407146507	-0.00651710407146508	0	0.348	0.363	-0.00651710407146507	-0.00651710407146508	1	300	A45	C2	10000	10000	0	0.5	300	0.5
538	-0.00246842477499998	-0.00246842477499999	0	0.859	0.865	-0.00246842477499998	-0.00246842477499999	FGr	300	A45	C2	10000	10000	0	0.5	300	0.5
539	-0.00249486104149982	-0.0024948610414998	0	0.851	0.876	-0.00249486104149982	-0.0024948610414998	NoCorrection	300	A45	C2	10000	10000	0	0.5	300	0.5
540	-0.00530384076876999	-0.00530384076876999	0	0.462	0.463	-0.00530384076876999	-0.00530384076876999	ID	300	A45	C2	10000	10000	0	0.5	300	0.5
541	-0.00190792997872991	-0.00190792997872992	0	0.791	0.784	-0.00190792997872991	-0.00190792997872992	1	300	A45	C2	10000	10000	0	0.5	300	1
542	0.00535797741869515	0.00535797741869519	0	0.773	0.799	0.00535797741869515	0.00535797741869519	FGr	300	A45	C2	10000	10000	0	0.5	300	1
543	0.00530759937396993	0.00530759937397011	0	0.798	0.804	0.00530759937396993	0.00530759937397011	NoCorrection	300	A45	C2	10000	10000	0	0.5	300	1
544	-0.000107938213850082	-0.000107938213850082	0	0.983	0.985	-0.000107938213850082	-0.000107938213850082	ID	300	A45	C2	10000	10000	0	0.5	300	1
545	0.00455931986473997	-0.0118278153799997	0	0.541	0.236	0.00455931986473997	-0.0118278153799997	1	1000	A45	C2	10000	10000	0	0.5	300	0
546	0.00474371829676506	-0.00955017260500012	0	0.498	0.322	0.00474371829676506	-0.00955017260500012	FGr	1000	A45	C2	10000	10000	0	0.5	300	0
547	0.00474847407925005	-0.00990342838999988	0	0.466	0.316	0.00474847407925005	-0.00990342838999988	NoCorrection	1000	A45	C2	10000	10000	0	0.5	300	0
548	0.00456620136987001	-0.01246237774	0	0.502	0.216	0.00456620136987001	-0.01246237774	ID	1000	A45	C2	10000	10000	0	0.5	300	0
549	-0.002322279925465	-0.00135051341999999	0	0.719	0.879	-0.002322279925465	-0.00135051341999999	1	1000	A45	C2	10000	10000	0	0.5	300	0.1
550	-0.00160647411819998	-0.00232905270999997	0	0.805	0.827	-0.00160647411819998	-0.00232905270999997	FGr	1000	A45	C2	10000	10000	0	0.5	300	0.1
551	-0.00161044139509	-0.00359127724499999	0	0.81	0.709	-0.00161044139509	-0.00359127724499999	NoCorrection	1000	A45	C2	10000	10000	0	0.5	300	0.1
552	-0.00224976794570001	2.8507600000225e-06	0	0.697	1	-0.00224976794570001	2.8507600000225e-06	ID	1000	A45	C2	10000	10000	0	0.5	300	0.1
553	-0.0052293491396	0.0130390225150001	0	0.403	0.155	-0.0052293491396	0.0130390225150001	1	1000	A45	C2	10000	10000	0	0.5	300	0.5
554	-0.00184656217265009	0.00819004748499996	0	0.886	0.714	-0.00184656217265009	0.00819004748499996	FGr	1000	A45	C2	10000	10000	0	0.5	300	0.5
555	-0.00184561124930013	0.00745647917499997	0	0.901	0.704	-0.00184561124930013	0.00745647917499997	NoCorrection	1000	A45	C2	10000	10000	0	0.5	300	0.5
556	-0.00480921176623505	0.0143468077499999	0	0.442	0.108	-0.00480921176623505	0.0143468077499999	ID	1000	A45	C2	10000	10000	0	0.5	300	0.5
557	-0.00764583723735	-0.00324999276499998	0	0.253	0.754	-0.00764583723735	-0.00324999276499998	1	1000	A45	C2	10000	10000	0	0.5	300	1
558	-0.00124967794514499	0.02610357999	0	0.953	0.474	-0.00124967794514499	0.02610357999	FGr	1000	A45	C2	10000	10000	0	0.5	300	1
559	-0.00126235502968485	0.0251305197700001	0	0.966	0.474	-0.00126235502968485	0.0251305197700001	NoCorrection	1000	A45	C2	10000	10000	0	0.5	300	1
560	-0.00708037090160002	0.000622006684999973	0	0.273	0.936	-0.00708037090160002	0.000622006684999973	ID	1000	A45	C2	10000	10000	0	0.5	300	1
561	0.00669611342530006	0.0154871046	0	0.321	0.292	0.00669611342530006	0.0154871046	1	10000	A45	C2	10000	10000	0	0.5	300	0
562	0.00681437541204509	0.0083539263250002	0	0.301	0.566	0.00681437541204509	0.0083539263250002	FGr	10000	A45	C2	10000	10000	0	0.5	300	0
563	0.0068349488793299	0.0110597874599998	0	0.303	0.447	0.0068349488793299	0.0110597874599998	NoCorrection	10000	A45	C2	10000	10000	0	0.5	300	0
564	0.0067297940972101	0.00972715959499977	0	0.305	0.49	0.0067297940972101	0.00972715959499977	ID	10000	A45	C2	10000	10000	0	0.5	300	0
565	-0.000774104833724926	0.00254668275500005	0	0.89	0.862	-0.000774104833724926	0.00254668275500005	1	10000	A45	C2	10000	10000	0	0.5	300	0.1
566	3.43651821997039e-05	-0.01369202732	0	0.996	0.376	3.43651821997039e-05	-0.01369202732	FGr	10000	A45	C2	10000	10000	0	0.5	300	0.1
567	1.18073808697059e-05	-0.01123238926	0	0.999	0.461	1.18073808697059e-05	-0.01123238926	NoCorrection	10000	A45	C2	10000	10000	0	0.5	300	0.1
568	-0.000753123447400076	0.00472527233499988	0	0.895	0.774	-0.000753123447400076	0.00472527233499988	ID	10000	A45	C2	10000	10000	0	0.5	300	0.1
569	-0.00325304047722	0.000814040034999623	0	0.591	0.942	-0.00325304047722	0.000814040034999623	1	10000	A45	C2	10000	10000	0	0.5	300	0.5
570	0.000995807401649571	0.02341803031	0	0.932	0.4	0.000995807401649571	0.02341803031	FGr	10000	A45	C2	10000	10000	0	0.5	300	0.5
571	0.00100083078745013	0.0233925854649999	0	0.935	0.367	0.00100083078745013	0.0233925854649999	NoCorrection	10000	A45	C2	10000	10000	0	0.5	300	0.5
572	-0.00292274192477995	0.000107990149999106	0	0.608	0.997	-0.00292274192477995	0.000107990149999106	ID	10000	A45	C2	10000	10000	0	0.5	300	0.5
573	-0.00371033711954991	0.0131367480699999	0	0.542	0.394	-0.00371033711954991	0.0131367480699999	1	10000	A45	C2	10000	10000	0	0.5	300	1
574	0.00472964208449934	0.00727425244999999	0	0.793	0.894	0.00472964208449934	0.00727425244999999	FGr	10000	A45	C2	10000	10000	0	0.5	300	1
575	0.00471188059989991	0.00940744494999998	0	0.822	0.857	0.00471188059989991	0.00940744494999998	NoCorrection	10000	A45	C2	10000	10000	0	0.5	300	1
576	-0.00302835776504499	0.01599949881	0	0.645	0.295	-0.00302835776504499	0.01599949881	ID	10000	A45	C2	10000	10000	0	0.5	300	1
