	c-q	nc-q	true-q	c-p	nc-p	c-bias	nc-bias	type	L	rep	config	gwas_size	test_size	h2	ts	num_causal	env
1	-0.01117449261	-0.01117449261	0	0.749	0.764	-0.01117449261	-0.01117449261	1	300	A47	C1	1000	100	0	0.5	300	0
2	0.010985006375	0.010985006375	0	0.774	0.767	0.010985006375	0.010985006375	FGr	300	A47	C1	1000	100	0	0.5	300	0
3	-0.0150591622	-0.0150591622	0	0.686	0.667	-0.0150591622	-0.0150591622	NoCorrection	300	A47	C1	1000	100	0	0.5	300	0
4	-0.022842837302	-0.022842837302	0	0.492	0.521	-0.022842837302	-0.022842837302	ID	300	A47	C1	1000	100	0	0.5	300	0
5	-0.02920830991	-0.02920830991	0	0.381	0.401	-0.02920830991	-0.02920830991	1	300	A47	C1	1000	100	0	0.5	300	0.1
6	0.00605783397500001	0.00605783397499997	0	0.86	0.859	0.00605783397500001	0.00605783397499997	FGr	300	A47	C1	1000	100	0	0.5	300	0.1
7	0.02443239053	0.02443239053	0	0.452	0.467	0.02443239053	0.02443239053	NoCorrection	300	A47	C1	1000	100	0	0.5	300	0.1
8	-0.02947173215	-0.02947173215	0	0.394	0.383	-0.02947173215	-0.02947173215	ID	300	A47	C1	1000	100	0	0.5	300	0.1
9	0.0485824009655	0.0485824009655	0	0.151	0.174	0.0485824009655	0.0485824009655	1	300	A47	C1	1000	100	0	0.5	300	0.5
10	0.169007753475	0.169007753475	0	0	0	0.169007753475	0.169007753475	FGr	300	A47	C1	1000	100	0	0.5	300	0.5
11	0.25330554155	0.25330554155	0	0	0	0.25330554155	0.25330554155	NoCorrection	300	A47	C1	1000	100	0	0.5	300	0.5
12	0.038210550425	0.038210550425	0	0.268	0.306	0.038210550425	0.038210550425	ID	300	A47	C1	1000	100	0	0.5	300	0.5
13	0.058550494635	0.058550494635	0	0.184	0.169	0.058550494635	0.058550494635	1	300	A47	C1	1000	100	0	0.5	300	1
14	0.257267974135	0.257267974135	0	0	0	0.257267974135	0.257267974135	FGr	300	A47	C1	1000	100	0	0.5	300	1
15	0.425028152436	0.425028152436	0	0	0	0.425028152436	0.425028152436	NoCorrection	300	A47	C1	1000	100	0	0.5	300	1
16	0.0027042491	0.0027042491	0	0.954	0.944	0.0027042491	0.0027042491	ID	300	A47	C1	1000	100	0	0.5	300	1
17	-0.0112454188049999	-0.0136791535	0	0.762	0.838	-0.0112454188049999	-0.0136791535	1	1000	A47	C1	1000	100	0	0.5	300	0
18	0.00112101543499995	0.0132770385	0	0.982	0.844	0.00112101543499995	0.0132770385	FGr	1000	A47	C1	1000	100	0	0.5	300	0
19	0.00672019587000004	0.0152737425	0	0.875	0.822	0.00672019587000004	0.0152737425	NoCorrection	1000	A47	C1	1000	100	0	0.5	300	0
20	-0.00079544144349999	0.0135438215000001	0	0.986	0.827	-0.00079544144349999	0.0135438215000001	ID	1000	A47	C1	1000	100	0	0.5	300	0
21	-0.00442114461	-0.013859811	0	0.918	0.825	-0.00442114461	-0.013859811	1	1000	A47	C1	1000	100	0	0.5	300	0.1
22	0.038504100443	0.060638684	0	0.353	0.361	0.038504100443	0.060638684	FGr	1000	A47	C1	1000	100	0	0.5	300	0.1
23	0.04531634483	0.0773658295000001	0	0.275	0.237	0.04531634483	0.0773658295000001	NoCorrection	1000	A47	C1	1000	100	0	0.5	300	0.1
24	-0.012920003085	-0.035059396	0	0.778	0.577	-0.012920003085	-0.035059396	ID	1000	A47	C1	1000	100	0	0.5	300	0.1
25	0.0376940932	0.0840314644999999	0	0.345	0.194	0.0376940932	0.0840314644999999	1	1000	A47	C1	1000	100	0	0.5	300	0.5
26	0.107328013045	0.2504943785	0	0.011	0	0.107328013045	0.2504943785	FGr	1000	A47	C1	1000	100	0	0.5	300	0.5
27	0.214349123695	0.479964855	0	0	0	0.214349123695	0.479964855	NoCorrection	1000	A47	C1	1000	100	0	0.5	300	0.5
28	0.025320335465	0.0621552225	0	0.54	0.316	0.025320335465	0.0621552225	ID	1000	A47	C1	1000	100	0	0.5	300	0.5
29	-0.0494901348	-0.020788151	0	0.265	0.767	-0.0494901348	-0.020788151	1	1000	A47	C1	1000	100	0	0.5	300	1
30	0.13418668945	0.3810474025	0	0.013	0	0.13418668945	0.3810474025	FGr	1000	A47	C1	1000	100	0	0.5	300	1
31	0.32565339575	0.854211388	0	0	0	0.32565339575	0.854211388	NoCorrection	1000	A47	C1	1000	100	0	0.5	300	1
32	-0.050427214925	-0.0323586565	0	0.227	0.638	-0.050427214925	-0.0323586565	ID	1000	A47	C1	1000	100	0	0.5	300	1
33	-0.016588542895	-0.109800305	0	0.621	0.256	-0.016588542895	-0.109800305	1	10000	A47	C1	1000	100	0	0.5	300	0
34	-0.01527585858	-0.0922609225	0	0.675	0.358	-0.01527585858	-0.0922609225	FGr	10000	A47	C1	1000	100	0	0.5	300	0
35	-0.031291548025	-0.15353081	0	0.39	0.116	-0.031291548025	-0.15353081	NoCorrection	10000	A47	C1	1000	100	0	0.5	300	0
36	-0.018238668375	-0.11618953	0	0.628	0.237	-0.018238668375	-0.11618953	ID	10000	A47	C1	1000	100	0	0.5	300	0
37	-0.014416001675	-0.1281916025	0	0.714	0.188	-0.014416001675	-0.1281916025	1	10000	A47	C1	1000	100	0	0.5	300	0.1
38	-0.00492263890550001	-0.0359472335000001	0	0.891	0.698	-0.00492263890550001	-0.0359472335000001	FGr	10000	A47	C1	1000	100	0	0.5	300	0.1
39	0.0186113696264	0.135381893	0	0.59	0.158	0.0186113696264	0.135381893	NoCorrection	10000	A47	C1	1000	100	0	0.5	300	0.1
40	-0.01586890315	-0.135696152	0	0.675	0.133	-0.01586890315	-0.135696152	ID	10000	A47	C1	1000	100	0	0.5	300	0.1
41	0.058782768165	-0.0805132394999999	0	0.14	0.4	0.058782768165	-0.0805132394999999	1	10000	A47	C1	1000	100	0	0.5	300	0.5
42	0.06025036972	0.00584802200000007	0	0.148	0.955	0.06025036972	0.00584802200000007	FGr	10000	A47	C1	1000	100	0	0.5	300	0.5
43	0.225322392578	0.96121202	0	0	0	0.225322392578	0.96121202	NoCorrection	10000	A47	C1	1000	100	0	0.5	300	0.5
44	0.058584003765	-0.0722524685000001	0	0.149	0.478	0.058584003765	-0.0722524685000001	ID	10000	A47	C1	1000	100	0	0.5	300	0.5
45	-0.000341376185700033	0.0189679315	0	0.991	0.834	-0.000341376185700033	0.0189679315	1	10000	A47	C1	1000	100	0	0.5	300	1
46	0.02087494729	0.2101946825	0	0.62	0.034	0.02087494729	0.2101946825	FGr	10000	A47	C1	1000	100	0	0.5	300	1
47	0.36524140694	2.240043235	0	0	0	0.36524140694	2.240043235	NoCorrection	10000	A47	C1	1000	100	0	0.5	300	1
48	-0.00161605814	0.0581932055	0	0.968	0.521	-0.00161605814	0.0581932055	ID	10000	A47	C1	1000	100	0	0.5	300	1
49	0.00726421833699995	0.00726421833699996	0	0.786	0.808	0.00726421833699995	0.00726421833699996	1	300	A47	C1	1000	1000	0	0.5	300	0
50	9.20117733499328e-05	9.20117733498851e-05	0	0.996	0.997	9.20117733499328e-05	9.20117733498851e-05	FGr	300	A47	C1	1000	1000	0	0.5	300	0
51	-0.0117567255255001	-0.0117567255255	0	0.668	0.65	-0.0117567255255001	-0.0117567255255	NoCorrection	300	A47	C1	1000	1000	0	0.5	300	0
52	-0.00228962715399989	-0.00228962715399992	0	0.938	0.916	-0.00228962715399989	-0.00228962715399992	ID	300	A47	C1	1000	1000	0	0.5	300	0
53	0.0571138324714998	0.0571138324714999	0	0.05	0.046	0.0571138324714998	0.0571138324714999	1	300	A47	C1	1000	1000	0	0.5	300	0.1
54	0.1000739864908	0.1000739864908	0	0.001	0.001	0.1000739864908	0.1000739864908	FGr	300	A47	C1	1000	1000	0	0.5	300	0.1
55	0.1144053183455	0.1144053183455	0	0	0	0.1144053183455	0.1144053183455	NoCorrection	300	A47	C1	1000	1000	0	0.5	300	0.1
56	0.0584596877445001	0.0584596877445001	0	0.046	0.049	0.0584596877445001	0.0584596877445001	ID	300	A47	C1	1000	1000	0	0.5	300	0.1
57	0.00327374112849997	0.00327374112849998	0	0.895	0.903	0.00327374112849997	0.00327374112849998	1	300	A47	C1	1000	1000	0	0.5	300	0.5
58	0.1049224532945	0.1049224532945	0	0.001	0	0.1049224532945	0.1049224532945	FGr	300	A47	C1	1000	1000	0	0.5	300	0.5
59	0.15766998979	0.15766998979	0	0	0	0.15766998979	0.15766998979	NoCorrection	300	A47	C1	1000	1000	0	0.5	300	0.5
60	-0.0104098745855	-0.0104098745855001	0	0.678	0.689	-0.0104098745855	-0.0104098745855001	ID	300	A47	C1	1000	1000	0	0.5	300	0.5
61	0.017437002098	0.017437002098	0	0.553	0.552	0.017437002098	0.017437002098	1	300	A47	C1	1000	1000	0	0.5	300	1
62	0.21585646673	0.21585646673	0	0	0	0.21585646673	0.21585646673	FGr	300	A47	C1	1000	1000	0	0.5	300	1
63	0.297821975395	0.297821975395	0	0	0	0.297821975395	0.297821975395	NoCorrection	300	A47	C1	1000	1000	0	0.5	300	1
64	-0.0065753679393	-0.00657536793929999	0	0.827	0.836	-0.0065753679393	-0.00657536793929999	ID	300	A47	C1	1000	1000	0	0.5	300	1
65	0.0426757260355	0.0319832336000001	0	0.107	0.499	0.0426757260355	0.0319832336000001	1	1000	A47	C1	1000	1000	0	0.5	300	0
66	0.0299874454095	-0.00806389509999958	0	0.255	0.881	0.0299874454095	-0.00806389509999958	FGr	1000	A47	C1	1000	1000	0	0.5	300	0
67	0.029552200411	-0.00834992629999969	0	0.271	0.855	0.029552200411	-0.00834992629999969	NoCorrection	1000	A47	C1	1000	1000	0	0.5	300	0
68	0.0378715741969999	0.0186165063499998	0	0.168	0.698	0.0378715741969999	0.0186165063499998	ID	1000	A47	C1	1000	1000	0	0.5	300	0
69	0.0195484806385002	0.0456482248	0	0.488	0.357	0.0195484806385002	0.0456482248	1	1000	A47	C1	1000	1000	0	0.5	300	0.1
70	0.0477124737171501	0.11306480625	0	0.085	0.016	0.0477124737171501	0.11306480625	FGr	1000	A47	C1	1000	1000	0	0.5	300	0.1
71	0.0807679457439999	0.20186525325	0	0.011	0	0.0807679457439999	0.20186525325	NoCorrection	1000	A47	C1	1000	1000	0	0.5	300	0.1
72	0.0233098884550002	0.0523390012499999	0	0.382	0.303	0.0233098884550002	0.0523390012499999	ID	1000	A47	C1	1000	1000	0	0.5	300	0.1
73	-0.00950044297699972	-0.0450524609	0	0.749	0.281	-0.00950044297699972	-0.0450524609	1	1000	A47	C1	1000	1000	0	0.5	300	0.5
74	0.039668302575	0.147831051	0	0.182	0.001	0.039668302575	0.147831051	FGr	1000	A47	C1	1000	1000	0	0.5	300	0.5
75	0.13765295924	0.380924321650001	0	0	0	0.13765295924	0.380924321650001	NoCorrection	1000	A47	C1	1000	1000	0	0.5	300	0.5
76	-0.00965493528724994	-0.0360406549	0	0.739	0.433	-0.00965493528724994	-0.0360406549	ID	1000	A47	C1	1000	1000	0	0.5	300	0.5
77	-0.02061565112135	-0.1086469208	0	0.454	0.016	-0.02061565112135	-0.1086469208	1	1000	A47	C1	1000	1000	0	0.5	300	1
78	0.0732760503965	0.2066313782	0	0.016	0	0.0732760503965	0.2066313782	FGr	1000	A47	C1	1000	1000	0	0.5	300	1
79	0.2269542440627	0.63740940055	0	0	0	0.2269542440627	0.63740940055	NoCorrection	1000	A47	C1	1000	1000	0	0.5	300	1
80	-0.0272087443449999	-0.10789486565	0	0.331	0.013	-0.0272087443449999	-0.10789486565	ID	1000	A47	C1	1000	1000	0	0.5	300	1
81	-0.0670515890889998	0.0166447450000004	0	0.027	0.827	-0.0670515890889998	0.0166447450000004	1	10000	A47	C1	1000	1000	0	0.5	300	0
82	-0.06745611889335	0.00935852549999955	0	0.022	0.904	-0.06745611889335	0.00935852549999955	FGr	10000	A47	C1	1000	1000	0	0.5	300	0
83	-0.107482625176	-0.193737317	0	0	0.005	-0.107482625176	-0.193737317	NoCorrection	10000	A47	C1	1000	1000	0	0.5	300	0
84	-0.0649089422135	0.0262014389999999	0	0.023	0.735	-0.0649089422135	0.0262014389999999	ID	10000	A47	C1	1000	1000	0	0.5	300	0
85	-0.012094236654	-0.053002496	0	0.655	0.42	-0.012094236654	-0.053002496	1	10000	A47	C1	1000	1000	0	0.5	300	0.1
86	-0.018038831078	-0.0905274567999999	0	0.545	0.148	-0.018038831078	-0.0905274567999999	FGr	10000	A47	C1	1000	1000	0	0.5	300	0.1
87	0.02532514348518	0.1207679335	0	0.373	0.06	0.02532514348518	0.1207679335	NoCorrection	10000	A47	C1	1000	1000	0	0.5	300	0.1
88	-0.0119463659325	-0.048175265	0	0.66	0.452	-0.0119463659325	-0.048175265	ID	10000	A47	C1	1000	1000	0	0.5	300	0.1
89	0.0221757191542499	-0.00276891674999992	0	0.352	0.967	0.0221757191542499	-0.00276891674999992	1	10000	A47	C1	1000	1000	0	0.5	300	0.5
90	0.0320667173495	0.08538565125	0	0.168	0.209	0.0320667173495	0.08538565125	FGr	10000	A47	C1	1000	1000	0	0.5	300	0.5
91	0.2028067030005	0.98039464	0	0	0	0.2028067030005	0.98039464	NoCorrection	10000	A47	C1	1000	1000	0	0.5	300	0.5
92	0.0244402385040001	0.01365448105	0	0.291	0.832	0.0244402385040001	0.01365448105	ID	10000	A47	C1	1000	1000	0	0.5	300	0.5
93	0.034844819008	-0.0209102935999999	0	0.239	0.749	0.034844819008	-0.0209102935999999	1	10000	A47	C1	1000	1000	0	0.5	300	1
94	0.046683628438	0.0457154525499997	0	0.109	0.522	0.046683628438	0.0457154525499997	FGr	10000	A47	C1	1000	1000	0	0.5	300	1
95	0.4242212256795	2.0152751975	0	0	0	0.4242212256795	2.0152751975	NoCorrection	10000	A47	C1	1000	1000	0	0.5	300	1
96	0.029710577716	-0.0296968096000001	0	0.33	0.67	0.029710577716	-0.0296968096000001	ID	10000	A47	C1	1000	1000	0	0.5	300	1
97	-0.00875471555099948	-0.00875471555099953	0	0.758	0.757	-0.00875471555099948	-0.00875471555099953	1	300	A47	C1	1000	10000	0	0.5	300	0
98	0.0272860092745	0.0272860092745	0	0.323	0.335	0.0272860092745	0.0272860092745	FGr	300	A47	C1	1000	10000	0	0.5	300	0
99	0.0269691244533	0.0269691244533	0	0.318	0.331	0.0269691244533	0.0269691244533	NoCorrection	300	A47	C1	1000	10000	0	0.5	300	0
100	-0.0107116138705002	-0.0107116138705002	0	0.687	0.698	-0.0107116138705002	-0.0107116138705002	ID	300	A47	C1	1000	10000	0	0.5	300	0
101	-0.03513157786325	-0.03513157786325	0	0.17	0.196	-0.03513157786325	-0.03513157786325	1	300	A47	C1	1000	10000	0	0.5	300	0.1
102	-0.01745713720355	-0.01745713720355	0	0.527	0.501	-0.01745713720355	-0.01745713720355	FGr	300	A47	C1	1000	10000	0	0.5	300	0.1
103	-0.0225599323268	-0.0225599323268	0	0.397	0.385	-0.0225599323268	-0.0225599323268	NoCorrection	300	A47	C1	1000	10000	0	0.5	300	0.1
104	-0.04022851073616	-0.04022851073616	0	0.127	0.116	-0.04022851073616	-0.04022851073616	ID	300	A47	C1	1000	10000	0	0.5	300	0.1
105	0.0167972379089999	0.0167972379089999	0	0.545	0.501	0.0167972379089999	0.0167972379089999	1	300	A47	C1	1000	10000	0	0.5	300	0.5
106	0.1270562167915	0.1270562167915	0	0.001	0	0.1270562167915	0.1270562167915	FGr	300	A47	C1	1000	10000	0	0.5	300	0.5
107	0.173733895421	0.173733895421	0	0	0	0.173733895421	0.173733895421	NoCorrection	300	A47	C1	1000	10000	0	0.5	300	0.5
108	0.0266639555504202	0.0266639555504202	0	0.349	0.319	0.0266639555504202	0.0266639555504202	ID	300	A47	C1	1000	10000	0	0.5	300	0.5
109	0.0270326324067499	0.02703263240675	0	0.4	0.396	0.0270326324067499	0.02703263240675	1	300	A47	C1	1000	10000	0	0.5	300	1
110	0.2276759752921	0.2276759752921	0	0	0	0.2276759752921	0.2276759752921	FGr	300	A47	C1	1000	10000	0	0.5	300	1
111	0.3252757974625	0.3252757974625	0	0	0	0.3252757974625	0.3252757974625	NoCorrection	300	A47	C1	1000	10000	0	0.5	300	1
112	0.0256776362160499	0.0256776362160499	0	0.375	0.408	0.0256776362160499	0.0256776362160499	ID	300	A47	C1	1000	10000	0	0.5	300	1
113	0.00986543112105001	0.0169412878849995	0	0.725	0.723	0.00986543112105001	0.0169412878849995	1	1000	A47	C1	1000	10000	0	0.5	300	0
114	0.000367169816549953	-0.00362972644000047	0	0.991	0.944	0.000367169816549953	-0.00362972644000047	FGr	1000	A47	C1	1000	10000	0	0.5	300	0
115	0.00728552570429995	0.00847129183500032	0	0.796	0.83	0.00728552570429995	0.00847129183500032	NoCorrection	1000	A47	C1	1000	10000	0	0.5	300	0
116	0.00378415122990194	0.00362988815499886	0	0.891	0.943	0.00378415122990194	0.00362988815499886	ID	1000	A47	C1	1000	10000	0	0.5	300	0
117	-0.0294344631999	-0.0489461553450002	0	0.291	0.24	-0.0294344631999	-0.0489461553450002	1	1000	A47	C1	1000	10000	0	0.5	300	0.1
118	-0.03109351617055	-0.0607113035949999	0	0.247	0.139	-0.03109351617055	-0.0607113035949999	FGr	1000	A47	C1	1000	10000	0	0.5	300	0.1
119	0.0676887336948	0.176996109885	0	0.021	0.001	0.0676887336948	0.176996109885	NoCorrection	1000	A47	C1	1000	10000	0	0.5	300	0.1
120	-0.0445603882273001	-0.115713185035	0	0.13	0.007	-0.0445603882273001	-0.115713185035	ID	1000	A47	C1	1000	10000	0	0.5	300	0.1
121	0.0228647294485	0.0370582363400001	0	0.372	0.37	0.0228647294485	0.0370582363400001	1	1000	A47	C1	1000	10000	0	0.5	300	0.5
122	0.0711232720990998	0.15713310382	0	0.008	0	0.0711232720990998	0.15713310382	FGr	1000	A47	C1	1000	10000	0	0.5	300	0.5
123	0.2253417147168	0.465691589674999	0	0	0	0.2253417147168	0.465691589674999	NoCorrection	1000	A47	C1	1000	10000	0	0.5	300	0.5
124	0.0299784739017999	0.05727137999	0	0.199	0.145	0.0299784739017999	0.05727137999	ID	1000	A47	C1	1000	10000	0	0.5	300	0.5
125	-0.0158343203328702	-0.0150065571999999	0	0.509	0.724	-0.0158343203328702	-0.0150065571999999	1	1000	A47	C1	1000	10000	0	0.5	300	1
126	0.0861772969639999	0.27534486544	0	0	0	0.0861772969639999	0.27534486544	FGr	1000	A47	C1	1000	10000	0	0.5	300	1
127	0.35493111290285	0.87820613665	0	0	0	0.35493111290285	0.87820613665	NoCorrection	1000	A47	C1	1000	10000	0	0.5	300	1
128	-0.022091432800965	-0.0197921031599994	0	0.341	0.634	-0.022091432800965	-0.0197921031599994	ID	1000	A47	C1	1000	10000	0	0.5	300	1
129	0.0225748323439999	-0.120918686434999	0	0.297	0.046	0.0225748323439999	-0.120918686434999	1	10000	A47	C1	1000	10000	0	0.5	300	0
130	0.0201360233732	-0.13375675645	0	0.351	0.042	0.0201360233732	-0.13375675645	FGr	10000	A47	C1	1000	10000	0	0.5	300	0
131	0.0233881432609	-0.117512012114999	0	0.258	0.083	0.0233881432609	-0.117512012114999	NoCorrection	10000	A47	C1	1000	10000	0	0.5	300	0
132	0.0211177226743	-0.131716716885	0	0.362	0.042	0.0211177226743	-0.131716716885	ID	10000	A47	C1	1000	10000	0	0.5	300	0
133	0.00697831170034968	-0.11725488245	0	0.757	0.067	0.00697831170034968	-0.11725488245	1	10000	A47	C1	1000	10000	0	0.5	300	0.1
134	0.0135030671919999	-0.0819223340950001	0	0.554	0.231	0.0135030671919999	-0.0819223340950001	FGr	10000	A47	C1	1000	10000	0	0.5	300	0.1
135	0.0253941179593	0.0022893853300006	0	0.264	0.979	0.0253941179593	0.0022893853300006	NoCorrection	10000	A47	C1	1000	10000	0	0.5	300	0.1
136	0.00755945721684966	-0.105860099855	0	0.745	0.126	0.00755945721684966	-0.105860099855	ID	10000	A47	C1	1000	10000	0	0.5	300	0.1
137	-0.0182316211438495	-0.00707186160999991	0	0.431	0.912	-0.0182316211438495	-0.00707186160999991	1	10000	A47	C1	1000	10000	0	0.5	300	0.5
138	-0.0146799516174	-0.0221086384800001	0	0.51	0.739	-0.0146799516174	-0.0221086384800001	FGr	10000	A47	C1	1000	10000	0	0.5	300	0.5
139	0.151848960751101	1.0342871778	0	0	0	0.151848960751101	1.0342871778	NoCorrection	10000	A47	C1	1000	10000	0	0.5	300	0.5
140	-0.0173394167412008	0.0140210749600017	0	0.473	0.818	-0.0173394167412008	0.0140210749600017	ID	10000	A47	C1	1000	10000	0	0.5	300	0.5
141	0.0554247414867399	-0.0879894183400006	0	0.041	0.2	0.0554247414867399	-0.0879894183400006	1	10000	A47	C1	1000	10000	0	0.5	300	1
142	0.05586511368802	-0.0283416847250009	0	0.037	0.679	0.05586511368802	-0.0283416847250009	FGr	10000	A47	C1	1000	10000	0	0.5	300	1
143	0.3630614588141	1.6928486947	0	0	0	0.3630614588141	1.6928486947	NoCorrection	10000	A47	C1	1000	10000	0	0.5	300	1
144	0.0532113471310401	-0.0717559054549991	0	0.036	0.275	0.0532113471310401	-0.0717559054549991	ID	10000	A47	C1	1000	10000	0	0.5	300	1
145	-0.014986757755	-0.014986757755	0	0.218	0.229	-0.014986757755	-0.014986757755	1	300	A47	C1	10000	100	0	0.5	300	0
146	-0.0139829170125	-0.0139829170125	0	0.251	0.24	-0.0139829170125	-0.0139829170125	FGr	300	A47	C1	10000	100	0	0.5	300	0
147	-0.014917529977	-0.014917529977	0	0.21	0.232	-0.014917529977	-0.014917529977	NoCorrection	300	A47	C1	10000	100	0	0.5	300	0
148	-0.019683136647	-0.019683136647	0	0.118	0.104	-0.019683136647	-0.019683136647	ID	300	A47	C1	10000	100	0	0.5	300	0
149	0.00501540523335	0.00501540523335	0	0.697	0.692	0.00501540523335	0.00501540523335	1	300	A47	C1	10000	100	0	0.5	300	0.1
150	0.049063261968	0.049063261968	0	0	0	0.049063261968	0.049063261968	FGr	300	A47	C1	10000	100	0	0.5	300	0.1
151	0.05625261549	0.05625261549	0	0.001	0	0.05625261549	0.05625261549	NoCorrection	300	A47	C1	10000	100	0	0.5	300	0.1
152	0.0091328758075	0.0091328758075	0	0.464	0.499	0.0091328758075	0.0091328758075	ID	300	A47	C1	10000	100	0	0.5	300	0.1
153	0.0149644155855	0.0149644155855	0	0.159	0.172	0.0149644155855	0.0149644155855	1	300	A47	C1	10000	100	0	0.5	300	0.5
154	0.16771627435	0.16771627435	0	0	0	0.16771627435	0.16771627435	FGr	300	A47	C1	10000	100	0	0.5	300	0.5
155	0.21412622939	0.21412622939	0	0	0	0.21412622939	0.21412622939	NoCorrection	300	A47	C1	10000	100	0	0.5	300	0.5
156	0.02033744875625	0.02033744875625	0	0.053	0.064	0.02033744875625	0.02033744875625	ID	300	A47	C1	10000	100	0	0.5	300	0.5
157	-0.012024274785	-0.012024274785	0	0.365	0.389	-0.012024274785	-0.012024274785	1	300	A47	C1	10000	100	0	0.5	300	1
158	0.25786120531	0.25786120531	0	0	0	0.25786120531	0.25786120531	FGr	300	A47	C1	10000	100	0	0.5	300	1
159	0.3628103583105	0.3628103583105	0	0	0	0.3628103583105	0.3628103583105	NoCorrection	300	A47	C1	10000	100	0	0.5	300	1
160	-0.02161860591	-0.02161860591	0	0.126	0.121	-0.02161860591	-0.02161860591	ID	300	A47	C1	10000	100	0	0.5	300	1
161	0.01180634764	0.000753453500000012	0	0.3	0.959	0.01180634764	0.000753453500000012	1	1000	A47	C1	10000	100	0	0.5	300	0
162	0.00834542243608	-0.0123588345	0	0.47	0.512	0.00834542243608	-0.0123588345	FGr	1000	A47	C1	10000	100	0	0.5	300	0
163	0.00581501045	-0.020285649	0	0.597	0.319	0.00581501045	-0.020285649	NoCorrection	1000	A47	C1	10000	100	0	0.5	300	0
164	0.00950778628999997	-0.00763554749999999	0	0.422	0.697	0.00950778628999997	-0.00763554749999999	ID	1000	A47	C1	10000	100	0	0.5	300	0
165	-0.00904654070000001	0.00858162900000005	0	0.467	0.655	-0.00904654070000001	0.00858162900000005	1	1000	A47	C1	10000	100	0	0.5	300	0.1
166	0.00398983933499998	0.0496469125	0	0.729	0.011	0.00398983933499998	0.0496469125	FGr	1000	A47	C1	10000	100	0	0.5	300	0.1
167	0.01779195686	0.100778439	0	0.16	0	0.01779195686	0.100778439	NoCorrection	1000	A47	C1	10000	100	0	0.5	300	0.1
168	-0.00819208921500001	0.007678688	0	0.492	0.696	-0.00819208921500001	0.007678688	ID	1000	A47	C1	10000	100	0	0.5	300	0.1
169	0.00194774107899999	-0.017142792	0	0.9	0.417	0.00194774107899999	-0.017142792	1	1000	A47	C1	10000	100	0	0.5	300	0.5
170	0.06681272508	0.2032008375	0	0	0	0.06681272508	0.2032008375	FGr	1000	A47	C1	10000	100	0	0.5	300	0.5
171	0.127829034584	0.37814202	0	0	0	0.127829034584	0.37814202	NoCorrection	1000	A47	C1	10000	100	0	0.5	300	0.5
172	0.001642753315	-0.023059401	0	0.882	0.269	0.001642753315	-0.023059401	ID	1000	A47	C1	10000	100	0	0.5	300	0.5
173	0.007473154059	0.0184858665	0	0.516	0.385	0.007473154059	0.0184858665	1	1000	A47	C1	10000	100	0	0.5	300	1
174	0.132199460775	0.4455474795	0	0	0	0.132199460775	0.4455474795	FGr	1000	A47	C1	10000	100	0	0.5	300	1
175	0.250452758334	0.8273443725	0	0	0	0.250452758334	0.8273443725	NoCorrection	1000	A47	C1	10000	100	0	0.5	300	1
176	0.00524766765200001	0.00208949599999999	0	0.66	0.906	0.00524766765200001	0.00208949599999999	ID	1000	A47	C1	10000	100	0	0.5	300	1
177	-0.01168949179245	-0.0350668355	0	0.298	0.283	-0.01168949179245	-0.0350668355	1	10000	A47	C1	10000	100	0	0.5	300	0
178	-0.012863602876	-0.0478531795	0	0.233	0.151	-0.012863602876	-0.0478531795	FGr	10000	A47	C1	10000	100	0	0.5	300	0
179	-0.016374519408	-0.0869303045	0	0.151	0.004	-0.016374519408	-0.0869303045	NoCorrection	10000	A47	C1	10000	100	0	0.5	300	0
180	-0.012223253216	-0.0346300005	0	0.273	0.284	-0.012223253216	-0.0346300005	ID	10000	A47	C1	10000	100	0	0.5	300	0
181	-0.00852209788965	-0.0162648425	0	0.506	0.59	-0.00852209788965	-0.0162648425	1	10000	A47	C1	10000	100	0	0.5	300	0.1
182	-0.00349600363875	0.015873562	0	0.785	0.603	-0.00349600363875	0.015873562	FGr	10000	A47	C1	10000	100	0	0.5	300	0.1
183	0.024501337875	0.2619391225	0	0.081	0	0.024501337875	0.2619391225	NoCorrection	10000	A47	C1	10000	100	0	0.5	300	0.1
184	-0.00845501520999999	-0.0145830615	0	0.529	0.61	-0.00845501520999999	-0.0145830615	ID	10000	A47	C1	10000	100	0	0.5	300	0.1
185	-0.0168149839975	0.016668777	0	0.142	0.606	-0.0168149839975	0.016668777	1	10000	A47	C1	10000	100	0	0.5	300	0.5
186	-0.001126023797	0.117650525	0	0.928	0	-0.001126023797	0.117650525	FGr	10000	A47	C1	10000	100	0	0.5	300	0.5
187	0.121489823075	0.9153057665	0	0	0	0.121489823075	0.9153057665	NoCorrection	10000	A47	C1	10000	100	0	0.5	300	0.5
188	-0.01616542409315	0.0249764875	0	0.162	0.424	-0.01616542409315	0.0249764875	ID	10000	A47	C1	10000	100	0	0.5	300	0.5
189	0.02892693055	0.0636540975	0	0.034	0.06	0.02892693055	0.0636540975	1	10000	A47	C1	10000	100	0	0.5	300	1
190	0.061066958135	0.2500136065	0	0	0	0.061066958135	0.2500136065	FGr	10000	A47	C1	10000	100	0	0.5	300	1
191	0.340444155035	1.946615735	0	0	0	0.340444155035	1.946615735	NoCorrection	10000	A47	C1	10000	100	0	0.5	300	1
192	0.029651965807	0.056636794	0	0.023	0.091	0.029651965807	0.056636794	ID	10000	A47	C1	10000	100	0	0.5	300	1
193	0.00220123027600002	0.00220123027600001	0	0.811	0.812	0.00220123027600002	0.00220123027600001	1	300	A47	C1	10000	1000	0	0.5	300	0
194	0.010074345566	0.010074345566	0	0.28	0.269	0.010074345566	0.010074345566	FGr	300	A47	C1	10000	1000	0	0.5	300	0
195	0.0132193958885	0.0132193958885	0	0.145	0.153	0.0132193958885	0.0132193958885	NoCorrection	300	A47	C1	10000	1000	0	0.5	300	0
196	0.007415531492	0.00741553149200001	0	0.423	0.403	0.007415531492	0.00741553149200001	ID	300	A47	C1	10000	1000	0	0.5	300	0
197	-0.00823933759277501	-0.00823933759277499	0	0.29	0.288	-0.00823933759277501	-0.00823933759277499	1	300	A47	C1	10000	1000	0	0.5	300	0.1
198	0.0150173863285	0.0150173863285	0	0.052	0.055	0.0150173863285	0.0150173863285	FGr	300	A47	C1	10000	1000	0	0.5	300	0.1
199	0.0194462343545	0.0194462343545	0	0.009	0.007	0.0194462343545	0.0194462343545	NoCorrection	300	A47	C1	10000	1000	0	0.5	300	0.1
200	-0.00770383616150001	-0.00770383616150001	0	0.312	0.313	-0.00770383616150001	-0.00770383616150001	ID	300	A47	C1	10000	1000	0	0.5	300	0.1
201	0.0044117519922	0.0044117519922	0	0.651	0.634	0.0044117519922	0.0044117519922	1	300	A47	C1	10000	1000	0	0.5	300	0.5
202	0.114429656979	0.114429656979	0	0	0	0.114429656979	0.114429656979	FGr	300	A47	C1	10000	1000	0	0.5	300	0.5
203	0.1884203037793	0.1884203037793	0	0	0	0.1884203037793	0.1884203037793	NoCorrection	300	A47	C1	10000	1000	0	0.5	300	0.5
204	0.0029101497476	0.0029101497476	0	0.722	0.731	0.0029101497476	0.0029101497476	ID	300	A47	C1	10000	1000	0	0.5	300	0.5
205	-0.00402047661259999	-0.00402047661259999	0	0.671	0.667	-0.00402047661259999	-0.00402047661259999	1	300	A47	C1	10000	1000	0	0.5	300	1
206	0.21763520632	0.21763520632	0	0	0	0.21763520632	0.21763520632	FGr	300	A47	C1	10000	1000	0	0.5	300	1
207	0.3461331098283	0.3461331098283	0	0	0	0.3461331098283	0.3461331098283	NoCorrection	300	A47	C1	10000	1000	0	0.5	300	1
208	-0.00624844355950002	-0.0062484435595	0	0.478	0.522	-0.00624844355950002	-0.0062484435595	ID	300	A47	C1	10000	1000	0	0.5	300	1
209	0.000812941649500019	0.00339609925000001	0	0.925	0.804	0.000812941649500019	0.00339609925000001	1	1000	A47	C1	10000	1000	0	0.5	300	0
210	0.00545106786569998	0.01228770935	0	0.474	0.356	0.00545106786569998	0.01228770935	FGr	1000	A47	C1	10000	1000	0	0.5	300	0
211	0.0162896434075001	0.0398267485	0	0.03	0.006	0.0162896434075001	0.0398267485	NoCorrection	1000	A47	C1	10000	1000	0	0.5	300	0
212	-0.0024310118131	-0.00949694935000001	0	0.773	0.515	-0.0024310118131	-0.00949694935000001	ID	1000	A47	C1	10000	1000	0	0.5	300	0
213	0.00142923838477497	0.00461774785000003	0	0.88	0.717	0.00142923838477497	0.00461774785000003	1	1000	A47	C1	10000	1000	0	0.5	300	0.1
214	0.0122650312974	0.03103868625	0	0.138	0.012	0.0122650312974	0.03103868625	FGr	1000	A47	C1	10000	1000	0	0.5	300	0.1
215	0.0335237657115	0.08193812765	0	0	0	0.0335237657115	0.08193812765	NoCorrection	1000	A47	C1	10000	1000	0	0.5	300	0.1
216	0.000532321746888984	0.00340731314999997	0	0.95	0.781	0.000532321746888984	0.00340731314999997	ID	1000	A47	C1	10000	1000	0	0.5	300	0.1
217	-0.00907913917400001	-0.000644677100000054	0	0.295	0.96	-0.00907913917400001	-0.000644677100000054	1	1000	A47	C1	10000	1000	0	0.5	300	0.5
218	0.06165495611295	0.15169076995	0	0	0	0.06165495611295	0.15169076995	FGr	1000	A47	C1	10000	1000	0	0.5	300	0.5
219	0.1883219642655	0.4334300975	0	0	0	0.1883219642655	0.4334300975	NoCorrection	1000	A47	C1	10000	1000	0	0.5	300	0.5
220	-0.00772663326050001	-0.00199892155000002	0	0.359	0.884	-0.00772663326050001	-0.00199892155000002	ID	1000	A47	C1	10000	1000	0	0.5	300	0.5
221	-0.00375226410599997	-0.0148041482	0	0.744	0.356	-0.00375226410599997	-0.0148041482	1	1000	A47	C1	10000	1000	0	0.5	300	1
222	0.13283292102625	0.2788189793	0	0	0	0.13283292102625	0.2788189793	FGr	1000	A47	C1	10000	1000	0	0.5	300	1
223	0.379982014728	0.86709027025	0	0	0	0.379982014728	0.86709027025	NoCorrection	1000	A47	C1	10000	1000	0	0.5	300	1
224	-0.00430791480025002	-0.0163482555000001	0	0.7	0.307	-0.00430791480025002	-0.0163482555000001	ID	1000	A47	C1	10000	1000	0	0.5	300	1
225	0.00399658061650001	-0.00514108114999998	0	0.631	0.821	0.00399658061650001	-0.00514108114999998	1	10000	A47	C1	10000	1000	0	0.5	300	0
226	0.002791542835	-0.01523086375	0	0.774	0.541	0.002791542835	-0.01523086375	FGr	10000	A47	C1	10000	1000	0	0.5	300	0
227	-0.00249302355414999	-0.0404096009	0	0.774	0.064	-0.00249302355414999	-0.0404096009	NoCorrection	10000	A47	C1	10000	1000	0	0.5	300	0
228	0.0034646893645	-0.0111527933	0	0.699	0.62	0.0034646893645	-0.0111527933	ID	10000	A47	C1	10000	1000	0	0.5	300	0
229	-0.0090094354162	0.0170185104000001	0	0.231	0.464	-0.0090094354162	0.0170185104000001	1	10000	A47	C1	10000	1000	0	0.5	300	0.1
230	-0.00653605221200001	0.0381390935	0	0.395	0.095	-0.00653605221200001	0.0381390935	FGr	10000	A47	C1	10000	1000	0	0.5	300	0.1
231	0.0218691284525	0.1971982434	0	0.015	0	0.0218691284525	0.1971982434	NoCorrection	10000	A47	C1	10000	1000	0	0.5	300	0.1
232	-0.0087549665983	0.0178861802500001	0	0.214	0.43	-0.0087549665983	0.0178861802500001	ID	10000	A47	C1	10000	1000	0	0.5	300	0.1
233	0.004881987733	-0.02582754535	0	0.554	0.271	0.004881987733	-0.02582754535	1	10000	A47	C1	10000	1000	0	0.5	300	0.5
234	0.0149721389689	0.03668920085	0	0.084	0.124	0.0149721389689	0.03668920085	FGr	10000	A47	C1	10000	1000	0	0.5	300	0.5
235	0.16228640520565	0.988735017350001	0	0	0	0.16228640520565	0.988735017350001	NoCorrection	10000	A47	C1	10000	1000	0	0.5	300	0.5
236	0.0056201415218	-0.0192075074	0	0.521	0.417	0.0056201415218	-0.0192075074	ID	10000	A47	C1	10000	1000	0	0.5	300	0.5
237	-0.00557428701950005	0.00740816439999999	0	0.452	0.718	-0.00557428701950005	0.00740816439999999	1	10000	A47	C1	10000	1000	0	0.5	300	1
238	0.0104018720304001	0.1133266637	0	0.171	0	0.0104018720304001	0.1133266637	FGr	10000	A47	C1	10000	1000	0	0.5	300	1
239	0.296176026699	2.0285131685	0	0	0	0.296176026699	2.0285131685	NoCorrection	10000	A47	C1	10000	1000	0	0.5	300	1
240	-0.00568024433520002	0.00812078525000002	0	0.44	0.693	-0.00568024433520002	0.00812078525000002	ID	10000	A47	C1	10000	1000	0	0.5	300	1
241	0.01058526885895	0.01058526885895	0	0.181	0.164	0.01058526885895	0.01058526885895	1	300	A47	C1	10000	10000	0	0.5	300	0
242	0.0204660705789602	0.0204660705789602	0	0.006	0.012	0.0204660705789602	0.0204660705789602	FGr	300	A47	C1	10000	10000	0	0.5	300	0
243	0.01963691718105	0.01963691718105	0	0.013	0.006	0.01963691718105	0.01963691718105	NoCorrection	300	A47	C1	10000	10000	0	0.5	300	0
244	0.011909962687165	0.011909962687165	0	0.13	0.128	0.011909962687165	0.011909962687165	ID	300	A47	C1	10000	10000	0	0.5	300	0
245	0.0100207009342	0.0100207009342	0	0.153	0.163	0.0100207009342	0.0100207009342	1	300	A47	C1	10000	10000	0	0.5	300	0.1
246	0.0373511110522	0.0373511110522	0	0	0	0.0373511110522	0.0373511110522	FGr	300	A47	C1	10000	10000	0	0.5	300	0.1
247	0.052191818111916	0.052191818111916	0	0	0	0.052191818111916	0.052191818111916	NoCorrection	300	A47	C1	10000	10000	0	0.5	300	0.1
248	0.00982873688045	0.00982873688045	0	0.15	0.176	0.00982873688045	0.00982873688045	ID	300	A47	C1	10000	10000	0	0.5	300	0.1
249	0.00177904648996001	0.00177904648996001	0	0.821	0.817	0.00177904648996001	0.00177904648996001	1	300	A47	C1	10000	10000	0	0.5	300	0.5
250	0.0903236726118001	0.0903236726118001	0	0	0	0.0903236726118001	0.0903236726118001	FGr	300	A47	C1	10000	10000	0	0.5	300	0.5
251	0.15353135826035	0.15353135826035	0	0	0	0.15353135826035	0.15353135826035	NoCorrection	300	A47	C1	10000	10000	0	0.5	300	0.5
252	0.00129614796549999	0.00129614796549999	0	0.869	0.859	0.00129614796549999	0.00129614796549999	ID	300	A47	C1	10000	10000	0	0.5	300	0.5
253	0.00705357839387997	0.00705357839387999	0	0.408	0.405	0.00705357839387997	0.00705357839387999	1	300	A47	C1	10000	10000	0	0.5	300	1
254	0.1937017240384	0.1937017240384	0	0	0	0.1937017240384	0.1937017240384	FGr	300	A47	C1	10000	10000	0	0.5	300	1
255	0.31476018123435	0.31476018123435	0	0	0	0.31476018123435	0.31476018123435	NoCorrection	300	A47	C1	10000	10000	0	0.5	300	1
256	0.000704328003349793	0.000704328003349782	0	0.939	0.945	0.000704328003349793	0.000704328003349782	ID	300	A47	C1	10000	10000	0	0.5	300	1
257	0.00903750569875002	0.02542102189	0	0.24	0.047	0.00903750569875002	0.02542102189	1	1000	A47	C1	10000	10000	0	0.5	300	0
258	0.01415390589824	0.03567191463	0	0.083	0.006	0.01415390589824	0.03567191463	FGr	1000	A47	C1	10000	10000	0	0.5	300	0
259	0.00812113991745	0.02084325713	0	0.288	0.085	0.00812113991745	0.02084325713	NoCorrection	1000	A47	C1	10000	10000	0	0.5	300	0
260	0.01257845436032	0.032754395665	0	0.131	0.018	0.01257845436032	0.032754395665	ID	1000	A47	C1	10000	10000	0	0.5	300	0
261	-0.0037220842497	0.00365160482499996	0	0.642	0.798	-0.0037220842497	0.00365160482499996	1	1000	A47	C1	10000	10000	0	0.5	300	0.1
262	0.00641498833994997	0.0277291962850003	0	0.461	0.068	0.00641498833994997	0.0277291962850003	FGr	1000	A47	C1	10000	10000	0	0.5	300	0.1
263	0.02673434253995	0.079843594095	0	0	0	0.02673434253995	0.079843594095	NoCorrection	1000	A47	C1	10000	10000	0	0.5	300	0.1
264	-0.000250241361329986	0.01160804369	0	0.976	0.435	-0.000250241361329986	0.01160804369	ID	1000	A47	C1	10000	10000	0	0.5	300	0.1
265	-0.00366937495462301	-0.0151782710150002	0	0.665	0.298	-0.00366937495462301	-0.0151782710150002	1	1000	A47	C1	10000	10000	0	0.5	300	0.5
266	0.0485716556343001	0.11426751211	0	0	0	0.0485716556343001	0.11426751211	FGr	1000	A47	C1	10000	10000	0	0.5	300	0.5
267	0.169100675390794	0.432102110570001	0	0	0	0.169100675390794	0.432102110570001	NoCorrection	1000	A47	C1	10000	10000	0	0.5	300	0.5
268	-0.00535699732505002	-0.0203860843850001	0	0.533	0.162	-0.00535699732505002	-0.0203860843850001	ID	1000	A47	C1	10000	10000	0	0.5	300	0.5
269	0.00624966832389993	0.0182027334749998	0	0.51	0.235	0.00624966832389993	0.0182027334749998	1	1000	A47	C1	10000	10000	0	0.5	300	1
270	0.1095104374573	0.299359665759999	0	0	0	0.1095104374573	0.299359665759999	FGr	1000	A47	C1	10000	10000	0	0.5	300	1
271	0.3459532060508	0.902388165845001	0	0	0	0.3459532060508	0.902388165845001	NoCorrection	1000	A47	C1	10000	10000	0	0.5	300	1
272	0.00803186859702503	0.0169389025149998	0	0.379	0.277	0.00803186859702503	0.0169389025149998	ID	1000	A47	C1	10000	10000	0	0.5	300	1
273	0.00144612398579999	-0.009771874245	0	0.884	0.649	0.00144612398579999	-0.009771874245	1	10000	A47	C1	10000	10000	0	0.5	300	0
274	0.00167505319983997	-0.00917990854	0	0.876	0.657	0.00167505319983997	-0.00917990854	FGr	10000	A47	C1	10000	10000	0	0.5	300	0
275	-0.00301409921840486	-0.0273209046900001	0	0.732	0.187	-0.00301409921840486	-0.0273209046900001	NoCorrection	10000	A47	C1	10000	10000	0	0.5	300	0
276	0.00126670916064997	-0.00995725179499999	0	0.876	0.673	0.00126670916064997	-0.00995725179499999	ID	10000	A47	C1	10000	10000	0	0.5	300	0
277	-0.01312140355714	-0.00858844046499999	0	0.111	0.705	-0.01312140355714	-0.00858844046499999	1	10000	A47	C1	10000	10000	0	0.5	300	0.1
278	-0.0128489079526699	-0.00336113893	0	0.132	0.869	-0.0128489079526699	-0.00336113893	FGr	10000	A47	C1	10000	10000	0	0.5	300	0.1
279	0.02033461026045	0.199922738870001	0	0.022	0	0.02033461026045	0.199922738870001	NoCorrection	10000	A47	C1	10000	10000	0	0.5	300	0.1
280	-0.0135538116926999	-0.00817763660000001	0	0.094	0.7	-0.0135538116926999	-0.00817763660000001	ID	10000	A47	C1	10000	10000	0	0.5	300	0.1
281	-0.0120538718770999	-0.0176437910250001	0	0.158	0.445	-0.0120538718770999	-0.0176437910250001	1	10000	A47	C1	10000	10000	0	0.5	300	0.5
282	-0.0029252200591999	0.0364376563500002	0	0.737	0.116	-0.0029252200591999	0.0364376563500002	FGr	10000	A47	C1	10000	10000	0	0.5	300	0.5
283	0.1755085838505	0.954292218819998	0	0	0	0.1755085838505	0.954292218819998	NoCorrection	10000	A47	C1	10000	10000	0	0.5	300	0.5
284	-0.0115752119850601	-0.011471648285	0	0.173	0.612	-0.0115752119850601	-0.011471648285	ID	10000	A47	C1	10000	10000	0	0.5	300	0.5
285	-0.00328189976760009	0.0505726560700001	0	0.712	0.018	-0.00328189976760009	0.0505726560700001	1	10000	A47	C1	10000	10000	0	0.5	300	1
286	0.0134786744214433	0.136098796375	0	0.134	0	0.0134786744214433	0.136098796375	FGr	10000	A47	C1	10000	10000	0	0.5	300	1
287	0.3747955878945	1.83199171585	0	0	0	0.3747955878945	1.83199171585	NoCorrection	10000	A47	C1	10000	10000	0	0.5	300	1
288	-0.00364743977415004	0.04125144749	0	0.727	0.062	-0.00364743977415004	0.04125144749	ID	10000	A47	C1	10000	10000	0	0.5	300	1
289	-0.03925620526	-0.03925620526	0	0.371	0.371	-0.03925620526	-0.03925620526	1	300	A47	C2	1000	100	0	0.5	300	0
290	-0.039118118894	-0.039118118894	0	0.357	0.367	-0.039118118894	-0.039118118894	FGr	300	A47	C2	1000	100	0	0.5	300	0
291	-0.03872665376	-0.03872665376	0	0.376	0.382	-0.03872665376	-0.03872665376	NoCorrection	300	A47	C2	1000	100	0	0.5	300	0
292	-0.0386575465	-0.0386575465	0	0.418	0.379	-0.0386575465	-0.0386575465	ID	300	A47	C2	1000	100	0	0.5	300	0
293	0.00475181080499999	0.00475181080499998	0	0.91	0.918	0.00475181080499999	0.00475181080499998	1	300	A47	C2	1000	100	0	0.5	300	0.1
294	0.00603650247000001	0.00603650247000003	0	0.914	0.898	0.00603650247000001	0.00603650247000003	FGr	300	A47	C2	1000	100	0	0.5	300	0.1
295	0.0064309487	0.00643094870000001	0	0.895	0.871	0.0064309487	0.00643094870000001	NoCorrection	300	A47	C2	1000	100	0	0.5	300	0.1
296	0.00736732171500002	0.00736732171500002	0	0.869	0.872	0.00736732171500002	0.00736732171500002	ID	300	A47	C2	1000	100	0	0.5	300	0.1
297	-0.004260685155	-0.00426068515500001	0	0.932	0.939	-0.004260685155	-0.00426068515500001	1	300	A47	C2	1000	100	0	0.5	300	0.5
298	-0.001305715165	-0.00130571516500001	0	0.973	0.987	-0.001305715165	-0.00130571516500001	FGr	300	A47	C2	1000	100	0	0.5	300	0.5
299	-0.00195882663999999	-0.00195882664	0	0.975	0.975	-0.00195882663999999	-0.00195882664	NoCorrection	300	A47	C2	1000	100	0	0.5	300	0.5
300	0.000558138815999966	0.000558138816000003	0	0.99	0.984	0.000558138815999966	0.000558138816000003	ID	300	A47	C2	1000	100	0	0.5	300	0.5
301	0.01016747295	0.01016747295	0	0.785	0.76	0.01016747295	0.01016747295	1	300	A47	C2	1000	100	0	0.5	300	1
302	0.0168032415	0.0168032415	0	0.782	0.799	0.0168032415	0.0168032415	FGr	300	A47	C2	1000	100	0	0.5	300	1
303	0.0164561741	0.0164561741000001	0	0.791	0.775	0.0164561741	0.0164561741000001	NoCorrection	300	A47	C2	1000	100	0	0.5	300	1
304	0.02099678432	0.02099678432	0	0.515	0.551	0.02099678432	0.02099678432	ID	300	A47	C2	1000	100	0	0.5	300	1
305	-0.02656418627	0.0337422195	0	0.481	0.598	-0.02656418627	0.0337422195	1	1000	A47	C2	1000	100	0	0.5	300	0
306	-0.02515909545	0.032185677	0	0.512	0.605	-0.02515909545	0.032185677	FGr	1000	A47	C2	1000	100	0	0.5	300	0
307	-0.02553615306	0.027330231	0	0.509	0.62	-0.02553615306	0.027330231	NoCorrection	1000	A47	C2	1000	100	0	0.5	300	0
308	-0.02668189169	0.0439218175	0	0.499	0.465	-0.02668189169	0.0439218175	ID	1000	A47	C2	1000	100	0	0.5	300	0
309	-0.022548603705	-0.058663517	0	0.52	0.354	-0.022548603705	-0.058663517	1	1000	A47	C2	1000	100	0	0.5	300	0.1
310	-0.022089664325	-0.056077694	0	0.528	0.371	-0.022089664325	-0.056077694	FGr	1000	A47	C2	1000	100	0	0.5	300	0.1
311	-0.021944892575	-0.0560655194999999	0	0.539	0.374	-0.021944892575	-0.0560655194999999	NoCorrection	1000	A47	C2	1000	100	0	0.5	300	0.1
312	-0.022817706443	-0.0726363085	0	0.498	0.255	-0.022817706443	-0.0726363085	ID	1000	A47	C2	1000	100	0	0.5	300	0.1
313	0.0533044236	0.1228424695	0	0.178	0.061	0.0533044236	0.1228424695	1	1000	A47	C2	1000	100	0	0.5	300	0.5
314	0.058468255504	0.149928132	0	0.165	0.02	0.058468255504	0.149928132	FGr	1000	A47	C2	1000	100	0	0.5	300	0.5
315	0.059588215795	0.1482568785	0	0.145	0.024	0.059588215795	0.1482568785	NoCorrection	1000	A47	C2	1000	100	0	0.5	300	0.5
316	0.055031023245	0.1222212695	0	0.171	0.045	0.055031023245	0.1222212695	ID	1000	A47	C2	1000	100	0	0.5	300	0.5
317	0.039526969035	-0.00194571099999997	0	0.251	0.979	0.039526969035	-0.00194571099999997	1	1000	A47	C2	1000	100	0	0.5	300	1
318	0.05178212963	-0.0195235815	0	0.326	0.853	0.05178212963	-0.0195235815	FGr	1000	A47	C2	1000	100	0	0.5	300	1
319	0.0523649968	-0.01098662	0	0.298	0.894	0.0523649968	-0.01098662	NoCorrection	1000	A47	C2	1000	100	0	0.5	300	1
320	0.0424776574749999	0.0746957555	0	0.199	0.206	0.0424776574749999	0.0746957555	ID	1000	A47	C2	1000	100	0	0.5	300	1
321	0.053108460424	-0.11592742	0	0.103	0.165	0.053108460424	-0.11592742	1	10000	A47	C2	1000	100	0	0.5	300	0
322	0.05516367767	-0.06844102	0	0.104	0.431	0.05516367767	-0.06844102	FGr	10000	A47	C2	1000	100	0	0.5	300	0
323	0.0539928298385	-0.099403	0	0.112	0.286	0.0539928298385	-0.099403	NoCorrection	10000	A47	C2	1000	100	0	0.5	300	0
324	0.0529336188849999	-0.11627578	0	0.13	0.211	0.0529336188849999	-0.11627578	ID	10000	A47	C2	1000	100	0	0.5	300	0
325	0.03858573473	0.00291528000000008	0	0.25	0.978	0.03858573473	0.00291528000000008	1	10000	A47	C2	1000	100	0	0.5	300	0.1
326	0.03775374664	0.02585637	0	0.285	0.801	0.03775374664	0.02585637	FGr	10000	A47	C2	1000	100	0	0.5	300	0.1
327	0.03773080913	0.028344865	0	0.28	0.783	0.03773080913	0.028344865	NoCorrection	10000	A47	C2	1000	100	0	0.5	300	0.1
328	0.0387032740080001	0.00711164999999999	0	0.27	0.939	0.0387032740080001	0.00711164999999999	ID	10000	A47	C2	1000	100	0	0.5	300	0.1
329	-0.00800635071	-0.0391157735000001	0	0.821	0.642	-0.00800635071	-0.0391157735000001	1	10000	A47	C2	1000	100	0	0.5	300	0.5
330	-0.0101621039	-0.0884713499999999	0	0.773	0.344	-0.0101621039	-0.0884713499999999	FGr	10000	A47	C2	1000	100	0	0.5	300	0.5
331	-0.012025546635	-0.094034565	0	0.749	0.335	-0.012025546635	-0.094034565	NoCorrection	10000	A47	C2	1000	100	0	0.5	300	0.5
332	-0.00687546763000001	-0.0612417900000001	0	0.839	0.482	-0.00687546763000001	-0.0612417900000001	ID	10000	A47	C2	1000	100	0	0.5	300	0.5
333	0.00564619720500001	0.0531778015	0	0.871	0.512	0.00564619720500001	0.0531778015	1	10000	A47	C2	1000	100	0	0.5	300	1
334	-0.00124683889999999	-0.071982175	0	0.978	0.649	-0.00124683889999999	-0.071982175	FGr	10000	A47	C2	1000	100	0	0.5	300	1
335	-0.000317858699999993	-0.0913937	0	0.997	0.506	-0.000317858699999993	-0.0913937	NoCorrection	10000	A47	C2	1000	100	0	0.5	300	1
336	0.00770283805799999	0.0619504985	0	0.839	0.479	0.00770283805799999	0.0619504985	ID	10000	A47	C2	1000	100	0	0.5	300	1
337	-0.0402289743279	-0.0402289743279	0	0.051	0.062	-0.0402289743279	-0.0402289743279	1	300	A47	C2	1000	1000	0	0.5	300	0
338	-0.0382554932665	-0.0382554932665	0	0.06	0.054	-0.0382554932665	-0.0382554932665	FGr	300	A47	C2	1000	1000	0	0.5	300	0
339	-0.038526034141	-0.038526034141	0	0.063	0.062	-0.038526034141	-0.038526034141	NoCorrection	300	A47	C2	1000	1000	0	0.5	300	0
340	-0.0380863610188	-0.0380863610188	0	0.061	0.061	-0.0380863610188	-0.0380863610188	ID	300	A47	C2	1000	1000	0	0.5	300	0
341	0.0254070001198999	0.0254070001199	0	0.314	0.327	0.0254070001198999	0.0254070001199	1	300	A47	C2	1000	1000	0	0.5	300	0.1
342	0.0280737103351	0.0280737103351	0	0.259	0.265	0.0280737103351	0.0280737103351	FGr	300	A47	C2	1000	1000	0	0.5	300	0.1
343	0.0278504496869	0.0278504496869	0	0.296	0.28	0.0278504496869	0.0278504496869	NoCorrection	300	A47	C2	1000	1000	0	0.5	300	0.1
344	0.02595640991156	0.02595640991156	0	0.312	0.297	0.02595640991156	0.02595640991156	ID	300	A47	C2	1000	1000	0	0.5	300	0.1
345	0.00342045898499999	0.00342045898499998	0	0.881	0.891	0.00342045898499999	0.00342045898499998	1	300	A47	C2	1000	1000	0	0.5	300	0.5
346	0.00816943424149997	0.00816943424149999	0	0.736	0.752	0.00816943424149997	0.00816943424149999	FGr	300	A47	C2	1000	1000	0	0.5	300	0.5
347	0.00928834628150005	0.00928834628150002	0	0.75	0.747	0.00928834628150005	0.00928834628150002	NoCorrection	300	A47	C2	1000	1000	0	0.5	300	0.5
348	-0.00374654975750014	-0.00374654975750003	0	0.856	0.894	-0.00374654975750014	-0.00374654975750003	ID	300	A47	C2	1000	1000	0	0.5	300	0.5
349	0.0428837481378003	0.0428837481378003	0	0.113	0.09	0.0428837481378003	0.0428837481378003	1	300	A47	C2	1000	1000	0	0.5	300	1
350	0.0601514083855003	0.0601514083855003	0	0.116	0.109	0.0601514083855003	0.0601514083855003	FGr	300	A47	C2	1000	1000	0	0.5	300	1
351	0.0610409918530002	0.0610409918530001	0	0.109	0.104	0.0610409918530002	0.0610409918530001	NoCorrection	300	A47	C2	1000	1000	0	0.5	300	1
352	0.0334979836605	0.0334979836605	0	0.201	0.215	0.0334979836605	0.0334979836605	ID	300	A47	C2	1000	1000	0	0.5	300	1
353	0.0226834424355001	-0.00683859889999987	0	0.271	0.833	0.0226834424355001	-0.00683859889999987	1	1000	A47	C2	1000	1000	0	0.5	300	0
354	0.0204114972344999	-0.0175434619999998	0	0.333	0.602	0.0204114972344999	-0.0175434619999998	FGr	1000	A47	C2	1000	1000	0	0.5	300	0
355	0.0205130007275002	-0.0168350695500002	0	0.341	0.597	0.0205130007275002	-0.0168350695500002	NoCorrection	1000	A47	C2	1000	1000	0	0.5	300	0
356	0.0230062562254001	-0.00649997465000003	0	0.274	0.846	0.0230062562254001	-0.00649997465000003	ID	1000	A47	C2	1000	1000	0	0.5	300	0
357	0.0116708636164999	-0.0121524732999998	0	0.565	0.701	0.0116708636164999	-0.0121524732999998	1	1000	A47	C2	1000	1000	0	0.5	300	0.1
358	0.0191457912485001	0.00354018274999982	0	0.361	0.907	0.0191457912485001	0.00354018274999982	FGr	1000	A47	C2	1000	1000	0	0.5	300	0.1
359	0.019047201565	0.00331740754999983	0	0.385	0.924	0.019047201565	0.00331740754999983	NoCorrection	1000	A47	C2	1000	1000	0	0.5	300	0.1
360	0.0115429111734	-0.02085872245	0	0.578	0.513	0.0115429111734	-0.02085872245	ID	1000	A47	C2	1000	1000	0	0.5	300	0.1
361	0.00381436276849993	-0.0021283738	0	0.854	0.952	0.00381436276849993	-0.0021283738	1	1000	A47	C2	1000	1000	0	0.5	300	0.5
362	0.0216632915399001	0.06425319675	0	0.357	0.08	0.0216632915399001	0.06425319675	FGr	1000	A47	C2	1000	1000	0	0.5	300	0.5
363	0.022204784679	0.0657957267	0	0.344	0.08	0.022204784679	0.0657957267	NoCorrection	1000	A47	C2	1000	1000	0	0.5	300	0.5
364	0.00204321841340008	0.01362835675	0	0.921	0.677	0.00204321841340008	0.01362835675	ID	1000	A47	C2	1000	1000	0	0.5	300	0.5
365	-0.00431840292800008	-0.0137076218	0	0.83	0.718	-0.00431840292800008	-0.0137076218	1	1000	A47	C2	1000	1000	0	0.5	300	1
366	0.033071226855	0.0316036787	0	0.332	0.598	0.033071226855	0.0316036787	FGr	1000	A47	C2	1000	1000	0	0.5	300	1
367	0.0353896463455	0.0415036954	0	0.284	0.458	0.0353896463455	0.0415036954	NoCorrection	1000	A47	C2	1000	1000	0	0.5	300	1
368	-0.00877536768999988	0.00332926534999996	0	0.677	0.923	-0.00877536768999988	0.00332926534999996	ID	1000	A47	C2	1000	1000	0	0.5	300	1
369	0.0135633227820999	0.0636233157	0	0.517	0.233	0.0135633227820999	0.0636233157	1	10000	A47	C2	1000	1000	0	0.5	300	0
370	0.014310178665	0.0379114403500001	0	0.496	0.476	0.014310178665	0.0379114403500001	FGr	10000	A47	C2	1000	1000	0	0.5	300	0
371	0.0141261622270001	0.0352604133999999	0	0.509	0.521	0.0141261622270001	0.0352604133999999	NoCorrection	10000	A47	C2	1000	1000	0	0.5	300	0
372	0.0131991557455	0.0471327628	0	0.521	0.392	0.0131991557455	0.0471327628	ID	10000	A47	C2	1000	1000	0	0.5	300	0
373	-0.013514702298	0.0567990355	0	0.54	0.298	-0.013514702298	0.0567990355	1	10000	A47	C2	1000	1000	0	0.5	300	0.1
374	-0.0115096350140001	0.0314241815	0	0.6	0.534	-0.0115096350140001	0.0314241815	FGr	10000	A47	C2	1000	1000	0	0.5	300	0.1
375	-0.00981635433049994	0.0391893799999999	0	0.65	0.471	-0.00981635433049994	0.0391893799999999	NoCorrection	10000	A47	C2	1000	1000	0	0.5	300	0.1
376	-0.0137786044515	0.054996019	0	0.531	0.302	-0.0137786044515	0.054996019	ID	10000	A47	C2	1000	1000	0	0.5	300	0.1
377	0.0020952280349999	0.0776096240000001	0	0.922	0.139	0.0020952280349999	0.0776096240000001	1	10000	A47	C2	1000	1000	0	0.5	300	0.5
378	0.00967416570000004	0.0392268184999995	0	0.703	0.517	0.00967416570000004	0.0392268184999995	FGr	10000	A47	C2	1000	1000	0	0.5	300	0.5
379	0.0104415080855	0.0483257619999998	0	0.67	0.439	0.0104415080855	0.0483257619999998	NoCorrection	10000	A47	C2	1000	1000	0	0.5	300	0.5
380	0.000967263508500001	0.08871572115	0	0.966	0.101	0.000967263508500001	0.08871572115	ID	10000	A47	C2	1000	1000	0	0.5	300	0.5
381	-0.00127520229150002	0.00263309000000007	0	0.958	0.964	-0.00127520229150002	0.00263309000000007	1	10000	A47	C2	1000	1000	0	0.5	300	1
382	0.0144568784789999	0.0162925975	0	0.67	0.848	0.0144568784789999	0.0162925975	FGr	10000	A47	C2	1000	1000	0	0.5	300	1
383	0.0152246220955	0.0172489675	0	0.654	0.827	0.0152246220955	0.0172489675	NoCorrection	10000	A47	C2	1000	1000	0	0.5	300	1
384	-0.00322750543150007	0.00058071620000002	0	0.877	0.994	-0.00322750543150007	0.00058071620000002	ID	10000	A47	C2	1000	1000	0	0.5	300	1
385	0.00210356953929995	0.00210356953929996	0	0.89	0.902	0.00210356953929995	0.00210356953929996	1	300	A47	C2	1000	10000	0	0.5	300	0
386	0.000407830295349927	0.000407830295349937	0	0.983	0.977	0.000407830295349927	0.000407830295349937	FGr	300	A47	C2	1000	10000	0	0.5	300	0
387	0.000381935027950029	0.000381935027950037	0	0.984	0.984	0.000381935027950029	0.000381935027950037	NoCorrection	300	A47	C2	1000	10000	0	0.5	300	0
388	0.0040283395856	0.00402833958560001	0	0.813	0.821	0.0040283395856	0.00402833958560001	ID	300	A47	C2	1000	10000	0	0.5	300	0
389	0.0276795876588001	0.0276795876588	0	0.136	0.148	0.0276795876588001	0.0276795876588	1	300	A47	C2	1000	10000	0	0.5	300	0.1
390	0.0270835703509998	0.0270835703509998	0	0.134	0.131	0.0270835703509998	0.0270835703509998	FGr	300	A47	C2	1000	10000	0	0.5	300	0.1
391	0.02739762267606	0.02739762267606	0	0.15	0.136	0.02739762267606	0.02739762267606	NoCorrection	300	A47	C2	1000	10000	0	0.5	300	0.1
392	0.029314473572	0.0293144735720001	0	0.109	0.099	0.029314473572	0.0293144735720001	ID	300	A47	C2	1000	10000	0	0.5	300	0.1
393	-0.03216400671	-0.0321640067099999	0	0.097	0.11	-0.03216400671	-0.0321640067099999	1	300	A47	C2	1000	10000	0	0.5	300	0.5
394	-0.04229752557345	-0.04229752557345	0	0.052	0.05	-0.04229752557345	-0.04229752557345	FGr	300	A47	C2	1000	10000	0	0.5	300	0.5
395	-0.0418778280541	-0.0418778280541	0	0.049	0.06	-0.0418778280541	-0.0418778280541	NoCorrection	300	A47	C2	1000	10000	0	0.5	300	0.5
396	-0.0142730109542649	-0.0142730109542649	0	0.412	0.47	-0.0142730109542649	-0.0142730109542649	ID	300	A47	C2	1000	10000	0	0.5	300	0.5
397	-0.00537044499155013	-0.00537044499155014	0	0.803	0.786	-0.00537044499155013	-0.00537044499155014	1	300	A47	C2	1000	10000	0	0.5	300	1
398	-0.0198006264687996	-0.0198006264687996	0	0.424	0.437	-0.0198006264687996	-0.0198006264687996	FGr	300	A47	C2	1000	10000	0	0.5	300	1
399	-0.0192857960333999	-0.0192857960334	0	0.45	0.472	-0.0192857960333999	-0.0192857960334	NoCorrection	300	A47	C2	1000	10000	0	0.5	300	1
400	0.0231340834448451	0.0231340834448451	0	0.228	0.21	0.0231340834448451	0.0231340834448451	ID	300	A47	C2	1000	10000	0	0.5	300	1
401	0.0361323079233499	0.0203700643849995	0	0.024	0.469	0.0361323079233499	0.0203700643849995	1	1000	A47	C2	1000	10000	0	0.5	300	0
402	0.0376506609218	0.0047974111400001	0	0.014	0.865	0.0376506609218	0.0047974111400001	FGr	1000	A47	C2	1000	10000	0	0.5	300	0
403	0.0373937986729701	0.00596394970999989	0	0.014	0.854	0.0373937986729701	0.00596394970999989	NoCorrection	1000	A47	C2	1000	10000	0	0.5	300	0
404	0.0370847457195	0.0075303010800002	0	0.016	0.785	0.0370847457195	0.0075303010800002	ID	1000	A47	C2	1000	10000	0	0.5	300	0
405	0.01136172003335	0.0259251942799999	0	0.527	0.404	0.01136172003335	0.0259251942799999	1	1000	A47	C2	1000	10000	0	0.5	300	0.1
406	0.011252003076	0.0261270428700001	0	0.544	0.396	0.011252003076	0.0261270428700001	FGr	1000	A47	C2	1000	10000	0	0.5	300	0.1
407	0.01141532949275	0.0252860995899999	0	0.526	0.442	0.01141532949275	0.0252860995899999	NoCorrection	1000	A47	C2	1000	10000	0	0.5	300	0.1
408	0.0114520188865	0.0257546255799999	0	0.53	0.387	0.0114520188865	0.0257546255799999	ID	1000	A47	C2	1000	10000	0	0.5	300	0.1
409	0.0136814663208	0.0132824339199996	0	0.46	0.707	0.0136814663208	0.0132824339199996	1	1000	A47	C2	1000	10000	0	0.5	300	0.5
410	0.00534056405871499	0.0561031271999995	0	0.83	0.137	0.00534056405871499	0.0561031271999995	FGr	1000	A47	C2	1000	10000	0	0.5	300	0.5
411	0.00561102347045079	0.0553253757350001	0	0.794	0.142	0.00561102347045079	0.0553253757350001	NoCorrection	1000	A47	C2	1000	10000	0	0.5	300	0.5
412	0.0121299936667952	0.0191298920900001	0	0.543	0.54	0.0121299936667952	0.0191298920900001	ID	1000	A47	C2	1000	10000	0	0.5	300	0.5
413	-0.000316241447249496	-0.01574585968	0	0.99	0.666	-0.000316241447249496	-0.01574585968	1	1000	A47	C2	1000	10000	0	0.5	300	1
414	-0.0122556914086007	0.0388892202650014	0	0.647	0.404	-0.0122556914086007	0.0388892202650014	FGr	1000	A47	C2	1000	10000	0	0.5	300	1
415	-0.013067915547549	0.0452170936149983	0	0.604	0.317	-0.013067915547549	0.0452170936149983	NoCorrection	1000	A47	C2	1000	10000	0	0.5	300	1
416	-0.00237298648887369	-0.01719844705	0	0.883	0.609	-0.00237298648887369	-0.01719844705	ID	1000	A47	C2	1000	10000	0	0.5	300	1
417	0.0073813112088996	0.0488073974350013	0	0.724	0.325	0.0073813112088996	0.0488073974350013	1	10000	A47	C2	1000	10000	0	0.5	300	0
418	0.00623011207558956	0.0557984380599996	0	0.766	0.246	0.00623011207558956	0.0557984380599996	FGr	10000	A47	C2	1000	10000	0	0.5	300	0
419	0.00619642922417007	0.0513133846799998	0	0.762	0.294	0.00619642922417007	0.0513133846799998	NoCorrection	10000	A47	C2	1000	10000	0	0.5	300	0
420	0.00747556669501991	0.0442305427500001	0	0.712	0.378	0.00747556669501991	0.0442305427500001	ID	10000	A47	C2	1000	10000	0	0.5	300	0
421	-0.0250839505537	0.0545779030749988	0	0.235	0.282	-0.0250839505537	0.0545779030749988	1	10000	A47	C2	1000	10000	0	0.5	300	0.1
422	-0.0263435282676053	0.0362761977499998	0	0.183	0.473	-0.0263435282676053	0.0362761977499998	FGr	10000	A47	C2	1000	10000	0	0.5	300	0.1
423	-0.0265154031847753	0.0452452282300006	0	0.195	0.364	-0.0265154031847753	0.0452452282300006	NoCorrection	10000	A47	C2	1000	10000	0	0.5	300	0.1
424	-0.0254927186475004	0.0551190854250004	0	0.218	0.249	-0.0254927186475004	0.0551190854250004	ID	10000	A47	C2	1000	10000	0	0.5	300	0.1
425	-0.0255788103565996	0.0587560051649999	0	0.245	0.253	-0.0255788103565996	0.0587560051649999	1	10000	A47	C2	1000	10000	0	0.5	300	0.5
426	-0.0346420993894491	-0.0207735792999998	0	0.149	0.689	-0.0346420993894491	-0.0207735792999998	FGr	10000	A47	C2	1000	10000	0	0.5	300	0.5
427	-0.0347923867178996	-0.0229644436999995	0	0.097	0.651	-0.0347923867178996	-0.0229644436999995	NoCorrection	10000	A47	C2	1000	10000	0	0.5	300	0.5
428	-0.0260576232329499	0.0481702750200001	0	0.214	0.319	-0.0260576232329499	0.0481702750200001	ID	10000	A47	C2	1000	10000	0	0.5	300	0.5
429	0.028935726678	0.00862685619000003	0	0.129	0.858	0.028935726678	0.00862685619000003	1	10000	A47	C2	1000	10000	0	0.5	300	1
430	0.00930655482149982	0.044484517449999	0	0.745	0.545	0.00930655482149982	0.044484517449999	FGr	10000	A47	C2	1000	10000	0	0.5	300	1
431	0.00919390635094522	0.0512613958999987	0	0.766	0.461	0.00919390635094522	0.0512613958999987	NoCorrection	10000	A47	C2	1000	10000	0	0.5	300	1
432	0.0288124263755001	0.0072884393650001	0	0.123	0.885	0.0288124263755001	0.0072884393650001	ID	10000	A47	C2	1000	10000	0	0.5	300	1
433	-0.003208016598	-0.00320801659799999	0	0.765	0.737	-0.003208016598	-0.00320801659799999	1	300	A47	C2	10000	100	0	0.5	300	0
434	-0.0031102578	-0.0031102578	0	0.778	0.786	-0.0031102578	-0.0031102578	FGr	300	A47	C2	10000	100	0	0.5	300	0
435	-0.00297306178	-0.00297306178	0	0.773	0.788	-0.00297306178	-0.00297306178	NoCorrection	300	A47	C2	10000	100	0	0.5	300	0
436	-0.00314532407	-0.00314532406999999	0	0.745	0.788	-0.00314532407	-0.00314532406999999	ID	300	A47	C2	10000	100	0	0.5	300	0
437	-0.00691688476899999	-0.00691688476899999	0	0.479	0.543	-0.00691688476899999	-0.00691688476899999	1	300	A47	C2	10000	100	0	0.5	300	0.1
438	-0.007145396435	-0.00714539643499999	0	0.53	0.523	-0.007145396435	-0.00714539643499999	FGr	300	A47	C2	10000	100	0	0.5	300	0.1
439	-0.00719849358500001	-0.00719849358500001	0	0.538	0.529	-0.00719849358500001	-0.00719849358500001	NoCorrection	300	A47	C2	10000	100	0	0.5	300	0.1
440	-0.007067736468	-0.00706773646799999	0	0.529	0.504	-0.007067736468	-0.00706773646799999	ID	300	A47	C2	10000	100	0	0.5	300	0.1
441	-0.00749716429549999	-0.00749716429550001	0	0.555	0.543	-0.00749716429549999	-0.00749716429550001	1	300	A47	C2	10000	100	0	0.5	300	0.5
442	-0.00951629386	-0.00951629385999999	0	0.67	0.64	-0.00951629386	-0.00951629385999999	FGr	300	A47	C2	10000	100	0	0.5	300	0.5
443	-0.00956267905	-0.00956267905	0	0.673	0.678	-0.00956267905	-0.00956267905	NoCorrection	300	A47	C2	10000	100	0	0.5	300	0.5
444	-0.00878534962299999	-0.00878534962300001	0	0.483	0.469	-0.00878534962299999	-0.00878534962300001	ID	300	A47	C2	10000	100	0	0.5	300	0.5
445	0.004939685815	0.004939685815	0	0.681	0.662	0.004939685815	0.004939685815	1	300	A47	C2	10000	100	0	0.5	300	1
446	0.000551683130999991	0.000551683130999979	0	0.987	0.988	0.000551683130999991	0.000551683130999979	FGr	300	A47	C2	10000	100	0	0.5	300	1
447	0.00048832750899999	0.000488327509000006	0	0.992	0.992	0.00048832750899999	0.000488327509000006	NoCorrection	300	A47	C2	10000	100	0	0.5	300	1
448	0.0020780042505	0.0020780042505	0	0.842	0.836	0.0020780042505	0.0020780042505	ID	300	A47	C2	10000	100	0	0.5	300	1
449	-0.02274578444	-0.00678881650000001	0	0.03	0.685	-0.02274578444	-0.00678881650000001	1	1000	A47	C2	10000	100	0	0.5	300	0
450	-0.0209630516975	-0.00911133300000004	0	0.033	0.554	-0.0209630516975	-0.00911133300000004	FGr	1000	A47	C2	10000	100	0	0.5	300	0
451	-0.020958008589	-0.00910444199999998	0	0.043	0.607	-0.020958008589	-0.00910444199999998	NoCorrection	1000	A47	C2	10000	100	0	0.5	300	0
452	-0.021666800235	-0.00650345850000002	0	0.046	0.702	-0.021666800235	-0.00650345850000002	ID	1000	A47	C2	10000	100	0	0.5	300	0
453	-0.00892908817769999	-0.0277943715	0	0.468	0.162	-0.00892908817769999	-0.0277943715	1	1000	A47	C2	10000	100	0	0.5	300	0.1
454	-0.017415964669	-0.01774403	0	0.145	0.395	-0.017415964669	-0.01774403	FGr	1000	A47	C2	10000	100	0	0.5	300	0.1
455	-0.017423520288	-0.017758393	0	0.15	0.383	-0.017423520288	-0.017758393	NoCorrection	1000	A47	C2	10000	100	0	0.5	300	0.1
456	-0.0091168019315	-0.0276548975	0	0.427	0.169	-0.0091168019315	-0.0276548975	ID	1000	A47	C2	10000	100	0	0.5	300	0.1
457	-0.011870229795	-0.0485585285	0	0.253	0.007	-0.011870229795	-0.0485585285	1	1000	A47	C2	10000	100	0	0.5	300	0.5
458	-0.046877486045	-0.035008226	0	0.033	0.298	-0.046877486045	-0.035008226	FGr	1000	A47	C2	10000	100	0	0.5	300	0.5
459	-0.046888894852	-0.034182293	0	0.037	0.305	-0.046888894852	-0.034182293	NoCorrection	1000	A47	C2	10000	100	0	0.5	300	0.5
460	-0.013013370275	-0.0466319655	0	0.236	0.005	-0.013013370275	-0.0466319655	ID	1000	A47	C2	10000	100	0	0.5	300	0.5
461	0.0013618296005	0.008112696	0	0.887	0.656	0.0013618296005	0.008112696	1	1000	A47	C2	10000	100	0	0.5	300	1
462	-0.06652087882	-0.00314068100000009	0	0.087	0.964	-0.06652087882	-0.00314068100000009	FGr	1000	A47	C2	10000	100	0	0.5	300	1
463	-0.066536612795	-0.00315714899999998	0	0.073	0.961	-0.066536612795	-0.00315714899999998	NoCorrection	1000	A47	C2	10000	100	0	0.5	300	1
464	6.90427825000078e-05	0.0002372935	0	0.995	0.992	6.90427825000078e-05	0.0002372935	ID	1000	A47	C2	10000	100	0	0.5	300	1
465	0.0091515998865	-0.014525901	0	0.419	0.595	0.0091515998865	-0.014525901	1	10000	A47	C2	10000	100	0	0.5	300	0
466	0.00881369564330001	-0.00701519199999998	0	0.419	0.789	0.00881369564330001	-0.00701519199999998	FGr	10000	A47	C2	10000	100	0	0.5	300	0
467	0.0088163034188	-0.00700868399999999	0	0.454	0.842	0.0088163034188	-0.00700868399999999	NoCorrection	10000	A47	C2	10000	100	0	0.5	300	0
468	0.00926246139000001	-0.016545031	0	0.425	0.56	0.00926246139000001	-0.016545031	ID	10000	A47	C2	10000	100	0	0.5	300	0
469	-0.008605099065	-0.00186400249999998	0	0.514	0.958	-0.008605099065	-0.00186400249999998	1	10000	A47	C2	10000	100	0	0.5	300	0.1
470	-0.00708908079500001	-0.0021808795	0	0.595	0.932	-0.00708908079500001	-0.0021808795	FGr	10000	A47	C2	10000	100	0	0.5	300	0.1
471	-0.00712657784	-0.00220642250000003	0	0.581	0.95	-0.00712657784	-0.00220642250000003	NoCorrection	10000	A47	C2	10000	100	0	0.5	300	0.1
472	-0.008660850795	-0.00105945150000001	0	0.483	0.981	-0.008660850795	-0.00105945150000001	ID	10000	A47	C2	10000	100	0	0.5	300	0.1
473	-0.003814045798	-0.00717311950000001	0	0.762	0.81	-0.003814045798	-0.00717311950000001	1	10000	A47	C2	10000	100	0	0.5	300	0.5
474	0.01028672003	-0.035300778	0	0.643	0.524	0.01028672003	-0.035300778	FGr	10000	A47	C2	10000	100	0	0.5	300	0.5
475	0.01042559189	-0.032102756	0	0.643	0.541	0.01042559189	-0.032102756	NoCorrection	10000	A47	C2	10000	100	0	0.5	300	0.5
476	-0.00378036067	-0.00409142999999999	0	0.77	0.913	-0.00378036067	-0.00409142999999999	ID	10000	A47	C2	10000	100	0	0.5	300	0.5
477	0.004930676115	0.00151891749999999	0	0.684	0.956	0.004930676115	0.00151891749999999	1	10000	A47	C2	10000	100	0	0.5	300	1
478	0.032693997205	-0.0944841400000001	0	0.375	0.326	0.032693997205	-0.0944841400000001	FGr	10000	A47	C2	10000	100	0	0.5	300	1
479	0.032833704935	-0.10173906	0	0.365	0.267	0.032833704935	-0.10173906	NoCorrection	10000	A47	C2	10000	100	0	0.5	300	1
480	0.00545038299	0.011432124	0	0.679	0.659	0.00545038299	0.011432124	ID	10000	A47	C2	10000	100	0	0.5	300	1
481	0.00287213083275005	0.00287213083275004	0	0.704	0.705	0.00287213083275005	0.00287213083275004	1	300	A47	C2	10000	1000	0	0.5	300	0
482	0.00417874516380002	0.00417874516380001	0	0.593	0.591	0.00417874516380002	0.00417874516380001	FGr	300	A47	C2	10000	1000	0	0.5	300	0
483	0.00411049438640002	0.00411049438640004	0	0.599	0.59	0.00411049438640002	0.00411049438640004	NoCorrection	300	A47	C2	10000	1000	0	0.5	300	0
484	0.00374599654725008	0.00374599654725008	0	0.633	0.611	0.00374599654725008	0.00374599654725008	ID	300	A47	C2	10000	1000	0	0.5	300	0
485	-0.00131466291665	-0.00131466291665	0	0.848	0.848	-0.00131466291665	-0.00131466291665	1	300	A47	C2	10000	1000	0	0.5	300	0.1
486	-0.00332383437769999	-0.00332383437769999	0	0.631	0.635	-0.00332383437769999	-0.00332383437769999	FGr	300	A47	C2	10000	1000	0	0.5	300	0.1
487	-0.00342717542295002	-0.00342717542295	0	0.595	0.634	-0.00342717542295002	-0.00342717542295	NoCorrection	300	A47	C2	10000	1000	0	0.5	300	0.1
488	-0.0012077770645	-0.0012077770645	0	0.843	0.867	-0.0012077770645	-0.0012077770645	ID	300	A47	C2	10000	1000	0	0.5	300	0.1
489	0.00452053785749999	0.00452053785749999	0	0.446	0.468	0.00452053785749999	0.00452053785749999	1	300	A47	C2	10000	1000	0	0.5	300	0.5
490	-0.00821630784999995	-0.00821630784999996	0	0.559	0.531	-0.00821630784999995	-0.00821630784999996	FGr	300	A47	C2	10000	1000	0	0.5	300	0.5
491	-0.00846950717149997	-0.00846950717149998	0	0.542	0.511	-0.00846950717149997	-0.00846950717149998	NoCorrection	300	A47	C2	10000	1000	0	0.5	300	0.5
492	0.00396297169460001	0.00396297169460001	0	0.507	0.52	0.00396297169460001	0.00396297169460001	ID	300	A47	C2	10000	1000	0	0.5	300	0.5
493	-0.00185628265399999	-0.00185628265400002	0	0.803	0.782	-0.00185628265399999	-0.00185628265400002	1	300	A47	C2	10000	1000	0	0.5	300	1
494	-0.02756849958	-0.0275684995799999	0	0.305	0.304	-0.02756849958	-0.0275684995799999	FGr	300	A47	C2	10000	1000	0	0.5	300	1
495	-0.028008770025	-0.0280087700250001	0	0.319	0.274	-0.028008770025	-0.0280087700250001	NoCorrection	300	A47	C2	10000	1000	0	0.5	300	1
496	-0.00308605787115003	-0.00308605787115002	0	0.661	0.656	-0.00308605787115003	-0.00308605787115002	ID	300	A47	C2	10000	1000	0	0.5	300	1
497	-0.00313411178949998	-0.0149985848999999	0	0.589	0.122	-0.00313411178949998	-0.0149985848999999	1	1000	A47	C2	10000	1000	0	0.5	300	0
498	-0.0030857407127	-0.02178019	0	0.608	0.023	-0.0030857407127	-0.02178019	FGr	1000	A47	C2	10000	1000	0	0.5	300	0
499	-0.00306336873519998	-0.0213033593	0	0.627	0.033	-0.00306336873519998	-0.0213033593	NoCorrection	1000	A47	C2	10000	1000	0	0.5	300	0
500	-0.00309717501920504	-0.01492354235	0	0.642	0.148	-0.00309717501920504	-0.01492354235	ID	1000	A47	C2	10000	1000	0	0.5	300	0
501	0.00567002874079999	0.0085298529	0	0.427	0.458	0.00567002874079999	0.0085298529	1	1000	A47	C2	10000	1000	0	0.5	300	0.1
502	0.00548687534950006	0.0223709779	0	0.432	0.047	0.00548687534950006	0.0223709779	FGr	1000	A47	C2	10000	1000	0	0.5	300	0.1
503	0.00548774680300002	0.0223655457	0	0.462	0.057	0.00548774680300002	0.0223655457	NoCorrection	1000	A47	C2	10000	1000	0	0.5	300	0.1
504	0.00553543813025003	0.00846965470000001	0	0.412	0.432	0.00553543813025003	0.00846965470000001	ID	1000	A47	C2	10000	1000	0	0.5	300	0.1
505	0.0129745704200001	0.01754687445	0	0.048	0.107	0.0129745704200001	0.01754687445	1	1000	A47	C2	10000	1000	0	0.5	300	0.5
506	0.0123357768529999	0.0214002417999997	0	0.296	0.298	0.0123357768529999	0.0214002417999997	FGr	1000	A47	C2	10000	1000	0	0.5	300	0.5
507	0.012325945623	0.0211226356499998	0	0.316	0.298	0.012325945623	0.0211226356499998	NoCorrection	1000	A47	C2	10000	1000	0	0.5	300	0.5
508	0.0125131892175001	0.017098204	0	0.064	0.124	0.0125131892175001	0.017098204	ID	1000	A47	C2	10000	1000	0	0.5	300	0.5
509	-0.00328109288680003	0.000962316799999979	0	0.613	0.935	-0.00328109288680003	0.000962316799999979	1	1000	A47	C2	10000	1000	0	0.5	300	1
510	-0.004475869398	-0.00654256749999961	0	0.849	0.856	-0.004475869398	-0.00654256749999961	FGr	1000	A47	C2	10000	1000	0	0.5	300	1
511	-0.00452369155700004	-0.00378130415000002	0	0.839	0.929	-0.00452369155700004	-0.00378130415000002	NoCorrection	1000	A47	C2	10000	1000	0	0.5	300	1
512	-0.00424017684755006	-9.61191500000012e-05	0	0.548	0.993	-0.00424017684755006	-9.61191500000012e-05	ID	1000	A47	C2	10000	1000	0	0.5	300	1
513	0.00356303574805998	-0.02015457605	0	0.634	0.232	0.00356303574805998	-0.02015457605	1	10000	A47	C2	10000	1000	0	0.5	300	0
514	0.00347237208094998	-0.021566836	0	0.622	0.207	0.00347237208094998	-0.021566836	FGr	10000	A47	C2	10000	1000	0	0.5	300	0
515	0.00353120572115	-0.0190611295	0	0.634	0.299	0.00353120572115	-0.0190611295	NoCorrection	10000	A47	C2	10000	1000	0	0.5	300	0
516	0.00360574427935002	-0.0239733101	0	0.587	0.175	0.00360574427935002	-0.0239733101	ID	10000	A47	C2	10000	1000	0	0.5	300	0
517	0.00529196477499997	0.00387762999999999	0	0.45	0.84	0.00529196477499997	0.00387762999999999	1	10000	A47	C2	10000	1000	0	0.5	300	0.1
518	0.00627456242050004	-0.00907159245000001	0	0.397	0.624	0.00627456242050004	-0.00907159245000001	FGr	10000	A47	C2	10000	1000	0	0.5	300	0.1
519	0.00622312036269997	-0.00950306355	0	0.398	0.591	0.00622312036269997	-0.00950306355	NoCorrection	10000	A47	C2	10000	1000	0	0.5	300	0.1
520	0.00518396472849998	0.00553160530000001	0	0.434	0.739	0.00518396472849998	0.00553160530000001	ID	10000	A47	C2	10000	1000	0	0.5	300	0.1
521	-0.00244549553786	-0.00280299199999994	0	0.717	0.869	-0.00244549553786	-0.00280299199999994	1	10000	A47	C2	10000	1000	0	0.5	300	0.5
522	0.00338867615000001	0.00698612534999988	0	0.804	0.834	0.00338867615000001	0.00698612534999988	FGr	10000	A47	C2	10000	1000	0	0.5	300	0.5
523	0.00339191425900005	0.00699370430000005	0	0.822	0.833	0.00339191425900005	0.00699370430000005	NoCorrection	10000	A47	C2	10000	1000	0	0.5	300	0.5
524	-0.00291590407139999	0.00343005365000008	0	0.64	0.821	-0.00291590407139999	0.00343005365000008	ID	10000	A47	C2	10000	1000	0	0.5	300	0.5
525	-0.000845363227499972	-0.01042978365	0	0.916	0.581	-0.000845363227499972	-0.01042978365	1	10000	A47	C2	10000	1000	0	0.5	300	1
526	0.010579306702	0.159023678	0	0.645	0.009	0.010579306702	0.159023678	FGr	10000	A47	C2	10000	1000	0	0.5	300	1
527	0.0105291031590001	0.1513286535	0	0.685	0.01	0.0105291031590001	0.1513286535	NoCorrection	10000	A47	C2	10000	1000	0	0.5	300	1
528	-0.00177552134689998	-0.00790903330000003	0	0.797	0.711	-0.00177552134689998	-0.00790903330000003	ID	10000	A47	C2	10000	1000	0	0.5	300	1
529	-0.00367847566450003	-0.00367847566450003	0	0.581	0.571	-0.00367847566450003	-0.00367847566450003	1	300	A47	C2	10000	10000	0	0.5	300	0
530	-0.00410731227320008	-0.00410731227320007	0	0.502	0.495	-0.00410731227320008	-0.00410731227320007	FGr	300	A47	C2	10000	10000	0	0.5	300	0
531	-0.00410430212445004	-0.00410430212445004	0	0.481	0.498	-0.00410430212445004	-0.00410430212445004	NoCorrection	300	A47	C2	10000	10000	0	0.5	300	0
532	-0.00369393724468997	-0.00369393724468998	0	0.566	0.541	-0.00369393724468997	-0.00369393724468998	ID	300	A47	C2	10000	10000	0	0.5	300	0
533	-0.01077575836365	-0.01077575836365	0	0.079	0.06	-0.01077575836365	-0.01077575836365	1	300	A47	C2	10000	10000	0	0.5	300	0.1
534	-0.00881852216930499	-0.00881852216930498	0	0.155	0.15	-0.00881852216930499	-0.00881852216930498	FGr	300	A47	C2	10000	10000	0	0.5	300	0.1
535	-0.00885074454718001	-0.00885074454718	0	0.16	0.14	-0.00885074454718001	-0.00885074454718	NoCorrection	300	A47	C2	10000	10000	0	0.5	300	0.1
536	-0.01139314764835	-0.01139314764835	0	0.043	0.057	-0.01139314764835	-0.01139314764835	ID	300	A47	C2	10000	10000	0	0.5	300	0.1
537	-0.00374409977669986	-0.00374409977669985	0	0.562	0.541	-0.00374409977669986	-0.00374409977669985	1	300	A47	C2	10000	10000	0	0.5	300	0.5
538	0.0077744731235898	0.00777447312358978	0	0.547	0.544	0.0077744731235898	0.00777447312358978	FGr	300	A47	C2	10000	10000	0	0.5	300	0.5
539	0.00783660696189983	0.00783660696189981	0	0.516	0.534	0.00783660696189983	0.00783660696189981	NoCorrection	300	A47	C2	10000	10000	0	0.5	300	0.5
540	-0.00548119506880001	-0.00548119506879999	0	0.367	0.371	-0.00548119506880001	-0.00548119506879999	ID	300	A47	C2	10000	10000	0	0.5	300	0.5
541	0.00824865648396009	0.00824865648396008	0	0.246	0.259	0.00824865648396009	0.00824865648396008	1	300	A47	C2	10000	10000	0	0.5	300	1
542	0.0303724170874252	0.0303724170874253	0	0.155	0.165	0.0303724170874252	0.0303724170874253	FGr	300	A47	C2	10000	10000	0	0.5	300	1
543	0.0304913097990504	0.0304913097990504	0	0.164	0.15	0.0304913097990504	0.0304913097990504	NoCorrection	300	A47	C2	10000	10000	0	0.5	300	1
544	0.00555270357679996	0.00555270357679996	0	0.428	0.427	0.00555270357679996	0.00555270357679996	ID	300	A47	C2	10000	10000	0	0.5	300	1
545	0.00352548385272984	0.011801141695	0	0.614	0.298	0.00352548385272984	0.011801141695	1	1000	A47	C2	10000	10000	0	0.5	300	0
546	0.00363729518768523	0.01086370232	0	0.596	0.365	0.00363729518768523	0.01086370232	FGr	1000	A47	C2	10000	10000	0	0.5	300	0
547	0.00369303103113991	0.0108524598599998	0	0.603	0.314	0.00369303103113991	0.0108524598599998	NoCorrection	1000	A47	C2	10000	10000	0	0.5	300	0
548	0.00360466134005007	0.0116731787249999	0	0.606	0.306	0.00360466134005007	0.0116731787249999	ID	1000	A47	C2	10000	10000	0	0.5	300	0
549	-0.0074271318448502	-0.014975570945	0	0.283	0.159	-0.0074271318448502	-0.014975570945	1	1000	A47	C2	10000	10000	0	0.5	300	0.1
550	-0.00820174825644019	-0.0180645006	0	0.281	0.089	-0.00820174825644019	-0.0180645006	FGr	1000	A47	C2	10000	10000	0	0.5	300	0.1
551	-0.00844460895604505	-0.017688810005	0	0.265	0.1	-0.00844460895604505	-0.017688810005	NoCorrection	1000	A47	C2	10000	10000	0	0.5	300	0.1
552	-0.00727320241011015	-0.0155204149149999	0	0.315	0.136	-0.00727320241011015	-0.0155204149149999	ID	1000	A47	C2	10000	10000	0	0.5	300	0.1
553	-0.01116323438461	-0.0190362276499999	0	0.132	0.06	-0.01116323438461	-0.0190362276499999	1	1000	A47	C2	10000	10000	0	0.5	300	0.5
554	-0.0168777307347501	-0.00730682719500013	0	0.201	0.726	-0.0168777307347501	-0.00730682719500013	FGr	1000	A47	C2	10000	10000	0	0.5	300	0.5
555	-0.01703670480265	-0.00698969327499983	0	0.206	0.767	-0.01703670480265	-0.00698969327499983	NoCorrection	1000	A47	C2	10000	10000	0	0.5	300	0.5
556	-0.01041136574945	-0.018112610865	0	0.143	0.089	-0.01041136574945	-0.018112610865	ID	1000	A47	C2	10000	10000	0	0.5	300	0.5
557	-0.0062880037001599	0.00643480791500014	0	0.358	0.57	-0.0062880037001599	0.00643480791500014	1	1000	A47	C2	10000	10000	0	0.5	300	1
558	-0.0182922503303499	0.00838267598500009	0	0.407	0.819	-0.0182922503303499	0.00838267598500009	FGr	1000	A47	C2	10000	10000	0	0.5	300	1
559	-0.0185350040344999	0.00805874763000044	0	0.388	0.837	-0.0185350040344999	0.00805874763000044	NoCorrection	1000	A47	C2	10000	10000	0	0.5	300	1
560	-0.00484493357659503	0.010566265805	0	0.475	0.319	-0.00484493357659503	0.010566265805	ID	1000	A47	C2	10000	10000	0	0.5	300	1
561	0.00778254107050008	0.010720676415	0	0.19	0.467	0.00778254107050008	0.010720676415	1	10000	A47	C2	10000	10000	0	0.5	300	0
562	0.00730172451979994	-0.00105218889499999	0	0.209	0.935	0.00730172451979994	-0.00105218889499999	FGr	10000	A47	C2	10000	10000	0	0.5	300	0
563	0.00730473502245027	-0.00104746506999998	0	0.191	0.953	0.00730473502245027	-0.00104746506999998	NoCorrection	10000	A47	C2	10000	10000	0	0.5	300	0
564	0.00776895529764995	0.0113635808449998	0	0.167	0.441	0.00776895529764995	0.0113635808449998	ID	10000	A47	C2	10000	10000	0	0.5	300	0
565	-0.00133436810999994	-0.00172293542000008	0	0.826	0.908	-0.00133436810999994	-0.00172293542000008	1	10000	A47	C2	10000	10000	0	0.5	300	0.1
566	0.000216692550010007	-0.00128263790999971	0	0.972	0.94	0.000216692550010007	-0.00128263790999971	FGr	10000	A47	C2	10000	10000	0	0.5	300	0.1
567	0.000169891319808029	-0.0036746395500001	0	0.98	0.846	0.000169891319808029	-0.0036746395500001	NoCorrection	10000	A47	C2	10000	10000	0	0.5	300	0.1
568	-0.00138768299964997	-0.00246596903499986	0	0.832	0.883	-0.00138768299964997	-0.00246596903499986	ID	10000	A47	C2	10000	10000	0	0.5	300	0.1
569	0.00511330972916503	-0.00716658511500024	0	0.379	0.667	0.00511330972916503	-0.00716658511500024	1	10000	A47	C2	10000	10000	0	0.5	300	0.5
570	0.0130017467456404	0.006427238	0	0.272	0.847	0.0130017467456404	0.006427238	FGr	10000	A47	C2	10000	10000	0	0.5	300	0.5
571	0.0129968194416898	0.006425194355	0	0.253	0.812	0.0129968194416898	0.006425194355	NoCorrection	10000	A47	C2	10000	10000	0	0.5	300	0.5
572	0.0049113569508	-0.00968010890999995	0	0.428	0.542	0.0049113569508	-0.00968010890999995	ID	10000	A47	C2	10000	10000	0	0.5	300	0.5
573	0.00650658628203497	-0.00174254909500027	0	0.304	0.915	0.00650658628203497	-0.00174254909500027	1	10000	A47	C2	10000	10000	0	0.5	300	1
574	0.0224441683083999	0.0370232580000008	0	0.29	0.476	0.0224441683083999	0.0370232580000008	FGr	10000	A47	C2	10000	10000	0	0.5	300	1
575	0.0224393721848	0.0370206284499985	0	0.29	0.482	0.0224393721848	0.0370206284499985	NoCorrection	10000	A47	C2	10000	10000	0	0.5	300	1
576	0.00611163822360006	0.00261937459499945	0	0.329	0.871	0.00611163822360006	0.00261937459499945	ID	10000	A47	C2	10000	10000	0	0.5	300	1
