	c-q	nc-q	true-q	c-p	nc-p	c-bias	nc-bias	type	L	rep	config	gwas_size	test_size	h2	ts	num_causal	env
1	-0.020112133505	-0.020112133505	0	0.597	0.579	-0.020112133505	-0.020112133505	1	300	A44	C1	1000	100	0	0.5	300	0
2	-0.037845466755	-0.037845466755	0	0.317	0.317	-0.037845466755	-0.037845466755	FGr	300	A44	C1	1000	100	0	0.5	300	0
3	-0.03446922347	-0.03446922347	0	0.32	0.365	-0.03446922347	-0.03446922347	NoCorrection	300	A44	C1	1000	100	0	0.5	300	0
4	-0.04426173983	-0.04426173983	0	0.231	0.235	-0.04426173983	-0.04426173983	ID	300	A44	C1	1000	100	0	0.5	300	0
5	0.053349567485	0.0533495674849999	0	0.15	0.137	0.053349567485	0.0533495674849999	1	300	A44	C1	1000	100	0	0.5	300	0.1
6	0.108343808618	0.108343808618	0	0.002	0.005	0.108343808618	0.108343808618	FGr	300	A44	C1	1000	100	0	0.5	300	0.1
7	0.12197646535	0.12197646535	0	0.002	0	0.12197646535	0.12197646535	NoCorrection	300	A44	C1	1000	100	0	0.5	300	0.1
8	0.0646705447650001	0.0646705447649999	0	0.086	0.075	0.0646705447650001	0.0646705447649999	ID	300	A44	C1	1000	100	0	0.5	300	0.1
9	0.0587567761	0.0587567761	0	0.171	0.174	0.0587567761	0.0587567761	1	300	A44	C1	1000	100	0	0.5	300	0.5
10	0.2031604714025	0.2031604714025	0	0	0	0.2031604714025	0.2031604714025	FGr	300	A44	C1	1000	100	0	0.5	300	0.5
11	0.236857495163	0.236857495163	0	0	0	0.236857495163	0.236857495163	NoCorrection	300	A44	C1	1000	100	0	0.5	300	0.5
12	0.0646010121	0.0646010121	0	0.109	0.137	0.0646010121	0.0646010121	ID	300	A44	C1	1000	100	0	0.5	300	0.5
13	0.021974291565	0.021974291565	0	0.653	0.672	0.021974291565	0.021974291565	1	300	A44	C1	1000	100	0	0.5	300	1
14	0.259071840909	0.259071840909	0	0	0	0.259071840909	0.259071840909	FGr	300	A44	C1	1000	100	0	0.5	300	1
15	0.328676655965	0.328676655965	0	0	0	0.328676655965	0.328676655965	NoCorrection	300	A44	C1	1000	100	0	0.5	300	1
16	-0.0261325556899999	-0.02613255569	0	0.56	0.588	-0.0261325556899999	-0.02613255569	ID	300	A44	C1	1000	100	0	0.5	300	1
17	-0.0749317773	0.032639516	0	0.085	0.649	-0.0749317773	0.032639516	1	1000	A44	C1	1000	100	0	0.5	300	0
18	-0.09998852014	-0.0342683455	0	0.019	0.586	-0.09998852014	-0.0342683455	FGr	1000	A44	C1	1000	100	0	0.5	300	0
19	-0.0793075512	0.0120065445	0	0.06	0.849	-0.0793075512	0.0120065445	NoCorrection	1000	A44	C1	1000	100	0	0.5	300	0
20	-0.084698814035	0.000985145499999962	0	0.048	0.984	-0.084698814035	0.000985145499999962	ID	1000	A44	C1	1000	100	0	0.5	300	0
21	-0.017814928315	-0.03004315	0	0.662	0.664	-0.017814928315	-0.03004315	1	1000	A44	C1	1000	100	0	0.5	300	0.1
22	-0.031020203595	-0.0396935705	0	0.474	0.564	-0.031020203595	-0.0396935705	FGr	1000	A44	C1	1000	100	0	0.5	300	0.1
23	0.01012677221	0.0324982245	0	0.785	0.588	0.01012677221	0.0324982245	NoCorrection	1000	A44	C1	1000	100	0	0.5	300	0.1
24	-0.031431941855	-0.038374287	0	0.477	0.551	-0.031431941855	-0.038374287	ID	1000	A44	C1	1000	100	0	0.5	300	0.1
25	0.035036582545	0.00547323600000005	0	0.43	0.934	0.035036582545	0.00547323600000005	1	1000	A44	C1	1000	100	0	0.5	300	0.5
26	0.16429997987	0.273446974	0	0	0	0.16429997987	0.273446974	FGr	1000	A44	C1	1000	100	0	0.5	300	0.5
27	0.294707543595	0.5647315505	0	0	0	0.294707543595	0.5647315505	NoCorrection	1000	A44	C1	1000	100	0	0.5	300	0.5
28	0.0256018450150001	-0.0340944375000001	0	0.579	0.606	0.0256018450150001	-0.0340944375000001	ID	1000	A44	C1	1000	100	0	0.5	300	0.5
29	-0.00288023865	0.0182526590000001	0	0.942	0.812	-0.00288023865	0.0182526590000001	1	1000	A44	C1	1000	100	0	0.5	300	1
30	0.22532073607	0.4977113405	0	0	0	0.22532073607	0.4977113405	FGr	1000	A44	C1	1000	100	0	0.5	300	1
31	0.48145933065	1.2148291935	0	0	0	0.48145933065	1.2148291935	NoCorrection	1000	A44	C1	1000	100	0	0.5	300	1
32	-0.00461282689000001	-0.0112490225	0	0.919	0.88	-0.00461282689000001	-0.0112490225	ID	1000	A44	C1	1000	100	0	0.5	300	1
33	0.014220394525	0.0529321690000001	0	0.713	0.598	0.014220394525	0.0529321690000001	1	10000	A44	C1	1000	100	0	0.5	300	0
34	0.022894543705	0.114111096	0	0.582	0.226	0.022894543705	0.114111096	FGr	10000	A44	C1	1000	100	0	0.5	300	0
35	0.0458388095149999	0.262542562	0	0.264	0.009	0.0458388095149999	0.262542562	NoCorrection	10000	A44	C1	1000	100	0	0.5	300	0
36	0.01373476436	0.0408626790000002	0	0.748	0.662	0.01373476436	0.0408626790000002	ID	10000	A44	C1	1000	100	0	0.5	300	0
37	-0.073901707215	-0.03271013	0	0.074	0.771	-0.073901707215	-0.03271013	1	10000	A44	C1	1000	100	0	0.5	300	0.1
38	-0.0717102419	-0.016461515	0	0.09	0.858	-0.0717102419	-0.016461515	FGr	10000	A44	C1	1000	100	0	0.5	300	0.1
39	-0.00566601529999995	0.449353112	0	0.895	0	-0.00566601529999995	0.449353112	NoCorrection	10000	A44	C1	1000	100	0	0.5	300	0.1
40	-0.072668213195	-0.02337868	0	0.077	0.815	-0.072668213195	-0.02337868	ID	10000	A44	C1	1000	100	0	0.5	300	0.1
41	-0.03780569517	0.064675428	0	0.317	0.509	-0.03780569517	0.064675428	1	10000	A44	C1	1000	100	0	0.5	300	0.5
42	-0.02693238153	0.148012483	0	0.483	0.136	-0.02693238153	0.148012483	FGr	10000	A44	C1	1000	100	0	0.5	300	0.5
43	0.0869103736425	0.72847116	0	0.041	0	0.0869103736425	0.72847116	NoCorrection	10000	A44	C1	1000	100	0	0.5	300	0.5
44	-0.037259837372	0.104811017	0	0.321	0.285	-0.037259837372	0.104811017	ID	10000	A44	C1	1000	100	0	0.5	300	0.5
45	0.0728566801	0.0353520000000001	0	0.074	0.726	0.0728566801	0.0353520000000001	1	10000	A44	C1	1000	100	0	0.5	300	1
46	0.083576810665	0.167253935	0	0.036	0.105	0.083576810665	0.167253935	FGr	10000	A44	C1	1000	100	0	0.5	300	1
47	0.414236797505	2.03738876	0	0	0	0.414236797505	2.03738876	NoCorrection	10000	A44	C1	1000	100	0	0.5	300	1
48	0.06641531942	0.00191236999999997	0	0.09	0.991	0.06641531942	0.00191236999999997	ID	10000	A44	C1	1000	100	0	0.5	300	1
49	0.00145182839500002	0.00145182839499999	0	0.971	0.958	0.00145182839500002	0.00145182839499999	1	300	A44	C1	1000	1000	0	0.5	300	0
50	0.025281464029	0.0252814640290001	0	0.365	0.381	0.025281464029	0.0252814640290001	FGr	300	A44	C1	1000	1000	0	0.5	300	0
51	0.039741142444	0.039741142444	0	0.157	0.158	0.039741142444	0.039741142444	NoCorrection	300	A44	C1	1000	1000	0	0.5	300	0
52	0.0144312654865	0.0144312654865	0	0.609	0.61	0.0144312654865	0.0144312654865	ID	300	A44	C1	1000	1000	0	0.5	300	0
53	0.00665027337349997	0.00665027337349996	0	0.809	0.794	0.00665027337349997	0.00665027337349996	1	300	A44	C1	1000	1000	0	0.5	300	0.1
54	0.03400524141725	0.0340052414172501	0	0.205	0.232	0.03400524141725	0.0340052414172501	FGr	300	A44	C1	1000	1000	0	0.5	300	0.1
55	0.0424774422360001	0.042477442236	0	0.146	0.134	0.0424774422360001	0.042477442236	NoCorrection	300	A44	C1	1000	1000	0	0.5	300	0.1
56	0.00161754006625008	0.00161754006625005	0	0.959	0.941	0.00161754006625008	0.00161754006625005	ID	300	A44	C1	1000	1000	0	0.5	300	0.1
57	-0.0166635943895	-0.0166635943895	0	0.538	0.542	-0.0166635943895	-0.0166635943895	1	300	A44	C1	1000	1000	0	0.5	300	0.5
58	0.0937532582345	0.0937532582345	0	0.004	0.001	0.0937532582345	0.0937532582345	FGr	300	A44	C1	1000	1000	0	0.5	300	0.5
59	0.1492394324735	0.1492394324735	0	0	0	0.1492394324735	0.1492394324735	NoCorrection	300	A44	C1	1000	1000	0	0.5	300	0.5
60	-0.00288673565300002	-0.00288673565300002	0	0.912	0.923	-0.00288673565300002	-0.00288673565300002	ID	300	A44	C1	1000	1000	0	0.5	300	0.5
61	0.028186589885	0.028186589885	0	0.331	0.326	0.028186589885	0.028186589885	1	300	A44	C1	1000	1000	0	0.5	300	1
62	0.2183684125916	0.2183684125916	0	0	0	0.2183684125916	0.2183684125916	FGr	300	A44	C1	1000	1000	0	0.5	300	1
63	0.348467965586	0.348467965586	0	0	0	0.348467965586	0.348467965586	NoCorrection	300	A44	C1	1000	1000	0	0.5	300	1
64	0.00209347848099998	0.00209347848100001	0	0.942	0.947	0.00209347848099998	0.00209347848100001	ID	300	A44	C1	1000	1000	0	0.5	300	1
65	-0.0220095729425	-0.0847384638	0	0.411	0.066	-0.0220095729425	-0.0847384638	1	1000	A44	C1	1000	1000	0	0.5	300	0
66	-0.0252987356414998	-0.0975385702	0	0.342	0.018	-0.0252987356414998	-0.0975385702	FGr	1000	A44	C1	1000	1000	0	0.5	300	0
67	-0.0368005949479	-0.13075447405	0	0.188	0.003	-0.0368005949479	-0.13075447405	NoCorrection	1000	A44	C1	1000	1000	0	0.5	300	0
68	-0.0231349594275	-0.0856746248999999	0	0.362	0.051	-0.0231349594275	-0.0856746248999999	ID	1000	A44	C1	1000	1000	0	0.5	300	0
69	-0.00630859552199992	0.0466067862	0	0.822	0.269	-0.00630859552199992	0.0466067862	1	1000	A44	C1	1000	1000	0	0.5	300	0.1
70	-0.00283315296830003	0.0697289896999998	0	0.917	0.109	-0.00283315296830003	0.0697289896999998	FGr	1000	A44	C1	1000	1000	0	0.5	300	0.1
71	0.0250176479230999	0.1345235055	0	0.369	0.002	0.0250176479230999	0.1345235055	NoCorrection	1000	A44	C1	1000	1000	0	0.5	300	0.1
72	-0.0123505286595	0.0353057869499997	0	0.638	0.44	-0.0123505286595	0.0353057869499997	ID	1000	A44	C1	1000	1000	0	0.5	300	0.1
73	-0.000304628854000113	-0.07356774925	0	0.986	0.097	-0.000304628854000113	-0.07356774925	1	1000	A44	C1	1000	1000	0	0.5	300	0.5
74	0.05259413478565	0.0628078795499999	0	0.071	0.188	0.05259413478565	0.0628078795499999	FGr	1000	A44	C1	1000	1000	0	0.5	300	0.5
75	0.163452178895	0.3651832877	0	0	0	0.163452178895	0.3651832877	NoCorrection	1000	A44	C1	1000	1000	0	0.5	300	0.5
76	0.00181568798399987	-0.06812689345	0	0.955	0.156	0.00181568798399987	-0.06812689345	ID	1000	A44	C1	1000	1000	0	0.5	300	0.5
77	0.0070125407674999	0.0543303365500001	0	0.789	0.232	0.0070125407674999	0.0543303365500001	1	1000	A44	C1	1000	1000	0	0.5	300	1
78	0.116575217978	0.409516159	0	0.001	0	0.116575217978	0.409516159	FGr	1000	A44	C1	1000	1000	0	0.5	300	1
79	0.28916204537	0.861282604	0	0	0	0.28916204537	0.861282604	NoCorrection	1000	A44	C1	1000	1000	0	0.5	300	1
80	0.00129804124749991	0.0398619003500001	0	0.952	0.345	0.00129804124749991	0.0398619003500001	ID	1000	A44	C1	1000	1000	0	0.5	300	1
81	-0.0514780149845	-0.0336161763	0	0.039	0.63	-0.0514780149845	-0.0336161763	1	10000	A44	C1	1000	1000	0	0.5	300	0
82	-0.045892682139	-0.00243742405000006	0	0.075	0.966	-0.045892682139	-0.00243742405000006	FGr	10000	A44	C1	1000	1000	0	0.5	300	0
83	-0.0318299298315	0.0927757217499999	0	0.218	0.184	-0.0318299298315	0.0927757217499999	NoCorrection	10000	A44	C1	1000	1000	0	0.5	300	0
84	-0.051146494199	-0.01761910045	0	0.042	0.819	-0.051146494199	-0.01761910045	ID	10000	A44	C1	1000	1000	0	0.5	300	0
85	0.0297278333640001	0.0813993795500005	0	0.259	0.251	0.0297278333640001	0.0813993795500005	1	10000	A44	C1	1000	1000	0	0.5	300	0.1
86	0.0331883226349999	0.1031494587	0	0.204	0.147	0.0331883226349999	0.1031494587	FGr	10000	A44	C1	1000	1000	0	0.5	300	0.1
87	0.0613939082130001	0.2827149874	0	0.024	0	0.0613939082130001	0.2827149874	NoCorrection	10000	A44	C1	1000	1000	0	0.5	300	0.1
88	0.0251205916755	0.0691260574499999	0	0.327	0.317	0.0251205916755	0.0691260574499999	ID	10000	A44	C1	1000	1000	0	0.5	300	0.1
89	-0.0142602178260001	0.00341635209999996	0	0.547	0.957	-0.0142602178260001	0.00341635209999996	1	10000	A44	C1	1000	1000	0	0.5	300	0.5
90	-0.01215990736385	0.0118897840500003	0	0.629	0.855	-0.01215990736385	0.0118897840500003	FGr	10000	A44	C1	1000	1000	0	0.5	300	0.5
91	0.13879237277	0.7985954165	0	0	0	0.13879237277	0.7985954165	NoCorrection	10000	A44	C1	1000	1000	0	0.5	300	0.5
92	-0.0177258981304998	-0.00527704639999997	0	0.491	0.94	-0.0177258981304998	-0.00527704639999997	ID	10000	A44	C1	1000	1000	0	0.5	300	0.5
93	-0.00156727628500003	0.07991162955	0	0.963	0.28	-0.00156727628500003	0.07991162955	1	10000	A44	C1	1000	1000	0	0.5	300	1
94	0.00623377917299997	0.182229857	0	0.854	0.016	0.00623377917299997	0.182229857	FGr	10000	A44	C1	1000	1000	0	0.5	300	1
95	0.336426380025	2.1641586815	0	0	0	0.336426380025	2.1641586815	NoCorrection	10000	A44	C1	1000	1000	0	0.5	300	1
96	-0.00795162135200004	0.02820606445	0	0.819	0.721	-0.00795162135200004	0.02820606445	ID	10000	A44	C1	1000	1000	0	0.5	300	1
97	-0.0307716812214	-0.0307716812214	0	0.244	0.222	-0.0307716812214	-0.0307716812214	1	300	A44	C1	1000	10000	0	0.5	300	0
98	-0.0731773313939345	-0.0731773313939345	0	0.005	0.002	-0.0731773313939345	-0.0731773313939345	FGr	300	A44	C1	1000	10000	0	0.5	300	0
99	-0.0927198405606	-0.0927198405606	0	0	0	-0.0927198405606	-0.0927198405606	NoCorrection	300	A44	C1	1000	10000	0	0.5	300	0
100	-0.0336257185278699	-0.0336257185278699	0	0.154	0.198	-0.0336257185278699	-0.0336257185278699	ID	300	A44	C1	1000	10000	0	0.5	300	0
101	-0.02083129926684	-0.02083129926684	0	0.424	0.411	-0.02083129926684	-0.02083129926684	1	300	A44	C1	1000	10000	0	0.5	300	0.1
102	-0.01475671129755	-0.0147567112975499	0	0.55	0.565	-0.01475671129755	-0.0147567112975499	FGr	300	A44	C1	1000	10000	0	0.5	300	0.1
103	-0.00179718865795012	-0.00179718865795014	0	0.95	0.933	-0.00179718865795012	-0.00179718865795014	NoCorrection	300	A44	C1	1000	10000	0	0.5	300	0.1
104	-0.0341289634975102	-0.0341289634975102	0	0.181	0.146	-0.0341289634975102	-0.0341289634975102	ID	300	A44	C1	1000	10000	0	0.5	300	0.1
105	0.0282234836289993	0.0282234836289993	0	0.268	0.278	0.0282234836289993	0.0282234836289993	1	300	A44	C1	1000	10000	0	0.5	300	0.5
106	0.124584534599849	0.124584534599849	0	0	0	0.124584534599849	0.124584534599849	FGr	300	A44	C1	1000	10000	0	0.5	300	0.5
107	0.16568705839905	0.16568705839905	0	0	0	0.16568705839905	0.16568705839905	NoCorrection	300	A44	C1	1000	10000	0	0.5	300	0.5
108	0.0192348432691005	0.0192348432691005	0	0.47	0.468	0.0192348432691005	0.0192348432691005	ID	300	A44	C1	1000	10000	0	0.5	300	0.5
109	0.0268486746292495	0.0268486746292495	0	0.357	0.341	0.0268486746292495	0.0268486746292495	1	300	A44	C1	1000	10000	0	0.5	300	1
110	0.226334995197101	0.226334995197101	0	0	0	0.226334995197101	0.226334995197101	FGr	300	A44	C1	1000	10000	0	0.5	300	1
111	0.3204295260042	0.3204295260042	0	0	0	0.3204295260042	0.3204295260042	NoCorrection	300	A44	C1	1000	10000	0	0.5	300	1
112	0.00882169437321017	0.00882169437321018	0	0.736	0.707	0.00882169437321017	0.00882169437321018	ID	300	A44	C1	1000	10000	0	0.5	300	1
113	0.00823930634680024	-0.0334620232550001	0	0.772	0.467	0.00823930634680024	-0.0334620232550001	1	1000	A44	C1	1000	10000	0	0.5	300	0
114	0.0276463212582497	0.0229905493600004	0	0.37	0.615	0.0276463212582497	0.0229905493600004	FGr	1000	A44	C1	1000	10000	0	0.5	300	0
115	0.0265295790750506	0.0218286322799999	0	0.351	0.656	0.0265295790750506	0.0218286322799999	NoCorrection	1000	A44	C1	1000	10000	0	0.5	300	0
116	0.00893421712283011	-0.0316433153500005	0	0.762	0.508	0.00893421712283011	-0.0316433153500005	ID	1000	A44	C1	1000	10000	0	0.5	300	0
117	0.00620736549029975	0.0122387579400003	0	0.819	0.794	0.00620736549029975	0.0122387579400003	1	1000	A44	C1	1000	10000	0	0.5	300	0.1
118	0.0480415429405001	0.0928032044100002	0	0.087	0.033	0.0480415429405001	0.0928032044100002	FGr	1000	A44	C1	1000	10000	0	0.5	300	0.1
119	0.0718869119667485	0.155135208555	0	0.015	0	0.0718869119667485	0.155135208555	NoCorrection	1000	A44	C1	1000	10000	0	0.5	300	0.1
120	0.0201063579134853	0.0385561095300003	0	0.451	0.334	0.0201063579134853	0.0385561095300003	ID	1000	A44	C1	1000	10000	0	0.5	300	0.1
121	-0.00446165762320001	-0.00570108723000005	0	0.848	0.899	-0.00446165762320001	-0.00570108723000005	1	1000	A44	C1	1000	10000	0	0.5	300	0.5
122	0.0603938007792499	0.125126669605	0	0.026	0.008	0.0603938007792499	0.125126669605	FGr	1000	A44	C1	1000	10000	0	0.5	300	0.5
123	0.15648440119666	0.3565655584	0	0	0	0.15648440119666	0.3565655584	NoCorrection	1000	A44	C1	1000	10000	0	0.5	300	0.5
124	-0.000766945026100003	0.001157030995	0	0.969	0.976	-0.000766945026100003	0.001157030995	ID	1000	A44	C1	1000	10000	0	0.5	300	0.5
125	0.0056992529307	0.0363020658049998	0	0.826	0.43	0.0056992529307	0.0363020658049998	1	1000	A44	C1	1000	10000	0	0.5	300	1
126	0.14079413172683	0.31762486845	0	0	0	0.14079413172683	0.31762486845	FGr	1000	A44	C1	1000	10000	0	0.5	300	1
127	0.3683516198962	0.831617143250001	0	0	0	0.3683516198962	0.831617143250001	NoCorrection	1000	A44	C1	1000	10000	0	0.5	300	1
128	6.55355867497681e-05	-0.002988086145	0	1	0.951	6.55355867497681e-05	-0.002988086145	ID	1000	A44	C1	1000	10000	0	0.5	300	1
129	0.0508046416104	-0.0404622076899996	0	0.041	0.54	0.0508046416104	-0.0404622076899996	1	10000	A44	C1	1000	10000	0	0.5	300	0
130	0.0551704386954997	0.01296812316	0	0.032	0.837	0.0551704386954997	0.01296812316	FGr	10000	A44	C1	1000	10000	0	0.5	300	0
131	0.0540762483999999	-0.00189486467000029	0	0.027	0.982	0.0540762483999999	-0.00189486467000029	NoCorrection	10000	A44	C1	1000	10000	0	0.5	300	0
132	0.0490476840431949	-0.0568571895349997	0	0.044	0.353	0.0490476840431949	-0.0568571895349997	ID	10000	A44	C1	1000	10000	0	0.5	300	0
133	0.0059310280842499	-0.0994550192700003	0	0.784	0.132	0.0059310280842499	-0.0994550192700003	1	10000	A44	C1	1000	10000	0	0.5	300	0.1
134	0.00183108922035015	-0.135681866545	0	0.924	0.031	0.00183108922035015	-0.135681866545	FGr	10000	A44	C1	1000	10000	0	0.5	300	0.1
135	0.01377737958475	-0.0671631221500005	0	0.569	0.295	0.01377737958475	-0.0671631221500005	NoCorrection	10000	A44	C1	1000	10000	0	0.5	300	0.1
136	0.0075373447855951	-0.10270326904	0	0.745	0.127	0.0075373447855951	-0.10270326904	ID	10000	A44	C1	1000	10000	0	0.5	300	0.1
137	0.0157380982202001	0.0029783380600001	0	0.571	0.958	0.0157380982202001	0.0029783380600001	1	10000	A44	C1	1000	10000	0	0.5	300	0.5
138	0.0118293877698	-0.0106837795200001	0	0.669	0.884	0.0118293877698	-0.0106837795200001	FGr	10000	A44	C1	1000	10000	0	0.5	300	0.5
139	0.1889635114318	1.2625080371	0	0	0	0.1889635114318	1.2625080371	NoCorrection	10000	A44	C1	1000	10000	0	0.5	300	0.5
140	0.0171076238400001	0.0293919030849998	0	0.535	0.653	0.0171076238400001	0.0293919030849998	ID	10000	A44	C1	1000	10000	0	0.5	300	0.5
141	0.028821293646	0.00660062221500009	0	0.273	0.932	0.028821293646	0.00660062221500009	1	10000	A44	C1	1000	10000	0	0.5	300	1
142	0.0389738610209493	0.1293853896	0	0.158	0.061	0.0389738610209493	0.1293853896	FGr	10000	A44	C1	1000	10000	0	0.5	300	1
143	0.328199935230012	2.03719440935	0	0	0	0.328199935230012	2.03719440935	NoCorrection	10000	A44	C1	1000	10000	0	0.5	300	1
144	0.0258793963112501	-0.0447471366100001	0	0.323	0.51	0.0258793963112501	-0.0447471366100001	ID	10000	A44	C1	1000	10000	0	0.5	300	1
145	0.023700346515	0.023700346515	0	0.076	0.071	0.023700346515	0.023700346515	1	300	A44	C1	10000	100	0	0.5	300	0
146	0.00956520801200001	0.00956520801200001	0	0.453	0.467	0.00956520801200001	0.00956520801200001	FGr	300	A44	C1	10000	100	0	0.5	300	0
147	0.008865855452	0.008865855452	0	0.494	0.522	0.008865855452	0.008865855452	NoCorrection	300	A44	C1	10000	100	0	0.5	300	0
148	0.0231557431665	0.0231557431665	0	0.058	0.087	0.0231557431665	0.0231557431665	ID	300	A44	C1	10000	100	0	0.5	300	0
149	-0.008456952145	-0.008456952145	0	0.486	0.433	-0.008456952145	-0.008456952145	1	300	A44	C1	10000	100	0	0.5	300	0.1
150	0.0152194559	0.0152194559	0	0.214	0.193	0.0152194559	0.0152194559	FGr	300	A44	C1	10000	100	0	0.5	300	0.1
151	0.026265063531	0.026265063531	0	0.028	0.044	0.026265063531	0.026265063531	NoCorrection	300	A44	C1	10000	100	0	0.5	300	0.1
152	-0.00746717496	-0.00746717496	0	0.518	0.533	-0.00746717496	-0.00746717496	ID	300	A44	C1	10000	100	0	0.5	300	0.1
153	0.003495956271	0.00349595627099999	0	0.799	0.826	0.003495956271	0.00349595627099999	1	300	A44	C1	10000	100	0	0.5	300	0.5
154	0.14827477757	0.14827477757	0	0	0	0.14827477757	0.14827477757	FGr	300	A44	C1	10000	100	0	0.5	300	0.5
155	0.199879230875	0.199879230875	0	0	0	0.199879230875	0.199879230875	NoCorrection	300	A44	C1	10000	100	0	0.5	300	0.5
156	0.006400897944	0.00640089794400001	0	0.693	0.657	0.006400897944	0.00640089794400001	ID	300	A44	C1	10000	100	0	0.5	300	0.5
157	0.00396728386900001	0.003967283869	0	0.757	0.774	0.00396728386900001	0.003967283869	1	300	A44	C1	10000	100	0	0.5	300	1
158	0.2691107912	0.2691107912	0	0	0	0.2691107912	0.2691107912	FGr	300	A44	C1	10000	100	0	0.5	300	1
159	0.368774459715	0.368774459715	0	0	0	0.368774459715	0.368774459715	NoCorrection	300	A44	C1	10000	100	0	0.5	300	1
160	-0.007288187415	-0.00728818741500001	0	0.548	0.611	-0.007288187415	-0.00728818741500001	ID	300	A44	C1	10000	100	0	0.5	300	1
161	0.005079953201	0.000114086500000012	0	0.671	0.998	0.005079953201	0.000114086500000012	1	1000	A44	C1	10000	100	0	0.5	300	0
162	0.002457269099	-0.01152458	0	0.829	0.518	0.002457269099	-0.01152458	FGr	1000	A44	C1	10000	100	0	0.5	300	0
163	0.003463363808	-0.00829782050000001	0	0.754	0.66	0.003463363808	-0.00829782050000001	NoCorrection	1000	A44	C1	10000	100	0	0.5	300	0
164	0.0070280308826	0.00580467000000001	0	0.544	0.764	0.0070280308826	0.00580467000000001	ID	1000	A44	C1	10000	100	0	0.5	300	0
165	-0.011594757798	0.00141225149999999	0	0.302	0.953	-0.011594757798	0.00141225149999999	1	1000	A44	C1	10000	100	0	0.5	300	0.1
166	0.00138287335724999	0.0362403445	0	0.917	0.065	0.00138287335724999	0.0362403445	FGr	1000	A44	C1	10000	100	0	0.5	300	0.1
167	0.01292243704	0.066021955	0	0.266	0.002	0.01292243704	0.066021955	NoCorrection	1000	A44	C1	10000	100	0	0.5	300	0.1
168	-0.010712807136	0.00161796849999998	0	0.339	0.935	-0.010712807136	0.00161796849999998	ID	1000	A44	C1	10000	100	0	0.5	300	0.1
169	0.011118505638	0.042834982	0	0.314	0.04	0.011118505638	0.042834982	1	1000	A44	C1	10000	100	0	0.5	300	0.5
170	0.092057120465	0.2096534565	0	0	0	0.092057120465	0.2096534565	FGr	1000	A44	C1	10000	100	0	0.5	300	0.5
171	0.17748447223	0.4545622455	0	0	0	0.17748447223	0.4545622455	NoCorrection	1000	A44	C1	10000	100	0	0.5	300	0.5
172	0.014285196435	0.0454991135	0	0.188	0.021	0.014285196435	0.0454991135	ID	1000	A44	C1	10000	100	0	0.5	300	0.5
173	0.02896011026	0.0120355365	0	0.034	0.561	0.02896011026	0.0120355365	1	1000	A44	C1	10000	100	0	0.5	300	1
174	0.19199756367	0.431881583	0	0	0	0.19199756367	0.431881583	FGr	1000	A44	C1	10000	100	0	0.5	300	1
175	0.3592940098	0.8815518805	0	0	0	0.3592940098	0.8815518805	NoCorrection	1000	A44	C1	10000	100	0	0.5	300	1
176	0.026217747015	0.007329606	0	0.074	0.722	0.026217747015	0.007329606	ID	1000	A44	C1	10000	100	0	0.5	300	1
177	-0.005468451306	0.00645393400000002	0	0.654	0.835	-0.005468451306	0.00645393400000002	1	10000	A44	C1	10000	100	0	0.5	300	0
178	-0.006758310513	-0.00108845199999999	0	0.598	0.966	-0.006758310513	-0.00108845199999999	FGr	10000	A44	C1	10000	100	0	0.5	300	0
179	-0.00581115234299999	0.0098796695	0	0.614	0.776	-0.00581115234299999	0.0098796695	NoCorrection	10000	A44	C1	10000	100	0	0.5	300	0
180	-0.00622354381104	-0.00018765249999996	0	0.592	0.996	-0.00622354381104	-0.00018765249999996	ID	10000	A44	C1	10000	100	0	0.5	300	0
181	0.017853663105	0.00513495800000002	0	0.136	0.882	0.017853663105	0.00513495800000002	1	10000	A44	C1	10000	100	0	0.5	300	0.1
182	0.021528313935	0.0403661725	0	0.092	0.23	0.021528313935	0.0403661725	FGr	10000	A44	C1	10000	100	0	0.5	300	0.1
183	0.044378065256	0.2245531865	0	0.002	0	0.044378065256	0.2245531865	NoCorrection	10000	A44	C1	10000	100	0	0.5	300	0.1
184	0.01850200443	0.00330821300000001	0	0.133	0.914	0.01850200443	0.00330821300000001	ID	10000	A44	C1	10000	100	0	0.5	300	0.1
185	-0.000610425478000008	0.00287181450000002	0	0.96	0.919	-0.000610425478000008	0.00287181450000002	1	10000	A44	C1	10000	100	0	0.5	300	0.5
186	0.008349306508	0.0736908205	0	0.469	0.024	0.008349306508	0.0736908205	FGr	10000	A44	C1	10000	100	0	0.5	300	0.5
187	0.13314391862	1.0969106325	0	0	0	0.13314391862	1.0969106325	NoCorrection	10000	A44	C1	10000	100	0	0.5	300	0.5
188	-2.0276509999988e-05	0.0124880845	0	0.998	0.668	-2.0276509999988e-05	0.0124880845	ID	10000	A44	C1	10000	100	0	0.5	300	0.5
189	-0.0182194710975	0.01087839	0	0.147	0.714	-0.0182194710975	0.01087839	1	10000	A44	C1	10000	100	0	0.5	300	1
190	0.00272434932030001	0.177693243	0	0.848	0	0.00272434932030001	0.177693243	FGr	10000	A44	C1	10000	100	0	0.5	300	1
191	0.25044294195695	2.03918734	0	0	0	0.25044294195695	2.03918734	NoCorrection	10000	A44	C1	10000	100	0	0.5	300	1
192	-0.0196265865895	-0.00555941700000002	0	0.105	0.844	-0.0196265865895	-0.00555941700000002	ID	10000	A44	C1	10000	100	0	0.5	300	1
193	-0.01479479199105	-0.01479479199105	0	0.097	0.104	-0.01479479199105	-0.01479479199105	1	300	A44	C1	10000	1000	0	0.5	300	0
194	-0.0200203012214	-0.0200203012214	0	0.027	0.022	-0.0200203012214	-0.0200203012214	FGr	300	A44	C1	10000	1000	0	0.5	300	0
195	-0.019253340229	-0.019253340229	0	0.034	0.033	-0.019253340229	-0.019253340229	NoCorrection	300	A44	C1	10000	1000	0	0.5	300	0
196	-0.0172198945575	-0.0172198945575	0	0.06	0.047	-0.0172198945575	-0.0172198945575	ID	300	A44	C1	10000	1000	0	0.5	300	0
197	0.0030034415191	0.0030034415191	0	0.706	0.724	0.0030034415191	0.0030034415191	1	300	A44	C1	10000	1000	0	0.5	300	0.1
198	0.019337242887	0.019337242887	0	0.026	0.03	0.019337242887	0.019337242887	FGr	300	A44	C1	10000	1000	0	0.5	300	0.1
199	0.0286689261542	0.0286689261542	0	0.001	0.001	0.0286689261542	0.0286689261542	NoCorrection	300	A44	C1	10000	1000	0	0.5	300	0.1
200	0.00174743139035002	0.00174743139035002	0	0.851	0.831	0.00174743139035002	0.00174743139035002	ID	300	A44	C1	10000	1000	0	0.5	300	0.1
201	-0.00229997694300003	-0.00229997694300003	0	0.783	0.761	-0.00229997694300003	-0.00229997694300003	1	300	A44	C1	10000	1000	0	0.5	300	0.5
202	0.0992211928840501	0.0992211928840501	0	0	0	0.0992211928840501	0.0992211928840501	FGr	300	A44	C1	10000	1000	0	0.5	300	0.5
203	0.1661909931245	0.1661909931245	0	0	0	0.1661909931245	0.1661909931245	NoCorrection	300	A44	C1	10000	1000	0	0.5	300	0.5
204	3.20339271749668e-05	3.20339271749709e-05	0	0.997	0.995	3.20339271749668e-05	3.20339271749709e-05	ID	300	A44	C1	10000	1000	0	0.5	300	0.5
205	0.00218488066600003	0.00218488066600003	0	0.786	0.781	0.00218488066600003	0.00218488066600003	1	300	A44	C1	10000	1000	0	0.5	300	1
206	0.208247312365	0.208247312365	0	0	0	0.208247312365	0.208247312365	FGr	300	A44	C1	10000	1000	0	0.5	300	1
207	0.3274781677275	0.3274781677275	0	0	0	0.3274781677275	0.3274781677275	NoCorrection	300	A44	C1	10000	1000	0	0.5	300	1
208	0.00384854139470002	0.00384854139470002	0	0.608	0.623	0.00384854139470002	0.00384854139470002	ID	300	A44	C1	10000	1000	0	0.5	300	1
209	0.000528004584899966	-0.00854868364999998	0	0.958	0.561	0.000528004584899966	-0.00854868364999998	1	1000	A44	C1	10000	1000	0	0.5	300	0
210	0.0053572062564	0.000450933549999968	0	0.528	0.961	0.0053572062564	0.000450933549999968	FGr	1000	A44	C1	10000	1000	0	0.5	300	0
211	0.00761145317250002	0.00644183565000002	0	0.368	0.708	0.00761145317250002	0.00644183565000002	NoCorrection	1000	A44	C1	10000	1000	0	0.5	300	0
212	0.00400136744615	-0.0036317787	0	0.623	0.812	0.00400136744615	-0.0036317787	ID	1000	A44	C1	10000	1000	0	0.5	300	0
213	-0.0022891253475	0.0126165735999999	0	0.808	0.414	-0.0022891253475	0.0126165735999999	1	1000	A44	C1	10000	1000	0	0.5	300	0.1
214	0.01013089436	0.046059768	0	0.291	0.005	0.01013089436	0.046059768	FGr	1000	A44	C1	10000	1000	0	0.5	300	0.1
215	0.0384394789255	0.12348527245	0	0.001	0	0.0384394789255	0.12348527245	NoCorrection	1000	A44	C1	10000	1000	0	0.5	300	0.1
216	-0.00465413372230003	0.00431667360000004	0	0.584	0.798	-0.00465413372230003	0.00431667360000004	ID	1000	A44	C1	10000	1000	0	0.5	300	0.1
217	0.0052554753405	-0.00570211395	0	0.576	0.718	0.0052554753405	-0.00570211395	1	1000	A44	C1	10000	1000	0	0.5	300	0.5
218	0.064934706479	0.14315361785	0	0	0	0.064934706479	0.14315361785	FGr	1000	A44	C1	10000	1000	0	0.5	300	0.5
219	0.16059917555125	0.4087006475	0	0	0	0.16059917555125	0.4087006475	NoCorrection	1000	A44	C1	10000	1000	0	0.5	300	0.5
220	0.00408200996500001	-0.0045519403	0	0.668	0.737	0.00408200996500001	-0.0045519403	ID	1000	A44	C1	10000	1000	0	0.5	300	0.5
221	0.0060054448275	-0.00301447560000002	0	0.504	0.838	0.0060054448275	-0.00301447560000002	1	1000	A44	C1	10000	1000	0	0.5	300	1
222	0.11717949772195	0.2961727983	0	0	0	0.11717949772195	0.2961727983	FGr	1000	A44	C1	10000	1000	0	0.5	300	1
223	0.31947135800765	0.825207780849999	0	0	0	0.31947135800765	0.825207780849999	NoCorrection	1000	A44	C1	10000	1000	0	0.5	300	1
224	-0.00221397073788	-0.0171580673499999	0	0.796	0.254	-0.00221397073788	-0.0171580673499999	ID	1000	A44	C1	10000	1000	0	0.5	300	1
225	0.001541281286	0.0246126267	0	0.862	0.298	0.001541281286	0.0246126267	1	10000	A44	C1	10000	1000	0	0.5	300	0
226	-0.0010374989628	0.0198419576999999	0	0.917	0.366	-0.0010374989628	0.0198419576999999	FGr	10000	A44	C1	10000	1000	0	0.5	300	0
227	-0.0137819251405	-0.02134345715	0	0.141	0.342	-0.0137819251405	-0.02134345715	NoCorrection	10000	A44	C1	10000	1000	0	0.5	300	0
228	0.0015853715075	0.02685994545	0	0.859	0.272	0.0015853715075	0.02685994545	ID	10000	A44	C1	10000	1000	0	0.5	300	0
229	0.00313346682849997	0.01563770975	0	0.71	0.51	0.00313346682849997	0.01563770975	1	10000	A44	C1	10000	1000	0	0.5	300	0.1
230	0.00228597539644001	0.00760956100000001	0	0.796	0.753	0.00228597539644001	0.00760956100000001	FGr	10000	A44	C1	10000	1000	0	0.5	300	0.1
231	0.0444010402155	0.24142196925	0	0	0	0.0444010402155	0.24142196925	NoCorrection	10000	A44	C1	10000	1000	0	0.5	300	0.1
232	0.00310922389399995	0.0157088687	0	0.726	0.54	0.00310922389399995	0.0157088687	ID	10000	A44	C1	10000	1000	0	0.5	300	0.1
233	0.0149841931614	0.000554962350000034	0	0.177	0.985	0.0149841931614	0.000554962350000034	1	10000	A44	C1	10000	1000	0	0.5	300	0.5
234	0.021608528573	0.0387279206	0	0.066	0.082	0.021608528573	0.0387279206	FGr	10000	A44	C1	10000	1000	0	0.5	300	0.5
235	0.2235526541682	1.1538229499	0	0	0	0.2235526541682	1.1538229499	NoCorrection	10000	A44	C1	10000	1000	0	0.5	300	0.5
236	0.0131699426133	-0.00501923774999999	0	0.256	0.837	0.0131699426133	-0.00501923774999999	ID	10000	A44	C1	10000	1000	0	0.5	300	0.5
237	-0.000363197348960019	0.0209467606999999	0	0.967	0.301	-0.000363197348960019	0.0209467606999999	1	10000	A44	C1	10000	1000	0	0.5	300	1
238	0.020433327145	0.12997619295	0	0.02	0	0.020433327145	0.12997619295	FGr	10000	A44	C1	10000	1000	0	0.5	300	1
239	0.382967789026	1.9321253525	0	0	0	0.382967789026	1.9321253525	NoCorrection	10000	A44	C1	10000	1000	0	0.5	300	1
240	0.000490475066999992	0.0258089923999999	0	0.948	0.223	0.000490475066999992	0.0258089923999999	ID	10000	A44	C1	10000	1000	0	0.5	300	1
241	-0.00397480609148997	-0.00397480609148997	0	0.608	0.599	-0.00397480609148997	-0.00397480609148997	1	300	A44	C1	10000	10000	0	0.5	300	0
242	0.00832045361620502	0.00832045361620503	0	0.277	0.262	0.00832045361620502	0.00832045361620503	FGr	300	A44	C1	10000	10000	0	0.5	300	0
243	0.0061030765069201	0.00610307650692009	0	0.418	0.414	0.0061030765069201	0.00610307650692009	NoCorrection	300	A44	C1	10000	10000	0	0.5	300	0
244	0.00805392809258496	0.00805392809258497	0	0.28	0.295	0.00805392809258496	0.00805392809258497	ID	300	A44	C1	10000	10000	0	0.5	300	0
245	0.00583978131619003	0.00583978131619002	0	0.518	0.514	0.00583978131619003	0.00583978131619002	1	300	A44	C1	10000	10000	0	0.5	300	0.1
246	0.01983871577699	0.01983871577699	0	0.028	0.021	0.01983871577699	0.01983871577699	FGr	300	A44	C1	10000	10000	0	0.5	300	0.1
247	0.0381420293114	0.0381420293114	0	0	0	0.0381420293114	0.0381420293114	NoCorrection	300	A44	C1	10000	10000	0	0.5	300	0.1
248	0.00262812800614995	0.00262812800614996	0	0.758	0.783	0.00262812800614995	0.00262812800614996	ID	300	A44	C1	10000	10000	0	0.5	300	0.1
249	-0.01008990926955	-0.01008990926955	0	0.183	0.191	-0.01008990926955	-0.01008990926955	1	300	A44	C1	10000	10000	0	0.5	300	0.5
250	0.10245706720885	0.10245706720885	0	0	0	0.10245706720885	0.10245706720885	FGr	300	A44	C1	10000	10000	0	0.5	300	0.5
251	0.17942372411005	0.17942372411005	0	0	0	0.17942372411005	0.17942372411005	NoCorrection	300	A44	C1	10000	10000	0	0.5	300	0.5
252	-0.0085628784089	-0.0085628784089	0	0.244	0.247	-0.0085628784089	-0.0085628784089	ID	300	A44	C1	10000	10000	0	0.5	300	0.5
253	-0.01436756394745	-0.01436756394745	0	0.096	0.111	-0.01436756394745	-0.01436756394745	1	300	A44	C1	10000	10000	0	0.5	300	1
254	0.20471999775715	0.20471999775715	0	0	0	0.20471999775715	0.20471999775715	FGr	300	A44	C1	10000	10000	0	0.5	300	1
255	0.358848256797699	0.358848256797699	0	0	0	0.358848256797699	0.358848256797699	NoCorrection	300	A44	C1	10000	10000	0	0.5	300	1
256	-0.011987942705985	-0.011987942705985	0	0.141	0.142	-0.011987942705985	-0.011987942705985	ID	300	A44	C1	10000	10000	0	0.5	300	1
257	-0.0032900058736708	0.00352546427500011	0	0.675	0.768	-0.0032900058736708	0.00352546427500011	1	1000	A44	C1	10000	10000	0	0.5	300	0
258	-0.00396047259504016	0.00228893126000007	0	0.61	0.864	-0.00396047259504016	0.00228893126000007	FGr	1000	A44	C1	10000	10000	0	0.5	300	0
259	-0.00891285123286492	-0.0109739299499997	0	0.241	0.339	-0.00891285123286492	-0.0109739299499997	NoCorrection	1000	A44	C1	10000	10000	0	0.5	300	0
260	-0.00328116990275701	0.00308612307499975	0	0.666	0.812	-0.00328116990275701	0.00308612307499975	ID	1000	A44	C1	10000	10000	0	0.5	300	0
261	-0.00912561053370011	-0.0211283486250003	0	0.294	0.163	-0.00912561053370011	-0.0211283486250003	1	1000	A44	C1	10000	10000	0	0.5	300	0.1
262	0.00361178482427517	0.0185163263049997	0	0.693	0.213	0.00361178482427517	0.0185163263049997	FGr	1000	A44	C1	10000	10000	0	0.5	300	0.1
263	0.02295292299746	0.0661137365249998	0	0.028	0	0.02295292299746	0.0661137365249998	NoCorrection	1000	A44	C1	10000	10000	0	0.5	300	0.1
264	-0.00858064504230998	-0.0198480752049998	0	0.336	0.182	-0.00858064504230998	-0.0198480752049998	ID	1000	A44	C1	10000	10000	0	0.5	300	0.1
265	-0.00634611516334999	0.00627601535999997	0	0.426	0.664	-0.00634611516334999	0.00627601535999997	1	1000	A44	C1	10000	10000	0	0.5	300	0.5
266	0.0403946027133001	0.14266529819	0	0	0	0.0403946027133001	0.14266529819	FGr	1000	A44	C1	10000	10000	0	0.5	300	0.5
267	0.1418757581635	0.425603584505	0	0	0	0.1418757581635	0.425603584505	NoCorrection	1000	A44	C1	10000	10000	0	0.5	300	0.5
268	-0.00835732192058003	0.00469641273000003	0	0.309	0.714	-0.00835732192058003	0.00469641273000003	ID	1000	A44	C1	10000	10000	0	0.5	300	0.5
269	-0.01663056900775	-0.001086578255	0	0.06	0.94	-0.01663056900775	-0.001086578255	1	1000	A44	C1	10000	10000	0	0.5	300	1
270	0.0897756924060996	0.300987181025	0	0	0	0.0897756924060996	0.300987181025	FGr	1000	A44	C1	10000	10000	0	0.5	300	1
271	0.2917520559737	0.81670752598	0	0	0	0.2917520559737	0.81670752598	NoCorrection	1000	A44	C1	10000	10000	0	0.5	300	1
272	-0.0169410762385	0.000941520335000014	0	0.046	0.943	-0.0169410762385	0.000941520335000014	ID	1000	A44	C1	10000	10000	0	0.5	300	1
273	0.01199234635175	-0.00150356591500016	0	0.142	0.941	0.01199234635175	-0.00150356591500016	1	10000	A44	C1	10000	10000	0	0.5	300	0
274	0.00922255287789998	-0.0139635432449999	0	0.285	0.54	0.00922255287789998	-0.0139635432449999	FGr	10000	A44	C1	10000	10000	0	0.5	300	0
275	0.01217420018154	0.00037779300500021	0	0.167	0.989	0.01217420018154	0.00037779300500021	NoCorrection	10000	A44	C1	10000	10000	0	0.5	300	0
276	0.0111206073211651	-0.00273431786499986	0	0.183	0.9	0.0111206073211651	-0.00273431786499986	ID	10000	A44	C1	10000	10000	0	0.5	300	0
277	-0.00157835165056747	0.0453192305250001	0	0.873	0.036	-0.00157835165056747	0.0453192305250001	1	10000	A44	C1	10000	10000	0	0.5	300	0.1
278	-0.000978845701099965	0.0476511381800001	0	0.893	0.035	-0.000978845701099965	0.0476511381800001	FGr	10000	A44	C1	10000	10000	0	0.5	300	0.1
279	0.03190083487975	0.25348672866	0	0	0	0.03190083487975	0.25348672866	NoCorrection	10000	A44	C1	10000	10000	0	0.5	300	0.1
280	-0.00104548041205507	0.049707920715	0	0.89	0.026	-0.00104548041205507	0.049707920715	ID	10000	A44	C1	10000	10000	0	0.5	300	0.1
281	-0.00387014244009999	-0.00914628844000005	0	0.648	0.729	-0.00387014244009999	-0.00914628844000005	1	10000	A44	C1	10000	10000	0	0.5	300	0.5
282	0.00451277343871996	0.0644293518100001	0	0.604	0.008	0.00451277343871996	0.0644293518100001	FGr	10000	A44	C1	10000	10000	0	0.5	300	0.5
283	0.153095186597915	0.966869799949999	0	0	0	0.153095186597915	0.966869799949999	NoCorrection	10000	A44	C1	10000	10000	0	0.5	300	0.5
284	-0.00370906466779999	-0.00542689400500006	0	0.683	0.796	-0.00370906466779999	-0.00542689400500006	ID	10000	A44	C1	10000	10000	0	0.5	300	0.5
285	-0.000929670923749925	-0.00884783872999979	0	0.911	0.67	-0.000929670923749925	-0.00884783872999979	1	10000	A44	C1	10000	10000	0	0.5	300	1
286	0.0116878211636501	0.0666765728749992	0	0.147	0.002	0.0116878211636501	0.0666765728749992	FGr	10000	A44	C1	10000	10000	0	0.5	300	1
287	0.3283712684787	2.051742882	0	0	0	0.3283712684787	2.051742882	NoCorrection	10000	A44	C1	10000	10000	0	0.5	300	1
288	-0.00142013545985006	-0.0160995159600002	0	0.861	0.458	-0.00142013545985006	-0.0160995159600002	ID	10000	A44	C1	10000	10000	0	0.5	300	1
289	-0.0185519282200001	-0.01855192822	0	0.624	0.603	-0.0185519282200001	-0.01855192822	1	300	A44	C2	1000	100	0	0.5	300	0
290	-0.0186823269	-0.0186823269	0	0.651	0.637	-0.0186823269	-0.0186823269	FGr	300	A44	C2	1000	100	0	0.5	300	0
291	-0.018721254185	-0.018721254185	0	0.612	0.608	-0.018721254185	-0.018721254185	NoCorrection	300	A44	C2	1000	100	0	0.5	300	0
292	-0.018429867095	-0.018429867095	0	0.642	0.602	-0.018429867095	-0.018429867095	ID	300	A44	C2	1000	100	0	0.5	300	0
293	0.03651245307	0.03651245307	0	0.322	0.35	0.03651245307	0.03651245307	1	300	A44	C2	1000	100	0	0.5	300	0.1
294	0.03598253085	0.03598253085	0	0.329	0.355	0.03598253085	0.03598253085	FGr	300	A44	C2	1000	100	0	0.5	300	0.1
295	0.0360935169979999	0.036093516998	0	0.343	0.33	0.0360935169979999	0.036093516998	NoCorrection	300	A44	C2	1000	100	0	0.5	300	0.1
296	0.035967963775	0.035967963775	0	0.345	0.331	0.035967963775	0.035967963775	ID	300	A44	C2	1000	100	0	0.5	300	0.1
297	0.030313670955	0.0303136709550001	0	0.387	0.379	0.030313670955	0.0303136709550001	1	300	A44	C2	1000	100	0	0.5	300	0.5
298	0.047378631305	0.0473786313050001	0	0.182	0.22	0.047378631305	0.0473786313050001	FGr	300	A44	C2	1000	100	0	0.5	300	0.5
299	0.0467651339805	0.0467651339805	0	0.209	0.209	0.0467651339805	0.0467651339805	NoCorrection	300	A44	C2	1000	100	0	0.5	300	0.5
300	0.0407231595299999	0.04072315953	0	0.222	0.228	0.0407231595299999	0.04072315953	ID	300	A44	C2	1000	100	0	0.5	300	0.5
301	-0.00272230921999997	-0.00272230921999995	0	0.947	0.956	-0.00272230921999997	-0.00272230921999995	1	300	A44	C2	1000	100	0	0.5	300	1
302	0.0282339985	0.0282339984999999	0	0.622	0.611	0.0282339985	0.0282339984999999	FGr	300	A44	C2	1000	100	0	0.5	300	1
303	0.0284055566	0.0284055566	0	0.633	0.62	0.0284055566	0.0284055566	NoCorrection	300	A44	C2	1000	100	0	0.5	300	1
304	0.0168356050749999	0.016835605075	0	0.658	0.629	0.0168356050749999	0.016835605075	ID	300	A44	C2	1000	100	0	0.5	300	1
305	-0.032379604435	-0.0302969	0	0.345	0.585	-0.032379604435	-0.0302969	1	1000	A44	C2	1000	100	0	0.5	300	0
306	-0.0292750184355	-0.020663989	0	0.354	0.738	-0.0292750184355	-0.020663989	FGr	1000	A44	C2	1000	100	0	0.5	300	0
307	-0.02943903728	-0.0192637545	0	0.369	0.748	-0.02943903728	-0.0192637545	NoCorrection	1000	A44	C2	1000	100	0	0.5	300	0
308	-0.03365167796	-0.039799775	0	0.333	0.483	-0.03365167796	-0.039799775	ID	1000	A44	C2	1000	100	0	0.5	300	0
309	-0.02221728373	-0.010125173	0	0.518	0.883	-0.02221728373	-0.010125173	1	1000	A44	C2	1000	100	0	0.5	300	0.1
310	-0.0181881314091	-0.020486756	0	0.603	0.766	-0.0181881314091	-0.020486756	FGr	1000	A44	C2	1000	100	0	0.5	300	0.1
311	-0.0180767311	-0.0154386969999999	0	0.62	0.824	-0.0180767311	-0.0154386969999999	NoCorrection	1000	A44	C2	1000	100	0	0.5	300	0.1
312	-0.0223109924565	-0.0208463024999999	0	0.515	0.766	-0.0223109924565	-0.0208463024999999	ID	1000	A44	C2	1000	100	0	0.5	300	0.1
313	-0.00357934298999998	0.0184986569999999	0	0.917	0.73	-0.00357934298999998	0.0184986569999999	1	1000	A44	C2	1000	100	0	0.5	300	0.5
314	0.0145705560850001	-0.00671193049999999	0	0.712	0.911	0.0145705560850001	-0.00671193049999999	FGr	1000	A44	C2	1000	100	0	0.5	300	0.5
315	0.014889137755	-0.0182430074999999	0	0.655	0.746	0.014889137755	-0.0182430074999999	NoCorrection	1000	A44	C2	1000	100	0	0.5	300	0.5
316	-0.00674200857800006	0.0238000770000001	0	0.836	0.657	-0.00674200857800006	0.0238000770000001	ID	1000	A44	C2	1000	100	0	0.5	300	0.5
317	0.00423992906	0.0682296209999999	0	0.903	0.192	0.00423992906	0.0682296209999999	1	1000	A44	C2	1000	100	0	0.5	300	1
318	0.0454435159400001	0.068494027	0	0.325	0.387	0.0454435159400001	0.068494027	FGr	1000	A44	C2	1000	100	0	0.5	300	1
319	0.04533156529	0.0657886464999999	0	0.32	0.4	0.04533156529	0.0657886464999999	NoCorrection	1000	A44	C2	1000	100	0	0.5	300	1
320	0.00537292059949996	0.101539937	0	0.872	0.057	0.00537292059949996	0.101539937	ID	1000	A44	C2	1000	100	0	0.5	300	1
321	-0.03722057082	0.114487159	0	0.331	0.227	-0.03722057082	0.114487159	1	10000	A44	C2	1000	100	0	0.5	300	0
322	-0.036611530315	0.195921343	0	0.331	0.026	-0.036611530315	0.195921343	FGr	10000	A44	C2	1000	100	0	0.5	300	0
323	-0.0367633253305	0.1088301725	0	0.297	0.264	-0.0367633253305	0.1088301725	NoCorrection	10000	A44	C2	1000	100	0	0.5	300	0
324	-0.0370354348975	0.1070321115	0	0.3	0.277	-0.0370354348975	0.1070321115	ID	10000	A44	C2	1000	100	0	0.5	300	0
325	0.00152991404499995	-0.0456863040000001	0	0.969	0.591	0.00152991404499995	-0.0456863040000001	1	10000	A44	C2	1000	100	0	0.5	300	0.1
326	0.00296705822499999	-0.0338087314999999	0	0.927	0.662	0.00296705822499999	-0.0338087314999999	FGr	10000	A44	C2	1000	100	0	0.5	300	0.1
327	0.00297978505299996	-0.0269985285	0	0.944	0.772	0.00297978505299996	-0.0269985285	NoCorrection	10000	A44	C2	1000	100	0	0.5	300	0.1
328	0.00156343260500001	-0.0667842714999999	0	0.972	0.448	0.00156343260500001	-0.0667842714999999	ID	10000	A44	C2	1000	100	0	0.5	300	0.1
329	0.02587673705	-0.0166942855	0	0.519	0.844	0.02587673705	-0.0166942855	1	10000	A44	C2	1000	100	0	0.5	300	0.5
330	0.033778327865	-0.0309433750000001	0	0.43	0.742	0.033778327865	-0.0309433750000001	FGr	10000	A44	C2	1000	100	0	0.5	300	0.5
331	0.0337497731	0.00609592500000012	0	0.411	0.948	0.0337497731	0.00609592500000012	NoCorrection	10000	A44	C2	1000	100	0	0.5	300	0.5
332	0.026570951175	-0.0261895775000001	0	0.48	0.761	0.026570951175	-0.0261895775000001	ID	10000	A44	C2	1000	100	0	0.5	300	0.5
333	0.00487155876500002	0.0271004445	0	0.899	0.773	0.00487155876500002	0.0271004445	1	10000	A44	C2	1000	100	0	0.5	300	1
334	0.0258798559714	0.117392189999999	0	0.628	0.394	0.0258798559714	0.117392189999999	FGr	10000	A44	C2	1000	100	0	0.5	300	1
335	0.02568585884	0.10255607	0	0.619	0.425	0.02568585884	0.10255607	NoCorrection	10000	A44	C2	1000	100	0	0.5	300	1
336	0.00628868736999999	-0.00514429399999997	0	0.846	0.946	0.00628868736999999	-0.00514429399999997	ID	10000	A44	C2	1000	100	0	0.5	300	1
337	0.00165559515705007	0.00165559515705014	0	0.942	0.916	0.00165559515705007	0.00165559515705014	1	300	A44	C2	1000	1000	0	0.5	300	0
338	0.00122831662999997	0.00122831662999989	0	0.952	0.95	0.00122831662999997	0.00122831662999989	FGr	300	A44	C2	1000	1000	0	0.5	300	0
339	0.00119616877049993	0.00119616877049995	0	0.937	0.941	0.00119616877049993	0.00119616877049995	NoCorrection	300	A44	C2	1000	1000	0	0.5	300	0
340	0.00123528310550004	0.00123528310549997	0	0.945	0.95	0.00123528310550004	0.00123528310549997	ID	300	A44	C2	1000	1000	0	0.5	300	0
341	0.0050963280659999	0.00509632806599985	0	0.801	0.797	0.0050963280659999	0.00509632806599985	1	300	A44	C2	1000	1000	0	0.5	300	0.1
342	0.00559171465400002	0.005591714654	0	0.78	0.798	0.00559171465400002	0.005591714654	FGr	300	A44	C2	1000	1000	0	0.5	300	0.1
343	0.005628416473	0.00562841647300002	0	0.782	0.782	0.005628416473	0.00562841647300002	NoCorrection	300	A44	C2	1000	1000	0	0.5	300	0.1
344	0.00606094106149994	0.00606094106149992	0	0.747	0.728	0.00606094106149994	0.00606094106149992	ID	300	A44	C2	1000	1000	0	0.5	300	0.1
345	-0.0198264592885	-0.0198264592884999	0	0.312	0.287	-0.0198264592885	-0.0198264592884999	1	300	A44	C2	1000	1000	0	0.5	300	0.5
346	-0.0152973776481299	-0.0152973776481299	0	0.527	0.505	-0.0152973776481299	-0.0152973776481299	FGr	300	A44	C2	1000	1000	0	0.5	300	0.5
347	-0.015855097682	-0.0158550976819999	0	0.494	0.506	-0.015855097682	-0.0158550976819999	NoCorrection	300	A44	C2	1000	1000	0	0.5	300	0.5
348	-0.0147443686295	-0.0147443686295	0	0.437	0.436	-0.0147443686295	-0.0147443686295	ID	300	A44	C2	1000	1000	0	0.5	300	0.5
349	-0.00955508354199991	-0.00955508354199997	0	0.705	0.688	-0.00955508354199991	-0.00955508354199997	1	300	A44	C2	1000	1000	0	0.5	300	1
350	-0.00162208771400032	-0.00162208771400054	0	0.962	0.949	-0.00162208771400032	-0.00162208771400054	FGr	300	A44	C2	1000	1000	0	0.5	300	1
351	-0.0015624127559997	-0.00156241275599965	0	0.968	0.952	-0.0015624127559997	-0.00156241275599965	NoCorrection	300	A44	C2	1000	1000	0	0.5	300	1
352	0.000277573490499853	0.000277573490499676	0	0.978	0.993	0.000277573490499853	0.000277573490499676	ID	300	A44	C2	1000	1000	0	0.5	300	1
353	-0.03438694642	-0.0511980729500002	0	0.102	0.143	-0.03438694642	-0.0511980729500002	1	1000	A44	C2	1000	1000	0	0.5	300	0
354	-0.0336188051850001	-0.0441030874999997	0	0.114	0.191	-0.0336188051850001	-0.0441030874999997	FGr	1000	A44	C2	1000	1000	0	0.5	300	0
355	-0.03355419517272	-0.0445248301	0	0.107	0.204	-0.03355419517272	-0.0445248301	NoCorrection	1000	A44	C2	1000	1000	0	0.5	300	0
356	-0.033804451532	-0.0448794625499997	0	0.104	0.187	-0.033804451532	-0.0448794625499997	ID	1000	A44	C2	1000	1000	0	0.5	300	0
357	0.0274927115690001	0.00482031310000036	0	0.145	0.886	0.0274927115690001	0.00482031310000036	1	1000	A44	C2	1000	1000	0	0.5	300	0.1
358	0.02627449016	0.00183602100000012	0	0.179	0.963	0.02627449016	0.00183602100000012	FGr	1000	A44	C2	1000	1000	0	0.5	300	0.1
359	0.0260230728300001	0.00330289690000012	0	0.177	0.93	0.0260230728300001	0.00330289690000012	NoCorrection	1000	A44	C2	1000	1000	0	0.5	300	0.1
360	0.02739818278195	0.00750257469999975	0	0.118	0.814	0.02739818278195	0.00750257469999975	ID	1000	A44	C2	1000	1000	0	0.5	300	0.1
361	-0.025467268471	-0.0262375330999998	0	0.206	0.437	-0.025467268471	-0.0262375330999998	1	1000	A44	C2	1000	1000	0	0.5	300	0.5
362	-0.0337679699525	-0.0558312006000001	0	0.173	0.201	-0.0337679699525	-0.0558312006000001	FGr	1000	A44	C2	1000	1000	0	0.5	300	0.5
363	-0.0337892222296	-0.06119989815	0	0.163	0.115	-0.0337892222296	-0.06119989815	NoCorrection	1000	A44	C2	1000	1000	0	0.5	300	0.5
364	-0.0275714991419001	-0.0262394579500002	0	0.151	0.448	-0.0275714991419001	-0.0262394579500002	ID	1000	A44	C2	1000	1000	0	0.5	300	0.5
365	0.00577323841750007	0.0314280156500001	0	0.784	0.359	0.00577323841750007	0.0314280156500001	1	1000	A44	C2	1000	1000	0	0.5	300	1
366	-0.0090613933905	-0.05073071455	0	0.781	0.315	-0.0090613933905	-0.05073071455	FGr	1000	A44	C2	1000	1000	0	0.5	300	1
367	-0.00969430909399998	-0.0505335928499997	0	0.765	0.342	-0.00969430909399998	-0.0505335928499997	NoCorrection	1000	A44	C2	1000	1000	0	0.5	300	1
368	0.000908189196299997	0.05091504885	0	0.968	0.14	0.000908189196299997	0.05091504885	ID	1000	A44	C2	1000	1000	0	0.5	300	1
369	-0.0395859815405	-0.17043820845	0	0.028	0	-0.0395859815405	-0.17043820845	1	10000	A44	C2	1000	1000	0	0.5	300	0
370	-0.0387579696565	-0.15165813205	0	0.021	0.007	-0.0387579696565	-0.15165813205	FGr	10000	A44	C2	1000	1000	0	0.5	300	0
371	-0.0395008355705	-0.1653671336	0	0.026	0.003	-0.0395008355705	-0.1653671336	NoCorrection	10000	A44	C2	1000	1000	0	0.5	300	0
372	-0.0397890603189999	-0.1673533847	0	0.023	0.001	-0.0397890603189999	-0.1673533847	ID	10000	A44	C2	1000	1000	0	0.5	300	0
373	0.0143334350138001	-0.0586000804499996	0	0.432	0.25	0.0143334350138001	-0.0586000804499996	1	10000	A44	C2	1000	1000	0	0.5	300	0.1
374	0.0115068197865	-0.0311153082500001	0	0.517	0.543	0.0115068197865	-0.0311153082500001	FGr	10000	A44	C2	1000	1000	0	0.5	300	0.1
375	0.0125445825645	-0.0263526001499999	0	0.447	0.619	0.0125445825645	-0.0263526001499999	NoCorrection	10000	A44	C2	1000	1000	0	0.5	300	0.1
376	0.014522910625	-0.0572955393499995	0	0.416	0.269	0.014522910625	-0.0572955393499995	ID	10000	A44	C2	1000	1000	0	0.5	300	0.1
377	0.0122070261785	-0.00315791690000002	0	0.541	0.95	0.0122070261785	-0.00315791690000002	1	10000	A44	C2	1000	1000	0	0.5	300	0.5
378	0.00453595672650001	0.0347442329999999	0	0.848	0.624	0.00453595672650001	0.0347442329999999	FGr	10000	A44	C2	1000	1000	0	0.5	300	0.5
379	0.00457239289249999	0.0347831865	0	0.841	0.6	0.00457239289249999	0.0347831865	NoCorrection	10000	A44	C2	1000	1000	0	0.5	300	0.5
380	0.01265394664815	-0.00739686804999992	0	0.513	0.908	0.01265394664815	-0.00739686804999992	ID	10000	A44	C2	1000	1000	0	0.5	300	0.5
381	0.00219282087900002	0.1068563565	0	0.904	0.036	0.00219282087900002	0.1068563565	1	10000	A44	C2	1000	1000	0	0.5	300	1
382	-0.0129347838894999	-0.015886038	0	0.636	0.844	-0.0129347838894999	-0.015886038	FGr	10000	A44	C2	1000	1000	0	0.5	300	1
383	-0.0120192297274999	-0.000164763999999948	0	0.65	1	-0.0120192297274999	-0.000164763999999948	NoCorrection	10000	A44	C2	1000	1000	0	0.5	300	1
384	0.00334317409399992	0.0984303310000001	0	0.882	0.062	0.00334317409399992	0.0984303310000001	ID	10000	A44	C2	1000	1000	0	0.5	300	1
385	0.0152199008032002	0.0152199008032001	0	0.441	0.429	0.0152199008032002	0.0152199008032001	1	300	A44	C2	1000	10000	0	0.5	300	0
386	0.01431115595395	0.01431115595395	0	0.452	0.436	0.01431115595395	0.01431115595395	FGr	300	A44	C2	1000	10000	0	0.5	300	0
387	0.0146169595346199	0.0146169595346199	0	0.448	0.448	0.0146169595346199	0.0146169595346199	NoCorrection	300	A44	C2	1000	10000	0	0.5	300	0
388	0.0143972465951	0.0143972465951	0	0.438	0.455	0.0143972465951	0.0143972465951	ID	300	A44	C2	1000	10000	0	0.5	300	0
389	-0.0213923561547999	-0.0213923561547999	0	0.209	0.203	-0.0213923561547999	-0.0213923561547999	1	300	A44	C2	1000	10000	0	0.5	300	0.1
390	-0.01991806252115	-0.0199180625211499	0	0.25	0.259	-0.01991806252115	-0.0199180625211499	FGr	300	A44	C2	1000	10000	0	0.5	300	0.1
391	-0.0212899072854505	-0.0212899072854504	0	0.218	0.213	-0.0212899072854505	-0.0212899072854504	NoCorrection	300	A44	C2	1000	10000	0	0.5	300	0.1
392	-0.0207766150394993	-0.0207766150394993	0	0.197	0.209	-0.0207766150394993	-0.0207766150394993	ID	300	A44	C2	1000	10000	0	0.5	300	0.1
393	-0.0104553889812501	-0.0104553889812501	0	0.56	0.524	-0.0104553889812501	-0.0104553889812501	1	300	A44	C2	1000	10000	0	0.5	300	0.5
394	-0.0160547094727	-0.0160547094727	0	0.423	0.441	-0.0160547094727	-0.0160547094727	FGr	300	A44	C2	1000	10000	0	0.5	300	0.5
395	-0.0160004616850999	-0.0160004616850999	0	0.413	0.412	-0.0160004616850999	-0.0160004616850999	NoCorrection	300	A44	C2	1000	10000	0	0.5	300	0.5
396	-0.0121288119813002	-0.0121288119813002	0	0.46	0.479	-0.0121288119813002	-0.0121288119813002	ID	300	A44	C2	1000	10000	0	0.5	300	0.5
397	0.0315130003290996	0.0315130003290997	0	0.182	0.19	0.0315130003290996	0.0315130003290997	1	300	A44	C2	1000	10000	0	0.5	300	1
398	0.0212569163208	0.0212569163208	0	0.531	0.497	0.0212569163208	0.0212569163208	FGr	300	A44	C2	1000	10000	0	0.5	300	1
399	0.0216523102836498	0.0216523102836499	0	0.52	0.491	0.0216523102836498	0.0216523102836499	NoCorrection	300	A44	C2	1000	10000	0	0.5	300	1
400	0.0291187256187999	0.0291187256187999	0	0.14	0.153	0.0291187256187999	0.0291187256187999	ID	300	A44	C2	1000	10000	0	0.5	300	1
401	0.0110435941403728	0.0097280582599995	0	0.573	0.776	0.0110435941403728	0.0097280582599995	1	1000	A44	C2	1000	10000	0	0.5	300	0
402	0.0124689946277501	0.0113608692549992	0	0.534	0.713	0.0124689946277501	0.0113608692549992	FGr	1000	A44	C2	1000	10000	0	0.5	300	0
403	0.0121932234888503	0.00916039509500143	0	0.548	0.785	0.0121932234888503	0.00916039509500143	NoCorrection	1000	A44	C2	1000	10000	0	0.5	300	0
404	0.01164012212235	0.00736174219500118	0	0.532	0.835	0.01164012212235	0.00736174219500118	ID	1000	A44	C2	1000	10000	0	0.5	300	0
405	0.03228021217449	0.00995519883500008	0	0.104	0.768	0.03228021217449	0.00995519883500008	1	1000	A44	C2	1000	10000	0	0.5	300	0.1
406	0.0366701801228001	0.0310469279500002	0	0.055	0.361	0.0366701801228001	0.0310469279500002	FGr	1000	A44	C2	1000	10000	0	0.5	300	0.1
407	0.0365354907950101	0.0286417397250005	0	0.048	0.398	0.0365354907950101	0.0286417397250005	NoCorrection	1000	A44	C2	1000	10000	0	0.5	300	0.1
408	0.032111315268245	0.0132830032150001	0	0.086	0.695	0.032111315268245	0.0132830032150001	ID	1000	A44	C2	1000	10000	0	0.5	300	0.1
409	-0.0274720129304999	-0.0245644239199989	0	0.194	0.439	-0.0274720129304999	-0.0245644239199989	1	1000	A44	C2	1000	10000	0	0.5	300	0.5
410	-0.0183665462511495	-0.00809637128499901	0	0.404	0.804	-0.0183665462511495	-0.00809637128499901	FGr	1000	A44	C2	1000	10000	0	0.5	300	0.5
411	-0.0183973962463494	-0.00812049358000008	0	0.383	0.811	-0.0183973962463494	-0.00812049358000008	NoCorrection	1000	A44	C2	1000	10000	0	0.5	300	0.5
412	-0.0268667237437263	-0.0264485414400017	0	0.18	0.424	-0.0268667237437263	-0.0264485414400017	ID	1000	A44	C2	1000	10000	0	0.5	300	0.5
413	0.0330630842710697	0.0727827597850001	0	0.064	0.03	0.0330630842710697	0.0727827597850001	1	1000	A44	C2	1000	10000	0	0.5	300	1
414	0.0515881110077757	0.0623098448950005	0	0.041	0.189	0.0515881110077757	0.0623098448950005	FGr	1000	A44	C2	1000	10000	0	0.5	300	1
415	0.0539416087615005	0.0665408742049999	0	0.04	0.169	0.0539416087615005	0.0665408742049999	NoCorrection	1000	A44	C2	1000	10000	0	0.5	300	1
416	0.033513583032	0.0487215635799999	0	0.056	0.135	0.033513583032	0.0487215635799999	ID	1000	A44	C2	1000	10000	0	0.5	300	1
417	0.0124762132000702	-0.04057738093	0	0.569	0.399	0.0124762132000702	-0.04057738093	1	10000	A44	C2	1000	10000	0	0.5	300	0
418	0.0136252851897999	-0.04540452587	0	0.544	0.339	0.0136252851897999	-0.04540452587	FGr	10000	A44	C2	1000	10000	0	0.5	300	0
419	0.01301009935555	-0.03639646219	0	0.564	0.465	0.01301009935555	-0.03639646219	NoCorrection	10000	A44	C2	1000	10000	0	0.5	300	0
420	0.0130630746870502	-0.0429161663499997	0	0.552	0.385	0.0130630746870502	-0.0429161663499997	ID	10000	A44	C2	1000	10000	0	0.5	300	0
421	-0.0177838524789	0.043754909930001	0	0.346	0.417	-0.0177838524789	0.043754909930001	1	10000	A44	C2	1000	10000	0	0.5	300	0.1
422	-0.0201677436012849	0.0419939714299999	0	0.294	0.405	-0.0201677436012849	0.0419939714299999	FGr	10000	A44	C2	1000	10000	0	0.5	300	0.1
423	-0.0197380335419998	0.0348184876399988	0	0.301	0.496	-0.0197380335419998	0.0348184876399988	NoCorrection	10000	A44	C2	1000	10000	0	0.5	300	0.1
424	-0.0179203030714999	0.0430045311399997	0	0.327	0.402	-0.0179203030714999	0.0430045311399997	ID	10000	A44	C2	1000	10000	0	0.5	300	0.1
425	0.0204163087440003	0.0605395493199989	0	0.318	0.22	0.0204163087440003	0.0605395493199989	1	10000	A44	C2	1000	10000	0	0.5	300	0.5
426	0.00261665577390002	0.0462900624500001	0	0.932	0.377	0.00261665577390002	0.0462900624500001	FGr	10000	A44	C2	1000	10000	0	0.5	300	0.5
427	0.00261144197740003	0.0515209720500008	0	0.938	0.373	0.00261144197740003	0.0515209720500008	NoCorrection	10000	A44	C2	1000	10000	0	0.5	300	0.5
428	0.0193924648523	0.0571192635800012	0	0.351	0.249	0.0193924648523	0.0571192635800012	ID	10000	A44	C2	1000	10000	0	0.5	300	0.5
429	0.0283436786265499	0.0333070376099984	0	0.131	0.51	0.0283436786265499	0.0333070376099984	1	10000	A44	C2	1000	10000	0	0.5	300	1
430	-0.00132243367870009	-0.0384087920000006	0	0.955	0.542	-0.00132243367870009	-0.0384087920000006	FGr	10000	A44	C2	1000	10000	0	0.5	300	1
431	-0.00128265790682518	-0.0360021484500015	0	0.974	0.615	-0.00128265790682518	-0.0360021484500015	NoCorrection	10000	A44	C2	1000	10000	0	0.5	300	1
432	0.027507934774	0.03392008796	0	0.155	0.508	0.027507934774	0.03392008796	ID	10000	A44	C2	1000	10000	0	0.5	300	1
433	0.003623629496	0.003623629496	0	0.724	0.745	0.003623629496	0.003623629496	1	300	A44	C2	10000	100	0	0.5	300	0
434	0.00364645854500001	0.003646458545	0	0.738	0.726	0.00364645854500001	0.003646458545	FGr	300	A44	C2	10000	100	0	0.5	300	0
435	0.00371523153199999	0.00371523153200002	0	0.724	0.734	0.00371523153199999	0.00371523153200002	NoCorrection	300	A44	C2	10000	100	0	0.5	300	0
436	0.0039264186805	0.00392641868049999	0	0.721	0.711	0.0039264186805	0.00392641868049999	ID	300	A44	C2	10000	100	0	0.5	300	0
437	0.011744158392	0.011744158392	0	0.288	0.256	0.011744158392	0.011744158392	1	300	A44	C2	10000	100	0	0.5	300	0.1
438	0.010473132219	0.010473132219	0	0.338	0.313	0.010473132219	0.010473132219	FGr	300	A44	C2	10000	100	0	0.5	300	0.1
439	0.010519074189	0.010519074189	0	0.302	0.325	0.010519074189	0.010519074189	NoCorrection	300	A44	C2	10000	100	0	0.5	300	0.1
440	0.011281047827	0.011281047827	0	0.291	0.277	0.011281047827	0.011281047827	ID	300	A44	C2	10000	100	0	0.5	300	0.1
441	-0.018949026026	-0.018949026026	0	0.148	0.157	-0.018949026026	-0.018949026026	1	300	A44	C2	10000	100	0	0.5	300	0.5
442	-0.02530161034	-0.02530161034	0	0.289	0.288	-0.02530161034	-0.02530161034	FGr	300	A44	C2	10000	100	0	0.5	300	0.5
443	-0.025268476785	-0.025268476785	0	0.306	0.295	-0.025268476785	-0.025268476785	NoCorrection	300	A44	C2	10000	100	0	0.5	300	0.5
444	-0.02143543409	-0.02143543409	0	0.086	0.081	-0.02143543409	-0.02143543409	ID	300	A44	C2	10000	100	0	0.5	300	0.5
445	0.010566415393	0.010566415393	0	0.365	0.396	0.010566415393	0.010566415393	1	300	A44	C2	10000	100	0	0.5	300	1
446	-0.00212225993250005	-0.00212225993249999	0	0.959	0.956	-0.00212225993250005	-0.00212225993249999	FGr	300	A44	C2	10000	100	0	0.5	300	1
447	-0.00200883666049998	-0.00200883666049998	0	0.962	0.955	-0.00200883666049998	-0.00200883666049998	NoCorrection	300	A44	C2	10000	100	0	0.5	300	1
448	0.00586617104	0.00586617104	0	0.551	0.585	0.00586617104	0.00586617104	ID	300	A44	C2	10000	100	0	0.5	300	1
449	-0.0047242650305	-0.0529370945	0	0.691	0.006	-0.0047242650305	-0.0529370945	1	1000	A44	C2	10000	100	0	0.5	300	0
450	-0.00445579335700001	-0.0521870115	0	0.684	0.004	-0.00445579335700001	-0.0521870115	FGr	1000	A44	C2	10000	100	0	0.5	300	0
451	-0.0044546381245	-0.052183542	0	0.693	0.002	-0.0044546381245	-0.052183542	NoCorrection	1000	A44	C2	10000	100	0	0.5	300	0
452	-0.004241208373	-0.051871497	0	0.717	0.005	-0.004241208373	-0.051871497	ID	1000	A44	C2	10000	100	0	0.5	300	0
453	-0.012565372555	0.00160915	0	0.314	0.927	-0.012565372555	0.00160915	1	1000	A44	C2	10000	100	0	0.5	300	0.1
454	-0.0169142363465	0.0039950405	0	0.159	0.852	-0.0169142363465	0.0039950405	FGr	1000	A44	C2	10000	100	0	0.5	300	0.1
455	-0.01692387104	0.0078032585	0	0.171	0.675	-0.01692387104	0.0078032585	NoCorrection	1000	A44	C2	10000	100	0	0.5	300	0.1
456	-0.0122837263308	0.0022751785	0	0.305	0.905	-0.0122837263308	0.0022751785	ID	1000	A44	C2	10000	100	0	0.5	300	0.1
457	-0.00574548129499999	0.00102261199999998	0	0.662	0.964	-0.00574548129499999	0.00102261199999998	1	1000	A44	C2	10000	100	0	0.5	300	0.5
458	-0.032859039545	0.012964904	0	0.154	0.73	-0.032859039545	0.012964904	FGr	1000	A44	C2	10000	100	0	0.5	300	0.5
459	-0.03286700101	0.0135953905	0	0.169	0.75	-0.03286700101	0.0135953905	NoCorrection	1000	A44	C2	10000	100	0	0.5	300	0.5
460	-0.0059425819825	-0.00331989450000001	0	0.609	0.826	-0.0059425819825	-0.00331989450000001	ID	1000	A44	C2	10000	100	0	0.5	300	0.5
461	0.005330127865	0.00508630700000001	0	0.678	0.775	0.005330127865	0.00508630700000001	1	1000	A44	C2	10000	100	0	0.5	300	1
462	-0.04658214943	-0.025479466	0	0.245	0.682	-0.04658214943	-0.025479466	FGr	1000	A44	C2	10000	100	0	0.5	300	1
463	-0.04660851462	-0.0293551665	0	0.263	0.62	-0.04660851462	-0.0293551665	NoCorrection	1000	A44	C2	10000	100	0	0.5	300	1
464	0.006338897765	7.18514999999897e-05	0	0.561	0.999	0.006338897765	7.18514999999897e-05	ID	1000	A44	C2	10000	100	0	0.5	300	1
465	0.000727236814999991	4.52214999999856e-05	0	0.952	0.998	0.000727236814999991	4.52214999999856e-05	1	10000	A44	C2	10000	100	0	0.5	300	0
466	0.00351993930500001	0.00115105349999995	0	0.737	0.964	0.00351993930500001	0.00115105349999995	FGr	10000	A44	C2	10000	100	0	0.5	300	0
467	0.003017650355	0.00127830450000002	0	0.814	0.956	0.003017650355	0.00127830450000002	NoCorrection	10000	A44	C2	10000	100	0	0.5	300	0
468	0.00094305022350001	0.00662007199999997	0	0.929	0.833	0.00094305022350001	0.00662007199999997	ID	10000	A44	C2	10000	100	0	0.5	300	0
469	-0.013249727195	0.0181068025	0	0.252	0.58	-0.013249727195	0.0181068025	1	10000	A44	C2	10000	100	0	0.5	300	0.1
470	-0.00803049630500001	0.0162574505	0	0.484	0.612	-0.00803049630500001	0.0162574505	FGr	10000	A44	C2	10000	100	0	0.5	300	0.1
471	-0.00800907744499998	0.0162500985	0	0.511	0.619	-0.00800907744499998	0.0162500985	NoCorrection	10000	A44	C2	10000	100	0	0.5	300	0.1
472	-0.01335942408	0.019581751	0	0.242	0.525	-0.01335942408	0.019581751	ID	10000	A44	C2	10000	100	0	0.5	300	0.1
473	0.003147884426	0.0190739615	0	0.772	0.451	0.003147884426	0.0190739615	1	10000	A44	C2	10000	100	0	0.5	300	0.5
474	0.0351954062	0.0178484195	0	0.111	0.738	0.0351954062	0.0178484195	FGr	10000	A44	C2	10000	100	0	0.5	300	0.5
475	0.035795935755	0.0144210795	0	0.11	0.769	0.035795935755	0.0144210795	NoCorrection	10000	A44	C2	10000	100	0	0.5	300	0.5
476	0.003721597885	0.0266335195	0	0.716	0.311	0.003721597885	0.0266335195	ID	10000	A44	C2	10000	100	0	0.5	300	0.5
477	0.001722438563	0.0166942055	0	0.906	0.573	0.001722438563	0.0166942055	1	10000	A44	C2	10000	100	0	0.5	300	1
478	0.065465182675	0.0525031049999999	0	0.081	0.574	0.065465182675	0.0525031049999999	FGr	10000	A44	C2	10000	100	0	0.5	300	1
479	0.066270966535	0.0573363349999999	0	0.077	0.531	0.066270966535	0.0573363349999999	NoCorrection	10000	A44	C2	10000	100	0	0.5	300	1
480	0.00261239087000002	0.0092802165	0	0.841	0.75	0.00261239087000002	0.0092802165	ID	10000	A44	C2	10000	100	0	0.5	300	1
481	-0.00383422594115001	-0.00383422594115004	0	0.564	0.584	-0.00383422594115001	-0.00383422594115004	1	300	A44	C2	10000	1000	0	0.5	300	0
482	-0.00390453660182006	-0.00390453660182008	0	0.613	0.558	-0.00390453660182006	-0.00390453660182008	FGr	300	A44	C2	10000	1000	0	0.5	300	0
483	-0.00391922152105002	-0.00391922152105002	0	0.578	0.529	-0.00391922152105002	-0.00391922152105002	NoCorrection	300	A44	C2	10000	1000	0	0.5	300	0
484	-0.00407969153130001	-0.00407969153129999	0	0.561	0.504	-0.00407969153130001	-0.00407969153129999	ID	300	A44	C2	10000	1000	0	0.5	300	0
485	0.0120510792897	0.0120510792897	0	0.091	0.081	0.0120510792897	0.0120510792897	1	300	A44	C2	10000	1000	0	0.5	300	0.1
486	0.011529179337	0.011529179337	0	0.107	0.103	0.011529179337	0.011529179337	FGr	300	A44	C2	10000	1000	0	0.5	300	0.1
487	0.011572767873	0.011572767873	0	0.113	0.096	0.011572767873	0.011572767873	NoCorrection	300	A44	C2	10000	1000	0	0.5	300	0.1
488	0.0121300676105	0.0121300676105	0	0.1	0.076	0.0121300676105	0.0121300676105	ID	300	A44	C2	10000	1000	0	0.5	300	0.1
489	0.0092282355602	0.00922823556019999	0	0.183	0.181	0.0092282355602	0.00922823556019999	1	300	A44	C2	10000	1000	0	0.5	300	0.5
490	0.0055272573635	0.00552725736349998	0	0.632	0.644	0.0055272573635	0.00552725736349998	FGr	300	A44	C2	10000	1000	0	0.5	300	0.5
491	0.00539625617549999	0.00539625617549994	0	0.659	0.668	0.00539625617549999	0.00539625617549994	NoCorrection	300	A44	C2	10000	1000	0	0.5	300	0.5
492	0.0106922810978	0.0106922810978	0	0.135	0.123	0.0106922810978	0.0106922810978	ID	300	A44	C2	10000	1000	0	0.5	300	0.5
493	-0.0213020554785	-0.0213020554785	0	0.007	0.006	-0.0213020554785	-0.0213020554785	1	300	A44	C2	10000	1000	0	0.5	300	1
494	-0.0290211544414	-0.0290211544414001	0	0.2	0.191	-0.0290211544414	-0.0290211544414001	FGr	300	A44	C2	10000	1000	0	0.5	300	1
495	-0.0291193996730001	-0.0291193996730001	0	0.17	0.181	-0.0291193996730001	-0.0291193996730001	NoCorrection	300	A44	C2	10000	1000	0	0.5	300	1
496	-0.017979591308	-0.017979591308	0	0.007	0.008	-0.017979591308	-0.017979591308	ID	300	A44	C2	10000	1000	0	0.5	300	1
497	0.00417081752580001	0.00349843269999999	0	0.556	0.776	0.00417081752580001	0.00349843269999999	1	1000	A44	C2	10000	1000	0	0.5	300	0
498	0.00424803394780499	0.00608071795000001	0	0.588	0.561	0.00424803394780499	0.00608071795000001	FGr	1000	A44	C2	10000	1000	0	0.5	300	0
499	0.00425778034370001	0.00496771964999998	0	0.573	0.663	0.00425778034370001	0.00496771964999998	NoCorrection	1000	A44	C2	10000	1000	0	0.5	300	0
500	0.00401493975249998	0.00270513390000001	0	0.601	0.82	0.00401493975249998	0.00270513390000001	ID	1000	A44	C2	10000	1000	0	0.5	300	0
501	0.00663771838299998	0.00958800119999997	0	0.348	0.355	0.00663771838299998	0.00958800119999997	1	1000	A44	C2	10000	1000	0	0.5	300	0.1
502	0.007898953679	0.0147117711499999	0	0.264	0.167	0.007898953679	0.0147117711499999	FGr	1000	A44	C2	10000	1000	0	0.5	300	0.1
503	0.007889192249	0.01471749815	0	0.282	0.168	0.007889192249	0.01471749815	NoCorrection	1000	A44	C2	10000	1000	0	0.5	300	0.1
504	0.00647814491299998	0.01023079655	0	0.322	0.34	0.00647814491299998	0.01023079655	ID	1000	A44	C2	10000	1000	0	0.5	300	0.1
505	0.00394575416399999	-0.00077186725000003	0	0.545	0.951	0.00394575416399999	-0.00077186725000003	1	1000	A44	C2	10000	1000	0	0.5	300	0.5
506	0.00889280993699998	0.0133899175	0	0.437	0.46	0.00889280993699998	0.0133899175	FGr	1000	A44	C2	10000	1000	0	0.5	300	0.5
507	0.00884794366020003	0.014216737	0	0.428	0.478	0.00884794366020003	0.014216737	NoCorrection	1000	A44	C2	10000	1000	0	0.5	300	0.5
508	0.00344632418649999	-0.00123298290000003	0	0.605	0.896	0.00344632418649999	-0.00123298290000003	ID	1000	A44	C2	10000	1000	0	0.5	300	0.5
509	0.011023443424	0.00730240565000004	0	0.14	0.523	0.011023443424	0.00730240565000004	1	1000	A44	C2	10000	1000	0	0.5	300	1
510	0.0212057706041999	0.01930676945	0	0.375	0.619	0.0212057706041999	0.01930676945	FGr	1000	A44	C2	10000	1000	0	0.5	300	1
511	0.0209784885649998	0.0195868381	0	0.371	0.612	0.0209784885649998	0.0195868381	NoCorrection	1000	A44	C2	10000	1000	0	0.5	300	1
512	0.009764630144	0.00832332675000002	0	0.187	0.454	0.009764630144	0.00832332675000002	ID	1000	A44	C2	10000	1000	0	0.5	300	1
513	0.01112886174635	0.00965211859999997	0	0.114	0.605	0.01112886174635	0.00965211859999997	1	10000	A44	C2	10000	1000	0	0.5	300	0
514	0.01234088337535	0.01521669925	0	0.081	0.371	0.01234088337535	0.01521669925	FGr	10000	A44	C2	10000	1000	0	0.5	300	0
515	0.01219009713595	0.01083290255	0	0.085	0.565	0.01219009713595	0.01083290255	NoCorrection	10000	A44	C2	10000	1000	0	0.5	300	0
516	0.01108567193185	0.00706032409999996	0	0.123	0.679	0.01108567193185	0.00706032409999996	ID	10000	A44	C2	10000	1000	0	0.5	300	0
517	0.00466133451500001	-0.01112395305	0	0.449	0.523	0.00466133451500001	-0.01112395305	1	10000	A44	C2	10000	1000	0	0.5	300	0.1
518	0.0010168830525	-0.0065742254	0	0.879	0.696	0.0010168830525	-0.0065742254	FGr	10000	A44	C2	10000	1000	0	0.5	300	0.1
519	0.000975649236500007	-0.00643924775	0	0.863	0.715	0.000975649236500007	-0.00643924775	NoCorrection	10000	A44	C2	10000	1000	0	0.5	300	0.1
520	0.004678154494575	-0.0118130921	0	0.456	0.495	0.004678154494575	-0.0118130921	ID	10000	A44	C2	10000	1000	0	0.5	300	0.1
521	0.00340364216999995	0.028544711	0	0.614	0.111	0.00340364216999995	0.028544711	1	10000	A44	C2	10000	1000	0	0.5	300	0.5
522	-0.0181536176085	0.02738719795	0	0.18	0.361	-0.0181536176085	0.02738719795	FGr	10000	A44	C2	10000	1000	0	0.5	300	0.5
523	-0.0180636933105	0.02601041705	0	0.176	0.38	-0.0180636933105	0.02601041705	NoCorrection	10000	A44	C2	10000	1000	0	0.5	300	0.5
524	0.00327633548049997	0.02360045335	0	0.63	0.168	0.00327633548049997	0.02360045335	ID	10000	A44	C2	10000	1000	0	0.5	300	0.5
525	0.0153185069269	-0.0122718552000001	0	0.034	0.437	0.0153185069269	-0.0122718552000001	1	10000	A44	C2	10000	1000	0	0.5	300	1
526	-0.0258573246223501	-0.1074700937	0	0.278	0.057	-0.0258573246223501	-0.1074700937	FGr	10000	A44	C2	10000	1000	0	0.5	300	1
527	-0.025709665123	-0.1083877547	0	0.301	0.035	-0.025709665123	-0.1083877547	NoCorrection	10000	A44	C2	10000	1000	0	0.5	300	1
528	0.01496944442035	-0.0121848688000001	0	0.044	0.467	0.01496944442035	-0.0121848688000001	ID	10000	A44	C2	10000	1000	0	0.5	300	1
529	-0.00301854724419996	-0.0030185472442	0	0.642	0.617	-0.00301854724419996	-0.0030185472442	1	300	A44	C2	10000	10000	0	0.5	300	0
530	-0.00340093408268904	-0.00340093408268904	0	0.581	0.575	-0.00340093408268904	-0.00340093408268904	FGr	300	A44	C2	10000	10000	0	0.5	300	0
531	-0.00337435090950032	-0.0033743509095003	0	0.578	0.564	-0.00337435090950032	-0.0033743509095003	NoCorrection	300	A44	C2	10000	10000	0	0.5	300	0
532	-0.00339166269879985	-0.00339166269879986	0	0.606	0.582	-0.00339166269879985	-0.00339166269879986	ID	300	A44	C2	10000	10000	0	0.5	300	0
533	0.00779469910300503	0.00779469910300503	0	0.195	0.199	0.00779469910300503	0.00779469910300503	1	300	A44	C2	10000	10000	0	0.5	300	0.1
534	0.00890413389303008	0.0089041338930301	0	0.168	0.162	0.00890413389303008	0.0089041338930301	FGr	300	A44	C2	10000	10000	0	0.5	300	0.1
535	0.00889461195440002	0.00889461195440001	0	0.155	0.135	0.00889461195440002	0.00889461195440001	NoCorrection	300	A44	C2	10000	10000	0	0.5	300	0.1
536	0.00772001418289996	0.00772001418289995	0	0.174	0.203	0.00772001418289996	0.00772001418289995	ID	300	A44	C2	10000	10000	0	0.5	300	0.1
537	-0.00415380521069995	-0.00415380521069994	0	0.547	0.531	-0.00415380521069995	-0.00415380521069994	1	300	A44	C2	10000	10000	0	0.5	300	0.5
538	0.001467788130028	0.00146778813002789	0	0.923	0.914	0.001467788130028	0.00146778813002789	FGr	300	A44	C2	10000	10000	0	0.5	300	0.5
539	0.00148932490749003	0.00148932490749	0	0.911	0.926	0.00148932490749003	0.00148932490749	NoCorrection	300	A44	C2	10000	10000	0	0.5	300	0.5
540	-0.00483827465446008	-0.00483827465446009	0	0.465	0.468	-0.00483827465446008	-0.00483827465446009	ID	300	A44	C2	10000	10000	0	0.5	300	0.5
541	-0.0066168268211249	-0.00661682682112493	0	0.286	0.324	-0.0066168268211249	-0.00661682682112493	1	300	A44	C2	10000	10000	0	0.5	300	1
542	0.00376886537830016	0.00376886537830031	0	0.876	0.879	0.00376886537830016	0.00376886537830031	FGr	300	A44	C2	10000	10000	0	0.5	300	1
543	0.0037900732281995	0.00379007322819956	0	0.876	0.874	0.0037900732281995	0.00379007322819956	NoCorrection	300	A44	C2	10000	10000	0	0.5	300	1
544	-0.00850752684235005	-0.00850752684235006	0	0.148	0.138	-0.00850752684235005	-0.00850752684235006	ID	300	A44	C2	10000	10000	0	0.5	300	1
545	-0.00159634720564998	-0.00493671806500003	0	0.774	0.597	-0.00159634720564998	-0.00493671806500003	1	1000	A44	C2	10000	10000	0	0.5	300	0
546	-0.00165083840662997	-0.00522521453499997	0	0.749	0.554	-0.00165083840662997	-0.00522521453499997	FGr	1000	A44	C2	10000	10000	0	0.5	300	0
547	-0.00162789112220496	-0.00519788430500004	0	0.775	0.539	-0.00162789112220496	-0.00519788430500004	NoCorrection	1000	A44	C2	10000	10000	0	0.5	300	0
548	-0.00165253183248004	-0.00568348008500001	0	0.736	0.515	-0.00165253183248004	-0.00568348008500001	ID	1000	A44	C2	10000	10000	0	0.5	300	0
549	0.00555576611040007	-0.00272308463500001	0	0.279	0.756	0.00555576611040007	-0.00272308463500001	1	1000	A44	C2	10000	10000	0	0.5	300	0.1
550	0.00612052839370991	0.00356459974499987	0	0.241	0.7	0.00612052839370991	0.00356459974499987	FGr	1000	A44	C2	10000	10000	0	0.5	300	0.1
551	0.00614756440867995	0.0036649208700001	0	0.258	0.707	0.00614756440867995	0.0036649208700001	NoCorrection	1000	A44	C2	10000	10000	0	0.5	300	0.1
552	0.00564140773822997	-0.00109245667999986	0	0.252	0.898	0.00564140773822997	-0.00109245667999986	ID	1000	A44	C2	10000	10000	0	0.5	300	0.1
553	0.00119160949734514	0.0146670817099998	0	0.81	0.098	0.00119160949734514	0.0146670817099998	1	1000	A44	C2	10000	10000	0	0.5	300	0.5
554	0.00363838836010013	0.0223392160100011	0	0.691	0.231	0.00363838836010013	0.0223392160100011	FGr	1000	A44	C2	10000	10000	0	0.5	300	0.5
555	0.00367388274082483	0.0229524174250007	0	0.688	0.228	0.00367388274082483	0.0229524174250007	NoCorrection	1000	A44	C2	10000	10000	0	0.5	300	0.5
556	0.00151842710050094	0.0142597585799999	0	0.762	0.118	0.00151842710050094	0.0142597585799999	ID	1000	A44	C2	10000	10000	0	0.5	300	0.5
557	-0.00267119827799999	-0.00734738672499998	0	0.579	0.443	-0.00267119827799999	-0.00734738672499998	1	1000	A44	C2	10000	10000	0	0.5	300	1
558	0.00236110564575007	-0.00673194088499996	0	0.878	0.813	0.00236110564575007	-0.00673194088499996	FGr	1000	A44	C2	10000	10000	0	0.5	300	1
559	0.00250586660269996	-0.00461698341999914	0	0.877	0.877	0.00250586660269996	-0.00461698341999914	NoCorrection	1000	A44	C2	10000	10000	0	0.5	300	1
560	-0.00196856311120997	-0.01415736264	0	0.664	0.129	-0.00196856311120997	-0.01415736264	ID	1000	A44	C2	10000	10000	0	0.5	300	1
561	-0.00755418891680001	-0.015235273415	0	0.222	0.311	-0.00755418891680001	-0.015235273415	1	10000	A44	C2	10000	10000	0	0.5	300	0
562	-0.00771149994556005	-0.0164523343399997	0	0.197	0.279	-0.00771149994556005	-0.0164523343399997	FGr	10000	A44	C2	10000	10000	0	0.5	300	0
563	-0.00770512320900501	-0.0181586699349996	0	0.194	0.25	-0.00770512320900501	-0.0181586699349996	NoCorrection	10000	A44	C2	10000	10000	0	0.5	300	0
564	-0.00752823607971001	-0.0165486478649999	0	0.226	0.261	-0.00752823607971001	-0.0165486478649999	ID	10000	A44	C2	10000	10000	0	0.5	300	0
565	-0.00276927774092007	0.00296901606999994	0	0.592	0.863	-0.00276927774092007	0.00296901606999994	1	10000	A44	C2	10000	10000	0	0.5	300	0.1
566	-0.00307358766559997	0.01262787797	0	0.611	0.422	-0.00307358766559997	0.01262787797	FGr	10000	A44	C2	10000	10000	0	0.5	300	0.1
567	-0.00304049850024009	0.01523744912	0	0.603	0.319	-0.00304049850024009	0.01523744912	NoCorrection	10000	A44	C2	10000	10000	0	0.5	300	0.1
568	-0.00274966871574998	0.00380945289499995	0	0.639	0.797	-0.00274966871574998	0.00380945289499995	ID	10000	A44	C2	10000	10000	0	0.5	300	0.1
569	0.00686053995925007	-0.000458525465	0	0.268	0.978	0.00686053995925007	-0.000458525465	1	10000	A44	C2	10000	10000	0	0.5	300	0.5
570	0.0035199245382503	0.00840027756999992	0	0.765	0.802	0.0035199245382503	0.00840027756999992	FGr	10000	A44	C2	10000	10000	0	0.5	300	0.5
571	0.00354194846319992	0.00649485344499997	0	0.76	0.843	0.00354194846319992	0.00649485344499997	NoCorrection	10000	A44	C2	10000	10000	0	0.5	300	0.5
572	0.00704625304252994	-0.00285338110000027	0	0.257	0.855	0.00704625304252994	-0.00285338110000027	ID	10000	A44	C2	10000	10000	0	0.5	300	0.5
573	-0.00026569600517998	0.015803221375	0	0.965	0.265	-0.00026569600517998	0.015803221375	1	10000	A44	C2	10000	10000	0	0.5	300	1
574	-0.00690380689190005	-0.0112165814499999	0	0.743	0.841	-0.00690380689190005	-0.0112165814499999	FGr	10000	A44	C2	10000	10000	0	0.5	300	1
575	-0.00684804254744949	-0.00865992459999997	0	0.788	0.888	-0.00684804254744949	-0.00865992459999997	NoCorrection	10000	A44	C2	10000	10000	0	0.5	300	1
576	0.000169528158489979	0.01718126942	0	0.982	0.25	0.000169528158489979	0.01718126942	ID	10000	A44	C2	10000	10000	0	0.5	300	1
