	c-q	nc-q	true-q	c-p	nc-p	c-bias	nc-bias	type	L	rep	config	gwas_size	test_size	h2	ts	num_causal	env
1	-0.03678040651	-0.03678040651	0	0.314	0.299	-0.03678040651	-0.03678040651	1	300	A4	C1	1000	100	0	0.5	300	0
2	-0.056121080245	-0.056121080245	0	0.113	0.127	-0.056121080245	-0.056121080245	FGr	300	A4	C1	1000	100	0	0.5	300	0
3	-0.05734214055	-0.05734214055	0	0.124	0.12	-0.05734214055	-0.05734214055	NoCorrection	300	A4	C1	1000	100	0	0.5	300	0
4	-0.0345285977	-0.0345285977	0	0.361	0.338	-0.0345285977	-0.0345285977	ID	300	A4	C1	1000	100	0	0.5	300	0
5	0.0187430128299999	0.0187430128299999	0	0.619	0.628	0.0187430128299999	0.0187430128299999	1	300	A4	C1	1000	100	0	0.5	300	0.01
6	0.010943162655	0.010943162655	0	0.779	0.764	0.010943162655	0.010943162655	FGr	300	A4	C1	1000	100	0	0.5	300	0.01
7	0.00808275480000002	0.00808275480000006	0	0.844	0.845	0.00808275480000002	0.00808275480000006	NoCorrection	300	A4	C1	1000	100	0	0.5	300	0.01
8	0.02017543917	0.02017543917	0	0.637	0.636	0.02017543917	0.02017543917	ID	300	A4	C1	1000	100	0	0.5	300	0.01
9	0.00971419115499998	0.00971419115499998	0	0.817	0.824	0.00971419115499998	0.00971419115499998	1	300	A4	C1	1000	100	0	0.5	300	0.03
10	0.01045530796	0.01045530796	0	0.791	0.797	0.01045530796	0.01045530796	FGr	300	A4	C1	1000	100	0	0.5	300	0.03
11	0.00887405787000002	0.00887405787	0	0.843	0.815	0.00887405787000002	0.00887405787	NoCorrection	300	A4	C1	1000	100	0	0.5	300	0.03
12	0.00807685833	0.00807685832999998	0	0.851	0.84	0.00807685833	0.00807685832999998	ID	300	A4	C1	1000	100	0	0.5	300	0.03
13	-0.0442347718450001	-0.044234771845	0	0.332	0.349	-0.0442347718450001	-0.044234771845	1	300	A4	C1	1000	100	0	0.5	300	0.1
14	-0.00258044146	-0.00258044146	0	0.96	0.945	-0.00258044146	-0.00258044146	FGr	300	A4	C1	1000	100	0	0.5	300	0.1
15	0.00222397430999992	0.00222397430999998	0	0.961	0.972	0.00222397430999992	0.00222397430999998	NoCorrection	300	A4	C1	1000	100	0	0.5	300	0.1
16	-0.04632730868	-0.04632730868	0	0.349	0.272	-0.04632730868	-0.04632730868	ID	300	A4	C1	1000	100	0	0.5	300	0.1
17	0.045763675405	0.07613346	0	0.235	0.173	0.045763675405	0.07613346	1	1000	A4	C1	1000	100	0	0.5	300	0
18	0.067359310099	0.1317814455	0	0.073	0.026	0.067359310099	0.1317814455	FGr	1000	A4	C1	1000	100	0	0.5	300	0
19	0.07041174233	0.1420908175	0	0.049	0.01	0.07041174233	0.1420908175	NoCorrection	1000	A4	C1	1000	100	0	0.5	300	0
20	0.046472597887	0.0806707135	0	0.237	0.135	0.046472597887	0.0806707135	ID	1000	A4	C1	1000	100	0	0.5	300	0
21	0.029268610345	-0.09444354	0	0.436	0.153	0.029268610345	-0.09444354	1	1000	A4	C1	1000	100	0	0.5	300	0.01
22	0.00495812416000001	-0.157601828	0	0.89	0.014	0.00495812416000001	-0.157601828	FGr	1000	A4	C1	1000	100	0	0.5	300	0.01
23	0.00608816233999998	-0.154936401	0	0.859	0.016	0.00608816233999998	-0.154936401	NoCorrection	1000	A4	C1	1000	100	0	0.5	300	0.01
24	0.023752169075	-0.116504549	0	0.579	0.071	0.023752169075	-0.116504549	ID	1000	A4	C1	1000	100	0	0.5	300	0.01
25	-0.064132768525	-0.1153329355	0	0.108	0.087	-0.064132768525	-0.1153329355	1	1000	A4	C1	1000	100	0	0.5	300	0.03
26	-0.06513334912	-0.11708384	0	0.101	0.07	-0.06513334912	-0.11708384	FGr	1000	A4	C1	1000	100	0	0.5	300	0.03
27	-0.074314597745	-0.131549028	0	0.068	0.038	-0.074314597745	-0.131549028	NoCorrection	1000	A4	C1	1000	100	0	0.5	300	0.03
28	-0.062315684223	-0.115958097	0	0.121	0.072	-0.062315684223	-0.115958097	ID	1000	A4	C1	1000	100	0	0.5	300	0.03
29	0.0564915516600001	0.084219447	0	0.156	0.172	0.0564915516600001	0.084219447	1	1000	A4	C1	1000	100	0	0.5	300	0.1
30	0.0831035824599999	0.159038168	0	0.051	0.011	0.0831035824599999	0.159038168	FGr	1000	A4	C1	1000	100	0	0.5	300	0.1
31	0.09704025183	0.197526129	0	0.032	0.002	0.09704025183	0.197526129	NoCorrection	1000	A4	C1	1000	100	0	0.5	300	0.1
32	0.06767770163	0.117055338	0	0.1	0.047	0.06767770163	0.117055338	ID	1000	A4	C1	1000	100	0	0.5	300	0.1
33	-0.00449503013	-0.0159219319999999	0	0.907	0.865	-0.00449503013	-0.0159219319999999	1	10000	A4	C1	1000	100	0	0.5	300	0
34	-0.011336529235	-0.0326339639999999	0	0.737	0.763	-0.011336529235	-0.0326339639999999	FGr	10000	A4	C1	1000	100	0	0.5	300	0
35	-0.028502888216	-0.12834417	0	0.451	0.185	-0.028502888216	-0.12834417	NoCorrection	10000	A4	C1	1000	100	0	0.5	300	0
36	-0.0087034367	-0.0134860945000001	0	0.813	0.89	-0.0087034367	-0.0134860945000001	ID	10000	A4	C1	1000	100	0	0.5	300	0
37	-0.07433453405	0.09610958	0	0.085	0.356	-0.07433453405	0.09610958	1	10000	A4	C1	1000	100	0	0.5	300	0.01
38	-0.079443632045	0.06089386	0	0.055	0.571	-0.079443632045	0.06089386	FGr	10000	A4	C1	1000	100	0	0.5	300	0.01
39	-0.066906268887	0.090728845	0	0.1	0.361	-0.066906268887	0.090728845	NoCorrection	10000	A4	C1	1000	100	0	0.5	300	0.01
40	-0.078187616901	0.058155545	0	0.077	0.567	-0.078187616901	0.058155545	ID	10000	A4	C1	1000	100	0	0.5	300	0.01
41	-0.00741977432250007	-0.089585565	0	0.841	0.389	-0.00741977432250007	-0.089585565	1	10000	A4	C1	1000	100	0	0.5	300	0.03
42	-0.0134156208600001	-0.1425382215	0	0.736	0.182	-0.0134156208600001	-0.1425382215	FGr	10000	A4	C1	1000	100	0	0.5	300	0.03
43	0.0183916971850001	0.0440576499999999	0	0.682	0.681	0.0183916971850001	0.0440576499999999	NoCorrection	10000	A4	C1	1000	100	0	0.5	300	0.03
44	-0.00738577188999998	-0.089761295	0	0.841	0.416	-0.00738577188999998	-0.089761295	ID	10000	A4	C1	1000	100	0	0.5	300	0.03
45	-0.00636246999500001	-0.017882652	0	0.879	0.852	-0.00636246999500001	-0.017882652	1	10000	A4	C1	1000	100	0	0.5	300	0.1
46	-0.000332631745000045	0.016579025	0	0.993	0.857	-0.000332631745000045	0.016579025	FGr	10000	A4	C1	1000	100	0	0.5	300	0.1
47	0.04830271074	0.29243038	0	0.188	0.003	0.04830271074	0.29243038	NoCorrection	10000	A4	C1	1000	100	0	0.5	300	0.1
48	-0.00610147968	-0.0174269379999999	0	0.887	0.866	-0.00610147968	-0.0174269379999999	ID	10000	A4	C1	1000	100	0	0.5	300	0.1
49	-0.000661189385500007	-0.000661189385499934	0	0.984	0.98	-0.000661189385500007	-0.000661189385499934	1	300	A4	C1	1000	1000	0	0.5	300	0
50	0.0201973501455	0.0201973501455	0	0.452	0.483	0.0201973501455	0.0201973501455	FGr	300	A4	C1	1000	1000	0	0.5	300	0
51	0.020269300309	0.020269300309	0	0.458	0.498	0.020269300309	0.020269300309	NoCorrection	300	A4	C1	1000	1000	0	0.5	300	0
52	-0.000809282678500053	-0.00080928267850005	0	0.979	0.976	-0.000809282678500053	-0.00080928267850005	ID	300	A4	C1	1000	1000	0	0.5	300	0
53	0.00605400614165019	0.00605400614165013	0	0.815	0.808	0.00605400614165019	0.00605400614165013	1	300	A4	C1	1000	1000	0	0.5	300	0.01
54	0.0206298515279999	0.0206298515279998	0	0.386	0.381	0.0206298515279999	0.0206298515279998	FGr	300	A4	C1	1000	1000	0	0.5	300	0.01
55	0.0235443520314	0.0235443520314	0	0.318	0.344	0.0235443520314	0.0235443520314	NoCorrection	300	A4	C1	1000	1000	0	0.5	300	0.01
56	0.00335978071324993	0.00335978071324991	0	0.879	0.881	0.00335978071324993	0.00335978071324991	ID	300	A4	C1	1000	1000	0	0.5	300	0.01
57	-0.0434663877459999	-0.0434663877459999	0	0.062	0.063	-0.0434663877459999	-0.0434663877459999	1	300	A4	C1	1000	1000	0	0.5	300	0.03
58	-0.0218767205616249	-0.021876720561625	0	0.331	0.362	-0.0218767205616249	-0.021876720561625	FGr	300	A4	C1	1000	1000	0	0.5	300	0.03
59	-0.0297788488425001	-0.0297788488425001	0	0.206	0.217	-0.0297788488425001	-0.0297788488425001	NoCorrection	300	A4	C1	1000	1000	0	0.5	300	0.03
60	-0.0363597967175	-0.0363597967175	0	0.128	0.12	-0.0363597967175	-0.0363597967175	ID	300	A4	C1	1000	1000	0	0.5	300	0.03
61	0.00333736863599997	0.003337368636	0	0.897	0.877	0.00333736863599997	0.003337368636	1	300	A4	C1	1000	1000	0	0.5	300	0.1
62	0.00376556373000001	0.00376556373000001	0	0.885	0.882	0.00376556373000001	0.00376556373000001	FGr	300	A4	C1	1000	1000	0	0.5	300	0.1
63	0.0221315413079999	0.022131541308	0	0.411	0.412	0.0221315413079999	0.022131541308	NoCorrection	300	A4	C1	1000	1000	0	0.5	300	0.1
64	-0.0218567878390001	-0.0218567878390001	0	0.445	0.424	-0.0218567878390001	-0.0218567878390001	ID	300	A4	C1	1000	1000	0	0.5	300	0.1
65	0.040504200844	0.0134167551999998	0	0.132	0.741	0.040504200844	0.0134167551999998	1	1000	A4	C1	1000	1000	0	0.5	300	0
66	0.0391573639180001	0.01191925535	0	0.164	0.784	0.0391573639180001	0.01191925535	FGr	1000	A4	C1	1000	1000	0	0.5	300	0
67	0.0418124429435002	0.0172361172999999	0	0.11	0.671	0.0418124429435002	0.0172361172999999	NoCorrection	1000	A4	C1	1000	1000	0	0.5	300	0
68	0.0410044328569001	0.01193057025	0	0.132	0.787	0.0410044328569001	0.01193057025	ID	1000	A4	C1	1000	1000	0	0.5	300	0
69	0.0247352183045	-0.0106068005	0	0.318	0.821	0.0247352183045	-0.0106068005	1	1000	A4	C1	1000	1000	0	0.5	300	0.01
70	-0.000635656667699974	-0.05136187065	0	0.983	0.271	-0.000635656667699974	-0.05136187065	FGr	1000	A4	C1	1000	1000	0	0.5	300	0.01
71	0.010531428862	-0.0322905845999999	0	0.658	0.479	0.010531428862	-0.0322905845999999	NoCorrection	1000	A4	C1	1000	1000	0	0.5	300	0.01
72	0.0135434896175	-0.0278305555500001	0	0.583	0.555	0.0135434896175	-0.0278305555500001	ID	1000	A4	C1	1000	1000	0	0.5	300	0.01
73	0.0111438982894999	0.0215488643	0	0.661	0.607	0.0111438982894999	0.0215488643	1	1000	A4	C1	1000	1000	0	0.5	300	0.03
74	-0.00109534335249985	-0.00411628884999987	0	0.97	0.921	-0.00109534335249985	-0.00411628884999987	FGr	1000	A4	C1	1000	1000	0	0.5	300	0.03
75	0.0167396915565001	0.0327772665000001	0	0.521	0.449	0.0167396915565001	0.0327772665000001	NoCorrection	1000	A4	C1	1000	1000	0	0.5	300	0.03
76	-0.000168625468499882	0.0038323331999999	0	0.995	0.934	-0.000168625468499882	0.0038323331999999	ID	1000	A4	C1	1000	1000	0	0.5	300	0.03
77	0.00441202589124996	0.0240583402	0	0.884	0.623	0.00441202589124996	0.0240583402	1	1000	A4	C1	1000	1000	0	0.5	300	0.1
78	0.000315262570499938	-0.00205828259999999	0	0.996	0.969	0.000315262570499938	-0.00205828259999999	FGr	1000	A4	C1	1000	1000	0	0.5	300	0.1
79	0.0471121160665	0.1191013491	0	0.141	0.018	0.0471121160665	0.1191013491	NoCorrection	1000	A4	C1	1000	1000	0	0.5	300	0.1
80	0.000918672893999962	0.00254700635	0	0.983	0.963	0.000918672893999962	0.00254700635	ID	1000	A4	C1	1000	1000	0	0.5	300	0.1
81	0.0446740839243	-0.0463424966999998	0	0.087	0.513	0.0446740839243	-0.0463424966999998	1	10000	A4	C1	1000	1000	0	0.5	300	0
82	0.043230656414	-0.0580200638	0	0.092	0.456	0.043230656414	-0.0580200638	FGr	10000	A4	C1	1000	1000	0	0.5	300	0
83	0.0241318848915	-0.1773060208	0	0.344	0.015	0.0241318848915	-0.1773060208	NoCorrection	10000	A4	C1	1000	1000	0	0.5	300	0
84	0.0435434275105	-0.0695503993	0	0.078	0.354	0.0435434275105	-0.0695503993	ID	10000	A4	C1	1000	1000	0	0.5	300	0
85	0.0870338486850002	0.206047545	0	0.009	0.004	0.0870338486850002	0.206047545	1	10000	A4	C1	1000	1000	0	0.5	300	0.01
86	0.08418491381605	0.190756591	0	0.012	0.008	0.08418491381605	0.190756591	FGr	10000	A4	C1	1000	1000	0	0.5	300	0.01
87	0.103828499921	0.29958965075	0	0	0	0.103828499921	0.29958965075	NoCorrection	10000	A4	C1	1000	1000	0	0.5	300	0.01
88	0.08505151965	0.1881217515	0	0.008	0.008	0.08505151965	0.1881217515	ID	10000	A4	C1	1000	1000	0	0.5	300	0.01
89	-0.047503866359	-0.11314744555	0	0.126	0.082	-0.047503866359	-0.11314744555	1	10000	A4	C1	1000	1000	0	0.5	300	0.03
90	-0.0419119158875	-0.0810940953999996	0	0.177	0.225	-0.0419119158875	-0.0810940953999996	FGr	10000	A4	C1	1000	1000	0	0.5	300	0.03
91	-0.0222022810462	0.00863456344999983	0	0.467	0.906	-0.0222022810462	0.00863456344999983	NoCorrection	10000	A4	C1	1000	1000	0	0.5	300	0.03
92	-0.04850890925	-0.1203490858	0	0.121	0.072	-0.04850890925	-0.1203490858	ID	10000	A4	C1	1000	1000	0	0.5	300	0.03
93	-0.0408459895745	-0.12286995305	0	0.142	0.071	-0.0408459895745	-0.12286995305	1	10000	A4	C1	1000	1000	0	0.5	300	0.1
94	-0.0469562099205	-0.1417765135	0	0.084	0.042	-0.0469562099205	-0.1417765135	FGr	10000	A4	C1	1000	1000	0	0.5	300	0.1
95	0.0208342526920001	0.276402348	0	0.453	0	0.0208342526920001	0.276402348	NoCorrection	10000	A4	C1	1000	1000	0	0.5	300	0.1
96	-0.0462369474489999	-0.1362457395	0	0.098	0.047	-0.0462369474489999	-0.1362457395	ID	10000	A4	C1	1000	1000	0	0.5	300	0.1
97	0.0375732025337506	0.0375732025337505	0	0.167	0.178	0.0375732025337506	0.0375732025337505	1	300	A4	C1	1000	10000	0	0.5	300	0
98	0.0524356833620005	0.0524356833620005	0	0.066	0.068	0.0524356833620005	0.0524356833620005	FGr	300	A4	C1	1000	10000	0	0.5	300	0
99	0.0537956189850003	0.0537956189850003	0	0.056	0.06	0.0537956189850003	0.0537956189850003	NoCorrection	300	A4	C1	1000	10000	0	0.5	300	0
100	0.0269885844704998	0.0269885844704998	0	0.338	0.332	0.0269885844704998	0.0269885844704998	ID	300	A4	C1	1000	10000	0	0.5	300	0
101	0.0192736000058501	0.0192736000058502	0	0.47	0.48	0.0192736000058501	0.0192736000058502	1	300	A4	C1	1000	10000	0	0.5	300	0.01
102	0.0623415046912494	0.0623415046912494	0	0.025	0.02	0.0623415046912494	0.0623415046912494	FGr	300	A4	C1	1000	10000	0	0.5	300	0.01
103	0.0646673381402051	0.0646673381402051	0	0.015	0.017	0.0646673381402051	0.0646673381402051	NoCorrection	300	A4	C1	1000	10000	0	0.5	300	0.01
104	0.0237324483045406	0.0237324483045407	0	0.401	0.374	0.0237324483045406	0.0237324483045407	ID	300	A4	C1	1000	10000	0	0.5	300	0.01
105	0.0387400635925	0.0387400635925001	0	0.14	0.139	0.0387400635925	0.0387400635925001	1	300	A4	C1	1000	10000	0	0.5	300	0.03
106	0.0878192263965003	0.0878192263965002	0	0.001	0.002	0.0878192263965003	0.0878192263965002	FGr	300	A4	C1	1000	10000	0	0.5	300	0.03
107	0.0902747228216493	0.0902747228216494	0	0.003	0.001	0.0902747228216493	0.0902747228216494	NoCorrection	300	A4	C1	1000	10000	0	0.5	300	0.03
108	0.0508999693717798	0.0508999693717798	0	0.048	0.066	0.0508999693717798	0.0508999693717798	ID	300	A4	C1	1000	10000	0	0.5	300	0.03
109	-0.00269450807168005	-0.00269450807168007	0	0.934	0.928	-0.00269450807168005	-0.00269450807168007	1	300	A4	C1	1000	10000	0	0.5	300	0.1
110	0.00258274816839994	0.00258274816839995	0	0.928	0.92	0.00258274816839994	0.00258274816839995	FGr	300	A4	C1	1000	10000	0	0.5	300	0.1
111	-0.0119346475446699	-0.0119346475446699	0	0.666	0.659	-0.0119346475446699	-0.0119346475446699	NoCorrection	300	A4	C1	1000	10000	0	0.5	300	0.1
112	0.00452326151164996	0.00452326151164999	0	0.862	0.871	0.00452326151164996	0.00452326151164999	ID	300	A4	C1	1000	10000	0	0.5	300	0.1
113	-0.00952877854750136	0.040021758785	0	0.738	0.357	-0.00952877854750136	0.040021758785	1	1000	A4	C1	1000	10000	0	0.5	300	0
114	-0.0169825385245847	0.0188430551199999	0	0.546	0.66	-0.0169825385245847	0.0188430551199999	FGr	1000	A4	C1	1000	10000	0	0.5	300	0
115	-0.0243488489596999	0.006720597075	0	0.373	0.877	-0.0243488489596999	0.006720597075	NoCorrection	1000	A4	C1	1000	10000	0	0.5	300	0
116	-0.0119523723146499	0.03907883064	0	0.65	0.356	-0.0119523723146499	0.03907883064	ID	1000	A4	C1	1000	10000	0	0.5	300	0
117	0.0304764712634998	-0.000717807055000135	0	0.229	0.982	0.0304764712634998	-0.000717807055000135	1	1000	A4	C1	1000	10000	0	0.5	300	0.01
118	0.0152528659905992	-0.0486838956900005	0	0.532	0.257	0.0152528659905992	-0.0486838956900005	FGr	1000	A4	C1	1000	10000	0	0.5	300	0.01
119	0.04866389214255	0.057192436205001	0	0.06	0.18	0.04866389214255	0.057192436205001	NoCorrection	1000	A4	C1	1000	10000	0	0.5	300	0.01
120	0.0229035347673006	-0.0289866648000025	0	0.368	0.469	0.0229035347673006	-0.0289866648000025	ID	1000	A4	C1	1000	10000	0	0.5	300	0.01
121	0.0469747801793999	0.039268428295	0	0.084	0.373	0.0469747801793999	0.039268428295	1	1000	A4	C1	1000	10000	0	0.5	300	0.03
122	0.03028870538425	0.00815590962500001	0	0.272	0.859	0.03028870538425	0.00815590962500001	FGr	1000	A4	C1	1000	10000	0	0.5	300	0.03
123	0.0306345417349499	0.01292528112	0	0.247	0.754	0.0306345417349499	0.01292528112	NoCorrection	1000	A4	C1	1000	10000	0	0.5	300	0.03
124	0.0444006471077499	0.02823340158	0	0.085	0.529	0.0444006471077499	0.02823340158	ID	1000	A4	C1	1000	10000	0	0.5	300	0.03
125	-0.0352275549950999	0.010285293415	0	0.143	0.817	-0.0352275549950999	0.010285293415	1	1000	A4	C1	1000	10000	0	0.5	300	0.1
126	-0.0392662947915501	-0.00449166045499998	0	0.112	0.915	-0.0392662947915501	-0.00449166045499998	FGr	1000	A4	C1	1000	10000	0	0.5	300	0.1
127	-0.0231775547494001	0.0506243383200001	0	0.347	0.248	-0.0231775547494001	0.0506243383200001	NoCorrection	1000	A4	C1	1000	10000	0	0.5	300	0.1
128	-0.0372772634917	0.00115258876499993	0	0.121	0.983	-0.0372772634917	0.00115258876499993	ID	1000	A4	C1	1000	10000	0	0.5	300	0.1
129	0.0144071602269004	-0.0681850804400002	0	0.613	0.297	0.0144071602269004	-0.0681850804400002	1	10000	A4	C1	1000	10000	0	0.5	300	0
130	0.00399842911740058	-0.141693023435	0	0.903	0.041	0.00399842911740058	-0.141693023435	FGr	10000	A4	C1	1000	10000	0	0.5	300	0
131	0.00096848464749979	-0.16573335351	0	0.974	0.011	0.00096848464749979	-0.16573335351	NoCorrection	10000	A4	C1	1000	10000	0	0.5	300	0
132	0.0106596884738497	-0.09176956746	0	0.704	0.168	0.0106596884738497	-0.09176956746	ID	10000	A4	C1	1000	10000	0	0.5	300	0
133	-0.0288506334867999	0.0108561166899988	0	0.265	0.885	-0.0288506334867999	0.0108561166899988	1	10000	A4	C1	1000	10000	0	0.5	300	0.01
134	-0.0300049920299241	-0.00196431567000025	0	0.269	0.979	-0.0300049920299241	-0.00196431567000025	FGr	10000	A4	C1	1000	10000	0	0.5	300	0.01
135	-0.0122462221451502	0.105447682155	0	0.659	0.117	-0.0122462221451502	0.105447682155	NoCorrection	10000	A4	C1	1000	10000	0	0.5	300	0.01
136	-0.0316469145484502	-0.0187033496700006	0	0.256	0.794	-0.0316469145484502	-0.0187033496700006	ID	10000	A4	C1	1000	10000	0	0.5	300	0.01
137	-0.00255062547363982	-0.018811887305	0	0.915	0.772	-0.00255062547363982	-0.018811887305	1	10000	A4	C1	1000	10000	0	0.5	300	0.03
138	0.00430849910605006	0.0342183800500001	0	0.859	0.622	0.00430849910605006	0.0342183800500001	FGr	10000	A4	C1	1000	10000	0	0.5	300	0.03
139	0.02631975850731	0.1645454631	0	0.312	0.015	0.02631975850731	0.1645454631	NoCorrection	10000	A4	C1	1000	10000	0	0.5	300	0.03
140	0.00149905942914993	0.0112748499500003	0	0.957	0.856	0.00149905942914993	0.0112748499500003	ID	10000	A4	C1	1000	10000	0	0.5	300	0.03
141	-0.0245196318717998	0.11179552305	0	0.346	0.091	-0.0245196318717998	0.11179552305	1	10000	A4	C1	1000	10000	0	0.5	300	0.1
142	-0.0223339438599501	0.114375057999999	0	0.407	0.079	-0.0223339438599501	0.114375057999999	FGr	10000	A4	C1	1000	10000	0	0.5	300	0.1
143	0.00718616860704977	0.250839039665	0	0.783	0	0.00718616860704977	0.250839039665	NoCorrection	10000	A4	C1	1000	10000	0	0.5	300	0.1
144	-0.0244658400921197	0.111667376199997	0	0.363	0.103	-0.0244658400921197	0.111667376199997	ID	10000	A4	C1	1000	10000	0	0.5	300	0.1
145	-0.0139163771315	-0.0139163771315	0	0.232	0.239	-0.0139163771315	-0.0139163771315	1	300	A4	C1	10000	100	0	0.5	300	0
146	-0.0151658929525	-0.0151658929525	0	0.195	0.221	-0.0151658929525	-0.0151658929525	FGr	300	A4	C1	10000	100	0	0.5	300	0
147	-0.01015273442	-0.01015273442	0	0.387	0.358	-0.01015273442	-0.01015273442	NoCorrection	300	A4	C1	10000	100	0	0.5	300	0
148	-0.00989988959	-0.00989988958999999	0	0.39	0.402	-0.00989988959	-0.00989988958999999	ID	300	A4	C1	10000	100	0	0.5	300	0
149	-0.00225177947699999	-0.002251779477	0	0.823	0.849	-0.00225177947699999	-0.002251779477	1	300	A4	C1	10000	100	0	0.5	300	0.01
150	0.003179901346	0.00317990134600001	0	0.788	0.755	0.003179901346	0.00317990134600001	FGr	300	A4	C1	10000	100	0	0.5	300	0.01
151	0.00767818059600001	0.00767818059599999	0	0.517	0.507	0.00767818059600001	0.00767818059599999	NoCorrection	300	A4	C1	10000	100	0	0.5	300	0.01
152	-0.00509167424549999	-0.0050916742455	0	0.651	0.644	-0.00509167424549999	-0.0050916742455	ID	300	A4	C1	10000	100	0	0.5	300	0.01
153	-0.00988431386399999	-0.00988431386399999	0	0.404	0.437	-0.00988431386399999	-0.00988431386399999	1	300	A4	C1	10000	100	0	0.5	300	0.03
154	-0.00527268570799999	-0.005272685708	0	0.648	0.645	-0.00527268570799999	-0.005272685708	FGr	300	A4	C1	10000	100	0	0.5	300	0.03
155	-0.004434408332	-0.00443440833200001	0	0.727	0.693	-0.004434408332	-0.00443440833200001	NoCorrection	300	A4	C1	10000	100	0	0.5	300	0.03
156	-0.01123453702	-0.01123453702	0	0.338	0.356	-0.01123453702	-0.01123453702	ID	300	A4	C1	10000	100	0	0.5	300	0.03
157	-0.01641054799	-0.01641054799	0	0.21	0.199	-0.01641054799	-0.01641054799	1	300	A4	C1	10000	100	0	0.5	300	0.1
158	0.00402501198499999	0.004025011985	0	0.753	0.75	0.00402501198499999	0.004025011985	FGr	300	A4	C1	10000	100	0	0.5	300	0.1
159	0.013823205821	0.013823205821	0	0.292	0.327	0.013823205821	0.013823205821	NoCorrection	300	A4	C1	10000	100	0	0.5	300	0.1
160	-0.017856646195	-0.017856646195	0	0.169	0.162	-0.017856646195	-0.017856646195	ID	300	A4	C1	10000	100	0	0.5	300	0.1
161	-0.005451983128	-0.00231044249999998	0	0.668	0.904	-0.005451983128	-0.00231044249999998	1	1000	A4	C1	10000	100	0	0.5	300	0
162	-0.00411995432349998	0.000141695000000032	0	0.74	0.994	-0.00411995432349998	0.000141695000000032	FGr	1000	A4	C1	10000	100	0	0.5	300	0
163	0.005218452655	0.014908442	0	0.675	0.457	0.005218452655	0.014908442	NoCorrection	1000	A4	C1	10000	100	0	0.5	300	0
164	-0.00503478146499999	-0.000457210000000012	0	0.687	0.979	-0.00503478146499999	-0.000457210000000012	ID	1000	A4	C1	10000	100	0	0.5	300	0
165	-0.00111055697320002	0.025599447	0	0.918	0.174	-0.00111055697320002	0.025599447	1	1000	A4	C1	10000	100	0	0.5	300	0.01
166	-0.000754150984900002	0.026319816	0	0.953	0.158	-0.000754150984900002	0.026319816	FGr	1000	A4	C1	10000	100	0	0.5	300	0.01
167	0.00269056115500002	0.033506332	0	0.797	0.061	0.00269056115500002	0.033506332	NoCorrection	1000	A4	C1	10000	100	0	0.5	300	0.01
168	-0.002127541601	0.0244267075	0	0.849	0.192	-0.002127541601	0.0244267075	ID	1000	A4	C1	10000	100	0	0.5	300	0.01
169	0.022705712473	0.0569983215	0	0.088	0.004	0.022705712473	0.0569983215	1	1000	A4	C1	10000	100	0	0.5	300	0.03
170	0.0230136280835	0.0565969135	0	0.068	0.005	0.0230136280835	0.0565969135	FGr	1000	A4	C1	10000	100	0	0.5	300	0.03
171	0.030902168925	0.0840731	0	0.015	0	0.030902168925	0.0840731	NoCorrection	1000	A4	C1	10000	100	0	0.5	300	0.03
172	0.0226165677883	0.058190416	0	0.089	0.005	0.0226165677883	0.058190416	ID	1000	A4	C1	10000	100	0	0.5	300	0.03
173	0.00589160643	-0.00387028399999999	0	0.684	0.849	0.00589160643	-0.00387028399999999	1	1000	A4	C1	10000	100	0	0.5	300	0.1
174	0.02470207732	0.048001854	0	0.091	0.027	0.02470207732	0.048001854	FGr	1000	A4	C1	10000	100	0	0.5	300	0.1
175	0.046640063083	0.105953323	0	0.002	0	0.046640063083	0.105953323	NoCorrection	1000	A4	C1	10000	100	0	0.5	300	0.1
176	0.00616056142	-0.002149545	0	0.626	0.904	0.00616056142	-0.002149545	ID	1000	A4	C1	10000	100	0	0.5	300	0.1
177	-0.010248624435	0.0252666575	0	0.434	0.45	-0.010248624435	0.0252666575	1	10000	A4	C1	10000	100	0	0.5	300	0
178	-0.010971784224	0.012009795	0	0.42	0.718	-0.010971784224	0.012009795	FGr	10000	A4	C1	10000	100	0	0.5	300	0
179	-0.00772957430999998	0.027025176	0	0.549	0.393	-0.00772957430999998	0.027025176	NoCorrection	10000	A4	C1	10000	100	0	0.5	300	0
180	-0.00922245340000002	0.0275236945	0	0.492	0.367	-0.00922245340000002	0.0275236945	ID	10000	A4	C1	10000	100	0	0.5	300	0
181	0.000120373845499999	-0.049148643	0	0.991	0.117	0.000120373845499999	-0.049148643	1	10000	A4	C1	10000	100	0	0.5	300	0.01
182	0.001477403111	-0.039963512	0	0.917	0.204	0.001477403111	-0.039963512	FGr	10000	A4	C1	10000	100	0	0.5	300	0.01
183	0.00590083986	-0.010381848	0	0.677	0.761	0.00590083986	-0.010381848	NoCorrection	10000	A4	C1	10000	100	0	0.5	300	0.01
184	0.000491092075500004	-0.0487710055	0	0.965	0.129	0.000491092075500004	-0.0487710055	ID	10000	A4	C1	10000	100	0	0.5	300	0.01
185	-0.006429468115	0.00614260199999999	0	0.554	0.832	-0.006429468115	0.00614260199999999	1	10000	A4	C1	10000	100	0	0.5	300	0.03
186	-0.006226070715	0.0121233105	0	0.57	0.7	-0.006226070715	0.0121233105	FGr	10000	A4	C1	10000	100	0	0.5	300	0.03
187	0.00268594660200001	0.0646945205	0	0.81	0.051	0.00268594660200001	0.0646945205	NoCorrection	10000	A4	C1	10000	100	0	0.5	300	0.03
188	-0.00535871849799999	0.0227975405	0	0.646	0.461	-0.00535871849799999	0.0227975405	ID	10000	A4	C1	10000	100	0	0.5	300	0.03
189	0.01219516203	0.0110221405	0	0.296	0.75	0.01219516203	0.0110221405	1	10000	A4	C1	10000	100	0	0.5	300	0.1
190	0.01336762278	0.0289024785	0	0.266	0.408	0.01336762278	0.0289024785	FGr	10000	A4	C1	10000	100	0	0.5	300	0.1
191	0.038699261965	0.215771469	0	0.003	0	0.038699261965	0.215771469	NoCorrection	10000	A4	C1	10000	100	0	0.5	300	0.1
192	0.011716991485285	0.010251295	0	0.339	0.769	0.011716991485285	0.010251295	ID	10000	A4	C1	10000	100	0	0.5	300	0.1
193	-0.0109661344348	-0.0109661344348	0	0.204	0.187	-0.0109661344348	-0.0109661344348	1	300	A4	C1	10000	1000	0	0.5	300	0
194	-0.00967453051050001	-0.0096745305105	0	0.232	0.222	-0.00967453051050001	-0.0096745305105	FGr	300	A4	C1	10000	1000	0	0.5	300	0
195	-0.00662653877699999	-0.00662653877699999	0	0.415	0.432	-0.00662653877699999	-0.00662653877699999	NoCorrection	300	A4	C1	10000	1000	0	0.5	300	0
196	-0.0094661032135	-0.0094661032135	0	0.247	0.251	-0.0094661032135	-0.0094661032135	ID	300	A4	C1	10000	1000	0	0.5	300	0
197	0.018098961998	0.018098961998	0	0.046	0.044	0.018098961998	0.018098961998	1	300	A4	C1	10000	1000	0	0.5	300	0.01
198	0.01567769086775	0.01567769086775	0	0.076	0.097	0.01567769086775	0.01567769086775	FGr	300	A4	C1	10000	1000	0	0.5	300	0.01
199	0.02504982997235	0.02504982997235	0	0.008	0.003	0.02504982997235	0.02504982997235	NoCorrection	300	A4	C1	10000	1000	0	0.5	300	0.01
200	0.01439504046565	0.01439504046565	0	0.103	0.132	0.01439504046565	0.01439504046565	ID	300	A4	C1	10000	1000	0	0.5	300	0.01
201	-0.0004743136162	-0.0004743136162	0	0.973	0.957	-0.0004743136162	-0.0004743136162	1	300	A4	C1	10000	1000	0	0.5	300	0.03
202	-0.005925554451	-0.005925554451	0	0.494	0.466	-0.005925554451	-0.005925554451	FGr	300	A4	C1	10000	1000	0	0.5	300	0.03
203	-0.0047913438565	-0.0047913438565	0	0.574	0.578	-0.0047913438565	-0.0047913438565	NoCorrection	300	A4	C1	10000	1000	0	0.5	300	0.03
204	-0.005700963416	-0.005700963416	0	0.507	0.519	-0.005700963416	-0.005700963416	ID	300	A4	C1	10000	1000	0	0.5	300	0.03
205	0.00699390897949999	0.0069939089795	0	0.409	0.461	0.00699390897949999	0.0069939089795	1	300	A4	C1	10000	1000	0	0.5	300	0.1
206	0.0268585121065	0.0268585121065	0	0.008	0.004	0.0268585121065	0.0268585121065	FGr	300	A4	C1	10000	1000	0	0.5	300	0.1
207	0.0411188556955	0.0411188556955	0	0.001	0	0.0411188556955	0.0411188556955	NoCorrection	300	A4	C1	10000	1000	0	0.5	300	0.1
208	0.0032480239305	0.0032480239305	0	0.72	0.733	0.0032480239305	0.0032480239305	ID	300	A4	C1	10000	1000	0	0.5	300	0.1
209	0.00163818308710002	-0.01507121185	0	0.847	0.315	0.00163818308710002	-0.01507121185	1	1000	A4	C1	10000	1000	0	0.5	300	0
210	-0.00519810318765	-0.03631957805	0	0.56	0.015	-0.00519810318765	-0.03631957805	FGr	1000	A4	C1	10000	1000	0	0.5	300	0
211	-0.0106266898005	-0.04843242735	0	0.234	0	-0.0106266898005	-0.04843242735	NoCorrection	1000	A4	C1	10000	1000	0	0.5	300	0
212	-0.000430505210999989	-0.02144935995	0	0.969	0.15	-0.000430505210999989	-0.02144935995	ID	1000	A4	C1	10000	1000	0	0.5	300	0
213	0.0126926873735	0.0188886827	0	0.153	0.169	0.0126926873735	0.0188886827	1	1000	A4	C1	10000	1000	0	0.5	300	0.01
214	0.016340557345	0.0272300242999999	0	0.061	0.051	0.016340557345	0.0272300242999999	FGr	1000	A4	C1	10000	1000	0	0.5	300	0.01
215	0.0213527125308	0.0430837345999998	0	0.013	0.001	0.0213527125308	0.0430837345999998	NoCorrection	1000	A4	C1	10000	1000	0	0.5	300	0.01
216	0.0168014914347	0.0295847185500002	0	0.061	0.043	0.0168014914347	0.0295847185500002	ID	1000	A4	C1	10000	1000	0	0.5	300	0.01
217	0.00936542858799998	0.00257733204999993	0	0.313	0.855	0.00936542858799998	0.00257733204999993	1	1000	A4	C1	10000	1000	0	0.5	300	0.03
218	0.0206385526035	0.02866180735	0	0.018	0.055	0.0206385526035	0.02866180735	FGr	1000	A4	C1	10000	1000	0	0.5	300	0.03
219	0.0282953872491	0.04272393585	0	0.001	0.003	0.0282953872491	0.04272393585	NoCorrection	1000	A4	C1	10000	1000	0	0.5	300	0.03
220	0.0093914472815	0.00136872735000005	0	0.311	0.939	0.0093914472815	0.00136872735000005	ID	1000	A4	C1	10000	1000	0	0.5	300	0.03
221	-0.00378315228210001	-0.0246424132	0	0.652	0.087	-0.00378315228210001	-0.0246424132	1	1000	A4	C1	10000	1000	0	0.5	300	0.1
222	0.0149814011968	0.02365849235	0	0.078	0.093	0.0149814011968	0.02365849235	FGr	1000	A4	C1	10000	1000	0	0.5	300	0.1
223	0.0390013166801	0.08095260735	0	0	0	0.0390013166801	0.08095260735	NoCorrection	1000	A4	C1	10000	1000	0	0.5	300	0.1
224	-0.00263323603874999	-0.01928636165	0	0.751	0.148	-0.00263323603874999	-0.01928636165	ID	1000	A4	C1	10000	1000	0	0.5	300	0.1
225	0.0101527363908	0.04681806935	0	0.268	0.038	0.0101527363908	0.04681806935	1	10000	A4	C1	10000	1000	0	0.5	300	0
226	0.0106956068828	0.04498789115	0	0.24	0.058	0.0106956068828	0.04498789115	FGr	10000	A4	C1	10000	1000	0	0.5	300	0
227	0.015038830484	0.07092914515	0	0.103	0.004	0.015038830484	0.07092914515	NoCorrection	10000	A4	C1	10000	1000	0	0.5	300	0
228	0.0109654832065	0.04554568135	0	0.263	0.051	0.0109654832065	0.04554568135	ID	10000	A4	C1	10000	1000	0	0.5	300	0
229	-0.0080010677652	-0.01379019595	0	0.43	0.532	-0.0080010677652	-0.01379019595	1	10000	A4	C1	10000	1000	0	0.5	300	0.01
230	-0.00887673076535	-0.0254277471499999	0	0.366	0.264	-0.00887673076535	-0.0254277471499999	FGr	10000	A4	C1	10000	1000	0	0.5	300	0.01
231	-0.01978638694365	-0.09091834935	0	0.062	0.001	-0.01978638694365	-0.09091834935	NoCorrection	10000	A4	C1	10000	1000	0	0.5	300	0.01
232	-0.00736557513150001	-0.0113454994	0	0.466	0.631	-0.00736557513150001	-0.0113454994	ID	10000	A4	C1	10000	1000	0	0.5	300	0.01
233	-0.00493196493420001	0.0169494581500002	0	0.578	0.492	-0.00493196493420001	0.0169494581500002	1	10000	A4	C1	10000	1000	0	0.5	300	0.03
234	-0.00393379740246003	0.0211646972999999	0	0.654	0.358	-0.00393379740246003	0.0211646972999999	FGr	10000	A4	C1	10000	1000	0	0.5	300	0.03
235	0.00927677078108501	0.09117689895	0	0.3	0	0.00927677078108501	0.09117689895	NoCorrection	10000	A4	C1	10000	1000	0	0.5	300	0.03
236	-0.004497905277	0.0201889927000001	0	0.595	0.368	-0.004497905277	0.0201889927000001	ID	10000	A4	C1	10000	1000	0	0.5	300	0.03
237	-0.00497006451035003	-0.0195587574	0	0.557	0.401	-0.00497006451035003	-0.0195587574	1	10000	A4	C1	10000	1000	0	0.5	300	0.1
238	-0.003104531762	-0.014724815	0	0.702	0.516	-0.003104531762	-0.014724815	FGr	10000	A4	C1	10000	1000	0	0.5	300	0.1
239	0.0261246743809999	0.1475121396	0	0.003	0	0.0261246743809999	0.1475121396	NoCorrection	10000	A4	C1	10000	1000	0	0.5	300	0.1
240	-0.00567846313805	-0.0229837020500001	0	0.501	0.315	-0.00567846313805	-0.0229837020500001	ID	10000	A4	C1	10000	1000	0	0.5	300	0.1
241	0.00661489722165008	0.00661489722165008	0	0.37	0.356	0.00661489722165008	0.00661489722165008	1	300	A4	C1	10000	10000	0	0.5	300	0
242	0.0191371011473	0.0191371011473	0	0.011	0.015	0.0191371011473	0.0191371011473	FGr	300	A4	C1	10000	10000	0	0.5	300	0
243	0.0219857855858647	0.0219857855858647	0	0.003	0.004	0.0219857855858647	0.0219857855858647	NoCorrection	300	A4	C1	10000	10000	0	0.5	300	0
244	0.0122844679007901	0.0122844679007901	0	0.111	0.099	0.0122844679007901	0.0122844679007901	ID	300	A4	C1	10000	10000	0	0.5	300	0
245	0.00440695158565009	0.00440695158565009	0	0.59	0.575	0.00440695158565009	0.00440695158565009	1	300	A4	C1	10000	10000	0	0.5	300	0.01
246	0.00353617846164998	0.00353617846164998	0	0.639	0.642	0.00353617846164998	0.00353617846164998	FGr	300	A4	C1	10000	10000	0	0.5	300	0.01
247	-0.00184459163030004	-0.00184459163030004	0	0.817	0.808	-0.00184459163030004	-0.00184459163030004	NoCorrection	300	A4	C1	10000	10000	0	0.5	300	0.01
248	0.00229227541894015	0.00229227541894015	0	0.785	0.752	0.00229227541894015	0.00229227541894015	ID	300	A4	C1	10000	10000	0	0.5	300	0.01
249	-0.0063673936362	-0.0063673936362	0	0.489	0.497	-0.0063673936362	-0.0063673936362	1	300	A4	C1	10000	10000	0	0.5	300	0.03
250	-0.00523705871802003	-0.00523705871802004	0	0.534	0.551	-0.00523705871802003	-0.00523705871802004	FGr	300	A4	C1	10000	10000	0	0.5	300	0.03
251	-0.00218615394520002	-0.00218615394520003	0	0.824	0.786	-0.00218615394520002	-0.00218615394520003	NoCorrection	300	A4	C1	10000	10000	0	0.5	300	0.03
252	-0.00709145853712981	-0.00709145853712982	0	0.461	0.436	-0.00709145853712981	-0.00709145853712982	ID	300	A4	C1	10000	10000	0	0.5	300	0.03
253	0.0103940531405201	0.0103940531405201	0	0.157	0.165	0.0103940531405201	0.0103940531405201	1	300	A4	C1	10000	10000	0	0.5	300	0.1
254	0.028672224086765	0.028672224086765	0	0	0.001	0.028672224086765	0.028672224086765	FGr	300	A4	C1	10000	10000	0	0.5	300	0.1
255	0.0534102748213251	0.0534102748213251	0	0	0	0.0534102748213251	0.0534102748213251	NoCorrection	300	A4	C1	10000	10000	0	0.5	300	0.1
256	0.00728337710098993	0.00728337710098997	0	0.353	0.307	0.00728337710098993	0.00728337710098997	ID	300	A4	C1	10000	10000	0	0.5	300	0.1
257	0.0213155268849501	0.0187374469350002	0	0.011	0.177	0.0213155268849501	0.0187374469350002	1	1000	A4	C1	10000	10000	0	0.5	300	0
258	0.01698657814305	0.00115569242500025	0	0.031	0.943	0.01698657814305	0.00115569242500025	FGr	1000	A4	C1	10000	10000	0	0.5	300	0
259	0.0246373668174651	0.0246115762000001	0	0.002	0.075	0.0246373668174651	0.0246115762000001	NoCorrection	1000	A4	C1	10000	10000	0	0.5	300	0
260	0.01962715740985	0.00984250147499999	0	0.015	0.495	0.01962715740985	0.00984250147499999	ID	1000	A4	C1	10000	10000	0	0.5	300	0
261	0.00769026478186997	0.0178365256450001	0	0.311	0.195	0.00769026478186997	0.0178365256450001	1	1000	A4	C1	10000	10000	0	0.5	300	0.01
262	0.00464777637281196	0.00372226798499982	0	0.531	0.784	0.00464777637281196	0.00372226798499982	FGr	1000	A4	C1	10000	10000	0	0.5	300	0.01
263	0.0126528218977764	0.0334361417350001	0	0.111	0.017	0.0126528218977764	0.0334361417350001	NoCorrection	1000	A4	C1	10000	10000	0	0.5	300	0.01
264	0.001023412855075	-0.00658194265500004	0	0.89	0.63	0.001023412855075	-0.00658194265500004	ID	1000	A4	C1	10000	10000	0	0.5	300	0.01
265	0.0132210188943001	0.0141774003399996	0	0.094	0.26	0.0132210188943001	0.0141774003399996	1	1000	A4	C1	10000	10000	0	0.5	300	0.03
266	0.0163226094502096	0.0290392575750001	0	0.032	0.014	0.0163226094502096	0.0290392575750001	FGr	1000	A4	C1	10000	10000	0	0.5	300	0.03
267	0.0171584301156799	0.0319823835400002	0	0.034	0.006	0.0171584301156799	0.0319823835400002	NoCorrection	1000	A4	C1	10000	10000	0	0.5	300	0.03
268	0.00905211512833019	0.00552546504999941	0	0.266	0.697	0.00905211512833019	0.00552546504999941	ID	1000	A4	C1	10000	10000	0	0.5	300	0.03
269	0.01504725632088	0.00978558110000005	0	0.04	0.472	0.01504725632088	0.00978558110000005	1	1000	A4	C1	10000	10000	0	0.5	300	0.1
270	0.0240997858624525	0.0378804740749999	0	0.002	0.004	0.0240997858624525	0.0378804740749999	FGr	1000	A4	C1	10000	10000	0	0.5	300	0.1
271	0.0474104286934	0.111536775075	0	0	0	0.0474104286934	0.111536775075	NoCorrection	1000	A4	C1	10000	10000	0	0.5	300	0.1
272	0.0153508601871	0.0119613152700002	0	0.05	0.359	0.0153508601871	0.0119613152700002	ID	1000	A4	C1	10000	10000	0	0.5	300	0.1
273	0.002580614990175	0.00755180743500031	0	0.777	0.7	0.002580614990175	0.00755180743500031	1	10000	A4	C1	10000	10000	0	0.5	300	0
274	0.000929201815900001	0.00215492226000035	0	0.911	0.915	0.000929201815900001	0.00215492226000035	FGr	10000	A4	C1	10000	10000	0	0.5	300	0
275	0.00996957003434999	0.0530037430650003	0	0.255	0.01	0.00996957003434999	0.0530037430650003	NoCorrection	10000	A4	C1	10000	10000	0	0.5	300	0
276	0.000997252913300004	0.00218439806499932	0	0.898	0.91	0.000997252913300004	0.00218439806499932	ID	10000	A4	C1	10000	10000	0	0.5	300	0
277	-0.00443378727175007	-0.00281103858499967	0	0.623	0.896	-0.00443378727175007	-0.00281103858499967	1	10000	A4	C1	10000	10000	0	0.5	300	0.01
278	-0.00215694735069319	0.0135252564349999	0	0.804	0.503	-0.00215694735069319	0.0135252564349999	FGr	10000	A4	C1	10000	10000	0	0.5	300	0.01
279	-0.000753449031780097	0.0198737338700001	0	0.933	0.345	-0.000753449031780097	0.0198737338700001	NoCorrection	10000	A4	C1	10000	10000	0	0.5	300	0.01
280	-0.00381719168785004	0.000927444750000282	0	0.641	0.968	-0.00381719168785004	0.000927444750000282	ID	10000	A4	C1	10000	10000	0	0.5	300	0.01
281	-0.0108664811101747	-0.016038899795	0	0.219	0.443	-0.0108664811101747	-0.016038899795	1	10000	A4	C1	10000	10000	0	0.5	300	0.03
282	-0.0124245694467051	-0.02400120738	0	0.155	0.254	-0.0124245694467051	-0.02400120738	FGr	10000	A4	C1	10000	10000	0	0.5	300	0.03
283	-0.00354844817312502	0.028721427495	0	0.693	0.172	-0.00354844817312502	0.028721427495	NoCorrection	10000	A4	C1	10000	10000	0	0.5	300	0.03
284	-0.01163063946784	-0.02128635347	0	0.187	0.298	-0.01163063946784	-0.02128635347	ID	10000	A4	C1	10000	10000	0	0.5	300	0.03
285	0.00346740492444996	2.62686949999376e-05	0	0.68	0.999	0.00346740492444996	2.62686949999376e-05	1	10000	A4	C1	10000	10000	0	0.5	300	0.1
286	0.0044951504631601	0.00461180655500006	0	0.59	0.828	0.0044951504631601	0.00461180655500006	FGr	10000	A4	C1	10000	10000	0	0.5	300	0.1
287	0.03111570886442	0.1636984427	0	0	0	0.03111570886442	0.1636984427	NoCorrection	10000	A4	C1	10000	10000	0	0.5	300	0.1
288	0.00397933674974979	0.00335004886000004	0	0.645	0.874	0.00397933674974979	0.00335004886000004	ID	10000	A4	C1	10000	10000	0	0.5	300	0.1
289	0.00557731038	0.00557731038	0	0.877	0.858	0.00557731038	0.00557731038	1	300	A4	C2	1000	100	0	0.5	300	0
290	0.00653660079499998	0.00653660079499997	0	0.836	0.847	0.00653660079499998	0.00653660079499997	FGr	300	A4	C2	1000	100	0	0.5	300	0
291	0.00653579949955	0.00653579949954998	0	0.829	0.824	0.00653579949955	0.00653579949954998	NoCorrection	300	A4	C2	1000	100	0	0.5	300	0
292	0.00600819378500001	0.00600819378499999	0	0.869	0.871	0.00600819378500001	0.00600819378499999	ID	300	A4	C2	1000	100	0	0.5	300	0
293	-0.01914335446	-0.01914335446	0	0.568	0.568	-0.01914335446	-0.01914335446	1	300	A4	C2	1000	100	0	0.5	300	0.01
294	-0.019090615565	-0.019090615565	0	0.567	0.533	-0.019090615565	-0.019090615565	FGr	300	A4	C2	1000	100	0	0.5	300	0.01
295	-0.019066512755	-0.019066512755	0	0.575	0.573	-0.019066512755	-0.019066512755	NoCorrection	300	A4	C2	1000	100	0	0.5	300	0.01
296	-0.020407336165	-0.020407336165	0	0.551	0.534	-0.020407336165	-0.020407336165	ID	300	A4	C2	1000	100	0	0.5	300	0.01
297	-0.00782240364999999	-0.00782240365000002	0	0.835	0.843	-0.00782240364999999	-0.00782240365000002	1	300	A4	C2	1000	100	0	0.5	300	0.03
298	-0.00722556133000001	-0.00722556133000003	0	0.845	0.854	-0.00722556133000001	-0.00722556133000003	FGr	300	A4	C2	1000	100	0	0.5	300	0.03
299	-0.00720835226000001	-0.00720835226000002	0	0.818	0.848	-0.00720835226000001	-0.00720835226000002	NoCorrection	300	A4	C2	1000	100	0	0.5	300	0.03
300	-0.00911883004999999	-0.00911883005	0	0.793	0.815	-0.00911883004999999	-0.00911883005	ID	300	A4	C2	1000	100	0	0.5	300	0.03
301	-0.02903870752	-0.02903870752	0	0.415	0.402	-0.02903870752	-0.02903870752	1	300	A4	C2	1000	100	0	0.5	300	0.1
302	-0.028979659935	-0.028979659935	0	0.417	0.4	-0.028979659935	-0.028979659935	FGr	300	A4	C2	1000	100	0	0.5	300	0.1
303	-0.02905411337	-0.02905411337	0	0.405	0.403	-0.02905411337	-0.02905411337	NoCorrection	300	A4	C2	1000	100	0	0.5	300	0.1
304	-0.025181156765	-0.025181156765	0	0.454	0.46	-0.025181156765	-0.025181156765	ID	300	A4	C2	1000	100	0	0.5	300	0.1
305	-0.000928506936500071	-0.0120997855000001	0	0.976	0.84	-0.000928506936500071	-0.0120997855000001	1	1000	A4	C2	1000	100	0	0.5	300	0
306	-6.36128600000196e-05	-0.011050143	0	0.999	0.866	-6.36128600000196e-05	-0.011050143	FGr	1000	A4	C2	1000	100	0	0.5	300	0
307	0.000357430599999979	-0.00656857800000008	0	0.99	0.903	0.000357430599999979	-0.00656857800000008	NoCorrection	1000	A4	C2	1000	100	0	0.5	300	0
308	-0.00108399133999994	-0.0128399379999999	0	0.963	0.8	-0.00108399133999994	-0.0128399379999999	ID	1000	A4	C2	1000	100	0	0.5	300	0
309	0.01171945292	-0.0141487455	0	0.681	0.805	0.01171945292	-0.0141487455	1	1000	A4	C2	1000	100	0	0.5	300	0.01
310	0.01174207984	0.00171864200000001	0	0.674	0.976	0.01174207984	0.00171864200000001	FGr	1000	A4	C2	1000	100	0	0.5	300	0.01
311	0.01217384521	-0.00851519049999998	0	0.684	0.86	0.01217384521	-0.00851519049999998	NoCorrection	1000	A4	C2	1000	100	0	0.5	300	0.01
312	0.0114815685150001	-0.015987765	0	0.702	0.776	0.0114815685150001	-0.015987765	ID	1000	A4	C2	1000	100	0	0.5	300	0.01
313	-0.024444870888	-0.050416897	0	0.478	0.396	-0.024444870888	-0.050416897	1	1000	A4	C2	1000	100	0	0.5	300	0.03
314	-0.02650077123	-0.06040555	0	0.422	0.289	-0.02650077123	-0.06040555	FGr	1000	A4	C2	1000	100	0	0.5	300	0.03
315	-0.025248964235	-0.0371916949999999	0	0.472	0.51	-0.025248964235	-0.0371916949999999	NoCorrection	1000	A4	C2	1000	100	0	0.5	300	0.03
316	-0.0254877138	-0.0373190190000001	0	0.466	0.555	-0.0254877138	-0.0373190190000001	ID	1000	A4	C2	1000	100	0	0.5	300	0.03
317	0.0411111229242	-0.000374138499999974	0	0.226	0.995	0.0411111229242	-0.000374138499999974	1	1000	A4	C2	1000	100	0	0.5	300	0.1
318	0.039714660095	-0.00967819350000001	0	0.235	0.861	0.039714660095	-0.00967819350000001	FGr	1000	A4	C2	1000	100	0	0.5	300	0.1
319	0.040133243696	-0.00955479400000002	0	0.245	0.875	0.040133243696	-0.00955479400000002	NoCorrection	1000	A4	C2	1000	100	0	0.5	300	0.1
320	0.038471298325	-0.015583326	0	0.231	0.773	0.038471298325	-0.015583326	ID	1000	A4	C2	1000	100	0	0.5	300	0.1
321	0.06110176416	-0.103078461	0	0.086	0.22	0.06110176416	-0.103078461	1	10000	A4	C2	1000	100	0	0.5	300	0
322	0.06128538493	-0.09058645	0	0.08	0.273	0.06128538493	-0.09058645	FGr	10000	A4	C2	1000	100	0	0.5	300	0
323	0.06115176247	-0.090513273	0	0.079	0.291	0.06115176247	-0.090513273	NoCorrection	10000	A4	C2	1000	100	0	0.5	300	0
324	0.061146052355	-0.086719979	0	0.077	0.295	0.061146052355	-0.086719979	ID	10000	A4	C2	1000	100	0	0.5	300	0
325	-0.020524237775	-0.022816929	0	0.575	0.773	-0.020524237775	-0.022816929	1	10000	A4	C2	1000	100	0	0.5	300	0.01
326	-0.02254803978	-0.0383869039999998	0	0.526	0.626	-0.02254803978	-0.0383869039999998	FGr	10000	A4	C2	1000	100	0	0.5	300	0.01
327	-0.020417903175	-0.0348291125	0	0.566	0.658	-0.020417903175	-0.0348291125	NoCorrection	10000	A4	C2	1000	100	0	0.5	300	0.01
328	-0.020754686529	-0.0218405380000002	0	0.549	0.823	-0.020754686529	-0.0218405380000002	ID	10000	A4	C2	1000	100	0	0.5	300	0.01
329	-0.0134161420502	0.0464099155	0	0.714	0.644	-0.0134161420502	0.0464099155	1	10000	A4	C2	1000	100	0	0.5	300	0.03
330	-0.009387983075	0.0668376365	0	0.756	0.482	-0.009387983075	0.0668376365	FGr	10000	A4	C2	1000	100	0	0.5	300	0.03
331	-0.014028257435	0.049570593	0	0.661	0.586	-0.014028257435	0.049570593	NoCorrection	10000	A4	C2	1000	100	0	0.5	300	0.03
332	-0.01279579031	0.030660225	0	0.704	0.765	-0.01279579031	0.030660225	ID	10000	A4	C2	1000	100	0	0.5	300	0.03
333	-0.00199441557499999	-0.1712403105	0	0.95	0.064	-0.00199441557499999	-0.1712403105	1	10000	A4	C2	1000	100	0	0.5	300	0.1
334	0.00316879664999998	-0.1161339845	0	0.932	0.196	0.00316879664999998	-0.1161339845	FGr	10000	A4	C2	1000	100	0	0.5	300	0.1
335	-0.002609347525	-0.1803242255	0	0.938	0.049	-0.002609347525	-0.1803242255	NoCorrection	10000	A4	C2	1000	100	0	0.5	300	0.1
336	-0.00154911644500002	-0.1715530135	0	0.964	0.08	-0.00154911644500002	-0.1715530135	ID	10000	A4	C2	1000	100	0	0.5	300	0.1
337	0.0137722031855	0.0137722031854999	0	0.522	0.517	0.0137722031855	0.0137722031854999	1	300	A4	C2	1000	1000	0	0.5	300	0
338	0.0140120428863501	0.01401204288635	0	0.536	0.528	0.0140120428863501	0.01401204288635	FGr	300	A4	C2	1000	1000	0	0.5	300	0
339	0.0141791692429999	0.0141791692429999	0	0.495	0.507	0.0141791692429999	0.0141791692429999	NoCorrection	300	A4	C2	1000	1000	0	0.5	300	0
340	0.0135121289730001	0.013512128973	0	0.538	0.532	0.0135121289730001	0.013512128973	ID	300	A4	C2	1000	1000	0	0.5	300	0
341	0.0063442066475	0.0063442066475	0	0.752	0.711	0.0063442066475	0.0063442066475	1	300	A4	C2	1000	1000	0	0.5	300	0.01
342	0.0066873624893	0.0066873624893	0	0.732	0.741	0.0066873624893	0.0066873624893	FGr	300	A4	C2	1000	1000	0	0.5	300	0.01
343	0.0064621949375	0.0064621949375	0	0.727	0.73	0.0064621949375	0.0064621949375	NoCorrection	300	A4	C2	1000	1000	0	0.5	300	0.01
344	0.0063496394725	0.00634963947250001	0	0.739	0.735	0.0063496394725	0.00634963947250001	ID	300	A4	C2	1000	1000	0	0.5	300	0.01
345	-0.0126579101779999	-0.012657910178	0	0.514	0.507	-0.0126579101779999	-0.012657910178	1	300	A4	C2	1000	1000	0	0.5	300	0.03
346	-0.0105933563179999	-0.0105933563179998	0	0.65	0.588	-0.0105933563179999	-0.0105933563179998	FGr	300	A4	C2	1000	1000	0	0.5	300	0.03
347	-0.010940359758	-0.0109403597579999	0	0.608	0.574	-0.010940359758	-0.0109403597579999	NoCorrection	300	A4	C2	1000	1000	0	0.5	300	0.03
348	-0.0118854468220001	-0.011885446822	0	0.555	0.55	-0.0118854468220001	-0.011885446822	ID	300	A4	C2	1000	1000	0	0.5	300	0.03
349	0.00297146434650001	0.0029714643465	0	0.881	0.892	0.00297146434650001	0.0029714643465	1	300	A4	C2	1000	1000	0	0.5	300	0.1
350	0.0022978991242	0.0022978991242	0	0.921	0.913	0.0022978991242	0.0022978991242	FGr	300	A4	C2	1000	1000	0	0.5	300	0.1
351	0.00233214685355001	0.00233214685355001	0	0.901	0.918	0.00233214685355001	0.00233214685355001	NoCorrection	300	A4	C2	1000	1000	0	0.5	300	0.1
352	0.001704053757	0.00170405375699999	0	0.947	0.92	0.001704053757	0.00170405375699999	ID	300	A4	C2	1000	1000	0	0.5	300	0.1
353	0.0140953048886001	0.0711167244	0	0.521	0.048	0.0140953048886001	0.0711167244	1	1000	A4	C2	1000	1000	0	0.5	300	0
354	0.0140124939880001	0.07493109295	0	0.497	0.033	0.0140124939880001	0.07493109295	FGr	1000	A4	C2	1000	1000	0	0.5	300	0
355	0.0146736191951	0.07346026945	0	0.515	0.042	0.0146736191951	0.07346026945	NoCorrection	1000	A4	C2	1000	1000	0	0.5	300	0
356	0.0142774382319999	0.07094320915	0	0.512	0.052	0.0142774382319999	0.07094320915	ID	1000	A4	C2	1000	1000	0	0.5	300	0
357	0.0287357402705	0.03045122285	0	0.144	0.39	0.0287357402705	0.03045122285	1	1000	A4	C2	1000	1000	0	0.5	300	0.01
358	0.0285022639000001	0.0207462681	0	0.186	0.546	0.0285022639000001	0.0207462681	FGr	1000	A4	C2	1000	1000	0	0.5	300	0.01
359	0.028412295038	0.0218626572	0	0.171	0.53	0.028412295038	0.0218626572	NoCorrection	1000	A4	C2	1000	1000	0	0.5	300	0.01
360	0.0286951735054999	0.0307818793000001	0	0.157	0.44	0.0286951735054999	0.0307818793000001	ID	1000	A4	C2	1000	1000	0	0.5	300	0.01
361	0.00135614149	-0.0157245071000001	0	0.951	0.619	0.00135614149	-0.0157245071000001	1	1000	A4	C2	1000	1000	0	0.5	300	0.03
362	0.00381488428000003	-0.0240542309	0	0.845	0.457	0.00381488428000003	-0.0240542309	FGr	1000	A4	C2	1000	1000	0	0.5	300	0.03
363	0.003482849057	-0.0228707936	0	0.873	0.466	0.003482849057	-0.0228707936	NoCorrection	1000	A4	C2	1000	1000	0	0.5	300	0.03
364	0.00263839940399992	-0.0142590203499999	0	0.893	0.643	0.00263839940399992	-0.0142590203499999	ID	1000	A4	C2	1000	1000	0	0.5	300	0.03
365	-0.00265051952249992	0.0293577589	0	0.894	0.404	-0.00265051952249992	0.0293577589	1	1000	A4	C2	1000	1000	0	0.5	300	0.1
366	-0.00203439948255014	0.0229425355	0	0.921	0.53	-0.00203439948255014	0.0229425355	FGr	1000	A4	C2	1000	1000	0	0.5	300	0.1
367	-0.000326240446249919	0.0232178603	0	0.985	0.548	-0.000326240446249919	0.0232178603	NoCorrection	1000	A4	C2	1000	1000	0	0.5	300	0.1
368	-0.00153657391999987	0.02507211685	0	0.946	0.504	-0.00153657391999987	0.02507211685	ID	1000	A4	C2	1000	1000	0	0.5	300	0.1
369	0.0190764536828001	0.0452479015000005	0	0.32	0.401	0.0190764536828001	0.0452479015000005	1	10000	A4	C2	1000	1000	0	0.5	300	0
370	0.0204913094055002	0.0487179451999999	0	0.278	0.342	0.0204913094055002	0.0487179451999999	FGr	10000	A4	C2	1000	1000	0	0.5	300	0
371	0.0190727973574999	0.0408901099999999	0	0.316	0.445	0.0190727973574999	0.0408901099999999	NoCorrection	10000	A4	C2	1000	1000	0	0.5	300	0
372	0.0193761815087	0.0446664922499995	0	0.328	0.431	0.0193761815087	0.0446664922499995	ID	10000	A4	C2	1000	1000	0	0.5	300	0
373	0.016763097289	-0.09289457705	0	0.44	0.078	0.016763097289	-0.09289457705	1	10000	A4	C2	1000	1000	0	0.5	300	0.01
374	0.0142299286405	-0.14152448215	0	0.512	0.007	0.0142299286405	-0.14152448215	FGr	10000	A4	C2	1000	1000	0	0.5	300	0.01
375	0.0138140779075	-0.1389540764	0	0.522	0.008	0.0138140779075	-0.1389540764	NoCorrection	10000	A4	C2	1000	1000	0	0.5	300	0.01
376	0.016957124141	-0.0846178506	0	0.415	0.1	0.016957124141	-0.0846178506	ID	10000	A4	C2	1000	1000	0	0.5	300	0.01
377	0.017262371526	0.0575691086000001	0	0.451	0.318	0.017262371526	0.0575691086000001	1	10000	A4	C2	1000	1000	0	0.5	300	0.03
378	0.0143891460068	0.0339570916499998	0	0.519	0.563	0.0143891460068	0.0339570916499998	FGr	10000	A4	C2	1000	1000	0	0.5	300	0.03
379	0.013924370965	0.0304007719	0	0.541	0.578	0.013924370965	0.0304007719	NoCorrection	10000	A4	C2	1000	1000	0	0.5	300	0.03
380	0.0173136734125	0.0458262805000001	0	0.442	0.417	0.0173136734125	0.0458262805000001	ID	10000	A4	C2	1000	1000	0	0.5	300	0.03
381	0.0267203850230001	0.0465046319500001	0	0.284	0.349	0.0267203850230001	0.0465046319500001	1	10000	A4	C2	1000	1000	0	0.5	300	0.1
382	0.0249194444750002	0.0413873839000005	0	0.32	0.394	0.0249194444750002	0.0413873839000005	FGr	10000	A4	C2	1000	1000	0	0.5	300	0.1
383	0.0236420308449999	0.0726820753000004	0	0.339	0.16	0.0236420308449999	0.0726820753000004	NoCorrection	10000	A4	C2	1000	1000	0	0.5	300	0.1
384	0.0269186994490001	0.0617783955500003	0	0.272	0.229	0.0269186994490001	0.0617783955500003	ID	10000	A4	C2	1000	1000	0	0.5	300	0.1
385	-0.00268671239984976	-0.00268671239984975	0	0.909	0.908	-0.00268671239984976	-0.00268671239984975	1	300	A4	C2	1000	10000	0	0.5	300	0
386	-0.00244223441755021	-0.00244223441755017	0	0.932	0.916	-0.00244223441755021	-0.00244223441755017	FGr	300	A4	C2	1000	10000	0	0.5	300	0
387	-0.0023518221633499	-0.00235182216334993	0	0.917	0.919	-0.0023518221633499	-0.00235182216334993	NoCorrection	300	A4	C2	1000	10000	0	0.5	300	0
388	-0.00248025123599961	-0.00248025123599961	0	0.915	0.923	-0.00248025123599961	-0.00248025123599961	ID	300	A4	C2	1000	10000	0	0.5	300	0
389	-0.00927456133725003	-0.00927456133725007	0	0.686	0.685	-0.00927456133725003	-0.00927456133725007	1	300	A4	C2	1000	10000	0	0.5	300	0.01
390	-0.00975718075380017	-0.00975718075380018	0	0.669	0.654	-0.00975718075380017	-0.00975718075380018	FGr	300	A4	C2	1000	10000	0	0.5	300	0.01
391	-0.00981190301589979	-0.00981190301589981	0	0.648	0.662	-0.00981190301589979	-0.00981190301589981	NoCorrection	300	A4	C2	1000	10000	0	0.5	300	0.01
392	-0.00972674718309994	-0.0097267471830999	0	0.666	0.674	-0.00972674718309994	-0.0097267471830999	ID	300	A4	C2	1000	10000	0	0.5	300	0.01
393	-0.00656819491504998	-0.00656819491504996	0	0.705	0.709	-0.00656819491504998	-0.00656819491504996	1	300	A4	C2	1000	10000	0	0.5	300	0.03
394	-0.00740067573524962	-0.00740067573524961	0	0.696	0.671	-0.00740067573524962	-0.00740067573524961	FGr	300	A4	C2	1000	10000	0	0.5	300	0.03
395	-0.00705307059679968	-0.0070530705967997	0	0.676	0.667	-0.00705307059679968	-0.0070530705967997	NoCorrection	300	A4	C2	1000	10000	0	0.5	300	0.03
396	-0.00700773456475018	-0.0070077345647502	0	0.689	0.688	-0.00700773456475018	-0.0070077345647502	ID	300	A4	C2	1000	10000	0	0.5	300	0.03
397	0.0232893955145598	0.0232893955145597	0	0.193	0.233	0.0232893955145598	0.0232893955145597	1	300	A4	C2	1000	10000	0	0.5	300	0.1
398	0.02263007164685	0.02263007164685	0	0.218	0.242	0.02263007164685	0.02263007164685	FGr	300	A4	C2	1000	10000	0	0.5	300	0.1
399	0.0227794592976002	0.0227794592976002	0	0.258	0.242	0.0227794592976002	0.0227794592976002	NoCorrection	300	A4	C2	1000	10000	0	0.5	300	0.1
400	0.0230446597247002	0.0230446597247002	0	0.225	0.222	0.0230446597247002	0.0230446597247002	ID	300	A4	C2	1000	10000	0	0.5	300	0.1
401	0.0375421995194501	-0.0125843097049997	0	0.033	0.651	0.0375421995194501	-0.0125843097049997	1	1000	A4	C2	1000	10000	0	0.5	300	0
402	0.03603715836065	-0.0167241616599998	0	0.06	0.573	0.03603715836065	-0.0167241616599998	FGr	1000	A4	C2	1000	10000	0	0.5	300	0
403	0.0370773427383499	-0.0139474277750005	0	0.048	0.627	0.0370773427383499	-0.0139474277750005	NoCorrection	1000	A4	C2	1000	10000	0	0.5	300	0
404	0.0372417285175701	-0.0139791964299997	0	0.046	0.647	0.0372417285175701	-0.0139791964299997	ID	1000	A4	C2	1000	10000	0	0.5	300	0
405	0.0362047061356999	0.0252945269599991	0	0.068	0.384	0.0362047061356999	0.0252945269599991	1	1000	A4	C2	1000	10000	0	0.5	300	0.01
406	0.0362262200164501	0.0211258355049986	0	0.069	0.48	0.0362262200164501	0.0211258355049986	FGr	1000	A4	C2	1000	10000	0	0.5	300	0.01
407	0.03546280023165	0.0241457312400009	0	0.083	0.452	0.03546280023165	0.0241457312400009	NoCorrection	1000	A4	C2	1000	10000	0	0.5	300	0.01
408	0.0359695443584999	0.0226404340450004	0	0.068	0.482	0.0359695443584999	0.0226404340450004	ID	1000	A4	C2	1000	10000	0	0.5	300	0.01
409	0.0169182368914999	-0.018139015665	0	0.397	0.562	0.0169182368914999	-0.018139015665	1	1000	A4	C2	1000	10000	0	0.5	300	0.03
410	0.01697671317865	-0.018118409755	0	0.362	0.558	0.01697671317865	-0.018118409755	FGr	1000	A4	C2	1000	10000	0	0.5	300	0.03
411	0.0165520935814497	-0.018172905815	0	0.422	0.546	0.0165520935814497	-0.018172905815	NoCorrection	1000	A4	C2	1000	10000	0	0.5	300	0.03
412	0.0167842983688	-0.0221668803599999	0	0.419	0.474	0.0167842983688	-0.0221668803599999	ID	1000	A4	C2	1000	10000	0	0.5	300	0.03
413	-0.0326337191568	-0.0220576697250001	0	0.061	0.428	-0.0326337191568	-0.0220576697250001	1	1000	A4	C2	1000	10000	0	0.5	300	0.1
414	-0.0327901184560001	-0.0158086723100001	0	0.064	0.54	-0.0327901184560001	-0.0158086723100001	FGr	1000	A4	C2	1000	10000	0	0.5	300	0.1
415	-0.0317772952924349	-0.0145829589250001	0	0.071	0.588	-0.0317772952924349	-0.0145829589250001	NoCorrection	1000	A4	C2	1000	10000	0	0.5	300	0.1
416	-0.0326360959534001	-0.0203387856050003	0	0.059	0.457	-0.0326360959534001	-0.0203387856050003	ID	1000	A4	C2	1000	10000	0	0.5	300	0.1
417	-0.0200012795215602	-0.0534902955149993	0	0.364	0.233	-0.0200012795215602	-0.0534902955149993	1	10000	A4	C2	1000	10000	0	0.5	300	0
418	-0.0211429362240001	-0.0241115827099998	0	0.331	0.595	-0.0211429362240001	-0.0241115827099998	FGr	10000	A4	C2	1000	10000	0	0.5	300	0
419	-0.0207602623300698	-0.0230547188300001	0	0.351	0.596	-0.0207602623300698	-0.0230547188300001	NoCorrection	10000	A4	C2	1000	10000	0	0.5	300	0
420	-0.0201739725258001	-0.0538808124600009	0	0.38	0.245	-0.0201739725258001	-0.0538808124600009	ID	10000	A4	C2	1000	10000	0	0.5	300	0
421	-0.0101429738936004	-0.0523227486400022	0	0.59	0.297	-0.0101429738936004	-0.0523227486400022	1	10000	A4	C2	1000	10000	0	0.5	300	0.01
422	-0.00942445078800051	-0.055064188369998	0	0.626	0.258	-0.00942445078800051	-0.055064188369998	FGr	10000	A4	C2	1000	10000	0	0.5	300	0.01
423	-0.00856417178250062	-0.033533904445	0	0.612	0.492	-0.00856417178250062	-0.033533904445	NoCorrection	10000	A4	C2	1000	10000	0	0.5	300	0.01
424	-0.0103764471012001	-0.0533234094450028	0	0.57	0.268	-0.0103764471012001	-0.0533234094450028	ID	10000	A4	C2	1000	10000	0	0.5	300	0.01
425	-0.00372145449629992	0.00320364335000017	0	0.861	0.957	-0.00372145449629992	0.00320364335000017	1	10000	A4	C2	1000	10000	0	0.5	300	0.03
426	-0.00135966429080001	0.0176004939350001	0	0.945	0.709	-0.00135966429080001	0.0176004939350001	FGr	10000	A4	C2	1000	10000	0	0.5	300	0.03
427	-0.00326628846518007	-0.00572637200000018	0	0.879	0.914	-0.00326628846518007	-0.00572637200000018	NoCorrection	10000	A4	C2	1000	10000	0	0.5	300	0.03
428	-0.00379138997590015	0.00589367730000081	0	0.844	0.906	-0.00379138997590015	0.00589367730000081	ID	10000	A4	C2	1000	10000	0	0.5	300	0.03
429	-0.0373116514734001	0.0236257875000001	0	0.087	0.68	-0.0373116514734001	0.0236257875000001	1	10000	A4	C2	1000	10000	0	0.5	300	0.1
430	-0.0362116704879998	0.0241052263699999	0	0.106	0.65	-0.0362116704879998	0.0241052263699999	FGr	10000	A4	C2	1000	10000	0	0.5	300	0.1
431	-0.0361838468274998	0.0262419508699996	0	0.106	0.621	-0.0361838468274998	0.0262419508699996	NoCorrection	10000	A4	C2	1000	10000	0	0.5	300	0.1
432	-0.0375252545706499	0.0237613301099999	0	0.091	0.635	-0.0375252545706499	0.0237613301099999	ID	10000	A4	C2	1000	10000	0	0.5	300	0.1
433	-0.00569214618000001	-0.00569214618	0	0.645	0.649	-0.00569214618000001	-0.00569214618	1	300	A4	C2	10000	100	0	0.5	300	0
434	-0.00589129349500001	-0.005891293495	0	0.637	0.654	-0.00589129349500001	-0.005891293495	FGr	300	A4	C2	10000	100	0	0.5	300	0
435	-0.00589633619	-0.00589633619	0	0.629	0.623	-0.00589633619	-0.00589633619	NoCorrection	300	A4	C2	10000	100	0	0.5	300	0
436	-0.005775198127	-0.00577519812699999	0	0.63	0.653	-0.005775198127	-0.00577519812699999	ID	300	A4	C2	10000	100	0	0.5	300	0
437	-0.00139655889049999	-0.00139655889050003	0	0.888	0.902	-0.00139655889049999	-0.00139655889050003	1	300	A4	C2	10000	100	0	0.5	300	0.01
438	-0.00106247559805	-0.00106247559805001	0	0.936	0.911	-0.00106247559805	-0.00106247559805001	FGr	300	A4	C2	10000	100	0	0.5	300	0.01
439	-0.00106717247212001	-0.00106717247211998	0	0.94	0.917	-0.00106717247212001	-0.00106717247211998	NoCorrection	300	A4	C2	10000	100	0	0.5	300	0.01
440	-0.00116280539000004	-0.00116280538999998	0	0.915	0.9	-0.00116280539000004	-0.00116280538999998	ID	300	A4	C2	10000	100	0	0.5	300	0.01
441	0.011456208075	0.011456208075	0	0.271	0.273	0.011456208075	0.011456208075	1	300	A4	C2	10000	100	0	0.5	300	0.03
442	0.011437896247	0.011437896247	0	0.274	0.268	0.011437896247	0.011437896247	FGr	300	A4	C2	10000	100	0	0.5	300	0.03
443	0.011434438879	0.011434438879	0	0.28	0.285	0.011434438879	0.011434438879	NoCorrection	300	A4	C2	10000	100	0	0.5	300	0.03
444	0.011489881095	0.011489881095	0	0.252	0.276	0.011489881095	0.011489881095	ID	300	A4	C2	10000	100	0	0.5	300	0.03
445	0.011639830966	0.011639830966	0	0.288	0.321	0.011639830966	0.011639830966	1	300	A4	C2	10000	100	0	0.5	300	0.1
446	0.011873223535	0.011873223535	0	0.285	0.269	0.011873223535	0.011873223535	FGr	300	A4	C2	10000	100	0	0.5	300	0.1
447	0.011860467536	0.011860467536	0	0.271	0.282	0.011860467536	0.011860467536	NoCorrection	300	A4	C2	10000	100	0	0.5	300	0.1
448	0.011895255875	0.011895255875	0	0.277	0.277	0.011895255875	0.011895255875	ID	300	A4	C2	10000	100	0	0.5	300	0.1
449	-0.02044274198	-0.0220765235	0	0.052	0.212	-0.02044274198	-0.0220765235	1	1000	A4	C2	10000	100	0	0.5	300	0
450	-0.02034250869	-0.023139945	0	0.045	0.2	-0.02034250869	-0.023139945	FGr	1000	A4	C2	10000	100	0	0.5	300	0
451	-0.020220588295	-0.0218695535	0	0.046	0.219	-0.020220588295	-0.0218695535	NoCorrection	1000	A4	C2	10000	100	0	0.5	300	0
452	-0.02044646029	-0.0241636345	0	0.063	0.16	-0.02044646029	-0.0241636345	ID	1000	A4	C2	10000	100	0	0.5	300	0
453	-0.0209827241045	-0.00198367650000001	0	0.03	0.924	-0.0209827241045	-0.00198367650000001	1	1000	A4	C2	10000	100	0	0.5	300	0.01
454	-0.019208069517	-0.00238278850000001	0	0.061	0.898	-0.019208069517	-0.00238278850000001	FGr	1000	A4	C2	10000	100	0	0.5	300	0.01
455	-0.0192231334275	-0.00352906500000001	0	0.054	0.842	-0.0192231334275	-0.00352906500000001	NoCorrection	1000	A4	C2	10000	100	0	0.5	300	0.01
456	-0.020754512517	0.0013077065	0	0.034	0.939	-0.020754512517	0.0013077065	ID	1000	A4	C2	10000	100	0	0.5	300	0.01
457	-0.0062209034776	-0.0077580035	0	0.574	0.615	-0.0062209034776	-0.0077580035	1	1000	A4	C2	10000	100	0	0.5	300	0.03
458	-0.00503835679500001	-0.011808918	0	0.665	0.461	-0.00503835679500001	-0.011808918	FGr	1000	A4	C2	10000	100	0	0.5	300	0.03
459	-0.00503660242999999	-0.011800029	0	0.625	0.449	-0.00503660242999999	-0.011800029	NoCorrection	1000	A4	C2	10000	100	0	0.5	300	0.03
460	-0.00601286641400003	-0.0107861105	0	0.584	0.495	-0.00601286641400003	-0.0107861105	ID	1000	A4	C2	10000	100	0	0.5	300	0.03
461	-0.007927218654	0.000552537000000046	0	0.441	0.98	-0.007927218654	0.000552537000000046	1	1000	A4	C2	10000	100	0	0.5	300	0.1
462	-0.00657218166500001	0.00683152299999999	0	0.532	0.666	-0.00657218166500001	0.00683152299999999	FGr	1000	A4	C2	10000	100	0	0.5	300	0.1
463	-0.00653464533000001	0.00700860449999998	0	0.553	0.669	-0.00653464533000001	0.00700860449999998	NoCorrection	1000	A4	C2	10000	100	0	0.5	300	0.1
464	-0.0080940266743	0.00156604400000003	0	0.408	0.914	-0.0080940266743	0.00156604400000003	ID	1000	A4	C2	10000	100	0	0.5	300	0.1
465	0.0109302418661	0.03033732	0	0.237	0.274	0.0109302418661	0.03033732	1	10000	A4	C2	10000	100	0	0.5	300	0
466	0.010845077655	0.0319291715	0	0.257	0.228	0.010845077655	0.0319291715	FGr	10000	A4	C2	10000	100	0	0.5	300	0
467	0.01087512563	0.0334589535	0	0.233	0.204	0.01087512563	0.0334589535	NoCorrection	10000	A4	C2	10000	100	0	0.5	300	0
468	0.010894791955	0.0332735595	0	0.238	0.2	0.010894791955	0.0332735595	ID	10000	A4	C2	10000	100	0	0.5	300	0
469	0.0146082273945	-0.0202850415	0	0.224	0.448	0.0146082273945	-0.0202850415	1	10000	A4	C2	10000	100	0	0.5	300	0.01
470	0.014083032812	-0.01005144	0	0.237	0.69	0.014083032812	-0.01005144	FGr	10000	A4	C2	10000	100	0	0.5	300	0.01
471	0.0140597206725	-0.00984669000000002	0	0.236	0.692	0.0140597206725	-0.00984669000000002	NoCorrection	10000	A4	C2	10000	100	0	0.5	300	0.01
472	0.0146421543135	-0.0202331305	0	0.222	0.424	0.0146421543135	-0.0202331305	ID	10000	A4	C2	10000	100	0	0.5	300	0.01
473	-0.000612367173999986	0.001768888	0	0.942	0.936	-0.000612367173999986	0.001768888	1	10000	A4	C2	10000	100	0	0.5	300	0.03
474	-0.0013783647065	0.00559302599999999	0	0.894	0.797	-0.0013783647065	0.00559302599999999	FGr	10000	A4	C2	10000	100	0	0.5	300	0.03
475	-0.001287276809	0.00301982700000001	0	0.912	0.918	-0.001287276809	0.00301982700000001	NoCorrection	10000	A4	C2	10000	100	0	0.5	300	0.03
476	-0.000573844059999993	-0.000123882000000007	0	0.955	0.995	-0.000573844059999993	-0.000123882000000007	ID	10000	A4	C2	10000	100	0	0.5	300	0.03
477	-0.012160557292	0.00844716149999999	0	0.269	0.735	-0.012160557292	0.00844716149999999	1	10000	A4	C2	10000	100	0	0.5	300	0.1
478	-0.01395685072	0.0137783265	0	0.263	0.634	-0.01395685072	0.0137783265	FGr	10000	A4	C2	10000	100	0	0.5	300	0.1
479	-0.01392620479	0.00874413749999999	0	0.275	0.766	-0.01392620479	0.00874413749999999	NoCorrection	10000	A4	C2	10000	100	0	0.5	300	0.1
480	-0.012126521725	0.00706058149999992	0	0.275	0.806	-0.012126521725	0.00706058149999992	ID	10000	A4	C2	10000	100	0	0.5	300	0.1
481	-0.007081789771	-0.007081789771	0	0.273	0.306	-0.007081789771	-0.007081789771	1	300	A4	C2	10000	1000	0	0.5	300	0
482	-0.0072949977816	-0.0072949977816	0	0.276	0.27	-0.0072949977816	-0.0072949977816	FGr	300	A4	C2	10000	1000	0	0.5	300	0
483	-0.0072894754546	-0.0072894754546	0	0.269	0.257	-0.0072894754546	-0.0072894754546	NoCorrection	300	A4	C2	10000	1000	0	0.5	300	0
484	-0.0070530892786	-0.00705308927860001	0	0.285	0.296	-0.0070530892786	-0.00705308927860001	ID	300	A4	C2	10000	1000	0	0.5	300	0
485	0.00433672567489995	0.00433672567489996	0	0.487	0.514	0.00433672567489995	0.00433672567489996	1	300	A4	C2	10000	1000	0	0.5	300	0.01
486	0.00266124825509996	0.00266124825509998	0	0.65	0.685	0.00266124825509996	0.00266124825509998	FGr	300	A4	C2	10000	1000	0	0.5	300	0.01
487	0.00263133453935001	0.00263133453935001	0	0.664	0.68	0.00263133453935001	0.00263133453935001	NoCorrection	300	A4	C2	10000	1000	0	0.5	300	0.01
488	0.00404342790240005	0.00404342790240004	0	0.526	0.517	0.00404342790240005	0.00404342790240004	ID	300	A4	C2	10000	1000	0	0.5	300	0.01
489	0.011375278823	0.011375278823	0	0.092	0.093	0.011375278823	0.011375278823	1	300	A4	C2	10000	1000	0	0.5	300	0.03
490	0.0111525724649	0.0111525724649	0	0.091	0.105	0.0111525724649	0.0111525724649	FGr	300	A4	C2	10000	1000	0	0.5	300	0.03
491	0.011130587644	0.011130587644	0	0.088	0.096	0.011130587644	0.011130587644	NoCorrection	300	A4	C2	10000	1000	0	0.5	300	0.03
492	0.0121674171428	0.0121674171428	0	0.068	0.083	0.0121674171428	0.0121674171428	ID	300	A4	C2	10000	1000	0	0.5	300	0.03
493	0.00672109830665003	0.00672109830665005	0	0.294	0.294	0.00672109830665003	0.00672109830665005	1	300	A4	C2	10000	1000	0	0.5	300	0.1
494	0.00410361176654999	0.00410361176655	0	0.558	0.527	0.00410361176654999	0.00410361176655	FGr	300	A4	C2	10000	1000	0	0.5	300	0.1
495	0.00412805203499999	0.00412805203499999	0	0.541	0.531	0.00412805203499999	0.00412805203499999	NoCorrection	300	A4	C2	10000	1000	0	0.5	300	0.1
496	0.00676216005945001	0.00676216005945001	0	0.257	0.292	0.00676216005945001	0.00676216005945001	ID	300	A4	C2	10000	1000	0	0.5	300	0.1
497	0.00417777623650003	0.0224497802	0	0.459	0.03	0.00417777623650003	0.0224497802	1	1000	A4	C2	10000	1000	0	0.5	300	0
498	0.00512076671600001	0.01702079975	0	0.382	0.132	0.00512076671600001	0.01702079975	FGr	1000	A4	C2	10000	1000	0	0.5	300	0
499	0.00510071381809998	0.01727065455	0	0.377	0.119	0.00510071381809998	0.01727065455	NoCorrection	1000	A4	C2	10000	1000	0	0.5	300	0
500	0.00470708723200002	0.0203550482	0	0.422	0.052	0.00470708723200002	0.0203550482	ID	1000	A4	C2	10000	1000	0	0.5	300	0
501	0.0050338531595	-0.0083774889	0	0.44	0.439	0.0050338531595	-0.0083774889	1	1000	A4	C2	10000	1000	0	0.5	300	0.01
502	0.0063902741645	-0.00911582215	0	0.347	0.399	0.0063902741645	-0.00911582215	FGr	1000	A4	C2	10000	1000	0	0.5	300	0.01
503	0.00633005775598	-0.00831879194999999	0	0.377	0.453	0.00633005775598	-0.00831879194999999	NoCorrection	1000	A4	C2	10000	1000	0	0.5	300	0.01
504	0.0054111627585	-0.00585378129999999	0	0.43	0.565	0.0054111627585	-0.00585378129999999	ID	1000	A4	C2	10000	1000	0	0.5	300	0.01
505	0.00285754566145	0.02053579675	0	0.652	0.046	0.00285754566145	0.02053579675	1	1000	A4	C2	10000	1000	0	0.5	300	0.03
506	0.00371861255514998	0.02042426225	0	0.521	0.044	0.00371861255514998	0.02042426225	FGr	1000	A4	C2	10000	1000	0	0.5	300	0.03
507	0.00366154655999997	0.0206261071	0	0.567	0.048	0.00366154655999997	0.0206261071	NoCorrection	1000	A4	C2	10000	1000	0	0.5	300	0.03
508	0.00321728141499998	0.0193270002	0	0.597	0.07	0.00321728141499998	0.0193270002	ID	1000	A4	C2	10000	1000	0	0.5	300	0.03
509	-0.000571273398149971	-0.0122382618	0	0.919	0.231	-0.000571273398149971	-0.0122382618	1	1000	A4	C2	10000	1000	0	0.5	300	0.1
510	0.00109929283049998	-0.0070715268	0	0.853	0.508	0.00109929283049998	-0.0070715268	FGr	1000	A4	C2	10000	1000	0	0.5	300	0.1
511	0.00107684321929997	-0.00706750460000003	0	0.853	0.512	0.00107684321929997	-0.00706750460000003	NoCorrection	1000	A4	C2	10000	1000	0	0.5	300	0.1
512	-0.000381470547999899	-0.01500834585	0	0.948	0.144	-0.000381470547999899	-0.01500834585	ID	1000	A4	C2	10000	1000	0	0.5	300	0.1
513	-0.00900897983650003	-0.00953774244999999	0	0.171	0.55	-0.00900897983650003	-0.00953774244999999	1	10000	A4	C2	10000	1000	0	0.5	300	0
514	-0.00857923440720001	-0.01351767205	0	0.199	0.386	-0.00857923440720001	-0.01351767205	FGr	10000	A4	C2	10000	1000	0	0.5	300	0
515	-0.00857984436724999	-0.01353168865	0	0.207	0.381	-0.00857984436724999	-0.01353168865	NoCorrection	10000	A4	C2	10000	1000	0	0.5	300	0
516	-0.00899010355900002	-0.00877505095000002	0	0.19	0.563	-0.00899010355900002	-0.00877505095000002	ID	10000	A4	C2	10000	1000	0	0.5	300	0
517	0.0117192892684999	0.00688105920000003	0	0.109	0.691	0.0117192892684999	0.00688105920000003	1	10000	A4	C2	10000	1000	0	0.5	300	0.01
518	0.0122281651174	0.0120320626	0	0.087	0.508	0.0122281651174	0.0120320626	FGr	10000	A4	C2	10000	1000	0	0.5	300	0.01
519	0.0121941448745001	0.00626368434999994	0	0.089	0.719	0.0121941448745001	0.00626368434999994	NoCorrection	10000	A4	C2	10000	1000	0	0.5	300	0.01
520	0.0116842999349999	0.00647617269999996	0	0.123	0.721	0.0116842999349999	0.00647617269999996	ID	10000	A4	C2	10000	1000	0	0.5	300	0.01
521	-0.00480193412999981	0.00816150745	0	0.478	0.636	-0.00480193412999981	0.00816150745	1	10000	A4	C2	10000	1000	0	0.5	300	0.03
522	-0.0044491352715002	0.0190003012000001	0	0.479	0.277	-0.0044491352715002	0.0190003012000001	FGr	10000	A4	C2	10000	1000	0	0.5	300	0.03
523	-0.00445687162749991	0.0167276973	0	0.462	0.374	-0.00445687162749991	0.0167276973	NoCorrection	10000	A4	C2	10000	1000	0	0.5	300	0.03
524	-0.00482815039550003	0.0081269308	0	0.426	0.667	-0.00482815039550003	0.0081269308	ID	10000	A4	C2	10000	1000	0	0.5	300	0.03
525	-0.00182382634979998	0.00939326365000004	0	0.742	0.556	-0.00182382634979998	0.00939326365000004	1	10000	A4	C2	10000	1000	0	0.5	300	0.1
526	0.000566622340999991	0.02295638855	0	0.923	0.175	0.000566622340999991	0.02295638855	FGr	10000	A4	C2	10000	1000	0	0.5	300	0.1
527	0.000570202386499988	0.0250122082	0	0.925	0.125	0.000570202386499988	0.0250122082	NoCorrection	10000	A4	C2	10000	1000	0	0.5	300	0.1
528	-0.00180096824074998	0.0132961078	0	0.774	0.421	-0.00180096824074998	0.0132961078	ID	10000	A4	C2	10000	1000	0	0.5	300	0.1
529	0.00496295744581993	0.00496295744581993	0	0.392	0.387	0.00496295744581993	0.00496295744581993	1	300	A4	C2	10000	10000	0	0.5	300	0
530	0.003498077614465	0.00349807761446501	0	0.586	0.555	0.003498077614465	0.00349807761446501	FGr	300	A4	C2	10000	10000	0	0.5	300	0
531	0.00361802175988007	0.00361802175988007	0	0.543	0.532	0.00361802175988007	0.00361802175988007	NoCorrection	300	A4	C2	10000	10000	0	0.5	300	0
532	0.00461443711650803	0.00461443711650804	0	0.423	0.404	0.00461443711650803	0.00461443711650804	ID	300	A4	C2	10000	10000	0	0.5	300	0
533	0.0028352009599	0.0028352009599	0	0.627	0.64	0.0028352009599	0.0028352009599	1	300	A4	C2	10000	10000	0	0.5	300	0.01
534	0.00286202131167001	0.00286202131167002	0	0.662	0.632	0.00286202131167001	0.00286202131167002	FGr	300	A4	C2	10000	10000	0	0.5	300	0.01
535	0.00276712361755002	0.00276712361755002	0	0.629	0.632	0.00276712361755002	0.00276712361755002	NoCorrection	300	A4	C2	10000	10000	0	0.5	300	0.01
536	0.00238386922401988	0.00238386922401988	0	0.678	0.69	0.00238386922401988	0.00238386922401988	ID	300	A4	C2	10000	10000	0	0.5	300	0.01
537	-0.00661598152844998	-0.00661598152844998	0	0.24	0.225	-0.00661598152844998	-0.00661598152844998	1	300	A4	C2	10000	10000	0	0.5	300	0.03
538	-0.00783207167438508	-0.00783207167438502	0	0.164	0.173	-0.00783207167438508	-0.00783207167438502	FGr	300	A4	C2	10000	10000	0	0.5	300	0.03
539	-0.00779748262821016	-0.00779748262821016	0	0.182	0.17	-0.00779748262821016	-0.00779748262821016	NoCorrection	300	A4	C2	10000	10000	0	0.5	300	0.03
540	-0.00623052137691422	-0.00623052137691419	0	0.298	0.288	-0.00623052137691422	-0.00623052137691419	ID	300	A4	C2	10000	10000	0	0.5	300	0.03
541	0.00298556033675004	0.00298556033675003	0	0.618	0.637	0.00298556033675004	0.00298556033675003	1	300	A4	C2	10000	10000	0	0.5	300	0.1
542	-0.00221053497024999	-0.00221053497024998	0	0.753	0.752	-0.00221053497024999	-0.00221053497024998	FGr	300	A4	C2	10000	10000	0	0.5	300	0.1
543	-0.00230138238416005	-0.00230138238416005	0	0.744	0.743	-0.00230138238416005	-0.00230138238416005	NoCorrection	300	A4	C2	10000	10000	0	0.5	300	0.1
544	0.00214135369603503	0.00214135369603503	0	0.744	0.725	0.00214135369603503	0.00214135369603503	ID	300	A4	C2	10000	10000	0	0.5	300	0.1
545	-0.00317718226582006	0.00379248185499996	0	0.612	0.68	-0.00317718226582006	0.00379248185499996	1	1000	A4	C2	10000	10000	0	0.5	300	0
546	-0.00337761463034996	0.00176669679000005	0	0.599	0.853	-0.00337761463034996	0.00176669679000005	FGr	1000	A4	C2	10000	10000	0	0.5	300	0
547	-0.00335748333817494	0.00176945783999996	0	0.586	0.847	-0.00335748333817494	0.00176945783999996	NoCorrection	1000	A4	C2	10000	10000	0	0.5	300	0
548	-0.00321399621630021	0.00346748873000001	0	0.597	0.738	-0.00321399621630021	0.00346748873000001	ID	1000	A4	C2	10000	10000	0	0.5	300	0
549	-0.00647441092676999	-0.01196492384	0	0.317	0.221	-0.00647441092676999	-0.01196492384	1	1000	A4	C2	10000	10000	0	0.5	300	0.01
550	-0.006396502317327	-0.01174334282	0	0.336	0.233	-0.006396502317327	-0.01174334282	FGr	1000	A4	C2	10000	10000	0	0.5	300	0.01
551	-0.006424897076588	-0.011771288435	0	0.319	0.214	-0.006424897076588	-0.011771288435	NoCorrection	1000	A4	C2	10000	10000	0	0.5	300	0.01
552	-0.00650975661675	-0.0142315444600001	0	0.316	0.153	-0.00650975661675	-0.0142315444600001	ID	1000	A4	C2	10000	10000	0	0.5	300	0.01
553	-0.00384317395607459	0.00173382451499967	0	0.507	0.878	-0.00384317395607459	0.00173382451499967	1	1000	A4	C2	10000	10000	0	0.5	300	0.03
554	-0.00412308734364998	-0.00335430811500001	0	0.481	0.739	-0.00412308734364998	-0.00335430811500001	FGr	1000	A4	C2	10000	10000	0	0.5	300	0.03
555	-0.00403595230144993	-0.00305011387500005	0	0.477	0.756	-0.00403595230144993	-0.00305011387500005	NoCorrection	1000	A4	C2	10000	10000	0	0.5	300	0.03
556	-0.00379266384498023	0.00251418335999994	0	0.522	0.801	-0.00379266384498023	0.00251418335999994	ID	1000	A4	C2	10000	10000	0	0.5	300	0.03
557	0.000754236149369995	-0.000300767860000057	0	0.914	0.979	0.000754236149369995	-0.000300767860000057	1	1000	A4	C2	10000	10000	0	0.5	300	0.1
558	0.00031713967749999	-0.00493710370999997	0	0.953	0.625	0.00031713967749999	-0.00493710370999997	FGr	1000	A4	C2	10000	10000	0	0.5	300	0.1
559	0.000328673173400006	-0.00492630171000009	0	0.964	0.605	0.000328673173400006	-0.00492630171000009	NoCorrection	1000	A4	C2	10000	10000	0	0.5	300	0.1
560	0.000756160028744992	0.00133629370000019	0	0.9	0.878	0.000756160028744992	0.00133629370000019	ID	1000	A4	C2	10000	10000	0	0.5	300	0.1
561	0.00362652761456007	-0.013917765745	0	0.534	0.364	0.00362652761456007	-0.013917765745	1	10000	A4	C2	10000	10000	0	0.5	300	0
562	0.00397347230257349	-0.00853217503500002	0	0.481	0.601	0.00397347230257349	-0.00853217503500002	FGr	10000	A4	C2	10000	10000	0	0.5	300	0
563	0.00392409724419812	-0.00503474513500001	0	0.53	0.746	0.00392409724419812	-0.00503474513500001	NoCorrection	10000	A4	C2	10000	10000	0	0.5	300	0
564	0.00363091429398995	-0.0129335905250001	0	0.54	0.419	0.00363091429398995	-0.0129335905250001	ID	10000	A4	C2	10000	10000	0	0.5	300	0
565	-0.0012437493041799	0.0172880653049998	0	0.817	0.245	-0.0012437493041799	0.0172880653049998	1	10000	A4	C2	10000	10000	0	0.5	300	0.01
566	-0.00169319438392998	0.0208363736150002	0	0.775	0.16	-0.00169319438392998	0.0208363736150002	FGr	10000	A4	C2	10000	10000	0	0.5	300	0.01
567	-0.00167589752680006	0.0204806049049999	0	0.792	0.19	-0.00167589752680006	0.0204806049049999	NoCorrection	10000	A4	C2	10000	10000	0	0.5	300	0.01
568	-0.00137702061792692	0.0181670777599995	0	0.799	0.208	-0.00137702061792692	0.0181670777599995	ID	10000	A4	C2	10000	10000	0	0.5	300	0.01
569	-0.00810024637305008	0.0223705919299999	0	0.192	0.187	-0.00810024637305008	0.0223705919299999	1	10000	A4	C2	10000	10000	0	0.5	300	0.03
570	-0.00899525684708004	0.0199041414100001	0	0.162	0.203	-0.00899525684708004	0.0199041414100001	FGr	10000	A4	C2	10000	10000	0	0.5	300	0.03
571	-0.00902583164716995	0.021529750835	0	0.146	0.148	-0.00902583164716995	0.021529750835	NoCorrection	10000	A4	C2	10000	10000	0	0.5	300	0.03
572	-0.00809879332569993	0.02235010057	0	0.198	0.16	-0.00809879332569993	0.02235010057	ID	10000	A4	C2	10000	10000	0	0.5	300	0.03
573	0.0101794339187501	-0.01841427639	0	0.067	0.256	0.0101794339187501	-0.01841427639	1	10000	A4	C2	10000	10000	0	0.5	300	0.1
574	0.00803610584172996	-0.0129185768850002	0	0.145	0.438	0.00803610584172996	-0.0129185768850002	FGr	10000	A4	C2	10000	10000	0	0.5	300	0.1
575	0.00806572582804002	-0.0173915076650004	0	0.161	0.302	0.00806572582804002	-0.0173915076650004	NoCorrection	10000	A4	C2	10000	10000	0	0.5	300	0.1
576	0.0102480249380999	-0.0182160652099999	0	0.063	0.228	0.0102480249380999	-0.0182160652099999	ID	10000	A4	C2	10000	10000	0	0.5	300	0.1
