	c-q	nc-q	true-q	c-p	nc-p	c-bias	nc-bias	type	L	rep	config	gwas_size	test_size	h2	ts	num_causal	env
1	0.0192557655399999	0.01925576554	0	0.626	0.632	0.0192557655399999	0.01925576554	1	300	A41	C1	1000	100	0	0.5	300	0
2	0.02625075775	0.02625075775	0	0.504	0.498	0.02625075775	0.02625075775	FGr	300	A41	C1	1000	100	0	0.5	300	0
3	0.020491204795	0.020491204795	0	0.631	0.625	0.020491204795	0.020491204795	NoCorrection	300	A41	C1	1000	100	0	0.5	300	0
4	0.0269224290753999	0.0269224290754	0	0.498	0.519	0.0269224290753999	0.0269224290754	ID	300	A41	C1	1000	100	0	0.5	300	0
5	0.0152536817900001	0.0152536817900001	0	0.694	0.712	0.0152536817900001	0.0152536817900001	1	300	A41	C1	1000	100	0	0.5	300	0.1
6	0.02147913806	0.02147913806	0	0.602	0.597	0.02147913806	0.02147913806	FGr	300	A41	C1	1000	100	0	0.5	300	0.1
7	0.0252136221	0.0252136221	0	0.514	0.545	0.0252136221	0.0252136221	NoCorrection	300	A41	C1	1000	100	0	0.5	300	0.1
8	0.014504042095	0.014504042095	0	0.739	0.73	0.014504042095	0.014504042095	ID	300	A41	C1	1000	100	0	0.5	300	0.1
9	0.0298877129945	0.0298877129945	0	0.382	0.423	0.0298877129945	0.0298877129945	1	300	A41	C1	1000	100	0	0.5	300	0.5
10	0.124299195505	0.124299195505	0	0.002	0.001	0.124299195505	0.124299195505	FGr	300	A41	C1	1000	100	0	0.5	300	0.5
11	0.146432481015	0.146432481015	0	0.001	0.001	0.146432481015	0.146432481015	NoCorrection	300	A41	C1	1000	100	0	0.5	300	0.5
12	0.03427296438	0.03427296438	0	0.3	0.355	0.03427296438	0.03427296438	ID	300	A41	C1	1000	100	0	0.5	300	0.5
13	0.061849757395	0.061849757395	0	0.087	0.097	0.061849757395	0.061849757395	1	300	A41	C1	1000	100	0	0.5	300	1
14	0.24085973165	0.24085973165	0	0	0	0.24085973165	0.24085973165	FGr	300	A41	C1	1000	100	0	0.5	300	1
15	0.274052325735	0.274052325735	0	0	0	0.274052325735	0.274052325735	NoCorrection	300	A41	C1	1000	100	0	0.5	300	1
16	0.04307917089	0.04307917089	0	0.24	0.2	0.04307917089	0.04307917089	ID	300	A41	C1	1000	100	0	0.5	300	1
17	0.00927616870000001	-0.0241553265	0	0.816	0.711	0.00927616870000001	-0.0241553265	1	1000	A41	C1	1000	100	0	0.5	300	0
18	0.03178291082	0.0124993	0	0.419	0.847	0.03178291082	0.0124993	FGr	1000	A41	C1	1000	100	0	0.5	300	0
19	0.0280977155445	0.00554466699999999	0	0.455	0.942	0.0280977155445	0.00554466699999999	NoCorrection	1000	A41	C1	1000	100	0	0.5	300	0
20	0.016129516301	-0.0193689390000001	0	0.696	0.78	0.016129516301	-0.0193689390000001	ID	1000	A41	C1	1000	100	0	0.5	300	0
21	-0.015875523398	0.026647379	0	0.685	0.714	-0.015875523398	0.026647379	1	1000	A41	C1	1000	100	0	0.5	300	0.1
22	0.011426840494	0.080191003	0	0.742	0.202	0.011426840494	0.080191003	FGr	1000	A41	C1	1000	100	0	0.5	300	0.1
23	0.039632954355	0.1366458605	0	0.321	0.036	0.039632954355	0.1366458605	NoCorrection	1000	A41	C1	1000	100	0	0.5	300	0.1
24	-0.03000334501	0.010183309	0	0.448	0.872	-0.03000334501	0.010183309	ID	1000	A41	C1	1000	100	0	0.5	300	0.1
25	-0.0011000339395	-0.0834462210000001	0	0.973	0.205	-0.0011000339395	-0.0834462210000001	1	1000	A41	C1	1000	100	0	0.5	300	0.5
26	0.07328675128	0.151921181	0	0.082	0.033	0.07328675128	0.151921181	FGr	1000	A41	C1	1000	100	0	0.5	300	0.5
27	0.15136217994	0.3621209835	0	0	0	0.15136217994	0.3621209835	NoCorrection	1000	A41	C1	1000	100	0	0.5	300	0.5
28	-0.009842275605	-0.0846527155	0	0.812	0.201	-0.009842275605	-0.0846527155	ID	1000	A41	C1	1000	100	0	0.5	300	0.5
29	0.0869422878	0.0243318450000001	0	0.027	0.705	0.0869422878	0.0243318450000001	1	1000	A41	C1	1000	100	0	0.5	300	1
30	0.2474517342	0.573351006	0	0	0	0.2474517342	0.573351006	FGr	1000	A41	C1	1000	100	0	0.5	300	1
31	0.410038302025	1.0059045455	0	0	0	0.410038302025	1.0059045455	NoCorrection	1000	A41	C1	1000	100	0	0.5	300	1
32	0.0764591241000001	0.0279696105	0	0.067	0.678	0.0764591241000001	0.0279696105	ID	1000	A41	C1	1000	100	0	0.5	300	1
33	0.000205785924999983	0.056724665	0	0.996	0.568	0.000205785924999983	0.056724665	1	10000	A41	C1	1000	100	0	0.5	300	0
34	-0.001119020375	0.0478769199999999	0	0.977	0.649	-0.001119020375	0.0478769199999999	FGr	10000	A41	C1	1000	100	0	0.5	300	0
35	0.015407215895	0.15320118	0	0.714	0.135	0.015407215895	0.15320118	NoCorrection	10000	A41	C1	1000	100	0	0.5	300	0
36	0.00305658307200001	0.074903515	0	0.934	0.479	0.00305658307200001	0.074903515	ID	10000	A41	C1	1000	100	0	0.5	300	0
37	-0.020907619295	-0.074029616	0	0.624	0.444	-0.020907619295	-0.074029616	1	10000	A41	C1	1000	100	0	0.5	300	0.1
38	-0.01713480644	-0.0242264775	0	0.679	0.793	-0.01713480644	-0.0242264775	FGr	10000	A41	C1	1000	100	0	0.5	300	0.1
39	0.011704700988	0.1878723585	0	0.779	0.046	0.011704700988	0.1878723585	NoCorrection	10000	A41	C1	1000	100	0	0.5	300	0.1
40	-0.022227159145	-0.086264615	0	0.594	0.362	-0.022227159145	-0.086264615	ID	10000	A41	C1	1000	100	0	0.5	300	0.1
41	0.094905255985	0.0072847625	0	0.009	0.939	0.094905255985	0.0072847625	1	10000	A41	C1	1000	100	0	0.5	300	0.5
42	0.11626191669	0.1887705895	0	0.002	0.059	0.11626191669	0.1887705895	FGr	10000	A41	C1	1000	100	0	0.5	300	0.5
43	0.23084751064	1.024978305	0	0	0	0.23084751064	1.024978305	NoCorrection	10000	A41	C1	1000	100	0	0.5	300	0.5
44	0.09266799256	-0.00727740449999999	0	0.012	0.942	0.09266799256	-0.00727740449999999	ID	10000	A41	C1	1000	100	0	0.5	300	0.5
45	-0.04657497631	-0.14640789	0	0.283	0.193	-0.04657497631	-0.14640789	1	10000	A41	C1	1000	100	0	0.5	300	1
46	-0.0253384523145	0.278894265	0	0.575	0.013	-0.0253384523145	0.278894265	FGr	10000	A41	C1	1000	100	0	0.5	300	1
47	0.335916948995	2.4359083	0	0	0	0.335916948995	2.4359083	NoCorrection	10000	A41	C1	1000	100	0	0.5	300	1
48	-0.04990293757	-0.0782631345	0	0.26	0.462	-0.04990293757	-0.0782631345	ID	10000	A41	C1	1000	100	0	0.5	300	1
49	-0.0273204904995	-0.0273204904995	0	0.342	0.344	-0.0273204904995	-0.0273204904995	1	300	A41	C1	1000	1000	0	0.5	300	0
50	-0.01693507643035	-0.01693507643035	0	0.578	0.555	-0.01693507643035	-0.01693507643035	FGr	300	A41	C1	1000	1000	0	0.5	300	0
51	-0.0302383249675	-0.0302383249675	0	0.274	0.271	-0.0302383249675	-0.0302383249675	NoCorrection	300	A41	C1	1000	1000	0	0.5	300	0
52	-0.0199717095905	-0.0199717095905	0	0.496	0.479	-0.0199717095905	-0.0199717095905	ID	300	A41	C1	1000	1000	0	0.5	300	0
53	-0.0242624267870001	-0.0242624267870001	0	0.39	0.363	-0.0242624267870001	-0.0242624267870001	1	300	A41	C1	1000	1000	0	0.5	300	0.1
54	-0.00242382148334996	-0.00242382148334994	0	0.934	0.925	-0.00242382148334996	-0.00242382148334994	FGr	300	A41	C1	1000	1000	0	0.5	300	0.1
55	-0.00102515896485	-0.00102515896484999	0	0.959	0.966	-0.00102515896485	-0.00102515896484999	NoCorrection	300	A41	C1	1000	1000	0	0.5	300	0.1
56	-0.016288828152	-0.016288828152	0	0.555	0.555	-0.016288828152	-0.016288828152	ID	300	A41	C1	1000	1000	0	0.5	300	0.1
57	-0.013978592792	-0.013978592792	0	0.631	0.627	-0.013978592792	-0.013978592792	1	300	A41	C1	1000	1000	0	0.5	300	0.5
58	0.090848141005	0.090848141005	0	0.005	0.002	0.090848141005	0.090848141005	FGr	300	A41	C1	1000	1000	0	0.5	300	0.5
59	0.142932381111	0.142932381111	0	0	0	0.142932381111	0.142932381111	NoCorrection	300	A41	C1	1000	1000	0	0.5	300	0.5
60	-0.01468693359842	-0.01468693359842	0	0.6	0.63	-0.01468693359842	-0.01468693359842	ID	300	A41	C1	1000	1000	0	0.5	300	0.5
61	-0.0116140515661	-0.0116140515661	0	0.664	0.648	-0.0116140515661	-0.0116140515661	1	300	A41	C1	1000	1000	0	0.5	300	1
62	0.1858625092175	0.1858625092175	0	0	0	0.1858625092175	0.1858625092175	FGr	300	A41	C1	1000	1000	0	0.5	300	1
63	0.288621022662	0.288621022662	0	0	0	0.288621022662	0.288621022662	NoCorrection	300	A41	C1	1000	1000	0	0.5	300	1
64	-0.0265231607387999	-0.0265231607387999	0	0.245	0.24	-0.0265231607387999	-0.0265231607387999	ID	300	A41	C1	1000	1000	0	0.5	300	1
65	0.00413112184249999	0.0417944256499999	0	0.858	0.342	0.00413112184249999	0.0417944256499999	1	1000	A41	C1	1000	1000	0	0.5	300	0
66	0.00842154704100001	0.04686927415	0	0.722	0.257	0.00842154704100001	0.04686927415	FGr	1000	A41	C1	1000	1000	0	0.5	300	0
67	0.000781767601999955	0.0347700198500001	0	0.978	0.443	0.000781767601999955	0.0347700198500001	NoCorrection	1000	A41	C1	1000	1000	0	0.5	300	0
68	0.00140603426389997	0.0363828616000002	0	0.956	0.373	0.00140603426389997	0.0363828616000002	ID	1000	A41	C1	1000	1000	0	0.5	300	0
69	-0.022629235759	-0.0722038653499999	0	0.403	0.12	-0.022629235759	-0.0722038653499999	1	1000	A41	C1	1000	1000	0	0.5	300	0.1
70	-0.028428882112	-0.0826728547000001	0	0.31	0.053	-0.028428882112	-0.0826728547000001	FGr	1000	A41	C1	1000	1000	0	0.5	300	0.1
71	0.0194747795122	0.0348855906999999	0	0.502	0.443	0.0194747795122	0.0348855906999999	NoCorrection	1000	A41	C1	1000	1000	0	0.5	300	0.1
72	-0.0187333364268	-0.0594584559	0	0.508	0.178	-0.0187333364268	-0.0594584559	ID	1000	A41	C1	1000	1000	0	0.5	300	0.1
73	0.00174713134200001	0.0283444148	0	0.949	0.536	0.00174713134200001	0.0283444148	1	1000	A41	C1	1000	1000	0	0.5	300	0.5
74	0.0363220299370001	0.14466603	0	0.147	0.001	0.0363220299370001	0.14466603	FGr	1000	A41	C1	1000	1000	0	0.5	300	0.5
75	0.137345697045	0.4244489286	0	0	0	0.137345697045	0.4244489286	NoCorrection	1000	A41	C1	1000	1000	0	0.5	300	0.5
76	-0.0106467523505	-0.01084031435	0	0.665	0.825	-0.0106467523505	-0.01084031435	ID	1000	A41	C1	1000	1000	0	0.5	300	0.5
77	-0.000933466512800139	0.000841749199999936	0	0.966	0.986	-0.000933466512800139	0.000841749199999936	1	1000	A41	C1	1000	1000	0	0.5	300	1
78	0.098261291873	0.28567005575	0	0.001	0	0.098261291873	0.28567005575	FGr	1000	A41	C1	1000	1000	0	0.5	300	1
79	0.309263529041	0.85610968025	0	0	0	0.309263529041	0.85610968025	NoCorrection	1000	A41	C1	1000	1000	0	0.5	300	1
80	-0.00156237901750009	0.00757140304999992	0	0.96	0.884	-0.00156237901750009	0.00757140304999992	ID	1000	A41	C1	1000	1000	0	0.5	300	1
81	-0.0602054400405	-0.0488913712000002	0	0.06	0.523	-0.0602054400405	-0.0488913712000002	1	10000	A41	C1	1000	1000	0	0.5	300	0
82	-0.053447062537	-0.0354471545999999	0	0.08	0.656	-0.053447062537	-0.0354471545999999	FGr	10000	A41	C1	1000	1000	0	0.5	300	0
83	-0.0445737623597	0.0348327367499999	0	0.135	0.671	-0.0445737623597	0.0348327367499999	NoCorrection	10000	A41	C1	1000	1000	0	0.5	300	0
84	-0.057846654885	-0.04138895355	0	0.058	0.578	-0.057846654885	-0.04138895355	ID	10000	A41	C1	1000	1000	0	0.5	300	0
85	0.0255648484435	-0.0509590019999998	0	0.302	0.472	0.0255648484435	-0.0509590019999998	1	10000	A41	C1	1000	1000	0	0.5	300	0.1
86	0.0390195189164998	0.0346939631000004	0	0.109	0.629	0.0390195189164998	0.0346939631000004	FGr	10000	A41	C1	1000	1000	0	0.5	300	0.1
87	0.0457761045065	0.0477516039500002	0	0.064	0.5	0.0457761045065	0.0477516039500002	NoCorrection	10000	A41	C1	1000	1000	0	0.5	300	0.1
88	0.0300593013889999	-0.0159373535999999	0	0.24	0.805	0.0300593013889999	-0.0159373535999999	ID	10000	A41	C1	1000	1000	0	0.5	300	0.1
89	0.00826486848599999	-0.101314684	0	0.744	0.132	0.00826486848599999	-0.101314684	1	10000	A41	C1	1000	1000	0	0.5	300	0.5
90	0.0214025008555	-0.0459737117500003	0	0.384	0.507	0.0214025008555	-0.0459737117500003	FGr	10000	A41	C1	1000	1000	0	0.5	300	0.5
91	0.21138823648	0.9942055655	0	0	0	0.21138823648	0.9942055655	NoCorrection	10000	A41	C1	1000	1000	0	0.5	300	0.5
92	0.0041493333705	-0.1153717365	0	0.878	0.114	0.0041493333705	-0.1153717365	ID	10000	A41	C1	1000	1000	0	0.5	300	0.5
93	-0.00820140589049994	0.06596729095	0	0.753	0.316	-0.00820140589049994	0.06596729095	1	10000	A41	C1	1000	1000	0	0.5	300	1
94	0.00484629420449988	0.1013864968	0	0.854	0.132	0.00484629420449988	0.1013864968	FGr	10000	A41	C1	1000	1000	0	0.5	300	1
95	0.34095388876025	1.880560358	0	0	0	0.34095388876025	1.880560358	NoCorrection	10000	A41	C1	1000	1000	0	0.5	300	1
96	-0.010958272895	0.0524440658499999	0	0.65	0.42	-0.010958272895	0.0524440658499999	ID	10000	A41	C1	1000	1000	0	0.5	300	1
97	0.00523727540024998	0.00523727540024999	0	0.797	0.823	0.00523727540024998	0.00523727540024999	1	300	A41	C1	1000	10000	0	0.5	300	0
98	0.0112471736064501	0.0112471736064501	0	0.615	0.645	0.0112471736064501	0.0112471736064501	FGr	300	A41	C1	1000	10000	0	0.5	300	0
99	0.00016594873985	0.000165948739850028	0	0.998	0.994	0.00016594873985	0.000165948739850028	NoCorrection	300	A41	C1	1000	10000	0	0.5	300	0
100	0.00206056699575002	0.00206056699575004	0	0.935	0.93	0.00206056699575002	0.00206056699575004	ID	300	A41	C1	1000	10000	0	0.5	300	0
101	-0.00776168362959985	-0.00776168362959984	0	0.783	0.765	-0.00776168362959985	-0.00776168362959984	1	300	A41	C1	1000	10000	0	0.5	300	0.1
102	0.0507860900998504	0.0507860900998504	0	0.072	0.086	0.0507860900998504	0.0507860900998504	FGr	300	A41	C1	1000	10000	0	0.5	300	0.1
103	0.0774666327140856	0.0774666327140855	0	0.008	0.01	0.0774666327140856	0.0774666327140855	NoCorrection	300	A41	C1	1000	10000	0	0.5	300	0.1
104	0.0205165075261508	0.0205165075261511	0	0.469	0.448	0.0205165075261508	0.0205165075261511	ID	300	A41	C1	1000	10000	0	0.5	300	0.1
105	-0.000125820147660047	-0.000125820147660039	0	0.996	0.996	-0.000125820147660047	-0.000125820147660039	1	300	A41	C1	1000	10000	0	0.5	300	0.5
106	0.129837721230801	0.129837721230801	0	0	0	0.129837721230801	0.129837721230801	FGr	300	A41	C1	1000	10000	0	0.5	300	0.5
107	0.169402670069931	0.16940267006993	0	0	0	0.169402670069931	0.16940267006993	NoCorrection	300	A41	C1	1000	10000	0	0.5	300	0.5
108	0.0167442283592	0.0167442283592	0	0.525	0.547	0.0167442283592	0.0167442283592	ID	300	A41	C1	1000	10000	0	0.5	300	0.5
109	0.0115544285246501	0.0115544285246501	0	0.673	0.67	0.0115544285246501	0.0115544285246501	1	300	A41	C1	1000	10000	0	0.5	300	1
110	0.215656729309501	0.215656729309501	0	0	0	0.215656729309501	0.215656729309501	FGr	300	A41	C1	1000	10000	0	0.5	300	1
111	0.319599224409099	0.319599224409099	0	0	0	0.319599224409099	0.319599224409099	NoCorrection	300	A41	C1	1000	10000	0	0.5	300	1
112	0.0156565497765987	0.0156565497765988	0	0.566	0.551	0.0156565497765987	0.0156565497765988	ID	300	A41	C1	1000	10000	0	0.5	300	1
113	0.0499111369941999	0.0288474571499998	0	0.046	0.509	0.0499111369941999	0.0288474571499998	1	1000	A41	C1	1000	10000	0	0.5	300	0
114	0.0268748853917501	-0.02151479929	0	0.285	0.642	0.0268748853917501	-0.02151479929	FGr	1000	A41	C1	1000	10000	0	0.5	300	0
115	0.0508376525630499	0.035559961565	0	0.04	0.397	0.0508376525630499	0.035559961565	NoCorrection	1000	A41	C1	1000	10000	0	0.5	300	0
116	0.044973588173575	0.0250746591399999	0	0.089	0.562	0.044973588173575	0.0250746591399999	ID	1000	A41	C1	1000	10000	0	0.5	300	0
117	-0.00349066501575003	0.083712984915	0	0.897	0.071	-0.00349066501575003	0.083712984915	1	1000	A41	C1	1000	10000	0	0.5	300	0.1
118	0.00729797539279994	0.11701559497	0	0.808	0.006	0.00729797539279994	0.11701559497	FGr	1000	A41	C1	1000	10000	0	0.5	300	0.1
119	0.00208098490324988	0.0984472819199999	0	0.928	0.025	0.00208098490324988	0.0984472819199999	NoCorrection	1000	A41	C1	1000	10000	0	0.5	300	0.1
120	-0.000447808936659992	0.0915664381350001	0	0.987	0.045	-0.000447808936659992	0.0915664381350001	ID	1000	A41	C1	1000	10000	0	0.5	300	0.1
121	0.0161899794038	-0.01818862594	0	0.476	0.642	0.0161899794038	-0.01818862594	1	1000	A41	C1	1000	10000	0	0.5	300	0.5
122	0.0656273401945	0.088046951445	0	0.009	0.041	0.0656273401945	0.088046951445	FGr	1000	A41	C1	1000	10000	0	0.5	300	0.5
123	0.2157725777511	0.514950753765	0	0	0	0.2157725777511	0.514950753765	NoCorrection	1000	A41	C1	1000	10000	0	0.5	300	0.5
124	0.0137338583372	-0.0191893406700001	0	0.577	0.658	0.0137338583372	-0.0191893406700001	ID	1000	A41	C1	1000	10000	0	0.5	300	0.5
125	0.05403796005865	0.0303108139400005	0	0.012	0.437	0.05403796005865	0.0303108139400005	1	1000	A41	C1	1000	10000	0	0.5	300	1
126	0.171905803986	0.320316083635001	0	0	0	0.171905803986	0.320316083635001	FGr	1000	A41	C1	1000	10000	0	0.5	300	1
127	0.438195858843	1.00532558489	0	0	0	0.438195858843	1.00532558489	NoCorrection	1000	A41	C1	1000	10000	0	0.5	300	1
128	0.0582348001270999	0.0453086068949991	0	0.008	0.241	0.0582348001270999	0.0453086068949991	ID	1000	A41	C1	1000	10000	0	0.5	300	1
129	-0.012329333668895	-0.0215214722499997	0	0.558	0.746	-0.012329333668895	-0.0215214722499997	1	10000	A41	C1	1000	10000	0	0.5	300	0
130	-0.0173720259077001	-0.0832685614	0	0.456	0.217	-0.0173720259077001	-0.0832685614	FGr	10000	A41	C1	1000	10000	0	0.5	300	0
131	-0.0314024842996001	-0.146201056395002	0	0.153	0.037	-0.0314024842996001	-0.146201056395002	NoCorrection	10000	A41	C1	1000	10000	0	0.5	300	0
132	-0.0133804500635799	-0.0390244188000001	0	0.529	0.545	-0.0133804500635799	-0.0390244188000001	ID	10000	A41	C1	1000	10000	0	0.5	300	0
133	0.012337088518	0.0111157951	0	0.639	0.846	0.012337088518	0.0111157951	1	10000	A41	C1	1000	10000	0	0.5	300	0.1
134	0.0124867630355	0.0258422722999999	0	0.609	0.676	0.0124867630355	0.0258422722999999	FGr	10000	A41	C1	1000	10000	0	0.5	300	0.1
135	0.03494269292022	0.19739153327	0	0.203	0.004	0.03494269292022	0.19739153327	NoCorrection	10000	A41	C1	1000	10000	0	0.5	300	0.1
136	0.012603405002	0.0148350311	0	0.642	0.802	0.012603405002	0.0148350311	ID	10000	A41	C1	1000	10000	0	0.5	300	0.1
137	0.0134146681833304	0.29136865361	0	0.661	0	0.0134146681833304	0.29136865361	1	10000	A41	C1	1000	10000	0	0.5	300	0.5
138	0.0220720365501505	0.369483100150001	0	0.457	0	0.0220720365501505	0.369483100150001	FGr	10000	A41	C1	1000	10000	0	0.5	300	0.5
139	0.1666303586645	1.1594922362	0	0	0	0.1666303586645	1.1594922362	NoCorrection	10000	A41	C1	1000	10000	0	0.5	300	0.5
140	0.0136655271353	0.31147936371	0	0.651	0	0.0136655271353	0.31147936371	ID	10000	A41	C1	1000	10000	0	0.5	300	0.5
141	-0.034033119843	0.0487106313499977	0	0.196	0.45	-0.034033119843	0.0487106313499977	1	10000	A41	C1	1000	10000	0	0.5	300	1
142	-0.0212731534391499	0.122955203780001	0	0.4	0.069	-0.0212731534391499	0.122955203780001	FGr	10000	A41	C1	1000	10000	0	0.5	300	1
143	0.273407023635	2.02434239295	0	0	0	0.273407023635	2.02434239295	NoCorrection	10000	A41	C1	1000	10000	0	0.5	300	1
144	-0.0356085542005998	0.07426258035	0	0.187	0.26	-0.0356085542005998	0.07426258035	ID	10000	A41	C1	1000	10000	0	0.5	300	1
145	0.01669477428	0.01669477428	0	0.149	0.141	0.01669477428	0.01669477428	1	300	A41	C1	10000	100	0	0.5	300	0
146	0.00938593107115	0.00938593107114998	0	0.424	0.406	0.00938593107115	0.00938593107114998	FGr	300	A41	C1	10000	100	0	0.5	300	0
147	0.00712942309849999	0.00712942309849999	0	0.548	0.521	0.00712942309849999	0.00712942309849999	NoCorrection	300	A41	C1	10000	100	0	0.5	300	0
148	0.0193765423853	0.0193765423853	0	0.102	0.083	0.0193765423853	0.0193765423853	ID	300	A41	C1	10000	100	0	0.5	300	0
149	-0.00785126954641999	-0.00785126954641998	0	0.482	0.477	-0.00785126954641999	-0.00785126954641998	1	300	A41	C1	10000	100	0	0.5	300	0.1
150	0.0234254048515	0.0234254048515	0	0.057	0.055	0.0234254048515	0.0234254048515	FGr	300	A41	C1	10000	100	0	0.5	300	0.1
151	0.026624522456	0.026624522456	0	0.029	0.05	0.026624522456	0.026624522456	NoCorrection	300	A41	C1	10000	100	0	0.5	300	0.1
152	-0.00454683697849999	-0.00454683697849999	0	0.649	0.677	-0.00454683697849999	-0.00454683697849999	ID	300	A41	C1	10000	100	0	0.5	300	0.1
153	0.0109928252475	0.0109928252475	0	0.339	0.355	0.0109928252475	0.0109928252475	1	300	A41	C1	10000	100	0	0.5	300	0.5
154	0.119812278832	0.119812278832	0	0	0	0.119812278832	0.119812278832	FGr	300	A41	C1	10000	100	0	0.5	300	0.5
155	0.152174453692	0.152174453692	0	0	0	0.152174453692	0.152174453692	NoCorrection	300	A41	C1	10000	100	0	0.5	300	0.5
156	0.00900970825	0.00900970825000001	0	0.404	0.421	0.00900970825	0.00900970825000001	ID	300	A41	C1	10000	100	0	0.5	300	0.5
157	0.0047954859825	0.0047954859825	0	0.73	0.707	0.0047954859825	0.0047954859825	1	300	A41	C1	10000	100	0	0.5	300	1
158	0.23536156395	0.23536156395	0	0	0	0.23536156395	0.23536156395	FGr	300	A41	C1	10000	100	0	0.5	300	1
159	0.29718582327	0.29718582327	0	0	0	0.29718582327	0.29718582327	NoCorrection	300	A41	C1	10000	100	0	0.5	300	1
160	0.00119070400000001	0.001190704	0	0.923	0.918	0.00119070400000001	0.001190704	ID	300	A41	C1	10000	100	0	0.5	300	1
161	0.001589550114	-0.008157764	0	0.888	0.676	0.001589550114	-0.008157764	1	1000	A41	C1	10000	100	0	0.5	300	0
162	0.00980782184499999	0.0122197435	0	0.442	0.511	0.00980782184499999	0.0122197435	FGr	1000	A41	C1	10000	100	0	0.5	300	0
163	0.01405468247	0.024103909	0	0.278	0.211	0.01405468247	0.024103909	NoCorrection	1000	A41	C1	10000	100	0	0.5	300	0
164	0.0039583203592	-0.003485518	0	0.763	0.844	0.0039583203592	-0.003485518	ID	1000	A41	C1	10000	100	0	0.5	300	0
165	0.006725735655	-0.004350373	0	0.575	0.825	0.006725735655	-0.004350373	1	1000	A41	C1	10000	100	0	0.5	300	0.1
166	0.024651504532	0.0517764625	0	0.042	0.017	0.024651504532	0.0517764625	FGr	1000	A41	C1	10000	100	0	0.5	300	0.1
167	0.039694875022	0.088899681	0	0.003	0	0.039694875022	0.088899681	NoCorrection	1000	A41	C1	10000	100	0	0.5	300	0.1
168	0.00706093327199999	-0.00412094449999999	0	0.557	0.837	0.00706093327199999	-0.00412094449999999	ID	1000	A41	C1	10000	100	0	0.5	300	0.1
169	-0.018040705619	-0.0242506165	0	0.155	0.24	-0.018040705619	-0.0242506165	1	1000	A41	C1	10000	100	0	0.5	300	0.5
170	0.056026055771617	0.193295423	0	0.001	0	0.056026055771617	0.193295423	FGr	1000	A41	C1	10000	100	0	0.5	300	0.5
171	0.14959539773	0.449079448	0	0	0	0.14959539773	0.449079448	NoCorrection	1000	A41	C1	10000	100	0	0.5	300	0.5
172	-0.017983290382	-0.028479693	0	0.155	0.154	-0.017983290382	-0.028479693	ID	1000	A41	C1	10000	100	0	0.5	300	0.5
173	-0.00647897407550001	0.000541469999999995	0	0.616	0.974	-0.00647897407550001	0.000541469999999995	1	1000	A41	C1	10000	100	0	0.5	300	1
174	0.14641698294	0.4046076125	0	0	0	0.14641698294	0.4046076125	FGr	1000	A41	C1	10000	100	0	0.5	300	1
175	0.327036750109	0.940664083	0	0	0	0.327036750109	0.940664083	NoCorrection	1000	A41	C1	10000	100	0	0.5	300	1
176	-0.0066878868995	-0.000909228499999983	0	0.595	0.967	-0.0066878868995	-0.000909228499999983	ID	1000	A41	C1	10000	100	0	0.5	300	1
177	-0.00605850392380001	-0.0157253575	0	0.663	0.596	-0.00605850392380001	-0.0157253575	1	10000	A41	C1	10000	100	0	0.5	300	0
178	-0.002263247265	0.010794626	0	0.86	0.717	-0.002263247265	0.010794626	FGr	10000	A41	C1	10000	100	0	0.5	300	0
179	-0.0158599846205	-0.083051406	0	0.237	0.01	-0.0158599846205	-0.083051406	NoCorrection	10000	A41	C1	10000	100	0	0.5	300	0
180	-0.00547192901600001	-0.0096583735	0	0.667	0.773	-0.00547192901600001	-0.0096583735	ID	10000	A41	C1	10000	100	0	0.5	300	0
181	-0.000934889709999998	0.0149245905	0	0.946	0.637	-0.000934889709999998	0.0149245905	1	10000	A41	C1	10000	100	0	0.5	300	0.1
182	0.00573655273000001	0.063436995	0	0.696	0.044	0.00573655273000001	0.063436995	FGr	10000	A41	C1	10000	100	0	0.5	300	0.1
183	0.045826730985	0.2685528925	0	0.002	0	0.045826730985	0.2685528925	NoCorrection	10000	A41	C1	10000	100	0	0.5	300	0.1
184	-2.40261559999827e-05	0.0184839365000001	0	0.998	0.527	-2.40261559999827e-05	0.0184839365000001	ID	10000	A41	C1	10000	100	0	0.5	300	0.1
185	-0.010241882351	-0.046969644	0	0.383	0.205	-0.010241882351	-0.046969644	1	10000	A41	C1	10000	100	0	0.5	300	0.5
186	0.011270820775	0.068731392	0	0.366	0.059	0.011270820775	0.068731392	FGr	10000	A41	C1	10000	100	0	0.5	300	0.5
187	0.209400656795	1.2169725545	0	0	0	0.209400656795	1.2169725545	NoCorrection	10000	A41	C1	10000	100	0	0.5	300	0.5
188	-0.00699834917999999	-0.0310030105	0	0.55	0.349	-0.00699834917999999	-0.0310030105	ID	10000	A41	C1	10000	100	0	0.5	300	0.5
189	-0.025552595545	0.008044124	0	0.052	0.787	-0.025552595545	0.008044124	1	10000	A41	C1	10000	100	0	0.5	300	1
190	0.01287367638	0.2135169775	0	0.359	0	0.01287367638	0.2135169775	FGr	10000	A41	C1	10000	100	0	0.5	300	1
191	0.3979341006	2.12070386	0	0	0	0.3979341006	2.12070386	NoCorrection	10000	A41	C1	10000	100	0	0.5	300	1
192	-0.025252420448	0.029740122	0	0.062	0.324	-0.025252420448	0.029740122	ID	10000	A41	C1	10000	100	0	0.5	300	1
193	0.00512358245245001	0.00512358245245003	0	0.591	0.587	0.00512358245245001	0.00512358245245003	1	300	A41	C1	10000	1000	0	0.5	300	0
194	0.00527937413174999	0.00527937413174999	0	0.557	0.561	0.00527937413174999	0.00527937413174999	FGr	300	A41	C1	10000	1000	0	0.5	300	0
195	0.00511070225124998	0.00511070225124998	0	0.558	0.585	0.00511070225124998	0.00511070225124998	NoCorrection	300	A41	C1	10000	1000	0	0.5	300	0
196	0.002256985407	0.00225698540699999	0	0.812	0.785	0.002256985407	0.00225698540699999	ID	300	A41	C1	10000	1000	0	0.5	300	0
197	-0.00463944045050003	-0.00463944045050001	0	0.561	0.567	-0.00463944045050003	-0.00463944045050001	1	300	A41	C1	10000	1000	0	0.5	300	0.1
198	0.0138441518485	0.0138441518485	0	0.107	0.1	0.0138441518485	0.0138441518485	FGr	300	A41	C1	10000	1000	0	0.5	300	0.1
199	0.0308917801245	0.0308917801245	0	0.001	0.001	0.0308917801245	0.0308917801245	NoCorrection	300	A41	C1	10000	1000	0	0.5	300	0.1
200	-0.010690574195	-0.010690574195	0	0.195	0.195	-0.010690574195	-0.010690574195	ID	300	A41	C1	10000	1000	0	0.5	300	0.1
201	0.00710501139450002	0.00710501139450001	0	0.468	0.411	0.00710501139450002	0.00710501139450001	1	300	A41	C1	10000	1000	0	0.5	300	0.5
202	0.11808238210805	0.11808238210805	0	0	0	0.11808238210805	0.11808238210805	FGr	300	A41	C1	10000	1000	0	0.5	300	0.5
203	0.1822800186705	0.1822800186705	0	0	0	0.1822800186705	0.1822800186705	NoCorrection	300	A41	C1	10000	1000	0	0.5	300	0.5
204	0.0128543205593	0.0128543205593	0	0.148	0.145	0.0128543205593	0.0128543205593	ID	300	A41	C1	10000	1000	0	0.5	300	0.5
205	-0.00232639494199998	-0.00232639494199999	0	0.791	0.801	-0.00232639494199998	-0.00232639494199999	1	300	A41	C1	10000	1000	0	0.5	300	1
206	0.207013904124	0.207013904124	0	0	0	0.207013904124	0.207013904124	FGr	300	A41	C1	10000	1000	0	0.5	300	1
207	0.334376625498	0.334376625498	0	0	0	0.334376625498	0.334376625498	NoCorrection	300	A41	C1	10000	1000	0	0.5	300	1
208	0.0013811909625	0.00138119096249999	0	0.877	0.89	0.0013811909625	0.00138119096249999	ID	300	A41	C1	10000	1000	0	0.5	300	1
209	0.00246341120699997	0.02111211545	0	0.76	0.119	0.00246341120699997	0.02111211545	1	1000	A41	C1	10000	1000	0	0.5	300	0
210	0.00759340697189998	0.02963974955	0	0.41	0.026	0.00759340697189998	0.02963974955	FGr	1000	A41	C1	10000	1000	0	0.5	300	0
211	0.00550945578900006	0.0245989459500001	0	0.554	0.059	0.00550945578900006	0.0245989459500001	NoCorrection	1000	A41	C1	10000	1000	0	0.5	300	0
212	0.00205011734150002	0.02103098815	0	0.808	0.12	0.00205011734150002	0.02103098815	ID	1000	A41	C1	10000	1000	0	0.5	300	0
213	-0.00236745126319999	-0.01035304705	0	0.809	0.499	-0.00236745126319999	-0.01035304705	1	1000	A41	C1	10000	1000	0	0.5	300	0.1
214	0.007972551795515	0.01699927195	0	0.406	0.253	0.007972551795515	0.01699927195	FGr	1000	A41	C1	10000	1000	0	0.5	300	0.1
215	0.019439010276	0.04850313025	0	0.044	0.003	0.019439010276	0.04850313025	NoCorrection	1000	A41	C1	10000	1000	0	0.5	300	0.1
216	0.0005870094955	-0.00597374275	0	0.953	0.687	0.0005870094955	-0.00597374275	ID	1000	A41	C1	10000	1000	0	0.5	300	0.1
217	0.001576923008	-0.0115715831	0	0.879	0.451	0.001576923008	-0.0115715831	1	1000	A41	C1	10000	1000	0	0.5	300	0.5
218	0.06198051384	0.1599779926	0	0	0	0.06198051384	0.1599779926	FGr	1000	A41	C1	10000	1000	0	0.5	300	0.5
219	0.1844452823095	0.4676664781	0	0	0	0.1844452823095	0.4676664781	NoCorrection	1000	A41	C1	10000	1000	0	0.5	300	0.5
220	0.00134738028049997	-0.0103048827000001	0	0.891	0.493	0.00134738028049997	-0.0103048827000001	ID	1000	A41	C1	10000	1000	0	0.5	300	0.5
221	0.000753787523500051	0.00367297579999994	0	0.946	0.844	0.000753787523500051	0.00367297579999994	1	1000	A41	C1	10000	1000	0	0.5	300	1
222	0.122465530796	0.3089974967	0	0	0	0.122465530796	0.3089974967	FGr	1000	A41	C1	10000	1000	0	0.5	300	1
223	0.3395531893135	0.88865791175	0	0	0	0.3395531893135	0.88865791175	NoCorrection	1000	A41	C1	10000	1000	0	0.5	300	1
224	0.00177820647874998	0.00304890855000001	0	0.836	0.836	0.00177820647874998	0.00304890855000001	ID	1000	A41	C1	10000	1000	0	0.5	300	1
225	-0.0115854263301	-0.01981641195	0	0.139	0.369	-0.0115854263301	-0.01981641195	1	10000	A41	C1	10000	1000	0	0.5	300	0
226	-0.00999916364549999	-0.00340208114999998	0	0.211	0.898	-0.00999916364549999	-0.00340208114999998	FGr	10000	A41	C1	10000	1000	0	0.5	300	0
227	-0.0065179046505	0.0238350728	0	0.414	0.271	-0.0065179046505	0.0238350728	NoCorrection	10000	A41	C1	10000	1000	0	0.5	300	0
228	-0.0109064331064	-0.01422516055	0	0.172	0.509	-0.0109064331064	-0.01422516055	ID	10000	A41	C1	10000	1000	0	0.5	300	0
229	-0.0112543893837	0.0180781836000001	0	0.226	0.429	-0.0112543893837	0.0180781836000001	1	10000	A41	C1	10000	1000	0	0.5	300	0.1
230	-0.0125873562951	0.0132999492499999	0	0.181	0.562	-0.0125873562951	0.0132999492499999	FGr	10000	A41	C1	10000	1000	0	0.5	300	0.1
231	0.0250821735048	0.2147839602	0	0.011	0	0.0250821735048	0.2147839602	NoCorrection	10000	A41	C1	10000	1000	0	0.5	300	0.1
232	-0.0123474079895	0.00595273720000003	0	0.181	0.79	-0.0123474079895	0.00595273720000003	ID	10000	A41	C1	10000	1000	0	0.5	300	0.1
233	0.00585593561525	0.00828254074999987	0	0.479	0.688	0.00585593561525	0.00828254074999987	1	10000	A41	C1	10000	1000	0	0.5	300	0.5
234	0.01660140566515	0.0550535323000001	0	0.058	0.011	0.01660140566515	0.0550535323000001	FGr	10000	A41	C1	10000	1000	0	0.5	300	0.5
235	0.1740094643638	0.9428757522	0	0	0	0.1740094643638	0.9428757522	NoCorrection	10000	A41	C1	10000	1000	0	0.5	300	0.5
236	0.005853025746	0.0101515557999999	0	0.504	0.637	0.005853025746	0.0101515557999999	ID	10000	A41	C1	10000	1000	0	0.5	300	0.5
237	0.00742802736409998	-0.00417754560000011	0	0.422	0.882	0.00742802736409998	-0.00417754560000011	1	10000	A41	C1	10000	1000	0	0.5	300	1
238	0.0259941462535	0.09980525895	0	0.003	0	0.0259941462535	0.09980525895	FGr	10000	A41	C1	10000	1000	0	0.5	300	1
239	0.3470609416005	1.9972352625	0	0	0	0.3470609416005	1.9972352625	NoCorrection	10000	A41	C1	10000	1000	0	0.5	300	1
240	0.00682840550402001	-0.00299243064999989	0	0.492	0.902	0.00682840550402001	-0.00299243064999989	ID	10000	A41	C1	10000	1000	0	0.5	300	1
241	0.000173198506518504	0.000173198506518501	0	0.981	0.988	0.000173198506518504	0.000173198506518501	1	300	A41	C1	10000	10000	0	0.5	300	0
242	0.00285477208385	0.00285477208385	0	0.736	0.721	0.00285477208385	0.00285477208385	FGr	300	A41	C1	10000	10000	0	0.5	300	0
243	0.002204808929195	0.002204808929195	0	0.761	0.765	0.002204808929195	0.002204808929195	NoCorrection	300	A41	C1	10000	10000	0	0.5	300	0
244	0.00143452382007801	0.001434523820078	0	0.842	0.86	0.00143452382007801	0.001434523820078	ID	300	A41	C1	10000	10000	0	0.5	300	0
245	0.00865861726829999	0.00865861726829999	0	0.342	0.333	0.00865861726829999	0.00865861726829999	1	300	A41	C1	10000	10000	0	0.5	300	0.1
246	0.03365094217542	0.03365094217542	0	0	0.001	0.03365094217542	0.03365094217542	FGr	300	A41	C1	10000	10000	0	0.5	300	0.1
247	0.0516557990123	0.0516557990123	0	0	0	0.0516557990123	0.0516557990123	NoCorrection	300	A41	C1	10000	10000	0	0.5	300	0.1
248	0.01139579566865	0.01139579566865	0	0.172	0.212	0.01139579566865	0.01139579566865	ID	300	A41	C1	10000	10000	0	0.5	300	0.1
249	-0.00451027543215006	-0.00451027543215007	0	0.6	0.63	-0.00451027543215006	-0.00451027543215007	1	300	A41	C1	10000	10000	0	0.5	300	0.5
250	0.10268101139204	0.10268101139204	0	0	0	0.10268101139204	0.10268101139204	FGr	300	A41	C1	10000	10000	0	0.5	300	0.5
251	0.1693102105247	0.1693102105247	0	0	0	0.1693102105247	0.1693102105247	NoCorrection	300	A41	C1	10000	10000	0	0.5	300	0.5
252	0.00116388709407999	0.00116388709408	0	0.897	0.899	0.00116388709407999	0.00116388709408	ID	300	A41	C1	10000	10000	0	0.5	300	0.5
253	-0.01072998726235	-0.01072998726235	0	0.216	0.258	-0.01072998726235	-0.01072998726235	1	300	A41	C1	10000	10000	0	0.5	300	1
254	0.1927309874488	0.1927309874488	0	0	0	0.1927309874488	0.1927309874488	FGr	300	A41	C1	10000	10000	0	0.5	300	1
255	0.326253244529452	0.326253244529452	0	0	0	0.326253244529452	0.326253244529452	NoCorrection	300	A41	C1	10000	10000	0	0.5	300	1
256	-0.00639714926976501	-0.00639714926976501	0	0.468	0.474	-0.00639714926976501	-0.00639714926976501	ID	300	A41	C1	10000	10000	0	0.5	300	1
257	0.0144431452253799	0.0115730695950003	0	0.085	0.364	0.0144431452253799	0.0115730695950003	1	1000	A41	C1	10000	10000	0	0.5	300	0
258	0.0127364785734437	0.0097646351200002	0	0.138	0.462	0.0127364785734437	0.0097646351200002	FGr	1000	A41	C1	10000	10000	0	0.5	300	0
259	0.0122690835268748	0.00782295748999956	0	0.154	0.54	0.0122690835268748	0.00782295748999956	NoCorrection	1000	A41	C1	10000	10000	0	0.5	300	0
260	0.01516891325277	0.0127564241049998	0	0.092	0.336	0.01516891325277	0.0127564241049998	ID	1000	A41	C1	10000	10000	0	0.5	300	0
261	-0.00496038711354998	0.00145248344999998	0	0.554	0.903	-0.00496038711354998	0.00145248344999998	1	1000	A41	C1	10000	10000	0	0.5	300	0.1
262	0.00677769628435012	0.02733087748	0	0.387	0.043	0.00677769628435012	0.02733087748	FGr	1000	A41	C1	10000	10000	0	0.5	300	0.1
263	0.0400584710317849	0.108093598055	0	0	0	0.0400584710317849	0.108093598055	NoCorrection	1000	A41	C1	10000	10000	0	0.5	300	0.1
264	-0.00362612838699999	0.00483813191000001	0	0.638	0.728	-0.00362612838699999	0.00483813191000001	ID	1000	A41	C1	10000	10000	0	0.5	300	0.1
265	0.00630919494560005	-0.0178301925600001	0	0.439	0.173	0.00630919494560005	-0.0178301925600001	1	1000	A41	C1	10000	10000	0	0.5	300	0.5
266	0.0617292053310001	0.102844858525	0	0	0	0.0617292053310001	0.102844858525	FGr	1000	A41	C1	10000	10000	0	0.5	300	0.5
267	0.180604055166	0.41751742318	0	0	0	0.180604055166	0.41751742318	NoCorrection	1000	A41	C1	10000	10000	0	0.5	300	0.5
268	0.004670314708195	-0.0191441210349999	0	0.529	0.15	0.004670314708195	-0.0191441210349999	ID	1000	A41	C1	10000	10000	0	0.5	300	0.5
269	-0.00749299293510001	-0.00786058294500008	0	0.377	0.58	-0.00749299293510001	-0.00786058294500008	1	1000	A41	C1	10000	10000	0	0.5	300	1
270	0.11383491057895	0.296221120505	0	0	0	0.11383491057895	0.296221120505	FGr	1000	A41	C1	10000	10000	0	0.5	300	1
271	0.352447304103	0.951997938649999	0	0	0	0.352447304103	0.951997938649999	NoCorrection	1000	A41	C1	10000	10000	0	0.5	300	1
272	-0.00759425000583502	-0.005222769775	0	0.37	0.728	-0.00759425000583502	-0.005222769775	ID	1000	A41	C1	10000	10000	0	0.5	300	1
273	-0.000613148563144974	0.00469838990500023	0	0.944	0.799	-0.000613148563144974	0.00469838990500023	1	10000	A41	C1	10000	10000	0	0.5	300	0
274	0.00417950477191003	0.0281576565050002	0	0.641	0.165	0.00417950477191003	0.0281576565050002	FGr	10000	A41	C1	10000	10000	0	0.5	300	0
275	0.0116639492214499	0.077490443715	0	0.202	0	0.0116639492214499	0.077490443715	NoCorrection	10000	A41	C1	10000	10000	0	0.5	300	0
276	0.000369334482039944	0.00779060445999977	0	0.972	0.736	0.000369334482039944	0.00779060445999977	ID	10000	A41	C1	10000	10000	0	0.5	300	0
277	-0.0174772350337	-0.0168617674000004	0	0.025	0.453	-0.0174772350337	-0.0168617674000004	1	10000	A41	C1	10000	10000	0	0.5	300	0.1
278	-0.0161103804857851	-0.00567845697499979	0	0.033	0.824	-0.0161103804857851	-0.00567845697499979	FGr	10000	A41	C1	10000	10000	0	0.5	300	0.1
279	0.01149948779505	0.172730851005	0	0.189	0	0.01149948779505	0.172730851005	NoCorrection	10000	A41	C1	10000	10000	0	0.5	300	0.1
280	-0.017060663926285	-0.0159179343100004	0	0.025	0.466	-0.017060663926285	-0.0159179343100004	ID	10000	A41	C1	10000	10000	0	0.5	300	0.1
281	0.00133140809324498	0.0230999382399999	0	0.874	0.25	0.00133140809324498	0.0230999382399999	1	10000	A41	C1	10000	10000	0	0.5	300	0.5
282	0.00720333712116998	0.05914516781	0	0.381	0.005	0.00720333712116998	0.05914516781	FGr	10000	A41	C1	10000	10000	0	0.5	300	0.5
283	0.16801189924879	0.977582633645	0	0	0	0.16801189924879	0.977582633645	NoCorrection	10000	A41	C1	10000	10000	0	0.5	300	0.5
284	0.000874645442484024	0.02042328076	0	0.901	0.316	0.000874645442484024	0.02042328076	ID	10000	A41	C1	10000	10000	0	0.5	300	0.5
285	0.00137039040930618	-0.0344071750350001	0	0.85	0.109	0.00137039040930618	-0.0344071750350001	1	10000	A41	C1	10000	10000	0	0.5	300	1
286	0.0176430521228002	0.081064251295	0	0.038	0	0.0176430521228002	0.081064251295	FGr	10000	A41	C1	10000	10000	0	0.5	300	1
287	0.350877364708	2.10432609079999	0	0	0	0.350877364708	2.10432609079999	NoCorrection	10000	A41	C1	10000	10000	0	0.5	300	1
288	0.00150028424044981	-0.043886255605	0	0.849	0.044	0.00150028424044981	-0.043886255605	ID	10000	A41	C1	10000	10000	0	0.5	300	1
289	0.000283708659999953	0.000283708659999992	0	0.99	0.995	0.000283708659999953	0.000283708659999992	1	300	A41	C2	1000	100	0	0.5	300	0
290	0.00307363771749999	0.00307363771749998	0	0.937	0.931	0.00307363771749999	0.00307363771749998	FGr	300	A41	C2	1000	100	0	0.5	300	0
291	0.00050093694500002	0.000500936945000018	0	0.99	0.989	0.00050093694500002	0.000500936945000018	NoCorrection	300	A41	C2	1000	100	0	0.5	300	0
292	-0.000191201794999991	-0.000191201794999967	0	0.995	0.998	-0.000191201794999991	-0.000191201794999967	ID	300	A41	C2	1000	100	0	0.5	300	0
293	-0.00565341775	-0.00565341775	0	0.845	0.861	-0.00565341775	-0.00565341775	1	300	A41	C2	1000	100	0	0.5	300	0.1
294	-0.00497855572999998	-0.00497855573	0	0.856	0.886	-0.00497855572999998	-0.00497855573	FGr	300	A41	C2	1000	100	0	0.5	300	0.1
295	-0.006789096378	-0.00678909637799998	0	0.828	0.817	-0.006789096378	-0.00678909637799998	NoCorrection	300	A41	C2	1000	100	0	0.5	300	0.1
296	-0.0045765316	-0.00457653159999999	0	0.878	0.869	-0.0045765316	-0.00457653159999999	ID	300	A41	C2	1000	100	0	0.5	300	0.1
297	-0.071758580165	-0.0717585801649999	0	0.021	0.034	-0.071758580165	-0.0717585801649999	1	300	A41	C2	1000	100	0	0.5	300	0.5
298	-0.073191129515	-0.073191129515	0	0.034	0.041	-0.073191129515	-0.073191129515	FGr	300	A41	C2	1000	100	0	0.5	300	0.5
299	-0.0737993161550001	-0.073799316155	0	0.025	0.038	-0.0737993161550001	-0.073799316155	NoCorrection	300	A41	C2	1000	100	0	0.5	300	0.5
300	-0.06601743744	-0.06601743744	0	0.031	0.037	-0.06601743744	-0.06601743744	ID	300	A41	C2	1000	100	0	0.5	300	0.5
301	0.000206785004999981	0.000206785004999983	0	0.996	0.997	0.000206785004999981	0.000206785004999983	1	300	A41	C2	1000	100	0	0.5	300	1
302	-0.0111042885899999	-0.01110428859	0	0.842	0.84	-0.0111042885899999	-0.01110428859	FGr	300	A41	C2	1000	100	0	0.5	300	1
303	-0.00942124017500004	-0.00942124017500005	0	0.854	0.88	-0.00942124017500004	-0.00942124017500005	NoCorrection	300	A41	C2	1000	100	0	0.5	300	1
304	0.00987730599	0.00987730599000001	0	0.785	0.783	0.00987730599	0.00987730599000001	ID	300	A41	C2	1000	100	0	0.5	300	1
305	0.018349051555	-0.0187859915	0	0.565	0.718	0.018349051555	-0.0187859915	1	1000	A41	C2	1000	100	0	0.5	300	0
306	0.018541701225	-0.011532065	0	0.529	0.83	0.018541701225	-0.011532065	FGr	1000	A41	C2	1000	100	0	0.5	300	0
307	0.01890173857	-0.0107824765	0	0.516	0.867	0.01890173857	-0.0107824765	NoCorrection	1000	A41	C2	1000	100	0	0.5	300	0
308	0.017450611275	-0.0195584025	0	0.557	0.725	0.017450611275	-0.0195584025	ID	1000	A41	C2	1000	100	0	0.5	300	0
309	-0.022625529273	0.029522127	0	0.495	0.558	-0.022625529273	0.029522127	1	1000	A41	C2	1000	100	0	0.5	300	0.1
310	-0.023272684335	0.0329516655	0	0.473	0.53	-0.023272684335	0.0329516655	FGr	1000	A41	C2	1000	100	0	0.5	300	0.1
311	-0.023793631055	0.038598896	0	0.473	0.434	-0.023793631055	0.038598896	NoCorrection	1000	A41	C2	1000	100	0	0.5	300	0.1
312	-0.019607824412	0.0542001575	0	0.548	0.266	-0.019607824412	0.0542001575	ID	1000	A41	C2	1000	100	0	0.5	300	0.1
313	-0.03927262791	-0.0300588540000001	0	0.275	0.602	-0.03927262791	-0.0300588540000001	1	1000	A41	C2	1000	100	0	0.5	300	0.5
314	-0.043504279715	0.00722762000000003	0	0.213	0.904	-0.043504279715	0.00722762000000003	FGr	1000	A41	C2	1000	100	0	0.5	300	0.5
315	-0.04426330743	0.0192109995	0	0.196	0.748	-0.04426330743	0.0192109995	NoCorrection	1000	A41	C2	1000	100	0	0.5	300	0.5
316	-0.032303138385	-0.0278597045	0	0.34	0.618	-0.032303138385	-0.0278597045	ID	1000	A41	C2	1000	100	0	0.5	300	0.5
317	0.036249139345	0.045293065	0	0.347	0.478	0.036249139345	0.045293065	1	1000	A41	C2	1000	100	0	0.5	300	1
318	0.02510076291765	0.1181847525	0	0.656	0.171	0.02510076291765	0.1181847525	FGr	1000	A41	C2	1000	100	0	0.5	300	1
319	0.0248826810475001	0.110081666	0	0.672	0.23	0.0248826810475001	0.110081666	NoCorrection	1000	A41	C2	1000	100	0	0.5	300	1
320	0.048279976356	0.0498268585	0	0.203	0.393	0.048279976356	0.0498268585	ID	1000	A41	C2	1000	100	0	0.5	300	1
321	-0.000247927639999999	-0.02295178	0	0.999	0.797	-0.000247927639999999	-0.02295178	1	10000	A41	C2	1000	100	0	0.5	300	0
322	0.000490386235000007	-0.04642652	0	0.99	0.632	0.000490386235000007	-0.04642652	FGr	10000	A41	C2	1000	100	0	0.5	300	0
323	0.000384220210000019	-0.0485422995	0	0.994	0.594	0.000384220210000019	-0.0485422995	NoCorrection	10000	A41	C2	1000	100	0	0.5	300	0
324	-0.000141783209999951	-0.01883395	0	0.997	0.844	-0.000141783209999951	-0.01883395	ID	10000	A41	C2	1000	100	0	0.5	300	0
325	0.014291247953	0.2224537915	0	0.679	0.019	0.014291247953	0.2224537915	1	10000	A41	C2	1000	100	0	0.5	300	0.1
326	0.0138533241	0.1014132355	0	0.65	0.287	0.0138533241	0.1014132355	FGr	10000	A41	C2	1000	100	0	0.5	300	0.1
327	0.013822357315	0.0934766349999998	0	0.686	0.32	0.013822357315	0.0934766349999998	NoCorrection	10000	A41	C2	1000	100	0	0.5	300	0.1
328	0.014131563325	0.208602741	0	0.643	0.021	0.014131563325	0.208602741	ID	10000	A41	C2	1000	100	0	0.5	300	0.1
329	-0.012330041607	-0.156796592	0	0.709	0.055	-0.012330041607	-0.156796592	1	10000	A41	C2	1000	100	0	0.5	300	0.5
330	-0.014343467275	0.025959565	0	0.718	0.79	-0.014343467275	0.025959565	FGr	10000	A41	C2	1000	100	0	0.5	300	0.5
331	-0.014199442246	0.0351714050000001	0	0.714	0.736	-0.014199442246	0.0351714050000001	NoCorrection	10000	A41	C2	1000	100	0	0.5	300	0.5
332	-0.013010194195	-0.1145779985	0	0.69	0.173	-0.013010194195	-0.1145779985	ID	10000	A41	C2	1000	100	0	0.5	300	0.5
333	0.0111036868449999	-0.1316979745	0	0.746	0.133	0.0111036868449999	-0.1316979745	1	10000	A41	C2	1000	100	0	0.5	300	1
334	0.00786581742000004	-0.19161896	0	0.889	0.145	0.00786581742000004	-0.19161896	FGr	10000	A41	C2	1000	100	0	0.5	300	1
335	0.00796559747000014	-0.19796124	0	0.86	0.149	0.00796559747000014	-0.19796124	NoCorrection	10000	A41	C2	1000	100	0	0.5	300	1
336	0.00971648024300006	-0.1050813015	0	0.784	0.221	0.00971648024300006	-0.1050813015	ID	10000	A41	C2	1000	100	0	0.5	300	1
337	0.01503611908	0.01503611908	0	0.496	0.518	0.01503611908	0.01503611908	1	300	A41	C2	1000	1000	0	0.5	300	0
338	0.0139732507685	0.0139732507684999	0	0.522	0.536	0.0139732507685	0.0139732507684999	FGr	300	A41	C2	1000	1000	0	0.5	300	0
339	0.01442682581185	0.01442682581185	0	0.509	0.534	0.01442682581185	0.01442682581185	NoCorrection	300	A41	C2	1000	1000	0	0.5	300	0
340	0.0105450076112001	0.0105450076112	0	0.636	0.635	0.0105450076112001	0.0105450076112	ID	300	A41	C2	1000	1000	0	0.5	300	0
341	0.0118976195545	0.0118976195545	0	0.583	0.556	0.0118976195545	0.0118976195545	1	300	A41	C2	1000	1000	0	0.5	300	0.1
342	0.0164082692105	0.0164082692105	0	0.444	0.43	0.0164082692105	0.0164082692105	FGr	300	A41	C2	1000	1000	0	0.5	300	0.1
343	0.0169851815195	0.0169851815195	0	0.431	0.426	0.0169851815195	0.0169851815195	NoCorrection	300	A41	C2	1000	1000	0	0.5	300	0.1
344	0.00997956268	0.00997956268	0	0.621	0.611	0.00997956268	0.00997956268	ID	300	A41	C2	1000	1000	0	0.5	300	0.1
345	0.023802133255	0.023802133255	0	0.245	0.235	0.023802133255	0.023802133255	1	300	A41	C2	1000	1000	0	0.5	300	0.5
346	0.034125030778	0.034125030778	0	0.125	0.126	0.034125030778	0.034125030778	FGr	300	A41	C2	1000	1000	0	0.5	300	0.5
347	0.0349168027675	0.0349168027675	0	0.116	0.125	0.0349168027675	0.0349168027675	NoCorrection	300	A41	C2	1000	1000	0	0.5	300	0.5
348	0.015498841573	0.0154988415729999	0	0.4	0.412	0.015498841573	0.0154988415729999	ID	300	A41	C2	1000	1000	0	0.5	300	0.5
349	-0.00881552357309999	-0.0088155235731	0	0.705	0.685	-0.00881552357309999	-0.0088155235731	1	300	A41	C2	1000	1000	0	0.5	300	1
350	0.015892811348	0.0158928113479999	0	0.612	0.614	0.015892811348	0.0158928113479999	FGr	300	A41	C2	1000	1000	0	0.5	300	1
351	0.016344667377	0.016344667377	0	0.572	0.573	0.016344667377	0.016344667377	NoCorrection	300	A41	C2	1000	1000	0	0.5	300	1
352	-0.0200241256795	-0.0200241256795	0	0.307	0.314	-0.0200241256795	-0.0200241256795	ID	300	A41	C2	1000	1000	0	0.5	300	1
353	-0.0218502384833	-0.02123982025	0	0.304	0.55	-0.0218502384833	-0.02123982025	1	1000	A41	C2	1000	1000	0	0.5	300	0
354	-0.0212717598075	-0.018784265	0	0.346	0.597	-0.0212717598075	-0.018784265	FGr	1000	A41	C2	1000	1000	0	0.5	300	0
355	-0.0211824725757	-0.019854131	0	0.344	0.586	-0.0211824725757	-0.019854131	NoCorrection	1000	A41	C2	1000	1000	0	0.5	300	0
356	-0.0221047183190499	-0.02333142725	0	0.318	0.516	-0.0221047183190499	-0.02333142725	ID	1000	A41	C2	1000	1000	0	0.5	300	0
357	0.0211371050515	0.0724097124500002	0	0.326	0.052	0.0211371050515	0.0724097124500002	1	1000	A41	C2	1000	1000	0	0.5	300	0.1
358	0.0220703371896	0.0867100800500002	0	0.313	0.016	0.0220703371896	0.0867100800500002	FGr	1000	A41	C2	1000	1000	0	0.5	300	0.1
359	0.022296308254	0.08223421495	0	0.316	0.024	0.022296308254	0.08223421495	NoCorrection	1000	A41	C2	1000	1000	0	0.5	300	0.1
360	0.021408209921	0.0731025255999997	0	0.341	0.046	0.021408209921	0.0731025255999997	ID	1000	A41	C2	1000	1000	0	0.5	300	0.1
361	-0.00757264468385001	-0.0145817802500005	0	0.678	0.664	-0.00757264468385001	-0.0145817802500005	1	1000	A41	C2	1000	1000	0	0.5	300	0.5
362	-0.00261271708200004	-0.0397670977499999	0	0.928	0.327	-0.00261271708200004	-0.0397670977499999	FGr	1000	A41	C2	1000	1000	0	0.5	300	0.5
363	-0.00235276807799997	-0.0422052690499998	0	0.917	0.294	-0.00235276807799997	-0.0422052690499998	NoCorrection	1000	A41	C2	1000	1000	0	0.5	300	0.5
364	-0.00586836068099999	-0.0219138656500001	0	0.774	0.497	-0.00586836068099999	-0.0219138656500001	ID	1000	A41	C2	1000	1000	0	0.5	300	0.5
365	0.0162621667425	0.0643901366	0	0.402	0.076	0.0162621667425	0.0643901366	1	1000	A41	C2	1000	1000	0	0.5	300	1
366	0.026458230803	0.0231791294999998	0	0.387	0.647	0.026458230803	0.0231791294999998	FGr	1000	A41	C2	1000	1000	0	0.5	300	1
367	0.0257813978385	0.0220097647999999	0	0.374	0.666	0.0257813978385	0.0220097647999999	NoCorrection	1000	A41	C2	1000	1000	0	0.5	300	1
368	0.0185995339475	0.0614941900999999	0	0.38	0.076	0.0185995339475	0.0614941900999999	ID	1000	A41	C2	1000	1000	0	0.5	300	1
369	-0.0224456690069999	-0.0262358936	0	0.272	0.602	-0.0224456690069999	-0.0262358936	1	10000	A41	C2	1000	1000	0	0.5	300	0
370	-0.0233057891740999	-0.0822536464000001	0	0.284	0.1	-0.0233057891740999	-0.0822536464000001	FGr	10000	A41	C2	1000	1000	0	0.5	300	0
371	-0.0232932345934999	-0.08957546945	0	0.277	0.072	-0.0232932345934999	-0.08957546945	NoCorrection	10000	A41	C2	1000	1000	0	0.5	300	0
372	-0.0222622445945	-0.0262219319	0	0.305	0.624	-0.0222622445945	-0.0262219319	ID	10000	A41	C2	1000	1000	0	0.5	300	0
373	-0.03572789092	-0.04855831615	0	0.102	0.364	-0.03572789092	-0.04855831615	1	10000	A41	C2	1000	1000	0	0.5	300	0.1
374	-0.0385592720705	-0.10104830345	0	0.077	0.054	-0.0385592720705	-0.10104830345	FGr	10000	A41	C2	1000	1000	0	0.5	300	0.1
375	-0.0371808240925	-0.13316557695	0	0.088	0.007	-0.0371808240925	-0.13316557695	NoCorrection	10000	A41	C2	1000	1000	0	0.5	300	0.1
376	-0.035635840739	-0.04748738055	0	0.101	0.362	-0.035635840739	-0.04748738055	ID	10000	A41	C2	1000	1000	0	0.5	300	0.1
377	0.0562439177035001	-0.0768949943999992	0	0.006	0.141	0.0562439177035001	-0.0768949943999992	1	10000	A41	C2	1000	1000	0	0.5	300	0.5
378	0.0487482739999999	-0.110175825	0	0.054	0.065	0.0487482739999999	-0.110175825	FGr	10000	A41	C2	1000	1000	0	0.5	300	0.5
379	0.0509691656700005	-0.0915117424999992	0	0.046	0.16	0.0509691656700005	-0.0915117424999992	NoCorrection	10000	A41	C2	1000	1000	0	0.5	300	0.5
380	0.057093372477	-0.0589906978999998	0	0.009	0.286	0.057093372477	-0.0589906978999998	ID	10000	A41	C2	1000	1000	0	0.5	300	0.5
381	-0.0178261150290001	-0.0676507591999999	0	0.439	0.233	-0.0178261150290001	-0.0676507591999999	1	10000	A41	C2	1000	1000	0	0.5	300	1
382	-0.0311312099494	-0.125912645	0	0.266	0.13	-0.0311312099494	-0.125912645	FGr	10000	A41	C2	1000	1000	0	0.5	300	1
383	-0.029176203723	-0.0985636915	0	0.279	0.261	-0.029176203723	-0.0985636915	NoCorrection	10000	A41	C2	1000	1000	0	0.5	300	1
384	-0.0157650027159999	-0.0944291841000001	0	0.464	0.085	-0.0157650027159999	-0.0944291841000001	ID	10000	A41	C2	1000	1000	0	0.5	300	1
385	-0.00880188397480008	-0.00880188397480006	0	0.668	0.639	-0.00880188397480008	-0.00880188397480006	1	300	A41	C2	1000	10000	0	0.5	300	0
386	-0.00872957828724993	-0.00872957828724992	0	0.636	0.645	-0.00872957828724993	-0.00872957828724992	FGr	300	A41	C2	1000	10000	0	0.5	300	0
387	-0.00859744622449978	-0.00859744622449979	0	0.656	0.653	-0.00859744622449978	-0.00859744622449979	NoCorrection	300	A41	C2	1000	10000	0	0.5	300	0
388	-0.00937128870044977	-0.00937128870044976	0	0.642	0.635	-0.00937128870044977	-0.00937128870044976	ID	300	A41	C2	1000	10000	0	0.5	300	0
389	-0.0061537485143499	-0.00615374851434989	0	0.729	0.721	-0.0061537485143499	-0.00615374851434989	1	300	A41	C2	1000	10000	0	0.5	300	0.1
390	-0.00562067067660499	-0.00562067067660499	0	0.75	0.743	-0.00562067067660499	-0.00562067067660499	FGr	300	A41	C2	1000	10000	0	0.5	300	0.1
391	-0.00598223916619988	-0.00598223916619986	0	0.745	0.733	-0.00598223916619988	-0.00598223916619986	NoCorrection	300	A41	C2	1000	10000	0	0.5	300	0.1
392	-0.00726662566704995	-0.00726662566704993	0	0.694	0.707	-0.00726662566704995	-0.00726662566704993	ID	300	A41	C2	1000	10000	0	0.5	300	0.1
393	-0.0191170714041497	-0.0191170714041496	0	0.295	0.271	-0.0191170714041497	-0.0191170714041496	1	300	A41	C2	1000	10000	0	0.5	300	0.5
394	-0.0190248695535	-0.0190248695535	0	0.295	0.329	-0.0190248695535	-0.0190248695535	FGr	300	A41	C2	1000	10000	0	0.5	300	0.5
395	-0.0187138846785997	-0.0187138846785997	0	0.295	0.303	-0.0187138846785997	-0.0187138846785997	NoCorrection	300	A41	C2	1000	10000	0	0.5	300	0.5
396	-0.0224555895614497	-0.0224555895614498	0	0.189	0.188	-0.0224555895614497	-0.0224555895614498	ID	300	A41	C2	1000	10000	0	0.5	300	0.5
397	-0.0176699547001957	-0.0176699547001958	0	0.352	0.381	-0.0176699547001957	-0.0176699547001958	1	300	A41	C2	1000	10000	0	0.5	300	1
398	-0.0172749994939502	-0.0172749994939502	0	0.472	0.467	-0.0172749994939502	-0.0172749994939502	FGr	300	A41	C2	1000	10000	0	0.5	300	1
399	-0.0172624358864003	-0.0172624358864003	0	0.475	0.469	-0.0172624358864003	-0.0172624358864003	NoCorrection	300	A41	C2	1000	10000	0	0.5	300	1
400	-0.0244120316590998	-0.0244120316590998	0	0.144	0.142	-0.0244120316590998	-0.0244120316590998	ID	300	A41	C2	1000	10000	0	0.5	300	1
401	0.0246232149874003	0.0656632010299998	0	0.189	0.045	0.0246232149874003	0.0656632010299998	1	1000	A41	C2	1000	10000	0	0.5	300	0
402	0.0232080372561001	0.0609234946550004	0	0.223	0.064	0.0232080372561001	0.0609234946550004	FGr	1000	A41	C2	1000	10000	0	0.5	300	0
403	0.0230610915745001	0.0601834649599999	0	0.221	0.059	0.0230610915745001	0.0601834649599999	NoCorrection	1000	A41	C2	1000	10000	0	0.5	300	0
404	0.0235828202700505	0.0697595953499999	0	0.2	0.032	0.0235828202700505	0.0697595953499999	ID	1000	A41	C2	1000	10000	0	0.5	300	0
405	0.0245291690345999	0.0224158929800001	0	0.217	0.474	0.0245291690345999	0.0224158929800001	1	1000	A41	C2	1000	10000	0	0.5	300	0.1
406	0.0243815719406996	0.02122599996	0	0.245	0.527	0.0243815719406996	0.02122599996	FGr	1000	A41	C2	1000	10000	0	0.5	300	0.1
407	0.02432659561095	0.0240994161449999	0	0.229	0.494	0.02432659561095	0.0240994161449999	NoCorrection	1000	A41	C2	1000	10000	0	0.5	300	0.1
408	0.0240290000483551	0.022728078095	0	0.26	0.479	0.0240290000483551	0.022728078095	ID	1000	A41	C2	1000	10000	0	0.5	300	0.1
409	-0.0429229198519998	-0.026798894175	0	0.026	0.383	-0.0429229198519998	-0.026798894175	1	1000	A41	C2	1000	10000	0	0.5	300	0.5
410	-0.032964421457	-0.0318355851750001	0	0.111	0.345	-0.032964421457	-0.0318355851750001	FGr	1000	A41	C2	1000	10000	0	0.5	300	0.5
411	-0.0329198979720501	-0.0327289060149997	0	0.099	0.305	-0.0329198979720501	-0.0327289060149997	NoCorrection	1000	A41	C2	1000	10000	0	0.5	300	0.5
412	-0.0391794782479999	-0.0305591903799996	0	0.032	0.291	-0.0391794782479999	-0.0305591903799996	ID	1000	A41	C2	1000	10000	0	0.5	300	0.5
413	-0.0470811688010499	-0.000942996109999015	0	0.016	0.967	-0.0470811688010499	-0.000942996109999015	1	1000	A41	C2	1000	10000	0	0.5	300	1
414	-0.0266670800364999	0.0099030082249998	0	0.339	0.831	-0.0266670800364999	0.0099030082249998	FGr	1000	A41	C2	1000	10000	0	0.5	300	1
415	-0.0264719534057499	0.0126557249150007	0	0.352	0.777	-0.0264719534057499	0.0126557249150007	NoCorrection	1000	A41	C2	1000	10000	0	0.5	300	1
416	-0.0402721499859501	0.00391648348500029	0	0.029	0.89	-0.0402721499859501	0.00391648348500029	ID	1000	A41	C2	1000	10000	0	0.5	300	1
417	-0.0214645238085502	0.0205514806499992	0	0.36	0.7	-0.0214645238085502	0.0205514806499992	1	10000	A41	C2	1000	10000	0	0.5	300	0
418	-0.020290148124065	-0.00669349414000066	0	0.366	0.895	-0.020290148124065	-0.00669349414000066	FGr	10000	A41	C2	1000	10000	0	0.5	300	0
419	-0.0202672692598001	-0.00590258568000002	0	0.386	0.906	-0.0202672692598001	-0.00590258568000002	NoCorrection	10000	A41	C2	1000	10000	0	0.5	300	0
420	-0.0216401142643502	0.0168048690000006	0	0.342	0.742	-0.0216401142643502	0.0168048690000006	ID	10000	A41	C2	1000	10000	0	0.5	300	0
421	-0.00342328745270008	0.0155506584000001	0	0.853	0.748	-0.00342328745270008	0.0155506584000001	1	10000	A41	C2	1000	10000	0	0.5	300	0.1
422	-0.00364718577829998	0.0161892371799996	0	0.822	0.741	-0.00364718577829998	0.0161892371799996	FGr	10000	A41	C2	1000	10000	0	0.5	300	0.1
423	-0.00362237178261998	0.0152795722200004	0	0.839	0.768	-0.00362237178261998	0.0152795722200004	NoCorrection	10000	A41	C2	1000	10000	0	0.5	300	0.1
424	-0.00342041483269994	0.0155099989400001	0	0.838	0.749	-0.00342041483269994	0.0155099989400001	ID	10000	A41	C2	1000	10000	0	0.5	300	0.1
425	0.00436062136742491	-0.057169404375	0	0.814	0.263	0.00436062136742491	-0.057169404375	1	10000	A41	C2	1000	10000	0	0.5	300	0.5
426	-0.00233660740975495	0.0354445404499997	0	0.912	0.545	-0.00233660740975495	0.0354445404499997	FGr	10000	A41	C2	1000	10000	0	0.5	300	0.5
427	-0.00253634841660007	0.0284186583499995	0	0.899	0.631	-0.00253634841660007	0.0284186583499995	NoCorrection	10000	A41	C2	1000	10000	0	0.5	300	0.5
428	0.00425960599030008	-0.0502781113699988	0	0.838	0.32	0.00425960599030008	-0.0502781113699988	ID	10000	A41	C2	1000	10000	0	0.5	300	0.5
429	0.00626835523995025	-0.0329035778300005	0	0.77	0.494	0.00626835523995025	-0.0329035778300005	1	10000	A41	C2	1000	10000	0	0.5	300	1
430	-0.00524612153479942	-0.0468810852999993	0	0.844	0.498	-0.00524612153479942	-0.0468810852999993	FGr	10000	A41	C2	1000	10000	0	0.5	300	1
431	-0.00532053925645042	-0.0574612544999991	0	0.839	0.375	-0.00532053925645042	-0.0574612544999991	NoCorrection	10000	A41	C2	1000	10000	0	0.5	300	1
432	0.00604485464510027	-0.0434188262549988	0	0.787	0.349	0.00604485464510027	-0.0434188262549988	ID	10000	A41	C2	1000	10000	0	0.5	300	1
433	0.018361190162	0.018361190162	0	0.085	0.079	0.018361190162	0.018361190162	1	300	A41	C2	10000	100	0	0.5	300	0
434	0.016423103589	0.016423103589	0	0.13	0.117	0.016423103589	0.016423103589	FGr	300	A41	C2	10000	100	0	0.5	300	0
435	0.0165297791664	0.0165297791664	0	0.134	0.119	0.0165297791664	0.0165297791664	NoCorrection	300	A41	C2	10000	100	0	0.5	300	0
436	0.017396824665	0.017396824665	0	0.108	0.11	0.017396824665	0.017396824665	ID	300	A41	C2	10000	100	0	0.5	300	0
437	0.00582351411500001	0.00582351411500001	0	0.594	0.575	0.00582351411500001	0.00582351411500001	1	300	A41	C2	10000	100	0	0.5	300	0.1
438	0.009937822822	0.009937822822	0	0.349	0.356	0.009937822822	0.009937822822	FGr	300	A41	C2	10000	100	0	0.5	300	0.1
439	0.00987706191295	0.00987706191295001	0	0.371	0.366	0.00987706191295	0.00987706191295001	NoCorrection	300	A41	C2	10000	100	0	0.5	300	0.1
440	0.006309611566	0.00630961156600001	0	0.559	0.551	0.006309611566	0.00630961156600001	ID	300	A41	C2	10000	100	0	0.5	300	0.1
441	-0.000823152760000001	-0.00082315276	0	0.937	0.945	-0.000823152760000001	-0.00082315276	1	300	A41	C2	10000	100	0	0.5	300	0.5
442	0.017027774635	0.017027774635	0	0.294	0.313	0.017027774635	0.017027774635	FGr	300	A41	C2	10000	100	0	0.5	300	0.5
443	0.01701274789	0.01701274789	0	0.29	0.303	0.01701274789	0.01701274789	NoCorrection	300	A41	C2	10000	100	0	0.5	300	0.5
444	0.000575561058400001	0.0005755610584	0	0.955	0.956	0.000575561058400001	0.0005755610584	ID	300	A41	C2	10000	100	0	0.5	300	0.5
445	-0.00619174039	-0.00619174039	0	0.584	0.547	-0.00619174039	-0.00619174039	1	300	A41	C2	10000	100	0	0.5	300	1
446	0.02934312065	0.02934312065	0	0.314	0.3	0.02934312065	0.02934312065	FGr	300	A41	C2	10000	100	0	0.5	300	1
447	0.02958699495	0.02958699495	0	0.3	0.32	0.02958699495	0.02958699495	NoCorrection	300	A41	C2	10000	100	0	0.5	300	1
448	-0.0042987911	-0.0042987911	0	0.639	0.643	-0.0042987911	-0.0042987911	ID	300	A41	C2	10000	100	0	0.5	300	1
449	-0.00138835266000001	0.00337950150000001	0	0.903	0.85	-0.00138835266000001	0.00337950150000001	1	1000	A41	C2	10000	100	0	0.5	300	0
450	-0.00203072991315001	-0.000996313500000009	0	0.848	0.947	-0.00203072991315001	-0.000996313500000009	FGr	1000	A41	C2	10000	100	0	0.5	300	0
451	-0.00209969877850001	-0.0026883545	0	0.852	0.865	-0.00209969877850001	-0.0026883545	NoCorrection	1000	A41	C2	10000	100	0	0.5	300	0
452	-0.00107970107399998	0.00985738050000001	0	0.919	0.573	-0.00107970107399998	0.00985738050000001	ID	1000	A41	C2	10000	100	0	0.5	300	0
453	-0.00564622808499999	-0.0149663915	0	0.612	0.394	-0.00564622808499999	-0.0149663915	1	1000	A41	C2	10000	100	0	0.5	300	0.1
454	-0.009661046045	-0.029508808	0	0.392	0.103	-0.009661046045	-0.029508808	FGr	1000	A41	C2	10000	100	0	0.5	300	0.1
455	-0.00945666535399999	-0.0280757225	0	0.396	0.131	-0.00945666535399999	-0.0280757225	NoCorrection	1000	A41	C2	10000	100	0	0.5	300	0.1
456	-0.0057940923165	-0.018287507	0	0.601	0.304	-0.0057940923165	-0.018287507	ID	1000	A41	C2	10000	100	0	0.5	300	0.1
457	-0.0167569838365	-0.028660255	0	0.172	0.12	-0.0167569838365	-0.028660255	1	1000	A41	C2	10000	100	0	0.5	300	0.5
458	-0.032385539125	-0.054913909	0	0.128	0.061	-0.032385539125	-0.054913909	FGr	1000	A41	C2	10000	100	0	0.5	300	0.5
459	-0.032458661505	-0.0587985965	0	0.1	0.055	-0.032458661505	-0.0587985965	NoCorrection	1000	A41	C2	10000	100	0	0.5	300	0.5
460	-0.0158904404372	-0.027739932	0	0.197	0.118	-0.0158904404372	-0.027739932	ID	1000	A41	C2	10000	100	0	0.5	300	0.5
461	0.005954916015	-0.00158802800000001	0	0.611	0.936	0.005954916015	-0.00158802800000001	1	1000	A41	C2	10000	100	0	0.5	300	1
462	-0.02864361458	-0.058326226	0	0.481	0.359	-0.02864361458	-0.058326226	FGr	1000	A41	C2	10000	100	0	0.5	300	1
463	-0.0291577645	-0.060920909	0	0.466	0.326	-0.0291577645	-0.060920909	NoCorrection	1000	A41	C2	10000	100	0	0.5	300	1
464	0.00702897697700001	0.00576108549999999	0	0.533	0.721	0.00702897697700001	0.00576108549999999	ID	1000	A41	C2	10000	100	0	0.5	300	1
465	0.012116494138	0.039299734	0	0.306	0.187	0.012116494138	0.039299734	1	10000	A41	C2	10000	100	0	0.5	300	0
466	0.011708305115	0.025542098	0	0.294	0.348	0.011708305115	0.025542098	FGr	10000	A41	C2	10000	100	0	0.5	300	0
467	0.011731811535	0.025455325	0	0.275	0.386	0.011731811535	0.025455325	NoCorrection	10000	A41	C2	10000	100	0	0.5	300	0
468	0.012079542915	0.0393287905	0	0.287	0.186	0.012079542915	0.0393287905	ID	10000	A41	C2	10000	100	0	0.5	300	0
469	0.003040950969	0.011624987	0	0.782	0.672	0.003040950969	0.011624987	1	10000	A41	C2	10000	100	0	0.5	300	0.1
470	0.00141438398	0.0101333895	0	0.911	0.761	0.00141438398	0.0101333895	FGr	10000	A41	C2	10000	100	0	0.5	300	0.1
471	0.001292931245	0.009862211	0	0.901	0.726	0.001292931245	0.009862211	NoCorrection	10000	A41	C2	10000	100	0	0.5	300	0.1
472	0.0029885218988	0.0198634635	0	0.805	0.489	0.0029885218988	0.0198634635	ID	10000	A41	C2	10000	100	0	0.5	300	0.1
473	-0.0231634243	-0.0251989235	0	0.087	0.364	-0.0231634243	-0.0251989235	1	10000	A41	C2	10000	100	0	0.5	300	0.5
474	-0.031994274015	0.002584941	0	0.222	0.954	-0.031994274015	0.002584941	FGr	10000	A41	C2	10000	100	0	0.5	300	0.5
475	-0.03221248283	-0.00424274250000001	0	0.237	0.938	-0.03221248283	-0.00424274250000001	NoCorrection	10000	A41	C2	10000	100	0	0.5	300	0.5
476	-0.02351179395	-0.0316536565	0	0.087	0.259	-0.02351179395	-0.0316536565	ID	10000	A41	C2	10000	100	0	0.5	300	0.5
477	-0.02111904136	0.00825098549999996	0	0.082	0.776	-0.02111904136	0.00825098549999996	1	10000	A41	C2	10000	100	0	0.5	300	1
478	-0.03784920839	-0.0829473499999997	0	0.373	0.291	-0.03784920839	-0.0829473499999997	FGr	10000	A41	C2	10000	100	0	0.5	300	1
479	-0.037954552455	-0.0887273199999999	0	0.381	0.262	-0.037954552455	-0.0887273199999999	NoCorrection	10000	A41	C2	10000	100	0	0.5	300	1
480	-0.0218351269145	0.0133394425	0	0.063	0.659	-0.0218351269145	0.0133394425	ID	10000	A41	C2	10000	100	0	0.5	300	1
481	-0.00978876331825	-0.00978876331825	0	0.135	0.161	-0.00978876331825	-0.00978876331825	1	300	A41	C2	10000	1000	0	0.5	300	0
482	-0.00968672494859998	-0.00968672494859999	0	0.153	0.154	-0.00968672494859998	-0.00968672494859999	FGr	300	A41	C2	10000	1000	0	0.5	300	0
483	-0.0097187354253	-0.0097187354253	0	0.155	0.161	-0.0097187354253	-0.0097187354253	NoCorrection	300	A41	C2	10000	1000	0	0.5	300	0
484	-0.00972495169275	-0.00972495169275	0	0.153	0.135	-0.00972495169275	-0.00972495169275	ID	300	A41	C2	10000	1000	0	0.5	300	0
485	0.00827716314160005	0.00827716314160001	0	0.228	0.223	0.00827716314160005	0.00827716314160001	1	300	A41	C2	10000	1000	0	0.5	300	0.1
486	0.00809226599734995	0.00809226599734992	0	0.239	0.247	0.00809226599734995	0.00809226599734992	FGr	300	A41	C2	10000	1000	0	0.5	300	0.1
487	0.00809161620535501	0.00809161620535502	0	0.266	0.254	0.00809161620535501	0.00809161620535502	NoCorrection	300	A41	C2	10000	1000	0	0.5	300	0.1
488	0.008435992809	0.00843599280900003	0	0.223	0.204	0.008435992809	0.00843599280900003	ID	300	A41	C2	10000	1000	0	0.5	300	0.1
489	0.00133069640805	0.00133069640805	0	0.871	0.845	0.00133069640805	0.00133069640805	1	300	A41	C2	10000	1000	0	0.5	300	0.5
490	0.000594995581394997	0.000594995581395001	0	0.966	0.97	0.000594995581394997	0.000594995581395001	FGr	300	A41	C2	10000	1000	0	0.5	300	0.5
491	0.000606155442000001	0.000606155442000001	0	0.969	0.962	0.000606155442000001	0.000606155442000001	NoCorrection	300	A41	C2	10000	1000	0	0.5	300	0.5
492	0.0022102193061	0.00221021930609999	0	0.742	0.765	0.0022102193061	0.00221021930609999	ID	300	A41	C2	10000	1000	0	0.5	300	0.5
493	-0.00383172715099999	-0.00383172715099997	0	0.611	0.612	-0.00383172715099999	-0.00383172715099997	1	300	A41	C2	10000	1000	0	0.5	300	1
494	-0.00501125902700001	-0.00501125902700001	0	0.801	0.808	-0.00501125902700001	-0.00501125902700001	FGr	300	A41	C2	10000	1000	0	0.5	300	1
495	-0.00499167214799999	-0.00499167214799999	0	0.799	0.812	-0.00499167214799999	-0.00499167214799999	NoCorrection	300	A41	C2	10000	1000	0	0.5	300	1
496	-0.00219481846719997	-0.00219481846719998	0	0.758	0.776	-0.00219481846719997	-0.00219481846719998	ID	300	A41	C2	10000	1000	0	0.5	300	1
497	-0.00256785766000009	-0.02036848615	0	0.712	0.065	-0.00256785766000009	-0.02036848615	1	1000	A41	C2	10000	1000	0	0.5	300	0
498	-0.00245955122469995	-0.018157639	0	0.706	0.121	-0.00245955122469995	-0.018157639	FGr	1000	A41	C2	10000	1000	0	0.5	300	0
499	-0.00244560460649999	-0.01817470215	0	0.716	0.12	-0.00244560460649999	-0.01817470215	NoCorrection	1000	A41	C2	10000	1000	0	0.5	300	0
500	-0.00251047983459989	-0.019530914	0	0.721	0.083	-0.00251047983459989	-0.019530914	ID	1000	A41	C2	10000	1000	0	0.5	300	0
501	-0.00440849720849995	-0.00319448900000004	0	0.513	0.774	-0.00440849720849995	-0.00319448900000004	1	1000	A41	C2	10000	1000	0	0.5	300	0.1
502	-0.00528741700650001	-0.00478069835	0	0.447	0.661	-0.00528741700650001	-0.00478069835	FGr	1000	A41	C2	10000	1000	0	0.5	300	0.1
503	-0.00529071182750006	-0.00479142715	0	0.47	0.652	-0.00529071182750006	-0.00479142715	NoCorrection	1000	A41	C2	10000	1000	0	0.5	300	0.1
504	-0.00424660303030001	-0.00445741155000001	0	0.524	0.647	-0.00424660303030001	-0.00445741155000001	ID	1000	A41	C2	10000	1000	0	0.5	300	0.1
505	-0.01478693126325	0.00589866040000008	0	0.037	0.593	-0.01478693126325	0.00589866040000008	1	1000	A41	C2	10000	1000	0	0.5	300	0.5
506	-0.01895455431246	0.01638080365	0	0.18	0.434	-0.01895455431246	0.01638080365	FGr	1000	A41	C2	10000	1000	0	0.5	300	0.5
507	-0.0189485607198	0.017377855	0	0.166	0.369	-0.0189485607198	0.017377855	NoCorrection	1000	A41	C2	10000	1000	0	0.5	300	0.5
508	-0.0137856421277	0.00655954655000003	0	0.033	0.515	-0.0137856421277	0.00655954655000003	ID	1000	A41	C2	10000	1000	0	0.5	300	0.5
509	0.001640605722	0.00818480985	0	0.789	0.407	0.001640605722	0.00818480985	1	1000	A41	C2	10000	1000	0	0.5	300	1
510	-0.0069940439149999	0.0288238992	0	0.763	0.452	-0.0069940439149999	0.0288238992	FGr	1000	A41	C2	10000	1000	0	0.5	300	1
511	-0.00700378850999993	0.028816907	0	0.779	0.467	-0.00700378850999993	0.028816907	NoCorrection	1000	A41	C2	10000	1000	0	0.5	300	1
512	0.0036512112928	0.01419715595	0	0.568	0.146	0.0036512112928	0.01419715595	ID	1000	A41	C2	10000	1000	0	0.5	300	1
513	0.00259908484537999	0.0160309861999996	0	0.668	0.377	0.00259908484537999	0.0160309861999996	1	10000	A41	C2	10000	1000	0	0.5	300	0
514	0.00267910406709989	0.0190412717499999	0	0.632	0.275	0.00267910406709989	0.0190412717499999	FGr	10000	A41	C2	10000	1000	0	0.5	300	0
515	0.00250325012119995	0.0197700274999997	0	0.675	0.277	0.00250325012119995	0.0197700274999997	NoCorrection	10000	A41	C2	10000	1000	0	0.5	300	0
516	0.00257451108269999	0.0163234713	0	0.68	0.307	0.00257451108269999	0.0163234713	ID	10000	A41	C2	10000	1000	0	0.5	300	0
517	-0.00694016701025	-0.0214584286000001	0	0.285	0.209	-0.00694016701025	-0.0214584286000001	1	10000	A41	C2	10000	1000	0	0.5	300	0.1
518	-0.00581665220025	-0.00275453445000001	0	0.331	0.873	-0.00581665220025	-0.00275453445000001	FGr	10000	A41	C2	10000	1000	0	0.5	300	0.1
519	-0.005411391109	0.00760839710000007	0	0.377	0.669	-0.005411391109	0.00760839710000007	NoCorrection	10000	A41	C2	10000	1000	0	0.5	300	0.1
520	-0.00684299905970001	-0.0201592035	0	0.285	0.229	-0.00684299905970001	-0.0201592035	ID	10000	A41	C2	10000	1000	0	0.5	300	0.1
521	-0.00181622332965001	-0.01354686895	0	0.754	0.407	-0.00181622332965001	-0.01354686895	1	10000	A41	C2	10000	1000	0	0.5	300	0.5
522	0.00481381495099998	0.01218095405	0	0.718	0.727	0.00481381495099998	0.01218095405	FGr	10000	A41	C2	10000	1000	0	0.5	300	0.5
523	0.00579178061849998	0.00986915374999998	0	0.673	0.771	0.00579178061849998	0.00986915374999998	NoCorrection	10000	A41	C2	10000	1000	0	0.5	300	0.5
524	-0.0015447506931	-0.01174580285	0	0.8	0.489	-0.0015447506931	-0.01174580285	ID	10000	A41	C2	10000	1000	0	0.5	300	0.5
525	-0.00108460612449999	-0.0244212225	0	0.832	0.109	-0.00108460612449999	-0.0244212225	1	10000	A41	C2	10000	1000	0	0.5	300	1
526	0.0124984443855	0.058222003	0	0.588	0.28	0.0124984443855	0.058222003	FGr	10000	A41	C2	10000	1000	0	0.5	300	1
527	0.0139766894750002	0.0600680345000001	0	0.581	0.284	0.0139766894750002	0.0600680345000001	NoCorrection	10000	A41	C2	10000	1000	0	0.5	300	1
528	-0.000522184571499985	-0.02270130025	0	0.932	0.164	-0.000522184571499985	-0.02270130025	ID	10000	A41	C2	10000	1000	0	0.5	300	1
529	0.0169114870929	0.0169114870929	0	0.003	0.002	0.0169114870929	0.0169114870929	1	300	A41	C2	10000	10000	0	0.5	300	0
530	0.0168973564221	0.0168973564221	0	0	0.002	0.0168973564221	0.0168973564221	FGr	300	A41	C2	10000	10000	0	0.5	300	0
531	0.0168228460202	0.0168228460202	0	0.005	0.003	0.0168228460202	0.0168228460202	NoCorrection	300	A41	C2	10000	10000	0	0.5	300	0
532	0.01676130999426	0.01676130999426	0	0.001	0.002	0.01676130999426	0.01676130999426	ID	300	A41	C2	10000	10000	0	0.5	300	0
533	0.00701608832039857	0.00701608832039857	0	0.216	0.221	0.00701608832039857	0.00701608832039857	1	300	A41	C2	10000	10000	0	0.5	300	0.1
534	0.0075392659953501	0.00753926599535009	0	0.235	0.215	0.0075392659953501	0.00753926599535009	FGr	300	A41	C2	10000	10000	0	0.5	300	0.1
535	0.00752260271154986	0.00752260271154983	0	0.24	0.236	0.00752260271154986	0.00752260271154983	NoCorrection	300	A41	C2	10000	10000	0	0.5	300	0.1
536	0.00700226693479998	0.00700226693479997	0	0.23	0.24	0.00700226693479998	0.00700226693479997	ID	300	A41	C2	10000	10000	0	0.5	300	0.1
537	-0.00143341433254996	-0.00143341433254997	0	0.855	0.819	-0.00143341433254996	-0.00143341433254997	1	300	A41	C2	10000	10000	0	0.5	300	0.5
538	0.00125240271809999	0.0012524027181	0	0.909	0.919	0.00125240271809999	0.0012524027181	FGr	300	A41	C2	10000	10000	0	0.5	300	0.5
539	0.00132545216710001	0.00132545216710001	0	0.922	0.912	0.00132545216710001	0.00132545216710001	NoCorrection	300	A41	C2	10000	10000	0	0.5	300	0.5
540	-0.00140653935332498	-0.001406539353325	0	0.832	0.823	-0.00140653935332498	-0.001406539353325	ID	300	A41	C2	10000	10000	0	0.5	300	0.5
541	0.00725840163659999	0.0072584016366	0	0.209	0.217	0.00725840163659999	0.0072584016366	1	300	A41	C2	10000	10000	0	0.5	300	1
542	0.0115850687166002	0.0115850687166002	0	0.544	0.533	0.0115850687166002	0.0115850687166002	FGr	300	A41	C2	10000	10000	0	0.5	300	1
543	0.0117242388191	0.0117242388191	0	0.529	0.543	0.0117242388191	0.0117242388191	NoCorrection	300	A41	C2	10000	10000	0	0.5	300	1
544	0.00698852693119999	0.00698852693119999	0	0.211	0.229	0.00698852693119999	0.00698852693119999	ID	300	A41	C2	10000	10000	0	0.5	300	1
545	0.01369347704915	0.0147861892549999	0	0.034	0.135	0.01369347704915	0.0147861892549999	1	1000	A41	C2	10000	10000	0	0.5	300	0
546	0.0137054930121	0.014555144375	0	0.02	0.137	0.0137054930121	0.014555144375	FGr	1000	A41	C2	10000	10000	0	0.5	300	0
547	0.01371986833501	0.0141140875800001	0	0.028	0.142	0.01371986833501	0.0141140875800001	NoCorrection	1000	A41	C2	10000	10000	0	0.5	300	0
548	0.01375891926579	0.016033051175	0	0.031	0.094	0.01375891926579	0.016033051175	ID	1000	A41	C2	10000	10000	0	0.5	300	0
549	-0.00683211663476011	0.000269097505000037	0	0.263	0.984	-0.00683211663476011	0.000269097505000037	1	1000	A41	C2	10000	10000	0	0.5	300	0.1
550	-0.00604009908950005	0.00245246485999999	0	0.323	0.802	-0.00604009908950005	0.00245246485999999	FGr	1000	A41	C2	10000	10000	0	0.5	300	0.1
551	-0.00605001396385991	0.003167104125	0	0.338	0.729	-0.00605001396385991	0.003167104125	NoCorrection	1000	A41	C2	10000	10000	0	0.5	300	0.1
552	-0.00661651485217199	-0.000725832649999994	0	0.281	0.944	-0.00661651485217199	-0.000725832649999994	ID	1000	A41	C2	10000	10000	0	0.5	300	0.1
553	-0.00500789265835491	0.00669302385500011	0	0.392	0.498	-0.00500789265835491	0.00669302385500011	1	1000	A41	C2	10000	10000	0	0.5	300	0.5
554	-0.000508743621069987	0.00442607071499975	0	0.961	0.794	-0.000508743621069987	0.00442607071499975	FGr	1000	A41	C2	10000	10000	0	0.5	300	0.5
555	-0.000522442418750151	0.0052107360699999	0	0.957	0.728	-0.000522442418750151	0.0052107360699999	NoCorrection	1000	A41	C2	10000	10000	0	0.5	300	0.5
556	-0.00335776005739498	0.00537242683999998	0	0.563	0.564	-0.00335776005739498	0.00537242683999998	ID	1000	A41	C2	10000	10000	0	0.5	300	0.5
557	-0.00110371830803996	-0.00695049883500029	0	0.878	0.494	-0.00110371830803996	-0.00695049883500029	1	1000	A41	C2	10000	10000	0	0.5	300	1
558	0.00806344057000006	0.00550134414000081	0	0.67	0.844	0.00806344057000006	0.00550134414000081	FGr	1000	A41	C2	10000	10000	0	0.5	300	1
559	0.00807260625338492	0.00556311353499999	0	0.658	0.855	0.00807260625338492	0.00556311353499999	NoCorrection	1000	A41	C2	10000	10000	0	0.5	300	1
560	0.0023751693272	-0.00285072629500012	0	0.703	0.733	0.0023751693272	-0.00285072629500012	ID	1000	A41	C2	10000	10000	0	0.5	300	1
561	-0.00390506032625	-0.0201149595	0	0.502	0.184	-0.00390506032625	-0.0201149595	1	10000	A41	C2	10000	10000	0	0.5	300	0
562	-0.00526566973721	-0.016645326545	0	0.338	0.261	-0.00526566973721	-0.016645326545	FGr	10000	A41	C2	10000	10000	0	0.5	300	0
563	-0.00556287064916499	-0.0181788495950002	0	0.319	0.196	-0.00556287064916499	-0.0181788495950002	NoCorrection	10000	A41	C2	10000	10000	0	0.5	300	0
564	-0.003806490750685	-0.0204506341799999	0	0.484	0.163	-0.003806490750685	-0.0204506341799999	ID	10000	A41	C2	10000	10000	0	0.5	300	0
565	-0.00878461700195999	0.00738812777500009	0	0.12	0.589	-0.00878461700195999	0.00738812777500009	1	10000	A41	C2	10000	10000	0	0.5	300	0.1
566	-0.0160607730069	-0.00489476058999993	0	0.011	0.757	-0.0160607730069	-0.00489476058999993	FGr	10000	A41	C2	10000	10000	0	0.5	300	0.1
567	-0.01624381484995	-0.00578036079999998	0	0.009	0.695	-0.01624381484995	-0.00578036079999998	NoCorrection	10000	A41	C2	10000	10000	0	0.5	300	0.1
568	-0.0089338338848	0.00706446456999996	0	0.116	0.61	-0.0089338338848	0.00706446456999996	ID	10000	A41	C2	10000	10000	0	0.5	300	0.1
569	-0.0028765442095001	0.0242499278649998	0	0.655	0.095	-0.0028765442095001	0.0242499278649998	1	10000	A41	C2	10000	10000	0	0.5	300	0.5
570	-0.0328090783904001	-0.0200535511200001	0	0.004	0.481	-0.0328090783904001	-0.0200535511200001	FGr	10000	A41	C2	10000	10000	0	0.5	300	0.5
571	-0.0331370120844502	-0.0195537865999999	0	0.004	0.49	-0.0331370120844502	-0.0195537865999999	NoCorrection	10000	A41	C2	10000	10000	0	0.5	300	0.5
572	-0.00311801698655504	0.0245787595999999	0	0.597	0.094	-0.00311801698655504	0.0245787595999999	ID	10000	A41	C2	10000	10000	0	0.5	300	0.5
573	0.000916861850314973	-0.00263214128499999	0	0.86	0.85	0.000916861850314973	-0.00263214128499999	1	10000	A41	C2	10000	10000	0	0.5	300	1
574	-0.0645645825559999	-0.0317382642999991	0	0.008	0.578	-0.0645645825559999	-0.0317382642999991	FGr	10000	A41	C2	10000	10000	0	0.5	300	1
575	-0.0647946560153499	-0.0333264680000014	0	0.003	0.519	-0.0647946560153499	-0.0333264680000014	NoCorrection	10000	A41	C2	10000	10000	0	0.5	300	1
576	0.000496368482150071	-0.00456671528499992	0	0.94	0.776	0.000496368482150071	-0.00456671528499992	ID	10000	A41	C2	10000	10000	0	0.5	300	1
