	c-q	nc-q	true-q	c-p	nc-p	c-bias	nc-bias	type	L	rep	config	gwas_size	test_size	h2	ts	num_causal	env
1	-0.00644290496500002	-0.006442904965	0	0.844	0.868	-0.00644290496500002	-0.006442904965	1	300	A40	C1	1000	100	0	0.5	300	0
2	0.01835257872	0.01835257872	0	0.588	0.61	0.01835257872	0.01835257872	FGr	300	A40	C1	1000	100	0	0.5	300	0
3	0.019284466145	0.019284466145	0	0.596	0.603	0.019284466145	0.019284466145	NoCorrection	300	A40	C1	1000	100	0	0.5	300	0
4	0.000531114364999981	0.000531114365000012	0	0.984	0.989	0.000531114364999981	0.000531114365000012	ID	300	A40	C1	1000	100	0	0.5	300	0
5	0.024099152937	0.024099152937	0	0.605	0.583	0.024099152937	0.024099152937	1	300	A40	C1	1000	100	0	0.5	300	0.01
6	0.023507326255	0.023507326255	0	0.589	0.597	0.023507326255	0.023507326255	FGr	300	A40	C1	1000	100	0	0.5	300	0.01
7	0.016474821735	0.016474821735	0	0.721	0.714	0.016474821735	0.016474821735	NoCorrection	300	A40	C1	1000	100	0	0.5	300	0.01
8	0.014685448975	0.014685448975	0	0.721	0.749	0.014685448975	0.014685448975	ID	300	A40	C1	1000	100	0	0.5	300	0.01
9	-0.04077389827	-0.04077389827	0	0.276	0.28	-0.04077389827	-0.04077389827	1	300	A40	C1	1000	100	0	0.5	300	0.03
10	0.00837924941000001	0.00837924941	0	0.82	0.823	0.00837924941000001	0.00837924941	FGr	300	A40	C1	1000	100	0	0.5	300	0.03
11	0.015294531745	0.015294531745	0	0.678	0.691	0.015294531745	0.015294531745	NoCorrection	300	A40	C1	1000	100	0	0.5	300	0.03
12	-0.0239906471	-0.0239906471	0	0.506	0.515	-0.0239906471	-0.0239906471	ID	300	A40	C1	1000	100	0	0.5	300	0.03
13	-0.00797463170500003	-0.007974631705	0	0.838	0.828	-0.00797463170500003	-0.007974631705	1	300	A40	C1	1000	100	0	0.5	300	0.1
14	0.04082846456	0.04082846456	0	0.271	0.282	0.04082846456	0.04082846456	FGr	300	A40	C1	1000	100	0	0.5	300	0.1
15	0.05108354679	0.05108354679	0	0.218	0.176	0.05108354679	0.05108354679	NoCorrection	300	A40	C1	1000	100	0	0.5	300	0.1
16	-0.01505475239	-0.01505475239	0	0.689	0.699	-0.01505475239	-0.01505475239	ID	300	A40	C1	1000	100	0	0.5	300	0.1
17	-5.78792389999905e-05	0.0318798029999999	0	0.999	0.633	-5.78792389999905e-05	0.0318798029999999	1	1000	A40	C1	1000	100	0	0.5	300	0
18	0.036515675225	0.163467538	0	0.385	0.016	0.036515675225	0.163467538	FGr	1000	A40	C1	1000	100	0	0.5	300	0
19	0.029063584577	0.139810824	0	0.506	0.03	0.029063584577	0.139810824	NoCorrection	1000	A40	C1	1000	100	0	0.5	300	0
20	0.00534031104299999	0.0504077144999999	0	0.89	0.465	0.00534031104299999	0.0504077144999999	ID	1000	A40	C1	1000	100	0	0.5	300	0
21	0.00773984065000006	0.0438575864999999	0	0.829	0.441	0.00773984065000006	0.0438575864999999	1	1000	A40	C1	1000	100	0	0.5	300	0.01
22	0.00955992084900004	0.0496325034999998	0	0.796	0.358	0.00955992084900004	0.0496325034999998	FGr	1000	A40	C1	1000	100	0	0.5	300	0.01
23	0.0123034257519999	0.0536055485	0	0.765	0.34	0.0123034257519999	0.0536055485	NoCorrection	1000	A40	C1	1000	100	0	0.5	300	0.01
24	0.0149347524975001	0.0633033190000001	0	0.708	0.242	0.0149347524975001	0.0633033190000001	ID	1000	A40	C1	1000	100	0	0.5	300	0.01
25	0.00811758414349993	-0.00695068600000003	0	0.832	0.911	0.00811758414349993	-0.00695068600000003	1	1000	A40	C1	1000	100	0	0.5	300	0.03
26	-0.00475414263999998	-0.038069885	0	0.904	0.55	-0.00475414263999998	-0.038069885	FGr	1000	A40	C1	1000	100	0	0.5	300	0.03
27	-0.01853594601	-0.0956423245	0	0.655	0.133	-0.01853594601	-0.0956423245	NoCorrection	1000	A40	C1	1000	100	0	0.5	300	0.03
28	0.00840897136699999	-0.00844400349999999	0	0.832	0.898	0.00840897136699999	-0.00844400349999999	ID	1000	A40	C1	1000	100	0	0.5	300	0.03
29	-0.1118922567714	-0.1638531055	0	0.006	0.014	-0.1118922567714	-0.1638531055	1	1000	A40	C1	1000	100	0	0.5	300	0.1
30	-0.1089955476317	-0.1743321055	0	0.009	0.013	-0.1089955476317	-0.1743321055	FGr	1000	A40	C1	1000	100	0	0.5	300	0.1
31	-0.07630294882	-0.0477159160000001	0	0.057	0.488	-0.07630294882	-0.0477159160000001	NoCorrection	1000	A40	C1	1000	100	0	0.5	300	0.1
32	-0.1270149743	-0.2114994215	0	0.002	0.001	-0.1270149743	-0.2114994215	ID	1000	A40	C1	1000	100	0	0.5	300	0.1
33	-0.06761180907	0.014462781	0	0.088	0.892	-0.06761180907	0.014462781	1	10000	A40	C1	1000	100	0	0.5	300	0
34	-0.080063795675	-0.120293897	0	0.042	0.255	-0.080063795675	-0.120293897	FGr	10000	A40	C1	1000	100	0	0.5	300	0
35	-0.06577105001	-0.000506360000000012	0	0.082	0.994	-0.06577105001	-0.000506360000000012	NoCorrection	10000	A40	C1	1000	100	0	0.5	300	0
36	-0.06831477696	-0.00100889250000006	0	0.087	0.994	-0.06831477696	-0.00100889250000006	ID	10000	A40	C1	1000	100	0	0.5	300	0
37	-0.00749358725000002	-0.0546883665	0	0.879	0.596	-0.00749358725000002	-0.0546883665	1	10000	A40	C1	1000	100	0	0.5	300	0.01
38	-0.0109904735000001	-0.080316554	0	0.789	0.437	-0.0109904735000001	-0.080316554	FGr	10000	A40	C1	1000	100	0	0.5	300	0.01
39	-0.0473794309750001	-0.259040815	0	0.236	0.011	-0.0473794309750001	-0.259040815	NoCorrection	10000	A40	C1	1000	100	0	0.5	300	0.01
40	-0.01095790463	-0.111070991	0	0.778	0.243	-0.01095790463	-0.111070991	ID	10000	A40	C1	1000	100	0	0.5	300	0.01
41	0.04022901625	-0.0498946694999999	0	0.337	0.622	0.04022901625	-0.0498946694999999	1	10000	A40	C1	1000	100	0	0.5	300	0.03
42	0.048213075825	-0.0118649295	0	0.279	0.906	0.048213075825	-0.0118649295	FGr	10000	A40	C1	1000	100	0	0.5	300	0.03
43	0.104003076505	0.231259515	0	0.011	0.014	0.104003076505	0.231259515	NoCorrection	10000	A40	C1	1000	100	0	0.5	300	0.03
44	0.0400936240055	-0.0429359595	0	0.338	0.65	0.0400936240055	-0.0429359595	ID	10000	A40	C1	1000	100	0	0.5	300	0.03
45	-0.030616760505	0.1255760385	0	0.389	0.156	-0.030616760505	0.1255760385	1	10000	A40	C1	1000	100	0	0.5	300	0.1
46	-0.025721429958	0.1303494255	0	0.492	0.144	-0.025721429958	0.1303494255	FGr	10000	A40	C1	1000	100	0	0.5	300	0.1
47	0.01517557502	0.2857796895	0	0.688	0.002	0.01517557502	0.2857796895	NoCorrection	10000	A40	C1	1000	100	0	0.5	300	0.1
48	-0.02803470294	0.1334195305	0	0.453	0.163	-0.02803470294	0.1334195305	ID	10000	A40	C1	1000	100	0	0.5	300	0.1
49	-0.00611835909089995	-0.00611835909090001	0	0.847	0.854	-0.00611835909089995	-0.00611835909090001	1	300	A40	C1	1000	1000	0	0.5	300	0
50	0.00291902133149986	0.00291902133149989	0	0.913	0.904	0.00291902133149986	0.00291902133149989	FGr	300	A40	C1	1000	1000	0	0.5	300	0
51	-0.0102687884574998	-0.0102687884574998	0	0.715	0.727	-0.0102687884574998	-0.0102687884574998	NoCorrection	300	A40	C1	1000	1000	0	0.5	300	0
52	-0.000868854107499894	-0.000868854107499893	0	0.982	0.971	-0.000868854107499894	-0.000868854107499893	ID	300	A40	C1	1000	1000	0	0.5	300	0
53	-0.019543675267	-0.019543675267	0	0.443	0.467	-0.019543675267	-0.019543675267	1	300	A40	C1	1000	1000	0	0.5	300	0.01
54	-0.050249922385	-0.050249922385	0	0.051	0.051	-0.050249922385	-0.050249922385	FGr	300	A40	C1	1000	1000	0	0.5	300	0.01
55	-0.032494189847	-0.032494189847	0	0.203	0.192	-0.032494189847	-0.032494189847	NoCorrection	300	A40	C1	1000	1000	0	0.5	300	0.01
56	-0.0517918187500001	-0.0517918187500001	0	0.04	0.059	-0.0517918187500001	-0.0517918187500001	ID	300	A40	C1	1000	1000	0	0.5	300	0.01
57	-0.00491093324405003	-0.00491093324405	0	0.873	0.883	-0.00491093324405003	-0.00491093324405	1	300	A40	C1	1000	1000	0	0.5	300	0.03
58	0.029247268542	0.029247268542	0	0.345	0.344	0.029247268542	0.029247268542	FGr	300	A40	C1	1000	1000	0	0.5	300	0.03
59	0.025590839908	0.025590839908	0	0.388	0.391	0.025590839908	0.025590839908	NoCorrection	300	A40	C1	1000	1000	0	0.5	300	0.03
60	0.00861411664800001	0.008614116648	0	0.769	0.773	0.00861411664800001	0.008614116648	ID	300	A40	C1	1000	1000	0	0.5	300	0.03
61	0.0446380713256999	0.0446380713256999	0	0.068	0.086	0.0446380713256999	0.0446380713256999	1	300	A40	C1	1000	1000	0	0.5	300	0.1
62	0.0666131844964001	0.0666131844964001	0	0.011	0.01	0.0666131844964001	0.0666131844964001	FGr	300	A40	C1	1000	1000	0	0.5	300	0.1
63	0.071285308455	0.071285308455	0	0.002	0.007	0.071285308455	0.071285308455	NoCorrection	300	A40	C1	1000	1000	0	0.5	300	0.1
64	0.026533009916	0.0265330099159999	0	0.311	0.307	0.026533009916	0.0265330099159999	ID	300	A40	C1	1000	1000	0	0.5	300	0.1
65	-0.0148141973534999	0.0130919591500003	0	0.61	0.79	-0.0148141973534999	0.0130919591500003	1	1000	A40	C1	1000	1000	0	0.5	300	0
66	-0.0358225399679998	-0.03850255855	0	0.216	0.416	-0.0358225399679998	-0.03850255855	FGr	1000	A40	C1	1000	1000	0	0.5	300	0
67	-0.0511683961337399	-0.0921866300999997	0	0.084	0.051	-0.0511683961337399	-0.0921866300999997	NoCorrection	1000	A40	C1	1000	1000	0	0.5	300	0
68	-0.0204075384905001	5.55116000001825e-05	0	0.505	0.999	-0.0204075384905001	5.55116000001825e-05	ID	1000	A40	C1	1000	1000	0	0.5	300	0
69	-0.0288590283898	-0.0577652910499999	0	0.341	0.238	-0.0288590283898	-0.0577652910499999	1	1000	A40	C1	1000	1000	0	0.5	300	0.01
70	-0.01340113067825	-0.02200982335	0	0.651	0.642	-0.01340113067825	-0.02200982335	FGr	1000	A40	C1	1000	1000	0	0.5	300	0.01
71	-0.00339554604409995	0.0137757148500001	0	0.906	0.762	-0.00339554604409995	0.0137757148500001	NoCorrection	1000	A40	C1	1000	1000	0	0.5	300	0.01
72	-0.015494826505	-0.02706860525	0	0.625	0.587	-0.015494826505	-0.02706860525	ID	1000	A40	C1	1000	1000	0	0.5	300	0.01
73	-0.00673553851099991	-0.00667237935000003	0	0.814	0.884	-0.00673553851099991	-0.00667237935000003	1	1000	A40	C1	1000	1000	0	0.5	300	0.03
74	0.00623518440249999	0.03559115065	0	0.836	0.426	0.00623518440249999	0.03559115065	FGr	1000	A40	C1	1000	1000	0	0.5	300	0.03
75	0.0503193623849999	0.15122851585	0	0.076	0.001	0.0503193623849999	0.15122851585	NoCorrection	1000	A40	C1	1000	1000	0	0.5	300	0.03
76	-0.0104657503649999	-0.01068994195	0	0.729	0.814	-0.0104657503649999	-0.01068994195	ID	1000	A40	C1	1000	1000	0	0.5	300	0.03
77	-0.0393951590335001	-0.03881561735	0	0.17	0.461	-0.0393951590335001	-0.03881561735	1	1000	A40	C1	1000	1000	0	0.5	300	0.1
78	-0.0463867878514	-0.0690311563499999	0	0.134	0.162	-0.0463867878514	-0.0690311563499999	FGr	1000	A40	C1	1000	1000	0	0.5	300	0.1
79	-0.0199248787876	0.0100685785	0	0.499	0.834	-0.0199248787876	0.0100685785	NoCorrection	1000	A40	C1	1000	1000	0	0.5	300	0.1
80	-0.0457220860255001	-0.0563229353	0	0.137	0.257	-0.0457220860255001	-0.0563229353	ID	1000	A40	C1	1000	1000	0	0.5	300	0.1
81	0.00177461443849983	0.0652308258	0	0.941	0.294	0.00177461443849983	0.0652308258	1	10000	A40	C1	1000	1000	0	0.5	300	0
82	0.00567098952685003	0.0749386440499998	0	0.808	0.258	0.00567098952685003	0.0749386440499998	FGr	10000	A40	C1	1000	1000	0	0.5	300	0
83	0.00241888988850017	0.0625590476	0	0.926	0.3	0.00241888988850017	0.0625590476	NoCorrection	10000	A40	C1	1000	1000	0	0.5	300	0
84	0.00184148043900014	0.0610252214500001	0	0.938	0.328	0.00184148043900014	0.0610252214500001	ID	10000	A40	C1	1000	1000	0	0.5	300	0
85	-0.0313885921745	-0.0587092442000001	0	0.269	0.413	-0.0313885921745	-0.0587092442000001	1	10000	A40	C1	1000	1000	0	0.5	300	0.01
86	-0.027828038825	-0.0471767203499999	0	0.319	0.513	-0.027828038825	-0.0471767203499999	FGr	10000	A40	C1	1000	1000	0	0.5	300	0.01
87	0.00673403320100006	0.1475079742	0	0.8	0.036	0.00673403320100006	0.1475079742	NoCorrection	10000	A40	C1	1000	1000	0	0.5	300	0.01
88	-0.026825894205	-0.023374489	0	0.343	0.743	-0.026825894205	-0.023374489	ID	10000	A40	C1	1000	1000	0	0.5	300	0.01
89	0.0238272992549999	0.0810123044499998	0	0.384	0.266	0.0238272992549999	0.0810123044499998	1	10000	A40	C1	1000	1000	0	0.5	300	0.03
90	0.0221273109606	0.0614712158999999	0	0.415	0.401	0.0221273109606	0.0614712158999999	FGr	10000	A40	C1	1000	1000	0	0.5	300	0.03
91	0.0391718763125	0.1786504015	0	0.127	0.011	0.0391718763125	0.1786504015	NoCorrection	10000	A40	C1	1000	1000	0	0.5	300	0.03
92	0.022143684445	0.0640513247	0	0.406	0.371	0.022143684445	0.0640513247	ID	10000	A40	C1	1000	1000	0	0.5	300	0.03
93	-0.0109528248310001	-0.0870847511000001	0	0.64	0.195	-0.0109528248310001	-0.0870847511000001	1	10000	A40	C1	1000	1000	0	0.5	300	0.1
94	-0.00268228219450008	-0.0239427198999998	0	0.895	0.71	-0.00268228219450008	-0.0239427198999998	FGr	10000	A40	C1	1000	1000	0	0.5	300	0.1
95	0.00670998428979998	0.011500941	0	0.762	0.871	0.00670998428979998	0.011500941	NoCorrection	10000	A40	C1	1000	1000	0	0.5	300	0.1
96	-0.00881568200399999	-0.0791921636000001	0	0.703	0.252	-0.00881568200399999	-0.0791921636000001	ID	10000	A40	C1	1000	1000	0	0.5	300	0.1
97	-0.0348483608990502	-0.0348483608990502	0	0.233	0.204	-0.0348483608990502	-0.0348483608990502	1	300	A40	C1	1000	10000	0	0.5	300	0
98	-0.0439872322760648	-0.0439872322760648	0	0.125	0.112	-0.0439872322760648	-0.0439872322760648	FGr	300	A40	C1	1000	10000	0	0.5	300	0
99	-0.05304275768514	-0.05304275768514	0	0.041	0.051	-0.05304275768514	-0.05304275768514	NoCorrection	300	A40	C1	1000	10000	0	0.5	300	0
100	-0.03079025509645	-0.0307902550964499	0	0.268	0.263	-0.03079025509645	-0.0307902550964499	ID	300	A40	C1	1000	10000	0	0.5	300	0
101	-0.0119349003373501	-0.0119349003373501	0	0.665	0.675	-0.0119349003373501	-0.0119349003373501	1	300	A40	C1	1000	10000	0	0.5	300	0.01
102	-0.0168646293689998	-0.0168646293689998	0	0.513	0.517	-0.0168646293689998	-0.0168646293689998	FGr	300	A40	C1	1000	10000	0	0.5	300	0.01
103	0.002453134294276	0.00245313429427604	0	0.934	0.928	0.002453134294276	0.00245313429427604	NoCorrection	300	A40	C1	1000	10000	0	0.5	300	0.01
104	-0.00683089387369987	-0.00683089387369994	0	0.777	0.765	-0.00683089387369987	-0.00683089387369994	ID	300	A40	C1	1000	10000	0	0.5	300	0.01
105	-0.0285244020754	-0.0285244020754	0	0.214	0.235	-0.0285244020754	-0.0285244020754	1	300	A40	C1	1000	10000	0	0.5	300	0.03
106	-0.00422791423915001	-0.00422791423915001	0	0.854	0.852	-0.00422791423915001	-0.00422791423915001	FGr	300	A40	C1	1000	10000	0	0.5	300	0.03
107	-0.00644337204	-0.00644337204000002	0	0.804	0.804	-0.00644337204	-0.00644337204000002	NoCorrection	300	A40	C1	1000	10000	0	0.5	300	0.03
108	-0.01353462455329	-0.01353462455329	0	0.582	0.58	-0.01353462455329	-0.01353462455329	ID	300	A40	C1	1000	10000	0	0.5	300	0.03
109	0.0677949811365509	0.0677949811365509	0	0.015	0.019	0.0677949811365509	0.0677949811365509	1	300	A40	C1	1000	10000	0	0.5	300	0.1
110	0.0744191756573011	0.074419175657301	0	0.011	0.008	0.0744191756573011	0.074419175657301	FGr	300	A40	C1	1000	10000	0	0.5	300	0.1
111	0.0662192577029003	0.0662192577029002	0	0.014	0.016	0.0662192577029003	0.0662192577029002	NoCorrection	300	A40	C1	1000	10000	0	0.5	300	0.1
112	0.0546453747921983	0.0546453747921983	0	0.073	0.046	0.0546453747921983	0.0546453747921983	ID	300	A40	C1	1000	10000	0	0.5	300	0.1
113	0.0251707541308	0.0339648354200001	0	0.378	0.482	0.0251707541308	0.0339648354200001	1	1000	A40	C1	1000	10000	0	0.5	300	0
114	0.0070541695885699	-0.0221209925199996	0	0.812	0.619	0.0070541695885699	-0.0221209925199996	FGr	1000	A40	C1	1000	10000	0	0.5	300	0
115	0.00839620612575016	-0.0200362461600001	0	0.777	0.657	0.00839620612575016	-0.0200362461600001	NoCorrection	1000	A40	C1	1000	10000	0	0.5	300	0
116	0.0261077278613	0.0366743420999999	0	0.354	0.422	0.0261077278613	0.0366743420999999	ID	1000	A40	C1	1000	10000	0	0.5	300	0
117	0.0370632221707	-0.0521489644050004	0	0.124	0.218	0.0370632221707	-0.0521489644050004	1	1000	A40	C1	1000	10000	0	0.5	300	0.01
118	0.0323614609074799	-0.0489542046900003	0	0.184	0.227	0.0323614609074799	-0.0489542046900003	FGr	1000	A40	C1	1000	10000	0	0.5	300	0.01
119	0.01516921909855	-0.0889375637600005	0	0.561	0.023	0.01516921909855	-0.0889375637600005	NoCorrection	1000	A40	C1	1000	10000	0	0.5	300	0.01
120	0.0447195111619501	-0.0275937494000004	0	0.082	0.481	0.0447195111619501	-0.0275937494000004	ID	1000	A40	C1	1000	10000	0	0.5	300	0.01
121	0.0380170022829496	0.0625510789249992	0	0.132	0.151	0.0380170022829496	0.0625510789249992	1	1000	A40	C1	1000	10000	0	0.5	300	0.03
122	0.0525000360691	0.109113131789999	0	0.041	0.012	0.0525000360691	0.109113131789999	FGr	1000	A40	C1	1000	10000	0	0.5	300	0.03
123	0.0425275803823505	0.0753299983949994	0	0.089	0.071	0.0425275803823505	0.0753299983949994	NoCorrection	1000	A40	C1	1000	10000	0	0.5	300	0.03
124	0.0468003545239352	0.0902729953550003	0	0.065	0.035	0.0468003545239352	0.0902729953550003	ID	1000	A40	C1	1000	10000	0	0.5	300	0.03
125	0.01960968613485	0.0117523089349999	0	0.416	0.799	0.01960968613485	0.0117523089349999	1	1000	A40	C1	1000	10000	0	0.5	300	0.1
126	0.0350219601524998	0.0422476901749996	0	0.165	0.329	0.0350219601524998	0.0422476901749996	FGr	1000	A40	C1	1000	10000	0	0.5	300	0.1
127	0.091398125687	0.227952332745	0	0.001	0	0.091398125687	0.227952332745	NoCorrection	1000	A40	C1	1000	10000	0	0.5	300	0.1
128	0.027856981481125	0.0306711153100001	0	0.237	0.524	0.027856981481125	0.0306711153100001	ID	1000	A40	C1	1000	10000	0	0.5	300	0.1
129	-0.01656458940038	0.0615270359949994	0	0.521	0.411	-0.01656458940038	0.0615270359949994	1	10000	A40	C1	1000	10000	0	0.5	300	0
130	-0.0186851572336004	0.04814243683	0	0.437	0.494	-0.0186851572336004	0.04814243683	FGr	10000	A40	C1	1000	10000	0	0.5	300	0
131	-0.02858676657155	-0.0303916217749995	0	0.257	0.631	-0.02858676657155	-0.0303916217749995	NoCorrection	10000	A40	C1	1000	10000	0	0.5	300	0
132	-0.0168519897855501	0.061182102719998	0	0.526	0.393	-0.0168519897855501	0.061182102719998	ID	10000	A40	C1	1000	10000	0	0.5	300	0
133	0.00442812310477528	0.0377979046000004	0	0.865	0.549	0.00442812310477528	0.0377979046000004	1	10000	A40	C1	1000	10000	0	0.5	300	0.01
134	0.0127795836791501	0.0808777865499989	0	0.616	0.198	0.0127795836791501	0.0808777865499989	FGr	10000	A40	C1	1000	10000	0	0.5	300	0.01
135	0.0126624730077	0.0695247698599989	0	0.643	0.285	0.0126624730077	0.0695247698599989	NoCorrection	10000	A40	C1	1000	10000	0	0.5	300	0.01
136	0.00504550338177499	0.0446781822249982	0	0.848	0.482	0.00504550338177499	0.0446781822249982	ID	10000	A40	C1	1000	10000	0	0.5	300	0.01
137	0.00725111245405032	0.00170990124999987	0	0.793	0.984	0.00725111245405032	0.00170990124999987	1	10000	A40	C1	1000	10000	0	0.5	300	0.03
138	0.0054779355317252	0.00430509356499996	0	0.839	0.954	0.0054779355317252	0.00430509356499996	FGr	10000	A40	C1	1000	10000	0	0.5	300	0.03
139	-0.0174458583644001	-0.127320775860001	0	0.534	0.075	-0.0174458583644001	-0.127320775860001	NoCorrection	10000	A40	C1	1000	10000	0	0.5	300	0.03
140	0.00469767213185062	-0.00425960433000021	0	0.865	0.957	0.00469767213185062	-0.00425960433000021	ID	10000	A40	C1	1000	10000	0	0.5	300	0.03
141	0.00751166480575	0.111796327349999	0	0.822	0.129	0.00751166480575	0.111796327349999	1	10000	A40	C1	1000	10000	0	0.5	300	0.1
142	0.0186070079430001	0.189017569649998	0	0.55	0.012	0.0186070079430001	0.189017569649998	FGr	10000	A40	C1	1000	10000	0	0.5	300	0.1
143	0.0634788859275999	0.420921401900001	0	0.028	0	0.0634788859275999	0.420921401900001	NoCorrection	10000	A40	C1	1000	10000	0	0.5	300	0.1
144	0.00810729133148506	0.126495038549999	0	0.782	0.069	0.00810729133148506	0.126495038549999	ID	10000	A40	C1	1000	10000	0	0.5	300	0.1
145	-0.0151681477851	-0.0151681477851	0	0.249	0.252	-0.0151681477851	-0.0151681477851	1	300	A40	C1	10000	100	0	0.5	300	0
146	-0.019069444632	-0.019069444632	0	0.15	0.159	-0.019069444632	-0.019069444632	FGr	300	A40	C1	10000	100	0	0.5	300	0
147	-0.021366598415	-0.021366598415	0	0.079	0.102	-0.021366598415	-0.021366598415	NoCorrection	300	A40	C1	10000	100	0	0.5	300	0
148	-0.014135405918	-0.014135405918	0	0.287	0.3	-0.014135405918	-0.014135405918	ID	300	A40	C1	10000	100	0	0.5	300	0
149	-0.009119938829	-0.009119938829	0	0.458	0.447	-0.009119938829	-0.009119938829	1	300	A40	C1	10000	100	0	0.5	300	0.01
150	-0.0069518239045	-0.0069518239045	0	0.605	0.564	-0.0069518239045	-0.0069518239045	FGr	300	A40	C1	10000	100	0	0.5	300	0.01
151	-0.008138323293	-0.008138323293	0	0.486	0.51	-0.008138323293	-0.008138323293	NoCorrection	300	A40	C1	10000	100	0	0.5	300	0.01
152	-0.008566227935	-0.008566227935	0	0.474	0.483	-0.008566227935	-0.008566227935	ID	300	A40	C1	10000	100	0	0.5	300	0.01
153	-0.00568956573800002	-0.005689565738	0	0.664	0.668	-0.00568956573800002	-0.005689565738	1	300	A40	C1	10000	100	0	0.5	300	0.03
154	0.0136075189	0.0136075189	0	0.314	0.32	0.0136075189	0.0136075189	FGr	300	A40	C1	10000	100	0	0.5	300	0.03
155	0.01723175758	0.01723175758	0	0.189	0.209	0.01723175758	0.01723175758	NoCorrection	300	A40	C1	10000	100	0	0.5	300	0.03
156	-0.00622393522299998	-0.00622393522300002	0	0.642	0.623	-0.00622393522299998	-0.00622393522300002	ID	300	A40	C1	10000	100	0	0.5	300	0.03
157	-0.006018358455	-0.006018358455	0	0.625	0.639	-0.006018358455	-0.006018358455	1	300	A40	C1	10000	100	0	0.5	300	0.1
158	0.026001116884	0.026001116884	0	0.047	0.042	0.026001116884	0.026001116884	FGr	300	A40	C1	10000	100	0	0.5	300	0.1
159	0.041908808676	0.041908808676	0	0	0	0.041908808676	0.041908808676	NoCorrection	300	A40	C1	10000	100	0	0.5	300	0.1
160	-0.00648353751	-0.00648353751	0	0.629	0.591	-0.00648353751	-0.00648353751	ID	300	A40	C1	10000	100	0	0.5	300	0.1
161	0.00885876927499999	0.0221733425	0	0.469	0.266	0.00885876927499999	0.0221733425	1	1000	A40	C1	10000	100	0	0.5	300	0
162	0.00756363654899998	0.015620447	0	0.564	0.438	0.00756363654899998	0.015620447	FGr	1000	A40	C1	10000	100	0	0.5	300	0
163	-0.000291162430000011	0.0015435325	0	0.987	0.93	-0.000291162430000011	0.0015435325	NoCorrection	1000	A40	C1	10000	100	0	0.5	300	0
164	0.011003414653	0.0267634275	0	0.383	0.18	0.011003414653	0.0267634275	ID	1000	A40	C1	10000	100	0	0.5	300	0
165	0.000731217416500003	-0.022702489	0	0.952	0.247	0.000731217416500003	-0.022702489	1	1000	A40	C1	10000	100	0	0.5	300	0.01
166	0.00838999388499999	-0.00466917299999999	0	0.506	0.797	0.00838999388499999	-0.00466917299999999	FGr	1000	A40	C1	10000	100	0	0.5	300	0.01
167	0.00107283748900001	-0.0224470715	0	0.929	0.241	0.00107283748900001	-0.0224470715	NoCorrection	1000	A40	C1	10000	100	0	0.5	300	0.01
168	0.000883310292000009	-0.0208819765	0	0.941	0.319	0.000883310292000009	-0.0208819765	ID	1000	A40	C1	10000	100	0	0.5	300	0.01
169	0.00102875552	0.010729977	0	0.928	0.547	0.00102875552	0.010729977	1	1000	A40	C1	10000	100	0	0.5	300	0.03
170	0.000547128959999973	0.00602015050000001	0	0.958	0.744	0.000547128959999973	0.00602015050000001	FGr	1000	A40	C1	10000	100	0	0.5	300	0.03
171	0.01090243819	0.0312261805	0	0.297	0.087	0.01090243819	0.0312261805	NoCorrection	1000	A40	C1	10000	100	0	0.5	300	0.03
172	-0.004752180189	-0.00614254599999997	0	0.68	0.728	-0.004752180189	-0.00614254599999997	ID	1000	A40	C1	10000	100	0	0.5	300	0.03
173	0.012647709455	0.0065264355	0	0.274	0.709	0.012647709455	0.0065264355	1	1000	A40	C1	10000	100	0	0.5	300	0.1
174	0.036718170564	0.072076444	0	0.003	0	0.036718170564	0.072076444	FGr	1000	A40	C1	10000	100	0	0.5	300	0.1
175	0.052740736255	0.1169904905	0	0	0	0.052740736255	0.1169904905	NoCorrection	1000	A40	C1	10000	100	0	0.5	300	0.1
176	0.01781905342	0.022519186	0	0.121	0.254	0.01781905342	0.022519186	ID	1000	A40	C1	10000	100	0	0.5	300	0.1
177	-0.006648922627	-0.020826187	0	0.573	0.546	-0.006648922627	-0.020826187	1	10000	A40	C1	10000	100	0	0.5	300	0
178	-0.00616283272	-0.018263043	0	0.601	0.593	-0.00616283272	-0.018263043	FGr	10000	A40	C1	10000	100	0	0.5	300	0
179	-0.00285376075	0.018808195	0	0.804	0.584	-0.00285376075	0.018808195	NoCorrection	10000	A40	C1	10000	100	0	0.5	300	0
180	-0.0071416607836	-0.028492172	0	0.529	0.374	-0.0071416607836	-0.028492172	ID	10000	A40	C1	10000	100	0	0.5	300	0
181	-0.00496336466000001	0.002547157	0	0.695	0.944	-0.00496336466000001	0.002547157	1	10000	A40	C1	10000	100	0	0.5	300	0.01
182	-0.008868460619	-0.029367201	0	0.44	0.382	-0.008868460619	-0.029367201	FGr	10000	A40	C1	10000	100	0	0.5	300	0.01
183	-0.0164449431525	-0.0957457165	0	0.2	0.007	-0.0164449431525	-0.0957457165	NoCorrection	10000	A40	C1	10000	100	0	0.5	300	0.01
184	-0.0053986953928	-0.0115029485	0	0.653	0.757	-0.0053986953928	-0.0115029485	ID	10000	A40	C1	10000	100	0	0.5	300	0.01
185	-0.00830541005445	-0.048714356	0	0.504	0.132	-0.00830541005445	-0.048714356	1	10000	A40	C1	10000	100	0	0.5	300	0.03
186	-0.005576145325	-0.0210511935	0	0.635	0.53	-0.005576145325	-0.0210511935	FGr	10000	A40	C1	10000	100	0	0.5	300	0.03
187	-0.00765873849	-0.044857556	0	0.477	0.168	-0.00765873849	-0.044857556	NoCorrection	10000	A40	C1	10000	100	0	0.5	300	0.03
188	-0.00762628662000001	-0.041955083	0	0.522	0.185	-0.00762628662000001	-0.041955083	ID	10000	A40	C1	10000	100	0	0.5	300	0.03
189	0.02382578808	0.053313596	0	0.042	0.122	0.02382578808	0.053313596	1	10000	A40	C1	10000	100	0	0.5	300	0.1
190	0.02726738288	0.07770318	0	0.019	0.024	0.02726738288	0.07770318	FGr	10000	A40	C1	10000	100	0	0.5	300	0.1
191	0.05844985367	0.3272263375	0	0	0	0.05844985367	0.3272263375	NoCorrection	10000	A40	C1	10000	100	0	0.5	300	0.1
192	0.0233517064695	0.049733686	0	0.053	0.167	0.0233517064695	0.049733686	ID	10000	A40	C1	10000	100	0	0.5	300	0.1
193	-0.00723179544310002	-0.00723179544310003	0	0.358	0.399	-0.00723179544310002	-0.00723179544310003	1	300	A40	C1	10000	1000	0	0.5	300	0
194	0.00533682934385	0.00533682934385001	0	0.519	0.529	0.00533682934385	0.00533682934385001	FGr	300	A40	C1	10000	1000	0	0.5	300	0
195	0.00734966055200001	0.00734966055200001	0	0.367	0.403	0.00734966055200001	0.00734966055200001	NoCorrection	300	A40	C1	10000	1000	0	0.5	300	0
196	-0.00662056001568	-0.00662056001568001	0	0.44	0.419	-0.00662056001568	-0.00662056001568001	ID	300	A40	C1	10000	1000	0	0.5	300	0
197	-0.00657904581400005	-0.00657904581400004	0	0.406	0.395	-0.00657904581400005	-0.00657904581400004	1	300	A40	C1	10000	1000	0	0.5	300	0.01
198	-0.00215266403024994	-0.00215266403024993	0	0.793	0.774	-0.00215266403024994	-0.00215266403024993	FGr	300	A40	C1	10000	1000	0	0.5	300	0.01
199	-0.00409469660199995	-0.00409469660199994	0	0.617	0.618	-0.00409469660199995	-0.00409469660199994	NoCorrection	300	A40	C1	10000	1000	0	0.5	300	0.01
200	-0.00653492562750006	-0.00653492562750007	0	0.423	0.412	-0.00653492562750006	-0.00653492562750007	ID	300	A40	C1	10000	1000	0	0.5	300	0.01
201	-0.0126221886055	-0.0126221886055	0	0.087	0.052	-0.0126221886055	-0.0126221886055	1	300	A40	C1	10000	1000	0	0.5	300	0.03
202	-0.00828145473860003	-0.00828145473860003	0	0.252	0.252	-0.00828145473860003	-0.00828145473860003	FGr	300	A40	C1	10000	1000	0	0.5	300	0.03
203	-0.00863544827370003	-0.00863544827370001	0	0.252	0.239	-0.00863544827370003	-0.00863544827370001	NoCorrection	300	A40	C1	10000	1000	0	0.5	300	0.03
204	-0.0133326061269999	-0.013332606127	0	0.073	0.078	-0.0133326061269999	-0.013332606127	ID	300	A40	C1	10000	1000	0	0.5	300	0.03
205	-0.000119120504599995	-0.000119120504599972	0	0.992	0.987	-0.000119120504599995	-0.000119120504599972	1	300	A40	C1	10000	1000	0	0.5	300	0.1
206	0.0132108326185	0.0132108326185	0	0.111	0.099	0.0132108326185	0.0132108326185	FGr	300	A40	C1	10000	1000	0	0.5	300	0.1
207	0.0240526451265	0.0240526451265	0	0.007	0.008	0.0240526451265	0.0240526451265	NoCorrection	300	A40	C1	10000	1000	0	0.5	300	0.1
208	-0.00304382421899999	-0.00304382421899999	0	0.699	0.688	-0.00304382421899999	-0.00304382421899999	ID	300	A40	C1	10000	1000	0	0.5	300	0.1
209	0.010011447125	-0.00345484010000002	0	0.2	0.793	0.010011447125	-0.00345484010000002	1	1000	A40	C1	10000	1000	0	0.5	300	0
210	0.012296002738	-0.000161052499999996	0	0.107	0.992	0.012296002738	-0.000161052499999996	FGr	1000	A40	C1	10000	1000	0	0.5	300	0
211	0.0051798149115	-0.02020944625	0	0.496	0.121	0.0051798149115	-0.02020944625	NoCorrection	1000	A40	C1	10000	1000	0	0.5	300	0
212	0.0119989109935	-0.000303256550000008	0	0.123	0.981	0.0119989109935	-0.000303256550000008	ID	1000	A40	C1	10000	1000	0	0.5	300	0
213	-0.00751615916860001	-0.00984700310000006	0	0.321	0.432	-0.00751615916860001	-0.00984700310000006	1	1000	A40	C1	10000	1000	0	0.5	300	0.01
214	0.000247614860399987	0.01170289735	0	0.978	0.373	0.000247614860399987	0.01170289735	FGr	1000	A40	C1	10000	1000	0	0.5	300	0.01
215	0.00852266047524998	0.03351985765	0	0.262	0.012	0.00852266047524998	0.03351985765	NoCorrection	1000	A40	C1	10000	1000	0	0.5	300	0.01
216	-0.00724257674690002	-0.00832574599999994	0	0.352	0.539	-0.00724257674690002	-0.00832574599999994	ID	1000	A40	C1	10000	1000	0	0.5	300	0.01
217	-0.00417342698350005	-0.01504837395	0	0.576	0.263	-0.00417342698350005	-0.01504837395	1	1000	A40	C1	10000	1000	0	0.5	300	0.03
218	0.0044174216204999	0.00776294300000003	0	0.543	0.553	0.0044174216204999	0.00776294300000003	FGr	1000	A40	C1	10000	1000	0	0.5	300	0.03
219	0.00708563186094997	0.0141357941	0	0.358	0.293	0.00708563186094997	0.0141357941	NoCorrection	1000	A40	C1	10000	1000	0	0.5	300	0.03
220	-0.00346073855134991	-0.01251905955	0	0.644	0.317	-0.00346073855134991	-0.01251905955	ID	1000	A40	C1	10000	1000	0	0.5	300	0.03
221	-0.01032795993105	0.00369784685	0	0.198	0.807	-0.01032795993105	0.00369784685	1	1000	A40	C1	10000	1000	0	0.5	300	0.1
222	0.0023495483515	0.04719512315	0	0.759	0.004	0.0023495483515	0.04719512315	FGr	1000	A40	C1	10000	1000	0	0.5	300	0.1
223	0.0185337703395	0.0947451743999999	0	0.025	0	0.0185337703395	0.0947451743999999	NoCorrection	1000	A40	C1	10000	1000	0	0.5	300	0.1
224	-0.00744634488080001	0.01360071045	0	0.375	0.314	-0.00744634488080001	0.01360071045	ID	1000	A40	C1	10000	1000	0	0.5	300	0.1
225	-1.71756560000009e-05	0.0439635361000001	0	0.997	0.067	-1.71756560000009e-05	0.0439635361000001	1	10000	A40	C1	10000	1000	0	0.5	300	0
226	0.000327598337499977	0.04913104475	0	0.966	0.038	0.000327598337499977	0.04913104475	FGr	10000	A40	C1	10000	1000	0	0.5	300	0
227	-0.00995083352945001	-0.0370180029	0	0.183	0.124	-0.00995083352945001	-0.0370180029	NoCorrection	10000	A40	C1	10000	1000	0	0.5	300	0
228	0.000230225143500016	0.0463018949499999	0	0.976	0.046	0.000230225143500016	0.0463018949499999	ID	10000	A40	C1	10000	1000	0	0.5	300	0
229	-0.00418070995559992	-0.03808967935	0	0.642	0.068	-0.00418070995559992	-0.03808967935	1	10000	A40	C1	10000	1000	0	0.5	300	0.01
230	-0.0046101522519999	-0.0397198272	0	0.614	0.043	-0.0046101522519999	-0.0397198272	FGr	10000	A40	C1	10000	1000	0	0.5	300	0.01
231	-0.00111024178375006	-0.01619959995	0	0.914	0.396	-0.00111024178375006	-0.01619959995	NoCorrection	10000	A40	C1	10000	1000	0	0.5	300	0.01
232	-0.00510154953749997	-0.0430874786000001	0	0.614	0.034	-0.00510154953749997	-0.0430874786000001	ID	10000	A40	C1	10000	1000	0	0.5	300	0.01
233	-0.0113967873301	-0.0165061682000002	0	0.196	0.446	-0.0113967873301	-0.0165061682000002	1	10000	A40	C1	10000	1000	0	0.5	300	0.03
234	-0.0114045825279	-0.0160760396500001	0	0.225	0.432	-0.0114045825279	-0.0160760396500001	FGr	10000	A40	C1	10000	1000	0	0.5	300	0.03
235	-0.01598440141045	-0.0620186507500001	0	0.085	0.003	-0.01598440141045	-0.0620186507500001	NoCorrection	10000	A40	C1	10000	1000	0	0.5	300	0.03
236	-0.01181761276775	-0.0213388327500002	0	0.229	0.309	-0.01181761276775	-0.0213388327500002	ID	10000	A40	C1	10000	1000	0	0.5	300	0.03
237	0.0127956428208	-0.000845008249999966	0	0.123	0.974	0.0127956428208	-0.000845008249999966	1	10000	A40	C1	10000	1000	0	0.5	300	0.1
238	0.0150405804687001	0.00641548215000001	0	0.06	0.791	0.0150405804687001	0.00641548215000001	FGr	10000	A40	C1	10000	1000	0	0.5	300	0.1
239	0.0434889827829699	0.166540385	0	0	0	0.0434889827829699	0.166540385	NoCorrection	10000	A40	C1	10000	1000	0	0.5	300	0.1
240	0.0133423547701501	0.00322377469999996	0	0.1	0.879	0.0133423547701501	0.00322377469999996	ID	10000	A40	C1	10000	1000	0	0.5	300	0.1
241	-0.00411399037488002	-0.00411399037488	0	0.629	0.655	-0.00411399037488002	-0.00411399037488	1	300	A40	C1	10000	10000	0	0.5	300	0
242	-0.00821058993727105	-0.00821058993727105	0	0.391	0.324	-0.00821058993727105	-0.00821058993727105	FGr	300	A40	C1	10000	10000	0	0.5	300	0
243	-0.01364919136878	-0.01364919136878	0	0.134	0.115	-0.01364919136878	-0.01364919136878	NoCorrection	300	A40	C1	10000	10000	0	0.5	300	0
244	-0.000366581159490002	-0.000366581159489999	0	0.956	0.964	-0.000366581159490002	-0.000366581159489999	ID	300	A40	C1	10000	10000	0	0.5	300	0
245	-0.00210270589040992	-0.00210270589040991	0	0.838	0.843	-0.00210270589040992	-0.00210270589040991	1	300	A40	C1	10000	10000	0	0.5	300	0.01
246	-0.00670810910769496	-0.00670810910769497	0	0.488	0.482	-0.00670810910769496	-0.00670810910769497	FGr	300	A40	C1	10000	10000	0	0.5	300	0.01
247	-0.00530251336353998	-0.00530251336354	0	0.592	0.566	-0.00530251336353998	-0.00530251336354	NoCorrection	300	A40	C1	10000	10000	0	0.5	300	0.01
248	-0.00391907193150001	-0.00391907193150001	0	0.694	0.68	-0.00391907193150001	-0.00391907193150001	ID	300	A40	C1	10000	10000	0	0.5	300	0.01
249	-0.00245615011645004	-0.00245615011645005	0	0.809	0.793	-0.00245615011645004	-0.00245615011645005	1	300	A40	C1	10000	10000	0	0.5	300	0.03
250	0.0174375800910061	0.0174375800910061	0	0.062	0.049	0.0174375800910061	0.0174375800910061	FGr	300	A40	C1	10000	10000	0	0.5	300	0.03
251	0.031227369519355	0.031227369519355	0	0	0.001	0.031227369519355	0.031227369519355	NoCorrection	300	A40	C1	10000	10000	0	0.5	300	0.03
252	-0.000808173554340059	-0.000808173554340062	0	0.941	0.928	-0.000808173554340059	-0.000808173554340062	ID	300	A40	C1	10000	10000	0	0.5	300	0.03
253	0.000225136827900038	0.000225136827900038	0	0.977	0.981	0.000225136827900038	0.000225136827900038	1	300	A40	C1	10000	10000	0	0.5	300	0.1
254	0.01844141047054	0.01844141047054	0	0.044	0.044	0.01844141047054	0.01844141047054	FGr	300	A40	C1	10000	10000	0	0.5	300	0.1
255	0.0266137231358204	0.0266137231358204	0	0.004	0.006	0.0266137231358204	0.0266137231358204	NoCorrection	300	A40	C1	10000	10000	0	0.5	300	0.1
256	-0.00166291742634104	-0.00166291742634103	0	0.858	0.846	-0.00166291742634104	-0.00166291742634103	ID	300	A40	C1	10000	10000	0	0.5	300	0.1
257	-0.00600140994224999	-0.00747583815500021	0	0.45	0.56	-0.00600140994224999	-0.00747583815500021	1	1000	A40	C1	10000	10000	0	0.5	300	0
258	0.00269556406220002	0.0153261472299999	0	0.73	0.233	0.00269556406220002	0.0153261472299999	FGr	1000	A40	C1	10000	10000	0	0.5	300	0
259	0.00461423055560005	0.0195709130050001	0	0.565	0.123	0.00461423055560005	0.0195709130050001	NoCorrection	1000	A40	C1	10000	10000	0	0.5	300	0
260	-0.00451503740854003	-0.00265784434499997	0	0.582	0.851	-0.00451503740854003	-0.00265784434499997	ID	1000	A40	C1	10000	10000	0	0.5	300	0
261	0.00581118145075001	0.00464900702499996	0	0.477	0.719	0.00581118145075001	0.00464900702499996	1	1000	A40	C1	10000	10000	0	0.5	300	0.01
262	0.00408067337965	0.00044077454000001	0	0.577	0.974	0.00408067337965	0.00044077454000001	FGr	1000	A40	C1	10000	10000	0	0.5	300	0.01
263	-0.006038479968746	-0.02163068465	0	0.447	0.143	-0.006038479968746	-0.02163068465	NoCorrection	1000	A40	C1	10000	10000	0	0.5	300	0.01
264	0.00492804594680003	0.00311158731500002	0	0.537	0.843	0.00492804594680003	0.00311158731500002	ID	1000	A40	C1	10000	10000	0	0.5	300	0.01
265	0.0051343351557	0.0096345217600001	0	0.583	0.509	0.0051343351557	0.0096345217600001	1	1000	A40	C1	10000	10000	0	0.5	300	0.03
266	0.01545250656012	0.03730405514	0	0.089	0.013	0.01545250656012	0.03730405514	FGr	1000	A40	C1	10000	10000	0	0.5	300	0.03
267	0.028198990050335	0.07247178439	0	0.003	0	0.028198990050335	0.07247178439	NoCorrection	1000	A40	C1	10000	10000	0	0.5	300	0.03
268	0.00812145786823992	0.01743182465	0	0.38	0.225	0.00812145786823992	0.01743182465	ID	1000	A40	C1	10000	10000	0	0.5	300	0.03
269	0.0021372715106	-0.01171227906	0	0.789	0.369	0.0021372715106	-0.01171227906	1	1000	A40	C1	10000	10000	0	0.5	300	0.1
270	0.01515248683255	0.025788645015	0	0.075	0.045	0.01515248683255	0.025788645015	FGr	1000	A40	C1	10000	10000	0	0.5	300	0.1
271	0.04579139221125	0.10445628301	0	0	0	0.04579139221125	0.10445628301	NoCorrection	1000	A40	C1	10000	10000	0	0.5	300	0.1
272	0.00602495147115001	-5.98854499999864e-06	0	0.473	0.998	0.00602495147115001	-5.98854499999864e-06	ID	1000	A40	C1	10000	10000	0	0.5	300	0.1
273	0.0108798837606499	-0.0215359711199998	0	0.168	0.309	0.0108798837606499	-0.0215359711199998	1	10000	A40	C1	10000	10000	0	0.5	300	0
274	0.01104157868182	-0.0193561908099995	0	0.15	0.355	0.01104157868182	-0.0193561908099995	FGr	10000	A40	C1	10000	10000	0	0.5	300	0
275	-0.00682159945796997	-0.10998111991	0	0.352	0	-0.00682159945796997	-0.10998111991	NoCorrection	10000	A40	C1	10000	10000	0	0.5	300	0
276	0.0113758255420501	-0.0210237183549998	0	0.147	0.33	0.0113758255420501	-0.0210237183549998	ID	10000	A40	C1	10000	10000	0	0.5	300	0
277	0.01134028769703	0.032059156965	0	0.233	0.145	0.01134028769703	0.032059156965	1	10000	A40	C1	10000	10000	0	0.5	300	0.01
278	0.0142310025805401	0.052770807835	0	0.152	0.01	0.0142310025805401	0.052770807835	FGr	10000	A40	C1	10000	10000	0	0.5	300	0.01
279	0.01553176071619	0.05752304908	0	0.11	0.005	0.01553176071619	0.05752304908	NoCorrection	10000	A40	C1	10000	10000	0	0.5	300	0.01
280	0.01272828302986	0.0353280604699999	0	0.174	0.089	0.01272828302986	0.0353280604699999	ID	10000	A40	C1	10000	10000	0	0.5	300	0.01
281	-0.00364529435310006	0.00848327028000014	0	0.649	0.724	-0.00364529435310006	0.00848327028000014	1	10000	A40	C1	10000	10000	0	0.5	300	0.03
282	-0.006858002097785	-0.0128351696600002	0	0.396	0.546	-0.006858002097785	-0.0128351696600002	FGr	10000	A40	C1	10000	10000	0	0.5	300	0.03
283	0.00569019513244996	0.0453055370600002	0	0.472	0.046	0.00569019513244996	0.0453055370600002	NoCorrection	10000	A40	C1	10000	10000	0	0.5	300	0.03
284	-0.00599811291296295	-0.00754248759999951	0	0.448	0.709	-0.00599811291296295	-0.00754248759999951	ID	10000	A40	C1	10000	10000	0	0.5	300	0.03
285	-0.00675658225744017	0.00235736780499999	0	0.475	0.901	-0.00675658225744017	0.00235736780499999	1	10000	A40	C1	10000	10000	0	0.5	300	0.1
286	-0.00472922995525798	0.010520808915	0	0.596	0.593	-0.00472922995525798	0.010520808915	FGr	10000	A40	C1	10000	10000	0	0.5	300	0.1
287	0.03061184686368	0.193640691815	0	0.003	0	0.03061184686368	0.193640691815	NoCorrection	10000	A40	C1	10000	10000	0	0.5	300	0.1
288	-0.00622902198653006	0.00580795737500001	0	0.49	0.769	-0.00622902198653006	0.00580795737500001	ID	10000	A40	C1	10000	10000	0	0.5	300	0.1
289	0.0675386023700001	0.06753860237	0	0.038	0.036	0.0675386023700001	0.06753860237	1	300	A40	C2	1000	100	0	0.5	300	0
290	0.0660386244969499	0.06603862449695	0	0.038	0.049	0.0660386244969499	0.06603862449695	FGr	300	A40	C2	1000	100	0	0.5	300	0
291	0.0648498527499999	0.06484985275	0	0.048	0.063	0.0648498527499999	0.06484985275	NoCorrection	300	A40	C2	1000	100	0	0.5	300	0
292	0.0654281651249999	0.0654281651250001	0	0.043	0.05	0.0654281651249999	0.0654281651250001	ID	300	A40	C2	1000	100	0	0.5	300	0
293	0.033527273776	0.033527273776	0	0.335	0.338	0.033527273776	0.033527273776	1	300	A40	C2	1000	100	0	0.5	300	0.01
294	0.03295207899	0.03295207899	0	0.314	0.332	0.03295207899	0.03295207899	FGr	300	A40	C2	1000	100	0	0.5	300	0.01
295	0.03405485725	0.03405485725	0	0.33	0.313	0.03405485725	0.03405485725	NoCorrection	300	A40	C2	1000	100	0	0.5	300	0.01
296	0.036323842695	0.036323842695	0	0.296	0.281	0.036323842695	0.036323842695	ID	300	A40	C2	1000	100	0	0.5	300	0.01
297	0.058609266563	0.058609266563	0	0.053	0.063	0.058609266563	0.058609266563	1	300	A40	C2	1000	100	0	0.5	300	0.03
298	0.05686855041	0.05686855041	0	0.063	0.08	0.05686855041	0.05686855041	FGr	300	A40	C2	1000	100	0	0.5	300	0.03
299	0.057604416376	0.057604416376	0	0.085	0.076	0.057604416376	0.057604416376	NoCorrection	300	A40	C2	1000	100	0	0.5	300	0.03
300	0.058290572831	0.058290572831	0	0.067	0.079	0.058290572831	0.058290572831	ID	300	A40	C2	1000	100	0	0.5	300	0.03
301	-0.0373504519400001	-0.03735045194	0	0.318	0.365	-0.0373504519400001	-0.03735045194	1	300	A40	C2	1000	100	0	0.5	300	0.1
302	-0.03868391704	-0.03868391704	0	0.285	0.309	-0.03868391704	-0.03868391704	FGr	300	A40	C2	1000	100	0	0.5	300	0.1
303	-0.03657824605	-0.03657824605	0	0.313	0.312	-0.03657824605	-0.03657824605	NoCorrection	300	A40	C2	1000	100	0	0.5	300	0.1
304	-0.038035075655	-0.0380350756550001	0	0.323	0.299	-0.038035075655	-0.0380350756550001	ID	300	A40	C2	1000	100	0	0.5	300	0.1
305	0.03088226773	-0.067248066	0	0.416	0.253	0.03088226773	-0.067248066	1	1000	A40	C2	1000	100	0	0.5	300	0
306	0.03182064246	-0.057312009	0	0.418	0.319	0.03182064246	-0.057312009	FGr	1000	A40	C2	1000	100	0	0.5	300	0
307	0.030746808095	-0.064921713	0	0.444	0.274	0.030746808095	-0.064921713	NoCorrection	1000	A40	C2	1000	100	0	0.5	300	0
308	0.031070451335	-0.0649037365	0	0.407	0.264	0.031070451335	-0.0649037365	ID	1000	A40	C2	1000	100	0	0.5	300	0
309	0.0412644805095	0.0102730045	0	0.222	0.852	0.0412644805095	0.0102730045	1	1000	A40	C2	1000	100	0	0.5	300	0.01
310	0.041324796845	0.00707454349999994	0	0.226	0.906	0.041324796845	0.00707454349999994	FGr	1000	A40	C2	1000	100	0	0.5	300	0.01
311	0.041075938905	0.00627167700000003	0	0.214	0.902	0.041075938905	0.00627167700000003	NoCorrection	1000	A40	C2	1000	100	0	0.5	300	0.01
312	0.0416528956100001	0.00714552300000002	0	0.237	0.901	0.0416528956100001	0.00714552300000002	ID	1000	A40	C2	1000	100	0	0.5	300	0.01
313	0.00884424554500001	0.00456591800000002	0	0.768	0.931	0.00884424554500001	0.00456591800000002	1	1000	A40	C2	1000	100	0	0.5	300	0.03
314	0.00914335970499999	0.00114895049999997	0	0.761	0.977	0.00914335970499999	0.00114895049999997	FGr	1000	A40	C2	1000	100	0	0.5	300	0.03
315	0.00890229760500001	0.00244802049999998	0	0.768	0.964	0.00890229760500001	0.00244802049999998	NoCorrection	1000	A40	C2	1000	100	0	0.5	300	0.03
316	0.00951548559	-0.00223576350000001	0	0.778	0.977	0.00951548559	-0.00223576350000001	ID	1000	A40	C2	1000	100	0	0.5	300	0.03
317	0.0211474185535	-0.0112887355000001	0	0.458	0.801	0.0211474185535	-0.0112887355000001	1	1000	A40	C2	1000	100	0	0.5	300	0.1
318	0.020147577325	0.00228173749999995	0	0.472	0.952	0.020147577325	0.00228173749999995	FGr	1000	A40	C2	1000	100	0	0.5	300	0.1
319	0.020893518945	-0.00517069799999987	0	0.439	0.894	0.020893518945	-0.00517069799999987	NoCorrection	1000	A40	C2	1000	100	0	0.5	300	0.1
320	0.0212588230900001	-0.0071816774999999	0	0.464	0.86	0.0212588230900001	-0.0071816774999999	ID	1000	A40	C2	1000	100	0	0.5	300	0.1
321	0.04687879544	0.015251921	0	0.171	0.877	0.04687879544	0.015251921	1	10000	A40	C2	1000	100	0	0.5	300	0
322	0.0456513645125001	0.00248636050000006	0	0.174	0.976	0.0456513645125001	0.00248636050000006	FGr	10000	A40	C2	1000	100	0	0.5	300	0
323	0.04609069073	-0.010090292	0	0.169	0.915	0.04609069073	-0.010090292	NoCorrection	10000	A40	C2	1000	100	0	0.5	300	0
324	0.04673054764	0.000691685500000054	0	0.177	0.992	0.04673054764	0.000691685500000054	ID	10000	A40	C2	1000	100	0	0.5	300	0
325	0.03004685852	0.112546042	0	0.355	0.22	0.03004685852	0.112546042	1	10000	A40	C2	1000	100	0	0.5	300	0.01
326	0.030077923831	0.0829162264999999	0	0.311	0.38	0.030077923831	0.0829162264999999	FGr	10000	A40	C2	1000	100	0	0.5	300	0.01
327	0.02932288552	0.105104713	0	0.357	0.238	0.02932288552	0.105104713	NoCorrection	10000	A40	C2	1000	100	0	0.5	300	0.01
328	0.0298943091368	0.110127905	0	0.353	0.232	0.0298943091368	0.110127905	ID	10000	A40	C2	1000	100	0	0.5	300	0.01
329	0.021910180403	-0.0387753825000001	0	0.525	0.671	0.021910180403	-0.0387753825000001	1	10000	A40	C2	1000	100	0	0.5	300	0.03
330	0.0196428060525	-0.0441335934999999	0	0.576	0.596	0.0196428060525	-0.0441335934999999	FGr	10000	A40	C2	1000	100	0	0.5	300	0.03
331	0.01989578228	-0.0555135655	0	0.554	0.556	0.01989578228	-0.0555135655	NoCorrection	10000	A40	C2	1000	100	0	0.5	300	0.03
332	0.021648217405	-0.0653821335	0	0.526	0.459	0.021648217405	-0.0653821335	ID	10000	A40	C2	1000	100	0	0.5	300	0.03
333	-0.018846402705	-0.09713422	0	0.565	0.226	-0.018846402705	-0.09713422	1	10000	A40	C2	1000	100	0	0.5	300	0.1
334	-0.020957753745	-0.0225480675	0	0.525	0.796	-0.020957753745	-0.0225480675	FGr	10000	A40	C2	1000	100	0	0.5	300	0.1
335	-0.0216115449999999	-0.078778913	0	0.511	0.35	-0.0216115449999999	-0.078778913	NoCorrection	10000	A40	C2	1000	100	0	0.5	300	0.1
336	-0.018942368146	-0.111209317	0	0.548	0.213	-0.018942368146	-0.111209317	ID	10000	A40	C2	1000	100	0	0.5	300	0.1
337	0.000628362768500053	0.000628362768500061	0	0.974	0.964	0.000628362768500053	0.000628362768500061	1	300	A40	C2	1000	1000	0	0.5	300	0
338	0.000620043484999913	0.00062004348499991	0	0.971	0.97	0.000620043484999913	0.00062004348499991	FGr	300	A40	C2	1000	1000	0	0.5	300	0
339	0.000619920976999963	0.000619920976999944	0	0.967	0.977	0.000619920976999963	0.000619920976999944	NoCorrection	300	A40	C2	1000	1000	0	0.5	300	0
340	0.000743730701600152	0.000743730701600121	0	0.976	0.971	0.000743730701600152	0.000743730701600121	ID	300	A40	C2	1000	1000	0	0.5	300	0
341	0.0460244744555	0.0460244744555	0	0.02	0.02	0.0460244744555	0.0460244744555	1	300	A40	C2	1000	1000	0	0.5	300	0.01
342	0.0454965995733499	0.0454965995733499	0	0.016	0.017	0.0454965995733499	0.0454965995733499	FGr	300	A40	C2	1000	1000	0	0.5	300	0.01
343	0.0454277342606	0.0454277342606	0	0.018	0.022	0.0454277342606	0.0454277342606	NoCorrection	300	A40	C2	1000	1000	0	0.5	300	0.01
344	0.046081525047	0.046081525047	0	0.014	0.02	0.046081525047	0.046081525047	ID	300	A40	C2	1000	1000	0	0.5	300	0.01
345	0.048469938194	0.048469938194	0	0.023	0.013	0.048469938194	0.048469938194	1	300	A40	C2	1000	1000	0	0.5	300	0.03
346	0.0478949435825	0.0478949435825	0	0.022	0.019	0.0478949435825	0.0478949435825	FGr	300	A40	C2	1000	1000	0	0.5	300	0.03
347	0.047895422962	0.047895422962	0	0.03	0.015	0.047895422962	0.047895422962	NoCorrection	300	A40	C2	1000	1000	0	0.5	300	0.03
348	0.04783138275355	0.04783138275355	0	0.018	0.029	0.04783138275355	0.04783138275355	ID	300	A40	C2	1000	1000	0	0.5	300	0.03
349	0.010879068672	0.010879068672	0	0.653	0.674	0.010879068672	0.010879068672	1	300	A40	C2	1000	1000	0	0.5	300	0.1
350	0.00699695149049999	0.00699695149049999	0	0.803	0.797	0.00699695149049999	0.00699695149049999	FGr	300	A40	C2	1000	1000	0	0.5	300	0.1
351	0.00699235852440001	0.0069923585244	0	0.769	0.763	0.00699235852440001	0.0069923585244	NoCorrection	300	A40	C2	1000	1000	0	0.5	300	0.1
352	0.00674184232600002	0.006741842326	0	0.785	0.777	0.00674184232600002	0.006741842326	ID	300	A40	C2	1000	1000	0	0.5	300	0.1
353	-0.0307995741879998	0.00501822620000032	0	0.157	0.883	-0.0307995741879998	0.00501822620000032	1	1000	A40	C2	1000	1000	0	0.5	300	0
354	-0.0293230862200002	-0.0146928424000002	0	0.177	0.671	-0.0293230862200002	-0.0146928424000002	FGr	1000	A40	C2	1000	1000	0	0.5	300	0
355	-0.0295432992321501	-0.0128665679999997	0	0.177	0.727	-0.0295432992321501	-0.0128665679999997	NoCorrection	1000	A40	C2	1000	1000	0	0.5	300	0
356	-0.0298441060049995	-0.00277596750000014	0	0.157	0.952	-0.0298441060049995	-0.00277596750000014	ID	1000	A40	C2	1000	1000	0	0.5	300	0
357	0.0150031747885	0.02218141525	0	0.48	0.516	0.0150031747885	0.02218141525	1	1000	A40	C2	1000	1000	0	0.5	300	0.01
358	0.013735452828	0.0192941016999998	0	0.527	0.545	0.013735452828	0.0192941016999998	FGr	1000	A40	C2	1000	1000	0	0.5	300	0.01
359	0.014025538211	0.0231947495500003	0	0.504	0.49	0.014025538211	0.0231947495500003	NoCorrection	1000	A40	C2	1000	1000	0	0.5	300	0.01
360	0.0144714556155	0.0188592418499998	0	0.491	0.577	0.0144714556155	0.0188592418499998	ID	1000	A40	C2	1000	1000	0	0.5	300	0.01
361	-0.00694684349429998	-0.0529950149999998	0	0.723	0.098	-0.00694684349429998	-0.0529950149999998	1	1000	A40	C2	1000	1000	0	0.5	300	0.03
362	-0.00612302360009996	-0.0486906326	0	0.751	0.123	-0.00612302360009996	-0.0486906326	FGr	1000	A40	C2	1000	1000	0	0.5	300	0.03
363	-0.006769602937	-0.05087685965	0	0.75	0.108	-0.006769602937	-0.05087685965	NoCorrection	1000	A40	C2	1000	1000	0	0.5	300	0.03
364	-0.00711804344400001	-0.0523939040500001	0	0.737	0.096	-0.00711804344400001	-0.0523939040500001	ID	1000	A40	C2	1000	1000	0	0.5	300	0.03
365	-0.0274561273395005	-0.0228007313999999	0	0.18	0.507	-0.0274561273395005	-0.0228007313999999	1	1000	A40	C2	1000	1000	0	0.5	300	0.1
366	-0.0265444994314999	-0.0257484133	0	0.187	0.46	-0.0265444994314999	-0.0257484133	FGr	1000	A40	C2	1000	1000	0	0.5	300	0.1
367	-0.027409051403225	-0.0267278959999998	0	0.204	0.45	-0.027409051403225	-0.0267278959999998	NoCorrection	1000	A40	C2	1000	1000	0	0.5	300	0.1
368	-0.0273998877492999	-0.0251105068999998	0	0.184	0.462	-0.0273998877492999	-0.0251105068999998	ID	1000	A40	C2	1000	1000	0	0.5	300	0.1
369	-0.00870726853274989	-0.0753235765999998	0	0.715	0.142	-0.00870726853274989	-0.0753235765999998	1	10000	A40	C2	1000	1000	0	0.5	300	0
370	-0.00763893709599997	-0.0956100243000001	0	0.71	0.068	-0.00763893709599997	-0.0956100243000001	FGr	10000	A40	C2	1000	1000	0	0.5	300	0
371	-0.00799869660449993	-0.0929703243	0	0.736	0.089	-0.00799869660449993	-0.0929703243	NoCorrection	10000	A40	C2	1000	1000	0	0.5	300	0
372	-0.00861060722300002	-0.0891023214999998	0	0.706	0.096	-0.00861060722300002	-0.0891023214999998	ID	10000	A40	C2	1000	1000	0	0.5	300	0
373	0.02267729684865	-0.1018061449	0	0.184	0.029	0.02267729684865	-0.1018061449	1	10000	A40	C2	1000	1000	0	0.5	300	0.01
374	0.02283896943	-0.0986195345000001	0	0.211	0.027	0.02283896943	-0.0986195345000001	FGr	10000	A40	C2	1000	1000	0	0.5	300	0.01
375	0.0217803257769999	-0.0861125334499991	0	0.203	0.063	0.0217803257769999	-0.0861125334499991	NoCorrection	10000	A40	C2	1000	1000	0	0.5	300	0.01
376	0.0226503946279501	-0.10519612795	0	0.196	0.025	0.0226503946279501	-0.10519612795	ID	10000	A40	C2	1000	1000	0	0.5	300	0.01
377	0.0241643002259999	0.00431196789999983	0	0.299	0.939	0.0241643002259999	0.00431196789999983	1	10000	A40	C2	1000	1000	0	0.5	300	0.03
378	0.0238434698205	6.77776999993203e-05	0	0.287	0.999	0.0238434698205	6.77776999993203e-05	FGr	10000	A40	C2	1000	1000	0	0.5	300	0.03
379	0.0236827642635001	-0.00284745265000025	0	0.289	0.953	0.0236827642635001	-0.00284745265000025	NoCorrection	10000	A40	C2	1000	1000	0	0.5	300	0.03
380	0.0236823343990001	-0.00569303539999994	0	0.283	0.897	0.0236823343990001	-0.00569303539999994	ID	10000	A40	C2	1000	1000	0	0.5	300	0.03
381	-0.03381094559215	-0.0435960250999998	0	0.146	0.375	-0.03381094559215	-0.0435960250999998	1	10000	A40	C2	1000	1000	0	0.5	300	0.1
382	-0.035827921492	-0.0659830417999999	0	0.108	0.219	-0.035827921492	-0.0659830417999999	FGr	10000	A40	C2	1000	1000	0	0.5	300	0.1
383	-0.0352867369049999	-0.0801850231500002	0	0.126	0.11	-0.0352867369049999	-0.0801850231500002	NoCorrection	10000	A40	C2	1000	1000	0	0.5	300	0.1
384	-0.0339554184614999	-0.04047900755	0	0.139	0.384	-0.0339554184614999	-0.04047900755	ID	10000	A40	C2	1000	1000	0	0.5	300	0.1
385	0.0185267880255	0.0185267880255	0	0.334	0.378	0.0185267880255	0.0185267880255	1	300	A40	C2	1000	10000	0	0.5	300	0
386	0.0171591293541501	0.0171591293541501	0	0.381	0.377	0.0171591293541501	0.0171591293541501	FGr	300	A40	C2	1000	10000	0	0.5	300	0
387	0.0163882430163001	0.0163882430163001	0	0.387	0.418	0.0163882430163001	0.0163882430163001	NoCorrection	300	A40	C2	1000	10000	0	0.5	300	0
388	0.01883027269543	0.01883027269543	0	0.302	0.368	0.01883027269543	0.01883027269543	ID	300	A40	C2	1000	10000	0	0.5	300	0
389	0.02536011914875	0.0253601191487499	0	0.086	0.12	0.02536011914875	0.0253601191487499	1	300	A40	C2	1000	10000	0	0.5	300	0.01
390	0.0269833479990401	0.0269833479990401	0	0.094	0.123	0.0269833479990401	0.0269833479990401	FGr	300	A40	C2	1000	10000	0	0.5	300	0.01
391	0.0266767161942502	0.0266767161942502	0	0.111	0.094	0.0266767161942502	0.0266767161942502	NoCorrection	300	A40	C2	1000	10000	0	0.5	300	0.01
392	0.0231626925794999	0.0231626925794999	0	0.159	0.171	0.0231626925794999	0.0231626925794999	ID	300	A40	C2	1000	10000	0	0.5	300	0.01
393	0.0288499273833997	0.0288499273833997	0	0.105	0.108	0.0288499273833997	0.0288499273833997	1	300	A40	C2	1000	10000	0	0.5	300	0.03
394	0.0311194438567999	0.0311194438567999	0	0.098	0.081	0.0311194438567999	0.0311194438567999	FGr	300	A40	C2	1000	10000	0	0.5	300	0.03
395	0.0312006637666999	0.0312006637666999	0	0.078	0.07	0.0312006637666999	0.0312006637666999	NoCorrection	300	A40	C2	1000	10000	0	0.5	300	0.03
396	0.02595151921049	0.02595151921049	0	0.132	0.156	0.02595151921049	0.02595151921049	ID	300	A40	C2	1000	10000	0	0.5	300	0.03
397	-0.0122473694235499	-0.0122473694235499	0	0.475	0.475	-0.0122473694235499	-0.0122473694235499	1	300	A40	C2	1000	10000	0	0.5	300	0.1
398	-0.01187855505095	-0.01187855505095	0	0.502	0.472	-0.01187855505095	-0.01187855505095	FGr	300	A40	C2	1000	10000	0	0.5	300	0.1
399	-0.01195939046005	-0.01195939046005	0	0.501	0.509	-0.01195939046005	-0.01195939046005	NoCorrection	300	A40	C2	1000	10000	0	0.5	300	0.1
400	-0.00915293586890017	-0.00915293586890017	0	0.611	0.588	-0.00915293586890017	-0.00915293586890017	ID	300	A40	C2	1000	10000	0	0.5	300	0.1
401	0.00608867521319973	0.0228060604300001	0	0.733	0.4	0.00608867521319973	0.0228060604300001	1	1000	A40	C2	1000	10000	0	0.5	300	0
402	0.00567208762842018	0.00597362597500004	0	0.771	0.819	0.00567208762842018	0.00597362597500004	FGr	1000	A40	C2	1000	10000	0	0.5	300	0
403	0.00556367094035034	0.0115251733650004	0	0.743	0.7	0.00556367094035034	0.0115251733650004	NoCorrection	1000	A40	C2	1000	10000	0	0.5	300	0
404	0.00586612179305	0.0164503480650004	0	0.757	0.575	0.00586612179305	0.0164503480650004	ID	1000	A40	C2	1000	10000	0	0.5	300	0
405	-0.00708850459203482	0.0137945609900004	0	0.712	0.659	-0.00708850459203482	0.0137945609900004	1	1000	A40	C2	1000	10000	0	0.5	300	0.01
406	-0.0061484670941102	0.00833604834500047	0	0.747	0.787	-0.0061484670941102	0.00833604834500047	FGr	1000	A40	C2	1000	10000	0	0.5	300	0.01
407	-0.00679381427749998	0.00829467276499998	0	0.738	0.786	-0.00679381427749998	0.00829467276499998	NoCorrection	1000	A40	C2	1000	10000	0	0.5	300	0.01
408	-0.00718381094052504	0.0119248633000001	0	0.715	0.696	-0.00718381094052504	0.0119248633000001	ID	1000	A40	C2	1000	10000	0	0.5	300	0.01
409	0.00104354323914998	-0.0188810061499993	0	0.954	0.535	0.00104354323914998	-0.0188810061499993	1	1000	A40	C2	1000	10000	0	0.5	300	0.03
410	0.000630679214399945	-0.015132060545	0	0.969	0.617	0.000630679214399945	-0.015132060545	FGr	1000	A40	C2	1000	10000	0	0.5	300	0.03
411	0.000723937834400026	-0.0171061306450007	0	0.968	0.581	0.000723937834400026	-0.0171061306450007	NoCorrection	1000	A40	C2	1000	10000	0	0.5	300	0.03
412	0.000874650339879836	-0.0181959147449998	0	0.963	0.554	0.000874650339879836	-0.0181959147449998	ID	1000	A40	C2	1000	10000	0	0.5	300	0.03
413	0.022829765600875	0.0853590353400002	0	0.231	0.003	0.022829765600875	0.0853590353400002	1	1000	A40	C2	1000	10000	0	0.5	300	0.1
414	0.0218927646802499	0.0850206859050001	0	0.251	0.006	0.0218927646802499	0.0850206859050001	FGr	1000	A40	C2	1000	10000	0	0.5	300	0.1
415	0.0221945219263	0.0825492724899999	0	0.236	0.007	0.0221945219263	0.0825492724899999	NoCorrection	1000	A40	C2	1000	10000	0	0.5	300	0.1
416	0.02269653109134	0.08373382084	0	0.225	0.008	0.02269653109134	0.08373382084	ID	1000	A40	C2	1000	10000	0	0.5	300	0.1
417	0.00396212397285036	-0.00749170938499986	0	0.829	0.873	0.00396212397285036	-0.00749170938499986	1	10000	A40	C2	1000	10000	0	0.5	300	0
418	0.00305167973349989	-0.0010103220300006	0	0.87	0.989	0.00305167973349989	-0.0010103220300006	FGr	10000	A40	C2	1000	10000	0	0.5	300	0
419	0.00316491968100985	-0.00114015627500024	0	0.85	0.972	0.00316491968100985	-0.00114015627500024	NoCorrection	10000	A40	C2	1000	10000	0	0.5	300	0
420	0.00357482185000056	0.000430232264999978	0	0.867	0.996	0.00357482185000056	0.000430232264999978	ID	10000	A40	C2	1000	10000	0	0.5	300	0
421	0.00923335023629989	0.0330737717199991	0	0.589	0.515	0.00923335023629989	0.0330737717199991	1	10000	A40	C2	1000	10000	0	0.5	300	0.01
422	0.01065930893805	0.062155139129999	0	0.568	0.216	0.01065930893805	0.062155139129999	FGr	10000	A40	C2	1000	10000	0	0.5	300	0.01
423	0.0107417169015001	0.0663487425600001	0	0.581	0.177	0.0107417169015001	0.0663487425600001	NoCorrection	10000	A40	C2	1000	10000	0	0.5	300	0.01
424	0.00981843808460005	0.0384747083499998	0	0.582	0.433	0.00981843808460005	0.0384747083499998	ID	10000	A40	C2	1000	10000	0	0.5	300	0.01
425	0.0335421993313001	0.094712372515	0	0.108	0.037	0.0335421993313001	0.094712372515	1	10000	A40	C2	1000	10000	0	0.5	300	0.03
426	0.0327031994303501	0.0810391454450004	0	0.117	0.095	0.0327031994303501	0.0810391454450004	FGr	10000	A40	C2	1000	10000	0	0.5	300	0.03
427	0.0326992703145	0.080801506265	0	0.127	0.08	0.0326992703145	0.080801506265	NoCorrection	10000	A40	C2	1000	10000	0	0.5	300	0.03
428	0.03323454988375	0.0985042555599999	0	0.13	0.043	0.03323454988375	0.0985042555599999	ID	10000	A40	C2	1000	10000	0	0.5	300	0.03
429	-0.01238554985025	0.00955464831000015	0	0.553	0.852	-0.01238554985025	0.00955464831000015	1	10000	A40	C2	1000	10000	0	0.5	300	0.1
430	-0.0120056534791251	0.00979503610000015	0	0.55	0.834	-0.0120056534791251	0.00979503610000015	FGr	10000	A40	C2	1000	10000	0	0.5	300	0.1
431	-0.0115367484052949	0.00161593899999987	0	0.599	0.98	-0.0115367484052949	0.00161593899999987	NoCorrection	10000	A40	C2	1000	10000	0	0.5	300	0.1
432	-0.01222553863595	0.0130964868449995	0	0.579	0.791	-0.01222553863595	0.0130964868449995	ID	10000	A40	C2	1000	10000	0	0.5	300	0.1
433	0.00705608851499999	0.007056088515	0	0.499	0.508	0.00705608851499999	0.007056088515	1	300	A40	C2	10000	100	0	0.5	300	0
434	0.007070186175	0.007070186175	0	0.518	0.499	0.007070186175	0.007070186175	FGr	300	A40	C2	10000	100	0	0.5	300	0
435	0.00704909150000001	0.0070490915	0	0.507	0.502	0.00704909150000001	0.0070490915	NoCorrection	300	A40	C2	10000	100	0	0.5	300	0
436	0.00677254622999997	0.00677254622999997	0	0.527	0.494	0.00677254622999997	0.00677254622999997	ID	300	A40	C2	10000	100	0	0.5	300	0
437	-0.00526247496999999	-0.00526247496999996	0	0.59	0.559	-0.00526247496999999	-0.00526247496999996	1	300	A40	C2	10000	100	0	0.5	300	0.01
438	-0.00538462521000001	-0.00538462521000003	0	0.567	0.568	-0.00538462521000001	-0.00538462521000003	FGr	300	A40	C2	10000	100	0	0.5	300	0.01
439	-0.00539550234000002	-0.00539550234000002	0	0.612	0.579	-0.00539550234000002	-0.00539550234000002	NoCorrection	300	A40	C2	10000	100	0	0.5	300	0.01
440	-0.005384338375	-0.005384338375	0	0.569	0.592	-0.005384338375	-0.005384338375	ID	300	A40	C2	10000	100	0	0.5	300	0.01
441	0.00666151473000002	0.00666151473000001	0	0.486	0.55	0.00666151473000002	0.00666151473000001	1	300	A40	C2	10000	100	0	0.5	300	0.03
442	0.0066100180702	0.00661001807020001	0	0.485	0.508	0.0066100180702	0.00661001807020001	FGr	300	A40	C2	10000	100	0	0.5	300	0.03
443	0.00662163337800002	0.00662163337800002	0	0.53	0.54	0.00662163337800002	0.00662163337800002	NoCorrection	300	A40	C2	10000	100	0	0.5	300	0.03
444	0.0064957409	0.00649574089999999	0	0.507	0.53	0.0064957409	0.00649574089999999	ID	300	A40	C2	10000	100	0	0.5	300	0.03
445	-0.006602831645	-0.006602831645	0	0.503	0.536	-0.006602831645	-0.006602831645	1	300	A40	C2	10000	100	0	0.5	300	0.1
446	-0.005833482145	-0.005833482145	0	0.572	0.556	-0.005833482145	-0.005833482145	FGr	300	A40	C2	10000	100	0	0.5	300	0.1
447	-0.00579647206	-0.00579647206	0	0.568	0.583	-0.00579647206	-0.00579647206	NoCorrection	300	A40	C2	10000	100	0	0.5	300	0.1
448	-0.0073931767265	-0.0073931767265	0	0.474	0.462	-0.0073931767265	-0.0073931767265	ID	300	A40	C2	10000	100	0	0.5	300	0.1
449	0.0039615252321	-0.010298381	0	0.711	0.579	0.0039615252321	-0.010298381	1	1000	A40	C2	10000	100	0	0.5	300	0
450	0.00374098935499999	-0.012099912	0	0.768	0.539	0.00374098935499999	-0.012099912	FGr	1000	A40	C2	10000	100	0	0.5	300	0
451	0.00374576462999999	-0.0121008265	0	0.74	0.506	0.00374576462999999	-0.0121008265	NoCorrection	1000	A40	C2	10000	100	0	0.5	300	0
452	0.003938069202	-0.008345603	0	0.768	0.675	0.003938069202	-0.008345603	ID	1000	A40	C2	10000	100	0	0.5	300	0
453	-0.00271154968799997	0.00510175200000001	0	0.778	0.771	-0.00271154968799997	0.00510175200000001	1	1000	A40	C2	10000	100	0	0.5	300	0.01
454	-0.00273423898050003	0.00556215200000001	0	0.805	0.748	-0.00273423898050003	0.00556215200000001	FGr	1000	A40	C2	10000	100	0	0.5	300	0.01
455	-0.00273445835900001	0.0055676975	0	0.755	0.726	-0.00273445835900001	0.0055676975	NoCorrection	1000	A40	C2	10000	100	0	0.5	300	0.01
456	-0.00271831953900001	0.00516036399999998	0	0.794	0.778	-0.00271831953900001	0.00516036399999998	ID	1000	A40	C2	10000	100	0	0.5	300	0.01
457	0.0231125112	-0.0053197395	0	0.03	0.771	0.0231125112	-0.0053197395	1	1000	A40	C2	10000	100	0	0.5	300	0.03
458	0.022462644005	0.001090557	0	0.031	0.965	0.022462644005	0.001090557	FGr	1000	A40	C2	10000	100	0	0.5	300	0.03
459	0.022457338417	0.001106157	0	0.043	0.947	0.022457338417	0.001106157	NoCorrection	1000	A40	C2	10000	100	0	0.5	300	0.03
460	0.0228978337525	-0.005952554	0	0.038	0.8	0.0228978337525	-0.005952554	ID	1000	A40	C2	10000	100	0	0.5	300	0.03
461	0.0115059208925	0.039299848	0	0.324	0.034	0.0115059208925	0.039299848	1	1000	A40	C2	10000	100	0	0.5	300	0.1
462	0.01049292422	0.032694496	0	0.38	0.083	0.01049292422	0.032694496	FGr	1000	A40	C2	10000	100	0	0.5	300	0.1
463	0.01048838324	0.0328956995	0	0.378	0.099	0.01048838324	0.0328956995	NoCorrection	1000	A40	C2	10000	100	0	0.5	300	0.1
464	0.0111785957065	0.037788013	0	0.334	0.047	0.0111785957065	0.037788013	ID	1000	A40	C2	10000	100	0	0.5	300	0.1
465	-0.01198320528145	-0.018808443	0	0.316	0.499	-0.01198320528145	-0.018808443	1	10000	A40	C2	10000	100	0	0.5	300	0
466	-0.012192334065	-0.00899961599999997	0	0.295	0.724	-0.012192334065	-0.00899961599999997	FGr	10000	A40	C2	10000	100	0	0.5	300	0
467	-0.0120357883035	-0.0161050284999999	0	0.317	0.549	-0.0120357883035	-0.0161050284999999	NoCorrection	10000	A40	C2	10000	100	0	0.5	300	0
468	-0.0119745020472	-0.0177581809999999	0	0.288	0.513	-0.0119745020472	-0.0177581809999999	ID	10000	A40	C2	10000	100	0	0.5	300	0
469	-0.0068212072508	0.023139037	0	0.558	0.411	-0.0068212072508	0.023139037	1	10000	A40	C2	10000	100	0	0.5	300	0.01
470	-0.00702438904500001	0.0248074175	0	0.582	0.378	-0.00702438904500001	0.0248074175	FGr	10000	A40	C2	10000	100	0	0.5	300	0.01
471	-0.00705492204432999	0.025533418	0	0.579	0.371	-0.00705492204432999	0.025533418	NoCorrection	10000	A40	C2	10000	100	0	0.5	300	0.01
472	-0.00687927011149998	0.0259654835	0	0.556	0.397	-0.00687927011149998	0.0259654835	ID	10000	A40	C2	10000	100	0	0.5	300	0.01
473	-0.000795300491949999	0.0234172300000001	0	0.951	0.406	-0.000795300491949999	0.0234172300000001	1	10000	A40	C2	10000	100	0	0.5	300	0.03
474	-0.000858831869999996	0.024417996	0	0.936	0.382	-0.000858831869999996	0.024417996	FGr	10000	A40	C2	10000	100	0	0.5	300	0.03
475	-0.000945528019499995	0.0231123395000001	0	0.933	0.41	-0.000945528019499995	0.0231123395000001	NoCorrection	10000	A40	C2	10000	100	0	0.5	300	0.03
476	-0.000764735241	0.0195677409999999	0	0.942	0.488	-0.000764735241	0.0195677409999999	ID	10000	A40	C2	10000	100	0	0.5	300	0.03
477	0.0073557315915	0.014525272	0	0.431	0.591	0.0073557315915	0.014525272	1	10000	A40	C2	10000	100	0	0.5	300	0.1
478	0.00569631371	-0.000496572500000054	0	0.572	0.989	0.00569631371	-0.000496572500000054	FGr	10000	A40	C2	10000	100	0	0.5	300	0.1
479	0.00570834293	-0.000503354000000016	0	0.577	0.986	0.00570834293	-0.000503354000000016	NoCorrection	10000	A40	C2	10000	100	0	0.5	300	0.1
480	0.00721868843500001	0.0169519545	0	0.451	0.535	0.00721868843500001	0.0169519545	ID	10000	A40	C2	10000	100	0	0.5	300	0.1
481	0.00207768943525498	0.00207768943525499	0	0.7	0.699	0.00207768943525498	0.00207768943525499	1	300	A40	C2	10000	1000	0	0.5	300	0
482	0.00184960707725001	0.00184960707725001	0	0.74	0.761	0.00184960707725001	0.00184960707725001	FGr	300	A40	C2	10000	1000	0	0.5	300	0
483	0.00203748919500002	0.00203748919500001	0	0.708	0.699	0.00203748919500002	0.00203748919500001	NoCorrection	300	A40	C2	10000	1000	0	0.5	300	0
484	0.00210332004824997	0.00210332004824996	0	0.736	0.716	0.00210332004824997	0.00210332004824996	ID	300	A40	C2	10000	1000	0	0.5	300	0
485	-0.000107567161499967	-0.000107567161499971	0	0.987	0.993	-0.000107567161499967	-0.000107567161499971	1	300	A40	C2	10000	1000	0	0.5	300	0.01
486	-0.00011746834399998	-0.000117468343999986	0	0.984	0.987	-0.00011746834399998	-0.000117468343999986	FGr	300	A40	C2	10000	1000	0	0.5	300	0.01
487	-9.00235124999623e-05	-9.00235124999399e-05	0	0.981	0.984	-9.00235124999623e-05	-9.00235124999399e-05	NoCorrection	300	A40	C2	10000	1000	0	0.5	300	0.01
488	-0.000112221910000038	-0.000112221910000042	0	0.988	0.993	-0.000112221910000038	-0.000112221910000042	ID	300	A40	C2	10000	1000	0	0.5	300	0.01
489	-0.0078483827398	-0.00784838273980001	0	0.228	0.227	-0.0078483827398	-0.00784838273980001	1	300	A40	C2	10000	1000	0	0.5	300	0.03
490	-0.00750652414210003	-0.00750652414210003	0	0.244	0.248	-0.00750652414210003	-0.00750652414210003	FGr	300	A40	C2	10000	1000	0	0.5	300	0.03
491	-0.00762368427699998	-0.00762368427700001	0	0.234	0.249	-0.00762368427699998	-0.00762368427700001	NoCorrection	300	A40	C2	10000	1000	0	0.5	300	0.03
492	-0.00778761709899999	-0.00778761709899998	0	0.208	0.219	-0.00778761709899999	-0.00778761709899998	ID	300	A40	C2	10000	1000	0	0.5	300	0.03
493	0.00163366379450001	0.00163366379450002	0	0.833	0.82	0.00163366379450001	0.00163366379450002	1	300	A40	C2	10000	1000	0	0.5	300	0.1
494	0.00199130361700001	0.001991303617	0	0.791	0.79	0.00199130361700001	0.001991303617	FGr	300	A40	C2	10000	1000	0	0.5	300	0.1
495	0.00202869145099999	0.00202869145099998	0	0.796	0.791	0.00202869145099999	0.00202869145099998	NoCorrection	300	A40	C2	10000	1000	0	0.5	300	0.1
496	0.00170933461649999	0.0017093346165	0	0.806	0.833	0.00170933461649999	0.0017093346165	ID	300	A40	C2	10000	1000	0	0.5	300	0.1
497	-5.12102914999918e-05	0.000382795099999982	0	0.996	0.965	-5.12102914999918e-05	0.000382795099999982	1	1000	A40	C2	10000	1000	0	0.5	300	0
498	1.63481600999794e-05	0.00101068645000004	0	0.997	0.921	1.63481600999794e-05	0.00101068645000004	FGr	1000	A40	C2	10000	1000	0	0.5	300	0
499	1.08044859999852e-05	0.000535826449999886	0	1	0.964	1.08044859999852e-05	0.000535826449999886	NoCorrection	1000	A40	C2	10000	1000	0	0.5	300	0
500	-0.000144298676750009	0.00131801989999997	0	0.985	0.892	-0.000144298676750009	0.00131801989999997	ID	1000	A40	C2	10000	1000	0	0.5	300	0
501	0.00959721576	0.0135585814999999	0	0.102	0.237	0.00959721576	0.0135585814999999	1	1000	A40	C2	10000	1000	0	0.5	300	0.01
502	0.00980482338865004	0.0170732872	0	0.129	0.127	0.00980482338865004	0.0170732872	FGr	1000	A40	C2	10000	1000	0	0.5	300	0.01
503	0.00980225352819999	0.01706448095	0	0.107	0.124	0.00980225352819999	0.01706448095	NoCorrection	1000	A40	C2	10000	1000	0	0.5	300	0.01
504	0.00965682103149998	0.0142744755000002	0	0.126	0.199	0.00965682103149998	0.0142744755000002	ID	1000	A40	C2	10000	1000	0	0.5	300	0.01
505	-0.00863580512856	-0.00963349090000001	0	0.178	0.415	-0.00863580512856	-0.00963349090000001	1	1000	A40	C2	10000	1000	0	0.5	300	0.03
506	-0.00840017916490005	-0.0147594172	0	0.175	0.173	-0.00840017916490005	-0.0147594172	FGr	1000	A40	C2	10000	1000	0	0.5	300	0.03
507	-0.00840023304340005	-0.01557381945	0	0.201	0.17	-0.00840023304340005	-0.01557381945	NoCorrection	1000	A40	C2	10000	1000	0	0.5	300	0.03
508	-0.00856454274979998	-0.01199847675	0	0.171	0.287	-0.00856454274979998	-0.01199847675	ID	1000	A40	C2	10000	1000	0	0.5	300	0.03
509	-0.00323812486734997	-0.0026615568499998	0	0.637	0.82	-0.00323812486734997	-0.0026615568499998	1	1000	A40	C2	10000	1000	0	0.5	300	0.1
510	-0.00265187702450012	-0.00231495744999996	0	0.728	0.848	-0.00265187702450012	-0.00231495744999996	FGr	1000	A40	C2	10000	1000	0	0.5	300	0.1
511	-0.00264549225099999	-0.00371678365000007	0	0.695	0.772	-0.00264549225099999	-0.00371678365000007	NoCorrection	1000	A40	C2	10000	1000	0	0.5	300	0.1
512	-0.00311423160739998	-0.00273678335000002	0	0.659	0.83	-0.00311423160739998	-0.00273678335000002	ID	1000	A40	C2	10000	1000	0	0.5	300	0.1
513	0.00673801807499999	0.00300979185000001	0	0.25	0.857	0.00673801807499999	0.00300979185000001	1	10000	A40	C2	10000	1000	0	0.5	300	0
514	0.0064622335055	0.00518855125	0	0.258	0.753	0.0064622335055	0.00518855125	FGr	10000	A40	C2	10000	1000	0	0.5	300	0
515	0.0065824091715	0.00413114635	0	0.256	0.784	0.0065824091715	0.00413114635	NoCorrection	10000	A40	C2	10000	1000	0	0.5	300	0
516	0.006722805238	0.00146170790000001	0	0.229	0.942	0.006722805238	0.00146170790000001	ID	10000	A40	C2	10000	1000	0	0.5	300	0
517	-0.0078649240799	0.00189580240000011	0	0.177	0.906	-0.0078649240799	0.00189580240000011	1	10000	A40	C2	10000	1000	0	0.5	300	0.01
518	-0.008537978257	-0.00440477265000003	0	0.152	0.785	-0.008537978257	-0.00440477265000003	FGr	10000	A40	C2	10000	1000	0	0.5	300	0.01
519	-0.0085497454936	-0.00347154844999999	0	0.162	0.806	-0.0085497454936	-0.00347154844999999	NoCorrection	10000	A40	C2	10000	1000	0	0.5	300	0.01
520	-0.007858506312	0.00188651070000002	0	0.199	0.905	-0.007858506312	0.00188651070000002	ID	10000	A40	C2	10000	1000	0	0.5	300	0.01
521	-0.0066453741756	0.00569264680000004	0	0.25	0.746	-0.0066453741756	0.00569264680000004	1	10000	A40	C2	10000	1000	0	0.5	300	0.03
522	-0.00678212032533498	-3.91705999999088e-05	0	0.258	0.998	-0.00678212032533498	-3.91705999999088e-05	FGr	10000	A40	C2	10000	1000	0	0.5	300	0.03
523	-0.00684136975849999	-9.61745000010872e-06	0	0.238	0.999	-0.00684136975849999	-9.61745000010872e-06	NoCorrection	10000	A40	C2	10000	1000	0	0.5	300	0.03
524	-0.0065556493765	0.00421160109999996	0	0.249	0.8	-0.0065556493765	0.00421160109999996	ID	10000	A40	C2	10000	1000	0	0.5	300	0.03
525	-0.00510437529399997	0.0200713020499999	0	0.428	0.22	-0.00510437529399997	0.0200713020499999	1	10000	A40	C2	10000	1000	0	0.5	300	0.1
526	-0.00701195735100007	0.00873789500000004	0	0.228	0.613	-0.00701195735100007	0.00873789500000004	FGr	10000	A40	C2	10000	1000	0	0.5	300	0.1
527	-0.00692116779799995	0.00623782925000003	0	0.243	0.688	-0.00692116779799995	0.00623782925000003	NoCorrection	10000	A40	C2	10000	1000	0	0.5	300	0.1
528	-0.00511260166949995	0.0161653372500002	0	0.412	0.316	-0.00511260166949995	0.0161653372500002	ID	10000	A40	C2	10000	1000	0	0.5	300	0.1
529	-0.00226271849018991	-0.00226271849018991	0	0.709	0.716	-0.00226271849018991	-0.00226271849018991	1	300	A40	C2	10000	10000	0	0.5	300	0
530	-0.00250517124467	-0.00250517124467	0	0.688	0.705	-0.00250517124467	-0.00250517124467	FGr	300	A40	C2	10000	10000	0	0.5	300	0
531	-0.00250072588424496	-0.00250072588424496	0	0.667	0.685	-0.00250072588424496	-0.00250072588424496	NoCorrection	300	A40	C2	10000	10000	0	0.5	300	0
532	-0.00215161262366997	-0.00215161262366996	0	0.733	0.719	-0.00215161262366997	-0.00215161262366996	ID	300	A40	C2	10000	10000	0	0.5	300	0
533	-0.0121188073524549	-0.012118807352455	0	0.099	0.096	-0.0121188073524549	-0.012118807352455	1	300	A40	C2	10000	10000	0	0.5	300	0.01
534	-0.0113807967025001	-0.0113807967025001	0	0.128	0.14	-0.0113807967025001	-0.0113807967025001	FGr	300	A40	C2	10000	10000	0	0.5	300	0.01
535	-0.0113774814541002	-0.0113774814541002	0	0.128	0.11	-0.0113774814541002	-0.0113774814541002	NoCorrection	300	A40	C2	10000	10000	0	0.5	300	0.01
536	-0.0118354207113	-0.0118354207113001	0	0.105	0.106	-0.0118354207113	-0.0118354207113001	ID	300	A40	C2	10000	10000	0	0.5	300	0.01
537	0.010486923413565	0.010486923413565	0	0.049	0.07	0.010486923413565	0.010486923413565	1	300	A40	C2	10000	10000	0	0.5	300	0.03
538	0.01060292804659	0.01060292804659	0	0.053	0.069	0.01060292804659	0.01060292804659	FGr	300	A40	C2	10000	10000	0	0.5	300	0.03
539	0.010600706611555	0.010600706611555	0	0.057	0.071	0.010600706611555	0.010600706611555	NoCorrection	300	A40	C2	10000	10000	0	0.5	300	0.03
540	0.010267428693498	0.010267428693498	0	0.065	0.06	0.010267428693498	0.010267428693498	ID	300	A40	C2	10000	10000	0	0.5	300	0.03
541	0.00766037345862499	0.00766037345862498	0	0.165	0.183	0.00766037345862499	0.00766037345862498	1	300	A40	C2	10000	10000	0	0.5	300	0.1
542	0.00836732287407014	0.00836732287407013	0	0.145	0.153	0.00836732287407014	0.00836732287407013	FGr	300	A40	C2	10000	10000	0	0.5	300	0.1
543	0.0083706531088299	0.00837065310882989	0	0.143	0.152	0.0083706531088299	0.00837065310882989	NoCorrection	300	A40	C2	10000	10000	0	0.5	300	0.1
544	0.00710865355809999	0.00710865355809998	0	0.183	0.2	0.00710865355809999	0.00710865355809998	ID	300	A40	C2	10000	10000	0	0.5	300	0.1
545	0.0102274258264499	0.017851141255	0	0.09	0.061	0.0102274258264499	0.017851141255	1	1000	A40	C2	10000	10000	0	0.5	300	0
546	0.00991557737928208	0.01775932099	0	0.1	0.061	0.00991557737928208	0.01775932099	FGr	1000	A40	C2	10000	10000	0	0.5	300	0
547	0.009975148210675	0.0177538205549999	0	0.089	0.069	0.009975148210675	0.0177538205549999	NoCorrection	1000	A40	C2	10000	10000	0	0.5	300	0
548	0.0100252235039944	0.017826802715	0	0.095	0.054	0.0100252235039944	0.017826802715	ID	1000	A40	C2	10000	10000	0	0.5	300	0
549	0.00769066369599999	-0.00667604448999998	0	0.217	0.475	0.00769066369599999	-0.00667604448999998	1	1000	A40	C2	10000	10000	0	0.5	300	0.01
550	0.00794260939891006	-0.00499235187000001	0	0.206	0.597	0.00794260939891006	-0.00499235187000001	FGr	1000	A40	C2	10000	10000	0	0.5	300	0.01
551	0.0080676820571	-0.00492638872499999	0	0.209	0.582	0.0080676820571	-0.00492638872499999	NoCorrection	1000	A40	C2	10000	10000	0	0.5	300	0.01
552	0.00760744951214999	-0.00662310125499998	0	0.213	0.467	0.00760744951214999	-0.00662310125499998	ID	1000	A40	C2	10000	10000	0	0.5	300	0.01
553	-0.00673435330445003	0.00643109659499997	0	0.328	0.546	-0.00673435330445003	0.00643109659499997	1	1000	A40	C2	10000	10000	0	0.5	300	0.03
554	-0.00558051440371796	0.00454262702	0	0.428	0.695	-0.00558051440371796	0.00454262702	FGr	1000	A40	C2	10000	10000	0	0.5	300	0.03
555	-0.00556185725936491	0.00455028275000001	0	0.405	0.659	-0.00556185725936491	0.00455028275000001	NoCorrection	1000	A40	C2	10000	10000	0	0.5	300	0.03
556	-0.00697263353823501	0.00505918707500001	0	0.315	0.6	-0.00697263353823501	0.00505918707500001	ID	1000	A40	C2	10000	10000	0	0.5	300	0.03
557	0.00316724038672514	0.000323541169999669	0	0.606	0.974	0.00316724038672514	0.000323541169999669	1	1000	A40	C2	10000	10000	0	0.5	300	0.1
558	0.00519791349688009	0.00189091048500059	0	0.429	0.866	0.00519791349688009	0.00189091048500059	FGr	1000	A40	C2	10000	10000	0	0.5	300	0.1
559	0.00518317790677	0.00189299326499918	0	0.418	0.849	0.00518317790677	0.00189299326499918	NoCorrection	1000	A40	C2	10000	10000	0	0.5	300	0.1
560	0.00252386639874986	-0.00139887711000057	0	0.661	0.895	0.00252386639874986	-0.00139887711000057	ID	1000	A40	C2	10000	10000	0	0.5	300	0.1
561	0.00656851764905501	-0.002496518685	0	0.369	0.874	0.00656851764905501	-0.002496518685	1	10000	A40	C2	10000	10000	0	0.5	300	0
562	0.006559579632069	0.000118130684999944	0	0.308	0.991	0.006559579632069	0.000118130684999944	FGr	10000	A40	C2	10000	10000	0	0.5	300	0
563	0.00652828307421002	-0.000713865600000026	0	0.344	0.971	0.00652828307421002	-0.000713865600000026	NoCorrection	10000	A40	C2	10000	10000	0	0.5	300	0
564	0.00656894109465002	-0.00249426124499999	0	0.338	0.897	0.00656894109465002	-0.00249426124499999	ID	10000	A40	C2	10000	10000	0	0.5	300	0
565	-0.00447570604654995	-0.00813223441000013	0	0.457	0.585	-0.00447570604654995	-0.00813223441000013	1	10000	A40	C2	10000	10000	0	0.5	300	0.01
566	-0.004515793760545	-0.00794374772999997	0	0.412	0.565	-0.004515793760545	-0.00794374772999997	FGr	10000	A40	C2	10000	10000	0	0.5	300	0.01
567	-0.00451270952253999	-0.00794762928999994	0	0.424	0.566	-0.00451270952253999	-0.00794762928999994	NoCorrection	10000	A40	C2	10000	10000	0	0.5	300	0.01
568	-0.00447962248695005	-0.00847635613000003	0	0.457	0.553	-0.00447962248695005	-0.00847635613000003	ID	10000	A40	C2	10000	10000	0	0.5	300	0.01
569	0.000714553749605004	-0.00882970182500003	0	0.914	0.567	0.000714553749605004	-0.00882970182500003	1	10000	A40	C2	10000	10000	0	0.5	300	0.03
570	0.00057777625697	-0.00894719939500015	0	0.932	0.548	0.00057777625697	-0.00894719939500015	FGr	10000	A40	C2	10000	10000	0	0.5	300	0.03
571	0.000635581190579997	-0.0080671114149999	0	0.914	0.592	0.000635581190579997	-0.0080671114149999	NoCorrection	10000	A40	C2	10000	10000	0	0.5	300	0.03
572	0.000715167426800003	-0.010142272445	0	0.917	0.495	0.000715167426800003	-0.010142272445	ID	10000	A40	C2	10000	10000	0	0.5	300	0.03
573	0.0040726698032	-0.0155143819449996	0	0.455	0.317	0.0040726698032	-0.0155143819449996	1	10000	A40	C2	10000	10000	0	0.5	300	0.1
574	0.00402804457736999	-0.00247731857999992	0	0.532	0.876	0.00402804457736999	-0.00247731857999992	FGr	10000	A40	C2	10000	10000	0	0.5	300	0.1
575	0.00403587817634001	-0.00245871057999986	0	0.512	0.874	0.00403587817634001	-0.00245871057999986	NoCorrection	10000	A40	C2	10000	10000	0	0.5	300	0.1
576	0.00406187727581998	-0.0157747537849998	0	0.448	0.326	0.00406187727581998	-0.0157747537849998	ID	10000	A40	C2	10000	10000	0	0.5	300	0.1
