	c-q	nc-q	true-q	c-p	nc-p	c-bias	nc-bias	type	L	rep	config	gwas_size	test_size	h2	ts	num_causal	env
1	0.0527157478	0.0527157478	0	0.23	0.218	0.0527157478	0.0527157478	1	300	A43	C1	1000	100	0	0.5	300	0
2	0.08972555926	0.08972555926	0	0.034	0.049	0.08972555926	0.08972555926	FGr	300	A43	C1	1000	100	0	0.5	300	0
3	0.08350793411	0.08350793411	0	0.051	0.046	0.08350793411	0.08350793411	NoCorrection	300	A43	C1	1000	100	0	0.5	300	0
4	0.06671695881	0.06671695881	0	0.128	0.116	0.06671695881	0.06671695881	ID	300	A43	C1	1000	100	0	0.5	300	0
5	-0.0190725190976	-0.0190725190976	0	0.6	0.612	-0.0190725190976	-0.0190725190976	1	300	A43	C1	1000	100	0	0.5	300	0.1
6	-0.00840298428500003	-0.008402984285	0	0.826	0.814	-0.00840298428500003	-0.008402984285	FGr	300	A43	C1	1000	100	0	0.5	300	0.1
7	-0.01357784439	-0.01357784439	0	0.733	0.735	-0.01357784439	-0.01357784439	NoCorrection	300	A43	C1	1000	100	0	0.5	300	0.1
8	-0.014667263535	-0.014667263535	0	0.694	0.675	-0.014667263535	-0.014667263535	ID	300	A43	C1	1000	100	0	0.5	300	0.1
9	-0.05072293744	-0.05072293744	0	0.225	0.236	-0.05072293744	-0.05072293744	1	300	A43	C1	1000	100	0	0.5	300	0.5
10	0.04445252719	0.04445252719	0	0.325	0.328	0.04445252719	0.04445252719	FGr	300	A43	C1	1000	100	0	0.5	300	0.5
11	0.05613664328	0.05613664328	0	0.233	0.259	0.05613664328	0.05613664328	NoCorrection	300	A43	C1	1000	100	0	0.5	300	0.5
12	-0.053846621105	-0.053846621105	0	0.212	0.192	-0.053846621105	-0.053846621105	ID	300	A43	C1	1000	100	0	0.5	300	0.5
13	-0.00250851045	-0.00250851045000002	0	0.955	0.947	-0.00250851045	-0.00250851045000002	1	300	A43	C1	1000	100	0	0.5	300	1
14	0.213071935285	0.213071935285	0	0	0.002	0.213071935285	0.213071935285	FGr	300	A43	C1	1000	100	0	0.5	300	1
15	0.248084338525	0.248084338525	0	0	0	0.248084338525	0.248084338525	NoCorrection	300	A43	C1	1000	100	0	0.5	300	1
16	-0.0284395260825	-0.0284395260825	0	0.49	0.498	-0.0284395260825	-0.0284395260825	ID	300	A43	C1	1000	100	0	0.5	300	1
17	-0.036828154026	-0.0528567625	0	0.35	0.401	-0.036828154026	-0.0528567625	1	1000	A43	C1	1000	100	0	0.5	300	0
18	-0.02521523209	0.00058423350000001	0	0.514	0.989	-0.02521523209	0.00058423350000001	FGr	1000	A43	C1	1000	100	0	0.5	300	0
19	-0.012183497775	0.0270648725	0	0.723	0.677	-0.012183497775	0.0270648725	NoCorrection	1000	A43	C1	1000	100	0	0.5	300	0
20	-0.03797556308	-0.0451644705	0	0.32	0.498	-0.03797556308	-0.0451644705	ID	1000	A43	C1	1000	100	0	0.5	300	0
21	-0.041361720225	0.00994214899999991	0	0.257	0.881	-0.041361720225	0.00994214899999991	1	1000	A43	C1	1000	100	0	0.5	300	0.1
22	-0.00679747842200002	0.1017883885	0	0.84	0.111	-0.00679747842200002	0.1017883885	FGr	1000	A43	C1	1000	100	0	0.5	300	0.1
23	0.00966588772500001	0.1365401995	0	0.801	0.021	0.00966588772500001	0.1365401995	NoCorrection	1000	A43	C1	1000	100	0	0.5	300	0.1
24	-0.03915129995	0.0186514215	0	0.256	0.756	-0.03915129995	0.0186514215	ID	1000	A43	C1	1000	100	0	0.5	300	0.1
25	-0.018355743856	-0.0845527355	0	0.609	0.141	-0.018355743856	-0.0845527355	1	1000	A43	C1	1000	100	0	0.5	300	0.5
26	0.038336509962	0.142664549	0	0.315	0.02	0.038336509962	0.142664549	FGr	1000	A43	C1	1000	100	0	0.5	300	0.5
27	0.10038316769	0.3240941845	0	0.021	0	0.10038316769	0.3240941845	NoCorrection	1000	A43	C1	1000	100	0	0.5	300	0.5
28	-0.029145652625	-0.0888387480000001	0	0.427	0.131	-0.029145652625	-0.0888387480000001	ID	1000	A43	C1	1000	100	0	0.5	300	0.5
29	0.0338494168115	0.0130970385	0	0.334	0.829	0.0338494168115	0.0130970385	1	1000	A43	C1	1000	100	0	0.5	300	1
30	0.1844255832	0.531166145	0	0	0	0.1844255832	0.531166145	FGr	1000	A43	C1	1000	100	0	0.5	300	1
31	0.34300375717	1.072291261	0	0	0	0.34300375717	1.072291261	NoCorrection	1000	A43	C1	1000	100	0	0.5	300	1
32	0.0141441756300001	0.003806295	0	0.676	0.949	0.0141441756300001	0.003806295	ID	1000	A43	C1	1000	100	0	0.5	300	1
33	-0.00215446410000002	0.013273502	0	0.957	0.881	-0.00215446410000002	0.013273502	1	10000	A43	C1	1000	100	0	0.5	300	0
34	0.011237234715	0.1006074125	0	0.769	0.295	0.011237234715	0.1006074125	FGr	10000	A43	C1	1000	100	0	0.5	300	0
35	0.04811863165	0.28893455	0	0.217	0	0.04811863165	0.28893455	NoCorrection	10000	A43	C1	1000	100	0	0.5	300	0
36	-0.000858465216499991	0.015761638	0	0.985	0.885	-0.000858465216499991	0.015761638	ID	10000	A43	C1	1000	100	0	0.5	300	0
37	0.0289444215	-0.0164488919999999	0	0.462	0.851	0.0289444215	-0.0164488919999999	1	10000	A43	C1	1000	100	0	0.5	300	0.1
38	0.02108832412	-0.0762476344999994	0	0.621	0.439	0.02108832412	-0.0762476344999994	FGr	10000	A43	C1	1000	100	0	0.5	300	0.1
39	0.143088741825	0.655435415	0	0.002	0	0.143088741825	0.655435415	NoCorrection	10000	A43	C1	1000	100	0	0.5	300	0.1
40	0.02916664659	-0.0023348695	0	0.45	0.985	0.02916664659	-0.0023348695	ID	10000	A43	C1	1000	100	0	0.5	300	0.1
41	-0.024715986525	-0.11573074	0	0.505	0.258	-0.024715986525	-0.11573074	1	10000	A43	C1	1000	100	0	0.5	300	0.5
42	-0.00360656150499996	0.022498456	0	0.932	0.842	-0.00360656150499996	0.022498456	FGr	10000	A43	C1	1000	100	0	0.5	300	0.5
43	0.180765275105925	1.306397765	0	0	0	0.180765275105925	1.306397765	NoCorrection	10000	A43	C1	1000	100	0	0.5	300	0.5
44	-0.022816994315	-0.110540656	0	0.533	0.265	-0.022816994315	-0.110540656	ID	10000	A43	C1	1000	100	0	0.5	300	0.5
45	0.013551636475	0.042476794	0	0.748	0.704	0.013551636475	0.042476794	1	10000	A43	C1	1000	100	0	0.5	300	1
46	0.05071284834	0.270487823	0	0.212	0.01	0.05071284834	0.270487823	FGr	10000	A43	C1	1000	100	0	0.5	300	1
47	0.40073515955	2.268878415	0	0	0	0.40073515955	2.268878415	NoCorrection	10000	A43	C1	1000	100	0	0.5	300	1
48	0.00880622389949997	-0.0573242855	0	0.825	0.597	0.00880622389949997	-0.0573242855	ID	10000	A43	C1	1000	100	0	0.5	300	1
49	0.00247635513199996	0.00247635513199994	0	0.934	0.932	0.00247635513199996	0.00247635513199994	1	300	A43	C1	1000	1000	0	0.5	300	0
50	0.0322469059799998	0.0322469059799999	0	0.261	0.262	0.0322469059799998	0.0322469059799999	FGr	300	A43	C1	1000	1000	0	0.5	300	0
51	0.00356552066910013	0.00356552066910016	0	0.91	0.891	0.00356552066910013	0.00356552066910016	NoCorrection	300	A43	C1	1000	1000	0	0.5	300	0
52	0.02259092755	0.02259092755	0	0.436	0.432	0.02259092755	0.02259092755	ID	300	A43	C1	1000	1000	0	0.5	300	0
53	-0.0298097416195	-0.0298097416195	0	0.251	0.268	-0.0298097416195	-0.0298097416195	1	300	A43	C1	1000	1000	0	0.5	300	0.1
54	-0.0320105058528	-0.0320105058528	0	0.23	0.236	-0.0320105058528	-0.0320105058528	FGr	300	A43	C1	1000	1000	0	0.5	300	0.1
55	-0.010585744484	-0.010585744484	0	0.697	0.707	-0.010585744484	-0.010585744484	NoCorrection	300	A43	C1	1000	1000	0	0.5	300	0.1
56	-0.0294896821874999	-0.0294896821874999	0	0.262	0.263	-0.0294896821874999	-0.0294896821874999	ID	300	A43	C1	1000	1000	0	0.5	300	0.1
57	0.01553141773425	0.01553141773425	0	0.54	0.502	0.01553141773425	0.01553141773425	1	300	A43	C1	1000	1000	0	0.5	300	0.5
58	0.075801015846	0.075801015846	0	0.007	0.009	0.075801015846	0.075801015846	FGr	300	A43	C1	1000	1000	0	0.5	300	0.5
59	0.1731282681865	0.1731282681865	0	0	0	0.1731282681865	0.1731282681865	NoCorrection	300	A43	C1	1000	1000	0	0.5	300	0.5
60	0.0015590196565	0.00155901965649999	0	0.946	0.939	0.0015590196565	0.00155901965649999	ID	300	A43	C1	1000	1000	0	0.5	300	0.5
61	0.03318458715	0.03318458715	0	0.298	0.302	0.03318458715	0.03318458715	1	300	A43	C1	1000	1000	0	0.5	300	1
62	0.22885358671	0.22885358671	0	0	0	0.22885358671	0.22885358671	FGr	300	A43	C1	1000	1000	0	0.5	300	1
63	0.378549676739	0.378549676739	0	0	0	0.378549676739	0.378549676739	NoCorrection	300	A43	C1	1000	1000	0	0.5	300	1
64	0.0180160791985	0.0180160791985	0	0.49	0.525	0.0180160791985	0.0180160791985	ID	300	A43	C1	1000	1000	0	0.5	300	1
65	0.0400835139150001	0.12450011345	0	0.14	0.007	0.0400835139150001	0.12450011345	1	1000	A43	C1	1000	1000	0	0.5	300	0
66	0.0520078459329998	0.1635370114	0	0.039	0	0.0520078459329998	0.1635370114	FGr	1000	A43	C1	1000	1000	0	0.5	300	0
67	0.07894753996075	0.1938529312	0	0.001	0	0.07894753996075	0.1938529312	NoCorrection	1000	A43	C1	1000	1000	0	0.5	300	0
68	0.0412713604655	0.12517457895	0	0.121	0.004	0.0412713604655	0.12517457895	ID	1000	A43	C1	1000	1000	0	0.5	300	0
69	-0.01163223220175	-0.00753083200000001	0	0.709	0.85	-0.01163223220175	-0.00753083200000001	1	1000	A43	C1	1000	1000	0	0.5	300	0.1
70	0.0180069877819999	0.06576109575	0	0.568	0.163	0.0180069877819999	0.06576109575	FGr	1000	A43	C1	1000	1000	0	0.5	300	0.1
71	0.0488040817450002	0.12352431805	0	0.133	0.007	0.0488040817450002	0.12352431805	NoCorrection	1000	A43	C1	1000	1000	0	0.5	300	0.1
72	-0.0125259652665	0.00209296160000011	0	0.692	0.957	-0.0125259652665	0.00209296160000011	ID	1000	A43	C1	1000	1000	0	0.5	300	0.1
73	0.0148216763910001	0.021816344	0	0.558	0.622	0.0148216763910001	0.021816344	1	1000	A43	C1	1000	1000	0	0.5	300	0.5
74	0.0738645808994999	0.1481470484	0	0.01	0.002	0.0738645808994999	0.1481470484	FGr	1000	A43	C1	1000	1000	0	0.5	300	0.5
75	0.1688912581	0.37635307035	0	0	0	0.1688912581	0.37635307035	NoCorrection	1000	A43	C1	1000	1000	0	0.5	300	0.5
76	0.0173531519835	0.0257337513000001	0	0.524	0.524	0.0173531519835	0.0257337513000001	ID	1000	A43	C1	1000	1000	0	0.5	300	0.5
77	0.0368102625240002	0.0423153414499998	0	0.195	0.335	0.0368102625240002	0.0423153414499998	1	1000	A43	C1	1000	1000	0	0.5	300	1
78	0.164503762695	0.29356092945	0	0	0	0.164503762695	0.29356092945	FGr	1000	A43	C1	1000	1000	0	0.5	300	1
79	0.405898889463	0.8874308197	0	0	0	0.405898889463	0.8874308197	NoCorrection	1000	A43	C1	1000	1000	0	0.5	300	1
80	0.035080705927	0.0606989422	0	0.233	0.151	0.035080705927	0.0606989422	ID	1000	A43	C1	1000	1000	0	0.5	300	1
81	0.0189270095662	0.0525782668500001	0	0.545	0.484	0.0189270095662	0.0525782668500001	1	10000	A43	C1	1000	1000	0	0.5	300	0
82	0.00544801163449979	-0.00968922939999996	0	0.859	0.888	0.00544801163449979	-0.00968922939999996	FGr	10000	A43	C1	1000	1000	0	0.5	300	0
83	0.0126693922927001	0.0304494260499998	0	0.663	0.685	0.0126693922927001	0.0304494260499998	NoCorrection	10000	A43	C1	1000	1000	0	0.5	300	0
84	0.0153259641151	0.0223247230499998	0	0.627	0.799	0.0153259641151	0.0223247230499998	ID	10000	A43	C1	1000	1000	0	0.5	300	0
85	-0.0187278222675	0.0183136794999998	0	0.508	0.826	-0.0187278222675	0.0183136794999998	1	10000	A43	C1	1000	1000	0	0.5	300	0.1
86	-0.0070148248010999	0.0937196655000002	0	0.799	0.19	-0.0070148248010999	0.0937196655000002	FGr	10000	A43	C1	1000	1000	0	0.5	300	0.1
87	0.0215417748325	0.26565248	0	0.446	0.001	0.0215417748325	0.26565248	NoCorrection	10000	A43	C1	1000	1000	0	0.5	300	0.1
88	-0.018473247811	0.0333490645000001	0	0.525	0.657	-0.018473247811	0.0333490645000001	ID	10000	A43	C1	1000	1000	0	0.5	300	0.1
89	-0.0255708186404502	-0.00704505070000003	0	0.384	0.917	-0.0255708186404502	-0.00704505070000003	1	10000	A43	C1	1000	1000	0	0.5	300	0.5
90	-0.0138882615915	0.0979508350999999	0	0.663	0.179	-0.0138882615915	0.0979508350999999	FGr	10000	A43	C1	1000	1000	0	0.5	300	0.5
91	0.161856701232	0.978881389500001	0	0	0	0.161856701232	0.978881389500001	NoCorrection	10000	A43	C1	1000	1000	0	0.5	300	0.5
92	-0.0298147992180001	-0.03267126075	0	0.343	0.65	-0.0298147992180001	-0.03267126075	ID	10000	A43	C1	1000	1000	0	0.5	300	0.5
93	0.0395176929025	0.00229164300000033	0	0.201	0.975	0.0395176929025	0.00229164300000033	1	10000	A43	C1	1000	1000	0	0.5	300	1
94	0.049878177262	0.0753811634999999	0	0.098	0.296	0.049878177262	0.0753811634999999	FGr	10000	A43	C1	1000	1000	0	0.5	300	1
95	0.3858303745745	1.885116813	0	0	0	0.3858303745745	1.885116813	NoCorrection	10000	A43	C1	1000	1000	0	0.5	300	1
96	0.0360636682635	-0.0232561070000002	0	0.253	0.766	0.0360636682635	-0.0232561070000002	ID	10000	A43	C1	1000	1000	0	0.5	300	1
97	-0.00984366954431998	-0.00984366954431999	0	0.706	0.72	-0.00984366954431998	-0.00984366954431999	1	300	A43	C1	1000	10000	0	0.5	300	0
98	-0.036005669415655	-0.036005669415655	0	0.187	0.177	-0.036005669415655	-0.036005669415655	FGr	300	A43	C1	1000	10000	0	0.5	300	0
99	-0.058262075861695	-0.058262075861695	0	0.038	0.026	-0.058262075861695	-0.058262075861695	NoCorrection	300	A43	C1	1000	10000	0	0.5	300	0
100	-0.02253312448812	-0.02253312448812	0	0.388	0.417	-0.02253312448812	-0.02253312448812	ID	300	A43	C1	1000	10000	0	0.5	300	0
101	0.0100389052938	0.0100389052938	0	0.713	0.743	0.0100389052938	0.0100389052938	1	300	A43	C1	1000	10000	0	0.5	300	0.1
102	0.0448738276492	0.0448738276492	0	0.104	0.089	0.0448738276492	0.0448738276492	FGr	300	A43	C1	1000	10000	0	0.5	300	0.1
103	0.05203041556935	0.05203041556935	0	0.056	0.048	0.05203041556935	0.05203041556935	NoCorrection	300	A43	C1	1000	10000	0	0.5	300	0.1
104	0.0282338751756999	0.0282338751756999	0	0.302	0.299	0.0282338751756999	0.0282338751756999	ID	300	A43	C1	1000	10000	0	0.5	300	0.1
105	0.08292683219869	0.08292683219869	0	0.004	0.002	0.08292683219869	0.08292683219869	1	300	A43	C1	1000	10000	0	0.5	300	0.5
106	0.1663067063442	0.1663067063442	0	0	0	0.1663067063442	0.1663067063442	FGr	300	A43	C1	1000	10000	0	0.5	300	0.5
107	0.19910012508019	0.19910012508019	0	0	0	0.19910012508019	0.19910012508019	NoCorrection	300	A43	C1	1000	10000	0	0.5	300	0.5
108	0.0817683962493899	0.08176839624939	0	0.004	0.002	0.0817683962493899	0.08176839624939	ID	300	A43	C1	1000	10000	0	0.5	300	0.5
109	0.0283170784821004	0.0283170784821004	0	0.354	0.383	0.0283170784821004	0.0283170784821004	1	300	A43	C1	1000	10000	0	0.5	300	1
110	0.20123735616015	0.20123735616015	0	0	0	0.20123735616015	0.20123735616015	FGr	300	A43	C1	1000	10000	0	0.5	300	1
111	0.3017958958979	0.3017958958979	0	0	0	0.3017958958979	0.3017958958979	NoCorrection	300	A43	C1	1000	10000	0	0.5	300	1
112	0.01687341883499	0.01687341883499	0	0.583	0.556	0.01687341883499	0.01687341883499	ID	300	A43	C1	1000	10000	0	0.5	300	1
113	0.0218021771637201	0.00895110397500011	0	0.462	0.856	0.0218021771637201	0.00895110397500011	1	1000	A43	C1	1000	10000	0	0.5	300	0
114	0.0226337161558099	0.0143060719899996	0	0.44	0.764	0.0226337161558099	0.0143060719899996	FGr	1000	A43	C1	1000	10000	0	0.5	300	0
115	0.000382667980209757	-0.0482921647150002	0	0.99	0.311	0.000382667980209757	-0.0482921647150002	NoCorrection	1000	A43	C1	1000	10000	0	0.5	300	0
116	0.0184608738253002	-0.00958448542499984	0	0.545	0.818	0.0184608738253002	-0.00958448542499984	ID	1000	A43	C1	1000	10000	0	0.5	300	0
117	-0.0214323234048011	-0.0288258248749999	0	0.448	0.497	-0.0214323234048011	-0.0288258248749999	1	1000	A43	C1	1000	10000	0	0.5	300	0.1
118	-0.00498295013345086	0.0110357349150023	0	0.854	0.783	-0.00498295013345086	0.0110357349150023	FGr	1000	A43	C1	1000	10000	0	0.5	300	0.1
119	0.0037329557460505	0.0383141356849994	0	0.902	0.381	0.0037329557460505	0.0383141356849994	NoCorrection	1000	A43	C1	1000	10000	0	0.5	300	0.1
120	-0.0243385705386488	-0.0318237639300006	0	0.397	0.466	-0.0243385705386488	-0.0318237639300006	ID	1000	A43	C1	1000	10000	0	0.5	300	0.1
121	-0.0019563687216002	0.08431219498	0	0.959	0.049	-0.0019563687216002	0.08431219498	1	1000	A43	C1	1000	10000	0	0.5	300	0.5
122	0.0261094182559499	0.164284033495	0	0.414	0	0.0261094182559499	0.164284033495	FGr	1000	A43	C1	1000	10000	0	0.5	300	0.5
123	0.17252365764655	0.51721042989	0	0	0	0.17252365764655	0.51721042989	NoCorrection	1000	A43	C1	1000	10000	0	0.5	300	0.5
124	-0.00608839026059997	0.064582618905	0	0.838	0.122	-0.00608839026059997	0.064582618905	ID	1000	A43	C1	1000	10000	0	0.5	300	0.5
125	0.0112303257727998	-0.0515055242899997	0	0.659	0.24	0.0112303257727998	-0.0515055242899997	1	1000	A43	C1	1000	10000	0	0.5	300	1
126	0.1153543744923	0.26671346434	0	0	0	0.1153543744923	0.26671346434	FGr	1000	A43	C1	1000	10000	0	0.5	300	1
127	0.35840805305287	0.863225110740001	0	0	0	0.35840805305287	0.863225110740001	NoCorrection	1000	A43	C1	1000	10000	0	0.5	300	1
128	0.0135584164867498	0.00421109408499984	0	0.565	0.921	0.0135584164867498	0.00421109408499984	ID	1000	A43	C1	1000	10000	0	0.5	300	1
129	0.0045971018337499	0.0989765858199997	0	0.88	0.163	0.0045971018337499	0.0989765858199997	1	10000	A43	C1	1000	10000	0	0.5	300	0
130	0.0131034990618001	0.181702362315	0	0.642	0.014	0.0131034990618001	0.181702362315	FGr	10000	A43	C1	1000	10000	0	0.5	300	0
131	0.0301371606377549	0.269284932000002	0	0.31	0	0.0301371606377549	0.269284932000002	NoCorrection	10000	A43	C1	1000	10000	0	0.5	300	0
132	0.00378857457905001	0.0955132976249986	0	0.884	0.197	0.00378857457905001	0.0955132976249986	ID	10000	A43	C1	1000	10000	0	0.5	300	0
133	-0.0327754914963701	0.0887902049000007	0	0.215	0.181	-0.0327754914963701	0.0887902049000007	1	10000	A43	C1	1000	10000	0	0.5	300	0.1
134	-0.0219290720866002	0.14810867835	0	0.423	0.034	-0.0219290720866002	0.14810867835	FGr	10000	A43	C1	1000	10000	0	0.5	300	0.1
135	0.0112035048215	0.342931780850001	0	0.704	0	0.0112035048215	0.342931780850001	NoCorrection	10000	A43	C1	1000	10000	0	0.5	300	0.1
136	-0.0333855237133002	0.0988934479500001	0	0.206	0.144	-0.0333855237133002	0.0988934479500001	ID	10000	A43	C1	1000	10000	0	0.5	300	0.1
137	-0.000811389816410033	0.0451910076500002	0	0.976	0.51	-0.000811389816410033	0.0451910076500002	1	10000	A43	C1	1000	10000	0	0.5	300	0.5
138	0.000268545421449824	0.0388144760000002	0	0.995	0.549	0.000268545421449824	0.0388144760000002	FGr	10000	A43	C1	1000	10000	0	0.5	300	0.5
139	0.14414539370291	1.07586998265	0	0	0	0.14414539370291	1.07586998265	NoCorrection	10000	A43	C1	1000	10000	0	0.5	300	0.5
140	-0.00271874020872007	0.0120829766149998	0	0.938	0.851	-0.00271874020872007	0.0120829766149998	ID	10000	A43	C1	1000	10000	0	0.5	300	0.5
141	0.0453164896691702	0.0159444330899994	0	0.079	0.82	0.0453164896691702	0.0159444330899994	1	10000	A43	C1	1000	10000	0	0.5	300	1
142	0.0564579842456001	0.0781449735500001	0	0.029	0.229	0.0564579842456001	0.0781449735500001	FGr	10000	A43	C1	1000	10000	0	0.5	300	1
143	0.389277589274001	1.9294718939	0	0	0	0.389277589274001	1.9294718939	NoCorrection	10000	A43	C1	1000	10000	0	0.5	300	1
144	0.0461343557154502	-0.0118944032900015	0	0.072	0.854	0.0461343557154502	-0.0118944032900015	ID	10000	A43	C1	1000	10000	0	0.5	300	1
145	0.02571059099	0.02571059099	0	0.041	0.041	0.02571059099	0.02571059099	1	300	A43	C1	10000	100	0	0.5	300	0
146	0.0476323489075	0.0476323489075	0	0	0	0.0476323489075	0.0476323489075	FGr	300	A43	C1	10000	100	0	0.5	300	0
147	0.043423860585	0.043423860585	0	0.002	0.002	0.043423860585	0.043423860585	NoCorrection	300	A43	C1	10000	100	0	0.5	300	0
148	0.034612737317	0.034612737317	0	0.004	0.007	0.034612737317	0.034612737317	ID	300	A43	C1	10000	100	0	0.5	300	0
149	-0.00670686534499999	-0.006706865345	0	0.582	0.582	-0.00670686534499999	-0.006706865345	1	300	A43	C1	10000	100	0	0.5	300	0.1
150	0.0280202003645	0.0280202003645	0	0.029	0.028	0.0280202003645	0.0280202003645	FGr	300	A43	C1	10000	100	0	0.5	300	0.1
151	0.034840700385	0.034840700385	0	0.008	0.014	0.034840700385	0.034840700385	NoCorrection	300	A43	C1	10000	100	0	0.5	300	0.1
152	-0.00170262391999999	-0.00170262391999999	0	0.885	0.869	-0.00170262391999999	-0.00170262391999999	ID	300	A43	C1	10000	100	0	0.5	300	0.1
153	-0.021990490225	-0.021990490225	0	0.042	0.052	-0.021990490225	-0.021990490225	1	300	A43	C1	10000	100	0	0.5	300	0.5
154	0.10616325516	0.10616325516	0	0	0	0.10616325516	0.10616325516	FGr	300	A43	C1	10000	100	0	0.5	300	0.5
155	0.13921551108	0.13921551108	0	0	0	0.13921551108	0.13921551108	NoCorrection	300	A43	C1	10000	100	0	0.5	300	0.5
156	-0.01736160115	-0.01736160115	0	0.109	0.096	-0.01736160115	-0.01736160115	ID	300	A43	C1	10000	100	0	0.5	300	0.5
157	-0.0025405472	-0.0025405472	0	0.863	0.852	-0.0025405472	-0.0025405472	1	300	A43	C1	10000	100	0	0.5	300	1
158	0.2476820687125	0.2476820687125	0	0	0	0.2476820687125	0.2476820687125	FGr	300	A43	C1	10000	100	0	0.5	300	1
159	0.31254907413	0.31254907413	0	0	0	0.31254907413	0.31254907413	NoCorrection	300	A43	C1	10000	100	0	0.5	300	1
160	-0.0091331835179	-0.0091331835179	0	0.483	0.484	-0.0091331835179	-0.0091331835179	ID	300	A43	C1	10000	100	0	0.5	300	1
161	0.031577306835	0.023689127	0	0.013	0.277	0.031577306835	0.023689127	1	1000	A43	C1	10000	100	0	0.5	300	0
162	0.025152587725	-0.00321795850000002	0	0.037	0.873	0.025152587725	-0.00321795850000002	FGr	1000	A43	C1	10000	100	0	0.5	300	0
163	0.028036290375	0.00966284100000002	0	0.016	0.667	0.028036290375	0.00966284100000002	NoCorrection	1000	A43	C1	10000	100	0	0.5	300	0
164	0.030325479629	0.0172289805	0	0.012	0.432	0.030325479629	0.0172289805	ID	1000	A43	C1	10000	100	0	0.5	300	0
165	0.012071195665	0.00938390250000002	0	0.255	0.617	0.012071195665	0.00938390250000002	1	1000	A43	C1	10000	100	0	0.5	300	0.1
166	0.02713674331	0.0525648395	0	0.011	0.011	0.02713674331	0.0525648395	FGr	1000	A43	C1	10000	100	0	0.5	300	0.1
167	0.0422790521545	0.105668241	0	0.001	0	0.0422790521545	0.105668241	NoCorrection	1000	A43	C1	10000	100	0	0.5	300	0.1
168	0.011934604515	0.00812583950000001	0	0.304	0.701	0.011934604515	0.00812583950000001	ID	1000	A43	C1	10000	100	0	0.5	300	0.1
169	0.01404138318221	0.034490554	0	0.198	0.109	0.01404138318221	0.034490554	1	1000	A43	C1	10000	100	0	0.5	300	0.5
170	0.08250878572	0.2502618425	0	0	0	0.08250878572	0.2502618425	FGr	1000	A43	C1	10000	100	0	0.5	300	0.5
171	0.147618883787	0.462156391	0	0	0	0.147618883787	0.462156391	NoCorrection	1000	A43	C1	10000	100	0	0.5	300	0.5
172	0.013966805125	0.0324994695	0	0.205	0.106	0.013966805125	0.0324994695	ID	1000	A43	C1	10000	100	0	0.5	300	0.5
173	-0.00690429775400001	0.00742165900000001	0	0.58	0.748	-0.00690429775400001	0.00742165900000001	1	1000	A43	C1	10000	100	0	0.5	300	1
174	0.139625890235	0.4824801975	0	0.001	0	0.139625890235	0.4824801975	FGr	1000	A43	C1	10000	100	0	0.5	300	1
175	0.26586665033	0.8600352255	0	0	0	0.26586665033	0.8600352255	NoCorrection	1000	A43	C1	10000	100	0	0.5	300	1
176	-0.008401400743	0.00449674699999999	0	0.472	0.845	-0.008401400743	0.00449674699999999	ID	1000	A43	C1	10000	100	0	0.5	300	1
177	0.009908065307	0.00363942150000001	0	0.404	0.911	0.009908065307	0.00363942150000001	1	10000	A43	C1	10000	100	0	0.5	300	0
178	0.01185378819	0.024112279	0	0.316	0.412	0.01185378819	0.024112279	FGr	10000	A43	C1	10000	100	0	0.5	300	0
179	0.01026341623	0.011214274	0	0.377	0.711	0.01026341623	0.011214274	NoCorrection	10000	A43	C1	10000	100	0	0.5	300	0
180	0.00980355671	0.0035953655	0	0.419	0.919	0.00980355671	0.0035953655	ID	10000	A43	C1	10000	100	0	0.5	300	0
181	-0.01749961507	0.0276720195	0	0.122	0.4	-0.01749961507	0.0276720195	1	10000	A43	C1	10000	100	0	0.5	300	0.1
182	-0.014379667175	0.047725899	0	0.206	0.11	-0.014379667175	0.047725899	FGr	10000	A43	C1	10000	100	0	0.5	300	0.1
183	0.011396131585	0.1934870305	0	0.345	0	0.011396131585	0.1934870305	NoCorrection	10000	A43	C1	10000	100	0	0.5	300	0.1
184	-0.0173291733005	0.0328357725	0	0.125	0.265	-0.0173291733005	0.0328357725	ID	10000	A43	C1	10000	100	0	0.5	300	0.1
185	0.0068308985825	0.0855063905	0	0.613	0.008	0.0068308985825	0.0855063905	1	10000	A43	C1	10000	100	0	0.5	300	0.5
186	0.02561293068	0.1720802355	0	0.081	0	0.02561293068	0.1720802355	FGr	10000	A43	C1	10000	100	0	0.5	300	0.5
187	0.188446489345	0.979235401	0	0	0	0.188446489345	0.979235401	NoCorrection	10000	A43	C1	10000	100	0	0.5	300	0.5
188	0.005788195395	0.074712038	0	0.68	0.017	0.005788195395	0.074712038	ID	10000	A43	C1	10000	100	0	0.5	300	0.5
189	-0.009064333103	0.00819281800000002	0	0.477	0.783	-0.009064333103	0.00819281800000002	1	10000	A43	C1	10000	100	0	0.5	300	1
190	0.0281982724885	0.2444117055	0	0.041	0	0.0281982724885	0.2444117055	FGr	10000	A43	C1	10000	100	0	0.5	300	1
191	0.364635132028	1.84655756	0	0	0	0.364635132028	1.84655756	NoCorrection	10000	A43	C1	10000	100	0	0.5	300	1
192	-0.00985215782999998	-0.00837344499999997	0	0.428	0.777	-0.00985215782999998	-0.00837344499999997	ID	10000	A43	C1	10000	100	0	0.5	300	1
193	-0.012666351288	-0.012666351288	0	0.21	0.163	-0.012666351288	-0.012666351288	1	300	A43	C1	10000	1000	0	0.5	300	0
194	-0.01152004871755	-0.01152004871755	0	0.238	0.227	-0.01152004871755	-0.01152004871755	FGr	300	A43	C1	10000	1000	0	0.5	300	0
195	-0.00560331000349999	-0.0056033100035	0	0.56	0.541	-0.00560331000349999	-0.0056033100035	NoCorrection	300	A43	C1	10000	1000	0	0.5	300	0
196	-0.0158493680815	-0.0158493680815	0	0.103	0.103	-0.0158493680815	-0.0158493680815	ID	300	A43	C1	10000	1000	0	0.5	300	0
197	-0.0047278737855	-0.00472787378550001	0	0.567	0.583	-0.0047278737855	-0.00472787378550001	1	300	A43	C1	10000	1000	0	0.5	300	0.1
198	0.002444064562	0.00244406456200001	0	0.792	0.755	0.002444064562	0.00244406456200001	FGr	300	A43	C1	10000	1000	0	0.5	300	0.1
199	0.01538226622775	0.01538226622775	0	0.102	0.085	0.01538226622775	0.01538226622775	NoCorrection	300	A43	C1	10000	1000	0	0.5	300	0.1
200	-0.00592334551849999	-0.00592334551849999	0	0.497	0.498	-0.00592334551849999	-0.00592334551849999	ID	300	A43	C1	10000	1000	0	0.5	300	0.1
201	-0.01505066578	-0.01505066578	0	0.143	0.155	-0.01505066578	-0.01505066578	1	300	A43	C1	10000	1000	0	0.5	300	0.5
202	0.0831197011852498	0.0831197011852499	0	0	0	0.0831197011852498	0.0831197011852499	FGr	300	A43	C1	10000	1000	0	0.5	300	0.5
203	0.1456664121335	0.1456664121335	0	0	0	0.1456664121335	0.1456664121335	NoCorrection	300	A43	C1	10000	1000	0	0.5	300	0.5
204	-0.0158210351465	-0.0158210351465	0	0.138	0.139	-0.0158210351465	-0.0158210351465	ID	300	A43	C1	10000	1000	0	0.5	300	0.5
205	-0.000818026277300017	-0.000818026277300019	0	0.919	0.921	-0.000818026277300017	-0.000818026277300019	1	300	A43	C1	10000	1000	0	0.5	300	1
206	0.197971314815	0.197971314815	0	0	0	0.197971314815	0.197971314815	FGr	300	A43	C1	10000	1000	0	0.5	300	1
207	0.330019108205001	0.330019108205001	0	0	0	0.330019108205001	0.330019108205001	NoCorrection	300	A43	C1	10000	1000	0	0.5	300	1
208	-0.00659729188949999	-0.00659729188949997	0	0.418	0.465	-0.00659729188949999	-0.00659729188949997	ID	300	A43	C1	10000	1000	0	0.5	300	1
209	-0.0020394868786	0.00570013615	0	0.819	0.674	-0.0020394868786	0.00570013615	1	1000	A43	C1	10000	1000	0	0.5	300	0
210	0.0029413036334	0.02061837065	0	0.743	0.154	0.0029413036334	0.02061837065	FGr	1000	A43	C1	10000	1000	0	0.5	300	0
211	0.0053062755026	0.0222376589	0	0.565	0.119	0.0053062755026	0.0222376589	NoCorrection	1000	A43	C1	10000	1000	0	0.5	300	0
212	0.000194759342556998	0.01189005995	0	0.985	0.415	0.000194759342556998	0.01189005995	ID	1000	A43	C1	10000	1000	0	0.5	300	0
213	-0.00306228693824999	-0.00591169295000005	0	0.748	0.686	-0.00306228693824999	-0.00591169295000005	1	1000	A43	C1	10000	1000	0	0.5	300	0.1
214	0.0077050725362	0.0183821706	0	0.394	0.201	0.0077050725362	0.0183821706	FGr	1000	A43	C1	10000	1000	0	0.5	300	0.1
215	0.03114774292985	0.0684499404	0	0.001	0	0.03114774292985	0.0684499404	NoCorrection	1000	A43	C1	10000	1000	0	0.5	300	0.1
216	-0.00555007792619998	-0.0123372949	0	0.531	0.39	-0.00555007792619998	-0.0123372949	ID	1000	A43	C1	10000	1000	0	0.5	300	0.1
217	-0.00223403236699997	0.0125675811	0	0.795	0.407	-0.00223403236699997	0.0125675811	1	1000	A43	C1	10000	1000	0	0.5	300	0.5
218	0.0620746424325	0.1602235226	0	0	0	0.0620746424325	0.1602235226	FGr	1000	A43	C1	10000	1000	0	0.5	300	0.5
219	0.176793542213	0.39378847425	0	0	0	0.176793542213	0.39378847425	NoCorrection	1000	A43	C1	10000	1000	0	0.5	300	0.5
220	-0.000944475343500015	0.01801439085	0	0.929	0.2	-0.000944475343500015	0.01801439085	ID	1000	A43	C1	10000	1000	0	0.5	300	0.5
221	-0.00340308646295002	0.0095059439499999	0	0.697	0.493	-0.00340308646295002	0.0095059439499999	1	1000	A43	C1	10000	1000	0	0.5	300	1
222	0.12957903078	0.3214789607	0	0	0	0.12957903078	0.3214789607	FGr	1000	A43	C1	10000	1000	0	0.5	300	1
223	0.37702918232275	0.78537961705	0	0	0	0.37702918232275	0.78537961705	NoCorrection	1000	A43	C1	10000	1000	0	0.5	300	1
224	-0.00589819272149997	0.00217706780000012	0	0.505	0.854	-0.00589819272149997	0.00217706780000012	ID	1000	A43	C1	10000	1000	0	0.5	300	1
225	0.0124714634446001	0.0206630859	0	0.168	0.371	0.0124714634446001	0.0206630859	1	10000	A43	C1	10000	1000	0	0.5	300	0
226	0.014272726493	0.0366894372	0	0.12	0.102	0.014272726493	0.0366894372	FGr	10000	A43	C1	10000	1000	0	0.5	300	0
227	0.0138688436081001	0.03472971515	0	0.101	0.146	0.0138688436081001	0.03472971515	NoCorrection	10000	A43	C1	10000	1000	0	0.5	300	0
228	0.0125007616222	0.0224540611	0	0.182	0.332	0.0125007616222	0.0224540611	ID	10000	A43	C1	10000	1000	0	0.5	300	0
229	0.00189598009145004	-0.0258320013	0	0.836	0.249	0.00189598009145004	-0.0258320013	1	10000	A43	C1	10000	1000	0	0.5	300	0.1
230	0.00513968364175	-0.00574118175000001	0	0.61	0.778	0.00513968364175	-0.00574118175000001	FGr	10000	A43	C1	10000	1000	0	0.5	300	0.1
231	0.035329116443	0.2008927428	0	0.001	0	0.035329116443	0.2008927428	NoCorrection	10000	A43	C1	10000	1000	0	0.5	300	0.1
232	0.0014244029879	-0.0280584990499999	0	0.876	0.218	0.0014244029879	-0.0280584990499999	ID	10000	A43	C1	10000	1000	0	0.5	300	0.1
233	0.0073987412145	-0.000234884000000209	0	0.302	0.993	0.0073987412145	-0.000234884000000209	1	10000	A43	C1	10000	1000	0	0.5	300	0.5
234	0.0166185290945	0.06562548775	0	0.036	0.001	0.0166185290945	0.06562548775	FGr	10000	A43	C1	10000	1000	0	0.5	300	0.5
235	0.1778722114525	1.0031344158	0	0	0	0.1778722114525	1.0031344158	NoCorrection	10000	A43	C1	10000	1000	0	0.5	300	0.5
236	0.00826241921739	0.0076019847	0	0.297	0.745	0.00826241921739	0.0076019847	ID	10000	A43	C1	10000	1000	0	0.5	300	0.5
237	0.0207551201681	-0.0220162994999999	0	0.007	0.31	0.0207551201681	-0.0220162994999999	1	10000	A43	C1	10000	1000	0	0.5	300	1
238	0.0420563752573	0.1259418659	0	0	0	0.0420563752573	0.1259418659	FGr	10000	A43	C1	10000	1000	0	0.5	300	1
239	0.364487272460999	2.0031603605	0	0	0	0.364487272460999	2.0031603605	NoCorrection	10000	A43	C1	10000	1000	0	0.5	300	1
240	0.0212859857964	-0.0234604176500001	0	0.009	0.276	0.0212859857964	-0.0234604176500001	ID	10000	A43	C1	10000	1000	0	0.5	300	1
241	0.00295413013756	0.00295413013756001	0	0.692	0.684	0.00295413013756	0.00295413013756001	1	300	A43	C1	10000	10000	0	0.5	300	0
242	-0.000554304818050001	-0.00055430481805	0	0.934	0.952	-0.000554304818050001	-0.00055430481805	FGr	300	A43	C1	10000	10000	0	0.5	300	0
243	-0.00177037418417349	-0.00177037418417349	0	0.805	0.809	-0.00177037418417349	-0.00177037418417349	NoCorrection	300	A43	C1	10000	10000	0	0.5	300	0
244	-0.000754389944800037	-0.00075438994480004	0	0.915	0.919	-0.000754389944800037	-0.00075438994480004	ID	300	A43	C1	10000	10000	0	0.5	300	0
245	0.0108275056869202	0.0108275056869201	0	0.293	0.267	0.0108275056869202	0.0108275056869201	1	300	A43	C1	10000	10000	0	0.5	300	0.1
246	0.05156462191035	0.05156462191035	0	0	0	0.05156462191035	0.05156462191035	FGr	300	A43	C1	10000	10000	0	0.5	300	0.1
247	0.06746429000615	0.06746429000615	0	0	0	0.06746429000615	0.06746429000615	NoCorrection	300	A43	C1	10000	10000	0	0.5	300	0.1
248	0.01983342190965	0.01983342190965	0	0.05	0.039	0.01983342190965	0.01983342190965	ID	300	A43	C1	10000	10000	0	0.5	300	0.1
249	0.00849619049273987	0.00849619049273989	0	0.317	0.312	0.00849619049273987	0.00849619049273989	1	300	A43	C1	10000	10000	0	0.5	300	0.5
250	0.11102100229189	0.11102100229189	0	0	0	0.11102100229189	0.11102100229189	FGr	300	A43	C1	10000	10000	0	0.5	300	0.5
251	0.1660466956606	0.1660466956606	0	0	0	0.1660466956606	0.1660466956606	NoCorrection	300	A43	C1	10000	10000	0	0.5	300	0.5
252	0.00929896621451507	0.00929896621451506	0	0.28	0.25	0.00929896621451507	0.00929896621451506	ID	300	A43	C1	10000	10000	0	0.5	300	0.5
253	0.000291245599329997	0.000291245599329988	0	0.974	0.974	0.000291245599329997	0.000291245599329988	1	300	A43	C1	10000	10000	0	0.5	300	1
254	0.202534136846101	0.202534136846101	0	0	0	0.202534136846101	0.202534136846101	FGr	300	A43	C1	10000	10000	0	0.5	300	1
255	0.308225549457799	0.308225549457799	0	0	0	0.308225549457799	0.308225549457799	NoCorrection	300	A43	C1	10000	10000	0	0.5	300	1
256	-5.11276028849904e-05	-5.11276028849884e-05	0	0.993	0.992	-5.11276028849904e-05	-5.11276028849884e-05	ID	300	A43	C1	10000	10000	0	0.5	300	1
257	-0.000755598811830039	0.0154996072599999	0	0.934	0.188	-0.000755598811830039	0.0154996072599999	1	1000	A43	C1	10000	10000	0	0.5	300	0
258	-0.00510799889390206	0.0103222445049998	0	0.554	0.4	-0.00510799889390206	0.0103222445049998	FGr	1000	A43	C1	10000	10000	0	0.5	300	0
259	0.0155803142606998	0.0423051326349998	0	0.083	0.001	0.0155803142606998	0.0423051326349998	NoCorrection	1000	A43	C1	10000	10000	0	0.5	300	0
260	-0.00283025108151013	0.0156051615600002	0	0.77	0.193	-0.00283025108151013	0.0156051615600002	ID	1000	A43	C1	10000	10000	0	0.5	300	0
261	0.000440172268389959	0.00764558549499999	0	0.941	0.525	0.000440172268389959	0.00764558549499999	1	1000	A43	C1	10000	10000	0	0.5	300	0.1
262	0.01299919653416	0.029990158585	0	0.13	0.016	0.01299919653416	0.029990158585	FGr	1000	A43	C1	10000	10000	0	0.5	300	0.1
263	0.03887471019894	0.0786444830099999	0	0	0	0.03887471019894	0.0786444830099999	NoCorrection	1000	A43	C1	10000	10000	0	0.5	300	0.1
264	-0.00113559475730995	0.00596226027500001	0	0.89	0.634	-0.00113559475730995	0.00596226027500001	ID	1000	A43	C1	10000	10000	0	0.5	300	0.1
265	0.00423250497690003	0.00187479404499999	0	0.594	0.889	0.00423250497690003	0.00187479404499999	1	1000	A43	C1	10000	10000	0	0.5	300	0.5
266	0.0708681585248499	0.139283340265	0	0	0	0.0708681585248499	0.139283340265	FGr	1000	A43	C1	10000	10000	0	0.5	300	0.5
267	0.186689427925629	0.396444877945	0	0	0	0.186689427925629	0.396444877945	NoCorrection	1000	A43	C1	10000	10000	0	0.5	300	0.5
268	0.00428709389959001	0.00374921811499998	0	0.631	0.769	0.00428709389959001	0.00374921811499998	ID	1000	A43	C1	10000	10000	0	0.5	300	0.5
269	0.0175942647907953	0.0171073732050001	0	0.036	0.213	0.0175942647907953	0.0171073732050001	1	1000	A43	C1	10000	10000	0	0.5	300	1
270	0.159571476054825	0.318531277655	0	0	0	0.159571476054825	0.318531277655	FGr	1000	A43	C1	10000	10000	0	0.5	300	1
271	0.3956972084403	0.821736381409999	0	0	0	0.3956972084403	0.821736381409999	NoCorrection	1000	A43	C1	10000	10000	0	0.5	300	1
272	0.0147339314261	0.0116942947800001	0	0.085	0.369	0.0147339314261	0.0116942947800001	ID	1000	A43	C1	10000	10000	0	0.5	300	1
273	0.0171588285636501	0.026430289445	0	0.045	0.207	0.0171588285636501	0.026430289445	1	10000	A43	C1	10000	10000	0	0.5	300	0
274	0.0203543234056703	0.05107693393	0	0.02	0.01	0.0203543234056703	0.05107693393	FGr	10000	A43	C1	10000	10000	0	0.5	300	0
275	0.0171737380322501	0.029324622465	0	0.042	0.143	0.0171737380322501	0.029324622465	NoCorrection	10000	A43	C1	10000	10000	0	0.5	300	0
276	0.017849496536	0.028117599655	0	0.031	0.181	0.017849496536	0.028117599655	ID	10000	A43	C1	10000	10000	0	0.5	300	0
277	0.00504065657074998	-0.0113024344899999	0	0.529	0.566	0.00504065657074998	-0.0113024344899999	1	10000	A43	C1	10000	10000	0	0.5	300	0.1
278	0.00536437492497898	-0.00661302313500006	0	0.484	0.754	0.00536437492497898	-0.00661302313500006	FGr	10000	A43	C1	10000	10000	0	0.5	300	0.1
279	0.033622680965065	0.177424280985	0	0	0	0.033622680965065	0.177424280985	NoCorrection	10000	A43	C1	10000	10000	0	0.5	300	0.1
280	0.00448342824214999	-0.0125420770199999	0	0.565	0.538	0.00448342824214999	-0.0125420770199999	ID	10000	A43	C1	10000	10000	0	0.5	300	0.1
281	0.0123570006613	-0.0138006249299999	0	0.134	0.502	0.0123570006613	-0.0138006249299999	1	10000	A43	C1	10000	10000	0	0.5	300	0.5
282	0.0180279447885951	0.0279397091050001	0	0.033	0.171	0.0180279447885951	0.0279397091050001	FGr	10000	A43	C1	10000	10000	0	0.5	300	0.5
283	0.1680761976885	1.077590208915	0	0	0	0.1680761976885	1.077590208915	NoCorrection	10000	A43	C1	10000	10000	0	0.5	300	0.5
284	0.0113824707776949	-0.0144891132900003	0	0.146	0.467	0.0113824707776949	-0.0144891132900003	ID	10000	A43	C1	10000	10000	0	0.5	300	0.5
285	0.00695780094761001	0.0095000441000002	0	0.413	0.654	0.00695780094761001	0.0095000441000002	1	10000	A43	C1	10000	10000	0	0.5	300	1
286	0.0182484302922175	0.091535748345	0	0.038	0	0.0182484302922175	0.091535748345	FGr	10000	A43	C1	10000	10000	0	0.5	300	1
287	0.296473959203	1.9885384662	0	0	0	0.296473959203	1.9885384662	NoCorrection	10000	A43	C1	10000	10000	0	0.5	300	1
288	0.00645855479867999	0.0161134158100002	0	0.407	0.462	0.00645855479867999	0.0161134158100002	ID	10000	A43	C1	10000	10000	0	0.5	300	1
289	-0.00690969023	-0.00690969022999999	0	0.843	0.832	-0.00690969023	-0.00690969022999999	1	300	A43	C2	1000	100	0	0.5	300	0
290	-0.00581404491	-0.00581404491	0	0.859	0.85	-0.00581404491	-0.00581404491	FGr	300	A43	C2	1000	100	0	0.5	300	0
291	-0.00518370460999998	-0.00518370460999999	0	0.871	0.862	-0.00518370460999998	-0.00518370460999999	NoCorrection	300	A43	C2	1000	100	0	0.5	300	0
292	-0.00790288681499999	-0.007902886815	0	0.805	0.799	-0.00790288681499999	-0.007902886815	ID	300	A43	C2	1000	100	0	0.5	300	0
293	-0.07352449751	-0.07352449751	0	0.074	0.051	-0.07352449751	-0.07352449751	1	300	A43	C2	1000	100	0	0.5	300	0.1
294	-0.08703527857	-0.08703527857	0	0.039	0.038	-0.08703527857	-0.08703527857	FGr	300	A43	C2	1000	100	0	0.5	300	0.1
295	-0.08526967885	-0.08526967885	0	0.043	0.048	-0.08526967885	-0.08526967885	NoCorrection	300	A43	C2	1000	100	0	0.5	300	0.1
296	-0.071177533507	-0.071177533507	0	0.062	0.088	-0.071177533507	-0.071177533507	ID	300	A43	C2	1000	100	0	0.5	300	0.1
297	-0.047925541405	-0.0479255414049999	0	0.203	0.197	-0.047925541405	-0.0479255414049999	1	300	A43	C2	1000	100	0	0.5	300	0.5
298	-0.070153912325	-0.070153912325	0	0.081	0.062	-0.070153912325	-0.070153912325	FGr	300	A43	C2	1000	100	0	0.5	300	0.5
299	-0.06989679783	-0.06989679783	0	0.074	0.053	-0.06989679783	-0.06989679783	NoCorrection	300	A43	C2	1000	100	0	0.5	300	0.5
300	-0.04189247971	-0.04189247971	0	0.243	0.239	-0.04189247971	-0.04189247971	ID	300	A43	C2	1000	100	0	0.5	300	0.5
301	0.00433650272499998	0.00433650272499999	0	0.92	0.907	0.00433650272499998	0.00433650272499999	1	300	A43	C2	1000	100	0	0.5	300	1
302	-0.062720063355	-0.062720063355	0	0.264	0.26	-0.062720063355	-0.062720063355	FGr	300	A43	C2	1000	100	0	0.5	300	1
303	-0.06141085844	-0.06141085844	0	0.267	0.271	-0.06141085844	-0.06141085844	NoCorrection	300	A43	C2	1000	100	0	0.5	300	1
304	0.02029237129	0.02029237129	0	0.62	0.614	0.02029237129	0.02029237129	ID	300	A43	C2	1000	100	0	0.5	300	1
305	0.00823479983500005	-0.0387609789999999	0	0.805	0.534	0.00823479983500005	-0.0387609789999999	1	1000	A43	C2	1000	100	0	0.5	300	0
306	0.0113450853975	-0.0525776905	0	0.718	0.391	0.0113450853975	-0.0525776905	FGr	1000	A43	C2	1000	100	0	0.5	300	0
307	0.01130948544	-0.0429506205000001	0	0.772	0.485	0.01130948544	-0.0429506205000001	NoCorrection	1000	A43	C2	1000	100	0	0.5	300	0
308	0.00970066259500008	-0.039718745	0	0.782	0.514	0.00970066259500008	-0.039718745	ID	1000	A43	C2	1000	100	0	0.5	300	0
309	-0.00783489152500001	0.0313608205	0	0.793	0.585	-0.00783489152500001	0.0313608205	1	1000	A43	C2	1000	100	0	0.5	300	0.1
310	0.002215683675	0.028780206	0	0.943	0.556	0.002215683675	0.028780206	FGr	1000	A43	C2	1000	100	0	0.5	300	0.1
311	0.00216730852499999	0.028739277	0	0.949	0.574	0.00216730852499999	0.028739277	NoCorrection	1000	A43	C2	1000	100	0	0.5	300	0.1
312	-0.00941012771000002	0.0164928625	0	0.794	0.748	-0.00941012771000002	0.0164928625	ID	1000	A43	C2	1000	100	0	0.5	300	0.1
313	-0.0366152723899999	0.0323236160000001	0	0.234	0.55	-0.0366152723899999	0.0323236160000001	1	1000	A43	C2	1000	100	0	0.5	300	0.5
314	-0.0108559554499999	0.017910704	0	0.746	0.795	-0.0108559554499999	0.017910704	FGr	1000	A43	C2	1000	100	0	0.5	300	0.5
315	-0.0109132136449999	0.00931427100000002	0	0.77	0.893	-0.0109132136449999	0.00931427100000002	NoCorrection	1000	A43	C2	1000	100	0	0.5	300	0.5
316	-0.03841571043	0.037042079	0	0.237	0.533	-0.03841571043	0.037042079	ID	1000	A43	C2	1000	100	0	0.5	300	0.5
317	0.06252064455	0.1150034325	0	0.052	0.033	0.06252064455	0.1150034325	1	1000	A43	C2	1000	100	0	0.5	300	1
318	0.1123631934	0.1039743065	0	0.005	0.193	0.1123631934	0.1039743065	FGr	1000	A43	C2	1000	100	0	0.5	300	1
319	0.11217690456	0.1029834745	0	0.013	0.213	0.11217690456	0.1029834745	NoCorrection	1000	A43	C2	1000	100	0	0.5	300	1
320	0.06324483059	0.1066090485	0	0.045	0.04	0.06324483059	0.1066090485	ID	1000	A43	C2	1000	100	0	0.5	300	1
321	-0.00372585804000003	0.09097622	0	0.912	0.279	-0.00372585804000003	0.09097622	1	10000	A43	C2	1000	100	0	0.5	300	0
322	-0.00430656091175	0.0531491965	0	0.907	0.506	-0.00430656091175	0.0531491965	FGr	10000	A43	C2	1000	100	0	0.5	300	0
323	-0.00278974442500002	0.0285562710000001	0	0.929	0.725	-0.00278974442500002	0.0285562710000001	NoCorrection	10000	A43	C2	1000	100	0	0.5	300	0
324	-0.00363754254199999	0.1126128185	0	0.902	0.16	-0.00363754254199999	0.1126128185	ID	10000	A43	C2	1000	100	0	0.5	300	0
325	-0.021512377394	-0.107067844	0	0.454	0.245	-0.021512377394	-0.107067844	1	10000	A43	C2	1000	100	0	0.5	300	0.1
326	-0.0203402095199999	-0.110364023	0	0.545	0.231	-0.0203402095199999	-0.110364023	FGr	10000	A43	C2	1000	100	0	0.5	300	0.1
327	-0.020117480534	-0.126537657	0	0.527	0.149	-0.020117480534	-0.126537657	NoCorrection	10000	A43	C2	1000	100	0	0.5	300	0.1
328	-0.0213093363058	-0.0884148335000002	0	0.503	0.314	-0.0213093363058	-0.0884148335000002	ID	10000	A43	C2	1000	100	0	0.5	300	0.1
329	0.090995080185	0.0964022900000001	0	0.023	0.306	0.090995080185	0.0964022900000001	1	10000	A43	C2	1000	100	0	0.5	300	0.5
330	0.0947915762500001	0.01385288	0	0.015	0.888	0.0947915762500001	0.01385288	FGr	10000	A43	C2	1000	100	0	0.5	300	0.5
331	0.09545396062	0.00923234500000001	0	0.018	0.919	0.09545396062	0.00923234500000001	NoCorrection	10000	A43	C2	1000	100	0	0.5	300	0.5
332	0.09187099543	0.111725221	0	0.01	0.222	0.09187099543	0.111725221	ID	10000	A43	C2	1000	100	0	0.5	300	0.5
333	-0.043049375325	0.02265186	0	0.254	0.805	-0.043049375325	0.02265186	1	10000	A43	C2	1000	100	0	0.5	300	1
334	-0.032562138665	0.0795097249999999	0	0.492	0.539	-0.032562138665	0.0795097249999999	FGr	10000	A43	C2	1000	100	0	0.5	300	1
335	-0.0332705401600001	0.083796345	0	0.499	0.533	-0.0332705401600001	0.083796345	NoCorrection	10000	A43	C2	1000	100	0	0.5	300	1
336	-0.0412830517	0.0119967665	0	0.219	0.883	-0.0412830517	0.0119967665	ID	10000	A43	C2	1000	100	0	0.5	300	1
337	-0.000651293297500024	-0.000651293297500022	0	0.978	0.97	-0.000651293297500024	-0.000651293297500022	1	300	A43	C2	1000	1000	0	0.5	300	0
338	0.000473153581499964	0.000473153581499963	0	0.982	0.981	0.000473153581499964	0.000473153581499963	FGr	300	A43	C2	1000	1000	0	0.5	300	0
339	6.64381500000059e-05	6.6438149999994e-05	0	0.998	0.997	6.64381500000059e-05	6.6438149999994e-05	NoCorrection	300	A43	C2	1000	1000	0	0.5	300	0
340	-0.00206228580300002	-0.00206228580300002	0	0.916	0.903	-0.00206228580300002	-0.00206228580300002	ID	300	A43	C2	1000	1000	0	0.5	300	0
341	0.0100731767493	0.0100731767493001	0	0.667	0.646	0.0100731767493	0.0100731767493001	1	300	A43	C2	1000	1000	0	0.5	300	0.1
342	0.00974810699700005	0.00974810699700006	0	0.67	0.699	0.00974810699700005	0.00974810699700006	FGr	300	A43	C2	1000	1000	0	0.5	300	0.1
343	0.00917392329300014	0.00917392329300013	0	0.695	0.698	0.00917392329300014	0.00917392329300013	NoCorrection	300	A43	C2	1000	1000	0	0.5	300	0.1
344	0.00988136659200004	0.00988136659199998	0	0.681	0.684	0.00988136659200004	0.00988136659199998	ID	300	A43	C2	1000	1000	0	0.5	300	0.1
345	0.000201910210000096	0.0002019102100001	0	0.994	0.992	0.000201910210000096	0.0002019102100001	1	300	A43	C2	1000	1000	0	0.5	300	0.5
346	0.00164016465299989	0.00164016465299989	0	0.937	0.943	0.00164016465299989	0.00164016465299989	FGr	300	A43	C2	1000	1000	0	0.5	300	0.5
347	0.0013061423435	0.0013061423435	0	0.944	0.957	0.0013061423435	0.0013061423435	NoCorrection	300	A43	C2	1000	1000	0	0.5	300	0.5
348	-0.00459292422274997	-0.00459292422274994	0	0.854	0.847	-0.00459292422274997	-0.00459292422274994	ID	300	A43	C2	1000	1000	0	0.5	300	0.5
349	0.0471978355092999	0.0471978355093	0	0.042	0.039	0.0471978355092999	0.0471978355093	1	300	A43	C2	1000	1000	0	0.5	300	1
350	0.049426256727	0.0494262567270001	0	0.071	0.085	0.049426256727	0.0494262567270001	FGr	300	A43	C2	1000	1000	0	0.5	300	1
351	0.0499975909944	0.0499975909943998	0	0.074	0.08	0.0499975909944	0.0499975909943998	NoCorrection	300	A43	C2	1000	1000	0	0.5	300	1
352	0.0350195422869998	0.0350195422869999	0	0.071	0.073	0.0350195422869998	0.0350195422869999	ID	300	A43	C2	1000	1000	0	0.5	300	1
353	0.035649884753	0.0470169800500001	0	0.098	0.189	0.035649884753	0.0470169800500001	1	1000	A43	C2	1000	1000	0	0.5	300	0
354	0.0352030263950001	0.0521431244999998	0	0.089	0.138	0.0352030263950001	0.0521431244999998	FGr	1000	A43	C2	1000	1000	0	0.5	300	0
355	0.0354681399710001	0.0515418433	0	0.093	0.146	0.0354681399710001	0.0515418433	NoCorrection	1000	A43	C2	1000	1000	0	0.5	300	0
356	0.0352487011868999	0.04383541945	0	0.085	0.19	0.0352487011868999	0.04383541945	ID	1000	A43	C2	1000	1000	0	0.5	300	0
357	-0.00433216525850013	-0.0147716103	0	0.845	0.682	-0.00433216525850013	-0.0147716103	1	1000	A43	C2	1000	1000	0	0.5	300	0.1
358	-0.00525214618250002	-0.0392372181000002	0	0.826	0.271	-0.00525214618250002	-0.0392372181000002	FGr	1000	A43	C2	1000	1000	0	0.5	300	0.1
359	-0.00540447474734994	-0.0394099532999998	0	0.832	0.267	-0.00540447474734994	-0.0394099532999998	NoCorrection	1000	A43	C2	1000	1000	0	0.5	300	0.1
360	-0.00363391132549994	-0.0199661802499997	0	0.881	0.576	-0.00363391132549994	-0.0199661802499997	ID	1000	A43	C2	1000	1000	0	0.5	300	0.1
361	-0.0248180264405	-0.0802494697000001	0	0.257	0.016	-0.0248180264405	-0.0802494697000001	1	1000	A43	C2	1000	1000	0	0.5	300	0.5
362	-0.0271214095399999	-0.06661502995	0	0.284	0.089	-0.0271214095399999	-0.06661502995	FGr	1000	A43	C2	1000	1000	0	0.5	300	0.5
363	-0.0272817463225	-0.0651167935499998	0	0.306	0.104	-0.0272817463225	-0.0651167935499998	NoCorrection	1000	A43	C2	1000	1000	0	0.5	300	0.5
364	-0.0220757171395	-0.0547758153499996	0	0.318	0.097	-0.0220757171395	-0.0547758153499996	ID	1000	A43	C2	1000	1000	0	0.5	300	0.5
365	0.0205180037225001	-0.04777237445	0	0.312	0.18	0.0205180037225001	-0.04777237445	1	1000	A43	C2	1000	1000	0	0.5	300	1
366	0.0152405445599999	-0.0737381145499998	0	0.681	0.15	0.0152405445599999	-0.0737381145499998	FGr	1000	A43	C2	1000	1000	0	0.5	300	1
367	0.014731429203	-0.0684758328999997	0	0.684	0.187	0.014731429203	-0.0684758328999997	NoCorrection	1000	A43	C2	1000	1000	0	0.5	300	1
368	0.0256981717555	-0.0202831256	0	0.196	0.558	0.0256981717555	-0.0202831256	ID	1000	A43	C2	1000	1000	0	0.5	300	1
369	-0.0182801215114999	-0.00396907475000059	0	0.37	0.939	-0.0182801215114999	-0.00396907475000059	1	10000	A43	C2	1000	1000	0	0.5	300	0
370	-0.0179142440805	0.00215544639999964	0	0.398	0.972	-0.0179142440805	0.00215544639999964	FGr	10000	A43	C2	1000	1000	0	0.5	300	0
371	-0.01838239565925	0.00402329984999965	0	0.37	0.936	-0.01838239565925	0.00402329984999965	NoCorrection	10000	A43	C2	1000	1000	0	0.5	300	0
372	-0.0181654408045	-0.00585735210000017	0	0.368	0.9	-0.0181654408045	-0.00585735210000017	ID	10000	A43	C2	1000	1000	0	0.5	300	0
373	0.00190354353989994	0.0588823856999999	0	0.926	0.31	0.00190354353989994	0.0588823856999999	1	10000	A43	C2	1000	1000	0	0.5	300	0.1
374	0.00180620337990005	0.0314709917500002	0	0.927	0.601	0.00180620337990005	0.0314709917500002	FGr	10000	A43	C2	1000	1000	0	0.5	300	0.1
375	0.00215696462050005	0.0431374446499999	0	0.894	0.449	0.00215696462050005	0.0431374446499999	NoCorrection	10000	A43	C2	1000	1000	0	0.5	300	0.1
376	0.00223562871164995	0.0543159115000003	0	0.898	0.351	0.00223562871164995	0.0543159115000003	ID	10000	A43	C2	1000	1000	0	0.5	300	0.1
377	-0.00126303391099998	-0.0679459693000004	0	0.965	0.163	-0.00126303391099998	-0.0679459693000004	1	10000	A43	C2	1000	1000	0	0.5	300	0.5
378	-0.0018664253040001	-0.0406623505	0	0.94	0.448	-0.0018664253040001	-0.0406623505	FGr	10000	A43	C2	1000	1000	0	0.5	300	0.5
379	-0.00169502218349986	-0.0405811465	0	0.948	0.491	-0.00169502218349986	-0.0405811465	NoCorrection	10000	A43	C2	1000	1000	0	0.5	300	0.5
380	0.00175668415449989	-0.0545057949500001	0	0.932	0.296	0.00175668415449989	-0.0545057949500001	ID	10000	A43	C2	1000	1000	0	0.5	300	0.5
381	0.0104619386125	0.00628163519999973	0	0.585	0.916	0.0104619386125	0.00628163519999973	1	10000	A43	C2	1000	1000	0	0.5	300	1
382	0.00927312481900025	0.1170260475	0	0.771	0.126	0.00927312481900025	0.1170260475	FGr	10000	A43	C2	1000	1000	0	0.5	300	1
383	0.00935473831440009	0.116929202999999	0	0.753	0.14	0.00935473831440009	0.116929202999999	NoCorrection	10000	A43	C2	1000	1000	0	0.5	300	1
384	0.0163570724635002	0.0186669050000001	0	0.369	0.759	0.0163570724635002	0.0186669050000001	ID	10000	A43	C2	1000	1000	0	0.5	300	1
385	0.00174420241864998	0.00174420241864999	0	0.95	0.937	0.00174420241864998	0.00174420241864999	1	300	A43	C2	1000	10000	0	0.5	300	0
386	0.00306205157290007	0.00306205157290008	0	0.88	0.892	0.00306205157290007	0.00306205157290008	FGr	300	A43	C2	1000	10000	0	0.5	300	0
387	0.00169671807282793	0.00169671807282795	0	0.949	0.933	0.00169671807282793	0.00169671807282795	NoCorrection	300	A43	C2	1000	10000	0	0.5	300	0
388	0.000275938895399847	0.000275938895399863	0	0.989	0.991	0.000275938895399847	0.000275938895399863	ID	300	A43	C2	1000	10000	0	0.5	300	0
389	0.000976174660000127	0.000976174660000082	0	0.941	0.962	0.000976174660000127	0.000976174660000082	1	300	A43	C2	1000	10000	0	0.5	300	0.1
390	0.0035140211130001	0.0035140211130001	0	0.851	0.856	0.0035140211130001	0.0035140211130001	FGr	300	A43	C2	1000	10000	0	0.5	300	0.1
391	0.00274872066499999	0.00274872066499994	0	0.889	0.886	0.00274872066499999	0.00274872066499994	NoCorrection	300	A43	C2	1000	10000	0	0.5	300	0.1
392	-0.00106363069704991	-0.0010636306970499	0	0.961	0.95	-0.00106363069704991	-0.0010636306970499	ID	300	A43	C2	1000	10000	0	0.5	300	0.1
393	0.0505648076336	0.0505648076336	0	0.014	0.017	0.0505648076336	0.0505648076336	1	300	A43	C2	1000	10000	0	0.5	300	0.5
394	0.0555349700597	0.0555349700596999	0	0.019	0.024	0.0555349700597	0.0555349700596999	FGr	300	A43	C2	1000	10000	0	0.5	300	0.5
395	0.0543403816695501	0.05434038166955	0	0.026	0.021	0.0543403816695501	0.05434038166955	NoCorrection	300	A43	C2	1000	10000	0	0.5	300	0.5
396	0.0420306585013902	0.0420306585013902	0	0.029	0.043	0.0420306585013902	0.0420306585013902	ID	300	A43	C2	1000	10000	0	0.5	300	0.5
397	0.0131762968598999	0.0131762968598999	0	0.561	0.557	0.0131762968598999	0.0131762968598999	1	300	A43	C2	1000	10000	0	0.5	300	1
398	0.018399085595451	0.0183990855954511	0	0.561	0.543	0.018399085595451	0.0183990855954511	FGr	300	A43	C2	1000	10000	0	0.5	300	1
399	0.0216415590496505	0.0216415590496506	0	0.48	0.488	0.0216415590496505	0.0216415590496506	NoCorrection	300	A43	C2	1000	10000	0	0.5	300	1
400	-0.00444859157070017	-0.00444859157070017	0	0.815	0.799	-0.00444859157070017	-0.00444859157070017	ID	300	A43	C2	1000	10000	0	0.5	300	1
401	-0.00104157793524985	0.0430379422549996	0	0.964	0.168	-0.00104157793524985	0.0430379422549996	1	1000	A43	C2	1000	10000	0	0.5	300	0
402	-0.00168737080108019	0.0371571049800008	0	0.933	0.213	-0.00168737080108019	0.0371571049800008	FGr	1000	A43	C2	1000	10000	0	0.5	300	0
403	-0.00239091441379959	0.0409543470599998	0	0.899	0.169	-0.00239091441379959	0.0409543470599998	NoCorrection	1000	A43	C2	1000	10000	0	0.5	300	0
404	-0.0006252750875849	0.04250566269	0	0.977	0.163	-0.0006252750875849	0.04250566269	ID	1000	A43	C2	1000	10000	0	0.5	300	0
405	-0.0125137764032	0.00851455219499984	0	0.564	0.812	-0.0125137764032	0.00851455219499984	1	1000	A43	C2	1000	10000	0	0.5	300	0.1
406	-0.01563515397295	0.0241556167549998	0	0.468	0.482	-0.01563515397295	0.0241556167549998	FGr	1000	A43	C2	1000	10000	0	0.5	300	0.1
407	-0.0165614359903	0.0262743618199999	0	0.474	0.438	-0.0165614359903	0.0262743618199999	NoCorrection	1000	A43	C2	1000	10000	0	0.5	300	0.1
408	-0.01510276311075	0.0232700114749999	0	0.514	0.528	-0.01510276311075	0.0232700114749999	ID	1000	A43	C2	1000	10000	0	0.5	300	0.1
409	0.00616447503154993	0.023261035685	0	0.742	0.475	0.00616447503154993	0.023261035685	1	1000	A43	C2	1000	10000	0	0.5	300	0.5
410	-0.00476477396179826	0.0271634530499998	0	0.817	0.472	-0.00476477396179826	0.0271634530499998	FGr	1000	A43	C2	1000	10000	0	0.5	300	0.5
411	-0.00508818481590101	0.0303315623100006	0	0.83	0.445	-0.00508818481590101	0.0303315623100006	NoCorrection	1000	A43	C2	1000	10000	0	0.5	300	0.5
412	0.00469140576749986	0.00583106741499994	0	0.775	0.849	0.00469140576749986	0.00583106741499994	ID	1000	A43	C2	1000	10000	0	0.5	300	0.5
413	0.00981957478791999	-0.0271999206899992	0	0.653	0.424	0.00981957478791999	-0.0271999206899992	1	1000	A43	C2	1000	10000	0	0.5	300	1
414	-0.0171429702582504	0.00186190895500143	0	0.621	0.969	-0.0171429702582504	0.00186190895500143	FGr	1000	A43	C2	1000	10000	0	0.5	300	1
415	-0.0176239003848996	0.00272446857499934	0	0.592	0.96	-0.0176239003848996	0.00272446857499934	NoCorrection	1000	A43	C2	1000	10000	0	0.5	300	1
416	0.00691392651349992	-0.0215997914349995	0	0.763	0.531	0.00691392651349992	-0.0215997914349995	ID	1000	A43	C2	1000	10000	0	0.5	300	1
417	0.0173821046654002	0.0315652024999989	0	0.334	0.523	0.0173821046654002	0.0315652024999989	1	10000	A43	C2	1000	10000	0	0.5	300	0
418	0.01645464635865	0.0301828887999998	0	0.354	0.533	0.01645464635865	0.0301828887999998	FGr	10000	A43	C2	1000	10000	0	0.5	300	0
419	0.0164534513403	0.0301144693399982	0	0.344	0.538	0.0164534513403	0.0301144693399982	NoCorrection	10000	A43	C2	1000	10000	0	0.5	300	0
420	0.0173789471153999	0.0308560824999991	0	0.325	0.512	0.0173789471153999	0.0308560824999991	ID	10000	A43	C2	1000	10000	0	0.5	300	0
421	0.00914574255862999	-0.0687176586849998	0	0.626	0.161	0.00914574255862999	-0.0687176586849998	1	10000	A43	C2	1000	10000	0	0.5	300	0.1
422	0.0120940126349	-0.05260931577	0	0.504	0.266	0.0120940126349	-0.05260931577	FGr	10000	A43	C2	1000	10000	0	0.5	300	0.1
423	0.0129074083737001	-0.027460206615	0	0.499	0.586	0.0129074083737001	-0.027460206615	NoCorrection	10000	A43	C2	1000	10000	0	0.5	300	0.1
424	0.00908556023880001	-0.05712600324	0	0.614	0.22	0.00908556023880001	-0.05712600324	ID	10000	A43	C2	1000	10000	0	0.5	300	0.1
425	-0.0120062272607	-0.0819036787499992	0	0.56	0.117	-0.0120062272607	-0.0819036787499992	1	10000	A43	C2	1000	10000	0	0.5	300	0.5
426	-8.58863526497402e-05	-0.12307376085	0	0.996	0.042	-8.58863526497402e-05	-0.12307376085	FGr	10000	A43	C2	1000	10000	0	0.5	300	0.5
427	0.000324633709800093	-0.104575957949999	0	0.986	0.085	0.000324633709800093	-0.104575957949999	NoCorrection	10000	A43	C2	1000	10000	0	0.5	300	0.5
428	-0.011573657837	-0.0746885974500002	0	0.55	0.163	-0.011573657837	-0.0746885974500002	ID	10000	A43	C2	1000	10000	0	0.5	300	0.5
429	0.03532505277375	-0.034251483595	0	0.062	0.514	0.03532505277375	-0.034251483595	1	10000	A43	C2	1000	10000	0	0.5	300	1
430	0.0585343972055001	-0.0142979474000004	0	0.033	0.826	0.0585343972055001	-0.0142979474000004	FGr	10000	A43	C2	1000	10000	0	0.5	300	1
431	0.0587687218153995	-0.0172994675499994	0	0.035	0.832	0.0587687218153995	-0.0172994675499994	NoCorrection	10000	A43	C2	1000	10000	0	0.5	300	1
432	0.035564677601665	-0.0229715956850003	0	0.081	0.654	0.035564677601665	-0.0229715956850003	ID	10000	A43	C2	1000	10000	0	0.5	300	1
433	0.00169558717864995	0.00169558717864998	0	0.886	0.882	0.00169558717864995	0.00169558717864998	1	300	A43	C2	10000	100	0	0.5	300	0
434	0.00177424713250001	0.00177424713249997	0	0.874	0.873	0.00177424713250001	0.00177424713249997	FGr	300	A43	C2	10000	100	0	0.5	300	0
435	0.00176513107125004	0.00176513107125006	0	0.886	0.885	0.00176513107125004	0.00176513107125006	NoCorrection	300	A43	C2	10000	100	0	0.5	300	0
436	0.00168001119499998	0.00168001119499995	0	0.888	0.876	0.00168001119499998	0.00168001119499995	ID	300	A43	C2	10000	100	0	0.5	300	0
437	-0.00441267369699999	-0.00441267369700001	0	0.723	0.698	-0.00441267369699999	-0.00441267369700001	1	300	A43	C2	10000	100	0	0.5	300	0.1
438	-0.0052072081	-0.0052072081	0	0.661	0.68	-0.0052072081	-0.0052072081	FGr	300	A43	C2	10000	100	0	0.5	300	0.1
439	-0.005170916715	-0.005170916715	0	0.671	0.699	-0.005170916715	-0.005170916715	NoCorrection	300	A43	C2	10000	100	0	0.5	300	0.1
440	-0.00448082639699999	-0.00448082639699998	0	0.691	0.682	-0.00448082639699999	-0.00448082639699998	ID	300	A43	C2	10000	100	0	0.5	300	0.1
441	-0.00789192576900001	-0.00789192576900001	0	0.417	0.461	-0.00789192576900001	-0.00789192576900001	1	300	A43	C2	10000	100	0	0.5	300	0.5
442	-0.010772497286	-0.010772497286	0	0.611	0.61	-0.010772497286	-0.010772497286	FGr	300	A43	C2	10000	100	0	0.5	300	0.5
443	-0.010830568934	-0.010830568934	0	0.602	0.599	-0.010830568934	-0.010830568934	NoCorrection	300	A43	C2	10000	100	0	0.5	300	0.5
444	-0.008475696155	-0.008475696155	0	0.387	0.409	-0.008475696155	-0.008475696155	ID	300	A43	C2	10000	100	0	0.5	300	0.5
445	0.00632199440044999	0.00632199440045002	0	0.575	0.603	0.00632199440044999	0.00632199440045002	1	300	A43	C2	10000	100	0	0.5	300	1
446	-0.000989830555000037	-0.000989830555000011	0	0.973	0.985	-0.000989830555000037	-0.000989830555000011	FGr	300	A43	C2	10000	100	0	0.5	300	1
447	-0.000952548764999968	-0.000952548765000003	0	0.975	0.976	-0.000952548764999968	-0.000952548765000003	NoCorrection	300	A43	C2	10000	100	0	0.5	300	1
448	0.004298301045	0.00429830104499999	0	0.681	0.698	0.004298301045	0.00429830104499999	ID	300	A43	C2	10000	100	0	0.5	300	1
449	0.00288411583499998	-0.00947132200000001	0	0.781	0.631	0.00288411583499998	-0.00947132200000001	1	1000	A43	C2	10000	100	0	0.5	300	0
450	0.00288176011500001	-0.00883904600000001	0	0.777	0.647	0.00288176011500001	-0.00883904600000001	FGr	1000	A43	C2	10000	100	0	0.5	300	0
451	0.00290850503499999	-0.00838419950000001	0	0.791	0.671	0.00290850503499999	-0.00838419950000001	NoCorrection	1000	A43	C2	10000	100	0	0.5	300	0
452	0.00286863307250002	-0.007387091	0	0.792	0.691	0.00286863307250002	-0.007387091	ID	1000	A43	C2	10000	100	0	0.5	300	0
453	-0.0006254221765	0.00346035299999999	0	0.944	0.854	-0.0006254221765	0.00346035299999999	1	1000	A43	C2	10000	100	0	0.5	300	0.1
454	-0.000435007767999995	-1.09705000000082e-05	0	0.972	0.999	-0.000435007767999995	-1.09705000000082e-05	FGr	1000	A43	C2	10000	100	0	0.5	300	0.1
455	-0.000359607332349993	-0.001547285	0	0.981	0.928	-0.000359607332349993	-0.001547285	NoCorrection	1000	A43	C2	10000	100	0	0.5	300	0.1
456	-0.000681113790999997	0.00480312650000001	0	0.952	0.794	-0.000681113790999997	0.00480312650000001	ID	1000	A43	C2	10000	100	0	0.5	300	0.1
457	0.004589805515	-0.00860310849999999	0	0.679	0.572	0.004589805515	-0.00860310849999999	1	1000	A43	C2	10000	100	0	0.5	300	0.5
458	0.00724458228000001	-0.015415121	0	0.685	0.582	0.00724458228000001	-0.015415121	FGr	1000	A43	C2	10000	100	0	0.5	300	0.5
459	0.007373392385	-0.0160656489999999	0	0.673	0.578	0.007373392385	-0.0160656489999999	NoCorrection	1000	A43	C2	10000	100	0	0.5	300	0.5
460	0.0050912510996	-0.0100810895	0	0.601	0.489	0.0050912510996	-0.0100810895	ID	1000	A43	C2	10000	100	0	0.5	300	0.5
461	0.013332727633	-0.010691585	0	0.238	0.566	0.013332727633	-0.010691585	1	1000	A43	C2	10000	100	0	0.5	300	1
462	0.019339627	-0.0386939965000002	0	0.586	0.5	0.019339627	-0.0386939965000002	FGr	1000	A43	C2	10000	100	0	0.5	300	1
463	0.01954020022	-0.0431707545000001	0	0.583	0.464	0.01954020022	-0.0431707545000001	NoCorrection	1000	A43	C2	10000	100	0	0.5	300	1
464	0.0145436348225	-0.00256443549999999	0	0.155	0.893	0.0145436348225	-0.00256443549999999	ID	1000	A43	C2	10000	100	0	0.5	300	1
465	0.01727669809	0.00925363199999997	0	0.124	0.721	0.01727669809	0.00925363199999997	1	10000	A43	C2	10000	100	0	0.5	300	0
466	0.01629059958	0.029381614	0	0.144	0.303	0.01629059958	0.029381614	FGr	10000	A43	C2	10000	100	0	0.5	300	0
467	0.016162108361	0.024487481	0	0.165	0.389	0.016162108361	0.024487481	NoCorrection	10000	A43	C2	10000	100	0	0.5	300	0
468	0.01729035204	0.00924291	0	0.109	0.722	0.01729035204	0.00924291	ID	10000	A43	C2	10000	100	0	0.5	300	0
469	0.007391674596	0.048124846	0	0.491	0.124	0.007391674596	0.048124846	1	10000	A43	C2	10000	100	0	0.5	300	0.1
470	0.00395550791649999	0.054839158	0	0.719	0.052	0.00395550791649999	0.054839158	FGr	10000	A43	C2	10000	100	0	0.5	300	0.1
471	0.0040198706575	0.0578489315	0	0.726	0.052	0.0040198706575	0.0578489315	NoCorrection	10000	A43	C2	10000	100	0	0.5	300	0.1
472	0.00757778173000001	0.043594897	0	0.521	0.151	0.00757778173000001	0.043594897	ID	10000	A43	C2	10000	100	0	0.5	300	0.1
473	-0.00167241500499999	0.0143506445	0	0.881	0.593	-0.00167241500499999	0.0143506445	1	10000	A43	C2	10000	100	0	0.5	300	0.5
474	-0.02188210349	-0.0235163110000001	0	0.266	0.629	-0.02188210349	-0.0235163110000001	FGr	10000	A43	C2	10000	100	0	0.5	300	0.5
475	-0.021546636	-0.0307088660000001	0	0.284	0.571	-0.021546636	-0.0307088660000001	NoCorrection	10000	A43	C2	10000	100	0	0.5	300	0.5
476	-0.00165747243205	0.0111301625	0	0.88	0.72	-0.00165747243205	0.0111301625	ID	10000	A43	C2	10000	100	0	0.5	300	0.5
477	0.011212553135	0.031578552	0	0.386	0.284	0.011212553135	0.031578552	1	10000	A43	C2	10000	100	0	0.5	300	1
478	-0.03188661537	0.0850811749999998	0	0.389	0.33	-0.03188661537	0.0850811749999998	FGr	10000	A43	C2	10000	100	0	0.5	300	1
479	-0.031268779545	0.0809718250000001	0	0.388	0.371	-0.031268779545	0.0809718250000001	NoCorrection	10000	A43	C2	10000	100	0	0.5	300	1
480	0.0107996491200001	0.036574918	0	0.407	0.222	0.0107996491200001	0.036574918	ID	10000	A43	C2	10000	100	0	0.5	300	1
481	0.000959277108499993	0.000959277108499992	0	0.886	0.875	0.000959277108499993	0.000959277108499992	1	300	A43	C2	10000	1000	0	0.5	300	0
482	0.000724661668000009	0.00072466166800001	0	0.905	0.917	0.000724661668000009	0.00072466166800001	FGr	300	A43	C2	10000	1000	0	0.5	300	0
483	0.000768451381499981	0.000768451381499968	0	0.908	0.905	0.000768451381499981	0.000768451381499968	NoCorrection	300	A43	C2	10000	1000	0	0.5	300	0
484	0.000942441833000029	0.000942441833000026	0	0.887	0.891	0.000942441833000029	0.000942441833000026	ID	300	A43	C2	10000	1000	0	0.5	300	0
485	-0.0036870953835	-0.00368709538350001	0	0.526	0.524	-0.0036870953835	-0.00368709538350001	1	300	A43	C2	10000	1000	0	0.5	300	0.1
486	-0.00436103078044997	-0.00436103078044998	0	0.439	0.467	-0.00436103078044997	-0.00436103078044998	FGr	300	A43	C2	10000	1000	0	0.5	300	0.1
487	-0.00429991487609996	-0.00429991487609997	0	0.481	0.458	-0.00429991487609996	-0.00429991487609997	NoCorrection	300	A43	C2	10000	1000	0	0.5	300	0.1
488	-0.00363056633079997	-0.00363056633079998	0	0.525	0.503	-0.00363056633079997	-0.00363056633079998	ID	300	A43	C2	10000	1000	0	0.5	300	0.1
489	-0.00487342250279999	-0.00487342250279998	0	0.415	0.417	-0.00487342250279999	-0.00487342250279998	1	300	A43	C2	10000	1000	0	0.5	300	0.5
490	-0.00898815702549995	-0.00898815702549996	0	0.472	0.49	-0.00898815702549995	-0.00898815702549996	FGr	300	A43	C2	10000	1000	0	0.5	300	0.5
491	-0.00892967530599995	-0.00892967530599997	0	0.44	0.489	-0.00892967530599995	-0.00892967530599997	NoCorrection	300	A43	C2	10000	1000	0	0.5	300	0.5
492	-0.00494127196874995	-0.00494127196874994	0	0.417	0.394	-0.00494127196874995	-0.00494127196874994	ID	300	A43	C2	10000	1000	0	0.5	300	0.5
493	0.0080866990177	0.0080866990177	0	0.285	0.296	0.0080866990177	0.0080866990177	1	300	A43	C2	10000	1000	0	0.5	300	1
494	0.00082639429350001	0.000826394293499999	0	0.964	0.969	0.00082639429350001	0.000826394293499999	FGr	300	A43	C2	10000	1000	0	0.5	300	1
495	0.000837043745999997	0.000837043745999997	0	0.965	0.97	0.000837043745999997	0.000837043745999997	NoCorrection	300	A43	C2	10000	1000	0	0.5	300	1
496	0.00814893117	0.00814893117000001	0	0.242	0.244	0.00814893117	0.00814893117000001	ID	300	A43	C2	10000	1000	0	0.5	300	1
497	-0.00595536591149997	0.00109746705000004	0	0.368	0.925	-0.00595536591149997	0.00109746705000004	1	1000	A43	C2	10000	1000	0	0.5	300	0
498	-0.00510217655084997	0.00055098615	0	0.456	0.964	-0.00510217655084997	0.00055098615	FGr	1000	A43	C2	10000	1000	0	0.5	300	0
499	-0.00508427084010004	0.00138266535000001	0	0.448	0.887	-0.00508427084010004	0.00138266535000001	NoCorrection	1000	A43	C2	10000	1000	0	0.5	300	0
500	-0.00610347651099996	0.000915376649999988	0	0.371	0.934	-0.00610347651099996	0.000915376649999988	ID	1000	A43	C2	10000	1000	0	0.5	300	0
501	-0.00934272652930003	0.000100783500000048	0	0.107	0.994	-0.00934272652930003	0.000100783500000048	1	1000	A43	C2	10000	1000	0	0.5	300	0.1
502	-0.00568952316720001	-0.00340561584999998	0	0.329	0.741	-0.00568952316720001	-0.00340561584999998	FGr	1000	A43	C2	10000	1000	0	0.5	300	0.1
503	-0.00569910515714997	-0.00340080035000001	0	0.325	0.73	-0.00569910515714997	-0.00340080035000001	NoCorrection	1000	A43	C2	10000	1000	0	0.5	300	0.1
504	-0.00926669197359995	0.000737498250000018	0	0.119	0.927	-0.00926669197359995	0.000737498250000018	ID	1000	A43	C2	10000	1000	0	0.5	300	0.1
505	-0.005788864426	-0.0207564999	0	0.334	0.083	-0.005788864426	-0.0207564999	1	1000	A43	C2	10000	1000	0	0.5	300	0.5
506	0.0141959369353001	0.0164735574	0	0.219	0.424	0.0141959369353001	0.0164735574	FGr	1000	A43	C2	10000	1000	0	0.5	300	0.5
507	0.0143211296154	0.0181541962	0	0.226	0.382	0.0143211296154	0.0181541962	NoCorrection	1000	A43	C2	10000	1000	0	0.5	300	0.5
508	-0.0041948482523	-0.01360871965	0	0.485	0.239	-0.0041948482523	-0.01360871965	ID	1000	A43	C2	10000	1000	0	0.5	300	0.5
509	-0.0062657385521	0.01126390095	0	0.327	0.293	-0.0062657385521	0.01126390095	1	1000	A43	C2	10000	1000	0	0.5	300	1
510	0.0304356077081999	0.0769981259	0	0.092	0.034	0.0304356077081999	0.0769981259	FGr	1000	A43	C2	10000	1000	0	0.5	300	1
511	0.030533437611	0.0756408446000004	0	0.113	0.045	0.030533437611	0.0756408446000004	NoCorrection	1000	A43	C2	10000	1000	0	0.5	300	1
512	-0.004320888448	0.01273211425	0	0.486	0.229	-0.004320888448	0.01273211425	ID	1000	A43	C2	10000	1000	0	0.5	300	1
513	-0.00213192057879996	0.00106471845	0	0.76	0.935	-0.00213192057879996	0.00106471845	1	10000	A43	C2	10000	1000	0	0.5	300	0
514	-0.00176130574700003	-0.000898114200000079	0	0.806	0.96	-0.00176130574700003	-0.000898114200000079	FGr	10000	A43	C2	10000	1000	0	0.5	300	0
515	-0.00174293878500002	-0.00152066425000002	0	0.808	0.914	-0.00174293878500002	-0.00152066425000002	NoCorrection	10000	A43	C2	10000	1000	0	0.5	300	0
516	-0.00203727956989998	-0.00193623544999996	0	0.777	0.901	-0.00203727956989998	-0.00193623544999996	ID	10000	A43	C2	10000	1000	0	0.5	300	0
517	0.00787033141010002	0.00147271085000007	0	0.249	0.926	0.00787033141010002	0.00147271085000007	1	10000	A43	C2	10000	1000	0	0.5	300	0.1
518	0.00871870725705	-0.01709992925	0	0.244	0.308	0.00871870725705	-0.01709992925	FGr	10000	A43	C2	10000	1000	0	0.5	300	0.1
519	0.0087044823134	-0.0162857921999999	0	0.259	0.38	0.0087044823134	-0.0162857921999999	NoCorrection	10000	A43	C2	10000	1000	0	0.5	300	0.1
520	0.00782618434182	0.00262548624999997	0	0.28	0.871	0.00782618434182	0.00262548624999997	ID	10000	A43	C2	10000	1000	0	0.5	300	0.1
521	-0.00407318943915002	-0.0103259192000001	0	0.544	0.537	-0.00407318943915002	-0.0103259192000001	1	10000	A43	C2	10000	1000	0	0.5	300	0.5
522	0.00303278021949989	-0.0558707839	0	0.81	0.094	0.00303278021949989	-0.0558707839	FGr	10000	A43	C2	10000	1000	0	0.5	300	0.5
523	0.00302759340400003	-0.05440781715	0	0.823	0.11	0.00302759340400003	-0.05440781715	NoCorrection	10000	A43	C2	10000	1000	0	0.5	300	0.5
524	-0.00411156056149998	-0.0141320264500002	0	0.556	0.394	-0.00411156056149998	-0.0141320264500002	ID	10000	A43	C2	10000	1000	0	0.5	300	0.5
525	0.00205487439279996	0.0136672657999999	0	0.762	0.428	0.00205487439279996	0.0136672657999999	1	10000	A43	C2	10000	1000	0	0.5	300	1
526	0.015087000625	-0.0221299784999999	0	0.511	0.69	0.015087000625	-0.0221299784999999	FGr	10000	A43	C2	10000	1000	0	0.5	300	1
527	0.015039411447	-0.018964202	0	0.454	0.704	0.015039411447	-0.018964202	NoCorrection	10000	A43	C2	10000	1000	0	0.5	300	1
528	0.00196570170339997	-0.00289622554999992	0	0.793	0.876	0.00196570170339997	-0.00289622554999992	ID	10000	A43	C2	10000	1000	0	0.5	300	1
529	0.00164325166752502	0.00164325166752503	0	0.752	0.77	0.00164325166752502	0.00164325166752503	1	300	A43	C2	10000	10000	0	0.5	300	0
530	0.00176385853247504	0.00176385853247503	0	0.766	0.765	0.00176385853247504	0.00176385853247503	FGr	300	A43	C2	10000	10000	0	0.5	300	0
531	0.00178767624528505	0.00178767624528505	0	0.763	0.763	0.00178767624528505	0.00178767624528505	NoCorrection	300	A43	C2	10000	10000	0	0.5	300	0
532	0.00179849297568488	0.00179849297568489	0	0.787	0.755	0.00179849297568488	0.00179849297568489	ID	300	A43	C2	10000	10000	0	0.5	300	0
533	-0.00797257884898613	-0.00797257884898609	0	0.205	0.214	-0.00797257884898613	-0.00797257884898609	1	300	A43	C2	10000	10000	0	0.5	300	0.1
534	-0.00891445723314993	-0.00891445723314991	0	0.172	0.182	-0.00891445723314993	-0.00891445723314991	FGr	300	A43	C2	10000	10000	0	0.5	300	0.1
535	-0.00890800919719989	-0.0089080091971999	0	0.176	0.165	-0.00890800919719989	-0.0089080091971999	NoCorrection	300	A43	C2	10000	10000	0	0.5	300	0.1
536	-0.00768565882541003	-0.00768565882541005	0	0.224	0.229	-0.00768565882541003	-0.00768565882541005	ID	300	A43	C2	10000	10000	0	0.5	300	0.1
537	-0.000502690934414635	-0.000502690934414623	0	0.951	0.96	-0.000502690934414635	-0.000502690934414623	1	300	A43	C2	10000	10000	0	0.5	300	0.5
538	-0.0053279256046505	-0.0053279256046505	0	0.617	0.629	-0.0053279256046505	-0.0053279256046505	FGr	300	A43	C2	10000	10000	0	0.5	300	0.5
539	-0.00532001691024969	-0.00532001691024964	0	0.627	0.603	-0.00532001691024969	-0.00532001691024964	NoCorrection	300	A43	C2	10000	10000	0	0.5	300	0.5
540	0.000365085316150181	0.000365085316150203	0	0.969	0.947	0.000365085316150181	0.000365085316150203	ID	300	A43	C2	10000	10000	0	0.5	300	0.5
541	-0.00148310890913011	-0.00148310890913009	0	0.828	0.834	-0.00148310890913011	-0.00148310890913009	1	300	A43	C2	10000	10000	0	0.5	300	1
542	-0.0112753857735005	-0.0112753857735005	0	0.579	0.573	-0.0112753857735005	-0.0112753857735005	FGr	300	A43	C2	10000	10000	0	0.5	300	1
543	-0.0111989366581005	-0.0111989366581004	0	0.606	0.595	-0.0111989366581005	-0.0111989366581004	NoCorrection	300	A43	C2	10000	10000	0	0.5	300	1
544	0.000450709152049981	0.00045070915204999	0	0.948	0.914	0.000450709152049981	0.00045070915204999	ID	300	A43	C2	10000	10000	0	0.5	300	1
545	-0.0126327291548999	-0.00313120855000004	0	0.033	0.743	-0.0126327291548999	-0.00313120855000004	1	1000	A43	C2	10000	10000	0	0.5	300	0
546	-0.012535903976995	-0.00628431322499969	0	0.051	0.511	-0.012535903976995	-0.00628431322499969	FGr	1000	A43	C2	10000	10000	0	0.5	300	0
547	-0.0125343275147501	-0.00577206266000008	0	0.053	0.563	-0.0125343275147501	-0.00577206266000008	NoCorrection	1000	A43	C2	10000	10000	0	0.5	300	0
548	-0.0125901273243001	-0.00259814927999973	0	0.05	0.792	-0.0125901273243001	-0.00259814927999973	ID	1000	A43	C2	10000	10000	0	0.5	300	0
549	-0.00530262367480991	-0.00242498219499998	0	0.374	0.817	-0.00530262367480991	-0.00242498219499998	1	1000	A43	C2	10000	10000	0	0.5	300	0.1
550	-0.00510825446089007	-0.000154878065000102	0	0.439	0.987	-0.00510825446089007	-0.000154878065000102	FGr	1000	A43	C2	10000	10000	0	0.5	300	0.1
551	-0.00510599265019996	0.000642663259999943	0	0.452	0.95	-0.00510599265019996	0.000642663259999943	NoCorrection	1000	A43	C2	10000	10000	0	0.5	300	0.1
552	-0.00530266680200018	-0.00178339611999998	0	0.377	0.843	-0.00530266680200018	-0.00178339611999998	ID	1000	A43	C2	10000	10000	0	0.5	300	0.1
553	-0.00222100910750001	-0.000832777750000004	0	0.694	0.928	-0.00222100910750001	-0.000832777750000004	1	1000	A43	C2	10000	10000	0	0.5	300	0.5
554	-0.00158513669723998	0.00303762595500057	0	0.902	0.858	-0.00158513669723998	0.00303762595500057	FGr	1000	A43	C2	10000	10000	0	0.5	300	0.5
555	-0.00158370267620001	0.00301819370999979	0	0.887	0.835	-0.00158370267620001	0.00301819370999979	NoCorrection	1000	A43	C2	10000	10000	0	0.5	300	0.5
556	-0.00237991318488395	-0.00527333694499998	0	0.689	0.582	-0.00237991318488395	-0.00527333694499998	ID	1000	A43	C2	10000	10000	0	0.5	300	0.5
557	-0.00616976258659004	-0.00611354830000008	0	0.323	0.486	-0.00616976258659004	-0.00611354830000008	1	1000	A43	C2	10000	10000	0	0.5	300	1
558	-0.00480942263604995	0.00260024332500046	0	0.807	0.934	-0.00480942263604995	0.00260024332500046	FGr	1000	A43	C2	10000	10000	0	0.5	300	1
559	-0.00481099280469995	0.00259999231499963	0	0.771	0.942	-0.00481099280469995	0.00259999231499963	NoCorrection	1000	A43	C2	10000	10000	0	0.5	300	1
560	-0.00638226483999987	-0.0132252304400002	0	0.267	0.122	-0.00638226483999987	-0.0132252304400002	ID	1000	A43	C2	10000	10000	0	0.5	300	1
561	0.00154458998196007	0.00793228660500002	0	0.785	0.61	0.00154458998196007	0.00793228660500002	1	10000	A43	C2	10000	10000	0	0.5	300	0
562	0.00113984192283478	0.00246079108500008	0	0.836	0.878	0.00113984192283478	0.00246079108500008	FGr	10000	A43	C2	10000	10000	0	0.5	300	0
563	0.00113336228095006	0.00215213151499995	0	0.845	0.889	0.00113336228095006	0.00215213151499995	NoCorrection	10000	A43	C2	10000	10000	0	0.5	300	0
564	0.00156201335695758	0.0105214804499992	0	0.744	0.501	0.00156201335695758	0.0105214804499992	ID	10000	A43	C2	10000	10000	0	0.5	300	0
565	0.00497013445640002	-0.00451583904499999	0	0.412	0.756	0.00497013445640002	-0.00451583904499999	1	10000	A43	C2	10000	10000	0	0.5	300	0.1
566	0.00384698333305002	-0.017062885175	0	0.548	0.219	0.00384698333305002	-0.017062885175	FGr	10000	A43	C2	10000	10000	0	0.5	300	0.1
567	0.00382192865792502	-0.0157231644499999	0	0.552	0.279	0.00382192865792502	-0.0157231644499999	NoCorrection	10000	A43	C2	10000	10000	0	0.5	300	0.1
568	0.00498074476166001	-0.00393479362000015	0	0.416	0.79	0.00498074476166001	-0.00393479362000015	ID	10000	A43	C2	10000	10000	0	0.5	300	0.1
569	-0.01131217928285	-0.010188974375	0	0.114	0.578	-0.01131217928285	-0.010188974375	1	10000	A43	C2	10000	10000	0	0.5	300	0.5
570	-0.0169499619725763	-0.0538825970750002	0	0.135	0.054	-0.0169499619725763	-0.0538825970750002	FGr	10000	A43	C2	10000	10000	0	0.5	300	0.5
571	-0.0170063567688998	-0.0536901736149995	0	0.133	0.054	-0.0170063567688998	-0.0536901736149995	NoCorrection	10000	A43	C2	10000	10000	0	0.5	300	0.5
572	-0.01147593836624	-0.0104564723749999	0	0.094	0.555	-0.01147593836624	-0.0104564723749999	ID	10000	A43	C2	10000	10000	0	0.5	300	0.5
573	-0.00344965439594991	0.00717093050999997	0	0.586	0.628	-0.00344965439594991	0.00717093050999997	1	10000	A43	C2	10000	10000	0	0.5	300	1
574	-0.01498824988501	0.0212954064000006	0	0.514	0.689	-0.01498824988501	0.0212954064000006	FGr	10000	A43	C2	10000	10000	0	0.5	300	1
575	-0.0151254337285727	0.0184885597000004	0	0.523	0.695	-0.0151254337285727	0.0184885597000004	NoCorrection	10000	A43	C2	10000	10000	0	0.5	300	1
576	-0.00364672402705003	0.00542852501499987	0	0.567	0.743	-0.00364672402705003	0.00542852501499987	ID	10000	A43	C2	10000	10000	0	0.5	300	1
