	c-q	nc-q	true-q	c-p	nc-p	c-bias	nc-bias	type	L	rep	config	gwas_size	test_size	h2	ts	num_causal	env
1	0.064460302267	0.064460302267	0	0.081	0.079	0.064460302267	0.064460302267	1	300	A48	C1	1000	100	0	0.5	300	0
2	0.0848628230500001	0.0848628230500001	0	0.022	0.024	0.0848628230500001	0.0848628230500001	FGr	300	A48	C1	1000	100	0	0.5	300	0
3	0.0840945599	0.0840945599	0	0.016	0.02	0.0840945599	0.0840945599	NoCorrection	300	A48	C1	1000	100	0	0.5	300	0
4	0.08263639755	0.08263639755	0	0.019	0.029	0.08263639755	0.08263639755	ID	300	A48	C1	1000	100	0	0.5	300	0
5	0.0542877472675	0.0542877472675	0	0.169	0.18	0.0542877472675	0.0542877472675	1	300	A48	C1	1000	100	0	0.5	300	0.01
6	0.052158231635	0.052158231635	0	0.211	0.196	0.052158231635	0.052158231635	FGr	300	A48	C1	1000	100	0	0.5	300	0.01
7	0.048684126411	0.048684126411	0	0.198	0.223	0.048684126411	0.048684126411	NoCorrection	300	A48	C1	1000	100	0	0.5	300	0.01
8	0.0583677883	0.0583677883	0	0.149	0.154	0.0583677883	0.0583677883	ID	300	A48	C1	1000	100	0	0.5	300	0.01
9	-0.03072567167	-0.03072567167	0	0.406	0.413	-0.03072567167	-0.03072567167	1	300	A48	C1	1000	100	0	0.5	300	0.03
10	-0.00762156818499999	-0.00762156818500001	0	0.844	0.851	-0.00762156818499999	-0.00762156818500001	FGr	300	A48	C1	1000	100	0	0.5	300	0.03
11	-0.022653962085	-0.022653962085	0	0.527	0.546	-0.022653962085	-0.022653962085	NoCorrection	300	A48	C1	1000	100	0	0.5	300	0.03
12	-0.00889178229125001	-0.00889178229125	0	0.807	0.798	-0.00889178229125001	-0.00889178229125	ID	300	A48	C1	1000	100	0	0.5	300	0.03
13	-0.036768285705	-0.036768285705	0	0.334	0.335	-0.036768285705	-0.036768285705	1	300	A48	C1	1000	100	0	0.5	300	0.1
14	-0.03800510966	-0.03800510966	0	0.321	0.344	-0.03800510966	-0.03800510966	FGr	300	A48	C1	1000	100	0	0.5	300	0.1
15	-0.0338820388	-0.0338820388000001	0	0.374	0.373	-0.0338820388	-0.0338820388000001	NoCorrection	300	A48	C1	1000	100	0	0.5	300	0.1
16	-0.059229420235	-0.059229420235	0	0.123	0.108	-0.059229420235	-0.059229420235	ID	300	A48	C1	1000	100	0	0.5	300	0.1
17	0.030579932145	1.24545000000009e-05	0	0.454	1	0.030579932145	1.24545000000009e-05	1	1000	A48	C1	1000	100	0	0.5	300	0
18	0.03806365462	0.010447048	0	0.347	0.871	0.03806365462	0.010447048	FGr	1000	A48	C1	1000	100	0	0.5	300	0
19	0.06476922119	0.068611624	0	0.117	0.302	0.06476922119	0.068611624	NoCorrection	1000	A48	C1	1000	100	0	0.5	300	0
20	0.0324666815805	-0.00105286650000001	0	0.431	0.993	0.0324666815805	-0.00105286650000001	ID	1000	A48	C1	1000	100	0	0.5	300	0
21	0.00625656603499999	0.01675191	0	0.893	0.753	0.00625656603499999	0.01675191	1	1000	A48	C1	1000	100	0	0.5	300	0.01
22	0.01273543293	0.0542648945	0	0.766	0.355	0.01273543293	0.0542648945	FGr	1000	A48	C1	1000	100	0	0.5	300	0.01
23	0.01284570957	0.048572186	0	0.739	0.419	0.01284570957	0.048572186	NoCorrection	1000	A48	C1	1000	100	0	0.5	300	0.01
24	0.02305454478	0.091170814	0	0.53	0.118	0.02305454478	0.091170814	ID	1000	A48	C1	1000	100	0	0.5	300	0.01
25	0.00930228413500005	-0.021260896	0	0.791	0.757	0.00930228413500005	-0.021260896	1	1000	A48	C1	1000	100	0	0.5	300	0.03
26	0.032312146991	0.0165361905	0	0.392	0.813	0.032312146991	0.0165361905	FGr	1000	A48	C1	1000	100	0	0.5	300	0.03
27	0.0675454299450001	0.102266765	0	0.069	0.119	0.0675454299450001	0.102266765	NoCorrection	1000	A48	C1	1000	100	0	0.5	300	0.03
28	0.023666784134	-0.00665529950000005	0	0.544	0.914	0.023666784134	-0.00665529950000005	ID	1000	A48	C1	1000	100	0	0.5	300	0.03
29	0.04203789912	0.0675775720000001	0	0.299	0.293	0.04203789912	0.0675775720000001	1	1000	A48	C1	1000	100	0	0.5	300	0.1
30	0.08267127302	0.145485585	0	0.029	0.014	0.08267127302	0.145485585	FGr	1000	A48	C1	1000	100	0	0.5	300	0.1
31	0.10286391369	0.2117739385	0	0.008	0	0.10286391369	0.2117739385	NoCorrection	1000	A48	C1	1000	100	0	0.5	300	0.1
32	0.060253007525	0.10160524	0	0.123	0.104	0.060253007525	0.10160524	ID	1000	A48	C1	1000	100	0	0.5	300	0.1
33	-0.00247966905000001	0.272389967	0	0.958	0.004	-0.00247966905000001	0.272389967	1	10000	A48	C1	1000	100	0	0.5	300	0
34	-0.00440779444999997	0.244225199	0	0.912	0.007	-0.00440779444999997	0.244225199	FGr	10000	A48	C1	1000	100	0	0.5	300	0
35	0.0273216894200001	0.3921229535	0	0.5	0	0.0273216894200001	0.3921229535	NoCorrection	10000	A48	C1	1000	100	0	0.5	300	0
36	-0.00504097009500002	0.2553844795	0	0.905	0.005	-0.00504097009500002	0.2553844795	ID	10000	A48	C1	1000	100	0	0.5	300	0
37	-0.06367055495	0.0862443049999999	0	0.133	0.369	-0.06367055495	0.0862443049999999	1	10000	A48	C1	1000	100	0	0.5	300	0.01
38	-0.06773214077	0.0384027169999999	0	0.104	0.682	-0.06773214077	0.0384027169999999	FGr	10000	A48	C1	1000	100	0	0.5	300	0.01
39	-0.00751789078000001	0.33462079	0	0.868	0.001	-0.00751789078000001	0.33462079	NoCorrection	10000	A48	C1	1000	100	0	0.5	300	0.01
40	-0.06160567456	0.08322482	0	0.129	0.388	-0.06160567456	0.08322482	ID	10000	A48	C1	1000	100	0	0.5	300	0.01
41	-0.03278772135	-0.03968399	0	0.451	0.684	-0.03278772135	-0.03968399	1	10000	A48	C1	1000	100	0	0.5	300	0.03
42	-0.04440336308	-0.06185376	0	0.281	0.533	-0.04440336308	-0.06185376	FGr	10000	A48	C1	1000	100	0	0.5	300	0.03
43	0.00366207279999997	0.099423106	0	0.943	0.335	0.00366207279999997	0.099423106	NoCorrection	10000	A48	C1	1000	100	0	0.5	300	0.03
44	-0.037476029365	-0.0614876235	0	0.351	0.519	-0.037476029365	-0.0614876235	ID	10000	A48	C1	1000	100	0	0.5	300	0.03
45	0.1008705523925	0.091890882	0	0.019	0.359	0.1008705523925	0.091890882	1	10000	A48	C1	1000	100	0	0.5	300	0.1
46	0.109007105894	0.118311757	0	0.009	0.236	0.109007105894	0.118311757	FGr	10000	A48	C1	1000	100	0	0.5	300	0.1
47	0.204149461815	0.48367456	0	0	0	0.204149461815	0.48367456	NoCorrection	10000	A48	C1	1000	100	0	0.5	300	0.1
48	0.100915501045	0.106175616	0	0.014	0.285	0.100915501045	0.106175616	ID	10000	A48	C1	1000	100	0	0.5	300	0.1
49	0.0559173429965	0.0559173429965	0	0.065	0.062	0.0559173429965	0.0559173429965	1	300	A48	C1	1000	1000	0	0.5	300	0
50	0.082389808837	0.082389808837	0	0.004	0.008	0.082389808837	0.082389808837	FGr	300	A48	C1	1000	1000	0	0.5	300	0
51	0.0664676391501	0.0664676391501	0	0.025	0.024	0.0664676391501	0.0664676391501	NoCorrection	300	A48	C1	1000	1000	0	0.5	300	0
52	0.0614331624866	0.0614331624866	0	0.052	0.041	0.0614331624866	0.0614331624866	ID	300	A48	C1	1000	1000	0	0.5	300	0
53	0.00376908141000011	0.00376908141000011	0	0.878	0.894	0.00376908141000011	0.00376908141000011	1	300	A48	C1	1000	1000	0	0.5	300	0.01
54	0.00324748874499995	0.003247488745	0	0.895	0.904	0.00324748874499995	0.003247488745	FGr	300	A48	C1	1000	1000	0	0.5	300	0.01
55	0.00661461209749995	0.00661461209749994	0	0.786	0.773	0.00661461209749995	0.00661461209749994	NoCorrection	300	A48	C1	1000	1000	0	0.5	300	0.01
56	0.033792004284705	0.033792004284705	0	0.19	0.188	0.033792004284705	0.033792004284705	ID	300	A48	C1	1000	1000	0	0.5	300	0.01
57	-0.0133877440484999	-0.0133877440484999	0	0.648	0.639	-0.0133877440484999	-0.0133877440484999	1	300	A48	C1	1000	1000	0	0.5	300	0.03
58	-0.0281401253839999	-0.028140125384	0	0.316	0.327	-0.0281401253839999	-0.028140125384	FGr	300	A48	C1	1000	1000	0	0.5	300	0.03
59	-0.0383476961449999	-0.0383476961449998	0	0.151	0.16	-0.0383476961449999	-0.0383476961449998	NoCorrection	300	A48	C1	1000	1000	0	0.5	300	0.03
60	-0.0229235462875	-0.0229235462875	0	0.421	0.411	-0.0229235462875	-0.0229235462875	ID	300	A48	C1	1000	1000	0	0.5	300	0.03
61	-0.0123510241799999	-0.01235102418	0	0.635	0.619	-0.0123510241799999	-0.01235102418	1	300	A48	C1	1000	1000	0	0.5	300	0.1
62	-0.00198674614299995	-0.00198674614299999	0	0.938	0.938	-0.00198674614299995	-0.00198674614299999	FGr	300	A48	C1	1000	1000	0	0.5	300	0.1
63	0.000892436454000024	0.000892436453999994	0	0.968	0.974	0.000892436454000024	0.000892436453999994	NoCorrection	300	A48	C1	1000	1000	0	0.5	300	0.1
64	6.1999129100045e-05	6.19991291000668e-05	0	0.998	1	6.1999129100045e-05	6.19991291000668e-05	ID	300	A48	C1	1000	1000	0	0.5	300	0.1
65	0.00238078924399993	0.0407810338999997	0	0.925	0.296	0.00238078924399993	0.0407810338999997	1	1000	A48	C1	1000	1000	0	0.5	300	0
66	-0.0121272222185997	-0.00332644074999998	0	0.653	0.923	-0.0121272222185997	-0.00332644074999998	FGr	1000	A48	C1	1000	1000	0	0.5	300	0
67	-0.011450144438	-0.00400520895000015	0	0.649	0.916	-0.011450144438	-0.00400520895000015	NoCorrection	1000	A48	C1	1000	1000	0	0.5	300	0
68	-0.0117367006064	-0.00476723605000001	0	0.661	0.911	-0.0117367006064	-0.00476723605000001	ID	1000	A48	C1	1000	1000	0	0.5	300	0
69	-0.02482025928275	0.0171219966999999	0	0.406	0.719	-0.02482025928275	0.0171219966999999	1	1000	A48	C1	1000	1000	0	0.5	300	0.01
70	-0.0294141640175	0.0058722763	0	0.318	0.903	-0.0294141640175	0.0058722763	FGr	1000	A48	C1	1000	1000	0	0.5	300	0.01
71	-0.0357939065195	-0.0086048455	0	0.213	0.812	-0.0357939065195	-0.0086048455	NoCorrection	1000	A48	C1	1000	1000	0	0.5	300	0.01
72	-0.0235192925725	0.0145113447	0	0.419	0.748	-0.0235192925725	0.0145113447	ID	1000	A48	C1	1000	1000	0	0.5	300	0.01
73	-0.0321490022079999	-0.0709588850500001	0	0.285	0.115	-0.0321490022079999	-0.0709588850500001	1	1000	A48	C1	1000	1000	0	0.5	300	0.03
74	-0.0497984945219999	-0.13249735855	0	0.111	0.004	-0.0497984945219999	-0.13249735855	FGr	1000	A48	C1	1000	1000	0	0.5	300	0.03
75	-0.0407642880355	-0.102505554	0	0.18	0.023	-0.0407642880355	-0.102505554	NoCorrection	1000	A48	C1	1000	1000	0	0.5	300	0.03
76	-0.0356453253830001	-0.0833432479499999	0	0.241	0.091	-0.0356453253830001	-0.0833432479499999	ID	1000	A48	C1	1000	1000	0	0.5	300	0.03
77	0.0262630957975	-0.00318266730000029	0	0.343	0.932	0.0262630957975	-0.00318266730000029	1	1000	A48	C1	1000	1000	0	0.5	300	0.1
78	0.0537189104015	0.0716961770000001	0	0.053	0.094	0.0537189104015	0.0716961770000001	FGr	1000	A48	C1	1000	1000	0	0.5	300	0.1
79	0.078296089271	0.12793177255	0	0.007	0.002	0.078296089271	0.12793177255	NoCorrection	1000	A48	C1	1000	1000	0	0.5	300	0.1
80	0.0287696551345	-0.00774981425000005	0	0.302	0.86	0.0287696551345	-0.00774981425000005	ID	1000	A48	C1	1000	1000	0	0.5	300	0.1
81	-0.016093950313	-0.02319291235	0	0.547	0.725	-0.016093950313	-0.02319291235	1	10000	A48	C1	1000	1000	0	0.5	300	0
82	-0.0122017685304999	0.0100327062500001	0	0.646	0.891	-0.0122017685304999	0.0100327062500001	FGr	10000	A48	C1	1000	1000	0	0.5	300	0
83	-0.015172380579	-0.01464412365	0	0.578	0.838	-0.015172380579	-0.01464412365	NoCorrection	10000	A48	C1	1000	1000	0	0.5	300	0
84	-0.0118742288386999	0.0202387216	0	0.674	0.77	-0.0118742288386999	0.0202387216	ID	10000	A48	C1	1000	1000	0	0.5	300	0
85	-0.0519114039449999	-0.0542521444499999	0	0.056	0.473	-0.0519114039449999	-0.0542521444499999	1	10000	A48	C1	1000	1000	0	0.5	300	0.01
86	-0.0464518565865	-0.0183754993000001	0	0.096	0.815	-0.0464518565865	-0.0183754993000001	FGr	10000	A48	C1	1000	1000	0	0.5	300	0.01
87	-0.0259705302595	0.13581647975	0	0.349	0.063	-0.0259705302595	0.13581647975	NoCorrection	10000	A48	C1	1000	1000	0	0.5	300	0.01
88	-0.0495066059975	-0.0207509019999999	0	0.088	0.776	-0.0495066059975	-0.0207509019999999	ID	10000	A48	C1	1000	1000	0	0.5	300	0.01
89	-0.0214734398880999	-0.00828943850000008	0	0.51	0.921	-0.0214734398880999	-0.00828943850000008	1	10000	A48	C1	1000	1000	0	0.5	300	0.03
90	-0.0200674781024999	0.00714481675000046	0	0.536	0.923	-0.0200674781024999	0.00714481675000046	FGr	10000	A48	C1	1000	1000	0	0.5	300	0.03
91	0.0137747284160002	0.287705849	0	0.652	0	0.0137747284160002	0.287705849	NoCorrection	10000	A48	C1	1000	1000	0	0.5	300	0.03
92	-0.0219592834255	-0.00397211100000034	0	0.483	0.963	-0.0219592834255	-0.00397211100000034	ID	10000	A48	C1	1000	1000	0	0.5	300	0.03
93	0.020030298167	-0.00131186540000005	0	0.356	0.99	0.020030298167	-0.00131186540000005	1	10000	A48	C1	1000	1000	0	0.5	300	0.1
94	0.0258939650665	0.0659926043499998	0	0.234	0.318	0.0258939650665	0.0659926043499998	FGr	10000	A48	C1	1000	1000	0	0.5	300	0.1
95	0.0576654271240001	0.25794086095	0	0.013	0	0.0576654271240001	0.25794086095	NoCorrection	10000	A48	C1	1000	1000	0	0.5	300	0.1
96	0.0234568581104999	0.0337583299000001	0	0.324	0.639	0.0234568581104999	0.0337583299000001	ID	10000	A48	C1	1000	1000	0	0.5	300	0.1
97	0.0250180771077401	0.0250180771077401	0	0.356	0.366	0.0250180771077401	0.0250180771077401	1	300	A48	C1	1000	10000	0	0.5	300	0
98	0.0152344208971998	0.0152344208971998	0	0.572	0.574	0.0152344208971998	0.0152344208971998	FGr	300	A48	C1	1000	10000	0	0.5	300	0
99	0.0209547752989002	0.0209547752989002	0	0.428	0.435	0.0209547752989002	0.0209547752989002	NoCorrection	300	A48	C1	1000	10000	0	0.5	300	0
100	0.0188078351096002	0.0188078351096002	0	0.486	0.476	0.0188078351096002	0.0188078351096002	ID	300	A48	C1	1000	10000	0	0.5	300	0
101	-0.0216068989582001	-0.0216068989582	0	0.404	0.427	-0.0216068989582001	-0.0216068989582	1	300	A48	C1	1000	10000	0	0.5	300	0.01
102	-0.00688395292334977	-0.00688395292334975	0	0.796	0.804	-0.00688395292334977	-0.00688395292334975	FGr	300	A48	C1	1000	10000	0	0.5	300	0.01
103	-0.00940132015725035	-0.00940132015725031	0	0.728	0.749	-0.00940132015725035	-0.00940132015725031	NoCorrection	300	A48	C1	1000	10000	0	0.5	300	0.01
104	0.00230250311799996	0.00230250311799997	0	0.942	0.934	0.00230250311799996	0.00230250311799997	ID	300	A48	C1	1000	10000	0	0.5	300	0.01
105	0.0207445913451006	0.0207445913451006	0	0.442	0.464	0.0207445913451006	0.0207445913451006	1	300	A48	C1	1000	10000	0	0.5	300	0.03
106	0.0186933168023003	0.0186933168023002	0	0.494	0.463	0.0186933168023003	0.0186933168023002	FGr	300	A48	C1	1000	10000	0	0.5	300	0.03
107	0.0145650810041999	0.0145650810041998	0	0.574	0.592	0.0145650810041999	0.0145650810041998	NoCorrection	300	A48	C1	1000	10000	0	0.5	300	0.03
108	0.0217914042182501	0.0217914042182501	0	0.428	0.419	0.0217914042182501	0.0217914042182501	ID	300	A48	C1	1000	10000	0	0.5	300	0.03
109	0.000900259844799723	0.000900259844799673	0	0.972	0.971	0.000900259844799723	0.000900259844799673	1	300	A48	C1	1000	10000	0	0.5	300	0.1
110	0.00715351592014999	0.00715351592015001	0	0.763	0.779	0.00715351592014999	0.00715351592015001	FGr	300	A48	C1	1000	10000	0	0.5	300	0.1
111	0.000347871425500033	0.000347871425500013	0	0.988	0.988	0.000347871425500033	0.000347871425500013	NoCorrection	300	A48	C1	1000	10000	0	0.5	300	0.1
112	-0.00142453303999996	-0.00142453303999995	0	0.956	0.947	-0.00142453303999996	-0.00142453303999995	ID	300	A48	C1	1000	10000	0	0.5	300	0.1
113	-0.0141103076511	-0.0376877144699996	0	0.627	0.437	-0.0141103076511	-0.0376877144699996	1	1000	A48	C1	1000	10000	0	0.5	300	0
114	-0.0157472239376001	-0.04379180184	0	0.598	0.364	-0.0157472239376001	-0.04379180184	FGr	1000	A48	C1	1000	10000	0	0.5	300	0
115	-0.01013934417792	-0.0280123876299997	0	0.708	0.56	-0.01013934417792	-0.0280123876299997	NoCorrection	1000	A48	C1	1000	10000	0	0.5	300	0
116	-0.00578183532549992	-0.00698764525500001	0	0.846	0.871	-0.00578183532549992	-0.00698764525500001	ID	1000	A48	C1	1000	10000	0	0.5	300	0
117	-0.00399446999075063	0.00414750584999996	0	0.9	0.923	-0.00399446999075063	0.00414750584999996	1	1000	A48	C1	1000	10000	0	0.5	300	0.01
118	0.0116002306244499	0.0469092393850001	0	0.667	0.254	0.0116002306244499	0.0469092393850001	FGr	1000	A48	C1	1000	10000	0	0.5	300	0.01
119	-0.00287573755819932	0.011786879225	0	0.913	0.763	-0.00287573755819932	0.011786879225	NoCorrection	1000	A48	C1	1000	10000	0	0.5	300	0.01
120	-0.00781973968199988	0.00159039359499999	0	0.766	0.974	-0.00781973968199988	0.00159039359499999	ID	1000	A48	C1	1000	10000	0	0.5	300	0.01
121	0.0886078870906001	0.0196547777150001	0	0	0.644	0.0886078870906001	0.0196547777150001	1	1000	A48	C1	1000	10000	0	0.5	300	0.03
122	0.08555842546124	0.0159534574650003	0	0	0.735	0.08555842546124	0.0159534574650003	FGr	1000	A48	C1	1000	10000	0	0.5	300	0.03
123	0.0675315677312499	-0.0255768395549999	0	0.015	0.569	0.0675315677312499	-0.0255768395549999	NoCorrection	1000	A48	C1	1000	10000	0	0.5	300	0.03
124	0.0827198605915501	0.00762395637499979	0	0.002	0.858	0.0827198605915501	0.00762395637499979	ID	1000	A48	C1	1000	10000	0	0.5	300	0.03
125	0.00330136835509995	0.022088923055	0	0.927	0.614	0.00330136835509995	0.022088923055	1	1000	A48	C1	1000	10000	0	0.5	300	0.1
126	0.00309870527090008	0.0128970084750001	0	0.925	0.768	0.00309870527090008	0.0128970084750001	FGr	1000	A48	C1	1000	10000	0	0.5	300	0.1
127	0.0666483654099996	0.157499929545	0	0.019	0.007	0.0666483654099996	0.157499929545	NoCorrection	1000	A48	C1	1000	10000	0	0.5	300	0.1
128	-0.00333497939820006	0.00827535027500004	0	0.909	0.857	-0.00333497939820006	0.00827535027500004	ID	1000	A48	C1	1000	10000	0	0.5	300	0.1
129	-0.00316076481198499	0.03333803732	0	0.9	0.603	-0.00316076481198499	0.03333803732	1	10000	A48	C1	1000	10000	0	0.5	300	0
130	-0.00198206080059999	0.04490120868	0	0.935	0.511	-0.00198206080059999	0.04490120868	FGr	10000	A48	C1	1000	10000	0	0.5	300	0
131	0.0003053795791	0.0406551779049997	0	0.994	0.516	0.0003053795791	0.0406551779049997	NoCorrection	10000	A48	C1	1000	10000	0	0.5	300	0
132	-0.005718907381465	0.01627212225	0	0.834	0.814	-0.005718907381465	0.01627212225	ID	10000	A48	C1	1000	10000	0	0.5	300	0
133	0.0179289041392501	0.107961809704999	0	0.52	0.136	0.0179289041392501	0.107961809704999	1	10000	A48	C1	1000	10000	0	0.5	300	0.01
134	0.02101827532055	0.13710151292	0	0.467	0.062	0.02101827532055	0.13710151292	FGr	10000	A48	C1	1000	10000	0	0.5	300	0.01
135	0.0365347176984999	0.226551347805	0	0.203	0.002	0.0365347176984999	0.226551347805	NoCorrection	10000	A48	C1	1000	10000	0	0.5	300	0.01
136	0.0199511946624498	0.127486955725	0	0.486	0.092	0.0199511946624498	0.127486955725	ID	10000	A48	C1	1000	10000	0	0.5	300	0.01
137	0.0557942809368001	0.01795582395	0	0.046	0.772	0.0557942809368001	0.01795582395	1	10000	A48	C1	1000	10000	0	0.5	300	0.03
138	0.0601318516832003	0.0364595756000011	0	0.035	0.61	0.0601318516832003	0.0364595756000011	FGr	10000	A48	C1	1000	10000	0	0.5	300	0.03
139	0.0863233404282001	0.205330576199999	0	0.003	0.001	0.0863233404282001	0.205330576199999	NoCorrection	10000	A48	C1	1000	10000	0	0.5	300	0.03
140	0.0541934783581801	0.00724474585000077	0	0.035	0.913	0.0541934783581801	0.00724474585000077	ID	10000	A48	C1	1000	10000	0	0.5	300	0.03
141	0.0133768182486501	0.0778425138350013	0	0.581	0.236	0.0133768182486501	0.0778425138350013	1	10000	A48	C1	1000	10000	0	0.5	300	0.1
142	0.014673854899375	0.0885986270550002	0	0.491	0.17	0.014673854899375	0.0885986270550002	FGr	10000	A48	C1	1000	10000	0	0.5	300	0.1
143	0.0390238298425	0.269269717380001	0	0.102	0	0.0390238298425	0.269269717380001	NoCorrection	10000	A48	C1	1000	10000	0	0.5	300	0.1
144	0.01264648343865	0.0659543692150002	0	0.57	0.314	0.01264648343865	0.0659543692150002	ID	10000	A48	C1	1000	10000	0	0.5	300	0.1
145	-0.00547153296	-0.00547153296000001	0	0.646	0.649	-0.00547153296	-0.00547153296000001	1	300	A48	C1	10000	100	0	0.5	300	0
146	-0.0017857651475	-0.0017857651475	0	0.873	0.879	-0.0017857651475	-0.0017857651475	FGr	300	A48	C1	10000	100	0	0.5	300	0
147	0.001180962295	0.001180962295	0	0.918	0.93	0.001180962295	0.001180962295	NoCorrection	300	A48	C1	10000	100	0	0.5	300	0
148	-0.0032519224095	-0.0032519224095	0	0.778	0.762	-0.0032519224095	-0.0032519224095	ID	300	A48	C1	10000	100	0	0.5	300	0
149	-0.0072699328112	-0.00726993281119999	0	0.599	0.606	-0.0072699328112	-0.00726993281119999	1	300	A48	C1	10000	100	0	0.5	300	0.01
150	-0.00179261902	-0.00179261902	0	0.885	0.89	-0.00179261902	-0.00179261902	FGr	300	A48	C1	10000	100	0	0.5	300	0.01
151	-0.000713802375499997	-0.000713802375499993	0	0.96	0.968	-0.000713802375499997	-0.000713802375499993	NoCorrection	300	A48	C1	10000	100	0	0.5	300	0.01
152	-0.0109755022495	-0.0109755022495	0	0.434	0.407	-0.0109755022495	-0.0109755022495	ID	300	A48	C1	10000	100	0	0.5	300	0.01
153	-0.00834268488500003	-0.008342684885	0	0.494	0.525	-0.00834268488500003	-0.008342684885	1	300	A48	C1	10000	100	0	0.5	300	0.03
154	-0.00813140198400001	-0.00813140198400003	0	0.512	0.527	-0.00813140198400001	-0.00813140198400003	FGr	300	A48	C1	10000	100	0	0.5	300	0.03
155	-0.00100073185499998	-0.00100073185500002	0	0.943	0.951	-0.00100073185499998	-0.00100073185500002	NoCorrection	300	A48	C1	10000	100	0	0.5	300	0.03
156	-0.00722919165549996	-0.00722919165550001	0	0.573	0.616	-0.00722919165549996	-0.00722919165550001	ID	300	A48	C1	10000	100	0	0.5	300	0.03
157	0.02113560377	0.02113560377	0	0.131	0.14	0.02113560377	0.02113560377	1	300	A48	C1	10000	100	0	0.5	300	0.1
158	0.048625029848	0.048625029848	0	0.001	0	0.048625029848	0.048625029848	FGr	300	A48	C1	10000	100	0	0.5	300	0.1
159	0.053847936434	0.053847936434	0	0	0.002	0.053847936434	0.053847936434	NoCorrection	300	A48	C1	10000	100	0	0.5	300	0.1
160	0.0238835523925	0.0238835523925	0	0.092	0.102	0.0238835523925	0.0238835523925	ID	300	A48	C1	10000	100	0	0.5	300	0.1
161	0.01765538606	0.014578756	0	0.131	0.46	0.01765538606	0.014578756	1	1000	A48	C1	10000	100	0	0.5	300	0
162	0.0253315028345	0.033952047	0	0.033	0.072	0.0253315028345	0.033952047	FGr	1000	A48	C1	10000	100	0	0.5	300	0
163	0.0213332291479999	0.0203063825	0	0.083	0.28	0.0213332291479999	0.0203063825	NoCorrection	1000	A48	C1	10000	100	0	0.5	300	0
164	0.01936084096	0.0174640885	0	0.102	0.372	0.01936084096	0.0174640885	ID	1000	A48	C1	10000	100	0	0.5	300	0
165	-0.007264598645	-0.022946357	0	0.585	0.272	-0.007264598645	-0.022946357	1	1000	A48	C1	10000	100	0	0.5	300	0.01
166	-0.00127669989699999	-0.0056482365	0	0.928	0.804	-0.00127669989699999	-0.0056482365	FGr	1000	A48	C1	10000	100	0	0.5	300	0.01
167	-0.0020031600815	-0.00658784549999999	0	0.906	0.75	-0.0020031600815	-0.00658784549999999	NoCorrection	1000	A48	C1	10000	100	0	0.5	300	0.01
168	-0.00622269202400001	-0.0189891845	0	0.686	0.392	-0.00622269202400001	-0.0189891845	ID	1000	A48	C1	10000	100	0	0.5	300	0.01
169	0.003663314892	0.00823519950000003	0	0.742	0.681	0.003663314892	0.00823519950000003	1	1000	A48	C1	10000	100	0	0.5	300	0.03
170	0.0103821853518	0.020782478	0	0.364	0.271	0.0103821853518	0.020782478	FGr	1000	A48	C1	10000	100	0	0.5	300	0.03
171	0.017677503715	0.0353078195	0	0.106	0.065	0.017677503715	0.0353078195	NoCorrection	1000	A48	C1	10000	100	0	0.5	300	0.03
172	0.006268040695	0.0158302045000001	0	0.594	0.381	0.006268040695	0.0158302045000001	ID	1000	A48	C1	10000	100	0	0.5	300	0.03
173	-6.57698414999911e-05	0.0220796405	0	0.997	0.272	-6.57698414999911e-05	0.0220796405	1	1000	A48	C1	10000	100	0	0.5	300	0.1
174	0.0202139032818	0.088409508	0	0.085	0	0.0202139032818	0.088409508	FGr	1000	A48	C1	10000	100	0	0.5	300	0.1
175	0.030001224065	0.116127819	0	0.013	0	0.030001224065	0.116127819	NoCorrection	1000	A48	C1	10000	100	0	0.5	300	0.1
176	0.002560544775	0.0348464055	0	0.83	0.077	0.002560544775	0.0348464055	ID	1000	A48	C1	10000	100	0	0.5	300	0.1
177	0.00875145189200001	-0.0318909204999999	0	0.495	0.349	0.00875145189200001	-0.0318909204999999	1	10000	A48	C1	10000	100	0	0.5	300	0
178	0.0108463264685	-0.0229537539999999	0	0.406	0.48	0.0108463264685	-0.0229537539999999	FGr	10000	A48	C1	10000	100	0	0.5	300	0
179	0.014550627165	0.000479138499999954	0	0.25	0.988	0.014550627165	0.000479138499999954	NoCorrection	10000	A48	C1	10000	100	0	0.5	300	0
180	0.007820003885	-0.0382500029999999	0	0.554	0.255	0.007820003885	-0.0382500029999999	ID	10000	A48	C1	10000	100	0	0.5	300	0
181	0.011855335188	-0.00803713349999998	0	0.324	0.803	0.011855335188	-0.00803713349999998	1	10000	A48	C1	10000	100	0	0.5	300	0.01
182	0.00819271569	-0.030643067	0	0.494	0.369	0.00819271569	-0.030643067	FGr	10000	A48	C1	10000	100	0	0.5	300	0.01
183	0.010534842965	-0.016837618	0	0.386	0.612	0.010534842965	-0.016837618	NoCorrection	10000	A48	C1	10000	100	0	0.5	300	0.01
184	0.011727090898	-0.0114347365	0	0.35	0.724	0.011727090898	-0.0114347365	ID	10000	A48	C1	10000	100	0	0.5	300	0.01
185	0.0126928655141	-0.0456667075	0	0.292	0.155	0.0126928655141	-0.0456667075	1	10000	A48	C1	10000	100	0	0.5	300	0.03
186	0.0123718281	-0.0442274275	0	0.28	0.182	0.0123718281	-0.0442274275	FGr	10000	A48	C1	10000	100	0	0.5	300	0.03
187	0.0345230704285	0.088948182	0	0.004	0.005	0.0345230704285	0.088948182	NoCorrection	10000	A48	C1	10000	100	0	0.5	300	0.03
188	0.012896682806	-0.0453216275	0	0.269	0.171	0.012896682806	-0.0453216275	ID	10000	A48	C1	10000	100	0	0.5	300	0.03
189	0.000694464855000008	0.0404236085	0	0.955	0.194	0.000694464855000008	0.0404236085	1	10000	A48	C1	10000	100	0	0.5	300	0.1
190	0.00330477202499999	0.04679784	0	0.805	0.14	0.00330477202499999	0.04679784	FGr	10000	A48	C1	10000	100	0	0.5	300	0.1
191	0.02678222672	0.1354475455	0	0.022	0	0.02678222672	0.1354475455	NoCorrection	10000	A48	C1	10000	100	0	0.5	300	0.1
192	0.00120345483999999	0.0401283855	0	0.921	0.196	0.00120345483999999	0.0401283855	ID	10000	A48	C1	10000	100	0	0.5	300	0.1
193	0.00556634102574998	0.00556634102574998	0	0.566	0.547	0.00556634102574998	0.00556634102574998	1	300	A48	C1	10000	1000	0	0.5	300	0
194	0.00636909466700002	0.00636909466700002	0	0.523	0.495	0.00636909466700002	0.00636909466700002	FGr	300	A48	C1	10000	1000	0	0.5	300	0
195	0.00604535152210002	0.00604535152210002	0	0.524	0.516	0.00604535152210002	0.00604535152210002	NoCorrection	300	A48	C1	10000	1000	0	0.5	300	0
196	0.00985747321049995	0.00985747321049995	0	0.301	0.317	0.00985747321049995	0.00985747321049995	ID	300	A48	C1	10000	1000	0	0.5	300	0
197	0.018699795712	0.018699795712	0	0.058	0.056	0.018699795712	0.018699795712	1	300	A48	C1	10000	1000	0	0.5	300	0.01
198	0.00657485062249999	0.00657485062249997	0	0.496	0.489	0.00657485062249999	0.00657485062249997	FGr	300	A48	C1	10000	1000	0	0.5	300	0.01
199	0.00677298451824997	0.00677298451825	0	0.457	0.464	0.00677298451824997	0.00677298451825	NoCorrection	300	A48	C1	10000	1000	0	0.5	300	0.01
200	0.01337681544775	0.0133768154477501	0	0.164	0.173	0.01337681544775	0.0133768154477501	ID	300	A48	C1	10000	1000	0	0.5	300	0.01
201	-0.00489146444350002	-0.00489146444350002	0	0.589	0.553	-0.00489146444350002	-0.00489146444350002	1	300	A48	C1	10000	1000	0	0.5	300	0.03
202	0.00651712074739997	0.00651712074739998	0	0.458	0.455	0.00651712074739997	0.00651712074739998	FGr	300	A48	C1	10000	1000	0	0.5	300	0.03
203	0.01625190007482	0.01625190007482	0	0.066	0.065	0.01625190007482	0.01625190007482	NoCorrection	300	A48	C1	10000	1000	0	0.5	300	0.03
204	-0.00405555053819997	-0.00405555053819997	0	0.651	0.626	-0.00405555053819997	-0.00405555053819997	ID	300	A48	C1	10000	1000	0	0.5	300	0.03
205	-0.00760598690957002	-0.00760598690957003	0	0.359	0.324	-0.00760598690957002	-0.00760598690957003	1	300	A48	C1	10000	1000	0	0.5	300	0.1
206	0.00991471738950001	0.00991471738949999	0	0.23	0.239	0.00991471738950001	0.00991471738949999	FGr	300	A48	C1	10000	1000	0	0.5	300	0.1
207	0.02290001225366	0.02290001225366	0	0.011	0.01	0.02290001225366	0.02290001225366	NoCorrection	300	A48	C1	10000	1000	0	0.5	300	0.1
208	-0.00797622006745	-0.00797622006745	0	0.343	0.323	-0.00797622006745	-0.00797622006745	ID	300	A48	C1	10000	1000	0	0.5	300	0.1
209	0.00565431222395	-0.01879960105	0	0.579	0.209	0.00565431222395	-0.01879960105	1	1000	A48	C1	10000	1000	0	0.5	300	0
210	0.00548933979091501	-0.01879687515	0	0.577	0.202	0.00548933979091501	-0.01879687515	FGr	1000	A48	C1	10000	1000	0	0.5	300	0
211	0.0090594725385	-0.00846987210000003	0	0.34	0.568	0.0090594725385	-0.00846987210000003	NoCorrection	1000	A48	C1	10000	1000	0	0.5	300	0
212	0.0045928562143	-0.02040896935	0	0.606	0.165	0.0045928562143	-0.02040896935	ID	1000	A48	C1	10000	1000	0	0.5	300	0
213	-0.00567859764405	-0.0045440201	0	0.573	0.794	-0.00567859764405	-0.0045440201	1	1000	A48	C1	10000	1000	0	0.5	300	0.01
214	-0.00832265641699999	-0.0111922978	0	0.407	0.505	-0.00832265641699999	-0.0111922978	FGr	1000	A48	C1	10000	1000	0	0.5	300	0.01
215	-0.00605145714699999	-0.0062874922	0	0.568	0.665	-0.00605145714699999	-0.0062874922	NoCorrection	1000	A48	C1	10000	1000	0	0.5	300	0.01
216	-0.00334462318945	-0.000723544650000011	0	0.746	0.956	-0.00334462318945	-0.000723544650000011	ID	1000	A48	C1	10000	1000	0	0.5	300	0.01
217	-0.00643169613994004	-0.0133602146499999	0	0.517	0.348	-0.00643169613994004	-0.0133602146499999	1	1000	A48	C1	10000	1000	0	0.5	300	0.03
218	-0.00398151292250003	-0.00300213110000003	0	0.72	0.836	-0.00398151292250003	-0.00300213110000003	FGr	1000	A48	C1	10000	1000	0	0.5	300	0.03
219	-0.00642268240452998	-0.01214862985	0	0.505	0.395	-0.00642268240452998	-0.01214862985	NoCorrection	1000	A48	C1	10000	1000	0	0.5	300	0.03
220	-0.00639965805487995	-0.01229411875	0	0.533	0.419	-0.00639965805487995	-0.01229411875	ID	1000	A48	C1	10000	1000	0	0.5	300	0.03
221	-0.00477968371214995	0.00567616924999997	0	0.613	0.672	-0.00477968371214995	0.00567616924999997	1	1000	A48	C1	10000	1000	0	0.5	300	0.1
222	0.00324587730299999	0.0254028593	0	0.724	0.074	0.00324587730299999	0.0254028593	FGr	1000	A48	C1	10000	1000	0	0.5	300	0.1
223	0.024167933298	0.07016411735	0	0.007	0	0.024167933298	0.07016411735	NoCorrection	1000	A48	C1	10000	1000	0	0.5	300	0.1
224	-0.00726437425350001	0.00202244205000001	0	0.434	0.887	-0.00726437425350001	0.00202244205000001	ID	1000	A48	C1	10000	1000	0	0.5	300	0.1
225	0.00557403841475003	0.0149446734500001	0	0.533	0.48	0.00557403841475003	0.0149446734500001	1	10000	A48	C1	10000	1000	0	0.5	300	0
226	0.00238797464375001	-0.0160600973499999	0	0.771	0.467	0.00238797464375001	-0.0160600973499999	FGr	10000	A48	C1	10000	1000	0	0.5	300	0
227	-0.000712208721999988	-0.0314335743500001	0	0.936	0.123	-0.000712208721999988	-0.0314335743500001	NoCorrection	10000	A48	C1	10000	1000	0	0.5	300	0
228	0.00435876859775002	0.00855467240000021	0	0.621	0.683	0.00435876859775002	0.00855467240000021	ID	10000	A48	C1	10000	1000	0	0.5	300	0
229	-0.006222646747	-0.00471673104999998	0	0.475	0.835	-0.006222646747	-0.00471673104999998	1	10000	A48	C1	10000	1000	0	0.5	300	0.01
230	-0.00408519953490002	0.016850667	0	0.623	0.495	-0.00408519953490002	0.016850667	FGr	10000	A48	C1	10000	1000	0	0.5	300	0.01
231	0.00249466868680004	0.06317148515	0	0.772	0.003	0.00249466868680004	0.06317148515	NoCorrection	10000	A48	C1	10000	1000	0	0.5	300	0.01
232	-0.005920472346	-0.00339468455	0	0.506	0.891	-0.005920472346	-0.00339468455	ID	10000	A48	C1	10000	1000	0	0.5	300	0.01
233	0.00484182450749996	0.00667918949999997	0	0.655	0.764	0.00484182450749996	0.00667918949999997	1	10000	A48	C1	10000	1000	0	0.5	300	0.03
234	0.00502732473550001	0.0070924899	0	0.62	0.787	0.00502732473550001	0.0070924899	FGr	10000	A48	C1	10000	1000	0	0.5	300	0.03
235	0.0173765699471501	0.0797775133	0	0.101	0.001	0.0173765699471501	0.0797775133	NoCorrection	10000	A48	C1	10000	1000	0	0.5	300	0.03
236	0.00527110098275002	0.00886828720000003	0	0.612	0.688	0.00527110098275002	0.00886828720000003	ID	10000	A48	C1	10000	1000	0	0.5	300	0.03
237	0.002042669142	0.0164446174	0	0.837	0.486	0.002042669142	0.0164446174	1	10000	A48	C1	10000	1000	0	0.5	300	0.1
238	0.0056812098405	0.04626028165	0	0.557	0.045	0.0056812098405	0.04626028165	FGr	10000	A48	C1	10000	1000	0	0.5	300	0.1
239	0.036023697011	0.2338230147	0	0.001	0	0.036023697011	0.2338230147	NoCorrection	10000	A48	C1	10000	1000	0	0.5	300	0.1
240	0.00322900419659999	0.0211146519	0	0.723	0.392	0.00322900419659999	0.0211146519	ID	10000	A48	C1	10000	1000	0	0.5	300	0.1
241	0.00383109619115236	0.00383109619115235	0	0.652	0.628	0.00383109619115236	0.00383109619115235	1	300	A48	C1	10000	10000	0	0.5	300	0
242	-0.00668797343419998	-0.0066879734342	0	0.384	0.397	-0.00668797343419998	-0.0066879734342	FGr	300	A48	C1	10000	10000	0	0.5	300	0
243	-0.00374122858694998	-0.00374122858694997	0	0.644	0.687	-0.00374122858694998	-0.00374122858694997	NoCorrection	300	A48	C1	10000	10000	0	0.5	300	0
244	0.00218982476710008	0.00218982476710011	0	0.806	0.806	0.00218982476710008	0.00218982476710011	ID	300	A48	C1	10000	10000	0	0.5	300	0
245	0.00777967181406997	0.00777967181406998	0	0.301	0.308	0.00777967181406997	0.00777967181406998	1	300	A48	C1	10000	10000	0	0.5	300	0.01
246	0.00625799515837495	0.00625799515837494	0	0.409	0.417	0.00625799515837495	0.00625799515837494	FGr	300	A48	C1	10000	10000	0	0.5	300	0.01
247	0.0132576416368	0.0132576416368	0	0.081	0.066	0.0132576416368	0.0132576416368	NoCorrection	300	A48	C1	10000	10000	0	0.5	300	0.01
248	0.00342050465349996	0.00342050465349996	0	0.65	0.638	0.00342050465349996	0.00342050465349996	ID	300	A48	C1	10000	10000	0	0.5	300	0.01
249	-0.00965648481893497	-0.00965648481893496	0	0.203	0.215	-0.00965648481893497	-0.00965648481893496	1	300	A48	C1	10000	10000	0	0.5	300	0.03
250	-0.00391792371190498	-0.00391792371190498	0	0.604	0.585	-0.00391792371190498	-0.00391792371190498	FGr	300	A48	C1	10000	10000	0	0.5	300	0.03
251	-0.00504708938339997	-0.00504708938339998	0	0.516	0.519	-0.00504708938339997	-0.00504708938339998	NoCorrection	300	A48	C1	10000	10000	0	0.5	300	0.03
252	-0.0102018739063	-0.0102018739063	0	0.203	0.185	-0.0102018739063	-0.0102018739063	ID	300	A48	C1	10000	10000	0	0.5	300	0.03
253	0.00869067248683998	0.00869067248683998	0	0.234	0.212	0.00869067248683998	0.00869067248683998	1	300	A48	C1	10000	10000	0	0.5	300	0.1
254	0.0266753452424005	0.0266753452424005	0	0	0	0.0266753452424005	0.0266753452424005	FGr	300	A48	C1	10000	10000	0	0.5	300	0.1
255	0.0408044466710601	0.0408044466710601	0	0	0	0.0408044466710601	0.0408044466710601	NoCorrection	300	A48	C1	10000	10000	0	0.5	300	0.1
256	0.00761755307802011	0.00761755307802011	0	0.267	0.279	0.00761755307802011	0.00761755307802011	ID	300	A48	C1	10000	10000	0	0.5	300	0.1
257	0.00454521568625	-0.0219178280250002	0	0.593	0.115	0.00454521568625	-0.0219178280250002	1	1000	A48	C1	10000	10000	0	0.5	300	0
258	0.01502317960487	0.00202961981999995	0	0.1	0.887	0.01502317960487	0.00202961981999995	FGr	1000	A48	C1	10000	10000	0	0.5	300	0
259	0.012816236524065	-0.00421013381500001	0	0.159	0.757	0.012816236524065	-0.00421013381500001	NoCorrection	1000	A48	C1	10000	10000	0	0.5	300	0
260	0.00716972113379999	-0.0140229144350001	0	0.45	0.276	0.00716972113379999	-0.0140229144350001	ID	1000	A48	C1	10000	10000	0	0.5	300	0
261	-0.00284316381255	0.00178353008500008	0	0.761	0.893	-0.00284316381255	0.00178353008500008	1	1000	A48	C1	10000	10000	0	0.5	300	0.01
262	-0.0020083898429	0.00563396991499991	0	0.813	0.696	-0.0020083898429	0.00563396991499991	FGr	1000	A48	C1	10000	10000	0	0.5	300	0.01
263	0.0135288386129	0.04463951975	0	0.147	0.004	0.0135288386129	0.04463951975	NoCorrection	1000	A48	C1	10000	10000	0	0.5	300	0.01
264	-0.00293396027625002	0.00172998287999966	0	0.733	0.897	-0.00293396027625002	0.00172998287999966	ID	1000	A48	C1	10000	10000	0	0.5	300	0.01
265	0.0131928987119502	0.0277997643499998	0	0.13	0.048	0.0131928987119502	0.0277997643499998	1	1000	A48	C1	10000	10000	0	0.5	300	0.03
266	0.02564814647361	0.05099704777	0	0.006	0.002	0.02564814647361	0.05099704777	FGr	1000	A48	C1	10000	10000	0	0.5	300	0.03
267	0.0250179083817881	0.0488511852199998	0	0.007	0	0.0250179083817881	0.0488511852199998	NoCorrection	1000	A48	C1	10000	10000	0	0.5	300	0.03
268	0.01551231991499	0.03252494438	0	0.083	0.026	0.01551231991499	0.03252494438	ID	1000	A48	C1	10000	10000	0	0.5	300	0.03
269	-0.0065484727630552	-0.00124161963000049	0	0.382	0.917	-0.0065484727630552	-0.00124161963000049	1	1000	A48	C1	10000	10000	0	0.5	300	0.1
270	0.0110307030013305	0.0287986598900004	0	0.158	0.035	0.0110307030013305	0.0287986598900004	FGr	1000	A48	C1	10000	10000	0	0.5	300	0.1
271	0.0323258076984	0.0805441544850003	0	0	0	0.0323258076984	0.0805441544850003	NoCorrection	1000	A48	C1	10000	10000	0	0.5	300	0.1
272	-0.00707396671444492	-0.00327671649500005	0	0.382	0.782	-0.00707396671444492	-0.00327671649500005	ID	1000	A48	C1	10000	10000	0	0.5	300	0.1
273	-0.0071562927623	-0.0166081841849998	0	0.467	0.477	-0.0071562927623	-0.0166081841849998	1	10000	A48	C1	10000	10000	0	0.5	300	0
274	-0.00610901080858	-0.00929028071999962	0	0.527	0.695	-0.00610901080858	-0.00929028071999962	FGr	10000	A48	C1	10000	10000	0	0.5	300	0
275	-0.00823329920329999	-0.0163762779749997	0	0.37	0.455	-0.00823329920329999	-0.0163762779749997	NoCorrection	10000	A48	C1	10000	10000	0	0.5	300	0
276	-0.00635076406328001	-0.0116868402	0	0.474	0.623	-0.00635076406328001	-0.0116868402	ID	10000	A48	C1	10000	10000	0	0.5	300	0
277	0.00198288958318004	-0.01394104202	0	0.802	0.555	0.00198288958318004	-0.01394104202	1	10000	A48	C1	10000	10000	0	0.5	300	0.01
278	0.00377351364428947	-0.00761400034999999	0	0.672	0.745	0.00377351364428947	-0.00761400034999999	FGr	10000	A48	C1	10000	10000	0	0.5	300	0.01
279	-0.00291817451257004	-0.0463774113449998	0	0.724	0.039	-0.00291817451257004	-0.0463774113449998	NoCorrection	10000	A48	C1	10000	10000	0	0.5	300	0.01
280	0.00120330769030509	-0.016208618025	0	0.881	0.488	0.00120330769030509	-0.016208618025	ID	10000	A48	C1	10000	10000	0	0.5	300	0.01
281	0.00245474268490014	-0.0207981139699999	0	0.755	0.326	0.00245474268490014	-0.0207981139699999	1	10000	A48	C1	10000	10000	0	0.5	300	0.03
282	0.00377452770275019	-0.015475622945	0	0.627	0.471	0.00377452770275019	-0.015475622945	FGr	10000	A48	C1	10000	10000	0	0.5	300	0.03
283	0.00844126998709484	0.017772095185	0	0.284	0.384	0.00844126998709484	0.017772095185	NoCorrection	10000	A48	C1	10000	10000	0	0.5	300	0.03
284	0.00278961915015001	-0.0186953776399998	0	0.716	0.37	0.00278961915015001	-0.0186953776399998	ID	10000	A48	C1	10000	10000	0	0.5	300	0.03
285	-0.01255269680558	-0.0240709101349999	0	0.176	0.229	-0.01255269680558	-0.0240709101349999	1	10000	A48	C1	10000	10000	0	0.5	300	0.1
286	-0.014071209234316	-0.03031957915	0	0.127	0.133	-0.014071209234316	-0.03031957915	FGr	10000	A48	C1	10000	10000	0	0.5	300	0.1
287	0.0319285083397699	0.214807514824999	0	0	0	0.0319285083397699	0.214807514824999	NoCorrection	10000	A48	C1	10000	10000	0	0.5	300	0.1
288	-0.01262609241744	-0.02104451544	0	0.186	0.288	-0.01262609241744	-0.02104451544	ID	10000	A48	C1	10000	10000	0	0.5	300	0.1
289	-0.0333157705575	-0.0333157705575	0	0.35	0.38	-0.0333157705575	-0.0333157705575	1	300	A48	C2	1000	100	0	0.5	300	0
290	-0.0336315320535	-0.0336315320535	0	0.374	0.371	-0.0336315320535	-0.0336315320535	FGr	300	A48	C2	1000	100	0	0.5	300	0
291	-0.0337591266285	-0.0337591266285	0	0.373	0.339	-0.0337591266285	-0.0337591266285	NoCorrection	300	A48	C2	1000	100	0	0.5	300	0
292	-0.03801111983	-0.03801111983	0	0.335	0.3	-0.03801111983	-0.03801111983	ID	300	A48	C2	1000	100	0	0.5	300	0
293	-0.01134600484	-0.01134600484	0	0.679	0.703	-0.01134600484	-0.01134600484	1	300	A48	C2	1000	100	0	0.5	300	0.01
294	-0.010730532187	-0.010730532187	0	0.719	0.75	-0.010730532187	-0.010730532187	FGr	300	A48	C2	1000	100	0	0.5	300	0.01
295	-0.010367155928	-0.010367155928	0	0.734	0.739	-0.010367155928	-0.010367155928	NoCorrection	300	A48	C2	1000	100	0	0.5	300	0.01
296	-0.010572676579	-0.010572676579	0	0.737	0.736	-0.010572676579	-0.010572676579	ID	300	A48	C2	1000	100	0	0.5	300	0.01
297	0.02513922959	0.0251392295900001	0	0.481	0.45	0.02513922959	0.0251392295900001	1	300	A48	C2	1000	100	0	0.5	300	0.03
298	0.024987128665	0.024987128665	0	0.48	0.467	0.024987128665	0.024987128665	FGr	300	A48	C2	1000	100	0	0.5	300	0.03
299	0.0248726428635	0.0248726428635	0	0.462	0.434	0.0248726428635	0.0248726428635	NoCorrection	300	A48	C2	1000	100	0	0.5	300	0.03
300	0.026498226652	0.0264982266519999	0	0.413	0.452	0.026498226652	0.0264982266519999	ID	300	A48	C2	1000	100	0	0.5	300	0.03
301	0.000821333837499992	0.000821333837500012	0	0.979	0.982	0.000821333837499992	0.000821333837500012	1	300	A48	C2	1000	100	0	0.5	300	0.1
302	0.00830994312	0.00830994312000002	0	0.801	0.808	0.00830994312	0.00830994312000002	FGr	300	A48	C2	1000	100	0	0.5	300	0.1
303	0.008207749021	0.00820774902100001	0	0.799	0.793	0.008207749021	0.00820774902100001	NoCorrection	300	A48	C2	1000	100	0	0.5	300	0.1
304	0.0146003159075	0.0146003159075	0	0.664	0.665	0.0146003159075	0.0146003159075	ID	300	A48	C2	1000	100	0	0.5	300	0.1
305	-0.024589942195	-0.071672373	0	0.517	0.208	-0.024589942195	-0.071672373	1	1000	A48	C2	1000	100	0	0.5	300	0
306	-0.01834275885	-0.0792124245	0	0.624	0.154	-0.01834275885	-0.0792124245	FGr	1000	A48	C2	1000	100	0	0.5	300	0
307	-0.018408716115	-0.080801059	0	0.632	0.161	-0.018408716115	-0.080801059	NoCorrection	1000	A48	C2	1000	100	0	0.5	300	0
308	-0.023328857945	-0.0557077605	0	0.512	0.316	-0.023328857945	-0.0557077605	ID	1000	A48	C2	1000	100	0	0.5	300	0
309	0.00676965569	-0.146137022	0	0.855	0.004	0.00676965569	-0.146137022	1	1000	A48	C2	1000	100	0	0.5	300	0.01
310	0.0073248888	-0.1444466135	0	0.821	0.007	0.0073248888	-0.1444466135	FGr	1000	A48	C2	1000	100	0	0.5	300	0.01
311	0.007212854152	-0.143158547	0	0.823	0.007	0.007212854152	-0.143158547	NoCorrection	1000	A48	C2	1000	100	0	0.5	300	0.01
312	0.00749352391100001	-0.140575633	0	0.817	0.007	0.00749352391100001	-0.140575633	ID	1000	A48	C2	1000	100	0	0.5	300	0.01
313	-0.03258369888	-0.05874419	0	0.329	0.301	-0.03258369888	-0.05874419	1	1000	A48	C2	1000	100	0	0.5	300	0.03
314	-0.0276771447925	-0.0795824905	0	0.404	0.154	-0.0276771447925	-0.0795824905	FGr	1000	A48	C2	1000	100	0	0.5	300	0.03
315	-0.0277205220335	-0.079922039	0	0.377	0.137	-0.0277205220335	-0.079922039	NoCorrection	1000	A48	C2	1000	100	0	0.5	300	0.03
316	-0.0303138418899999	-0.0612997135	0	0.326	0.256	-0.0303138418899999	-0.0612997135	ID	1000	A48	C2	1000	100	0	0.5	300	0.03
317	-0.02916617784	0.022317964	0	0.424	0.696	-0.02916617784	0.022317964	1	1000	A48	C2	1000	100	0	0.5	300	0.1
318	-0.024759042	0.0142837065	0	0.506	0.819	-0.024759042	0.0142837065	FGr	1000	A48	C2	1000	100	0	0.5	300	0.1
319	-0.024391405715	0.00928627299999997	0	0.515	0.861	-0.024391405715	0.00928627299999997	NoCorrection	1000	A48	C2	1000	100	0	0.5	300	0.1
320	-0.0273651986250001	0.0180698125	0	0.44	0.773	-0.0273651986250001	0.0180698125	ID	1000	A48	C2	1000	100	0	0.5	300	0.1
321	-0.05361368194	0.078058102	0	0.108	0.378	-0.05361368194	0.078058102	1	10000	A48	C2	1000	100	0	0.5	300	0
322	-0.057256556465	0.083239474	0	0.078	0.371	-0.057256556465	0.083239474	FGr	10000	A48	C2	1000	100	0	0.5	300	0
323	-0.0566144642500001	0.037931338	0	0.112	0.652	-0.0566144642500001	0.037931338	NoCorrection	10000	A48	C2	1000	100	0	0.5	300	0
324	-0.05481411246	0.075161168	0	0.123	0.42	-0.05481411246	0.075161168	ID	10000	A48	C2	1000	100	0	0.5	300	0
325	-0.03056748471	0.0405703589999999	0	0.402	0.657	-0.03056748471	0.0405703589999999	1	10000	A48	C2	1000	100	0	0.5	300	0.01
326	-0.02830196268	0.073102221	0	0.409	0.434	-0.02830196268	0.073102221	FGr	10000	A48	C2	1000	100	0	0.5	300	0.01
327	-0.028151550875	0.0757719105000001	0	0.406	0.379	-0.028151550875	0.0757719105000001	NoCorrection	10000	A48	C2	1000	100	0	0.5	300	0.01
328	-0.030415454385	0.0405966619999999	0	0.383	0.658	-0.030415454385	0.0405966619999999	ID	10000	A48	C2	1000	100	0	0.5	300	0.01
329	0.031793758935	0.057254066	0	0.411	0.561	0.031793758935	0.057254066	1	10000	A48	C2	1000	100	0	0.5	300	0.03
330	0.031617881654	0.0719186515000001	0	0.378	0.449	0.031617881654	0.0719186515000001	FGr	10000	A48	C2	1000	100	0	0.5	300	0.03
331	0.031934993245	0.0510716194999999	0	0.395	0.584	0.031934993245	0.0510716194999999	NoCorrection	10000	A48	C2	1000	100	0	0.5	300	0.03
332	0.032105321795	0.0460130330000002	0	0.412	0.627	0.032105321795	0.0460130330000002	ID	10000	A48	C2	1000	100	0	0.5	300	0.03
333	0.02220139583	-0.029369675	0	0.54	0.733	0.02220139583	-0.029369675	1	10000	A48	C2	1000	100	0	0.5	300	0.1
334	0.015745359775	-0.01916974	0	0.665	0.849	0.015745359775	-0.01916974	FGr	10000	A48	C2	1000	100	0	0.5	300	0.1
335	0.0161304538	-0.01939159	0	0.644	0.824	0.0161304538	-0.01939159	NoCorrection	10000	A48	C2	1000	100	0	0.5	300	0.1
336	0.02131889193	-0.0101285875000001	0	0.58	0.923	0.02131889193	-0.0101285875000001	ID	10000	A48	C2	1000	100	0	0.5	300	0.1
337	0.00643038892349994	0.00643038892349993	0	0.752	0.77	0.00643038892349994	0.00643038892349993	1	300	A48	C2	1000	1000	0	0.5	300	0
338	0.00646146357449997	0.00646146357449999	0	0.734	0.762	0.00646146357449997	0.00646146357449999	FGr	300	A48	C2	1000	1000	0	0.5	300	0
339	0.0068008008965	0.00680080089650001	0	0.748	0.738	0.0068008008965	0.00680080089650001	NoCorrection	300	A48	C2	1000	1000	0	0.5	300	0
340	0.00651438554159996	0.00651438554159994	0	0.737	0.743	0.00651438554159996	0.00651438554159994	ID	300	A48	C2	1000	1000	0	0.5	300	0
341	0.0279472510089999	0.0279472510089999	0	0.222	0.211	0.0279472510089999	0.0279472510089999	1	300	A48	C2	1000	1000	0	0.5	300	0.01
342	0.0279945032190001	0.0279945032190001	0	0.219	0.21	0.0279945032190001	0.0279945032190001	FGr	300	A48	C2	1000	1000	0	0.5	300	0.01
343	0.028862353165	0.028862353165	0	0.218	0.194	0.028862353165	0.028862353165	NoCorrection	300	A48	C2	1000	1000	0	0.5	300	0.01
344	0.0258796359175	0.0258796359175	0	0.236	0.257	0.0258796359175	0.0258796359175	ID	300	A48	C2	1000	1000	0	0.5	300	0.01
345	0.0396569902610001	0.0396569902610001	0	0.046	0.049	0.0396569902610001	0.0396569902610001	1	300	A48	C2	1000	1000	0	0.5	300	0.03
346	0.04068924907	0.04068924907	0	0.047	0.04	0.04068924907	0.04068924907	FGr	300	A48	C2	1000	1000	0	0.5	300	0.03
347	0.0410672994657	0.0410672994657	0	0.038	0.042	0.0410672994657	0.0410672994657	NoCorrection	300	A48	C2	1000	1000	0	0.5	300	0.03
348	0.0415128112095	0.0415128112095	0	0.042	0.054	0.0415128112095	0.0415128112095	ID	300	A48	C2	1000	1000	0	0.5	300	0.03
349	0.0158992863746002	0.0158992863746001	0	0.478	0.501	0.0158992863746002	0.0158992863746001	1	300	A48	C2	1000	1000	0	0.5	300	0.1
350	0.00980456490100024	0.0098045649010002	0	0.687	0.66	0.00980456490100024	0.0098045649010002	FGr	300	A48	C2	1000	1000	0	0.5	300	0.1
351	0.00998219856500021	0.00998219856500026	0	0.638	0.664	0.00998219856500021	0.00998219856500026	NoCorrection	300	A48	C2	1000	1000	0	0.5	300	0.1
352	0.0177607690259499	0.01776076902595	0	0.436	0.443	0.0177607690259499	0.01776076902595	ID	300	A48	C2	1000	1000	0	0.5	300	0.1
353	0.00658267726150005	-0.0411395500999999	0	0.787	0.197	0.00658267726150005	-0.0411395500999999	1	1000	A48	C2	1000	1000	0	0.5	300	0
354	0.00863224694475015	-0.0427030781499998	0	0.694	0.171	0.00863224694475015	-0.0427030781499998	FGr	1000	A48	C2	1000	1000	0	0.5	300	0
355	0.00825802506550038	-0.0482361726000003	0	0.741	0.125	0.00825802506550038	-0.0482361726000003	NoCorrection	1000	A48	C2	1000	1000	0	0.5	300	0
356	0.00674506165400006	-0.0387702209000001	0	0.788	0.223	0.00674506165400006	-0.0387702209000001	ID	1000	A48	C2	1000	1000	0	0.5	300	0
357	0.0188202996594	0.0261844038499999	0	0.377	0.416	0.0188202996594	0.0261844038499999	1	1000	A48	C2	1000	1000	0	0.5	300	0.01
358	0.018943454277	0.0316920972500001	0	0.391	0.307	0.018943454277	0.0316920972500001	FGr	1000	A48	C2	1000	1000	0	0.5	300	0.01
359	0.0187120083030001	0.0287085344500001	0	0.393	0.363	0.0187120083030001	0.0287085344500001	NoCorrection	1000	A48	C2	1000	1000	0	0.5	300	0.01
360	0.018503584172	0.0299155970499997	0	0.427	0.346	0.018503584172	0.0299155970499997	ID	1000	A48	C2	1000	1000	0	0.5	300	0.01
361	-0.0290631327675	-0.00451451500000002	0	0.22	0.892	-0.0290631327675	-0.00451451500000002	1	1000	A48	C2	1000	1000	0	0.5	300	0.03
362	-0.03000777792	-0.00984332765000003	0	0.168	0.758	-0.03000777792	-0.00984332765000003	FGr	1000	A48	C2	1000	1000	0	0.5	300	0.03
363	-0.030022140555	-0.00768162314999995	0	0.192	0.846	-0.030022140555	-0.00768162314999995	NoCorrection	1000	A48	C2	1000	1000	0	0.5	300	0.03
364	-0.0287168753815	-0.00981558485	0	0.207	0.803	-0.0287168753815	-0.00981558485	ID	1000	A48	C2	1000	1000	0	0.5	300	0.03
365	0.00184670528239495	0.05243737155	0	0.918	0.155	0.00184670528239495	0.05243737155	1	1000	A48	C2	1000	1000	0	0.5	300	0.1
366	0.00340499894100021	0.03729268525	0	0.872	0.306	0.00340499894100021	0.03729268525	FGr	1000	A48	C2	1000	1000	0	0.5	300	0.1
367	0.00316830430250024	0.0456520586	0	0.889	0.199	0.00316830430250024	0.0456520586	NoCorrection	1000	A48	C2	1000	1000	0	0.5	300	0.1
368	0.00212301599949974	0.04823550575	0	0.912	0.194	0.00212301599949974	0.04823550575	ID	1000	A48	C2	1000	1000	0	0.5	300	0.1
369	0.00238042186545001	0.1006830497	0	0.908	0.039	0.00238042186545001	0.1006830497	1	10000	A48	C2	1000	1000	0	0.5	300	0
370	-0.000459532870499953	0.071441083	0	0.976	0.162	-0.000459532870499953	0.071441083	FGr	10000	A48	C2	1000	1000	0	0.5	300	0
371	-0.000341548345499998	0.0786567524999998	0	0.982	0.102	-0.000341548345499998	0.0786567524999998	NoCorrection	10000	A48	C2	1000	1000	0	0.5	300	0
372	0.00226122709900003	0.1020576097	0	0.904	0.048	0.00226122709900003	0.1020576097	ID	10000	A48	C2	1000	1000	0	0.5	300	0
373	9.56646030200202e-05	-0.00597292200000001	0	0.997	0.908	9.56646030200202e-05	-0.00597292200000001	1	10000	A48	C2	1000	1000	0	0.5	300	0.01
374	-0.0023007846342	0.0498863474	0	0.928	0.335	-0.0023007846342	0.0498863474	FGr	10000	A48	C2	1000	1000	0	0.5	300	0.01
375	-0.00297441093700011	0.0369062224999998	0	0.909	0.466	-0.00297441093700011	0.0369062224999998	NoCorrection	10000	A48	C2	1000	1000	0	0.5	300	0.01
376	0.000399692944000069	-0.00550967349999994	0	0.991	0.907	0.000399692944000069	-0.00550967349999994	ID	10000	A48	C2	1000	1000	0	0.5	300	0.01
377	-0.023210828802	-0.0453663943500001	0	0.246	0.355	-0.023210828802	-0.0453663943500001	1	10000	A48	C2	1000	1000	0	0.5	300	0.03
378	-0.026423941988	-0.0280053913999999	0	0.209	0.577	-0.026423941988	-0.0280053913999999	FGr	10000	A48	C2	1000	1000	0	0.5	300	0.03
379	-0.025677306555	-0.0445111463999998	0	0.209	0.347	-0.025677306555	-0.0445111463999998	NoCorrection	10000	A48	C2	1000	1000	0	0.5	300	0.03
380	-0.0232084550985	-0.0409182078500002	0	0.288	0.44	-0.0232084550985	-0.0409182078500002	ID	10000	A48	C2	1000	1000	0	0.5	300	0.03
381	-0.0319986838199	-0.0291285200499998	0	0.127	0.573	-0.0319986838199	-0.0291285200499998	1	10000	A48	C2	1000	1000	0	0.5	300	0.1
382	-0.039487260392	-0.00827687635000022	0	0.068	0.891	-0.039487260392	-0.00827687635000022	FGr	10000	A48	C2	1000	1000	0	0.5	300	0.1
383	-0.0394225510356	-0.00813658634999976	0	0.061	0.892	-0.0394225510356	-0.00813658634999976	NoCorrection	10000	A48	C2	1000	1000	0	0.5	300	0.1
384	-0.032592331481	-0.0270667107000001	0	0.107	0.604	-0.032592331481	-0.0270667107000001	ID	10000	A48	C2	1000	1000	0	0.5	300	0.1
385	-0.00774080383558608	-0.00774080383558605	0	0.704	0.691	-0.00774080383558608	-0.00774080383558605	1	300	A48	C2	1000	10000	0	0.5	300	0
386	-0.00822727392279889	-0.00822727392279884	0	0.661	0.67	-0.00822727392279889	-0.00822727392279884	FGr	300	A48	C2	1000	10000	0	0.5	300	0
387	-0.0080160316989994	-0.00801603169899936	0	0.698	0.707	-0.0080160316989994	-0.00801603169899936	NoCorrection	300	A48	C2	1000	10000	0	0.5	300	0
388	-0.00640216279774589	-0.00640216279774581	0	0.73	0.752	-0.00640216279774589	-0.00640216279774581	ID	300	A48	C2	1000	10000	0	0.5	300	0
389	0.0415855226120497	0.0415855226120496	0	0.037	0.057	0.0415855226120497	0.0415855226120496	1	300	A48	C2	1000	10000	0	0.5	300	0.01
390	0.0454118848754007	0.0454118848754006	0	0.027	0.037	0.0454118848754007	0.0454118848754006	FGr	300	A48	C2	1000	10000	0	0.5	300	0.01
391	0.0455737210766994	0.0455737210766995	0	0.029	0.03	0.0455737210766994	0.0455737210766995	NoCorrection	300	A48	C2	1000	10000	0	0.5	300	0.01
392	0.0444118347867493	0.0444118347867492	0	0.042	0.033	0.0444118347867493	0.0444118347867492	ID	300	A48	C2	1000	10000	0	0.5	300	0.01
393	-0.0204062534889502	-0.0204062534889502	0	0.334	0.314	-0.0204062534889502	-0.0204062534889502	1	300	A48	C2	1000	10000	0	0.5	300	0.03
394	-0.01946654940035	-0.0194665494003499	0	0.331	0.333	-0.01946654940035	-0.0194665494003499	FGr	300	A48	C2	1000	10000	0	0.5	300	0.03
395	-0.0194929294403002	-0.0194929294403002	0	0.316	0.348	-0.0194929294403002	-0.0194929294403002	NoCorrection	300	A48	C2	1000	10000	0	0.5	300	0.03
396	-0.0199843418668001	-0.0199843418668002	0	0.341	0.357	-0.0199843418668001	-0.0199843418668002	ID	300	A48	C2	1000	10000	0	0.5	300	0.03
397	0.0315902454132098	0.0315902454132097	0	0.096	0.096	0.0315902454132098	0.0315902454132097	1	300	A48	C2	1000	10000	0	0.5	300	0.1
398	0.0331373242477002	0.0331373242477002	0	0.088	0.084	0.0331373242477002	0.0331373242477002	FGr	300	A48	C2	1000	10000	0	0.5	300	0.1
399	0.0332200459099501	0.0332200459099501	0	0.097	0.078	0.0332200459099501	0.0332200459099501	NoCorrection	300	A48	C2	1000	10000	0	0.5	300	0.1
400	0.03209846144706	0.03209846144706	0	0.108	0.102	0.03209846144706	0.03209846144706	ID	300	A48	C2	1000	10000	0	0.5	300	0.1
401	-0.00215851559850019	0.040615195435	0	0.904	0.207	-0.00215851559850019	0.040615195435	1	1000	A48	C2	1000	10000	0	0.5	300	0
402	-0.00165402699480002	0.0411424271900001	0	0.934	0.181	-0.00165402699480002	0.0411424271900001	FGr	1000	A48	C2	1000	10000	0	0.5	300	0
403	-0.00163940629502503	0.041136180435	0	0.925	0.163	-0.00163940629502503	0.041136180435	NoCorrection	1000	A48	C2	1000	10000	0	0.5	300	0
404	-0.00163402916866997	0.0372972442350001	0	0.933	0.199	-0.00163402916866997	0.0372972442350001	ID	1000	A48	C2	1000	10000	0	0.5	300	0
405	0.0193881685501	0.00983579029499941	0	0.355	0.743	0.0193881685501	0.00983579029499941	1	1000	A48	C2	1000	10000	0	0.5	300	0.01
406	0.01872551264365	0.0185945085	0	0.385	0.536	0.01872551264365	0.0185945085	FGr	1000	A48	C2	1000	10000	0	0.5	300	0.01
407	0.0187409972333	0.0186559650299995	0	0.369	0.57	0.0187409972333	0.0186559650299995	NoCorrection	1000	A48	C2	1000	10000	0	0.5	300	0.01
408	0.01896206265325	0.0131031594250003	0	0.357	0.667	0.01896206265325	0.0131031594250003	ID	1000	A48	C2	1000	10000	0	0.5	300	0.01
409	-0.000987800169350099	-0.0172595613450001	0	0.947	0.57	-0.000987800169350099	-0.0172595613450001	1	1000	A48	C2	1000	10000	0	0.5	300	0.03
410	-0.00211262192194971	-0.0132713680250005	0	0.908	0.651	-0.00211262192194971	-0.0132713680250005	FGr	1000	A48	C2	1000	10000	0	0.5	300	0.03
411	-0.0020408697553698	-0.0140215487649996	0	0.898	0.631	-0.0020408697553698	-0.0140215487649996	NoCorrection	1000	A48	C2	1000	10000	0	0.5	300	0.03
412	-0.00156065631915014	-0.0179984875799998	0	0.93	0.508	-0.00156065631915014	-0.0179984875799998	ID	1000	A48	C2	1000	10000	0	0.5	300	0.03
413	-0.0145788606049001	-0.036750528955	0	0.464	0.215	-0.0145788606049001	-0.036750528955	1	1000	A48	C2	1000	10000	0	0.5	300	0.1
414	-0.016253531125	-0.024710141735	0	0.444	0.412	-0.016253531125	-0.024710141735	FGr	1000	A48	C2	1000	10000	0	0.5	300	0.1
415	-0.0162229002362999	-0.0316760263399999	0	0.418	0.28	-0.0162229002362999	-0.0316760263399999	NoCorrection	1000	A48	C2	1000	10000	0	0.5	300	0.1
416	-0.0155418403834501	-0.0363860706150001	0	0.432	0.229	-0.0155418403834501	-0.0363860706150001	ID	1000	A48	C2	1000	10000	0	0.5	300	0.1
417	0.00896624738554987	-0.0886281664649997	0	0.638	0.076	0.00896624738554987	-0.0886281664649997	1	10000	A48	C2	1000	10000	0	0.5	300	0
418	0.00739122591714973	-0.0851059518249996	0	0.69	0.097	0.00739122591714973	-0.0851059518249996	FGr	10000	A48	C2	1000	10000	0	0.5	300	0
419	0.00702562158520012	-0.0916205857099996	0	0.694	0.071	0.00702562158520012	-0.0916205857099996	NoCorrection	10000	A48	C2	1000	10000	0	0.5	300	0
420	0.00885481945699973	-0.0968022437750002	0	0.607	0.073	0.00885481945699973	-0.0968022437750002	ID	10000	A48	C2	1000	10000	0	0.5	300	0
421	0.0123183708657005	0.00637638494999927	0	0.495	0.895	0.0123183708657005	0.00637638494999927	1	10000	A48	C2	1000	10000	0	0.5	300	0.01
422	0.0139168053448005	0.0151757762549991	0	0.418	0.746	0.0139168053448005	0.0151757762549991	FGr	10000	A48	C2	1000	10000	0	0.5	300	0.01
423	0.0124945252615271	0.0014948304649997	0	0.506	0.979	0.0124945252615271	0.0014948304649997	NoCorrection	10000	A48	C2	1000	10000	0	0.5	300	0.01
424	0.0121624468120495	0.00335043307499881	0	0.488	0.936	0.0121624468120495	0.00335043307499881	ID	10000	A48	C2	1000	10000	0	0.5	300	0.01
425	0.0238320978193	0.106299278149999	0	0.196	0.029	0.0238320978193	0.106299278149999	1	10000	A48	C2	1000	10000	0	0.5	300	0.03
426	0.0226018930921499	0.111244205500001	0	0.234	0.023	0.0226018930921499	0.111244205500001	FGr	10000	A48	C2	1000	10000	0	0.5	300	0.03
427	0.0237035650157	0.10350446599	0	0.194	0.045	0.0237035650157	0.10350446599	NoCorrection	10000	A48	C2	1000	10000	0	0.5	300	0.03
428	0.024243312045	0.117453300650001	0	0.193	0.013	0.024243312045	0.117453300650001	ID	10000	A48	C2	1000	10000	0	0.5	300	0.03
429	0.01487006011975	0.0446363225450001	0	0.473	0.333	0.01487006011975	0.0446363225450001	1	10000	A48	C2	1000	10000	0	0.5	300	0.1
430	0.0183196756728849	0.0640821245700002	0	0.371	0.178	0.0183196756728849	0.0640821245700002	FGr	10000	A48	C2	1000	10000	0	0.5	300	0.1
431	0.01637877227438	0.0522439159399999	0	0.405	0.26	0.01637877227438	0.0522439159399999	NoCorrection	10000	A48	C2	1000	10000	0	0.5	300	0.1
432	0.0149813411469	0.0591831908600001	0	0.457	0.223	0.0149813411469	0.0591831908600001	ID	10000	A48	C2	1000	10000	0	0.5	300	0.1
433	0.00191750169500002	0.001917501695	0	0.864	0.828	0.00191750169500002	0.001917501695	1	300	A48	C2	10000	100	0	0.5	300	0
434	0.00123003191500001	0.00123003191500001	0	0.9	0.902	0.00123003191500001	0.00123003191500001	FGr	300	A48	C2	10000	100	0	0.5	300	0
435	0.001671255322	0.001671255322	0	0.853	0.864	0.001671255322	0.001671255322	NoCorrection	300	A48	C2	10000	100	0	0.5	300	0
436	0.00136175699000001	0.00136175699	0	0.883	0.904	0.00136175699000001	0.00136175699	ID	300	A48	C2	10000	100	0	0.5	300	0
437	0.00198266101540001	0.00198266101539998	0	0.86	0.863	0.00198266101540001	0.00198266101539998	1	300	A48	C2	10000	100	0	0.5	300	0.01
438	0.00275290939850001	0.00275290939850002	0	0.792	0.797	0.00275290939850001	0.00275290939850002	FGr	300	A48	C2	10000	100	0	0.5	300	0.01
439	0.002740499759	0.002740499759	0	0.824	0.806	0.002740499759	0.002740499759	NoCorrection	300	A48	C2	10000	100	0	0.5	300	0.01
440	0.0014112561379	0.0014112561379	0	0.899	0.893	0.0014112561379	0.0014112561379	ID	300	A48	C2	10000	100	0	0.5	300	0.01
441	-0.000854805067500016	-0.000854805067499997	0	0.944	0.933	-0.000854805067500016	-0.000854805067499997	1	300	A48	C2	10000	100	0	0.5	300	0.03
442	0.00106046879209999	0.00106046879209999	0	0.91	0.918	0.00106046879209999	0.00106046879209999	FGr	300	A48	C2	10000	100	0	0.5	300	0.03
443	0.000982951565000008	0.000982951565000002	0	0.923	0.923	0.000982951565000008	0.000982951565000002	NoCorrection	300	A48	C2	10000	100	0	0.5	300	0.03
444	-0.000506325913499998	-0.000506325913499992	0	0.955	0.964	-0.000506325913499998	-0.000506325913499992	ID	300	A48	C2	10000	100	0	0.5	300	0.03
445	-0.009857451346	-0.00985745134599999	0	0.37	0.355	-0.009857451346	-0.00985745134599999	1	300	A48	C2	10000	100	0	0.5	300	0.1
446	-0.004449398397	-0.004449398397	0	0.671	0.693	-0.004449398397	-0.004449398397	FGr	300	A48	C2	10000	100	0	0.5	300	0.1
447	-0.00425569142200002	-0.004255691422	0	0.693	0.667	-0.00425569142200002	-0.004255691422	NoCorrection	300	A48	C2	10000	100	0	0.5	300	0.1
448	-0.009723255704	-0.009723255704	0	0.298	0.339	-0.009723255704	-0.009723255704	ID	300	A48	C2	10000	100	0	0.5	300	0.1
449	-0.0103684830595	0.011458578	0	0.473	0.535	-0.0103684830595	0.011458578	1	1000	A48	C2	10000	100	0	0.5	300	0
450	-0.00972912230499997	0.014950068	0	0.49	0.419	-0.00972912230499997	0.014950068	FGr	1000	A48	C2	10000	100	0	0.5	300	0
451	-0.00991981536500002	0.0145446825000001	0	0.495	0.456	-0.00991981536500002	0.0145446825000001	NoCorrection	1000	A48	C2	10000	100	0	0.5	300	0
452	-0.0101790390785	0.01363764	0	0.482	0.469	-0.0101790390785	0.01363764	ID	1000	A48	C2	10000	100	0	0.5	300	0
453	-0.00204500377	0.019286874	0	0.845	0.295	-0.00204500377	0.019286874	1	1000	A48	C2	10000	100	0	0.5	300	0.01
454	-0.0030181591885	0.015918943	0	0.79	0.372	-0.0030181591885	0.015918943	FGr	1000	A48	C2	10000	100	0	0.5	300	0.01
455	-0.0029576638	0.015960491	0	0.793	0.369	-0.0029576638	0.015960491	NoCorrection	1000	A48	C2	10000	100	0	0.5	300	0.01
456	-0.00237817599435001	0.0205112665	0	0.829	0.264	-0.00237817599435001	0.0205112665	ID	1000	A48	C2	10000	100	0	0.5	300	0.01
457	-0.0014813138585	-0.0256743365	0	0.883	0.146	-0.0014813138585	-0.0256743365	1	1000	A48	C2	10000	100	0	0.5	300	0.03
458	-0.002442185305	-0.022899991	0	0.837	0.249	-0.002442185305	-0.022899991	FGr	1000	A48	C2	10000	100	0	0.5	300	0.03
459	-0.002572740774	-0.023359125	0	0.834	0.211	-0.002572740774	-0.023359125	NoCorrection	1000	A48	C2	10000	100	0	0.5	300	0.03
460	-0.00144794161500001	-0.025843245	0	0.884	0.165	-0.00144794161500001	-0.025843245	ID	1000	A48	C2	10000	100	0	0.5	300	0.03
461	-0.013802176222	0.00351443650000001	0	0.202	0.811	-0.013802176222	0.00351443650000001	1	1000	A48	C2	10000	100	0	0.5	300	0.1
462	-0.016581995685	-0.0101477955	0	0.183	0.579	-0.016581995685	-0.0101477955	FGr	1000	A48	C2	10000	100	0	0.5	300	0.1
463	-0.016459248195	-0.0098218885	0	0.146	0.589	-0.016459248195	-0.0098218885	NoCorrection	1000	A48	C2	10000	100	0	0.5	300	0.1
464	-0.014084105675	0.00180478899999998	0	0.186	0.913	-0.014084105675	0.00180478899999998	ID	1000	A48	C2	10000	100	0	0.5	300	0.1
465	-0.00965154346860001	0.000103404500000002	0	0.46	0.995	-0.00965154346860001	0.000103404500000002	1	10000	A48	C2	10000	100	0	0.5	300	0
466	-0.010016543939	-0.010305326	0	0.456	0.708	-0.010016543939	-0.010305326	FGr	10000	A48	C2	10000	100	0	0.5	300	0
467	-0.010043315619	-0.011270442	0	0.443	0.704	-0.010043315619	-0.011270442	NoCorrection	10000	A48	C2	10000	100	0	0.5	300	0
468	-0.00970315301199999	-0.000261531999999982	0	0.477	0.989	-0.00970315301199999	-0.000261531999999982	ID	10000	A48	C2	10000	100	0	0.5	300	0
469	-0.00118455767500001	0.00791975749999998	0	0.91	0.782	-0.00118455767500001	0.00791975749999998	1	10000	A48	C2	10000	100	0	0.5	300	0.01
470	-0.001412314105	-3.64635000000013e-05	0	0.88	0.999	-0.001412314105	-3.64635000000013e-05	FGr	10000	A48	C2	10000	100	0	0.5	300	0.01
471	-0.00141785403	-6.16280000000025e-05	0	0.887	1	-0.00141785403	-6.16280000000025e-05	NoCorrection	10000	A48	C2	10000	100	0	0.5	300	0.01
472	-0.00128358512	0.0040698975	0	0.897	0.87	-0.00128358512	0.0040698975	ID	10000	A48	C2	10000	100	0	0.5	300	0.01
473	0.00436698560395	-0.022524707	0	0.649	0.399	0.00436698560395	-0.022524707	1	10000	A48	C2	10000	100	0	0.5	300	0.03
474	0.00486579362000001	-0.024192075	0	0.668	0.384	0.00486579362000001	-0.024192075	FGr	10000	A48	C2	10000	100	0	0.5	300	0.03
475	0.00488656223849999	-0.024860519	0	0.644	0.367	0.00488656223849999	-0.024860519	NoCorrection	10000	A48	C2	10000	100	0	0.5	300	0.03
476	0.00453232225500002	-0.0276767715	0	0.672	0.346	0.00453232225500002	-0.0276767715	ID	10000	A48	C2	10000	100	0	0.5	300	0.03
477	0.018274820285	0.00566074900000002	0	0.137	0.857	0.018274820285	0.00566074900000002	1	10000	A48	C2	10000	100	0	0.5	300	0.1
478	0.022637535575	-0.0237726835	0	0.076	0.454	0.022637535575	-0.0237726835	FGr	10000	A48	C2	10000	100	0	0.5	300	0.1
479	0.022727422085	-0.020812864	0	0.069	0.503	0.022727422085	-0.020812864	NoCorrection	10000	A48	C2	10000	100	0	0.5	300	0.1
480	0.01837019879	0.00461823299999997	0	0.127	0.885	0.01837019879	0.00461823299999997	ID	10000	A48	C2	10000	100	0	0.5	300	0.1
481	0.007906596679	0.00790659667899997	0	0.248	0.219	0.007906596679	0.00790659667899997	1	300	A48	C2	10000	1000	0	0.5	300	0
482	0.00822442498359999	0.0082244249836	0	0.197	0.218	0.00822442498359999	0.0082244249836	FGr	300	A48	C2	10000	1000	0	0.5	300	0
483	0.00819852898650002	0.0081985289865	0	0.197	0.217	0.00819852898650002	0.0081985289865	NoCorrection	300	A48	C2	10000	1000	0	0.5	300	0
484	0.00785525482150002	0.00785525482150003	0	0.219	0.227	0.00785525482150002	0.00785525482150003	ID	300	A48	C2	10000	1000	0	0.5	300	0
485	-0.00650541161450004	-0.00650541161450002	0	0.36	0.377	-0.00650541161450004	-0.00650541161450002	1	300	A48	C2	10000	1000	0	0.5	300	0.01
486	-0.00608936768200003	-0.00608936768200005	0	0.387	0.404	-0.00608936768200003	-0.00608936768200005	FGr	300	A48	C2	10000	1000	0	0.5	300	0.01
487	-0.00611476343800008	-0.00611476343800007	0	0.41	0.388	-0.00611476343800008	-0.00611476343800007	NoCorrection	300	A48	C2	10000	1000	0	0.5	300	0.01
488	-0.00659399174984995	-0.00659399174984995	0	0.379	0.374	-0.00659399174984995	-0.00659399174984995	ID	300	A48	C2	10000	1000	0	0.5	300	0.01
489	0.0100676596325	0.0100676596325	0	0.089	0.1	0.0100676596325	0.0100676596325	1	300	A48	C2	10000	1000	0	0.5	300	0.03
490	0.00985066226854999	0.00985066226854999	0	0.096	0.103	0.00985066226854999	0.00985066226854999	FGr	300	A48	C2	10000	1000	0	0.5	300	0.03
491	0.00984959254	0.00984959254	0	0.099	0.091	0.00984959254	0.00984959254	NoCorrection	300	A48	C2	10000	1000	0	0.5	300	0.03
492	0.010074779645	0.010074779645	0	0.092	0.099	0.010074779645	0.010074779645	ID	300	A48	C2	10000	1000	0	0.5	300	0.03
493	-0.00668903367914999	-0.00668903367914998	0	0.307	0.322	-0.00668903367914999	-0.00668903367914998	1	300	A48	C2	10000	1000	0	0.5	300	0.1
494	-0.00792976608799999	-0.00792976608799998	0	0.288	0.249	-0.00792976608799999	-0.00792976608799998	FGr	300	A48	C2	10000	1000	0	0.5	300	0.1
495	-0.00795338386084999	-0.00795338386085	0	0.285	0.277	-0.00795338386084999	-0.00795338386085	NoCorrection	300	A48	C2	10000	1000	0	0.5	300	0.1
496	-0.00670311361000001	-0.00670311361000002	0	0.357	0.328	-0.00670311361000001	-0.00670311361000002	ID	300	A48	C2	10000	1000	0	0.5	300	0.1
497	-0.00621781973600002	-0.0109076711	0	0.382	0.298	-0.00621781973600002	-0.0109076711	1	1000	A48	C2	10000	1000	0	0.5	300	0
498	-0.00612097538099997	-0.01224778035	0	0.416	0.228	-0.00612097538099997	-0.01224778035	FGr	1000	A48	C2	10000	1000	0	0.5	300	0
499	-0.00613318051479999	-0.0105798259	0	0.389	0.311	-0.00613318051479999	-0.0105798259	NoCorrection	1000	A48	C2	10000	1000	0	0.5	300	0
500	-0.00613780292879999	-0.01087452375	0	0.422	0.278	-0.00613780292879999	-0.01087452375	ID	1000	A48	C2	10000	1000	0	0.5	300	0
501	-0.00374594357770001	-0.00185507300000001	0	0.508	0.854	-0.00374594357770001	-0.00185507300000001	1	1000	A48	C2	10000	1000	0	0.5	300	0.01
502	-0.00366937131874999	-0.00153120134999999	0	0.541	0.886	-0.00366937131874999	-0.00153120134999999	FGr	1000	A48	C2	10000	1000	0	0.5	300	0.01
503	-0.00367337248529999	-0.00151653299999999	0	0.536	0.883	-0.00367337248529999	-0.00151653299999999	NoCorrection	1000	A48	C2	10000	1000	0	0.5	300	0.01
504	-0.00379308369650001	-0.0018153319	0	0.54	0.878	-0.00379308369650001	-0.0018153319	ID	1000	A48	C2	10000	1000	0	0.5	300	0.01
505	0.00120267341365001	0.0143845505	0	0.853	0.13	0.00120267341365001	0.0143845505	1	1000	A48	C2	10000	1000	0	0.5	300	0.03
506	0.00089542476660001	0.0155444405999999	0	0.875	0.113	0.00089542476660001	0.0155444405999999	FGr	1000	A48	C2	10000	1000	0	0.5	300	0.03
507	0.000863698204750007	0.01565171285	0	0.898	0.097	0.000863698204750007	0.01565171285	NoCorrection	1000	A48	C2	10000	1000	0	0.5	300	0.03
508	0.000586305853599993	0.0171299246	0	0.921	0.063	0.000586305853599993	0.0171299246	ID	1000	A48	C2	10000	1000	0	0.5	300	0.03
509	0.000463959887599992	-0.018908614	0	0.939	0.044	0.000463959887599992	-0.018908614	1	1000	A48	C2	10000	1000	0	0.5	300	0.1
510	0.00227433691329998	-0.021551921	0	0.694	0.037	0.00227433691329998	-0.021551921	FGr	1000	A48	C2	10000	1000	0	0.5	300	0.1
511	0.00227381675049998	-0.0215476842	0	0.709	0.035	0.00227381675049998	-0.0215476842	NoCorrection	1000	A48	C2	10000	1000	0	0.5	300	0.1
512	0.000302933841100017	-0.01926192735	0	0.966	0.047	0.000302933841100017	-0.01926192735	ID	1000	A48	C2	10000	1000	0	0.5	300	0.1
513	-0.00432649785450005	-0.00305983535	0	0.479	0.848	-0.00432649785450005	-0.00305983535	1	10000	A48	C2	10000	1000	0	0.5	300	0
514	-0.00419311914356002	-0.000239815250000009	0	0.486	0.984	-0.00419311914356002	-0.000239815250000009	FGr	10000	A48	C2	10000	1000	0	0.5	300	0
515	-0.00427867076449995	-0.00616400065000001	0	0.484	0.724	-0.00427867076449995	-0.00616400065000001	NoCorrection	10000	A48	C2	10000	1000	0	0.5	300	0
516	-0.0043307713492	-0.0024852389	0	0.478	0.881	-0.0043307713492	-0.0024852389	ID	10000	A48	C2	10000	1000	0	0.5	300	0
517	0.00583639553530998	0.0070041335	0	0.353	0.676	0.00583639553530998	0.0070041335	1	10000	A48	C2	10000	1000	0	0.5	300	0.01
518	0.00561221426949997	0.00218557805000004	0	0.341	0.908	0.00561221426949997	0.00218557805000004	FGr	10000	A48	C2	10000	1000	0	0.5	300	0.01
519	0.00571492893000003	0.00517844860000001	0	0.345	0.77	0.00571492893000003	0.00517844860000001	NoCorrection	10000	A48	C2	10000	1000	0	0.5	300	0.01
520	0.00583534366244999	0.00699463019999999	0	0.351	0.69	0.00583534366244999	0.00699463019999999	ID	10000	A48	C2	10000	1000	0	0.5	300	0.01
521	-0.010190619836	0.00143034294999998	0	0.143	0.922	-0.010190619836	0.00143034294999998	1	10000	A48	C2	10000	1000	0	0.5	300	0.03
522	-0.00994248677350005	0.00610068429999998	0	0.166	0.68	-0.00994248677350005	0.00610068429999998	FGr	10000	A48	C2	10000	1000	0	0.5	300	0.03
523	-0.010079137423	0.00901770815000001	0	0.135	0.559	-0.010079137423	0.00901770815000001	NoCorrection	10000	A48	C2	10000	1000	0	0.5	300	0.03
524	-0.01018691676545	0.00316825679999993	0	0.125	0.832	-0.01018691676545	0.00316825679999993	ID	10000	A48	C2	10000	1000	0	0.5	300	0.03
525	0.0158416206989	0.0203021289999999	0	0.001	0.229	0.0158416206989	0.0203021289999999	1	10000	A48	C2	10000	1000	0	0.5	300	0.1
526	0.0157070911795	-0.00575715175000002	0	0.009	0.73	0.0157070911795	-0.00575715175000002	FGr	10000	A48	C2	10000	1000	0	0.5	300	0.1
527	0.0158256156375	-0.00585622389999998	0	0.008	0.716	0.0158256156375	-0.00585622389999998	NoCorrection	10000	A48	C2	10000	1000	0	0.5	300	0.1
528	0.015847966745455	0.0254352761500001	0	0.002	0.093	0.015847966745455	0.0254352761500001	ID	10000	A48	C2	10000	1000	0	0.5	300	0.1
529	-0.00340863471237014	-0.00340863471237013	0	0.547	0.557	-0.00340863471237014	-0.00340863471237013	1	300	A48	C2	10000	10000	0	0.5	300	0
530	-0.00346012550175006	-0.00346012550175005	0	0.551	0.546	-0.00346012550175006	-0.00346012550175005	FGr	300	A48	C2	10000	10000	0	0.5	300	0
531	-0.00345408287452999	-0.00345408287452998	0	0.537	0.554	-0.00345408287452999	-0.00345408287452998	NoCorrection	300	A48	C2	10000	10000	0	0.5	300	0
532	-0.00233255431977004	-0.00233255431977004	0	0.696	0.702	-0.00233255431977004	-0.00233255431977004	ID	300	A48	C2	10000	10000	0	0.5	300	0
533	0.0126752996304	0.0126752996304	0	0.059	0.054	0.0126752996304	0.0126752996304	1	300	A48	C2	10000	10000	0	0.5	300	0.01
534	0.01338554228536	0.0133855422853599	0	0.033	0.037	0.01338554228536	0.0133855422853599	FGr	300	A48	C2	10000	10000	0	0.5	300	0.01
535	0.0133550493122875	0.0133550493122875	0	0.034	0.032	0.0133550493122875	0.0133550493122875	NoCorrection	300	A48	C2	10000	10000	0	0.5	300	0.01
536	0.01315419140009	0.01315419140009	0	0.038	0.037	0.01315419140009	0.01315419140009	ID	300	A48	C2	10000	10000	0	0.5	300	0.01
537	-0.00509706763549987	-0.00509706763549987	0	0.397	0.411	-0.00509706763549987	-0.00509706763549987	1	300	A48	C2	10000	10000	0	0.5	300	0.03
538	-0.00498619182513109	-0.0049861918251311	0	0.406	0.445	-0.00498619182513109	-0.0049861918251311	FGr	300	A48	C2	10000	10000	0	0.5	300	0.03
539	-0.00504637877989997	-0.00504637877989997	0	0.409	0.418	-0.00504637877989997	-0.00504637877989997	NoCorrection	300	A48	C2	10000	10000	0	0.5	300	0.03
540	-0.00522596694470003	-0.00522596694470003	0	0.387	0.399	-0.00522596694470003	-0.00522596694470003	ID	300	A48	C2	10000	10000	0	0.5	300	0.03
541	0.00401960216259486	0.00401960216259489	0	0.52	0.516	0.00401960216259486	0.00401960216259489	1	300	A48	C2	10000	10000	0	0.5	300	0.1
542	0.00170138502769008	0.0017013850276901	0	0.801	0.79	0.00170138502769008	0.0017013850276901	FGr	300	A48	C2	10000	10000	0	0.5	300	0.1
543	0.00160021861445001	0.00160021861445004	0	0.829	0.797	0.00160021861445001	0.00160021861445004	NoCorrection	300	A48	C2	10000	10000	0	0.5	300	0.1
544	0.00420544083429599	0.00420544083429598	0	0.53	0.507	0.00420544083429599	0.00420544083429598	ID	300	A48	C2	10000	10000	0	0.5	300	0.1
545	0.0125816686204801	0.0192872023649998	0	0.046	0.06	0.0125816686204801	0.0192872023649998	1	1000	A48	C2	10000	10000	0	0.5	300	0
546	0.0126084495625	0.0192554622449998	0	0.046	0.046	0.0126084495625	0.0192554622449998	FGr	1000	A48	C2	10000	10000	0	0.5	300	0
547	0.012664889192	0.0203010193899995	0	0.036	0.042	0.012664889192	0.0203010193899995	NoCorrection	1000	A48	C2	10000	10000	0	0.5	300	0
548	0.0125116390909751	0.0184191902399999	0	0.044	0.068	0.0125116390909751	0.0184191902399999	ID	1000	A48	C2	10000	10000	0	0.5	300	0
549	-0.01019549282846	-0.00893092853500001	0	0.118	0.398	-0.01019549282846	-0.00893092853500001	1	1000	A48	C2	10000	10000	0	0.5	300	0.01
550	-0.0103126219771201	-0.00727453902499989	0	0.127	0.519	-0.0103126219771201	-0.00727453902499989	FGr	1000	A48	C2	10000	10000	0	0.5	300	0.01
551	-0.010220511339365	-0.00647885439999985	0	0.126	0.54	-0.010220511339365	-0.00647885439999985	NoCorrection	1000	A48	C2	10000	10000	0	0.5	300	0.01
552	-0.01026137890055	-0.00655812909500026	0	0.122	0.562	-0.01026137890055	-0.00655812909500026	ID	1000	A48	C2	10000	10000	0	0.5	300	0.01
553	-0.00510664279214987	-0.000171846835000017	0	0.473	0.989	-0.00510664279214987	-0.000171846835000017	1	1000	A48	C2	10000	10000	0	0.5	300	0.03
554	-0.00495842975975007	-0.000246240564999985	0	0.444	0.982	-0.00495842975975007	-0.000246240564999985	FGr	1000	A48	C2	10000	10000	0	0.5	300	0.03
555	-0.00498208638559797	0.000375277040000002	0	0.47	0.969	-0.00498208638559797	0.000375277040000002	NoCorrection	1000	A48	C2	10000	10000	0	0.5	300	0.03
556	-0.00533998487225007	-0.00160184463000001	0	0.435	0.881	-0.00533998487225007	-0.00160184463000001	ID	1000	A48	C2	10000	10000	0	0.5	300	0.03
557	-0.000355263579450259	-0.00710659086000044	0	0.952	0.507	-0.000355263579450259	-0.00710659086000044	1	1000	A48	C2	10000	10000	0	0.5	300	0.1
558	0.000409563953175041	-0.00331808594499966	0	0.954	0.751	0.000409563953175041	-0.00331808594499966	FGr	1000	A48	C2	10000	10000	0	0.5	300	0.1
559	0.000400663933660169	-0.00286187229500037	0	0.94	0.769	0.000400663933660169	-0.00286187229500037	NoCorrection	1000	A48	C2	10000	10000	0	0.5	300	0.1
560	-0.000385399876530133	-0.00664123740999994	0	0.952	0.522	-0.000385399876530133	-0.00664123740999994	ID	1000	A48	C2	10000	10000	0	0.5	300	0.1
561	0.00397164778819997	-0.00439616423999997	0	0.587	0.776	0.00397164778819997	-0.00439616423999997	1	10000	A48	C2	10000	10000	0	0.5	300	0
562	0.00392164279979994	-0.00382052668500013	0	0.57	0.824	0.00392164279979994	-0.00382052668500013	FGr	10000	A48	C2	10000	10000	0	0.5	300	0
563	0.003910390819695	-0.0070023533449998	0	0.592	0.678	0.003910390819695	-0.0070023533449998	NoCorrection	10000	A48	C2	10000	10000	0	0.5	300	0
564	0.00396065746424997	-0.00464788713999991	0	0.581	0.777	0.00396065746424997	-0.00464788713999991	ID	10000	A48	C2	10000	10000	0	0.5	300	0
565	-0.00395727922215004	-0.02832965399	0	0.503	0.083	-0.00395727922215004	-0.02832965399	1	10000	A48	C2	10000	10000	0	0.5	300	0.01
566	-0.0038754862727	-0.0309506448849999	0	0.499	0.047	-0.0038754862727	-0.0309506448849999	FGr	10000	A48	C2	10000	10000	0	0.5	300	0.01
567	-0.00388338100645481	-0.0321324785799999	0	0.485	0.034	-0.00388338100645481	-0.0321324785799999	NoCorrection	10000	A48	C2	10000	10000	0	0.5	300	0.01
568	-0.00395168026691002	-0.031948755185	0	0.504	0.05	-0.00395168026691002	-0.031948755185	ID	10000	A48	C2	10000	10000	0	0.5	300	0.01
569	0.00653166541555	-0.000165119959999987	0	0.208	0.987	0.00653166541555	-0.000165119959999987	1	10000	A48	C2	10000	10000	0	0.5	300	0.03
570	0.00635679993227	0.00203524883999984	0	0.227	0.888	0.00635679993227	0.00203524883999984	FGr	10000	A48	C2	10000	10000	0	0.5	300	0.03
571	0.0063708620518	0.0014860399899998	0	0.272	0.918	0.0063708620518	0.0014860399899998	NoCorrection	10000	A48	C2	10000	10000	0	0.5	300	0.03
572	0.00654345239231001	0.000513865300000031	0	0.228	0.967	0.00654345239231001	0.000513865300000031	ID	10000	A48	C2	10000	10000	0	0.5	300	0.03
573	-0.00327238050528995	-0.0128184330450009	0	0.576	0.446	-0.00327238050528995	-0.0128184330450009	1	10000	A48	C2	10000	10000	0	0.5	300	0.1
574	-0.00377639955009997	0.00122730707999994	0	0.559	0.942	-0.00377639955009997	0.00122730707999994	FGr	10000	A48	C2	10000	10000	0	0.5	300	0.1
575	-0.00378637485632001	0.000641966165000666	0	0.583	0.97	-0.00378637485632001	0.000641966165000666	NoCorrection	10000	A48	C2	10000	10000	0	0.5	300	0.1
576	-0.00327008923378643	-0.0161306177950003	0	0.588	0.314	-0.00327008923378643	-0.0161306177950003	ID	10000	A48	C2	10000	10000	0	0.5	300	0.1
