	c-q	nc-q	true-q	c-p	nc-p	c-bias	nc-bias	type	L	rep	config	gwas_size	test_size	h2	ts	num_causal	env
1	-0.07713606782	-0.07713606782	0	0.048	0.056	-0.07713606782	-0.07713606782	1	300	A49	C1	1000	100	0	0.5	300	0
2	-0.0703778227025	-0.0703778227025001	0	0.083	0.086	-0.0703778227025	-0.0703778227025001	FGr	300	A49	C1	1000	100	0	0.5	300	0
3	-0.082486612205	-0.082486612205	0	0.042	0.036	-0.082486612205	-0.082486612205	NoCorrection	300	A49	C1	1000	100	0	0.5	300	0
4	-0.06413385335	-0.06413385335	0	0.126	0.122	-0.06413385335	-0.06413385335	ID	300	A49	C1	1000	100	0	0.5	300	0
5	0.00497197619999998	0.00497197620000001	0	0.903	0.884	0.00497197619999998	0.00497197620000001	1	300	A49	C1	1000	100	0	0.5	300	0.01
6	0.04355853679	0.04355853679	0	0.225	0.22	0.04355853679	0.04355853679	FGr	300	A49	C1	1000	100	0	0.5	300	0.01
7	0.04328129431	0.04328129431	0	0.24	0.212	0.04328129431	0.04328129431	NoCorrection	300	A49	C1	1000	100	0	0.5	300	0.01
8	0.01217261425	0.01217261425	0	0.722	0.728	0.01217261425	0.01217261425	ID	300	A49	C1	1000	100	0	0.5	300	0.01
9	0.00121080560899994	0.00121080560899999	0	0.972	0.969	0.00121080560899994	0.00121080560899999	1	300	A49	C1	1000	100	0	0.5	300	0.03
10	0.000711682129999902	0.000711682129999991	0	0.981	0.99	0.000711682129999902	0.000711682129999991	FGr	300	A49	C1	1000	100	0	0.5	300	0.03
11	-0.00204829344000011	-0.0020482934400001	0	0.967	0.952	-0.00204829344000011	-0.0020482934400001	NoCorrection	300	A49	C1	1000	100	0	0.5	300	0.03
12	0.00197132296899992	0.00197132296900001	0	0.959	0.95	0.00197132296899992	0.00197132296900001	ID	300	A49	C1	1000	100	0	0.5	300	0.03
13	0.039598915127	0.039598915127	0	0.247	0.275	0.039598915127	0.039598915127	1	300	A49	C1	1000	100	0	0.5	300	0.1
14	0.075667636035	0.075667636035	0	0.029	0.035	0.075667636035	0.075667636035	FGr	300	A49	C1	1000	100	0	0.5	300	0.1
15	0.0842587671	0.0842587671	0	0.013	0.017	0.0842587671	0.0842587671	NoCorrection	300	A49	C1	1000	100	0	0.5	300	0.1
16	0.04840355511	0.04840355511	0	0.164	0.154	0.04840355511	0.04840355511	ID	300	A49	C1	1000	100	0	0.5	300	0.1
17	0.013109120775	-0.019600993	0	0.71	0.697	0.013109120775	-0.019600993	1	1000	A49	C1	1000	100	0	0.5	300	0
18	-0.00620139840500001	-0.048987482	0	0.862	0.368	-0.00620139840500001	-0.048987482	FGr	1000	A49	C1	1000	100	0	0.5	300	0
19	0.00169489198300003	-0.039230006	0	0.967	0.486	0.00169489198300003	-0.039230006	NoCorrection	1000	A49	C1	1000	100	0	0.5	300	0
20	0.01587784883	-0.00258910099999999	0	0.655	0.963	0.01587784883	-0.00258910099999999	ID	1000	A49	C1	1000	100	0	0.5	300	0
21	0.05836649423	0.00783912800000001	0	0.177	0.903	0.05836649423	0.00783912800000001	1	1000	A49	C1	1000	100	0	0.5	300	0.01
22	0.0459948483465	-0.0256564875	0	0.32	0.724	0.0459948483465	-0.0256564875	FGr	1000	A49	C1	1000	100	0	0.5	300	0.01
23	0.03566906694	-0.0626750275	0	0.404	0.368	0.03566906694	-0.0626750275	NoCorrection	1000	A49	C1	1000	100	0	0.5	300	0.01
24	0.061913994975	0.024340826	0	0.178	0.767	0.061913994975	0.024340826	ID	1000	A49	C1	1000	100	0	0.5	300	0.01
25	-0.0673512033	-0.1937509945	0	0.117	0.001	-0.0673512033	-0.1937509945	1	1000	A49	C1	1000	100	0	0.5	300	0.03
26	-0.0671064761100001	-0.1916171685	0	0.083	0.002	-0.0671064761100001	-0.1916171685	FGr	1000	A49	C1	1000	100	0	0.5	300	0.03
27	-0.109807083342	-0.273521255	0	0.006	0	-0.109807083342	-0.273521255	NoCorrection	1000	A49	C1	1000	100	0	0.5	300	0.03
28	-0.06016212468	-0.1797747445	0	0.164	0.004	-0.06016212468	-0.1797747445	ID	1000	A49	C1	1000	100	0	0.5	300	0.03
29	-0.00723527747999994	-0.090655293	0	0.869	0.163	-0.00723527747999994	-0.090655293	1	1000	A49	C1	1000	100	0	0.5	300	0.1
30	0.006534473225	-0.0494690715	0	0.86	0.446	0.006534473225	-0.0494690715	FGr	1000	A49	C1	1000	100	0	0.5	300	0.1
31	-0.01921191196	-0.1229414505	0	0.633	0.046	-0.01921191196	-0.1229414505	NoCorrection	1000	A49	C1	1000	100	0	0.5	300	0.1
32	-0.000598291600000014	-0.0783148905000001	0	0.993	0.191	-0.000598291600000014	-0.0783148905000001	ID	1000	A49	C1	1000	100	0	0.5	300	0.1
33	0.032317670615	0.134084778	0	0.457	0.195	0.032317670615	0.134084778	1	10000	A49	C1	1000	100	0	0.5	300	0
34	0.0226849249	0.0720508099999999	0	0.617	0.5	0.0226849249	0.0720508099999999	FGr	10000	A49	C1	1000	100	0	0.5	300	0
35	-0.0362133558625	-0.171839315	0	0.433	0.102	-0.0362133558625	-0.171839315	NoCorrection	10000	A49	C1	1000	100	0	0.5	300	0
36	0.03547803759	0.128240531	0	0.452	0.226	0.03547803759	0.128240531	ID	10000	A49	C1	1000	100	0	0.5	300	0
37	-0.039508383705	-0.033719155	0	0.329	0.721	-0.039508383705	-0.033719155	1	10000	A49	C1	1000	100	0	0.5	300	0.01
38	-0.057570254075	-0.0928475985	0	0.158	0.399	-0.057570254075	-0.0928475985	FGr	10000	A49	C1	1000	100	0	0.5	300	0.01
39	-0.06772969868	-0.128807925	0	0.098	0.2	-0.06772969868	-0.128807925	NoCorrection	10000	A49	C1	1000	100	0	0.5	300	0.01
40	-0.038334128006397	-0.031986565	0	0.35	0.773	-0.038334128006397	-0.031986565	ID	10000	A49	C1	1000	100	0	0.5	300	0.01
41	-0.03771703283875	0.109760445	0	0.366	0.286	-0.03771703283875	0.109760445	1	10000	A49	C1	1000	100	0	0.5	300	0.03
42	-0.03989863513	0.067277769	0	0.317	0.49	-0.03989863513	0.067277769	FGr	10000	A49	C1	1000	100	0	0.5	300	0.03
43	0.00132295231	0.2740846455	0	0.967	0.006	0.00132295231	0.2740846455	NoCorrection	10000	A49	C1	1000	100	0	0.5	300	0.03
44	-0.032944755895	0.138160865	0	0.406	0.17	-0.032944755895	0.138160865	ID	10000	A49	C1	1000	100	0	0.5	300	0.03
45	0.025975594685	-0.0829889509999998	0	0.551	0.372	0.025975594685	-0.0829889509999998	1	10000	A49	C1	1000	100	0	0.5	300	0.1
46	0.04675788072	-0.0160210779999999	0	0.277	0.865	0.04675788072	-0.0160210779999999	FGr	10000	A49	C1	1000	100	0	0.5	300	0.1
47	0.08011724955725	0.162331439	0	0.057	0.084	0.08011724955725	0.162331439	NoCorrection	10000	A49	C1	1000	100	0	0.5	300	0.1
48	0.0232562360745	-0.0860761405000002	0	0.594	0.369	0.0232562360745	-0.0860761405000002	ID	10000	A49	C1	1000	100	0	0.5	300	0.1
49	-0.014563082715	-0.014563082715	0	0.623	0.634	-0.014563082715	-0.014563082715	1	300	A49	C1	1000	1000	0	0.5	300	0
50	0.00741769312824996	0.00741769312824998	0	0.812	0.818	0.00741769312824996	0.00741769312824998	FGr	300	A49	C1	1000	1000	0	0.5	300	0
51	0.00794935523550004	0.00794935523550002	0	0.81	0.839	0.00794935523550004	0.00794935523550002	NoCorrection	300	A49	C1	1000	1000	0	0.5	300	0
52	-0.013913997453	-0.013913997453	0	0.639	0.646	-0.013913997453	-0.013913997453	ID	300	A49	C1	1000	1000	0	0.5	300	0
53	-0.00175866191250001	-0.00175866191249999	0	0.944	0.938	-0.00175866191250001	-0.00175866191249999	1	300	A49	C1	1000	1000	0	0.5	300	0.01
54	0.0107184701629	0.0107184701629	0	0.655	0.651	0.0107184701629	0.0107184701629	FGr	300	A49	C1	1000	1000	0	0.5	300	0.01
55	0.030082333043	0.030082333043	0	0.185	0.207	0.030082333043	0.030082333043	NoCorrection	300	A49	C1	1000	1000	0	0.5	300	0.01
56	0.0106704207495	0.0106704207495	0	0.65	0.673	0.0106704207495	0.0106704207495	ID	300	A49	C1	1000	1000	0	0.5	300	0.01
57	-0.00666045201849999	-0.00666045201850002	0	0.799	0.801	-0.00666045201849999	-0.00666045201850002	1	300	A49	C1	1000	1000	0	0.5	300	0.03
58	0.0186190953605	0.0186190953605	0	0.444	0.461	0.0186190953605	0.0186190953605	FGr	300	A49	C1	1000	1000	0	0.5	300	0.03
59	0.024949523552	0.024949523552	0	0.309	0.326	0.024949523552	0.024949523552	NoCorrection	300	A49	C1	1000	1000	0	0.5	300	0.03
60	0.000287412799499975	0.000287412799499981	0	0.99	0.993	0.000287412799499975	0.000287412799499981	ID	300	A49	C1	1000	1000	0	0.5	300	0.03
61	0.0236768688980001	0.0236768688980001	0	0.416	0.43	0.0236768688980001	0.0236768688980001	1	300	A49	C1	1000	1000	0	0.5	300	0.1
62	0.0138732936474999	0.0138732936474999	0	0.619	0.631	0.0138732936474999	0.0138732936474999	FGr	300	A49	C1	1000	1000	0	0.5	300	0.1
63	0.037621348883	0.0376213488830001	0	0.199	0.181	0.037621348883	0.0376213488830001	NoCorrection	300	A49	C1	1000	1000	0	0.5	300	0.1
64	-0.00520894976399998	-0.00520894976399993	0	0.871	0.858	-0.00520894976399998	-0.00520894976399993	ID	300	A49	C1	1000	1000	0	0.5	300	0.1
65	0.0268979160124999	0.0275688255	0	0.338	0.523	0.0268979160124999	0.0275688255	1	1000	A49	C1	1000	1000	0	0.5	300	0
66	0.0272508282269999	0.0327349073	0	0.346	0.46	0.0272508282269999	0.0327349073	FGr	1000	A49	C1	1000	1000	0	0.5	300	0
67	0.0181247371535001	0.01915346245	0	0.54	0.663	0.0181247371535001	0.01915346245	NoCorrection	1000	A49	C1	1000	1000	0	0.5	300	0
68	0.0287101799495	0.02910420335	0	0.33	0.504	0.0287101799495	0.02910420335	ID	1000	A49	C1	1000	1000	0	0.5	300	0
69	0.0376022329980001	0.0371872688999998	0	0.157	0.397	0.0376022329980001	0.0371872688999998	1	1000	A49	C1	1000	1000	0	0.5	300	0.01
70	0.013033099327	-0.0180425823499995	0	0.601	0.687	0.013033099327	-0.0180425823499995	FGr	1000	A49	C1	1000	1000	0	0.5	300	0.01
71	0.00852353348450002	-0.0227067507999998	0	0.726	0.616	0.00852353348450002	-0.0227067507999998	NoCorrection	1000	A49	C1	1000	1000	0	0.5	300	0.01
72	0.0413757021563	0.0482403785999999	0	0.108	0.265	0.0413757021563	0.0482403785999999	ID	1000	A49	C1	1000	1000	0	0.5	300	0.01
73	-0.0144333056015	0.00996293915000011	0	0.566	0.84	-0.0144333056015	0.00996293915000011	1	1000	A49	C1	1000	1000	0	0.5	300	0.03
74	-0.0203259899145	-0.00548983929999994	0	0.453	0.905	-0.0203259899145	-0.00548983929999994	FGr	1000	A49	C1	1000	1000	0	0.5	300	0.03
75	-0.00748946273350005	0.0196443837999998	0	0.777	0.685	-0.00748946273350005	0.0196443837999998	NoCorrection	1000	A49	C1	1000	1000	0	0.5	300	0.03
76	-0.01613098111872	0.00479369255000018	0	0.533	0.943	-0.01613098111872	0.00479369255000018	ID	1000	A49	C1	1000	1000	0	0.5	300	0.03
77	0.0263506482515002	0.0443489291499999	0	0.325	0.325	0.0263506482515002	0.0443489291499999	1	1000	A49	C1	1000	1000	0	0.5	300	0.1
78	0.0462352940174501	0.0973133161	0	0.09	0.018	0.0462352940174501	0.0973133161	FGr	1000	A49	C1	1000	1000	0	0.5	300	0.1
79	0.0705409438880001	0.15510170825	0	0.017	0.001	0.0705409438880001	0.15510170825	NoCorrection	1000	A49	C1	1000	1000	0	0.5	300	0.1
80	0.0281770039942501	0.0503815365499999	0	0.288	0.246	0.0281770039942501	0.0503815365499999	ID	1000	A49	C1	1000	1000	0	0.5	300	0.1
81	-0.023215010545	-0.00195155899999995	0	0.435	0.978	-0.023215010545	-0.00195155899999995	1	10000	A49	C1	1000	1000	0	0.5	300	0
82	-0.0158759480005	0.0325440475	0	0.599	0.669	-0.0158759480005	0.0325440475	FGr	10000	A49	C1	1000	1000	0	0.5	300	0
83	-0.0332294363045	-0.0395236255000001	0	0.251	0.573	-0.0332294363045	-0.0395236255000001	NoCorrection	10000	A49	C1	1000	1000	0	0.5	300	0
84	-0.023622402492	-0.002285952	0	0.457	0.978	-0.023622402492	-0.002285952	ID	10000	A49	C1	1000	1000	0	0.5	300	0
85	0.0297993478651001	-0.0561288844999999	0	0.33	0.438	0.0297993478651001	-0.0561288844999999	1	10000	A49	C1	1000	1000	0	0.5	300	0.01
86	0.0368045938550001	-0.0119307935000005	0	0.222	0.873	0.0368045938550001	-0.0119307935000005	FGr	10000	A49	C1	1000	1000	0	0.5	300	0.01
87	0.0561046449710001	0.0756505650000003	0	0.072	0.3	0.0561046449710001	0.0756505650000003	NoCorrection	10000	A49	C1	1000	1000	0	0.5	300	0.01
88	0.026879082215	-0.0808333903000001	0	0.355	0.271	0.026879082215	-0.0808333903000001	ID	10000	A49	C1	1000	1000	0	0.5	300	0.01
89	0.00111108493600015	0.0200368062	0	0.961	0.747	0.00111108493600015	0.0200368062	1	10000	A49	C1	1000	1000	0	0.5	300	0.03
90	0.00151194201750001	0.02249170435	0	0.958	0.744	0.00151194201750001	0.02249170435	FGr	10000	A49	C1	1000	1000	0	0.5	300	0.03
91	0.0559898217000001	0.26093815745	0	0.047	0	0.0559898217000001	0.26093815745	NoCorrection	10000	A49	C1	1000	1000	0	0.5	300	0.03
92	0.00227134897394993	0.0271037247	0	0.926	0.693	0.00227134897394993	0.0271037247	ID	10000	A49	C1	1000	1000	0	0.5	300	0.03
93	0.00665648368205023	0.0707959055	0	0.796	0.31	0.00665648368205023	0.0707959055	1	10000	A49	C1	1000	1000	0	0.5	300	0.1
94	0.00504559107700001	0.0511680500000002	0	0.826	0.493	0.00504559107700001	0.0511680500000002	FGr	10000	A49	C1	1000	1000	0	0.5	300	0.1
95	0.0334817496425	0.1404331025	0	0.219	0.05	0.0334817496425	0.1404331025	NoCorrection	10000	A49	C1	1000	1000	0	0.5	300	0.1
96	0.00382089003499975	0.0503682134999996	0	0.911	0.516	0.00382089003499975	0.0503682134999996	ID	10000	A49	C1	1000	1000	0	0.5	300	0.1
97	0.00419271115624904	0.00419271115624917	0	0.856	0.875	0.00419271115624904	0.00419271115624917	1	300	A49	C1	1000	10000	0	0.5	300	0
98	0.00137534043880013	0.00137534043880011	0	0.954	0.961	0.00137534043880013	0.00137534043880011	FGr	300	A49	C1	1000	10000	0	0.5	300	0
99	-0.00301599629859988	-0.00301599629859991	0	0.916	0.89	-0.00301599629859988	-0.00301599629859991	NoCorrection	300	A49	C1	1000	10000	0	0.5	300	0
100	-0.00169557012531994	-0.00169557012531999	0	0.943	0.953	-0.00169557012531994	-0.00169557012531999	ID	300	A49	C1	1000	10000	0	0.5	300	0
101	-0.00297584529920049	-0.00297584529920049	0	0.913	0.889	-0.00297584529920049	-0.00297584529920049	1	300	A49	C1	1000	10000	0	0.5	300	0.01
102	-0.0481404969217499	-0.0481404969217499	0	0.034	0.053	-0.0481404969217499	-0.0481404969217499	FGr	300	A49	C1	1000	10000	0	0.5	300	0.01
103	-0.0401676624303997	-0.0401676624303997	0	0.099	0.09	-0.0401676624303997	-0.0401676624303997	NoCorrection	300	A49	C1	1000	10000	0	0.5	300	0.01
104	-0.0286106846475001	-0.0286106846475001	0	0.241	0.257	-0.0286106846475001	-0.0286106846475001	ID	300	A49	C1	1000	10000	0	0.5	300	0.01
105	-0.00831203539475009	-0.0083120353947501	0	0.756	0.732	-0.00831203539475009	-0.0083120353947501	1	300	A49	C1	1000	10000	0	0.5	300	0.03
106	0.00608700910730014	0.00608700910730011	0	0.809	0.805	0.00608700910730014	0.00608700910730011	FGr	300	A49	C1	1000	10000	0	0.5	300	0.03
107	-0.0158146775546496	-0.0158146775546496	0	0.459	0.488	-0.0158146775546496	-0.0158146775546496	NoCorrection	300	A49	C1	1000	10000	0	0.5	300	0.03
108	-0.0128361343659205	-0.0128361343659205	0	0.583	0.583	-0.0128361343659205	-0.0128361343659205	ID	300	A49	C1	1000	10000	0	0.5	300	0.03
109	0.0122919584848649	0.0122919584848649	0	0.623	0.651	0.0122919584848649	0.0122919584848649	1	300	A49	C1	1000	10000	0	0.5	300	0.1
110	0.0228739165726002	0.0228739165726002	0	0.381	0.378	0.0228739165726002	0.0228739165726002	FGr	300	A49	C1	1000	10000	0	0.5	300	0.1
111	0.0303132543315504	0.0303132543315504	0	0.255	0.254	0.0303132543315504	0.0303132543315504	NoCorrection	300	A49	C1	1000	10000	0	0.5	300	0.1
112	0.0047575708044499	0.00475757080444989	0	0.869	0.873	0.0047575708044499	0.00475757080444989	ID	300	A49	C1	1000	10000	0	0.5	300	0.1
113	0.0023702373885994	0.0228689392849993	0	0.911	0.596	0.0023702373885994	0.0228689392849993	1	1000	A49	C1	1000	10000	0	0.5	300	0
114	0.00501012607254967	0.0275669233100004	0	0.829	0.518	0.00501012607254967	0.0275669233100004	FGr	1000	A49	C1	1000	10000	0	0.5	300	0
115	0.0333135661506997	0.0923675591350003	0	0.214	0.022	0.0333135661506997	0.0923675591350003	NoCorrection	1000	A49	C1	1000	10000	0	0.5	300	0
116	0.000930388104900938	0.0175166932399997	0	0.974	0.681	0.000930388104900938	0.0175166932399997	ID	1000	A49	C1	1000	10000	0	0.5	300	0
117	0.0222962410598999	0.00599830314500003	0	0.412	0.902	0.0222962410598999	0.00599830314500003	1	1000	A49	C1	1000	10000	0	0.5	300	0.01
118	0.0495703550879602	0.0773389959700001	0	0.073	0.069	0.0495703550879602	0.0773389959700001	FGr	1000	A49	C1	1000	10000	0	0.5	300	0.01
119	0.0421605981396	0.0608191444850002	0	0.131	0.154	0.0421605981396	0.0608191444850002	NoCorrection	1000	A49	C1	1000	10000	0	0.5	300	0.01
120	0.0303458519905003	0.03037666995	0	0.265	0.48	0.0303458519905003	0.03037666995	ID	1000	A49	C1	1000	10000	0	0.5	300	0.01
121	-0.0359891319105001	0.0302681935099997	0	0.172	0.466	-0.0359891319105001	0.0302681935099997	1	1000	A49	C1	1000	10000	0	0.5	300	0.03
122	-0.01213573815335	0.0979905118850002	0	0.627	0.02	-0.01213573815335	0.0979905118850002	FGr	1000	A49	C1	1000	10000	0	0.5	300	0.03
123	0.0148995854925999	0.16291047541	0	0.56	0	0.0148995854925999	0.16291047541	NoCorrection	1000	A49	C1	1000	10000	0	0.5	300	0.03
124	-0.0428438044980001	0.015821173815	0	0.119	0.701	-0.0428438044980001	0.015821173815	ID	1000	A49	C1	1000	10000	0	0.5	300	0.03
125	-0.00679567518790003	0.0208156412350002	0	0.792	0.595	-0.00679567518790003	0.0208156412350002	1	1000	A49	C1	1000	10000	0	0.5	300	0.1
126	-0.00901589739619998	0.02399199573	0	0.721	0.585	-0.00901589739619998	0.02399199573	FGr	1000	A49	C1	1000	10000	0	0.5	300	0.1
127	0.0414051274600001	0.143197568824999	0	0.111	0	0.0414051274600001	0.143197568824999	NoCorrection	1000	A49	C1	1000	10000	0	0.5	300	0.1
128	-0.0116230655976449	0.01210248234	0	0.641	0.777	-0.0116230655976449	0.01210248234	ID	1000	A49	C1	1000	10000	0	0.5	300	0.1
129	0.00746240085150001	0.0745083733199999	0	0.759	0.295	0.00746240085150001	0.0745083733199999	1	10000	A49	C1	1000	10000	0	0.5	300	0
130	0.0134007240757	0.11583399095	0	0.537	0.087	0.0134007240757	0.11583399095	FGr	10000	A49	C1	1000	10000	0	0.5	300	0
131	0.013531667840981	0.12541077686	0	0.547	0.065	0.013531667840981	0.12541077686	NoCorrection	10000	A49	C1	1000	10000	0	0.5	300	0
132	0.0089827400157	0.08162391857	0	0.687	0.233	0.0089827400157	0.08162391857	ID	10000	A49	C1	1000	10000	0	0.5	300	0
133	0.0102409634086999	0.0246232515900002	0	0.678	0.713	0.0102409634086999	0.0246232515900002	1	10000	A49	C1	1000	10000	0	0.5	300	0.01
134	0.0118669224924001	0.0268681065699999	0	0.606	0.698	0.0118669224924001	0.0268681065699999	FGr	10000	A49	C1	1000	10000	0	0.5	300	0.01
135	0.0554219244771014	0.36226824705	0	0.019	0	0.0554219244771014	0.36226824705	NoCorrection	10000	A49	C1	1000	10000	0	0.5	300	0.01
136	0.0126672315059998	0.0351935252500004	0	0.605	0.603	0.0126672315059998	0.0351935252500004	ID	10000	A49	C1	1000	10000	0	0.5	300	0.01
137	0.0380608183860504	0.0390688141749998	0	0.111	0.555	0.0380608183860504	0.0390688141749998	1	10000	A49	C1	1000	10000	0	0.5	300	0.03
138	0.0413469024165505	0.0335571570149998	0	0.076	0.629	0.0413469024165505	0.0335571570149998	FGr	10000	A49	C1	1000	10000	0	0.5	300	0.03
139	0.04230929201445	0.0567128468249999	0	0.058	0.408	0.04230929201445	0.0567128468249999	NoCorrection	10000	A49	C1	1000	10000	0	0.5	300	0.03
140	0.0376304947337998	0.0333894005699995	0	0.113	0.636	0.0376304947337998	0.0333894005699995	ID	10000	A49	C1	1000	10000	0	0.5	300	0.03
141	-0.0112509856611999	0.00898840647999895	0	0.652	0.904	-0.0112509856611999	0.00898840647999895	1	10000	A49	C1	1000	10000	0	0.5	300	0.1
142	-0.00582692025930997	0.0229739168800006	0	0.787	0.728	-0.00582692025930997	0.0229739168800006	FGr	10000	A49	C1	1000	10000	0	0.5	300	0.1
143	0.0629194313211001	0.591095083500001	0	0.011	0	0.0629194313211001	0.591095083500001	NoCorrection	10000	A49	C1	1000	10000	0	0.5	300	0.1
144	-0.00841941733143401	0.0462663688100002	0	0.735	0.502	-0.00841941733143401	0.0462663688100002	ID	10000	A49	C1	1000	10000	0	0.5	300	0.1
145	0.002557100719	0.002557100719	0	0.842	0.823	0.002557100719	0.002557100719	1	300	A49	C1	10000	100	0	0.5	300	0
146	0.00628150866	0.00628150866000001	0	0.607	0.58	0.00628150866	0.00628150866000001	FGr	300	A49	C1	10000	100	0	0.5	300	0
147	0.001641280357	0.001641280357	0	0.9	0.876	0.001641280357	0.001641280357	NoCorrection	300	A49	C1	10000	100	0	0.5	300	0
148	0.002160231317	0.002160231317	0	0.842	0.85	0.002160231317	0.002160231317	ID	300	A49	C1	10000	100	0	0.5	300	0
149	-0.007792046115	-0.007792046115	0	0.544	0.513	-0.007792046115	-0.007792046115	1	300	A49	C1	10000	100	0	0.5	300	0.01
150	-0.00469446134	-0.00469446134	0	0.727	0.709	-0.00469446134	-0.00469446134	FGr	300	A49	C1	10000	100	0	0.5	300	0.01
151	-0.00566627244400001	-0.005666272444	0	0.64	0.652	-0.00566627244400001	-0.005666272444	NoCorrection	300	A49	C1	10000	100	0	0.5	300	0.01
152	0.000476690674999994	0.000476690675	0	0.96	0.968	0.000476690674999994	0.000476690675	ID	300	A49	C1	10000	100	0	0.5	300	0.01
153	0.00879557318300002	0.00879557318299998	0	0.472	0.467	0.00879557318300002	0.00879557318299998	1	300	A49	C1	10000	100	0	0.5	300	0.03
154	0.013872919045	0.013872919045	0	0.273	0.273	0.013872919045	0.013872919045	FGr	300	A49	C1	10000	100	0	0.5	300	0.03
155	0.013038633445	0.013038633445	0	0.254	0.277	0.013038633445	0.013038633445	NoCorrection	300	A49	C1	10000	100	0	0.5	300	0.03
156	0.011742452745	0.011742452745	0	0.339	0.351	0.011742452745	0.011742452745	ID	300	A49	C1	10000	100	0	0.5	300	0.03
157	-0.0114091343825	-0.0114091343825	0	0.275	0.3	-0.0114091343825	-0.0114091343825	1	300	A49	C1	10000	100	0	0.5	300	0.1
158	0.0129000561375	0.0129000561375	0	0.284	0.292	0.0129000561375	0.0129000561375	FGr	300	A49	C1	10000	100	0	0.5	300	0.1
159	0.0257193891	0.0257193891	0	0.045	0.043	0.0257193891	0.0257193891	NoCorrection	300	A49	C1	10000	100	0	0.5	300	0.1
160	-0.01776863417	-0.01776863417	0	0.121	0.117	-0.01776863417	-0.01776863417	ID	300	A49	C1	10000	100	0	0.5	300	0.1
161	-0.000428602767	-0.03339831	0	0.976	0.12	-0.000428602767	-0.03339831	1	1000	A49	C1	10000	100	0	0.5	300	0
162	0.000707002697500008	-0.030290538	0	0.958	0.178	0.000707002697500008	-0.030290538	FGr	1000	A49	C1	10000	100	0	0.5	300	0
163	-0.003860677398	-0.0439187275	0	0.74	0.047	-0.003860677398	-0.0439187275	NoCorrection	1000	A49	C1	10000	100	0	0.5	300	0
164	0.0004805390545	-0.0295849955	0	0.961	0.178	0.0004805390545	-0.0295849955	ID	1000	A49	C1	10000	100	0	0.5	300	0
165	-0.01764150814	-0.008502568	0	0.178	0.689	-0.01764150814	-0.008502568	1	1000	A49	C1	10000	100	0	0.5	300	0.01
166	-0.013590729905	0.00156002899999996	0	0.284	0.952	-0.013590729905	0.00156002899999996	FGr	1000	A49	C1	10000	100	0	0.5	300	0.01
167	-0.00644063826799999	0.019735088	0	0.646	0.339	-0.00644063826799999	0.019735088	NoCorrection	1000	A49	C1	10000	100	0	0.5	300	0.01
168	-0.015513944279	-0.00361695350000001	0	0.224	0.867	-0.015513944279	-0.00361695350000001	ID	1000	A49	C1	10000	100	0	0.5	300	0.01
169	0.00979122025649999	0.0178754405	0	0.404	0.349	0.00979122025649999	0.0178754405	1	1000	A49	C1	10000	100	0	0.5	300	0.03
170	0.0172788071975	0.0330884045	0	0.131	0.093	0.0172788071975	0.0330884045	FGr	1000	A49	C1	10000	100	0	0.5	300	0.03
171	0.023623473691	0.047352587	0	0.044	0.008	0.023623473691	0.047352587	NoCorrection	1000	A49	C1	10000	100	0	0.5	300	0.03
172	0.0097017630275	0.0178750235	0	0.395	0.341	0.0097017630275	0.0178750235	ID	1000	A49	C1	10000	100	0	0.5	300	0.03
173	-0.002020850212	-0.00929975649999999	0	0.862	0.614	-0.002020850212	-0.00929975649999999	1	1000	A49	C1	10000	100	0	0.5	300	0.1
174	0.0113047684895	0.03500117	0	0.328	0.059	0.0113047684895	0.03500117	FGr	1000	A49	C1	10000	100	0	0.5	300	0.1
175	0.024633606603	0.0884072385	0	0.042	0	0.024633606603	0.0884072385	NoCorrection	1000	A49	C1	10000	100	0	0.5	300	0.1
176	-0.000524548509999999	-0.0088325755	0	0.969	0.637	-0.000524548509999999	-0.0088325755	ID	1000	A49	C1	10000	100	0	0.5	300	0.1
177	-0.022376620325	0.049467085	0	0.061	0.11	-0.022376620325	0.049467085	1	10000	A49	C1	10000	100	0	0.5	300	0
178	-0.020838488295	0.075628098	0	0.086	0.014	-0.020838488295	0.075628098	FGr	10000	A49	C1	10000	100	0	0.5	300	0
179	-0.02632972064	0.011880205	0	0.04	0.706	-0.02632972064	0.011880205	NoCorrection	10000	A49	C1	10000	100	0	0.5	300	0
180	-0.02184474775	0.0542059085	0	0.07	0.078	-0.02184474775	0.0542059085	ID	10000	A49	C1	10000	100	0	0.5	300	0
181	-0.00607731122000002	0.029006752	0	0.594	0.34	-0.00607731122000002	0.029006752	1	10000	A49	C1	10000	100	0	0.5	300	0.01
182	-0.004963654766	0.0386428755	0	0.657	0.239	-0.004963654766	0.0386428755	FGr	10000	A49	C1	10000	100	0	0.5	300	0.01
183	-0.01268395639	0.00365077249999996	0	0.268	0.909	-0.01268395639	0.00365077249999996	NoCorrection	10000	A49	C1	10000	100	0	0.5	300	0.01
184	-0.00528109242400003	0.0383534464999999	0	0.665	0.225	-0.00528109242400003	0.0383534464999999	ID	10000	A49	C1	10000	100	0	0.5	300	0.01
185	-0.010128995759	-0.0052499030000001	0	0.352	0.878	-0.010128995759	-0.0052499030000001	1	10000	A49	C1	10000	100	0	0.5	300	0.03
186	-0.007732929404	0.00576221450000001	0	0.51	0.863	-0.007732929404	0.00576221450000001	FGr	10000	A49	C1	10000	100	0	0.5	300	0.03
187	0.00110620772799999	0.0678348205	0	0.936	0.021	0.00110620772799999	0.0678348205	NoCorrection	10000	A49	C1	10000	100	0	0.5	300	0.03
188	-0.00964727353884999	-0.00143434550000007	0	0.397	0.951	-0.00964727353884999	-0.00143434550000007	ID	10000	A49	C1	10000	100	0	0.5	300	0.03
189	-0.010743769764	-0.013350321	0	0.442	0.657	-0.010743769764	-0.013350321	1	10000	A49	C1	10000	100	0	0.5	300	0.1
190	-0.011237409895	-0.019370561	0	0.415	0.578	-0.011237409895	-0.019370561	FGr	10000	A49	C1	10000	100	0	0.5	300	0.1
191	0.020204301402	0.2104764135	0	0.159	0	0.020204301402	0.2104764135	NoCorrection	10000	A49	C1	10000	100	0	0.5	300	0.1
192	-0.011370730745	-0.018718951	0	0.387	0.559	-0.011370730745	-0.018718951	ID	10000	A49	C1	10000	100	0	0.5	300	0.1
193	0.0010369660719999	0.0010369660719999	0	0.917	0.905	0.0010369660719999	0.0010369660719999	1	300	A49	C1	10000	1000	0	0.5	300	0
194	0.00752262759299997	0.00752262759299999	0	0.409	0.411	0.00752262759299997	0.00752262759299999	FGr	300	A49	C1	10000	1000	0	0.5	300	0
195	0.010725647593	0.010725647593	0	0.242	0.259	0.010725647593	0.010725647593	NoCorrection	300	A49	C1	10000	1000	0	0.5	300	0
196	0.00433991848199998	0.00433991848199995	0	0.657	0.635	0.00433991848199998	0.00433991848199995	ID	300	A49	C1	10000	1000	0	0.5	300	0
197	-0.0070547517658	-0.00705475176579999	0	0.422	0.43	-0.0070547517658	-0.00705475176579999	1	300	A49	C1	10000	1000	0	0.5	300	0.01
198	-0.0054024241275	-0.0054024241275	0	0.56	0.525	-0.0054024241275	-0.0054024241275	FGr	300	A49	C1	10000	1000	0	0.5	300	0.01
199	-0.004729974669	-0.00472997466899999	0	0.596	0.599	-0.004729974669	-0.00472997466899999	NoCorrection	300	A49	C1	10000	1000	0	0.5	300	0.01
200	-0.0050912346311	-0.0050912346311	0	0.567	0.566	-0.0050912346311	-0.0050912346311	ID	300	A49	C1	10000	1000	0	0.5	300	0.01
201	-0.0186639845060001	-0.0186639845060001	0	0.03	0.038	-0.0186639845060001	-0.0186639845060001	1	300	A49	C1	10000	1000	0	0.5	300	0.03
202	-0.0095906987203999	-0.00959069872039992	0	0.238	0.26	-0.0095906987203999	-0.00959069872039992	FGr	300	A49	C1	10000	1000	0	0.5	300	0.03
203	-0.0144405323582999	-0.0144405323582999	0	0.08	0.078	-0.0144405323582999	-0.0144405323582999	NoCorrection	300	A49	C1	10000	1000	0	0.5	300	0.03
204	-0.017150123211	-0.017150123211	0	0.05	0.046	-0.017150123211	-0.017150123211	ID	300	A49	C1	10000	1000	0	0.5	300	0.03
205	-0.00577171104705001	-0.00577171104705	0	0.497	0.483	-0.00577171104705001	-0.00577171104705	1	300	A49	C1	10000	1000	0	0.5	300	0.1
206	0.0121524821165	0.0121524821165	0	0.175	0.176	0.0121524821165	0.0121524821165	FGr	300	A49	C1	10000	1000	0	0.5	300	0.1
207	0.0253561753955	0.0253561753955	0	0.007	0.009	0.0253561753955	0.0253561753955	NoCorrection	300	A49	C1	10000	1000	0	0.5	300	0.1
208	-0.00746694942810002	-0.00746694942810001	0	0.381	0.361	-0.00746694942810002	-0.00746694942810001	ID	300	A49	C1	10000	1000	0	0.5	300	0.1
209	0.00116205043100001	-0.00789961825	0	0.901	0.571	0.00116205043100001	-0.00789961825	1	1000	A49	C1	10000	1000	0	0.5	300	0
210	-0.002951167855	-0.0166855203	0	0.731	0.209	-0.002951167855	-0.0166855203	FGr	1000	A49	C1	10000	1000	0	0.5	300	0
211	-0.00312676130814999	-0.01662138425	0	0.732	0.202	-0.00312676130814999	-0.01662138425	NoCorrection	1000	A49	C1	10000	1000	0	0.5	300	0
212	-0.000946932329499999	-0.01212582535	0	0.912	0.355	-0.000946932329499999	-0.01212582535	ID	1000	A49	C1	10000	1000	0	0.5	300	0
213	-0.0026468027476	0.00747536519999997	0	0.782	0.637	-0.0026468027476	0.00747536519999997	1	1000	A49	C1	10000	1000	0	0.5	300	0.01
214	-0.00179264155195998	0.00886882540000001	0	0.869	0.571	-0.00179264155195998	0.00886882540000001	FGr	1000	A49	C1	10000	1000	0	0.5	300	0.01
215	-0.005554377885	-0.00385894485000002	0	0.578	0.789	-0.005554377885	-0.00385894485000002	NoCorrection	1000	A49	C1	10000	1000	0	0.5	300	0.01
216	0.00163825888639999	0.018956009	0	0.867	0.227	0.00163825888639999	0.018956009	ID	1000	A49	C1	10000	1000	0	0.5	300	0.01
217	0.014913266025	-0.00594013634999998	0	0.099	0.665	0.014913266025	-0.00594013634999998	1	1000	A49	C1	10000	1000	0	0.5	300	0.03
218	0.02000954213097	0.00794621904999998	0	0.018	0.559	0.02000954213097	0.00794621904999998	FGr	1000	A49	C1	10000	1000	0	0.5	300	0.03
219	0.027628372470825	0.02823874475	0	0	0.037	0.027628372470825	0.02823874475	NoCorrection	1000	A49	C1	10000	1000	0	0.5	300	0.03
220	0.01771304528755	0.000754355199999981	0	0.027	0.963	0.01771304528755	0.000754355199999981	ID	1000	A49	C1	10000	1000	0	0.5	300	0.03
221	0.01286284487045	2.74000000003749e-06	0	0.141	0.999	0.01286284487045	2.74000000003749e-06	1	1000	A49	C1	10000	1000	0	0.5	300	0.1
222	0.0205900481055	0.0221710678499999	0	0.022	0.117	0.0205900481055	0.0221710678499999	FGr	1000	A49	C1	10000	1000	0	0.5	300	0.1
223	0.04493507064168	0.0863125678	0	0	0	0.04493507064168	0.0863125678	NoCorrection	1000	A49	C1	10000	1000	0	0.5	300	0.1
224	0.016120260482	0.00846133450000001	0	0.075	0.602	0.016120260482	0.00846133450000001	ID	1000	A49	C1	10000	1000	0	0.5	300	0.1
225	-0.00493375179389999	0.02365438325	0	0.658	0.336	-0.00493375179389999	0.02365438325	1	10000	A49	C1	10000	1000	0	0.5	300	0
226	-0.007171563539	0.00112751605000007	0	0.516	0.976	-0.007171563539	0.00112751605000007	FGr	10000	A49	C1	10000	1000	0	0.5	300	0
227	-0.01108776399215	-0.03536624955	0	0.289	0.142	-0.01108776399215	-0.03536624955	NoCorrection	10000	A49	C1	10000	1000	0	0.5	300	0
228	-0.00656490801200002	0.00526160240000003	0	0.538	0.794	-0.00656490801200002	0.00526160240000003	ID	10000	A49	C1	10000	1000	0	0.5	300	0
229	-0.006095118193	-0.016922303	0	0.486	0.417	-0.006095118193	-0.016922303	1	10000	A49	C1	10000	1000	0	0.5	300	0.01
230	-0.00678946599649998	-0.01864089305	0	0.458	0.388	-0.00678946599649998	-0.01864089305	FGr	10000	A49	C1	10000	1000	0	0.5	300	0.01
231	-0.00349754783449997	-0.0101822512	0	0.699	0.581	-0.00349754783449997	-0.0101822512	NoCorrection	10000	A49	C1	10000	1000	0	0.5	300	0.01
232	-0.006117779095	-0.01613038555	0	0.509	0.421	-0.006117779095	-0.01613038555	ID	10000	A49	C1	10000	1000	0	0.5	300	0.01
233	-0.000225744628000015	-0.01839496245	0	0.981	0.418	-0.000225744628000015	-0.01839496245	1	10000	A49	C1	10000	1000	0	0.5	300	0.03
234	0.00139565017250001	-0.00522103729999998	0	0.879	0.823	0.00139565017250001	-0.00522103729999998	FGr	10000	A49	C1	10000	1000	0	0.5	300	0.03
235	0.0092620557493	0.0414273286	0	0.342	0.04	0.0092620557493	0.0414273286	NoCorrection	10000	A49	C1	10000	1000	0	0.5	300	0.03
236	7.86654640000153e-05	-0.0181842088	0	0.994	0.38	7.86654640000153e-05	-0.0181842088	ID	10000	A49	C1	10000	1000	0	0.5	300	0.03
237	0.0121127525134999	0.00826084420000004	0	0.147	0.68	0.0121127525134999	0.00826084420000004	1	10000	A49	C1	10000	1000	0	0.5	300	0.1
238	0.01367953699676	0.0116336808499999	0	0.101	0.55	0.01367953699676	0.0116336808499999	FGr	10000	A49	C1	10000	1000	0	0.5	300	0.1
239	0.0505184433334999	0.2020101246	0	0	0	0.0505184433334999	0.2020101246	NoCorrection	10000	A49	C1	10000	1000	0	0.5	300	0.1
240	0.01333366432645	0.01412802115	0	0.102	0.488	0.01333366432645	0.01412802115	ID	10000	A49	C1	10000	1000	0	0.5	300	0.1
241	-0.00422087404359495	-0.00422087404359498	0	0.599	0.611	-0.00422087404359495	-0.00422087404359498	1	300	A49	C1	10000	10000	0	0.5	300	0
242	-0.0104499504644999	-0.0104499504644999	0	0.185	0.191	-0.0104499504644999	-0.0104499504644999	FGr	300	A49	C1	10000	10000	0	0.5	300	0
243	-0.0152251728886	-0.0152251728886001	0	0.058	0.052	-0.0152251728886	-0.0152251728886001	NoCorrection	300	A49	C1	10000	10000	0	0.5	300	0
244	-0.00508514883929971	-0.00508514883929972	0	0.515	0.543	-0.00508514883929971	-0.00508514883929972	ID	300	A49	C1	10000	10000	0	0.5	300	0
245	0.0162399825547399	0.0162399825547399	0	0.081	0.077	0.0162399825547399	0.0162399825547399	1	300	A49	C1	10000	10000	0	0.5	300	0.01
246	0.0296712447181	0.0296712447181	0	0.002	0.002	0.0296712447181	0.0296712447181	FGr	300	A49	C1	10000	10000	0	0.5	300	0.01
247	0.03524001309373	0.03524001309373	0	0.001	0.002	0.03524001309373	0.03524001309373	NoCorrection	300	A49	C1	10000	10000	0	0.5	300	0.01
248	0.01495174787279	0.01495174787279	0	0.114	0.109	0.01495174787279	0.01495174787279	ID	300	A49	C1	10000	10000	0	0.5	300	0.01
249	-0.007511620977005	-0.007511620977005	0	0.364	0.353	-0.007511620977005	-0.007511620977005	1	300	A49	C1	10000	10000	0	0.5	300	0.03
250	0.00331528440684999	0.00331528440684999	0	0.695	0.695	0.00331528440684999	0.00331528440684999	FGr	300	A49	C1	10000	10000	0	0.5	300	0.03
251	0.0128209487357	0.0128209487357	0	0.127	0.115	0.0128209487357	0.0128209487357	NoCorrection	300	A49	C1	10000	10000	0	0.5	300	0.03
252	-0.000929364925685009	-0.000929364925685013	0	0.905	0.91	-0.000929364925685009	-0.000929364925685013	ID	300	A49	C1	10000	10000	0	0.5	300	0.03
253	-0.000810242540100001	-0.000810242540099997	0	0.923	0.92	-0.000810242540100001	-0.000810242540099997	1	300	A49	C1	10000	10000	0	0.5	300	0.1
254	0.0177280923319998	0.0177280923319998	0	0.041	0.045	0.0177280923319998	0.0177280923319998	FGr	300	A49	C1	10000	10000	0	0.5	300	0.1
255	0.0401617905773251	0.0401617905773251	0	0	0	0.0401617905773251	0.0401617905773251	NoCorrection	300	A49	C1	10000	10000	0	0.5	300	0.1
256	-0.00326908120360002	-0.00326908120360002	0	0.717	0.69	-0.00326908120360002	-0.00326908120360002	ID	300	A49	C1	10000	10000	0	0.5	300	0.1
257	-0.0122235049295298	-0.00108423071999997	0	0.127	0.944	-0.0122235049295298	-0.00108423071999997	1	1000	A49	C1	10000	10000	0	0.5	300	0
258	-0.0140230297806049	-0.00716252481999996	0	0.073	0.606	-0.0140230297806049	-0.00716252481999996	FGr	1000	A49	C1	10000	10000	0	0.5	300	0
259	-0.0220198444766949	-0.02956630305	0	0.01	0.024	-0.0220198444766949	-0.02956630305	NoCorrection	1000	A49	C1	10000	10000	0	0.5	300	0
260	-0.0111890580317999	0.00363486436500006	0	0.163	0.796	-0.0111890580317999	0.00363486436500006	ID	1000	A49	C1	10000	10000	0	0.5	300	0
261	-0.003303138755175	0.00702278152499998	0	0.653	0.592	-0.003303138755175	0.00702278152499998	1	1000	A49	C1	10000	10000	0	0.5	300	0.01
262	-0.00397803267664996	0.00310386225499997	0	0.606	0.799	-0.00397803267664996	0.00310386225499997	FGr	1000	A49	C1	10000	10000	0	0.5	300	0.01
263	-0.002502608892742	0.00852145997499992	0	0.742	0.495	-0.002502608892742	0.00852145997499992	NoCorrection	1000	A49	C1	10000	10000	0	0.5	300	0.01
264	-0.00209992260777002	0.00975323146000003	0	0.761	0.429	-0.00209992260777002	0.00975323146000003	ID	1000	A49	C1	10000	10000	0	0.5	300	0.01
265	-0.011711018759988	-0.01310385472	0	0.162	0.361	-0.011711018759988	-0.01310385472	1	1000	A49	C1	10000	10000	0	0.5	300	0.03
266	-0.01692918938165	-0.0271525475949999	0	0.058	0.061	-0.01692918938165	-0.0271525475949999	FGr	1000	A49	C1	10000	10000	0	0.5	300	0.03
267	-0.00626408972909995	0.000329020655000089	0	0.476	0.985	-0.00626408972909995	0.000329020655000089	NoCorrection	1000	A49	C1	10000	10000	0	0.5	300	0.03
268	-0.014961149660415	-0.020591643325	0	0.087	0.156	-0.014961149660415	-0.020591643325	ID	1000	A49	C1	10000	10000	0	0.5	300	0.03
269	0.0090611771059001	-0.0124137402649999	0	0.275	0.368	0.0090611771059001	-0.0124137402649999	1	1000	A49	C1	10000	10000	0	0.5	300	0.1
270	0.0264746901097501	0.0437449133049999	0	0.003	0	0.0264746901097501	0.0437449133049999	FGr	1000	A49	C1	10000	10000	0	0.5	300	0.1
271	0.0434212851054002	0.0990824440549996	0	0	0	0.0434212851054002	0.0990824440549996	NoCorrection	1000	A49	C1	10000	10000	0	0.5	300	0.1
272	0.0100617906954001	-0.0101364805	0	0.185	0.472	0.0100617906954001	-0.0101364805	ID	1000	A49	C1	10000	10000	0	0.5	300	0.1
273	-0.00947577308294995	0.00282971221999984	0	0.292	0.887	-0.00947577308294995	0.00282971221999984	1	10000	A49	C1	10000	10000	0	0.5	300	0
274	-0.00943453888214997	0.00283971022499996	0	0.277	0.892	-0.00943453888214997	0.00283971022499996	FGr	10000	A49	C1	10000	10000	0	0.5	300	0
275	-0.00467488842339001	0.023697161085	0	0.601	0.23	-0.00467488842339001	0.023697161085	NoCorrection	10000	A49	C1	10000	10000	0	0.5	300	0
276	-0.00845557911079998	0.00682777560499971	0	0.34	0.735	-0.00845557911079998	0.00682777560499971	ID	10000	A49	C1	10000	10000	0	0.5	300	0
277	-0.00249993586170001	-0.0470278776950003	0	0.804	0.025	-0.00249993586170001	-0.0470278776950003	1	10000	A49	C1	10000	10000	0	0.5	300	0.01
278	-0.00315526487099997	-0.0505014342299997	0	0.751	0.012	-0.00315526487099997	-0.0505014342299997	FGr	10000	A49	C1	10000	10000	0	0.5	300	0.01
279	0.00265687440582006	-0.0144398733099998	0	0.78	0.474	0.00265687440582006	-0.0144398733099998	NoCorrection	10000	A49	C1	10000	10000	0	0.5	300	0.01
280	-0.00249487645780001	-0.0470115410199999	0	0.784	0.024	-0.00249487645780001	-0.0470115410199999	ID	10000	A49	C1	10000	10000	0	0.5	300	0.01
281	-0.01130990316661	-0.01865800963	0	0.219	0.399	-0.01130990316661	-0.01865800963	1	10000	A49	C1	10000	10000	0	0.5	300	0.03
282	-0.0133399157263999	-0.0335593035649999	0	0.193	0.097	-0.0133399157263999	-0.0335593035649999	FGr	10000	A49	C1	10000	10000	0	0.5	300	0.03
283	-0.00185684769684977	0.0457531547949989	0	0.852	0.042	-0.00185684769684977	0.0457531547949989	NoCorrection	10000	A49	C1	10000	10000	0	0.5	300	0.03
284	-0.0114964048836401	-0.0222845452600002	0	0.246	0.292	-0.0114964048836401	-0.0222845452600002	ID	10000	A49	C1	10000	10000	0	0.5	300	0.03
285	-0.000973839944025209	-0.0148022475300003	0	0.883	0.469	-0.000973839944025209	-0.0148022475300003	1	10000	A49	C1	10000	10000	0	0.5	300	0.1
286	0.00305333781940004	0.0128870197349998	0	0.707	0.542	0.00305333781940004	0.0128870197349998	FGr	10000	A49	C1	10000	10000	0	0.5	300	0.1
287	0.0430052853773502	0.22979857505	0	0	0	0.0430052853773502	0.22979857505	NoCorrection	10000	A49	C1	10000	10000	0	0.5	300	0.1
288	-0.00158388882515012	-0.0139269698149997	0	0.836	0.491	-0.00158388882515012	-0.0139269698149997	ID	10000	A49	C1	10000	10000	0	0.5	300	0.1
289	-0.042165470215	-0.042165470215	0	0.232	0.229	-0.042165470215	-0.042165470215	1	300	A49	C2	1000	100	0	0.5	300	0
290	-0.04541821653	-0.04541821653	0	0.173	0.2	-0.04541821653	-0.04541821653	FGr	300	A49	C2	1000	100	0	0.5	300	0
291	-0.045340569089	-0.045340569089	0	0.178	0.175	-0.045340569089	-0.045340569089	NoCorrection	300	A49	C2	1000	100	0	0.5	300	0
292	-0.045868356214	-0.045868356214	0	0.17	0.199	-0.045868356214	-0.045868356214	ID	300	A49	C2	1000	100	0	0.5	300	0
293	0.032006351245	0.032006351245	0	0.367	0.358	0.032006351245	0.032006351245	1	300	A49	C2	1000	100	0	0.5	300	0.01
294	0.03569235548	0.03569235548	0	0.314	0.333	0.03569235548	0.03569235548	FGr	300	A49	C2	1000	100	0	0.5	300	0.01
295	0.03577272935	0.0357727293500001	0	0.298	0.297	0.03577272935	0.0357727293500001	NoCorrection	300	A49	C2	1000	100	0	0.5	300	0.01
296	0.03463017154	0.0346301715400001	0	0.343	0.32	0.03463017154	0.0346301715400001	ID	300	A49	C2	1000	100	0	0.5	300	0.01
297	0.031978110075	0.031978110075	0	0.346	0.336	0.031978110075	0.031978110075	1	300	A49	C2	1000	100	0	0.5	300	0.03
298	0.0369825626500001	0.03698256265	0	0.278	0.307	0.0369825626500001	0.03698256265	FGr	300	A49	C2	1000	100	0	0.5	300	0.03
299	0.03688603433	0.03688603433	0	0.289	0.275	0.03688603433	0.03688603433	NoCorrection	300	A49	C2	1000	100	0	0.5	300	0.03
300	0.035119134474	0.0351191344740001	0	0.311	0.327	0.035119134474	0.0351191344740001	ID	300	A49	C2	1000	100	0	0.5	300	0.03
301	0.043246828444	0.043246828444	0	0.182	0.199	0.043246828444	0.043246828444	1	300	A49	C2	1000	100	0	0.5	300	0.1
302	0.0478082361475	0.0478082361475	0	0.158	0.133	0.0478082361475	0.0478082361475	FGr	300	A49	C2	1000	100	0	0.5	300	0.1
303	0.0479534584285	0.0479534584285	0	0.152	0.137	0.0479534584285	0.0479534584285	NoCorrection	300	A49	C2	1000	100	0	0.5	300	0.1
304	0.04488976613	0.04488976613	0	0.187	0.174	0.04488976613	0.04488976613	ID	300	A49	C2	1000	100	0	0.5	300	0.1
305	-0.01051923557	-0.000264962499999969	0	0.867	0.997	-0.01051923557	-0.000264962499999969	1	1000	A49	C2	1000	100	0	0.5	300	0
306	-0.01092652932	-0.014373633	0	0.85	0.83	-0.01092652932	-0.014373633	FGr	1000	A49	C2	1000	100	0	0.5	300	0
307	-0.0115553716	-0.0168670755	0	0.851	0.805	-0.0115553716	-0.0168670755	NoCorrection	1000	A49	C2	1000	100	0	0.5	300	0
308	-0.009688543455	-0.0011145575	0	0.858	0.99	-0.009688543455	-0.0011145575	ID	1000	A49	C2	1000	100	0	0.5	300	0
309	-0.01626723526	-0.00250182799999997	0	0.632	0.96	-0.01626723526	-0.00250182799999997	1	1000	A49	C2	1000	100	0	0.5	300	0.01
310	-0.0141890587	0.002261522	0	0.681	0.958	-0.0141890587	0.002261522	FGr	1000	A49	C2	1000	100	0	0.5	300	0.01
311	-0.01475268233	0.0107570185	0	0.663	0.818	-0.01475268233	0.0107570185	NoCorrection	1000	A49	C2	1000	100	0	0.5	300	0.01
312	-0.01438389071	0.016014296	0	0.674	0.775	-0.01438389071	0.016014296	ID	1000	A49	C2	1000	100	0	0.5	300	0.01
313	-0.01820972415	-0.019558368	0	0.6	0.715	-0.01820972415	-0.019558368	1	1000	A49	C2	1000	100	0	0.5	300	0.03
314	-0.0211830693155	-0.037928998	0	0.542	0.506	-0.0211830693155	-0.037928998	FGr	1000	A49	C2	1000	100	0	0.5	300	0.03
315	-0.02253550857	-0.038921187	0	0.516	0.499	-0.02253550857	-0.038921187	NoCorrection	1000	A49	C2	1000	100	0	0.5	300	0.03
316	-0.01706152158	-0.0142987445	0	0.638	0.808	-0.01706152158	-0.0142987445	ID	1000	A49	C2	1000	100	0	0.5	300	0.03
317	-0.00921156918364997	-0.0206172125	0	0.811	0.732	-0.00921156918364997	-0.0206172125	1	1000	A49	C2	1000	100	0	0.5	300	0.1
318	-0.015992134495	-0.053576909	0	0.688	0.37	-0.015992134495	-0.053576909	FGr	1000	A49	C2	1000	100	0	0.5	300	0.1
319	-0.01672365249	-0.05553736	0	0.685	0.369	-0.01672365249	-0.05553736	NoCorrection	1000	A49	C2	1000	100	0	0.5	300	0.1
320	-0.00878339152100001	-0.0217509205	0	0.809	0.705	-0.00878339152100001	-0.0217509205	ID	1000	A49	C2	1000	100	0	0.5	300	0.1
321	0.00511231083999999	-0.0530321705	0	0.887	0.608	0.00511231083999999	-0.0530321705	1	10000	A49	C2	1000	100	0	0.5	300	0
322	0.00635054658499999	0.0132318870000001	0	0.85	0.893	0.00635054658499999	0.0132318870000001	FGr	10000	A49	C2	1000	100	0	0.5	300	0
323	0.00593438790000005	0.0201886860000001	0	0.872	0.814	0.00593438790000005	0.0201886860000001	NoCorrection	10000	A49	C2	1000	100	0	0.5	300	0
324	0.00513474326500001	-0.0514890225	0	0.882	0.581	0.00513474326500001	-0.0514890225	ID	10000	A49	C2	1000	100	0	0.5	300	0
325	0.0240813102	-0.00107884200000005	0	0.468	0.992	0.0240813102	-0.00107884200000005	1	10000	A49	C2	1000	100	0	0.5	300	0.01
326	0.02387721415	0.0488051579999999	0	0.47	0.606	0.02387721415	0.0488051579999999	FGr	10000	A49	C2	1000	100	0	0.5	300	0.01
327	0.024621362855	0.046761663	0	0.48	0.635	0.024621362855	0.046761663	NoCorrection	10000	A49	C2	1000	100	0	0.5	300	0.01
328	0.023954678352	-0.00130041000000001	0	0.484	0.992	0.023954678352	-0.00130041000000001	ID	10000	A49	C2	1000	100	0	0.5	300	0.01
329	-0.0434292185240001	0.027307945	0	0.253	0.782	-0.0434292185240001	0.027307945	1	10000	A49	C2	1000	100	0	0.5	300	0.03
330	-0.0455700240999999	-0.034651365	0	0.225	0.717	-0.0455700240999999	-0.034651365	FGr	10000	A49	C2	1000	100	0	0.5	300	0.03
331	-0.0440780558500001	-0.020033	0	0.203	0.841	-0.0440780558500001	-0.020033	NoCorrection	10000	A49	C2	1000	100	0	0.5	300	0.03
332	-0.043515255195	0.019201985	0	0.226	0.854	-0.043515255195	0.019201985	ID	10000	A49	C2	1000	100	0	0.5	300	0.03
333	-0.01550800244	-0.0666490299999999	0	0.686	0.445	-0.01550800244	-0.0666490299999999	1	10000	A49	C2	1000	100	0	0.5	300	0.1
334	-0.017627970747	0.07543011	0	0.653	0.391	-0.017627970747	0.07543011	FGr	10000	A49	C2	1000	100	0	0.5	300	0.1
335	-0.01698202704	0.073303095	0	0.675	0.4	-0.01698202704	0.073303095	NoCorrection	10000	A49	C2	1000	100	0	0.5	300	0.1
336	-0.0156790514100001	-0.0337252550000001	0	0.657	0.699	-0.0156790514100001	-0.0337252550000001	ID	10000	A49	C2	1000	100	0	0.5	300	0.1
337	-0.0140143832185	-0.0140143832185	0	0.543	0.529	-0.0140143832185	-0.0140143832185	1	300	A49	C2	1000	1000	0	0.5	300	0
338	-0.011212469186	-0.011212469186	0	0.639	0.606	-0.011212469186	-0.011212469186	FGr	300	A49	C2	1000	1000	0	0.5	300	0
339	-0.0116098286815	-0.0116098286815	0	0.577	0.573	-0.0116098286815	-0.0116098286815	NoCorrection	300	A49	C2	1000	1000	0	0.5	300	0
340	-0.010940082545	-0.010940082545	0	0.632	0.632	-0.010940082545	-0.010940082545	ID	300	A49	C2	1000	1000	0	0.5	300	0
341	0.0284944546885	0.0284944546885	0	0.151	0.163	0.0284944546885	0.0284944546885	1	300	A49	C2	1000	1000	0	0.5	300	0.01
342	0.0289970185189999	0.0289970185189999	0	0.182	0.16	0.0289970185189999	0.0289970185189999	FGr	300	A49	C2	1000	1000	0	0.5	300	0.01
343	0.0293229375230001	0.029322937523	0	0.132	0.156	0.0293229375230001	0.029322937523	NoCorrection	300	A49	C2	1000	1000	0	0.5	300	0.01
344	0.029477001445	0.029477001445	0	0.145	0.14	0.029477001445	0.029477001445	ID	300	A49	C2	1000	1000	0	0.5	300	0.01
345	-0.0168899943587001	-0.0168899943587	0	0.446	0.452	-0.0168899943587001	-0.0168899943587	1	300	A49	C2	1000	1000	0	0.5	300	0.03
346	-0.0160619178124001	-0.0160619178124002	0	0.46	0.453	-0.0160619178124001	-0.0160619178124002	FGr	300	A49	C2	1000	1000	0	0.5	300	0.03
347	-0.0163220079210001	-0.0163220079210001	0	0.438	0.441	-0.0163220079210001	-0.0163220079210001	NoCorrection	300	A49	C2	1000	1000	0	0.5	300	0.03
348	-0.0159339889685	-0.0159339889685	0	0.466	0.484	-0.0159339889685	-0.0159339889685	ID	300	A49	C2	1000	1000	0	0.5	300	0.03
349	0.036533439212	0.036533439212	0	0.107	0.113	0.036533439212	0.036533439212	1	300	A49	C2	1000	1000	0	0.5	300	0.1
350	0.037934308966	0.037934308966	0	0.109	0.101	0.037934308966	0.037934308966	FGr	300	A49	C2	1000	1000	0	0.5	300	0.1
351	0.0384958703495	0.0384958703495	0	0.099	0.087	0.0384958703495	0.0384958703495	NoCorrection	300	A49	C2	1000	1000	0	0.5	300	0.1
352	0.036323045303	0.036323045303	0	0.094	0.114	0.036323045303	0.036323045303	ID	300	A49	C2	1000	1000	0	0.5	300	0.1
353	-0.0233501474673	-0.0228144025499999	0	0.358	0.526	-0.0233501474673	-0.0228144025499999	1	1000	A49	C2	1000	1000	0	0.5	300	0
354	-0.0224948587709999	-0.01962707545	0	0.389	0.586	-0.0224948587709999	-0.01962707545	FGr	1000	A49	C2	1000	1000	0	0.5	300	0
355	-0.0232201955499	-0.0227923476	0	0.364	0.505	-0.0232201955499	-0.0227923476	NoCorrection	1000	A49	C2	1000	1000	0	0.5	300	0
356	-0.024720887465	-0.0213134369499999	0	0.325	0.574	-0.024720887465	-0.0213134369499999	ID	1000	A49	C2	1000	1000	0	0.5	300	0
357	0.00469514067899991	0.00307032204999998	0	0.838	0.925	0.00469514067899991	0.00307032204999998	1	1000	A49	C2	1000	1000	0	0.5	300	0.01
358	0.00421458283000003	-0.00369792925000004	0	0.87	0.913	0.00421458283000003	-0.00369792925000004	FGr	1000	A49	C2	1000	1000	0	0.5	300	0.01
359	0.00456961899300001	-0.000378840149999908	0	0.856	0.994	0.00456961899300001	-0.000378840149999908	NoCorrection	1000	A49	C2	1000	1000	0	0.5	300	0.01
360	0.00463125490049999	0.00060072695000007	0	0.838	0.982	0.00463125490049999	0.00060072695000007	ID	1000	A49	C2	1000	1000	0	0.5	300	0.01
361	0.0128459196415	-0.00109624715000013	0	0.585	0.977	0.0128459196415	-0.00109624715000013	1	1000	A49	C2	1000	1000	0	0.5	300	0.03
362	0.011999647755	-0.0138400501499999	0	0.596	0.712	0.011999647755	-0.0138400501499999	FGr	1000	A49	C2	1000	1000	0	0.5	300	0.03
363	0.011574171204	-0.01076839035	0	0.641	0.754	0.011574171204	-0.01076839035	NoCorrection	1000	A49	C2	1000	1000	0	0.5	300	0.03
364	0.012126468583	-0.00704060544999996	0	0.614	0.838	0.012126468583	-0.00704060544999996	ID	1000	A49	C2	1000	1000	0	0.5	300	0.03
365	-0.0296057241305	-0.01778213915	0	0.206	0.599	-0.0296057241305	-0.01778213915	1	1000	A49	C2	1000	1000	0	0.5	300	0.1
366	-0.0312166768255	-0.0166512594499999	0	0.156	0.631	-0.0312166768255	-0.0166512594499999	FGr	1000	A49	C2	1000	1000	0	0.5	300	0.1
367	-0.0320257014415	-0.0187695083	0	0.152	0.573	-0.0320257014415	-0.0187695083	NoCorrection	1000	A49	C2	1000	1000	0	0.5	300	0.1
368	-0.0300514330650001	-0.02213786545	0	0.206	0.524	-0.0300514330650001	-0.02213786545	ID	1000	A49	C2	1000	1000	0	0.5	300	0.1
369	-0.0247986054685	-0.0789631463499998	0	0.254	0.096	-0.0247986054685	-0.0789631463499998	1	10000	A49	C2	1000	1000	0	0.5	300	0
370	-0.02366113034	-0.0727309527500001	0	0.287	0.173	-0.02366113034	-0.0727309527500001	FGr	10000	A49	C2	1000	1000	0	0.5	300	0
371	-0.024953637698	-0.08791883125	0	0.255	0.08	-0.024953637698	-0.08791883125	NoCorrection	10000	A49	C2	1000	1000	0	0.5	300	0
372	-0.02485046669	-0.0777985593	0	0.279	0.143	-0.02485046669	-0.0777985593	ID	10000	A49	C2	1000	1000	0	0.5	300	0
373	0.0132894160445001	-0.0108986386499999	0	0.542	0.813	0.0132894160445001	-0.0108986386499999	1	10000	A49	C2	1000	1000	0	0.5	300	0.01
374	0.0164034908824999	0.02586005905	0	0.447	0.61	0.0164034908824999	0.02586005905	FGr	10000	A49	C2	1000	1000	0	0.5	300	0.01
375	0.0133093724659999	-0.00497798345000004	0	0.552	0.931	0.0133093724659999	-0.00497798345000004	NoCorrection	10000	A49	C2	1000	1000	0	0.5	300	0.01
376	0.0132894679413001	-0.00927363524999982	0	0.563	0.859	0.0132894679413001	-0.00927363524999982	ID	10000	A49	C2	1000	1000	0	0.5	300	0.01
377	0.0182994439415	-0.1341027308	0	0.361	0.01	0.0182994439415	-0.1341027308	1	10000	A49	C2	1000	1000	0	0.5	300	0.03
378	0.0193224615085	-0.12943274295	0	0.373	0.013	0.0193224615085	-0.12943274295	FGr	10000	A49	C2	1000	1000	0	0.5	300	0.03
379	0.0183687851395	-0.1142000154	0	0.377	0.027	0.0183687851395	-0.1142000154	NoCorrection	10000	A49	C2	1000	1000	0	0.5	300	0.03
380	0.01850753272305	-0.1290957873	0	0.379	0.014	0.01850753272305	-0.1290957873	ID	10000	A49	C2	1000	1000	0	0.5	300	0.03
381	-0.02349136016	0.0752025767	0	0.213	0.18	-0.02349136016	0.0752025767	1	10000	A49	C2	1000	1000	0	0.5	300	0.1
382	-0.02506695311955	0.0902179161000003	0	0.206	0.087	-0.02506695311955	0.0902179161000003	FGr	10000	A49	C2	1000	1000	0	0.5	300	0.1
383	-0.02323456371	0.0585849825000002	0	0.216	0.282	-0.02323456371	0.0585849825000002	NoCorrection	10000	A49	C2	1000	1000	0	0.5	300	0.1
384	-0.0233594821104999	0.0756151855000001	0	0.218	0.176	-0.0233594821104999	0.0756151855000001	ID	10000	A49	C2	1000	1000	0	0.5	300	0.1
385	-0.00151864338229947	-0.00151864338229948	0	0.945	0.942	-0.00151864338229947	-0.00151864338229948	1	300	A49	C2	1000	10000	0	0.5	300	0
386	-0.00178880760243	-0.00178880760242995	0	0.928	0.932	-0.00178880760243	-0.00178880760242995	FGr	300	A49	C2	1000	10000	0	0.5	300	0
387	-0.00205914920275035	-0.00205914920275037	0	0.905	0.926	-0.00205914920275035	-0.00205914920275037	NoCorrection	300	A49	C2	1000	10000	0	0.5	300	0
388	-0.00253715181106023	-0.00253715181106019	0	0.886	0.898	-0.00253715181106023	-0.00253715181106019	ID	300	A49	C2	1000	10000	0	0.5	300	0
389	0.00541129669617017	0.00541129669617011	0	0.784	0.776	0.00541129669617017	0.00541129669617011	1	300	A49	C2	1000	10000	0	0.5	300	0.01
390	0.00900204236890066	0.00900204236890062	0	0.621	0.659	0.00900204236890066	0.00900204236890062	FGr	300	A49	C2	1000	10000	0	0.5	300	0.01
391	0.00887816115265072	0.00887816115265068	0	0.643	0.638	0.00887816115265072	0.00887816115265068	NoCorrection	300	A49	C2	1000	10000	0	0.5	300	0.01
392	0.00808968765334969	0.00808968765334967	0	0.677	0.654	0.00808968765334969	0.00808968765334967	ID	300	A49	C2	1000	10000	0	0.5	300	0.01
393	-0.0111901877309999	-0.0111901877309999	0	0.564	0.549	-0.0111901877309999	-0.0111901877309999	1	300	A49	C2	1000	10000	0	0.5	300	0.03
394	-0.00966863488255009	-0.00966863488255009	0	0.592	0.593	-0.00966863488255009	-0.00966863488255009	FGr	300	A49	C2	1000	10000	0	0.5	300	0.03
395	-0.011246374542	-0.011246374542	0	0.567	0.531	-0.011246374542	-0.011246374542	NoCorrection	300	A49	C2	1000	10000	0	0.5	300	0.03
396	-0.0109157178045002	-0.0109157178045001	0	0.591	0.57	-0.0109157178045002	-0.0109157178045001	ID	300	A49	C2	1000	10000	0	0.5	300	0.03
397	-0.0144459713847002	-0.0144459713847002	0	0.445	0.473	-0.0144459713847002	-0.0144459713847002	1	300	A49	C2	1000	10000	0	0.5	300	0.1
398	-0.01868836509765	-0.01868836509765	0	0.335	0.338	-0.01868836509765	-0.01868836509765	FGr	300	A49	C2	1000	10000	0	0.5	300	0.1
399	-0.0173305559714001	-0.0173305559714001	0	0.405	0.369	-0.0173305559714001	-0.0173305559714001	NoCorrection	300	A49	C2	1000	10000	0	0.5	300	0.1
400	-0.01419746543021	-0.01419746543021	0	0.487	0.477	-0.01419746543021	-0.01419746543021	ID	300	A49	C2	1000	10000	0	0.5	300	0.1
401	0.0206859760432798	-0.00737503500000002	0	0.292	0.816	0.0206859760432798	-0.00737503500000002	1	1000	A49	C2	1000	10000	0	0.5	300	0
402	0.0187649764494	-0.00330023523999986	0	0.352	0.898	0.0187649764494	-0.00330023523999986	FGr	1000	A49	C2	1000	10000	0	0.5	300	0
403	0.0181474928397548	-0.0077967790499998	0	0.339	0.805	0.0181474928397548	-0.0077967790499998	NoCorrection	1000	A49	C2	1000	10000	0	0.5	300	0
404	0.0204515506451004	-0.0107795925050001	0	0.308	0.709	0.0204515506451004	-0.0107795925050001	ID	1000	A49	C2	1000	10000	0	0.5	300	0
405	0.0322222170865999	0.00444345795999994	0	0.111	0.892	0.0322222170865999	0.00444345795999994	1	1000	A49	C2	1000	10000	0	0.5	300	0.01
406	0.0319133893666501	0.00440895490499998	0	0.1	0.888	0.0319133893666501	0.00440895490499998	FGr	1000	A49	C2	1000	10000	0	0.5	300	0.01
407	0.032526403959995	0.00512754605499997	0	0.089	0.845	0.032526403959995	0.00512754605499997	NoCorrection	1000	A49	C2	1000	10000	0	0.5	300	0.01
408	0.03200022623115	0.00821782351499995	0	0.09	0.776	0.03200022623115	0.00821782351499995	ID	1000	A49	C2	1000	10000	0	0.5	300	0.01
409	0.0406496766410502	0.0219183695450001	0	0.049	0.533	0.0406496766410502	0.0219183695450001	1	1000	A49	C2	1000	10000	0	0.5	300	0.03
410	0.0400614387698202	0.02151078114	0	0.055	0.521	0.0400614387698202	0.02151078114	FGr	1000	A49	C2	1000	10000	0	0.5	300	0.03
411	0.0390672489080998	0.0198661133449999	0	0.06	0.526	0.0390672489080998	0.0198661133449999	NoCorrection	1000	A49	C2	1000	10000	0	0.5	300	0.03
412	0.0403068757165001	0.020397973585	0	0.061	0.531	0.0403068757165001	0.020397973585	ID	1000	A49	C2	1000	10000	0	0.5	300	0.03
413	-0.0236928932030702	-0.0301703826899988	0	0.165	0.301	-0.0236928932030702	-0.0301703826899988	1	1000	A49	C2	1000	10000	0	0.5	300	0.1
414	-0.0236977118057996	-0.030167473700001	0	0.188	0.307	-0.0236977118057996	-0.030167473700001	FGr	1000	A49	C2	1000	10000	0	0.5	300	0.1
415	-0.0236751750675399	-0.0301159234700006	0	0.179	0.281	-0.0236751750675399	-0.0301159234700006	NoCorrection	1000	A49	C2	1000	10000	0	0.5	300	0.1
416	-0.0229467639377001	-0.0291105028500018	0	0.21	0.341	-0.0229467639377001	-0.0291105028500018	ID	1000	A49	C2	1000	10000	0	0.5	300	0.1
417	-0.03275756462381	0.0800022966499991	0	0.068	0.081	-0.03275756462381	0.0800022966499991	1	10000	A49	C2	1000	10000	0	0.5	300	0
418	-0.03411227933075	0.0819931634499997	0	0.04	0.082	-0.03411227933075	0.0819931634499997	FGr	10000	A49	C2	1000	10000	0	0.5	300	0
419	-0.03375454408395	0.0834507553000003	0	0.054	0.078	-0.03375454408395	0.0834507553000003	NoCorrection	10000	A49	C2	1000	10000	0	0.5	300	0
420	-0.03285368145324	0.0768558254999999	0	0.064	0.107	-0.03285368145324	0.0768558254999999	ID	10000	A49	C2	1000	10000	0	0.5	300	0
421	-0.00325549592068985	-0.0568115194700003	0	0.824	0.18	-0.00325549592068985	-0.0568115194700003	1	10000	A49	C2	1000	10000	0	0.5	300	0.01
422	-0.00238798036010009	-0.059428998645	0	0.864	0.168	-0.00238798036010009	-0.059428998645	FGr	10000	A49	C2	1000	10000	0	0.5	300	0.01
423	-0.00319857779625026	-0.0585970593600003	0	0.837	0.174	-0.00319857779625026	-0.0585970593600003	NoCorrection	10000	A49	C2	1000	10000	0	0.5	300	0.01
424	-0.00336549943394997	-0.06539459452	0	0.834	0.129	-0.00336549943394997	-0.06539459452	ID	10000	A49	C2	1000	10000	0	0.5	300	0.01
425	-0.0244088816853011	-0.0281594170350001	0	0.25	0.575	-0.0244088816853011	-0.0281594170350001	1	10000	A49	C2	1000	10000	0	0.5	300	0.03
426	-0.0234042507897995	-0.0300990700900008	0	0.28	0.517	-0.0234042507897995	-0.0300990700900008	FGr	10000	A49	C2	1000	10000	0	0.5	300	0.03
427	-0.0241482633691402	-0.0293506312200003	0	0.28	0.579	-0.0241482633691402	-0.0293506312200003	NoCorrection	10000	A49	C2	1000	10000	0	0.5	300	0.03
428	-0.0242063641885451	-0.0291109082549998	0	0.224	0.591	-0.0242063641885451	-0.0291109082549998	ID	10000	A49	C2	1000	10000	0	0.5	300	0.03
429	-0.00586079051280034	0.0624234333500001	0	0.72	0.194	-0.00586079051280034	0.0624234333500001	1	10000	A49	C2	1000	10000	0	0.5	300	0.1
430	-0.0084011474064499	0.0865957432400001	0	0.634	0.088	-0.0084011474064499	0.0865957432400001	FGr	10000	A49	C2	1000	10000	0	0.5	300	0.1
431	-0.00692876531489983	0.0906645993000002	0	0.7	0.075	-0.00692876531489983	0.0906645993000002	NoCorrection	10000	A49	C2	1000	10000	0	0.5	300	0.1
432	-0.00603059352947998	0.0594309205500001	0	0.751	0.243	-0.00603059352947998	0.0594309205500001	ID	10000	A49	C2	1000	10000	0	0.5	300	0.1
433	-0.0132994205	-0.0132994205	0	0.23	0.24	-0.0132994205	-0.0132994205	1	300	A49	C2	10000	100	0	0.5	300	0
434	-0.01296408998	-0.01296408998	0	0.264	0.283	-0.01296408998	-0.01296408998	FGr	300	A49	C2	10000	100	0	0.5	300	0
435	-0.0129768281766	-0.0129768281766	0	0.263	0.245	-0.0129768281766	-0.0129768281766	NoCorrection	300	A49	C2	10000	100	0	0.5	300	0
436	-0.013059748105	-0.013059748105	0	0.272	0.256	-0.013059748105	-0.013059748105	ID	300	A49	C2	10000	100	0	0.5	300	0
437	0.005447112458	0.005447112458	0	0.588	0.57	0.005447112458	0.005447112458	1	300	A49	C2	10000	100	0	0.5	300	0.01
438	0.0055067154	0.00550671539999999	0	0.629	0.604	0.0055067154	0.00550671539999999	FGr	300	A49	C2	10000	100	0	0.5	300	0.01
439	0.00551326258349999	0.00551326258350001	0	0.62	0.581	0.00551326258349999	0.00551326258350001	NoCorrection	300	A49	C2	10000	100	0	0.5	300	0.01
440	0.005279127486	0.005279127486	0	0.604	0.607	0.005279127486	0.005279127486	ID	300	A49	C2	10000	100	0	0.5	300	0.01
441	0.0167975811565	0.0167975811565	0	0.112	0.111	0.0167975811565	0.0167975811565	1	300	A49	C2	10000	100	0	0.5	300	0.03
442	0.0168273279965	0.0168273279965	0	0.119	0.133	0.0168273279965	0.0168273279965	FGr	300	A49	C2	10000	100	0	0.5	300	0.03
443	0.01680830219	0.01680830219	0	0.117	0.118	0.01680830219	0.01680830219	NoCorrection	300	A49	C2	10000	100	0	0.5	300	0.03
444	0.01665772752	0.01665772752	0	0.105	0.114	0.01665772752	0.01665772752	ID	300	A49	C2	10000	100	0	0.5	300	0.03
445	-0.002868900387	-0.002868900387	0	0.79	0.818	-0.002868900387	-0.002868900387	1	300	A49	C2	10000	100	0	0.5	300	0.1
446	-0.002954396841	-0.00295439684099999	0	0.791	0.817	-0.002954396841	-0.00295439684099999	FGr	300	A49	C2	10000	100	0	0.5	300	0.1
447	-0.0029402126065	-0.00294021260650001	0	0.814	0.798	-0.0029402126065	-0.00294021260650001	NoCorrection	300	A49	C2	10000	100	0	0.5	300	0.1
448	-0.003269578473	-0.003269578473	0	0.768	0.777	-0.003269578473	-0.003269578473	ID	300	A49	C2	10000	100	0	0.5	300	0.1
449	0.0212931436915	0.00171338000000002	0	0.043	0.911	0.0212931436915	0.00171338000000002	1	1000	A49	C2	10000	100	0	0.5	300	0
450	0.02167879429	-0.00106445449999998	0	0.038	0.948	0.02167879429	-0.00106445449999998	FGr	1000	A49	C2	10000	100	0	0.5	300	0
451	0.021927815025	0.00182095000000001	0	0.032	0.909	0.021927815025	0.00182095000000001	NoCorrection	1000	A49	C2	10000	100	0	0.5	300	0
452	0.02133640212	0.00225755900000002	0	0.036	0.89	0.02133640212	0.00225755900000002	ID	1000	A49	C2	10000	100	0	0.5	300	0
453	-0.00527222986	-0.0119325495	0	0.652	0.494	-0.00527222986	-0.0119325495	1	1000	A49	C2	10000	100	0	0.5	300	0.01
454	-0.005750474025	-0.01238149	0	0.596	0.456	-0.005750474025	-0.01238149	FGr	1000	A49	C2	10000	100	0	0.5	300	0.01
455	-0.0054823027	-0.0119702775	0	0.648	0.484	-0.0054823027	-0.0119702775	NoCorrection	1000	A49	C2	10000	100	0	0.5	300	0.01
456	-0.0048586234675	-0.0133248685	0	0.679	0.417	-0.0048586234675	-0.0133248685	ID	1000	A49	C2	10000	100	0	0.5	300	0.01
457	0.00920826732550001	0.0170683895	0	0.398	0.377	0.00920826732550001	0.0170683895	1	1000	A49	C2	10000	100	0	0.5	300	0.03
458	0.009390414822	0.016413826	0	0.389	0.384	0.009390414822	0.016413826	FGr	1000	A49	C2	10000	100	0	0.5	300	0.03
459	0.00941358000799998	0.0160236675	0	0.412	0.393	0.00941358000799998	0.0160236675	NoCorrection	1000	A49	C2	10000	100	0	0.5	300	0.03
460	0.00930205122450001	0.0170704225	0	0.369	0.358	0.00930205122450001	0.0170704225	ID	1000	A49	C2	10000	100	0	0.5	300	0.03
461	-0.00601318018000001	0.0122591515	0	0.567	0.48	-0.00601318018000001	0.0122591515	1	1000	A49	C2	10000	100	0	0.5	300	0.1
462	-0.01095206298	0.00599941299999999	0	0.326	0.746	-0.01095206298	0.00599941299999999	FGr	1000	A49	C2	10000	100	0	0.5	300	0.1
463	-0.010907933215	0.00543207550000002	0	0.325	0.754	-0.010907933215	0.00543207550000002	NoCorrection	1000	A49	C2	10000	100	0	0.5	300	0.1
464	-0.005685746625	0.012383027	0	0.598	0.497	-0.005685746625	0.012383027	ID	1000	A49	C2	10000	100	0	0.5	300	0.1
465	0.011367478296	0.016515842	0	0.326	0.549	0.011367478296	0.016515842	1	10000	A49	C2	10000	100	0	0.5	300	0
466	0.0115264811495	0.0217501755	0	0.325	0.399	0.0115264811495	0.0217501755	FGr	10000	A49	C2	10000	100	0	0.5	300	0
467	0.01152797497945	0.0224431015	0	0.323	0.434	0.01152797497945	0.0224431015	NoCorrection	10000	A49	C2	10000	100	0	0.5	300	0
468	0.0114039692185	0.01562141	0	0.326	0.555	0.0114039692185	0.01562141	ID	10000	A49	C2	10000	100	0	0.5	300	0
469	0.01121443072	0.0319713135	0	0.376	0.256	0.01121443072	0.0319713135	1	10000	A49	C2	10000	100	0	0.5	300	0.01
470	0.011335016802	0.0159574415	0	0.345	0.536	0.011335016802	0.0159574415	FGr	10000	A49	C2	10000	100	0	0.5	300	0.01
471	0.011333730759	0.018075773	0	0.355	0.532	0.011333730759	0.018075773	NoCorrection	10000	A49	C2	10000	100	0	0.5	300	0.01
472	0.011335167095	0.0164830125	0	0.361	0.546	0.011335167095	0.0164830125	ID	10000	A49	C2	10000	100	0	0.5	300	0.01
473	0.00991271489000001	0.000980274000000028	0	0.303	0.972	0.00991271489000001	0.000980274000000028	1	10000	A49	C2	10000	100	0	0.5	300	0.03
474	0.010044665935	0.015810727	0	0.295	0.495	0.010044665935	0.015810727	FGr	10000	A49	C2	10000	100	0	0.5	300	0.03
475	0.010040961485	0.0181814745	0	0.294	0.48	0.010040961485	0.0181814745	NoCorrection	10000	A49	C2	10000	100	0	0.5	300	0.03
476	0.00984028976249999	0.000934498000000008	0	0.298	0.971	0.00984028976249999	0.000934498000000008	ID	10000	A49	C2	10000	100	0	0.5	300	0.03
477	0.018752662817	-0.022670405	0	0.136	0.437	0.018752662817	-0.022670405	1	10000	A49	C2	10000	100	0	0.5	300	0.1
478	0.02023483603	-0.005622302	0	0.147	0.863	0.02023483603	-0.005622302	FGr	10000	A49	C2	10000	100	0	0.5	300	0.1
479	0.0202299908	-0.00374900250000001	0	0.136	0.893	0.0202299908	-0.00374900250000001	NoCorrection	10000	A49	C2	10000	100	0	0.5	300	0.1
480	0.018707883982	-0.023393679	0	0.114	0.423	0.018707883982	-0.023393679	ID	10000	A49	C2	10000	100	0	0.5	300	0.1
481	0.00223479242299998	0.00223479242299998	0	0.711	0.713	0.00223479242299998	0.00223479242299998	1	300	A49	C2	10000	1000	0	0.5	300	0
482	0.00170492502025001	0.00170492502025001	0	0.793	0.796	0.00170492502025001	0.00170492502025001	FGr	300	A49	C2	10000	1000	0	0.5	300	0
483	0.00165366484817999	0.00165366484817996	0	0.791	0.77	0.00165366484817999	0.00165366484817996	NoCorrection	300	A49	C2	10000	1000	0	0.5	300	0
484	0.00109152085049999	0.0010915208505	0	0.866	0.841	0.00109152085049999	0.0010915208505	ID	300	A49	C2	10000	1000	0	0.5	300	0
485	-0.0014715008855	-0.0014715008855	0	0.8	0.795	-0.0014715008855	-0.0014715008855	1	300	A49	C2	10000	1000	0	0.5	300	0.01
486	-0.0019437289485	-0.0019437289485	0	0.735	0.736	-0.0019437289485	-0.0019437289485	FGr	300	A49	C2	10000	1000	0	0.5	300	0.01
487	-0.00188102703150001	-0.0018810270315	0	0.74	0.723	-0.00188102703150001	-0.0018810270315	NoCorrection	300	A49	C2	10000	1000	0	0.5	300	0.01
488	-0.0018429946701	-0.0018429946701	0	0.735	0.734	-0.0018429946701	-0.0018429946701	ID	300	A49	C2	10000	1000	0	0.5	300	0.01
489	-0.000304293651999998	-0.000304293651999998	0	0.967	0.965	-0.000304293651999998	-0.000304293651999998	1	300	A49	C2	10000	1000	0	0.5	300	0.03
490	-0.00142125992248001	-0.00142125992248	0	0.841	0.839	-0.00142125992248001	-0.00142125992248	FGr	300	A49	C2	10000	1000	0	0.5	300	0.03
491	-0.0015234630365	-0.0015234630365	0	0.831	0.803	-0.0015234630365	-0.0015234630365	NoCorrection	300	A49	C2	10000	1000	0	0.5	300	0.03
492	-0.001423408113	-0.001423408113	0	0.837	0.834	-0.001423408113	-0.001423408113	ID	300	A49	C2	10000	1000	0	0.5	300	0.03
493	0.000704053232299992	0.000704053232299999	0	0.902	0.911	0.000704053232299992	0.000704053232299999	1	300	A49	C2	10000	1000	0	0.5	300	0.1
494	-0.00251124953250001	-0.00251124953250001	0	0.682	0.677	-0.00251124953250001	-0.00251124953250001	FGr	300	A49	C2	10000	1000	0	0.5	300	0.1
495	-0.00258425924050001	-0.00258425924049999	0	0.698	0.664	-0.00258425924050001	-0.00258425924049999	NoCorrection	300	A49	C2	10000	1000	0	0.5	300	0.1
496	0.00153501395849998	0.00153501395849999	0	0.79	0.801	0.00153501395849998	0.00153501395849999	ID	300	A49	C2	10000	1000	0	0.5	300	0.1
497	0.00293682213000001	0.00730177010000007	0	0.698	0.487	0.00293682213000001	0.00730177010000007	1	1000	A49	C2	10000	1000	0	0.5	300	0
498	0.00300402396759995	0.0105257514	0	0.71	0.314	0.00300402396759995	0.0105257514	FGr	1000	A49	C2	10000	1000	0	0.5	300	0
499	0.00301896227994001	0.01053082615	0	0.675	0.338	0.00301896227994001	0.01053082615	NoCorrection	1000	A49	C2	10000	1000	0	0.5	300	0
500	0.00307679739558392	0.0099004268	0	0.694	0.344	0.00307679739558392	0.0099004268	ID	1000	A49	C2	10000	1000	0	0.5	300	0
501	-0.000182431860300145	0.0194941691499999	0	0.978	0.066	-0.000182431860300145	0.0194941691499999	1	1000	A49	C2	10000	1000	0	0.5	300	0.01
502	-0.000154584357500074	0.0158439718	0	0.98	0.13	-0.000154584357500074	0.0158439718	FGr	1000	A49	C2	10000	1000	0	0.5	300	0.01
503	2.10908219998879e-05	0.01675365595	0	0.999	0.112	2.10908219998879e-05	0.01675365595	NoCorrection	1000	A49	C2	10000	1000	0	0.5	300	0.01
504	-0.00011527195	0.01633665235	0	0.987	0.121	-0.00011527195	0.01633665235	ID	1000	A49	C2	10000	1000	0	0.5	300	0.01
505	-0.0123490280413	-0.0125594820000001	0	0.04	0.182	-0.0123490280413	-0.0125594820000001	1	1000	A49	C2	10000	1000	0	0.5	300	0.03
506	-0.0126375341479	-0.0126041720499999	0	0.038	0.2	-0.0126375341479	-0.0126041720499999	FGr	1000	A49	C2	10000	1000	0	0.5	300	0.03
507	-0.01245634843025	-0.0143009734500001	0	0.036	0.165	-0.01245634843025	-0.0143009734500001	NoCorrection	1000	A49	C2	10000	1000	0	0.5	300	0.03
508	-0.01252120257815	-0.0143239189000001	0	0.032	0.146	-0.01252120257815	-0.0143239189000001	ID	1000	A49	C2	10000	1000	0	0.5	300	0.03
509	0.00193300812174996	0.00313324059999997	0	0.75	0.766	0.00193300812174996	0.00313324059999997	1	1000	A49	C2	10000	1000	0	0.5	300	0.1
510	0.00284100683599997	-0.00128607195000006	0	0.715	0.92	0.00284100683599997	-0.00128607195000006	FGr	1000	A49	C2	10000	1000	0	0.5	300	0.1
511	0.00294988638790008	0.00155194925000012	0	0.67	0.889	0.00294988638790008	0.00155194925000012	NoCorrection	1000	A49	C2	10000	1000	0	0.5	300	0.1
512	0.00202158457684996	0.0031302865000001	0	0.777	0.781	0.00202158457684996	0.0031302865000001	ID	1000	A49	C2	10000	1000	0	0.5	300	0.1
513	-0.00318908907884994	0.0230136724499999	0	0.615	0.16	-0.00318908907884994	0.0230136724499999	1	10000	A49	C2	10000	1000	0	0.5	300	0
514	-0.00402369565400001	0.0140944183	0	0.507	0.345	-0.00402369565400001	0.0140944183	FGr	10000	A49	C2	10000	1000	0	0.5	300	0
515	-0.00402247524489997	0.0140937034	0	0.551	0.354	-0.00402247524489997	0.0140937034	NoCorrection	10000	A49	C2	10000	1000	0	0.5	300	0
516	-0.00312101417299998	0.02329579655	0	0.611	0.143	-0.00312101417299998	0.02329579655	ID	10000	A49	C2	10000	1000	0	0.5	300	0
517	0.00137381278840001	0.0263093821	0	0.828	0.126	0.00137381278840001	0.0263093821	1	10000	A49	C2	10000	1000	0	0.5	300	0.01
518	0.00112545859844999	0.0207098808	0	0.853	0.211	0.00112545859844999	0.0207098808	FGr	10000	A49	C2	10000	1000	0	0.5	300	0.01
519	0.0009620213035	0.01700147435	0	0.87	0.311	0.0009620213035	0.01700147435	NoCorrection	10000	A49	C2	10000	1000	0	0.5	300	0.01
520	0.00131909527930001	0.02140725035	0	0.822	0.193	0.00131909527930001	0.02140725035	ID	10000	A49	C2	10000	1000	0	0.5	300	0.01
521	0.000317845746000025	0.0147666932	0	0.966	0.407	0.000317845746000025	0.0147666932	1	10000	A49	C2	10000	1000	0	0.5	300	0.03
522	7.0351942499995e-05	0.00299429969999996	0	0.985	0.853	7.0351942499995e-05	0.00299429969999996	FGr	10000	A49	C2	10000	1000	0	0.5	300	0.03
523	1.10216680000236e-05	0.00328863555	0	0.998	0.858	1.10216680000236e-05	0.00328863555	NoCorrection	10000	A49	C2	10000	1000	0	0.5	300	0.03
524	0.00028699453699997	0.01368132005	0	0.963	0.424	0.00028699453699997	0.01368132005	ID	10000	A49	C2	10000	1000	0	0.5	300	0.03
525	-7.93218114999609e-05	0.00745003240000014	0	0.989	0.628	-7.93218114999609e-05	0.00745003240000014	1	10000	A49	C2	10000	1000	0	0.5	300	0.1
526	-0.00187840842835999	-0.01072562475	0	0.734	0.5	-0.00187840842835999	-0.01072562475	FGr	10000	A49	C2	10000	1000	0	0.5	300	0.1
527	-0.00183573434039997	-0.01027064245	0	0.737	0.54	-0.00183573434039997	-0.01027064245	NoCorrection	10000	A49	C2	10000	1000	0	0.5	300	0.1
528	7.05361159999919e-05	0.01107433595	0	0.985	0.439	7.05361159999919e-05	0.01107433595	ID	10000	A49	C2	10000	1000	0	0.5	300	0.1
529	-0.000339753176150024	-0.000339753176150025	0	0.956	0.966	-0.000339753176150024	-0.000339753176150025	1	300	A49	C2	10000	10000	0	0.5	300	0
530	-0.00176942662739007	-0.00176942662739008	0	0.787	0.782	-0.00176942662739007	-0.00176942662739008	FGr	300	A49	C2	10000	10000	0	0.5	300	0
531	-0.00171264197843992	-0.00171264197843992	0	0.786	0.78	-0.00171264197843992	-0.00171264197843992	NoCorrection	300	A49	C2	10000	10000	0	0.5	300	0
532	-0.00106574504959991	-0.0010657450495999	0	0.875	0.873	-0.00106574504959991	-0.0010657450495999	ID	300	A49	C2	10000	10000	0	0.5	300	0
533	-0.0108945979128501	-0.0108945979128501	0	0.06	0.065	-0.0108945979128501	-0.0108945979128501	1	300	A49	C2	10000	10000	0	0.5	300	0.01
534	-0.00790672870214006	-0.00790672870214007	0	0.205	0.192	-0.00790672870214006	-0.00790672870214007	FGr	300	A49	C2	10000	10000	0	0.5	300	0.01
535	-0.00785176406482002	-0.00785176406482003	0	0.214	0.206	-0.00785176406482002	-0.00785176406482003	NoCorrection	300	A49	C2	10000	10000	0	0.5	300	0.01
536	-0.0095619388059	-0.00956193880590001	0	0.111	0.092	-0.0095619388059	-0.00956193880590001	ID	300	A49	C2	10000	10000	0	0.5	300	0.01
537	0.00278540816199101	0.00278540816199096	0	0.637	0.667	0.00278540816199101	0.00278540816199096	1	300	A49	C2	10000	10000	0	0.5	300	0.03
538	0.00226394297286508	0.00226394297286504	0	0.688	0.715	0.00226394297286508	0.00226394297286504	FGr	300	A49	C2	10000	10000	0	0.5	300	0.03
539	0.00230395269104003	0.00230395269104004	0	0.674	0.703	0.00230395269104003	0.00230395269104004	NoCorrection	300	A49	C2	10000	10000	0	0.5	300	0.03
540	0.00172302778128501	0.001723027781285	0	0.756	0.764	0.00172302778128501	0.001723027781285	ID	300	A49	C2	10000	10000	0	0.5	300	0.03
541	0.000266002501000006	0.000266002501000009	0	0.977	0.977	0.000266002501000006	0.000266002501000009	1	300	A49	C2	10000	10000	0	0.5	300	0.1
542	0.00407288128430002	0.00407288128430002	0	0.591	0.59	0.00407288128430002	0.00407288128430002	FGr	300	A49	C2	10000	10000	0	0.5	300	0.1
543	0.00402221863345	0.00402221863345	0	0.6	0.583	0.00402221863345	0.00402221863345	NoCorrection	300	A49	C2	10000	10000	0	0.5	300	0.1
544	-0.000376425879864989	-0.000376425879864994	0	0.966	0.967	-0.000376425879864989	-0.000376425879864994	ID	300	A49	C2	10000	10000	0	0.5	300	0.1
545	-0.00837763235963996	-0.00661738967999993	0	0.169	0.489	-0.00837763235963996	-0.00661738967999993	1	1000	A49	C2	10000	10000	0	0.5	300	0
546	-0.00865669695317491	-0.00454786484000001	0	0.132	0.662	-0.00865669695317491	-0.00454786484000001	FGr	1000	A49	C2	10000	10000	0	0.5	300	0
547	-0.00864938687827494	-0.004140871855	0	0.124	0.667	-0.00864938687827494	-0.004140871855	NoCorrection	1000	A49	C2	10000	10000	0	0.5	300	0
548	-0.00827417468689998	-0.00558191292499993	0	0.172	0.561	-0.00827417468689998	-0.00558191292499993	ID	1000	A49	C2	10000	10000	0	0.5	300	0
549	-0.00575245087039948	0.00098622034499997	0	0.338	0.944	-0.00575245087039948	0.00098622034499997	1	1000	A49	C2	10000	10000	0	0.5	300	0.01
550	-0.00672792302918999	0.00160575944500018	0	0.26	0.873	-0.00672792302918999	0.00160575944500018	FGr	1000	A49	C2	10000	10000	0	0.5	300	0.01
551	-0.00672682696939999	0.00214663645999998	0	0.279	0.834	-0.00672682696939999	0.00214663645999998	NoCorrection	1000	A49	C2	10000	10000	0	0.5	300	0.01
552	-0.00604010193322999	0.00437628593500004	0	0.288	0.645	-0.00604010193322999	0.00437628593500004	ID	1000	A49	C2	10000	10000	0	0.5	300	0.01
553	0.00170623434375493	0.00100646509000003	0	0.776	0.92	0.00170623434375493	0.00100646509000003	1	1000	A49	C2	10000	10000	0	0.5	300	0.03
554	0.000823383396200013	0.00334203740000002	0	0.897	0.698	0.000823383396200013	0.00334203740000002	FGr	1000	A49	C2	10000	10000	0	0.5	300	0.03
555	0.000822232507149991	0.00273784808499999	0	0.888	0.789	0.000822232507149991	0.00273784808499999	NoCorrection	1000	A49	C2	10000	10000	0	0.5	300	0.03
556	0.00167720074509498	0.00268465586499996	0	0.785	0.777	0.00167720074509498	0.00268465586499996	ID	1000	A49	C2	10000	10000	0	0.5	300	0.03
557	-0.01370455472724	-0.0105689920900001	0	0.017	0.288	-0.01370455472724	-0.0105689920900001	1	1000	A49	C2	10000	10000	0	0.5	300	0.1
558	-0.0151892334725	-0.0151666166050001	0	0.006	0.111	-0.0151892334725	-0.0151666166050001	FGr	1000	A49	C2	10000	10000	0	0.5	300	0.1
559	-0.0151856653375498	-0.0126632638900002	0	0.004	0.215	-0.0151856653375498	-0.0126632638900002	NoCorrection	1000	A49	C2	10000	10000	0	0.5	300	0.1
560	-0.01318665177729	-0.00866123048499995	0	0.015	0.352	-0.01318665177729	-0.00866123048499995	ID	1000	A49	C2	10000	10000	0	0.5	300	0.1
561	0.00343279141690002	0.00826955737499985	0	0.592	0.577	0.00343279141690002	0.00826955737499985	1	10000	A49	C2	10000	10000	0	0.5	300	0
562	0.00324867458184999	0.00461854755999977	0	0.622	0.748	0.00324867458184999	0.00461854755999977	FGr	10000	A49	C2	10000	10000	0	0.5	300	0
563	0.00324115267584991	0.00467808269000013	0	0.63	0.738	0.00324115267584991	0.00467808269000013	NoCorrection	10000	A49	C2	10000	10000	0	0.5	300	0
564	0.00345272710258	0.00683829282000023	0	0.601	0.672	0.00345272710258	0.00683829282000023	ID	10000	A49	C2	10000	10000	0	0.5	300	0
565	0.01081877109622	-0.00959460276499978	0	0.072	0.537	0.01081877109622	-0.00959460276499978	1	10000	A49	C2	10000	10000	0	0.5	300	0.01
566	0.0111035854957601	-0.00187362507500026	0	0.067	0.903	0.0111035854957601	-0.00187362507500026	FGr	10000	A49	C2	10000	10000	0	0.5	300	0.01
567	0.0110901284756101	-0.00385188585999988	0	0.059	0.801	0.0110901284756101	-0.00385188585999988	NoCorrection	10000	A49	C2	10000	10000	0	0.5	300	0.01
568	0.0108166075164001	-0.00959765798000011	0	0.094	0.502	0.0108166075164001	-0.00959765798000011	ID	10000	A49	C2	10000	10000	0	0.5	300	0.01
569	0.00362784928504985	-0.0157355594099998	0	0.565	0.302	0.00362784928504985	-0.0157355594099998	1	10000	A49	C2	10000	10000	0	0.5	300	0.03
570	0.00411314764977489	-0.0166285537849997	0	0.518	0.294	0.00411314764977489	-0.0166285537849997	FGr	10000	A49	C2	10000	10000	0	0.5	300	0.03
571	0.00411324947547492	-0.0166162516849995	0	0.558	0.291	0.00411324947547492	-0.0166162516849995	NoCorrection	10000	A49	C2	10000	10000	0	0.5	300	0.03
572	0.00367894730305993	-0.01613652969	0	0.583	0.32	0.00367894730305993	-0.01613652969	ID	10000	A49	C2	10000	10000	0	0.5	300	0.03
573	0.000472386755049989	-0.00450794335999998	0	0.956	0.777	0.000472386755049989	-0.00450794335999998	1	10000	A49	C2	10000	10000	0	0.5	300	0.1
574	0.00204334908259984	-0.0025504273549999	0	0.755	0.879	0.00204334908259984	-0.0025504273549999	FGr	10000	A49	C2	10000	10000	0	0.5	300	0.1
575	0.0020436056630499	-0.0047044549400002	0	0.775	0.753	0.0020436056630499	-0.0047044549400002	NoCorrection	10000	A49	C2	10000	10000	0	0.5	300	0.1
576	0.000490133122430098	-0.00415972815000002	0	0.938	0.803	0.000490133122430098	-0.00415972815000002	ID	10000	A49	C2	10000	10000	0	0.5	300	0.1
