	c-q	nc-q	true-q	c-p	nc-p	c-bias	nc-bias	type	L	rep	config	gwas_size	test_size	h2	ts	num_causal	env
1	-0.006006177565	-0.00600617756499999	0	0.882	0.883	-0.006006177565	-0.00600617756499999	1	300	A50	C1	1000	100	0	0.5	300	0
2	-0.018718206765	-0.018718206765	0	0.642	0.605	-0.018718206765	-0.018718206765	FGr	300	A50	C1	1000	100	0	0.5	300	0
3	-0.02736760775	-0.02736760775	0	0.513	0.475	-0.02736760775	-0.02736760775	NoCorrection	300	A50	C1	1000	100	0	0.5	300	0
4	-0.02373274735	-0.02373274735	0	0.533	0.577	-0.02373274735	-0.02373274735	ID	300	A50	C1	1000	100	0	0.5	300	0
5	-0.03882637499	-0.0388263749900001	0	0.333	0.354	-0.03882637499	-0.0388263749900001	1	300	A50	C1	1000	100	0	0.5	300	0.1
6	-0.00946771510000006	-0.00946771510000005	0	0.789	0.783	-0.00946771510000006	-0.00946771510000005	FGr	300	A50	C1	1000	100	0	0.5	300	0.1
7	0.00237359540900006	0.00237359540900003	0	0.943	0.958	0.00237359540900006	0.00237359540900003	NoCorrection	300	A50	C1	1000	100	0	0.5	300	0.1
8	-0.02149635341	-0.02149635341	0	0.598	0.6	-0.02149635341	-0.02149635341	ID	300	A50	C1	1000	100	0	0.5	300	0.1
9	0.00850396556999999	0.00850396556999997	0	0.845	0.849	0.00850396556999999	0.00850396556999997	1	300	A50	C1	1000	100	0	0.5	300	0.5
10	0.10898711825	0.10898711825	0	0.031	0.024	0.10898711825	0.10898711825	FGr	300	A50	C1	1000	100	0	0.5	300	0.5
11	0.12983431136	0.12983431136	0	0.01	0.008	0.12983431136	0.12983431136	NoCorrection	300	A50	C1	1000	100	0	0.5	300	0.5
12	0.01643596309	0.01643596309	0	0.725	0.728	0.01643596309	0.01643596309	ID	300	A50	C1	1000	100	0	0.5	300	0.5
13	0.00826860727099995	0.00826860727099997	0	0.829	0.821	0.00826860727099995	0.00826860727099997	1	300	A50	C1	1000	100	0	0.5	300	1
14	0.222701289419	0.222701289419	0	0	0.001	0.222701289419	0.222701289419	FGr	300	A50	C1	1000	100	0	0.5	300	1
15	0.28173983464	0.28173983464	0	0	0	0.28173983464	0.28173983464	NoCorrection	300	A50	C1	1000	100	0	0.5	300	1
16	-0.00562268230999997	-0.00562268231	0	0.85	0.863	-0.00562268230999997	-0.00562268231	ID	300	A50	C1	1000	100	0	0.5	300	1
17	0.01406716555	0.0338734075	0	0.72	0.581	0.01406716555	0.0338734075	1	1000	A50	C1	1000	100	0	0.5	300	0
18	0.013541446389	0.0181827755	0	0.746	0.778	0.013541446389	0.0181827755	FGr	1000	A50	C1	1000	100	0	0.5	300	0
19	0.03318539968	0.0835633425	0	0.411	0.18	0.03318539968	0.0835633425	NoCorrection	1000	A50	C1	1000	100	0	0.5	300	0
20	0.01371767691	0.0290652385	0	0.716	0.665	0.01371767691	0.0290652385	ID	1000	A50	C1	1000	100	0	0.5	300	0
21	0.0068334947579999	-0.0744341239999996	0	0.87	0.279	0.0068334947579999	-0.0744341239999996	1	1000	A50	C1	1000	100	0	0.5	300	0.1
22	-0.0199006098	-0.124954995	0	0.591	0.05	-0.0199006098	-0.124954995	FGr	1000	A50	C1	1000	100	0	0.5	300	0.1
23	0.000368636724999911	-0.0905905505	0	0.991	0.202	0.000368636724999911	-0.0905905505	NoCorrection	1000	A50	C1	1000	100	0	0.5	300	0.1
24	-0.0206471223999998	-0.1166056695	0	0.571	0.101	-0.0206471223999998	-0.1166056695	ID	1000	A50	C1	1000	100	0	0.5	300	0.1
25	0.00790751627780006	-0.0762812035	0	0.861	0.268	0.00790751627780006	-0.0762812035	1	1000	A50	C1	1000	100	0	0.5	300	0.5
26	0.112836319435	0.1602080375	0	0.014	0.016	0.112836319435	0.1602080375	FGr	1000	A50	C1	1000	100	0	0.5	300	0.5
27	0.201940929185	0.405144065	0	0	0	0.201940929185	0.405144065	NoCorrection	1000	A50	C1	1000	100	0	0.5	300	0.5
28	0.017136533495	-0.0706823165	0	0.699	0.281	0.017136533495	-0.0706823165	ID	1000	A50	C1	1000	100	0	0.5	300	0.5
29	-0.000524739810000052	-0.0168242999999999	0	0.993	0.797	-0.000524739810000052	-0.0168242999999999	1	1000	A50	C1	1000	100	0	0.5	300	1
30	0.18017329917	0.3967371375	0	0	0	0.18017329917	0.3967371375	FGr	1000	A50	C1	1000	100	0	0.5	300	1
31	0.39453921916	0.9827655985	0	0	0	0.39453921916	0.9827655985	NoCorrection	1000	A50	C1	1000	100	0	0.5	300	1
32	-0.000604852160000021	-0.0396257064999999	0	0.99	0.539	-0.000604852160000021	-0.0396257064999999	ID	1000	A50	C1	1000	100	0	0.5	300	1
33	-0.03876080515	0.0840446290000001	0	0.32	0.357	-0.03876080515	0.0840446290000001	1	10000	A50	C1	1000	100	0	0.5	300	0
34	-0.03599081301	0.1137310275	0	0.356	0.213	-0.03599081301	0.1137310275	FGr	10000	A50	C1	1000	100	0	0.5	300	0
35	-0.04080541114	0.0602012349999997	0	0.303	0.483	-0.04080541114	0.0602012349999997	NoCorrection	10000	A50	C1	1000	100	0	0.5	300	0
36	-0.03878251884	0.0840420419999999	0	0.339	0.366	-0.03878251884	0.0840420419999999	ID	10000	A50	C1	1000	100	0	0.5	300	0
37	0.00106141947499999	-0.0252696415	0	0.985	0.806	0.00106141947499999	-0.0252696415	1	10000	A50	C1	1000	100	0	0.5	300	0.1
38	0.009851588391	0.03117118	0	0.78	0.779	0.009851588391	0.03117118	FGr	10000	A50	C1	1000	100	0	0.5	300	0.1
39	0.037183250765	0.2928984905	0	0.335	0.005	0.037183250765	0.2928984905	NoCorrection	10000	A50	C1	1000	100	0	0.5	300	0.1
40	-0.000271584045000064	-0.045095738	0	0.992	0.625	-0.000271584045000064	-0.045095738	ID	10000	A50	C1	1000	100	0	0.5	300	0.1
41	0.00637457323000002	0.027065449	0	0.888	0.741	0.00637457323000002	0.027065449	1	10000	A50	C1	1000	100	0	0.5	300	0.5
42	0.016345137035	0.1123376785	0	0.681	0.17	0.016345137035	0.1123376785	FGr	10000	A50	C1	1000	100	0	0.5	300	0.5
43	0.14327641025	1.017329255	0	0.017	0	0.14327641025	1.017329255	NoCorrection	10000	A50	C1	1000	100	0	0.5	300	0.5
44	0.00826212186500002	0.018323229	0	0.844	0.816	0.00826212186500002	0.018323229	ID	10000	A50	C1	1000	100	0	0.5	300	0.5
45	-0.031632421168	0.0381864784999999	0	0.347	0.702	-0.031632421168	0.0381864784999999	1	10000	A50	C1	1000	100	0	0.5	300	1
46	-0.0187615167150001	0.248137018	0	0.604	0.017	-0.0187615167150001	0.248137018	FGr	10000	A50	C1	1000	100	0	0.5	300	1
47	0.2184001641	2.02360963	0	0.003	0	0.2184001641	2.02360963	NoCorrection	10000	A50	C1	1000	100	0	0.5	300	1
48	-0.0267976109500001	0.00650159000000005	0	0.43	0.954	-0.0267976109500001	0.00650159000000005	ID	10000	A50	C1	1000	100	0	0.5	300	1
49	-0.003100254703	-0.00310025470299997	0	0.899	0.899	-0.003100254703	-0.00310025470299997	1	300	A50	C1	1000	1000	0	0.5	300	0
50	0.0297856142641	0.0297856142641	0	0.219	0.209	0.0297856142641	0.0297856142641	FGr	300	A50	C1	1000	1000	0	0.5	300	0
51	0.018291205898	0.018291205898	0	0.422	0.459	0.018291205898	0.018291205898	NoCorrection	300	A50	C1	1000	1000	0	0.5	300	0
52	0.00203551760549994	0.00203551760549995	0	0.939	0.935	0.00203551760549994	0.00203551760549995	ID	300	A50	C1	1000	1000	0	0.5	300	0
53	-0.0150626490684997	-0.0150626490684998	0	0.612	0.619	-0.0150626490684997	-0.0150626490684998	1	300	A50	C1	1000	1000	0	0.5	300	0.1
54	-0.00373821350599993	-0.00373821350600009	0	0.909	0.912	-0.00373821350599993	-0.00373821350600009	FGr	300	A50	C1	1000	1000	0	0.5	300	0.1
55	-0.0215919880125001	-0.0215919880124999	0	0.484	0.475	-0.0215919880125001	-0.0215919880124999	NoCorrection	300	A50	C1	1000	1000	0	0.5	300	0.1
56	-0.0127673228000003	-0.0127673228000003	0	0.657	0.679	-0.0127673228000003	-0.0127673228000003	ID	300	A50	C1	1000	1000	0	0.5	300	0.1
57	0.031198708245	0.031198708245	0	0.288	0.251	0.031198708245	0.031198708245	1	300	A50	C1	1000	1000	0	0.5	300	0.5
58	0.144226285574	0.144226285574	0	0	0	0.144226285574	0.144226285574	FGr	300	A50	C1	1000	1000	0	0.5	300	0.5
59	0.244002632512	0.244002632512	0	0	0	0.244002632512	0.244002632512	NoCorrection	300	A50	C1	1000	1000	0	0.5	300	0.5
60	0.0232232655995	0.0232232655995	0	0.377	0.392	0.0232232655995	0.0232232655995	ID	300	A50	C1	1000	1000	0	0.5	300	0.5
61	0.015492928951	0.015492928951	0	0.615	0.608	0.015492928951	0.015492928951	1	300	A50	C1	1000	1000	0	0.5	300	1
62	0.193044881759	0.193044881759	0	0	0	0.193044881759	0.193044881759	FGr	300	A50	C1	1000	1000	0	0.5	300	1
63	0.3734710524375	0.3734710524375	0	0	0	0.3734710524375	0.3734710524375	NoCorrection	300	A50	C1	1000	1000	0	0.5	300	1
64	-0.00870487851790006	-0.00870487851790004	0	0.759	0.752	-0.00870487851790006	-0.00870487851790004	ID	300	A50	C1	1000	1000	0	0.5	300	1
65	-0.0155871498659998	0.0163869319	0	0.589	0.709	-0.0155871498659998	0.0163869319	1	1000	A50	C1	1000	1000	0	0.5	300	0
66	-0.0147324608905006	0.0202155326500002	0	0.591	0.655	-0.0147324608905006	0.0202155326500002	FGr	1000	A50	C1	1000	1000	0	0.5	300	0
67	-0.0198502544610003	-0.000148424350000103	0	0.468	0.996	-0.0198502544610003	-0.000148424350000103	NoCorrection	1000	A50	C1	1000	1000	0	0.5	300	0
68	-0.0175415154455002	0.00647826745000024	0	0.531	0.87	-0.0175415154455002	0.00647826745000024	ID	1000	A50	C1	1000	1000	0	0.5	300	0
69	0.0141110491704	0.0113520620500002	0	0.63	0.763	0.0141110491704	0.0113520620500002	1	1000	A50	C1	1000	1000	0	0.5	300	0.1
70	0.0281501560790001	0.0574960072999999	0	0.292	0.168	0.0281501560790001	0.0574960072999999	FGr	1000	A50	C1	1000	1000	0	0.5	300	0.1
71	0.0248030614772001	0.0451517522999999	0	0.373	0.277	0.0248030614772001	0.0451517522999999	NoCorrection	1000	A50	C1	1000	1000	0	0.5	300	0.1
72	0.0165343987335001	0.0194874960999999	0	0.557	0.667	0.0165343987335001	0.0194874960999999	ID	1000	A50	C1	1000	1000	0	0.5	300	0.1
73	-0.0251320857175	-0.0311233918999995	0	0.339	0.446	-0.0251320857175	-0.0311233918999995	1	1000	A50	C1	1000	1000	0	0.5	300	0.5
74	0.0182997595003499	0.12491421945	0	0.53	0.003	0.0182997595003499	0.12491421945	FGr	1000	A50	C1	1000	1000	0	0.5	300	0.5
75	0.1017377354385	0.4273900345	0	0.001	0	0.1017377354385	0.4273900345	NoCorrection	1000	A50	C1	1000	1000	0	0.5	300	0.5
76	-0.0250095925499999	-0.0175656200499998	0	0.348	0.665	-0.0250095925499999	-0.0175656200499998	ID	1000	A50	C1	1000	1000	0	0.5	300	0.5
77	0.0223675729125	0.00750924475	0	0.356	0.848	0.0223675729125	0.00750924475	1	1000	A50	C1	1000	1000	0	0.5	300	1
78	0.1066998153855	0.24809715515	0	0	0	0.1066998153855	0.24809715515	FGr	1000	A50	C1	1000	1000	0	0.5	300	1
79	0.291147725495	0.81876736395	0	0	0	0.291147725495	0.81876736395	NoCorrection	1000	A50	C1	1000	1000	0	0.5	300	1
80	0.0140296809	-0.00164887835000001	0	0.542	0.967	0.0140296809	-0.00164887835000001	ID	1000	A50	C1	1000	1000	0	0.5	300	1
81	-0.017905143415	0.0350846294999996	0	0.537	0.635	-0.017905143415	0.0350846294999996	1	10000	A50	C1	1000	1000	0	0.5	300	0
82	-0.0147855674575	0.0497675815000011	0	0.598	0.485	-0.0147855674575	0.0497675815000011	FGr	10000	A50	C1	1000	1000	0	0.5	300	0
83	-0.00184945889	0.12968174005	0	0.962	0.068	-0.00184945889	0.12968174005	NoCorrection	10000	A50	C1	1000	1000	0	0.5	300	0
84	-0.021706853175	0.0357291180000003	0	0.431	0.644	-0.021706853175	0.0357291180000003	ID	10000	A50	C1	1000	1000	0	0.5	300	0
85	0.0076338652	-0.0147919436	0	0.785	0.845	0.0076338652	-0.0147919436	1	10000	A50	C1	1000	1000	0	0.5	300	0.1
86	0.00623329130500001	-0.00926210180000003	0	0.822	0.893	0.00623329130500001	-0.00926210180000003	FGr	10000	A50	C1	1000	1000	0	0.5	300	0.1
87	0.03329747052	0.129355257	0	0.253	0.052	0.03329747052	0.129355257	NoCorrection	10000	A50	C1	1000	1000	0	0.5	300	0.1
88	0.005279563	-0.0156024809499999	0	0.852	0.82	0.005279563	-0.0156024809499999	ID	10000	A50	C1	1000	1000	0	0.5	300	0.1
89	-0.0459989986639999	0.0508279879500005	0	0.091	0.451	-0.0459989986639999	0.0508279879500005	1	10000	A50	C1	1000	1000	0	0.5	300	0.5
90	-0.046569851022	0.0892888681500003	0	0.098	0.195	-0.046569851022	0.0892888681500003	FGr	10000	A50	C1	1000	1000	0	0.5	300	0.5
91	0.13616604158	0.9233295315	0	0	0	0.13616604158	0.9233295315	NoCorrection	10000	A50	C1	1000	1000	0	0.5	300	0.5
92	-0.0473115191410002	0.0534080878000002	0	0.083	0.436	-0.0473115191410002	0.0534080878000002	ID	10000	A50	C1	1000	1000	0	0.5	300	0.5
93	-0.0210894840239	0.0153360774999996	0	0.41	0.828	-0.0210894840239	0.0153360774999996	1	10000	A50	C1	1000	1000	0	0.5	300	1
94	-0.00781314601700005	0.0732668938499998	0	0.762	0.311	-0.00781314601700005	0.0732668938499998	FGr	10000	A50	C1	1000	1000	0	0.5	300	1
95	0.3676581669945	1.8503954685	0	0	0	0.3676581669945	1.8503954685	NoCorrection	10000	A50	C1	1000	1000	0	0.5	300	1
96	-0.0183771030199999	0.0410205486499994	0	0.447	0.573	-0.0183771030199999	0.0410205486499994	ID	10000	A50	C1	1000	1000	0	0.5	300	1
97	-0.047517199186	-0.047517199186	0	0.092	0.085	-0.047517199186	-0.047517199186	1	300	A50	C1	1000	10000	0	0.5	300	0
98	-0.037337600552	-0.037337600552	0	0.159	0.183	-0.037337600552	-0.037337600552	FGr	300	A50	C1	1000	10000	0	0.5	300	0
99	-0.0634665045165	-0.0634665045165	0	0.019	0.011	-0.0634665045165	-0.0634665045165	NoCorrection	300	A50	C1	1000	10000	0	0.5	300	0
100	-0.02569694463823	-0.02569694463823	0	0.337	0.365	-0.02569694463823	-0.02569694463823	ID	300	A50	C1	1000	10000	0	0.5	300	0
101	-0.0208177790899999	-0.0208177790899999	0	0.452	0.436	-0.0208177790899999	-0.0208177790899999	1	300	A50	C1	1000	10000	0	0.5	300	0.1
102	0.00354185052700001	0.00354185052700001	0	0.897	0.894	0.00354185052700001	0.00354185052700001	FGr	300	A50	C1	1000	10000	0	0.5	300	0.1
103	0.00907198330284994	0.00907198330284995	0	0.726	0.716	0.00907198330284994	0.00907198330284995	NoCorrection	300	A50	C1	1000	10000	0	0.5	300	0.1
104	-0.016084112738365	-0.016084112738365	0	0.536	0.544	-0.016084112738365	-0.016084112738365	ID	300	A50	C1	1000	10000	0	0.5	300	0.1
105	-0.00524531014055001	-0.00524531014055001	0	0.831	0.838	-0.00524531014055001	-0.00524531014055001	1	300	A50	C1	1000	10000	0	0.5	300	0.5
106	0.0752113385856002	0.0752113385856002	0	0.004	0.007	0.0752113385856002	0.0752113385856002	FGr	300	A50	C1	1000	10000	0	0.5	300	0.5
107	0.1352856785386	0.1352856785386	0	0	0	0.1352856785386	0.1352856785386	NoCorrection	300	A50	C1	1000	10000	0	0.5	300	0.5
108	-0.0128790495139001	-0.0128790495139001	0	0.594	0.605	-0.0128790495139001	-0.0128790495139001	ID	300	A50	C1	1000	10000	0	0.5	300	0.5
109	0.0315597067596008	0.0315597067596008	0	0.261	0.248	0.0315597067596008	0.0315597067596008	1	300	A50	C1	1000	10000	0	0.5	300	1
110	0.208120811967901	0.208120811967901	0	0	0	0.208120811967901	0.208120811967901	FGr	300	A50	C1	1000	10000	0	0.5	300	1
111	0.30324032288058	0.30324032288058	0	0	0	0.30324032288058	0.30324032288058	NoCorrection	300	A50	C1	1000	10000	0	0.5	300	1
112	0.00750300473195016	0.00750300473195013	0	0.775	0.759	0.00750300473195016	0.00750300473195013	ID	300	A50	C1	1000	10000	0	0.5	300	1
113	0.01377191244004	0.040606379765	0	0.597	0.318	0.01377191244004	0.040606379765	1	1000	A50	C1	1000	10000	0	0.5	300	0
114	0.0259178291244499	0.0641509356499998	0	0.305	0.119	0.0259178291244499	0.0641509356499998	FGr	1000	A50	C1	1000	10000	0	0.5	300	0
115	-0.0265772350471	-0.05752982408	0	0.298	0.15	-0.0265772350471	-0.05752982408	NoCorrection	1000	A50	C1	1000	10000	0	0.5	300	0
116	0.00519250657909991	0.021259638465	0	0.856	0.617	0.00519250657909991	0.021259638465	ID	1000	A50	C1	1000	10000	0	0.5	300	0
117	-0.04357508504255	-0.01147973848	0	0.099	0.823	-0.04357508504255	-0.01147973848	1	1000	A50	C1	1000	10000	0	0.5	300	0.1
118	-0.0543064591541	-0.0328279570399998	0	0.05	0.439	-0.0543064591541	-0.0328279570399998	FGr	1000	A50	C1	1000	10000	0	0.5	300	0.1
119	-0.0456749188888	-0.0197194143900001	0	0.089	0.627	-0.0456749188888	-0.0197194143900001	NoCorrection	1000	A50	C1	1000	10000	0	0.5	300	0.1
120	-0.0478519772346925	-0.0211626940599997	0	0.09	0.638	-0.0478519772346925	-0.0211626940599997	ID	1000	A50	C1	1000	10000	0	0.5	300	0.1
121	0.0401666625587504	0.0274191300950002	0	0.182	0.555	0.0401666625587504	0.0274191300950002	1	1000	A50	C1	1000	10000	0	0.5	300	0.5
122	0.105951505676	0.19073314184	0	0.002	0.001	0.105951505676	0.19073314184	FGr	1000	A50	C1	1000	10000	0	0.5	300	0.5
123	0.26959487969705	0.518973451820001	0	0	0	0.26959487969705	0.518973451820001	NoCorrection	1000	A50	C1	1000	10000	0	0.5	300	0.5
124	0.05404296051475	0.0731137994950003	0	0.073	0.124	0.05404296051475	0.0731137994950003	ID	1000	A50	C1	1000	10000	0	0.5	300	0.5
125	0.0239754778379	0.0327210873799999	0	0.351	0.417	0.0239754778379	0.0327210873799999	1	1000	A50	C1	1000	10000	0	0.5	300	1
126	0.148719265191815	0.325666004455	0	0	0	0.148719265191815	0.325666004455	FGr	1000	A50	C1	1000	10000	0	0.5	300	1
127	0.4271343058945	0.943531190194998	0	0	0	0.4271343058945	0.943531190194998	NoCorrection	1000	A50	C1	1000	10000	0	0.5	300	1
128	0.0245284842137	0.0393051223800001	0	0.332	0.345	0.0245284842137	0.0393051223800001	ID	1000	A50	C1	1000	10000	0	0.5	300	1
129	0.0146091816386701	-0.109813109475	0	0.609	0.084	0.0146091816386701	-0.109813109475	1	10000	A50	C1	1000	10000	0	0.5	300	0
130	0.0151689275527649	-0.100044964205	0	0.576	0.142	0.0151689275527649	-0.100044964205	FGr	10000	A50	C1	1000	10000	0	0.5	300	0
131	0.00857948246099995	-0.16347586225	0	0.747	0.008	0.00857948246099995	-0.16347586225	NoCorrection	10000	A50	C1	1000	10000	0	0.5	300	0
132	0.0167935498220599	-0.0760986612750005	0	0.546	0.246	0.0167935498220599	-0.0760986612750005	ID	10000	A50	C1	1000	10000	0	0.5	300	0
133	0.00423539839782	-0.0909312477000019	0	0.922	0.224	0.00423539839782	-0.0909312477000019	1	10000	A50	C1	1000	10000	0	0.5	300	0.1
134	0.01137132212967	-0.0812213940499996	0	0.725	0.244	0.01137132212967	-0.0812213940499996	FGr	10000	A50	C1	1000	10000	0	0.5	300	0.1
135	0.0601853173582499	0.235853362549998	0	0.065	0.004	0.0601853173582499	0.235853362549998	NoCorrection	10000	A50	C1	1000	10000	0	0.5	300	0.1
136	0.00636163277089999	-0.0806348432999973	0	0.84	0.266	0.00636163277089999	-0.0806348432999973	ID	10000	A50	C1	1000	10000	0	0.5	300	0.1
137	-0.00751028326965011	-0.0413027182200003	0	0.822	0.561	-0.00751028326965011	-0.0413027182200003	1	10000	A50	C1	1000	10000	0	0.5	300	0.5
138	-0.00409195314015004	-0.0260443417300003	0	0.894	0.705	-0.00409195314015004	-0.0260443417300003	FGr	10000	A50	C1	1000	10000	0	0.5	300	0.5
139	0.15349532458985	0.951039552549995	0	0	0	0.15349532458985	0.951039552549995	NoCorrection	10000	A50	C1	1000	10000	0	0.5	300	0.5
140	-0.01033653990315	-0.0610645606800008	0	0.755	0.406	-0.01033653990315	-0.0610645606800008	ID	10000	A50	C1	1000	10000	0	0.5	300	0.5
141	-0.046659795449875	0.0983833287599996	0	0.108	0.169	-0.046659795449875	0.0983833287599996	1	10000	A50	C1	1000	10000	0	0.5	300	1
142	-0.0261814846886499	0.198588557525001	0	0.388	0.007	-0.0261814846886499	0.198588557525001	FGr	10000	A50	C1	1000	10000	0	0.5	300	1
143	0.2897228322365	2.08725552705	0	0	0	0.2897228322365	2.08725552705	NoCorrection	10000	A50	C1	1000	10000	0	0.5	300	1
144	-0.0476809077798	0.0899903864499992	0	0.077	0.196	-0.0476809077798	0.0899903864499992	ID	10000	A50	C1	1000	10000	0	0.5	300	1
145	0.00238210625500001	0.00238210625500001	0	0.848	0.849	0.00238210625500001	0.00238210625500001	1	300	A50	C1	10000	100	0	0.5	300	0
146	0.00862078461	0.00862078461	0	0.449	0.501	0.00862078461	0.00862078461	FGr	300	A50	C1	10000	100	0	0.5	300	0
147	0.00581631996049999	0.00581631996049999	0	0.632	0.608	0.00581631996049999	0.00581631996049999	NoCorrection	300	A50	C1	10000	100	0	0.5	300	0
148	0.006146703034	0.00614670303399999	0	0.617	0.611	0.006146703034	0.00614670303399999	ID	300	A50	C1	10000	100	0	0.5	300	0
149	-0.009375891429	-0.009375891429	0	0.461	0.455	-0.009375891429	-0.009375891429	1	300	A50	C1	10000	100	0	0.5	300	0.1
150	0.01247578681	0.01247578681	0	0.35	0.347	0.01247578681	0.01247578681	FGr	300	A50	C1	10000	100	0	0.5	300	0.1
151	0.021633024795	0.021633024795	0	0.113	0.107	0.021633024795	0.021633024795	NoCorrection	300	A50	C1	10000	100	0	0.5	300	0.1
152	-0.01824547823	-0.01824547823	0	0.17	0.15	-0.01824547823	-0.01824547823	ID	300	A50	C1	10000	100	0	0.5	300	0.1
153	-0.00377016967000001	-0.00377016966999998	0	0.731	0.714	-0.00377016967000001	-0.00377016966999998	1	300	A50	C1	10000	100	0	0.5	300	0.5
154	0.128033860375	0.128033860375	0	0	0	0.128033860375	0.128033860375	FGr	300	A50	C1	10000	100	0	0.5	300	0.5
155	0.17212471912	0.17212471912	0	0	0	0.17212471912	0.17212471912	NoCorrection	300	A50	C1	10000	100	0	0.5	300	0.5
156	-0.00167204680499999	-0.00167204680499999	0	0.884	0.879	-0.00167204680499999	-0.00167204680499999	ID	300	A50	C1	10000	100	0	0.5	300	0.5
157	0.006457640255	0.00645764025499999	0	0.607	0.586	0.006457640255	0.00645764025499999	1	300	A50	C1	10000	100	0	0.5	300	1
158	0.27338079276	0.27338079276	0	0	0	0.27338079276	0.27338079276	FGr	300	A50	C1	10000	100	0	0.5	300	1
159	0.355720774905	0.355720774905	0	0	0	0.355720774905	0.355720774905	NoCorrection	300	A50	C1	10000	100	0	0.5	300	1
160	0.017688908364	0.017688908364	0	0.099	0.112	0.017688908364	0.017688908364	ID	300	A50	C1	10000	100	0	0.5	300	1
161	0.0142698494021	0.0174939585	0	0.222	0.384	0.0142698494021	0.0174939585	1	1000	A50	C1	10000	100	0	0.5	300	0
162	0.012950146789	0.0119717485	0	0.236	0.546	0.012950146789	0.0119717485	FGr	1000	A50	C1	10000	100	0	0.5	300	0
163	0.012882741235	0.0122120749999999	0	0.273	0.534	0.012882741235	0.0122120749999999	NoCorrection	1000	A50	C1	10000	100	0	0.5	300	0
164	0.0198612184058	0.0382255365	0	0.082	0.056	0.0198612184058	0.0382255365	ID	1000	A50	C1	10000	100	0	0.5	300	0
165	0.00191714865000001	0.015672984	0	0.873	0.426	0.00191714865000001	0.015672984	1	1000	A50	C1	10000	100	0	0.5	300	0.1
166	0.0158529178428	0.059868023	0	0.159	0.005	0.0158529178428	0.059868023	FGr	1000	A50	C1	10000	100	0	0.5	300	0.1
167	0.03914763385	0.1180527125	0	0.002	0	0.03914763385	0.1180527125	NoCorrection	1000	A50	C1	10000	100	0	0.5	300	0.1
168	-0.00115108446000001	0.000819744999999987	0	0.92	0.975	-0.00115108446000001	0.000819744999999987	ID	1000	A50	C1	10000	100	0	0.5	300	0.1
169	0.00411211699050001	0.0187617740000001	0	0.737	0.346	0.00411211699050001	0.0187617740000001	1	1000	A50	C1	10000	100	0	0.5	300	0.5
170	0.0823802137350001	0.241110175	0	0	0	0.0823802137350001	0.241110175	FGr	1000	A50	C1	10000	100	0	0.5	300	0.5
171	0.17889484195	0.5189540255	0	0	0	0.17889484195	0.5189540255	NoCorrection	1000	A50	C1	10000	100	0	0.5	300	0.5
172	0.00767591098650001	0.028114264	0	0.516	0.165	0.00767591098650001	0.028114264	ID	1000	A50	C1	10000	100	0	0.5	300	0.5
173	-0.017790551025	-0.00751577549999998	0	0.171	0.722	-0.017790551025	-0.00751577549999998	1	1000	A50	C1	10000	100	0	0.5	300	1
174	0.13047579001	0.4245192475	0	0	0	0.13047579001	0.4245192475	FGr	1000	A50	C1	10000	100	0	0.5	300	1
175	0.31832240195	0.939670401	0	0	0	0.31832240195	0.939670401	NoCorrection	1000	A50	C1	10000	100	0	0.5	300	1
176	-0.020928317945	-0.014323509	0	0.108	0.546	-0.020928317945	-0.014323509	ID	1000	A50	C1	10000	100	0	0.5	300	1
177	-0.01427706999	0.033062484	0	0.207	0.292	-0.01427706999	0.033062484	1	10000	A50	C1	10000	100	0	0.5	300	0
178	-0.0142032763	0.0345317855	0	0.21	0.261	-0.0142032763	0.0345317855	FGr	10000	A50	C1	10000	100	0	0.5	300	0
179	-0.016962631355	0.022518438	0	0.133	0.466	-0.016962631355	0.022518438	NoCorrection	10000	A50	C1	10000	100	0	0.5	300	0
180	-0.014153531605	0.03319667	0	0.229	0.267	-0.014153531605	0.03319667	ID	10000	A50	C1	10000	100	0	0.5	300	0
181	-0.0203251922125	-0.0495418385	0	0.115	0.096	-0.0203251922125	-0.0495418385	1	10000	A50	C1	10000	100	0	0.5	300	0.1
182	-0.01502079815	-0.00154952449999999	0	0.266	0.955	-0.01502079815	-0.00154952449999999	FGr	10000	A50	C1	10000	100	0	0.5	300	0.1
183	0.023742956291	0.1957337615	0	0.119	0	0.023742956291	0.1957337615	NoCorrection	10000	A50	C1	10000	100	0	0.5	300	0.1
184	-0.020839623475	-0.054895783	0	0.116	0.051	-0.020839623475	-0.054895783	ID	10000	A50	C1	10000	100	0	0.5	300	0.1
185	0.00800650194000001	-0.0318461565	0	0.487	0.31	0.00800650194000001	-0.0318461565	1	10000	A50	C1	10000	100	0	0.5	300	0.5
186	0.026351788498	0.06944428	0	0.024	0.017	0.026351788498	0.06944428	FGr	10000	A50	C1	10000	100	0	0.5	300	0.5
187	0.195716929877096	1.0042372215	0	0	0	0.195716929877096	1.0042372215	NoCorrection	10000	A50	C1	10000	100	0	0.5	300	0.5
188	0.00951956562499999	-0.0236452265	0	0.388	0.44	0.00951956562499999	-0.0236452265	ID	10000	A50	C1	10000	100	0	0.5	300	0.5
189	-0.01411898433	-0.0090437755	0	0.25	0.769	-0.01411898433	-0.0090437755	1	10000	A50	C1	10000	100	0	0.5	300	1
190	0.0126912012	0.17506107	0	0.335	0	0.0126912012	0.17506107	FGr	10000	A50	C1	10000	100	0	0.5	300	1
191	0.3736015639	2.038095935	0	0	0	0.3736015639	2.038095935	NoCorrection	10000	A50	C1	10000	100	0	0.5	300	1
192	-0.0137861687655	-0.00772981550000001	0	0.217	0.804	-0.0137861687655	-0.00772981550000001	ID	10000	A50	C1	10000	100	0	0.5	300	1
193	-0.0017650423675	-0.00176504236749999	0	0.818	0.861	-0.0017650423675	-0.00176504236749999	1	300	A50	C1	10000	1000	0	0.5	300	0
194	-0.00672449906050004	-0.00672449906050004	0	0.423	0.459	-0.00672449906050004	-0.00672449906050004	FGr	300	A50	C1	10000	1000	0	0.5	300	0
195	-0.01597625273178	-0.01597625273178	0	0.063	0.048	-0.01597625273178	-0.01597625273178	NoCorrection	300	A50	C1	10000	1000	0	0.5	300	0
196	-0.00747412156899991	-0.00747412156899993	0	0.393	0.387	-0.00747412156899991	-0.00747412156899993	ID	300	A50	C1	10000	1000	0	0.5	300	0
197	-0.00533984432850001	-0.0053398443285	0	0.551	0.528	-0.00533984432850001	-0.0053398443285	1	300	A50	C1	10000	1000	0	0.5	300	0.1
198	0.00884547783449999	0.0088454778345	0	0.324	0.324	0.00884547783449999	0.0088454778345	FGr	300	A50	C1	10000	1000	0	0.5	300	0.1
199	0.0180751252006	0.0180751252006	0	0.056	0.045	0.0180751252006	0.0180751252006	NoCorrection	300	A50	C1	10000	1000	0	0.5	300	0.1
200	-0.01587384498986	-0.01587384498986	0	0.07	0.062	-0.01587384498986	-0.01587384498986	ID	300	A50	C1	10000	1000	0	0.5	300	0.1
201	0.007128256716	0.00712825671600001	0	0.481	0.443	0.007128256716	0.00712825671600001	1	300	A50	C1	10000	1000	0	0.5	300	0.5
202	0.1104061191215	0.1104061191215	0	0	0	0.1104061191215	0.1104061191215	FGr	300	A50	C1	10000	1000	0	0.5	300	0.5
203	0.1693074350347	0.1693074350347	0	0	0	0.1693074350347	0.1693074350347	NoCorrection	300	A50	C1	10000	1000	0	0.5	300	0.5
204	0.00550849479725001	0.00550849479724999	0	0.561	0.568	0.00550849479725001	0.00550849479724999	ID	300	A50	C1	10000	1000	0	0.5	300	0.5
205	0.0067358326115	0.00673583261150002	0	0.477	0.518	0.0067358326115	0.00673583261150002	1	300	A50	C1	10000	1000	0	0.5	300	1
206	0.209122329571	0.209122329571	0	0	0	0.209122329571	0.209122329571	FGr	300	A50	C1	10000	1000	0	0.5	300	1
207	0.327931278725	0.327931278725	0	0	0	0.327931278725	0.327931278725	NoCorrection	300	A50	C1	10000	1000	0	0.5	300	1
208	0.000462948755839993	0.000462948755839995	0	0.961	0.966	0.000462948755839993	0.000462948755839995	ID	300	A50	C1	10000	1000	0	0.5	300	1
209	0.00739638508479999	0.00202918699999997	0	0.353	0.87	0.00739638508479999	0.00202918699999997	1	1000	A50	C1	10000	1000	0	0.5	300	0
210	0.0125829189887	0.01517458805	0	0.145	0.286	0.0125829189887	0.01517458805	FGr	1000	A50	C1	10000	1000	0	0.5	300	0
211	0.0124239783705	0.0155460004	0	0.139	0.258	0.0124239783705	0.0155460004	NoCorrection	1000	A50	C1	10000	1000	0	0.5	300	0
212	0.00859958119619999	0.00302662579999995	0	0.265	0.814	0.00859958119619999	0.00302662579999995	ID	1000	A50	C1	10000	1000	0	0.5	300	0
213	-0.00782307684275003	-0.0144002313500001	0	0.328	0.268	-0.00782307684275003	-0.0144002313500001	1	1000	A50	C1	10000	1000	0	0.5	300	0.1
214	-0.00118902583499999	0.00364298535000004	0	0.865	0.797	-0.00118902583499999	0.00364298535000004	FGr	1000	A50	C1	10000	1000	0	0.5	300	0.1
215	0.0194589175615	0.0663785634	0	0.019	0	0.0194589175615	0.0663785634	NoCorrection	1000	A50	C1	10000	1000	0	0.5	300	0.1
216	-0.00885421936950001	-0.01935534375	0	0.232	0.137	-0.00885421936950001	-0.01935534375	ID	1000	A50	C1	10000	1000	0	0.5	300	0.1
217	-0.01072222384365	-0.0202839699999999	0	0.188	0.157	-0.01072222384365	-0.0202839699999999	1	1000	A50	C1	10000	1000	0	0.5	300	0.5
218	0.0354196672447301	0.11490625895	0	0	0	0.0354196672447301	0.11490625895	FGr	1000	A50	C1	10000	1000	0	0.5	300	0.5
219	0.120271648195	0.37299044	0	0	0	0.120271648195	0.37299044	NoCorrection	1000	A50	C1	10000	1000	0	0.5	300	0.5
220	-0.0113276796289501	-0.0166018814	0	0.169	0.245	-0.0113276796289501	-0.0166018814	ID	1000	A50	C1	10000	1000	0	0.5	300	0.5
221	0.00300990804146999	-0.01500666225	0	0.736	0.309	0.00300990804146999	-0.01500666225	1	1000	A50	C1	10000	1000	0	0.5	300	1
222	0.101992930975	0.27208088005	0	0	0	0.101992930975	0.27208088005	FGr	1000	A50	C1	10000	1000	0	0.5	300	1
223	0.276139334305	0.7602487627	0	0	0	0.276139334305	0.7602487627	NoCorrection	1000	A50	C1	10000	1000	0	0.5	300	1
224	0.00474156006655	-0.00636672000000001	0	0.585	0.661	0.00474156006655	-0.00636672000000001	ID	1000	A50	C1	10000	1000	0	0.5	300	1
225	-0.0015384674415	0.0209587844999999	0	0.863	0.361	-0.0015384674415	0.0209587844999999	1	10000	A50	C1	10000	1000	0	0.5	300	0
226	0.000350922133700001	0.0335334379	0	0.964	0.141	0.000350922133700001	0.0335334379	FGr	10000	A50	C1	10000	1000	0	0.5	300	0
227	-0.019167811888	-0.0858739387499999	0	0.03	0	-0.019167811888	-0.0858739387499999	NoCorrection	10000	A50	C1	10000	1000	0	0.5	300	0
228	-0.000840770216000001	0.0280285038	0	0.902	0.221	-0.000840770216000001	0.0280285038	ID	10000	A50	C1	10000	1000	0	0.5	300	0
229	0.01364830382298	0.0118452006	0	0.124	0.586	0.01364830382298	0.0118452006	1	10000	A50	C1	10000	1000	0	0.5	300	0.1
230	0.0167151340795	0.0235387937	0	0.056	0.312	0.0167151340795	0.0235387937	FGr	10000	A50	C1	10000	1000	0	0.5	300	0.1
231	0.0603440852721	0.231615281	0	0	0	0.0603440852721	0.231615281	NoCorrection	10000	A50	C1	10000	1000	0	0.5	300	0.1
232	0.0135442608199	0.01061344605	0	0.142	0.666	0.0135442608199	0.01061344605	ID	10000	A50	C1	10000	1000	0	0.5	300	0.1
233	0.00694357594849999	0.0214169684999999	0	0.369	0.363	0.00694357594849999	0.0214169684999999	1	10000	A50	C1	10000	1000	0	0.5	300	0.5
234	0.015128690834	0.0694231010000001	0	0.07	0.004	0.015128690834	0.0694231010000001	FGr	10000	A50	C1	10000	1000	0	0.5	300	0.5
235	0.199062077074	0.9713190134	0	0	0	0.199062077074	0.9713190134	NoCorrection	10000	A50	C1	10000	1000	0	0.5	300	0.5
236	0.00574748869813995	0.0154826394000002	0	0.492	0.528	0.00574748869813995	0.0154826394000002	ID	10000	A50	C1	10000	1000	0	0.5	300	0.5
237	-0.009846191841	0.00348871005	0	0.321	0.874	-0.009846191841	0.00348871005	1	10000	A50	C1	10000	1000	0	0.5	300	1
238	0.00970957346899999	0.10814740995	0	0.402	0	0.00970957346899999	0.10814740995	FGr	10000	A50	C1	10000	1000	0	0.5	300	1
239	0.382315518278	1.982132747	0	0	0	0.382315518278	1.982132747	NoCorrection	10000	A50	C1	10000	1000	0	0.5	300	1
240	-0.010489231541	-0.00249851455000001	0	0.306	0.895	-0.010489231541	-0.00249851455000001	ID	10000	A50	C1	10000	1000	0	0.5	300	1
241	0.00123726928208999	0.00123726928208999	0	0.867	0.88	0.00123726928208999	0.00123726928208999	1	300	A50	C1	10000	10000	0	0.5	300	0
242	0.01045412094216	0.01045412094216	0	0.179	0.184	0.01045412094216	0.01045412094216	FGr	300	A50	C1	10000	10000	0	0.5	300	0
243	0.00366956481728	0.00366956481727999	0	0.604	0.616	0.00366956481728	0.00366956481727999	NoCorrection	300	A50	C1	10000	10000	0	0.5	300	0
244	0.003788258028637	0.003788258028637	0	0.622	0.619	0.003788258028637	0.003788258028637	ID	300	A50	C1	10000	10000	0	0.5	300	0
245	0.0101669285023999	0.0101669285023999	0	0.297	0.27	0.0101669285023999	0.0101669285023999	1	300	A50	C1	10000	10000	0	0.5	300	0.1
246	0.0358500403761001	0.0358500403761001	0	0	0	0.0358500403761001	0.0358500403761001	FGr	300	A50	C1	10000	10000	0	0.5	300	0.1
247	0.0452249672091501	0.0452249672091501	0	0	0	0.0452249672091501	0.0452249672091501	NoCorrection	300	A50	C1	10000	10000	0	0.5	300	0.1
248	0.01046780644336	0.01046780644336	0	0.27	0.263	0.01046780644336	0.01046780644336	ID	300	A50	C1	10000	10000	0	0.5	300	0.1
249	-0.000285428171850032	-0.000285428171850025	0	0.966	0.972	-0.000285428171850032	-0.000285428171850025	1	300	A50	C1	10000	10000	0	0.5	300	0.5
250	0.1127639549499	0.1127639549499	0	0	0	0.1127639549499	0.1127639549499	FGr	300	A50	C1	10000	10000	0	0.5	300	0.5
251	0.21935012768919	0.21935012768919	0	0	0	0.21935012768919	0.21935012768919	NoCorrection	300	A50	C1	10000	10000	0	0.5	300	0.5
252	-0.00181677881895002	-0.00181677881895002	0	0.857	0.841	-0.00181677881895002	-0.00181677881895002	ID	300	A50	C1	10000	10000	0	0.5	300	0.5
253	0.0107293899224165	0.0107293899224165	0	0.238	0.258	0.0107293899224165	0.0107293899224165	1	300	A50	C1	10000	10000	0	0.5	300	1
254	0.2489077526277	0.2489077526277	0	0	0	0.2489077526277	0.2489077526277	FGr	300	A50	C1	10000	10000	0	0.5	300	1
255	0.4496980952556	0.4496980952556	0	0	0	0.4496980952556	0.4496980952556	NoCorrection	300	A50	C1	10000	10000	0	0.5	300	1
256	0.0137428081614552	0.0137428081614552	0	0.137	0.162	0.0137428081614552	0.0137428081614552	ID	300	A50	C1	10000	10000	0	0.5	300	1
257	0.000224719638550074	-0.00836799616999979	0	0.981	0.571	0.000224719638550074	-0.00836799616999979	1	1000	A50	C1	10000	10000	0	0.5	300	0
258	-0.00114640719039499	-0.01066205857	0	0.897	0.433	-0.00114640719039499	-0.01066205857	FGr	1000	A50	C1	10000	10000	0	0.5	300	0
259	0.0110688872733501	0.0203118321050003	0	0.227	0.143	0.0110688872733501	0.0203118321050003	NoCorrection	1000	A50	C1	10000	10000	0	0.5	300	0
260	0.00107715788908005	-0.0074591851000001	0	0.913	0.615	0.00107715788908005	-0.0074591851000001	ID	1000	A50	C1	10000	10000	0	0.5	300	0
261	-0.00114705680405004	-0.01331168005	0	0.886	0.342	-0.00114705680405004	-0.01331168005	1	1000	A50	C1	10000	10000	0	0.5	300	0.1
262	0.00631972412734004	0.00847299577000002	0	0.417	0.541	0.00631972412734004	0.00847299577000002	FGr	1000	A50	C1	10000	10000	0	0.5	300	0.1
263	0.0302277717115001	0.07319438734	0	0.001	0	0.0302277717115001	0.07319438734	NoCorrection	1000	A50	C1	10000	10000	0	0.5	300	0.1
264	-0.00100572672572509	-0.012538553455	0	0.893	0.372	-0.00100572672572509	-0.012538553455	ID	1000	A50	C1	10000	10000	0	0.5	300	0.1
265	-0.00665580346101507	-0.0222328147249998	0	0.418	0.104	-0.00665580346101507	-0.0222328147249998	1	1000	A50	C1	10000	10000	0	0.5	300	0.5
266	0.0470263516217997	0.109902236675001	0	0	0	0.0470263516217997	0.109902236675001	FGr	1000	A50	C1	10000	10000	0	0.5	300	0.5
267	0.1818391671375	0.455199114484999	0	0	0	0.1818391671375	0.455199114484999	NoCorrection	1000	A50	C1	10000	10000	0	0.5	300	0.5
268	-0.00208311090205009	-0.0178873620800001	0	0.821	0.195	-0.00208311090205009	-0.0178873620800001	ID	1000	A50	C1	10000	10000	0	0.5	300	0.5
269	0.0040826671648	-0.00620021353500004	0	0.593	0.663	0.0040826671648	-0.00620021353500004	1	1000	A50	C1	10000	10000	0	0.5	300	1
270	0.1170326384336	0.258812875155001	0	0	0	0.1170326384336	0.258812875155001	FGr	1000	A50	C1	10000	10000	0	0.5	300	1
271	0.376021627588699	0.932007844714998	0	0	0	0.376021627588699	0.932007844714998	NoCorrection	1000	A50	C1	10000	10000	0	0.5	300	1
272	0.00549847120085	-0.00549566783999998	0	0.489	0.661	0.00549847120085	-0.00549566783999998	ID	1000	A50	C1	10000	10000	0	0.5	300	1
273	0.00814581909059998	-0.0169152014599999	0	0.352	0.386	0.00814581909059998	-0.0169152014599999	1	10000	A50	C1	10000	10000	0	0.5	300	0
274	0.00887169737296701	-0.01755688506	0	0.309	0.408	0.00887169737296701	-0.01755688506	FGr	10000	A50	C1	10000	10000	0	0.5	300	0
275	0.00227857785344498	-0.0470837612900001	0	0.797	0.027	0.00227857785344498	-0.0470837612900001	NoCorrection	10000	A50	C1	10000	10000	0	0.5	300	0
276	0.00725100546088999	-0.0199621348599999	0	0.409	0.323	0.00725100546088999	-0.0199621348599999	ID	10000	A50	C1	10000	10000	0	0.5	300	0
277	0.000959534034439949	0.0318205927999999	0	0.912	0.14	0.000959534034439949	0.0318205927999999	1	10000	A50	C1	10000	10000	0	0.5	300	0.1
278	0.00184367643512003	0.0386830459800001	0	0.801	0.075	0.00184367643512003	0.0386830459800001	FGr	10000	A50	C1	10000	10000	0	0.5	300	0.1
279	0.0272133584901	0.19328193026	0	0.001	0	0.0272133584901	0.19328193026	NoCorrection	10000	A50	C1	10000	10000	0	0.5	300	0.1
280	0.00136325038794002	0.033946048285	0	0.865	0.116	0.00136325038794002	0.033946048285	ID	10000	A50	C1	10000	10000	0	0.5	300	0.1
281	-0.000939448308640015	-0.0290495976049998	0	0.894	0.122	-0.000939448308640015	-0.0290495976049998	1	10000	A50	C1	10000	10000	0	0.5	300	0.5
282	0.00724229319785003	0.0271341480199998	0	0.253	0.183	0.00724229319785003	0.0271341480199998	FGr	10000	A50	C1	10000	10000	0	0.5	300	0.5
283	0.161866234878744	0.995694282835	0	0	0	0.161866234878744	0.995694282835	NoCorrection	10000	A50	C1	10000	10000	0	0.5	300	0.5
284	-0.00160446174309995	-0.0364720787699999	0	0.834	0.052	-0.00160446174309995	-0.0364720787699999	ID	10000	A50	C1	10000	10000	0	0.5	300	0.5
285	-0.01099226462935	0.0253143310300006	0	0.179	0.24	-0.01099226462935	0.0253143310300006	1	10000	A50	C1	10000	10000	0	0.5	300	1
286	0.00405364285435004	0.106842854245	0	0.65	0	0.00405364285435004	0.106842854245	FGr	10000	A50	C1	10000	10000	0	0.5	300	1
287	0.318088534817503	2.0641868946	0	0	0	0.318088534817503	2.0641868946	NoCorrection	10000	A50	C1	10000	10000	0	0.5	300	1
288	-0.01121939265535	0.0184415076100001	0	0.206	0.355	-0.01121939265535	0.0184415076100001	ID	10000	A50	C1	10000	10000	0	0.5	300	1
289	-0.045461926975	-0.045461926975	0	0.209	0.215	-0.045461926975	-0.045461926975	1	300	A50	C2	1000	100	0	0.5	300	0
290	-0.04252945496	-0.04252945496	0	0.25	0.219	-0.04252945496	-0.04252945496	FGr	300	A50	C2	1000	100	0	0.5	300	0
291	-0.044039407455	-0.044039407455	0	0.196	0.224	-0.044039407455	-0.044039407455	NoCorrection	300	A50	C2	1000	100	0	0.5	300	0
292	-0.043806691681	-0.043806691681	0	0.24	0.221	-0.043806691681	-0.043806691681	ID	300	A50	C2	1000	100	0	0.5	300	0
293	-0.0334265347	-0.0334265347	0	0.324	0.283	-0.0334265347	-0.0334265347	1	300	A50	C2	1000	100	0	0.5	300	0.1
294	-0.03137750833	-0.03137750833	0	0.295	0.325	-0.03137750833	-0.03137750833	FGr	300	A50	C2	1000	100	0	0.5	300	0.1
295	-0.031143035592	-0.031143035592	0	0.314	0.306	-0.031143035592	-0.031143035592	NoCorrection	300	A50	C2	1000	100	0	0.5	300	0.1
296	-0.0309456205624999	-0.0309456205625	0	0.345	0.301	-0.0309456205624999	-0.0309456205625	ID	300	A50	C2	1000	100	0	0.5	300	0.1
297	0.03339794309	0.03339794309	0	0.295	0.297	0.03339794309	0.03339794309	1	300	A50	C2	1000	100	0	0.5	300	0.5
298	0.01979782495	0.01979782495	0	0.614	0.629	0.01979782495	0.01979782495	FGr	300	A50	C2	1000	100	0	0.5	300	0.5
299	0.020204369905	0.020204369905	0	0.594	0.599	0.020204369905	0.020204369905	NoCorrection	300	A50	C2	1000	100	0	0.5	300	0.5
300	0.023512614245	0.023512614245	0	0.461	0.459	0.023512614245	0.023512614245	ID	300	A50	C2	1000	100	0	0.5	300	0.5
301	0.04556364515	0.04556364515	0	0.214	0.209	0.04556364515	0.04556364515	1	300	A50	C2	1000	100	0	0.5	300	1
302	0.02913048148	0.02913048148	0	0.54	0.544	0.02913048148	0.02913048148	FGr	300	A50	C2	1000	100	0	0.5	300	1
303	0.028092300053	0.0280923000529999	0	0.568	0.58	0.028092300053	0.0280923000529999	NoCorrection	300	A50	C2	1000	100	0	0.5	300	1
304	0.033546208555	0.033546208555	0	0.314	0.338	0.033546208555	0.033546208555	ID	300	A50	C2	1000	100	0	0.5	300	1
305	-0.021458419715	0.0159510544999999	0	0.618	0.801	-0.021458419715	0.0159510544999999	1	1000	A50	C2	1000	100	0	0.5	300	0
306	-0.02485464972	0.00143055449999996	0	0.525	0.983	-0.02485464972	0.00143055449999996	FGr	1000	A50	C2	1000	100	0	0.5	300	0
307	-0.021815120065	0.0231856260000001	0	0.596	0.72	-0.021815120065	0.0231856260000001	NoCorrection	1000	A50	C2	1000	100	0	0.5	300	0
308	-0.0213254484025	0.014032116	0	0.619	0.82	-0.0213254484025	0.014032116	ID	1000	A50	C2	1000	100	0	0.5	300	0
309	0.01436950988	0.052853952	0	0.652	0.349	0.01436950988	0.052853952	1	1000	A50	C2	1000	100	0	0.5	300	0.1
310	0.01556345175	0.0431551605	0	0.623	0.416	0.01556345175	0.0431551605	FGr	1000	A50	C2	1000	100	0	0.5	300	0.1
311	0.015238618215	0.041094656	0	0.633	0.44	0.015238618215	0.041094656	NoCorrection	1000	A50	C2	1000	100	0	0.5	300	0.1
312	0.014967877595	0.0430260385	0	0.628	0.432	0.014967877595	0.0430260385	ID	1000	A50	C2	1000	100	0	0.5	300	0.1
313	-0.0788046370099999	-0.0170835715	0	0.046	0.751	-0.0788046370099999	-0.0170835715	1	1000	A50	C2	1000	100	0	0.5	300	0.5
314	-0.0724508996999999	-0.0373087799999999	0	0.122	0.569	-0.0724508996999999	-0.0373087799999999	FGr	1000	A50	C2	1000	100	0	0.5	300	0.5
315	-0.0708325388649999	-0.034912721	0	0.116	0.611	-0.0708325388649999	-0.034912721	NoCorrection	1000	A50	C2	1000	100	0	0.5	300	0.5
316	-0.079784053205	-0.0174683315	0	0.034	0.782	-0.079784053205	-0.0174683315	ID	1000	A50	C2	1000	100	0	0.5	300	0.5
317	-0.012231213461	-0.1428799085	0	0.695	0.007	-0.012231213461	-0.1428799085	1	1000	A50	C2	1000	100	0	0.5	300	1
318	0.000227314090000039	-0.1657559255	0	0.999	0.043	0.000227314090000039	-0.1657559255	FGr	1000	A50	C2	1000	100	0	0.5	300	1
319	-0.000907611608999961	-0.1653649295	0	0.984	0.05	-0.000907611608999961	-0.1653649295	NoCorrection	1000	A50	C2	1000	100	0	0.5	300	1
320	-0.014790751855	-0.124473385	0	0.638	0.018	-0.014790751855	-0.124473385	ID	1000	A50	C2	1000	100	0	0.5	300	1
321	-0.0375232481505	0.0830597950000001	0	0.269	0.331	-0.0375232481505	0.0830597950000001	1	10000	A50	C2	1000	100	0	0.5	300	0
322	-0.0369639344550001	0.070326548	0	0.296	0.419	-0.0369639344550001	0.070326548	FGr	10000	A50	C2	1000	100	0	0.5	300	0
323	-0.036774861595	0.0708900000000001	0	0.311	0.434	-0.036774861595	0.0708900000000001	NoCorrection	10000	A50	C2	1000	100	0	0.5	300	0
324	-0.0376618861144999	0.0682584499999999	0	0.301	0.435	-0.0376618861144999	0.0682584499999999	ID	10000	A50	C2	1000	100	0	0.5	300	0
325	0.044768136284	-0.1528567215	0	0.191	0.071	0.044768136284	-0.1528567215	1	10000	A50	C2	1000	100	0	0.5	300	0.1
326	0.042671214365	-0.1934110425	0	0.215	0.039	0.042671214365	-0.1934110425	FGr	10000	A50	C2	1000	100	0	0.5	300	0.1
327	0.0421626283659	-0.180111187	0	0.216	0.046	0.0421626283659	-0.180111187	NoCorrection	10000	A50	C2	1000	100	0	0.5	300	0.1
328	0.04504142681	-0.149878529	0	0.195	0.085	0.04504142681	-0.149878529	ID	10000	A50	C2	1000	100	0	0.5	300	0.1
329	0.0347220123900001	-0.090507436	0	0.407	0.348	0.0347220123900001	-0.090507436	1	10000	A50	C2	1000	100	0	0.5	300	0.5
330	0.02574458414	-0.030462315	0	0.59	0.771	0.02574458414	-0.030462315	FGr	10000	A50	C2	1000	100	0	0.5	300	0.5
331	0.026029603039	-0.05236448	0	0.605	0.603	0.026029603039	-0.05236448	NoCorrection	10000	A50	C2	1000	100	0	0.5	300	0.5
332	0.03537854986	-0.060965218	0	0.373	0.499	0.03537854986	-0.060965218	ID	10000	A50	C2	1000	100	0	0.5	300	0.5
333	0.022965374945	0.0303670570000001	0	0.527	0.696	0.022965374945	0.0303670570000001	1	10000	A50	C2	1000	100	0	0.5	300	1
334	0.00942997534600005	0.063013665	0	0.878	0.621	0.00942997534600005	0.063013665	FGr	10000	A50	C2	1000	100	0	0.5	300	1
335	0.00935561596499984	0.0520118100000001	0	0.855	0.683	0.00935561596499984	0.0520118100000001	NoCorrection	10000	A50	C2	1000	100	0	0.5	300	1
336	0.0240063205	0.0197118515	0	0.524	0.801	0.0240063205	0.0197118515	ID	10000	A50	C2	1000	100	0	0.5	300	1
337	-0.021387029975	-0.021387029975	0	0.277	0.286	-0.021387029975	-0.021387029975	1	300	A50	C2	1000	1000	0	0.5	300	0
338	-0.022319430374	-0.022319430374	0	0.237	0.252	-0.022319430374	-0.022319430374	FGr	300	A50	C2	1000	1000	0	0.5	300	0
339	-0.0223983834126	-0.0223983834126	0	0.246	0.248	-0.0223983834126	-0.0223983834126	NoCorrection	300	A50	C2	1000	1000	0	0.5	300	0
340	-0.0209170174970001	-0.0209170174970001	0	0.279	0.292	-0.0209170174970001	-0.0209170174970001	ID	300	A50	C2	1000	1000	0	0.5	300	0
341	-0.00343153454405001	-0.00343153454405001	0	0.871	0.868	-0.00343153454405001	-0.00343153454405001	1	300	A50	C2	1000	1000	0	0.5	300	0.1
342	-0.00347058824950002	-0.00347058824950001	0	0.865	0.88	-0.00347058824950002	-0.00347058824950001	FGr	300	A50	C2	1000	1000	0	0.5	300	0.1
343	-0.00311365424745	-0.00311365424745001	0	0.881	0.888	-0.00311365424745	-0.00311365424745001	NoCorrection	300	A50	C2	1000	1000	0	0.5	300	0.1
344	0.007199281821	0.007199281821	0	0.766	0.749	0.007199281821	0.007199281821	ID	300	A50	C2	1000	1000	0	0.5	300	0.1
345	-0.00123667206225	-0.00123667206225	0	0.944	0.966	-0.00123667206225	-0.00123667206225	1	300	A50	C2	1000	1000	0	0.5	300	0.5
346	-0.0246071339565	-0.0246071339565	0	0.34	0.355	-0.0246071339565	-0.0246071339565	FGr	300	A50	C2	1000	1000	0	0.5	300	0.5
347	-0.0257368256245	-0.0257368256245	0	0.313	0.288	-0.0257368256245	-0.0257368256245	NoCorrection	300	A50	C2	1000	1000	0	0.5	300	0.5
348	0.00440468689990003	0.0044046868999	0	0.839	0.829	0.00440468689990003	0.0044046868999	ID	300	A50	C2	1000	1000	0	0.5	300	0.5
349	0.00942356552399994	0.00942356552399993	0	0.665	0.649	0.00942356552399994	0.00942356552399993	1	300	A50	C2	1000	1000	0	0.5	300	1
350	-0.0270227069595	-0.0270227069595	0	0.409	0.437	-0.0270227069595	-0.0270227069595	FGr	300	A50	C2	1000	1000	0	0.5	300	1
351	-0.0292930374639999	-0.029293037464	0	0.381	0.372	-0.0292930374639999	-0.029293037464	NoCorrection	300	A50	C2	1000	1000	0	0.5	300	1
352	0.0218468015386	0.0218468015386	0	0.244	0.3	0.0218468015386	0.0218468015386	ID	300	A50	C2	1000	1000	0	0.5	300	1
353	0.0293339446949999	-0.00281160034999957	0	0.189	0.944	0.0293339446949999	-0.00281160034999957	1	1000	A50	C2	1000	1000	0	0.5	300	0
354	0.0291780549925	0.00160032855000021	0	0.175	0.953	0.0291780549925	0.00160032855000021	FGr	1000	A50	C2	1000	1000	0	0.5	300	0
355	0.0289729069285	-0.00234254100000002	0	0.204	0.928	0.0289729069285	-0.00234254100000002	NoCorrection	1000	A50	C2	1000	1000	0	0.5	300	0
356	0.0292479702045	-0.00303297230000002	0	0.185	0.911	0.0292479702045	-0.00303297230000002	ID	1000	A50	C2	1000	1000	0	0.5	300	0
357	-0.010936309158	-0.07077309625	0	0.647	0.055	-0.010936309158	-0.07077309625	1	1000	A50	C2	1000	1000	0	0.5	300	0.1
358	-0.00832522870750003	-0.0555432011999999	0	0.745	0.136	-0.00832522870750003	-0.0555432011999999	FGr	1000	A50	C2	1000	1000	0	0.5	300	0.1
359	-0.00848503704320008	-0.0492961121999999	0	0.73	0.181	-0.00848503704320008	-0.0492961121999999	NoCorrection	1000	A50	C2	1000	1000	0	0.5	300	0.1
360	-0.0100043655725001	-0.06573347355	0	0.68	0.083	-0.0100043655725001	-0.06573347355	ID	1000	A50	C2	1000	1000	0	0.5	300	0.1
361	0.0370209071345	0.0320577779000001	0	0.098	0.373	0.0370209071345	0.0320577779000001	1	1000	A50	C2	1000	1000	0	0.5	300	0.5
362	0.0442568076211999	0.03476092105	0	0.064	0.378	0.0442568076211999	0.03476092105	FGr	1000	A50	C2	1000	1000	0	0.5	300	0.5
363	0.044046957416	0.0422198396000001	0	0.075	0.309	0.044046957416	0.0422198396000001	NoCorrection	1000	A50	C2	1000	1000	0	0.5	300	0.5
364	0.03923081490435	0.0353954207	0	0.069	0.325	0.03923081490435	0.0353954207	ID	1000	A50	C2	1000	1000	0	0.5	300	0.5
365	0.003306169063	0.0221754672	0	0.881	0.567	0.003306169063	0.0221754672	1	1000	A50	C2	1000	1000	0	0.5	300	1
366	0.0163006480025	0.0690286642500001	0	0.564	0.157	0.0163006480025	0.0690286642500001	FGr	1000	A50	C2	1000	1000	0	0.5	300	1
367	0.016235943273	0.07041012685	0	0.549	0.15	0.016235943273	0.07041012685	NoCorrection	1000	A50	C2	1000	1000	0	0.5	300	1
368	0.00615484630899999	0.0534019114999999	0	0.757	0.127	0.00615484630899999	0.0534019114999999	ID	1000	A50	C2	1000	1000	0	0.5	300	1
369	0.0247091095996	0.0861219307000003	0	0.176	0.107	0.0247091095996	0.0861219307000003	1	10000	A50	C2	1000	1000	0	0.5	300	0
370	0.0240142671105001	0.0859976396	0	0.19	0.114	0.0240142671105001	0.0859976396	FGr	10000	A50	C2	1000	1000	0	0.5	300	0
371	0.0238622861344999	0.0962265277000001	0	0.191	0.08	0.0238622861344999	0.0962265277000001	NoCorrection	10000	A50	C2	1000	1000	0	0.5	300	0
372	0.0251198291650002	0.0964961190000002	0	0.181	0.085	0.0251198291650002	0.0964961190000002	ID	10000	A50	C2	1000	1000	0	0.5	300	0
373	-0.0250453156145	0.0655611165	0	0.277	0.279	-0.0250453156145	0.0655611165	1	10000	A50	C2	1000	1000	0	0.5	300	0.1
374	-0.026228853377	0.0359816515	0	0.251	0.524	-0.026228853377	0.0359816515	FGr	10000	A50	C2	1000	1000	0	0.5	300	0.1
375	-0.02804738251615	0.035303079	0	0.217	0.518	-0.02804738251615	0.035303079	NoCorrection	10000	A50	C2	1000	1000	0	0.5	300	0.1
376	-0.0254576909865001	0.0703856635000001	0	0.249	0.217	-0.0254576909865001	0.0703856635000001	ID	10000	A50	C2	1000	1000	0	0.5	300	0.1
377	-0.0350037397662	0.00633491729999998	0	0.065	0.911	-0.0350037397662	0.00633491729999998	1	10000	A50	C2	1000	1000	0	0.5	300	0.5
378	-0.0458308902140001	-0.0995145960000001	0	0.035	0.088	-0.0458308902140001	-0.0995145960000001	FGr	10000	A50	C2	1000	1000	0	0.5	300	0.5
379	-0.045569417925	-0.0918633494999999	0	0.039	0.132	-0.045569417925	-0.0918633494999999	NoCorrection	10000	A50	C2	1000	1000	0	0.5	300	0.5
380	-0.036291081989	0.000917688150000074	0	0.053	0.984	-0.036291081989	0.000917688150000074	ID	10000	A50	C2	1000	1000	0	0.5	300	0.5
381	0.010935826675	-0.0498914991999996	0	0.568	0.384	0.010935826675	-0.0498914991999996	1	10000	A50	C2	1000	1000	0	0.5	300	1
382	-0.011715075514	0.00792608400000021	0	0.693	0.93	-0.011715075514	0.00792608400000021	FGr	10000	A50	C2	1000	1000	0	0.5	300	1
383	-0.0150988695805	0.00810111399999995	0	0.63	0.92	-0.0150988695805	0.00810111399999995	NoCorrection	10000	A50	C2	1000	1000	0	0.5	300	1
384	0.00722776681400001	-0.03591168405	0	0.741	0.557	0.00722776681400001	-0.03591168405	ID	10000	A50	C2	1000	1000	0	0.5	300	1
385	-0.0180421229550992	-0.0180421229550992	0	0.38	0.329	-0.0180421229550992	-0.0180421229550992	1	300	A50	C2	1000	10000	0	0.5	300	0
386	-0.0177744204433007	-0.0177744204433008	0	0.394	0.36	-0.0177744204433007	-0.0177744204433008	FGr	300	A50	C2	1000	10000	0	0.5	300	0
387	-0.0179689961124	-0.0179689961124	0	0.354	0.34	-0.0179689961124	-0.0179689961124	NoCorrection	300	A50	C2	1000	10000	0	0.5	300	0
388	-0.0194250127794591	-0.0194250127794591	0	0.301	0.292	-0.0194250127794591	-0.0194250127794591	ID	300	A50	C2	1000	10000	0	0.5	300	0
389	0.00630605447319988	0.00630605447319998	0	0.723	0.752	0.00630605447319988	0.00630605447319998	1	300	A50	C2	1000	10000	0	0.5	300	0.1
390	0.00549412627806972	0.00549412627806973	0	0.763	0.783	0.00549412627806972	0.00549412627806973	FGr	300	A50	C2	1000	10000	0	0.5	300	0.1
391	0.00633702555169997	0.00633702555169994	0	0.727	0.712	0.00633702555169997	0.00633702555169994	NoCorrection	300	A50	C2	1000	10000	0	0.5	300	0.1
392	0.00830024756350034	0.00830024756350035	0	0.677	0.643	0.00830024756350034	0.00830024756350035	ID	300	A50	C2	1000	10000	0	0.5	300	0.1
393	-0.033493126307	-0.033493126307	0	0.059	0.066	-0.033493126307	-0.033493126307	1	300	A50	C2	1000	10000	0	0.5	300	0.5
394	-0.0325561982506	-0.0325561982506	0	0.089	0.109	-0.0325561982506	-0.0325561982506	FGr	300	A50	C2	1000	10000	0	0.5	300	0.5
395	-0.0322795547150998	-0.0322795547150999	0	0.102	0.122	-0.0322795547150998	-0.0322795547150999	NoCorrection	300	A50	C2	1000	10000	0	0.5	300	0.5
396	-0.0272687454545	-0.0272687454545	0	0.119	0.132	-0.0272687454545	-0.0272687454545	ID	300	A50	C2	1000	10000	0	0.5	300	0.5
397	-0.0321246118099003	-0.0321246118099003	0	0.105	0.132	-0.0321246118099003	-0.0321246118099003	1	300	A50	C2	1000	10000	0	0.5	300	1
398	-0.03159784117853	-0.03159784117853	0	0.287	0.271	-0.03159784117853	-0.03159784117853	FGr	300	A50	C2	1000	10000	0	0.5	300	1
399	-0.03099018269895	-0.03099018269895	0	0.281	0.274	-0.03099018269895	-0.03099018269895	NoCorrection	300	A50	C2	1000	10000	0	0.5	300	1
400	-0.0205484493326494	-0.0205484493326495	0	0.28	0.264	-0.0205484493326494	-0.0205484493326495	ID	300	A50	C2	1000	10000	0	0.5	300	1
401	-0.0439625705590001	-0.033434335475	0	0.021	0.309	-0.0439625705590001	-0.033434335475	1	1000	A50	C2	1000	10000	0	0.5	300	0
402	-0.0443370155865001	-0.0352919727000001	0	0.037	0.274	-0.0443370155865001	-0.0352919727000001	FGr	1000	A50	C2	1000	10000	0	0.5	300	0
403	-0.044035241168	-0.0332933947100001	0	0.02	0.3	-0.044035241168	-0.0332933947100001	NoCorrection	1000	A50	C2	1000	10000	0	0.5	300	0
404	-0.0440549283507499	-0.0334847888649999	0	0.026	0.302	-0.0440549283507499	-0.0334847888649999	ID	1000	A50	C2	1000	10000	0	0.5	300	0
405	-0.00303685013230004	0.00265912072499999	0	0.865	0.924	-0.00303685013230004	0.00265912072499999	1	1000	A50	C2	1000	10000	0	0.5	300	0.1
406	-0.00665260611390017	-0.00442013086999982	0	0.65	0.873	-0.00665260611390017	-0.00442013086999982	FGr	1000	A50	C2	1000	10000	0	0.5	300	0.1
407	-0.00579231110290007	-0.00165081948999995	0	0.711	0.955	-0.00579231110290007	-0.00165081948999995	NoCorrection	1000	A50	C2	1000	10000	0	0.5	300	0.1
408	-0.00247088358074994	0.00324198490000008	0	0.884	0.914	-0.00247088358074994	0.00324198490000008	ID	1000	A50	C2	1000	10000	0	0.5	300	0.1
409	-0.0189219364454001	-0.0208525460900001	0	0.281	0.482	-0.0189219364454001	-0.0208525460900001	1	1000	A50	C2	1000	10000	0	0.5	300	0.5
410	-0.0266743713293397	-0.0536006614750002	0	0.154	0.101	-0.0266743713293397	-0.0536006614750002	FGr	1000	A50	C2	1000	10000	0	0.5	300	0.5
411	-0.0259577096287	-0.05304520573	0	0.153	0.107	-0.0259577096287	-0.05304520573	NoCorrection	1000	A50	C2	1000	10000	0	0.5	300	0.5
412	-0.0163298500923999	-0.0116306287300001	0	0.35	0.741	-0.0163298500923999	-0.0116306287300001	ID	1000	A50	C2	1000	10000	0	0.5	300	0.5
413	0.0168883485947001	-0.0147400866249997	0	0.412	0.642	0.0168883485947001	-0.0147400866249997	1	1000	A50	C2	1000	10000	0	0.5	300	1
414	-0.00198614117305002	0.00290742849	0	0.939	0.944	-0.00198614117305002	0.00290742849	FGr	1000	A50	C2	1000	10000	0	0.5	300	1
415	-0.00153662035483999	0.000749330840000029	0	0.967	0.986	-0.00153662035483999	0.000749330840000029	NoCorrection	1000	A50	C2	1000	10000	0	0.5	300	1
416	0.02060969164513	0.0129039021749998	0	0.271	0.674	0.02060969164513	0.0129039021749998	ID	1000	A50	C2	1000	10000	0	0.5	300	1
417	0.02539567342835	-0.0327224717050012	0	0.218	0.469	0.02539567342835	-0.0327224717050012	1	10000	A50	C2	1000	10000	0	0.5	300	0
418	0.0251919480899251	-0.0263238089400005	0	0.223	0.582	0.0251919480899251	-0.0263238089400005	FGr	10000	A50	C2	1000	10000	0	0.5	300	0
419	0.0259785312144501	-0.0288832450800003	0	0.194	0.543	0.0259785312144501	-0.0288832450800003	NoCorrection	10000	A50	C2	1000	10000	0	0.5	300	0
420	0.0254736449564699	-0.0376113394249998	0	0.221	0.448	0.0254736449564699	-0.0376113394249998	ID	10000	A50	C2	1000	10000	0	0.5	300	0
421	0.019436340836201	-0.0352978948300009	0	0.282	0.418	0.019436340836201	-0.0352978948300009	1	10000	A50	C2	1000	10000	0	0.5	300	0.1
422	0.0197084738122999	-0.022138263555	0	0.281	0.648	0.0197084738122999	-0.022138263555	FGr	10000	A50	C2	1000	10000	0	0.5	300	0.1
423	0.0199437465137002	-0.018882094005	0	0.274	0.68	0.0199437465137002	-0.018882094005	NoCorrection	10000	A50	C2	1000	10000	0	0.5	300	0.1
424	0.0192604674099199	-0.0281846534249999	0	0.309	0.523	0.0192604674099199	-0.0281846534249999	ID	10000	A50	C2	1000	10000	0	0.5	300	0.1
425	-0.00356177477160007	-0.0657972573300002	0	0.857	0.17	-0.00356177477160007	-0.0657972573300002	1	10000	A50	C2	1000	10000	0	0.5	300	0.5
426	0.00947284013979977	0.03314878135	0	0.678	0.504	0.00947284013979977	0.03314878135	FGr	10000	A50	C2	1000	10000	0	0.5	300	0.5
427	0.0089203046197	0.032034581	0	0.671	0.531	0.0089203046197	0.032034581	NoCorrection	10000	A50	C2	1000	10000	0	0.5	300	0.5
428	-0.00351956786229993	-0.0600216005800001	0	0.863	0.224	-0.00351956786229993	-0.0600216005800001	ID	10000	A50	C2	1000	10000	0	0.5	300	0.5
429	-0.0229514630608	0.0595197991199998	0	0.222	0.198	-0.0229514630608	0.0595197991199998	1	10000	A50	C2	1000	10000	0	0.5	300	1
430	0.00273000803500006	-0.0628003667999996	0	0.932	0.394	0.00273000803500006	-0.0628003667999996	FGr	10000	A50	C2	1000	10000	0	0.5	300	1
431	0.00231628207699998	-0.0742361795999993	0	0.926	0.324	0.00231628207699998	-0.0742361795999993	NoCorrection	10000	A50	C2	1000	10000	0	0.5	300	1
432	-0.0231517614934497	0.0549129409599998	0	0.211	0.237	-0.0231517614934497	0.0549129409599998	ID	10000	A50	C2	1000	10000	0	0.5	300	1
433	0.0091918679785	0.0091918679785	0	0.427	0.39	0.0091918679785	0.0091918679785	1	300	A50	C2	10000	100	0	0.5	300	0
434	0.00893237387405	0.00893237387405001	0	0.414	0.407	0.00893237387405	0.00893237387405001	FGr	300	A50	C2	10000	100	0	0.5	300	0
435	0.0088941991495	0.0088941991495	0	0.397	0.428	0.0088941991495	0.0088941991495	NoCorrection	300	A50	C2	10000	100	0	0.5	300	0
436	0.0086928049955	0.0086928049955	0	0.417	0.433	0.0086928049955	0.0086928049955	ID	300	A50	C2	10000	100	0	0.5	300	0
437	0.023992010202	0.023992010202	0	0.021	0.027	0.023992010202	0.023992010202	1	300	A50	C2	10000	100	0	0.5	300	0.1
438	0.022184007415	0.022184007415	0	0.05	0.068	0.022184007415	0.022184007415	FGr	300	A50	C2	10000	100	0	0.5	300	0.1
439	0.022179901117	0.022179901117	0	0.073	0.065	0.022179901117	0.022179901117	NoCorrection	300	A50	C2	10000	100	0	0.5	300	0.1
440	0.023695806713	0.023695806713	0	0.031	0.035	0.023695806713	0.023695806713	ID	300	A50	C2	10000	100	0	0.5	300	0.1
441	0.0068812987295	0.0068812987295	0	0.523	0.5	0.0068812987295	0.0068812987295	1	300	A50	C2	10000	100	0	0.5	300	0.5
442	0.000166642164000006	0.000166642163999944	0	0.989	0.995	0.000166642164000006	0.000166642163999944	FGr	300	A50	C2	10000	100	0	0.5	300	0.5
443	2.55957734999956e-05	2.55957735000134e-05	0	1	1	2.55957734999956e-05	2.55957735000134e-05	NoCorrection	300	A50	C2	10000	100	0	0.5	300	0.5
444	0.00700901401750002	0.0070090140175	0	0.499	0.506	0.00700901401750002	0.0070090140175	ID	300	A50	C2	10000	100	0	0.5	300	0.5
445	0.0028394606695	0.0028394606695	0	0.807	0.77	0.0028394606695	0.0028394606695	1	300	A50	C2	10000	100	0	0.5	300	1
446	-0.00964702437500001	-0.0096470243750001	0	0.793	0.811	-0.00964702437500001	-0.0096470243750001	FGr	300	A50	C2	10000	100	0	0.5	300	1
447	-0.0095809334449999	-0.00958093344499996	0	0.806	0.781	-0.0095809334449999	-0.00958093344499996	NoCorrection	300	A50	C2	10000	100	0	0.5	300	1
448	0.0037933716	0.0037933716	0	0.721	0.69	0.0037933716	0.0037933716	ID	300	A50	C2	10000	100	0	0.5	300	1
449	0.00534292190620001	-0.00272512850000001	0	0.734	0.899	0.00534292190620001	-0.00272512850000001	1	1000	A50	C2	10000	100	0	0.5	300	0
450	0.00562916298949999	-0.00206920350000001	0	0.692	0.898	0.00562916298949999	-0.00206920350000001	FGr	1000	A50	C2	10000	100	0	0.5	300	0
451	0.00557721136	-0.00280829700000001	0	0.701	0.878	0.00557721136	-0.00280829700000001	NoCorrection	1000	A50	C2	10000	100	0	0.5	300	0
452	0.00481897210999999	-0.00389581650000001	0	0.736	0.853	0.00481897210999999	-0.00389581650000001	ID	1000	A50	C2	10000	100	0	0.5	300	0
453	0.0034447512725	-0.00250386499999999	0	0.784	0.874	0.0034447512725	-0.00250386499999999	1	1000	A50	C2	10000	100	0	0.5	300	0.1
454	0.008836100903	0.00894990449999999	0	0.553	0.595	0.008836100903	0.00894990449999999	FGr	1000	A50	C2	10000	100	0	0.5	300	0.1
455	0.00896091434	0.0078548175	0	0.529	0.681	0.00896091434	0.0078548175	NoCorrection	1000	A50	C2	10000	100	0	0.5	300	0.1
456	0.002668865595	-0.0060069755	0	0.859	0.739	0.002668865595	-0.0060069755	ID	1000	A50	C2	10000	100	0	0.5	300	0.1
457	2.39014259999915e-05	-0.0256201055	0	0.996	0.158	2.39014259999915e-05	-0.0256201055	1	1000	A50	C2	10000	100	0	0.5	300	0.5
458	0.033653875557	0.0180348595	0	0.154	0.598	0.033653875557	0.0180348595	FGr	1000	A50	C2	10000	100	0	0.5	300	0.5
459	0.034089534298	0.0208766515	0	0.169	0.537	0.034089534298	0.0208766515	NoCorrection	1000	A50	C2	10000	100	0	0.5	300	0.5
460	0.00185236898	-0.0267922985	0	0.886	0.128	0.00185236898	-0.0267922985	ID	1000	A50	C2	10000	100	0	0.5	300	0.5
461	0.005010334605	-0.003418002	0	0.653	0.848	0.005010334605	-0.003418002	1	1000	A50	C2	10000	100	0	0.5	300	1
462	0.06769463805	0.121111685	0	0.129	0.057	0.06769463805	0.121111685	FGr	1000	A50	C2	10000	100	0	0.5	300	1
463	0.068144839067	0.1213995715	0	0.133	0.052	0.068144839067	0.1213995715	NoCorrection	1000	A50	C2	10000	100	0	0.5	300	1
464	0.00953204895800001	-0.00066172049999998	0	0.361	0.975	0.00953204895800001	-0.00066172049999998	ID	1000	A50	C2	10000	100	0	0.5	300	1
465	-0.00583858047499996	0.0183997225	0	0.548	0.514	-0.00583858047499996	0.0183997225	1	10000	A50	C2	10000	100	0	0.5	300	0
466	-0.00609430282999998	0.0258568510000001	0	0.51	0.362	-0.00609430282999998	0.0258568510000001	FGr	10000	A50	C2	10000	100	0	0.5	300	0
467	-0.00600797973000008	0.0283146265	0	0.519	0.312	-0.00600797973000008	0.0283146265	NoCorrection	10000	A50	C2	10000	100	0	0.5	300	0
468	-0.00598202414500005	0.0247833385000001	0	0.492	0.41	-0.00598202414500005	0.0247833385000001	ID	10000	A50	C2	10000	100	0	0.5	300	0
469	0.00640736946799999	0.00742364399999999	0	0.454	0.781	0.00640736946799999	0.00742364399999999	1	10000	A50	C2	10000	100	0	0.5	300	0.1
470	0.00363702134499998	0.015859423	0	0.714	0.555	0.00363702134499998	0.015859423	FGr	10000	A50	C2	10000	100	0	0.5	300	0.1
471	0.00380529156000001	0.00944135549999999	0	0.714	0.721	0.00380529156000001	0.00944135549999999	NoCorrection	10000	A50	C2	10000	100	0	0.5	300	0.1
472	0.006601387949	0.00426794500000001	0	0.451	0.886	0.006601387949	0.00426794500000001	ID	10000	A50	C2	10000	100	0	0.5	300	0.1
473	-0.0169893029565	0.001968778	0	0.094	0.941	-0.0169893029565	0.001968778	1	10000	A50	C2	10000	100	0	0.5	300	0.5
474	-0.028066439075	0.00729096750000009	0	0.15	0.901	-0.028066439075	0.00729096750000009	FGr	10000	A50	C2	10000	100	0	0.5	300	0.5
475	-0.027987174625	-0.000800767999999858	0	0.162	0.987	-0.027987174625	-0.000800767999999858	NoCorrection	10000	A50	C2	10000	100	0	0.5	300	0.5
476	-0.01648440655	0.00957908699999999	0	0.098	0.7	-0.01648440655	0.00957908699999999	ID	10000	A50	C2	10000	100	0	0.5	300	0.5
477	-0.011967677145	0.00995679500000001	0	0.206	0.723	-0.011967677145	0.00995679500000001	1	10000	A50	C2	10000	100	0	0.5	300	1
478	-0.032651673	-0.09096228	0	0.317	0.314	-0.032651673	-0.09096228	FGr	10000	A50	C2	10000	100	0	0.5	300	1
479	-0.03242229762	-0.09101628	0	0.346	0.302	-0.03242229762	-0.09101628	NoCorrection	10000	A50	C2	10000	100	0	0.5	300	1
480	-0.01094632171	0.014182834	0	0.255	0.582	-0.01094632171	0.014182834	ID	10000	A50	C2	10000	100	0	0.5	300	1
481	0.0189560332575	0.0189560332575	0	0.022	0.021	0.0189560332575	0.0189560332575	1	300	A50	C2	10000	1000	0	0.5	300	0
482	0.019343100632	0.019343100632	0	0.017	0.014	0.019343100632	0.019343100632	FGr	300	A50	C2	10000	1000	0	0.5	300	0
483	0.0192819106215	0.0192819106215	0	0.013	0.012	0.0192819106215	0.0192819106215	NoCorrection	300	A50	C2	10000	1000	0	0.5	300	0
484	0.0191454136112	0.0191454136112	0	0.012	0.022	0.0191454136112	0.0191454136112	ID	300	A50	C2	10000	1000	0	0.5	300	0
485	-0.0051532422638	-0.0051532422638	0	0.521	0.511	-0.0051532422638	-0.0051532422638	1	300	A50	C2	10000	1000	0	0.5	300	0.1
486	-0.0061445060575	-0.0061445060575	0	0.482	0.461	-0.0061445060575	-0.0061445060575	FGr	300	A50	C2	10000	1000	0	0.5	300	0.1
487	-0.0061801592915	-0.0061801592915	0	0.443	0.464	-0.0061801592915	-0.0061801592915	NoCorrection	300	A50	C2	10000	1000	0	0.5	300	0.1
488	-0.00532702583427	-0.00532702583427	0	0.498	0.504	-0.00532702583427	-0.00532702583427	ID	300	A50	C2	10000	1000	0	0.5	300	0.1
489	-0.00299512610499999	-0.002995126105	0	0.672	0.685	-0.00299512610499999	-0.002995126105	1	300	A50	C2	10000	1000	0	0.5	300	0.5
490	-0.010891809918	-0.010891809918	0	0.413	0.42	-0.010891809918	-0.010891809918	FGr	300	A50	C2	10000	1000	0	0.5	300	0.5
491	-0.01085751078905	-0.0108575107890501	0	0.446	0.445	-0.01085751078905	-0.0108575107890501	NoCorrection	300	A50	C2	10000	1000	0	0.5	300	0.5
492	-0.00447849609205	-0.00447849609205	0	0.545	0.545	-0.00447849609205	-0.00447849609205	ID	300	A50	C2	10000	1000	0	0.5	300	0.5
493	-0.00640736368925	-0.00640736368925	0	0.428	0.436	-0.00640736368925	-0.00640736368925	1	300	A50	C2	10000	1000	0	0.5	300	1
494	-0.0219270826025	-0.0219270826025	0	0.32	0.332	-0.0219270826025	-0.0219270826025	FGr	300	A50	C2	10000	1000	0	0.5	300	1
495	-0.0217148350100002	-0.0217148350100002	0	0.359	0.377	-0.0217148350100002	-0.0217148350100002	NoCorrection	300	A50	C2	10000	1000	0	0.5	300	1
496	-0.00851711142099999	-0.008517111421	0	0.267	0.263	-0.00851711142099999	-0.008517111421	ID	300	A50	C2	10000	1000	0	0.5	300	1
497	0.0047466118915	0.000100261750000005	0	0.488	0.992	0.0047466118915	0.000100261750000005	1	1000	A50	C2	10000	1000	0	0.5	300	0
498	0.00512324854400001	-0.00358061065000002	0	0.465	0.713	0.00512324854400001	-0.00358061065000002	FGr	1000	A50	C2	10000	1000	0	0.5	300	0
499	0.00511741763249998	-0.00358382935	0	0.459	0.747	0.00511741763249998	-0.00358382935	NoCorrection	1000	A50	C2	10000	1000	0	0.5	300	0
500	0.00481877568620001	1.81731499999959e-05	0	0.483	0.999	0.00481877568620001	1.81731499999959e-05	ID	1000	A50	C2	10000	1000	0	0.5	300	0
501	0.000254073188	-0.01045615935	0	0.972	0.299	0.000254073188	-0.01045615935	1	1000	A50	C2	10000	1000	0	0.5	300	0.1
502	0.00146029659565	-0.01377988145	0	0.822	0.165	0.00146029659565	-0.01377988145	FGr	1000	A50	C2	10000	1000	0	0.5	300	0.1
503	0.0014343668555	-0.0142495072	0	0.818	0.173	0.0014343668555	-0.0142495072	NoCorrection	1000	A50	C2	10000	1000	0	0.5	300	0.1
504	0.000139667394999999	-0.01056947155	0	0.976	0.292	0.000139667394999999	-0.01056947155	ID	1000	A50	C2	10000	1000	0	0.5	300	0.1
505	0.00500066612400003	-0.00365906555000002	0	0.513	0.709	0.00500066612400003	-0.00365906555000002	1	1000	A50	C2	10000	1000	0	0.5	300	0.5
506	0.013876694599925	-0.0188695427500001	0	0.275	0.371	0.013876694599925	-0.0188695427500001	FGr	1000	A50	C2	10000	1000	0	0.5	300	0.5
507	0.013669083963	-0.0203120196	0	0.278	0.35	0.013669083963	-0.0203120196	NoCorrection	1000	A50	C2	10000	1000	0	0.5	300	0.5
508	0.00527785359074992	-0.00442091659999997	0	0.495	0.654	0.00527785359074992	-0.00442091659999997	ID	1000	A50	C2	10000	1000	0	0.5	300	0.5
509	-0.0014464220115	-0.0174977047	0	0.847	0.1	-0.0014464220115	-0.0174977047	1	1000	A50	C2	10000	1000	0	0.5	300	1
510	0.0156039879805001	-0.01826234245	0	0.494	0.648	0.0156039879805001	-0.01826234245	FGr	1000	A50	C2	10000	1000	0	0.5	300	1
511	0.0155647754235001	-0.0163606175999999	0	0.535	0.65	0.0155647754235001	-0.0163606175999999	NoCorrection	1000	A50	C2	10000	1000	0	0.5	300	1
512	-0.000387773924000004	-0.0116946224	0	0.964	0.279	-0.000387773924000004	-0.0116946224	ID	1000	A50	C2	10000	1000	0	0.5	300	1
513	0.00361519742470004	-0.0125195279	0	0.601	0.453	0.00361519742470004	-0.0125195279	1	10000	A50	C2	10000	1000	0	0.5	300	0
514	0.00464375259389999	-0.01256989745	0	0.444	0.45	0.00464375259389999	-0.01256989745	FGr	10000	A50	C2	10000	1000	0	0.5	300	0
515	0.00464616694705	-0.0125666383	0	0.453	0.452	0.00464616694705	-0.0125666383	NoCorrection	10000	A50	C2	10000	1000	0	0.5	300	0
516	0.00354921164599997	-0.0124233916	0	0.592	0.42	0.00354921164599997	-0.0124233916	ID	10000	A50	C2	10000	1000	0	0.5	300	0
517	0.00267460966890003	0.00252811915000016	0	0.761	0.874	0.00267460966890003	0.00252811915000016	1	10000	A50	C2	10000	1000	0	0.5	300	0.1
518	-0.001229906774775	0.0205312354	0	0.882	0.256	-0.001229906774775	0.0205312354	FGr	10000	A50	C2	10000	1000	0	0.5	300	0.1
519	-0.00127859418125	0.0254024445	0	0.88	0.149	-0.00127859418125	0.0254024445	NoCorrection	10000	A50	C2	10000	1000	0	0.5	300	0.1
520	0.00304464765600001	0.00305377495000017	0	0.706	0.849	0.00304464765600001	0.00305377495000017	ID	10000	A50	C2	10000	1000	0	0.5	300	0.1
521	0.006763093145	-0.00565792519999999	0	0.339	0.751	0.006763093145	-0.00565792519999999	1	10000	A50	C2	10000	1000	0	0.5	300	0.5
522	-0.009547064425	0.0190602605	0	0.406	0.567	-0.009547064425	0.0190602605	FGr	10000	A50	C2	10000	1000	0	0.5	300	0.5
523	-0.00958225523500005	0.0222637754	0	0.412	0.448	-0.00958225523500005	0.0222637754	NoCorrection	10000	A50	C2	10000	1000	0	0.5	300	0.5
524	0.00725005528475	-0.0141109258499999	0	0.283	0.429	0.00725005528475	-0.0141109258499999	ID	10000	A50	C2	10000	1000	0	0.5	300	0.5
525	-0.0109774971066001	-0.00661062079999998	0	0.14	0.72	-0.0109774971066001	-0.00661062079999998	1	10000	A50	C2	10000	1000	0	0.5	300	1
526	-0.0431007345890001	-0.0505219219999998	0	0.035	0.313	-0.0431007345890001	-0.0505219219999998	FGr	10000	A50	C2	10000	1000	0	0.5	300	1
527	-0.0432367982099999	-0.0589586619999998	0	0.048	0.28	-0.0432367982099999	-0.0589586619999998	NoCorrection	10000	A50	C2	10000	1000	0	0.5	300	1
528	-0.010186703661	-0.0133178100500001	0	0.17	0.432	-0.010186703661	-0.0133178100500001	ID	10000	A50	C2	10000	1000	0	0.5	300	1
529	-0.00110313208810501	-0.00110313208810501	0	0.825	0.856	-0.00110313208810501	-0.00110313208810501	1	300	A50	C2	10000	10000	0	0.5	300	0
530	-0.00105818185669001	-0.00105818185669001	0	0.839	0.864	-0.00105818185669001	-0.00105818185669001	FGr	300	A50	C2	10000	10000	0	0.5	300	0
531	-0.00111236511676759	-0.00111236511676759	0	0.817	0.838	-0.00111236511676759	-0.00111236511676759	NoCorrection	300	A50	C2	10000	10000	0	0.5	300	0
532	-0.00110356023924989	-0.00110356023924988	0	0.827	0.825	-0.00110356023924989	-0.00110356023924988	ID	300	A50	C2	10000	10000	0	0.5	300	0
533	-0.004367730088	-0.004367730088	0	0.444	0.465	-0.004367730088	-0.004367730088	1	300	A50	C2	10000	10000	0	0.5	300	0.1
534	-0.00409256110489997	-0.00409256110489998	0	0.556	0.542	-0.00409256110489997	-0.00409256110489998	FGr	300	A50	C2	10000	10000	0	0.5	300	0.1
535	-0.00405216417145003	-0.00405216417145002	0	0.568	0.525	-0.00405216417145003	-0.00405216417145002	NoCorrection	300	A50	C2	10000	10000	0	0.5	300	0.1
536	-0.00415195592815002	-0.00415195592815002	0	0.481	0.464	-0.00415195592815002	-0.00415195592815002	ID	300	A50	C2	10000	10000	0	0.5	300	0.1
537	0.00164854530580022	0.00164854530580018	0	0.784	0.765	0.00164854530580022	0.00164854530580018	1	300	A50	C2	10000	10000	0	0.5	300	0.5
538	0.00252146440225	0.00252146440225002	0	0.817	0.801	0.00252146440225	0.00252146440225002	FGr	300	A50	C2	10000	10000	0	0.5	300	0.5
539	0.00252672318925	0.00252672318925	0	0.825	0.83	0.00252672318925	0.00252672318925	NoCorrection	300	A50	C2	10000	10000	0	0.5	300	0.5
540	0.00231651031823188	0.00231651031823189	0	0.686	0.707	0.00231651031823188	0.00231651031823189	ID	300	A50	C2	10000	10000	0	0.5	300	0.5
541	-0.00580755017704501	-0.00580755017704502	0	0.427	0.404	-0.00580755017704501	-0.00580755017704502	1	300	A50	C2	10000	10000	0	0.5	300	1
542	-0.00381628983950018	-0.0038162898395002	0	0.83	0.863	-0.00381628983950018	-0.0038162898395002	FGr	300	A50	C2	10000	10000	0	0.5	300	1
543	-0.00384150996170006	-0.00384150996170001	0	0.864	0.854	-0.00384150996170006	-0.00384150996170001	NoCorrection	300	A50	C2	10000	10000	0	0.5	300	1
544	-0.00434264756095001	-0.00434264756095001	0	0.529	0.563	-0.00434264756095001	-0.00434264756095001	ID	300	A50	C2	10000	10000	0	0.5	300	1
545	0.00396643699186996	-0.00715571775499985	0	0.47	0.504	0.00396643699186996	-0.00715571775499985	1	1000	A50	C2	10000	10000	0	0.5	300	0
546	0.00399560082465015	-0.00668110660500008	0	0.499	0.549	0.00399560082465015	-0.00668110660500008	FGr	1000	A50	C2	10000	10000	0	0.5	300	0
547	0.00411661198605006	-0.00617999496000028	0	0.48	0.545	0.00411661198605006	-0.00617999496000028	NoCorrection	1000	A50	C2	10000	10000	0	0.5	300	0
548	0.00394652524958503	-0.00621207230999999	0	0.5	0.53	0.00394652524958503	-0.00621207230999999	ID	1000	A50	C2	10000	10000	0	0.5	300	0
549	0.00444153733851	-0.00624253684499988	0	0.445	0.558	0.00444153733851	-0.00624253684499988	1	1000	A50	C2	10000	10000	0	0.5	300	0.1
550	0.00379690531143999	-0.01575354209	0	0.548	0.142	0.00379690531143999	-0.01575354209	FGr	1000	A50	C2	10000	10000	0	0.5	300	0.1
551	0.00399928336843499	-0.0145682739700001	0	0.507	0.182	0.00399928336843499	-0.0145682739700001	NoCorrection	1000	A50	C2	10000	10000	0	0.5	300	0.1
552	0.00452611036391499	-0.00698731358000006	0	0.428	0.482	0.00452611036391499	-0.00698731358000006	ID	1000	A50	C2	10000	10000	0	0.5	300	0.1
553	-0.00697848159740002	0.00219225914499999	0	0.238	0.794	-0.00697848159740002	0.00219225914499999	1	1000	A50	C2	10000	10000	0	0.5	300	0.5
554	-0.00912602641893985	-0.02040057794	0	0.431	0.273	-0.00912602641893985	-0.02040057794	FGr	1000	A50	C2	10000	10000	0	0.5	300	0.5
555	-0.0091290981133999	-0.02039323924	0	0.438	0.293	-0.0091290981133999	-0.02039323924	NoCorrection	1000	A50	C2	10000	10000	0	0.5	300	0.5
556	-0.00675438830402803	0.00355730980499999	0	0.26	0.683	-0.00675438830402803	0.00355730980499999	ID	1000	A50	C2	10000	10000	0	0.5	300	0.5
557	0.00599107416626011	0.00490677289999945	0	0.345	0.651	0.00599107416626011	0.00490677289999945	1	1000	A50	C2	10000	10000	0	0.5	300	1
558	0.0013397463610995	-0.0309543072600002	0	0.957	0.368	0.0013397463610995	-0.0309543072600002	FGr	1000	A50	C2	10000	10000	0	0.5	300	1
559	0.00170595445049973	-0.0279334401200002	0	0.929	0.398	0.00170595445049973	-0.0279334401200002	NoCorrection	1000	A50	C2	10000	10000	0	0.5	300	1
560	0.00649049825989989	0.00155215922500002	0	0.31	0.862	0.00649049825989989	0.00155215922500002	ID	1000	A50	C2	10000	10000	0	0.5	300	1
561	-0.000880260755870077	-0.00478593139500001	0	0.875	0.735	-0.000880260755870077	-0.00478593139500001	1	10000	A50	C2	10000	10000	0	0.5	300	0
562	-0.000193159346750843	-0.00195825429499998	0	0.969	0.894	-0.000193159346750843	-0.00195825429499998	FGr	10000	A50	C2	10000	10000	0	0.5	300	0
563	-0.000192172849125032	2.46640199999787e-05	0	0.971	0.996	-0.000192172849125032	2.46640199999787e-05	NoCorrection	10000	A50	C2	10000	10000	0	0.5	300	0
564	-0.00082472160834996	-0.00541438186	0	0.883	0.682	-0.00082472160834996	-0.00541438186	ID	10000	A50	C2	10000	10000	0	0.5	300	0
565	0.000332508398800095	0.00750975853	0	0.96	0.619	0.000332508398800095	0.00750975853	1	10000	A50	C2	10000	10000	0	0.5	300	0.1
566	0.00387456477598495	0.010736827475	0	0.596	0.509	0.00387456477598495	0.010736827475	FGr	10000	A50	C2	10000	10000	0	0.5	300	0.1
567	0.00387295944066021	0.0122478473100002	0	0.593	0.477	0.00387295944066021	0.0122478473100002	NoCorrection	10000	A50	C2	10000	10000	0	0.5	300	0.1
568	0.000319663552249993	0.00876980107999998	0	0.968	0.597	0.000319663552249993	0.00876980107999998	ID	10000	A50	C2	10000	10000	0	0.5	300	0.1
569	0.00449140966915	-0.00631987395500006	0	0.453	0.686	0.00449140966915	-0.00631987395500006	1	10000	A50	C2	10000	10000	0	0.5	300	0.5
570	0.0211702918671	-0.00308948344000064	0	0.08	0.921	0.0211702918671	-0.00308948344000064	FGr	10000	A50	C2	10000	10000	0	0.5	300	0.5
571	0.02116541636898	-0.0026140846599999	0	0.069	0.928	0.02116541636898	-0.0026140846599999	NoCorrection	10000	A50	C2	10000	10000	0	0.5	300	0.5
572	0.00440803023164999	-0.01005554525	0	0.463	0.553	0.00440803023164999	-0.01005554525	ID	10000	A50	C2	10000	10000	0	0.5	300	0.5
573	-0.00226654649855004	0.0138498142049999	0	0.737	0.35	-0.00226654649855004	0.0138498142049999	1	10000	A50	C2	10000	10000	0	0.5	300	1
574	0.03108470318945	0.00803176570000069	0	0.143	0.866	0.03108470318945	0.00803176570000069	FGr	10000	A50	C2	10000	10000	0	0.5	300	1
575	0.0310769428640502	0.00630981509999783	0	0.161	0.902	0.0310769428640502	0.00630981509999783	NoCorrection	10000	A50	C2	10000	10000	0	0.5	300	1
576	-0.002283490413405	0.00460875929500002	0	0.72	0.754	-0.002283490413405	0.00460875929500002	ID	10000	A50	C2	10000	10000	0	0.5	300	1
