	c-q	nc-q	true-q	c-p	nc-p	c-bias	nc-bias	type	L	rep	config	gwas_size	test_size	h2	ts	num_causal	env
1	-0.066641439425	-0.066641439425	0	0.127	0.125	-0.066641439425	-0.066641439425	1	300	A6	C1	1000	100	0	0.5	300	0
2	-0.07542709754	-0.07542709754	0	0.071	0.075	-0.07542709754	-0.07542709754	FGr	300	A6	C1	1000	100	0	0.5	300	0
3	-0.080281553745	-0.080281553745	0	0.06	0.062	-0.080281553745	-0.080281553745	NoCorrection	300	A6	C1	1000	100	0	0.5	300	0
4	-0.055215719677	-0.055215719677	0	0.196	0.189	-0.055215719677	-0.055215719677	ID	300	A6	C1	1000	100	0	0.5	300	0
5	0.057576338885	0.057576338885	0	0.156	0.162	0.057576338885	0.057576338885	1	300	A6	C1	1000	100	0	0.5	300	0.1
6	0.121691212575	0.121691212575	0	0.008	0.006	0.121691212575	0.121691212575	FGr	300	A6	C1	1000	100	0	0.5	300	0.1
7	0.14010904766	0.14010904766	0	0.001	0.002	0.14010904766	0.14010904766	NoCorrection	300	A6	C1	1000	100	0	0.5	300	0.1
8	0.0859078124621	0.0859078124621	0	0.056	0.047	0.0859078124621	0.0859078124621	ID	300	A6	C1	1000	100	0	0.5	300	0.1
9	0.048137226825	0.048137226825	0	0.247	0.262	0.048137226825	0.048137226825	1	300	A6	C1	1000	100	0	0.5	300	0.5
10	0.18126275325	0.18126275325	0	0	0	0.18126275325	0.18126275325	FGr	300	A6	C1	1000	100	0	0.5	300	0.5
11	0.23208273634	0.23208273634	0	0	0	0.23208273634	0.23208273634	NoCorrection	300	A6	C1	1000	100	0	0.5	300	0.5
12	0.045548433625	0.045548433625	0	0.269	0.279	0.045548433625	0.045548433625	ID	300	A6	C1	1000	100	0	0.5	300	0.5
13	0.0443529190895	0.0443529190895	0	0.227	0.227	0.0443529190895	0.0443529190895	1	300	A6	C1	1000	100	0	0.5	300	1
14	0.339322508725	0.339322508725	0	0	0	0.339322508725	0.339322508725	FGr	300	A6	C1	1000	100	0	0.5	300	1
15	0.458682142855	0.458682142855	0	0	0	0.458682142855	0.458682142855	NoCorrection	300	A6	C1	1000	100	0	0.5	300	1
16	0.025580431925	0.025580431925	0	0.482	0.48	0.025580431925	0.025580431925	ID	300	A6	C1	1000	100	0	0.5	300	1
17	0.00708691039399999	-0.065902183	0	0.851	0.272	0.00708691039399999	-0.065902183	1	1000	A6	C1	1000	100	0	0.5	300	0
18	0.02412132692	-0.0204386385	0	0.549	0.742	0.02412132692	-0.0204386385	FGr	1000	A6	C1	1000	100	0	0.5	300	0
19	0.0286163204205001	-0.00211942950000005	0	0.434	0.971	0.0286163204205001	-0.00211942950000005	NoCorrection	1000	A6	C1	1000	100	0	0.5	300	0
20	0.022194381172	-0.026362005	0	0.53	0.677	0.022194381172	-0.026362005	ID	1000	A6	C1	1000	100	0	0.5	300	0
21	-0.0143260704005	-0.0620281335	0	0.711	0.302	-0.0143260704005	-0.0620281335	1	1000	A6	C1	1000	100	0	0.5	300	0.1
22	0.00142411204900001	-0.0478085115	0	0.958	0.426	0.00142411204900001	-0.0478085115	FGr	1000	A6	C1	1000	100	0	0.5	300	0.1
23	0.0300748011125	0.0354622124999999	0	0.401	0.578	0.0300748011125	0.0354622124999999	NoCorrection	1000	A6	C1	1000	100	0	0.5	300	0.1
24	-0.010565151995	-0.0662868755	0	0.738	0.284	-0.010565151995	-0.0662868755	ID	1000	A6	C1	1000	100	0	0.5	300	0.1
25	-0.03171321786	0.020767414	0	0.323	0.725	-0.03171321786	0.020767414	1	1000	A6	C1	1000	100	0	0.5	300	0.5
26	0.063143440002	0.2650187575	0	0.1	0	0.063143440002	0.2650187575	FGr	1000	A6	C1	1000	100	0	0.5	300	0.5
27	0.1326226552521	0.4305029635	0	0.005	0	0.1326226552521	0.4305029635	NoCorrection	1000	A6	C1	1000	100	0	0.5	300	0.5
28	-0.0330369719315	-0.01306676	0	0.283	0.817	-0.0330369719315	-0.01306676	ID	1000	A6	C1	1000	100	0	0.5	300	0.5
29	0.01798057202	0.056803147	0	0.67	0.34	0.01798057202	0.056803147	1	1000	A6	C1	1000	100	0	0.5	300	1
30	0.17528236183	0.3878215155	0	0.001	0	0.17528236183	0.3878215155	FGr	1000	A6	C1	1000	100	0	0.5	300	1
31	0.3230292344	0.7333138355	0	0	0	0.3230292344	0.7333138355	NoCorrection	1000	A6	C1	1000	100	0	0.5	300	1
32	0.032215624245	0.063844905	0	0.436	0.297	0.032215624245	0.063844905	ID	1000	A6	C1	1000	100	0	0.5	300	1
33	-0.01617216735	0.020485473	0	0.683	0.851	-0.01617216735	0.020485473	1	10000	A6	C1	1000	100	0	0.5	300	0
34	-0.0227288688999999	-0.00367853749999994	0	0.586	0.967	-0.0227288688999999	-0.00367853749999994	FGr	10000	A6	C1	1000	100	0	0.5	300	0
35	-0.0827980958599999	-0.3567370255	0	0.05	0	-0.0827980958599999	-0.3567370255	NoCorrection	10000	A6	C1	1000	100	0	0.5	300	0
36	-0.01974615513	0.00968436150000002	0	0.637	0.892	-0.01974615513	0.00968436150000002	ID	10000	A6	C1	1000	100	0	0.5	300	0
37	-0.02215365412	-0.123741495	0	0.602	0.245	-0.02215365412	-0.123741495	1	10000	A6	C1	1000	100	0	0.5	300	0.1
38	-0.02227345226	-0.12294709	0	0.603	0.25	-0.02227345226	-0.12294709	FGr	10000	A6	C1	1000	100	0	0.5	300	0.1
39	0.0343075948299999	0.2728439315	0	0.418	0.009	0.0343075948299999	0.2728439315	NoCorrection	10000	A6	C1	1000	100	0	0.5	300	0.1
40	-0.02562571815	-0.182741305	0	0.549	0.107	-0.02562571815	-0.182741305	ID	10000	A6	C1	1000	100	0	0.5	300	0.1
41	0.0246255747	-0.0980516560000001	0	0.625	0.327	0.0246255747	-0.0980516560000001	1	10000	A6	C1	1000	100	0	0.5	300	0.5
42	0.0651054460349999	0.2666188	0	0.207	0.014	0.0651054460349999	0.2666188	FGr	10000	A6	C1	1000	100	0	0.5	300	0.5
43	0.241398205264	1.20452075	0	0	0	0.241398205264	1.20452075	NoCorrection	10000	A6	C1	1000	100	0	0.5	300	0.5
44	0.0256385261650002	-0.0447934650000001	0	0.622	0.678	0.0256385261650002	-0.0447934650000001	ID	10000	A6	C1	1000	100	0	0.5	300	0.5
45	0.057169265787	0.038477981	0	0.167	0.719	0.057169265787	0.038477981	1	10000	A6	C1	1000	100	0	0.5	300	1
46	0.0842261194	0.130305709	0	0.039	0.198	0.0842261194	0.130305709	FGr	10000	A6	C1	1000	100	0	0.5	300	1
47	0.468771405	2.202523665	0	0	0	0.468771405	2.202523665	NoCorrection	10000	A6	C1	1000	100	0	0.5	300	1
48	0.05346384414	-0.0112351685	0	0.19	0.905	0.05346384414	-0.0112351685	ID	10000	A6	C1	1000	100	0	0.5	300	1
49	-0.0310119181771999	-0.0310119181771999	0	0.246	0.25	-0.0310119181771999	-0.0310119181771999	1	300	A6	C1	1000	1000	0	0.5	300	0
50	-0.0315967182800003	-0.0315967182800002	0	0.236	0.227	-0.0315967182800003	-0.0315967182800002	FGr	300	A6	C1	1000	1000	0	0.5	300	0
51	-0.0397904099935001	-0.0397904099934999	0	0.121	0.115	-0.0397904099935001	-0.0397904099934999	NoCorrection	300	A6	C1	1000	1000	0	0.5	300	0
52	-0.0226097506757499	-0.0226097506757499	0	0.408	0.414	-0.0226097506757499	-0.0226097506757499	ID	300	A6	C1	1000	1000	0	0.5	300	0
53	-0.00566469968599996	-0.00566469968600009	0	0.872	0.862	-0.00566469968599996	-0.00566469968600009	1	300	A6	C1	1000	1000	0	0.5	300	0.1
54	0.0049824524499999	0.00498245244999991	0	0.866	0.877	0.0049824524499999	0.00498245244999991	FGr	300	A6	C1	1000	1000	0	0.5	300	0.1
55	0.0247946952179501	0.0247946952179501	0	0.409	0.438	0.0247946952179501	0.0247946952179501	NoCorrection	300	A6	C1	1000	1000	0	0.5	300	0.1
56	-0.0150922445009501	-0.01509224450095	0	0.621	0.625	-0.0150922445009501	-0.01509224450095	ID	300	A6	C1	1000	1000	0	0.5	300	0.1
57	0.0372159679635001	0.0372159679635001	0	0.17	0.15	0.0372159679635001	0.0372159679635001	1	300	A6	C1	1000	1000	0	0.5	300	0.5
58	0.1151363793917	0.1151363793917	0	0	0	0.1151363793917	0.1151363793917	FGr	300	A6	C1	1000	1000	0	0.5	300	0.5
59	0.156923249774	0.156923249774	0	0	0	0.156923249774	0.156923249774	NoCorrection	300	A6	C1	1000	1000	0	0.5	300	0.5
60	0.0244162534656699	0.02441625346567	0	0.381	0.36	0.0244162534656699	0.02441625346567	ID	300	A6	C1	1000	1000	0	0.5	300	0.5
61	0.0284804847475001	0.0284804847475	0	0.343	0.355	0.0284804847475001	0.0284804847475	1	300	A6	C1	1000	1000	0	0.5	300	1
62	0.1892597114761	0.1892597114761	0	0	0	0.1892597114761	0.1892597114761	FGr	300	A6	C1	1000	1000	0	0.5	300	1
63	0.294091131675	0.294091131675	0	0	0	0.294091131675	0.294091131675	NoCorrection	300	A6	C1	1000	1000	0	0.5	300	1
64	0.013914380617	0.013914380617	0	0.624	0.634	0.013914380617	0.013914380617	ID	300	A6	C1	1000	1000	0	0.5	300	1
65	-0.0211530325565	0.0707020911999999	0	0.523	0.167	-0.0211530325565	0.0707020911999999	1	1000	A6	C1	1000	1000	0	0.5	300	0
66	-0.01457835800055	0.08047754955	0	0.647	0.102	-0.01457835800055	0.08047754955	FGr	1000	A6	C1	1000	1000	0	0.5	300	0
67	-0.00813211379050004	0.09212748605	0	0.816	0.079	-0.00813211379050004	0.09212748605	NoCorrection	1000	A6	C1	1000	1000	0	0.5	300	0
68	-0.034657254175	0.02975465405	0	0.279	0.552	-0.034657254175	0.02975465405	ID	1000	A6	C1	1000	1000	0	0.5	300	0
69	0.022458034205	0.00806657334999998	0	0.407	0.851	0.022458034205	0.00806657334999998	1	1000	A6	C1	1000	1000	0	0.5	300	0.1
70	0.034089330893	0.04878792165	0	0.216	0.234	0.034089330893	0.04878792165	FGr	1000	A6	C1	1000	1000	0	0.5	300	0.1
71	0.045477176235	0.0656879897499999	0	0.088	0.111	0.045477176235	0.0656879897499999	NoCorrection	1000	A6	C1	1000	1000	0	0.5	300	0.1
72	0.0204823492649999	0.00669940395000005	0	0.444	0.886	0.0204823492649999	0.00669940395000005	ID	1000	A6	C1	1000	1000	0	0.5	300	0.1
73	0.0138475636610001	-0.0338730651999999	0	0.572	0.462	0.0138475636610001	-0.0338730651999999	1	1000	A6	C1	1000	1000	0	0.5	300	0.5
74	0.0841804328149999	0.1323907712	0	0.003	0.005	0.0841804328149999	0.1323907712	FGr	1000	A6	C1	1000	1000	0	0.5	300	0.5
75	0.2343704336845	0.548490264	0	0	0	0.2343704336845	0.548490264	NoCorrection	1000	A6	C1	1000	1000	0	0.5	300	0.5
76	0.0184593806800001	-0.0111585293999994	0	0.488	0.814	0.0184593806800001	-0.0111585293999994	ID	1000	A6	C1	1000	1000	0	0.5	300	0.5
77	0.0190774210565	0.10031351295	0	0.505	0.033	0.0190774210565	0.10031351295	1	1000	A6	C1	1000	1000	0	0.5	300	1
78	0.137945958346	0.37960661255	0	0	0	0.137945958346	0.37960661255	FGr	1000	A6	C1	1000	1000	0	0.5	300	1
79	0.405691754035	1.03522720475	0	0	0	0.405691754035	1.03522720475	NoCorrection	1000	A6	C1	1000	1000	0	0.5	300	1
80	0.00163212571699993	0.0870786389500001	0	0.956	0.065	0.00163212571699993	0.0870786389500001	ID	1000	A6	C1	1000	1000	0	0.5	300	1
81	-0.0205062543236	-0.0191617872999999	0	0.402	0.796	-0.0205062543236	-0.0191617872999999	1	10000	A6	C1	1000	1000	0	0.5	300	0
82	-0.0166469820111	0.0253008335	0	0.523	0.706	-0.0166469820111	0.0253008335	FGr	10000	A6	C1	1000	1000	0	0.5	300	0
83	-0.0226067870145	-0.0366007474999998	0	0.372	0.611	-0.0226067870145	-0.0366007474999998	NoCorrection	10000	A6	C1	1000	1000	0	0.5	300	0
84	-0.0169741150795	0.0230166644499998	0	0.502	0.754	-0.0169741150795	0.0230166644499998	ID	10000	A6	C1	1000	1000	0	0.5	300	0
85	0.01770991865785	-0.1251432099	0	0.475	0.05	0.01770991865785	-0.1251432099	1	10000	A6	C1	1000	1000	0	0.5	300	0.1
86	0.0135195866155	-0.1450741328	0	0.592	0.01	0.0135195866155	-0.1450741328	FGr	10000	A6	C1	1000	1000	0	0.5	300	0.1
87	0.0202007178355	-0.1081081938	0	0.411	0.088	0.0202007178355	-0.1081081938	NoCorrection	10000	A6	C1	1000	1000	0	0.5	300	0.1
88	0.01856215228775	-0.1091284148	0	0.481	0.08	0.01856215228775	-0.1091284148	ID	10000	A6	C1	1000	1000	0	0.5	300	0.1
89	-0.0328691182949997	0.075664814	0	0.321	0.289	-0.0328691182949997	0.075664814	1	10000	A6	C1	1000	1000	0	0.5	300	0.5
90	-0.0223503399994999	0.13292574505	0	0.47	0.054	-0.0223503399994999	0.13292574505	FGr	10000	A6	C1	1000	1000	0	0.5	300	0.5
91	0.1553996974555	0.902986300499999	0	0	0	0.1553996974555	0.902986300499999	NoCorrection	10000	A6	C1	1000	1000	0	0.5	300	0.5
92	-0.0270518703942998	0.106974562	0	0.415	0.113	-0.0270518703942998	0.106974562	ID	10000	A6	C1	1000	1000	0	0.5	300	0.5
93	0.00276921675049986	-0.08758617555	0	0.931	0.198	0.00276921675049986	-0.08758617555	1	10000	A6	C1	1000	1000	0	0.5	300	1
94	0.0317319587254999	0.0935557085	0	0.354	0.233	0.0317319587254999	0.0935557085	FGr	10000	A6	C1	1000	1000	0	0.5	300	1
95	0.332323826395	2.05351587	0	0	0	0.332323826395	2.05351587	NoCorrection	10000	A6	C1	1000	1000	0	0.5	300	1
96	0.0064042193925	-0.050159691	0	0.843	0.471	0.0064042193925	-0.050159691	ID	10000	A6	C1	1000	1000	0	0.5	300	1
97	0.0220193370418	0.0220193370418	0	0.408	0.407	0.0220193370418	0.0220193370418	1	300	A6	C1	1000	10000	0	0.5	300	0
98	0.0524355086326498	0.0524355086326498	0	0.058	0.048	0.0524355086326498	0.0524355086326498	FGr	300	A6	C1	1000	10000	0	0.5	300	0
99	0.05824448172405	0.05824448172405	0	0.026	0.02	0.05824448172405	0.05824448172405	NoCorrection	300	A6	C1	1000	10000	0	0.5	300	0
100	0.0314970114935503	0.0314970114935503	0	0.257	0.231	0.0314970114935503	0.0314970114935503	ID	300	A6	C1	1000	10000	0	0.5	300	0
101	0.0286699141554001	0.0286699141554001	0	0.285	0.316	0.0286699141554001	0.0286699141554001	1	300	A6	C1	1000	10000	0	0.5	300	0.1
102	0.0676341285687497	0.0676341285687497	0	0.022	0.013	0.0676341285687497	0.0676341285687497	FGr	300	A6	C1	1000	10000	0	0.5	300	0.1
103	0.0775711439050505	0.0775711439050504	0	0.008	0.006	0.0775711439050505	0.0775711439050504	NoCorrection	300	A6	C1	1000	10000	0	0.5	300	0.1
104	0.0496966382739505	0.0496966382739505	0	0.08	0.076	0.0496966382739505	0.0496966382739505	ID	300	A6	C1	1000	10000	0	0.5	300	0.1
105	-0.00322585153135038	-0.00322585153135049	0	0.904	0.918	-0.00322585153135038	-0.00322585153135049	1	300	A6	C1	1000	10000	0	0.5	300	0.5
106	0.0724402257624745	0.0724402257624744	0	0.01	0.022	0.0724402257624745	0.0724402257624744	FGr	300	A6	C1	1000	10000	0	0.5	300	0.5
107	0.105427862711825	0.105427862711825	0	0	0.002	0.105427862711825	0.105427862711825	NoCorrection	300	A6	C1	1000	10000	0	0.5	300	0.5
108	-0.01342923821375	-0.01342923821375	0	0.588	0.603	-0.01342923821375	-0.01342923821375	ID	300	A6	C1	1000	10000	0	0.5	300	0.5
109	0.01387874453665	0.01387874453665	0	0.566	0.544	0.01387874453665	0.01387874453665	1	300	A6	C1	1000	10000	0	0.5	300	1
110	0.1670801944354	0.1670801944354	0	0	0	0.1670801944354	0.1670801944354	FGr	300	A6	C1	1000	10000	0	0.5	300	1
111	0.23894591480865	0.23894591480865	0	0	0	0.23894591480865	0.23894591480865	NoCorrection	300	A6	C1	1000	10000	0	0.5	300	1
112	-0.00274061378135498	-0.00274061378135499	0	0.895	0.906	-0.00274061378135498	-0.00274061378135499	ID	300	A6	C1	1000	10000	0	0.5	300	1
113	-0.00831856735579995	-0.021448928865	0	0.708	0.583	-0.00831856735579995	-0.021448928865	1	1000	A6	C1	1000	10000	0	0.5	300	0
114	-0.03782004446615	-0.105965673929999	0	0.109	0.007	-0.03782004446615	-0.105965673929999	FGr	1000	A6	C1	1000	10000	0	0.5	300	0
115	-0.0442367943331497	-0.122263811225	0	0.063	0.004	-0.0442367943331497	-0.122263811225	NoCorrection	1000	A6	C1	1000	10000	0	0.5	300	0
116	-0.00107558647484982	0.00246707633500003	0	0.963	0.948	-0.00107558647484982	0.00246707633500003	ID	1000	A6	C1	1000	10000	0	0.5	300	0
117	-0.0224574362504245	0.00722164190000042	0	0.41	0.888	-0.0224574362504245	0.00722164190000042	1	1000	A6	C1	1000	10000	0	0.5	300	0.1
118	-0.00328012386939985	0.0567210518300001	0	0.896	0.2	-0.00328012386939985	0.0567210518300001	FGr	1000	A6	C1	1000	10000	0	0.5	300	0.1
119	0.0425386688469001	0.15446998125	0	0.118	0.001	0.0425386688469001	0.15446998125	NoCorrection	1000	A6	C1	1000	10000	0	0.5	300	0.1
120	-0.025755616596215	-0.000766821780000089	0	0.364	0.991	-0.025755616596215	-0.000766821780000089	ID	1000	A6	C1	1000	10000	0	0.5	300	0.1
121	0.0201121693429	-0.00406161463500029	0	0.522	0.904	0.0201121693429	-0.00406161463500029	1	1000	A6	C1	1000	10000	0	0.5	300	0.5
122	0.0796594908065001	0.13676009677	0	0.011	0.002	0.0796594908065001	0.13676009677	FGr	1000	A6	C1	1000	10000	0	0.5	300	0.5
123	0.201990379024	0.504282469565001	0	0	0	0.201990379024	0.504282469565001	NoCorrection	1000	A6	C1	1000	10000	0	0.5	300	0.5
124	0.0242701269637504	0.0127408199100002	0	0.404	0.773	0.0242701269637504	0.0127408199100002	ID	1000	A6	C1	1000	10000	0	0.5	300	0.5
125	-0.0186216382983001	-0.00800749226000012	0	0.482	0.841	-0.0186216382983001	-0.00800749226000012	1	1000	A6	C1	1000	10000	0	0.5	300	1
126	0.0707766312425001	0.24714817036	0	0.01	0	0.0707766312425001	0.24714817036	FGr	1000	A6	C1	1000	10000	0	0.5	300	1
127	0.261706309054085	0.721070225430002	0	0	0	0.261706309054085	0.721070225430002	NoCorrection	1000	A6	C1	1000	10000	0	0.5	300	1
128	-0.0235244845615823	-0.0101447736250002	0	0.358	0.808	-0.0235244845615823	-0.0101447736250002	ID	1000	A6	C1	1000	10000	0	0.5	300	1
129	0.0353693677039998	0.00984190331499996	0	0.189	0.906	0.0353693677039998	0.00984190331499996	1	10000	A6	C1	1000	10000	0	0.5	300	0
130	0.0330937302280999	-0.00724712978000024	0	0.216	0.907	0.0330937302280999	-0.00724712978000024	FGr	10000	A6	C1	1000	10000	0	0.5	300	0
131	0.0507527805476504	0.161653301745	0	0.07	0.01	0.0507527805476504	0.161653301745	NoCorrection	10000	A6	C1	1000	10000	0	0.5	300	0
132	0.0335271824387501	0.000142583620000454	0	0.221	0.999	0.0335271824387501	0.000142583620000454	ID	10000	A6	C1	1000	10000	0	0.5	300	0
133	-0.0410355064496001	0.0120567451000004	0	0.093	0.836	-0.0410355064496001	0.0120567451000004	1	10000	A6	C1	1000	10000	0	0.5	300	0.1
134	-0.0454357944416002	-0.0345606143499998	0	0.058	0.582	-0.0454357944416002	-0.0345606143499998	FGr	10000	A6	C1	1000	10000	0	0.5	300	0.1
135	-0.0172128678860998	0.174018211300001	0	0.472	0.009	-0.0172128678860998	0.174018211300001	NoCorrection	10000	A6	C1	1000	10000	0	0.5	300	0.1
136	-0.0445604370280501	-0.0180545966500001	0	0.069	0.771	-0.0445604370280501	-0.0180545966500001	ID	10000	A6	C1	1000	10000	0	0.5	300	0.1
137	-0.01254297966335	-0.080226380145	0	0.585	0.275	-0.01254297966335	-0.080226380145	1	10000	A6	C1	1000	10000	0	0.5	300	0.5
138	-0.00607708006877494	-0.0237065683999998	0	0.807	0.728	-0.00607708006877494	-0.0237065683999998	FGr	10000	A6	C1	1000	10000	0	0.5	300	0.5
139	0.1095651591525	0.864970249349999	0	0	0	0.1095651591525	0.864970249349999	NoCorrection	10000	A6	C1	1000	10000	0	0.5	300	0.5
140	-0.01507274137075	-0.0937952940499999	0	0.515	0.187	-0.01507274137075	-0.0937952940499999	ID	10000	A6	C1	1000	10000	0	0.5	300	0.5
141	-0.0134077165342999	0.061758656465	0	0.624	0.392	-0.0134077165342999	0.061758656465	1	10000	A6	C1	1000	10000	0	0.5	300	1
142	0.00760747789889995	0.19447277075	0	0.762	0.007	0.00760747789889995	0.19447277075	FGr	10000	A6	C1	1000	10000	0	0.5	300	1
143	0.28588481059165	2.17052993075001	0	0	0	0.28588481059165	2.17052993075001	NoCorrection	10000	A6	C1	1000	10000	0	0.5	300	1
144	-0.01334094430975	0.10450828375	0	0.601	0.128	-0.01334094430975	0.10450828375	ID	10000	A6	C1	1000	10000	0	0.5	300	1
145	-0.00616541000399999	-0.00616541000399999	0	0.639	0.649	-0.00616541000399999	-0.00616541000399999	1	300	A6	C1	10000	100	0	0.5	300	0
146	-0.01287304224	-0.01287304224	0	0.338	0.327	-0.01287304224	-0.01287304224	FGr	300	A6	C1	10000	100	0	0.5	300	0
147	-0.00917822633299999	-0.00917822633300003	0	0.477	0.472	-0.00917822633299999	-0.00917822633300003	NoCorrection	300	A6	C1	10000	100	0	0.5	300	0
148	-0.00358490521500001	-0.003584905215	0	0.771	0.78	-0.00358490521500001	-0.003584905215	ID	300	A6	C1	10000	100	0	0.5	300	0
149	0.01698279419	0.01698279419	0	0.136	0.131	0.01698279419	0.01698279419	1	300	A6	C1	10000	100	0	0.5	300	0.1
150	0.036187706235	0.036187706235	0	0.002	0.005	0.036187706235	0.036187706235	FGr	300	A6	C1	10000	100	0	0.5	300	0.1
151	0.045217789095	0.045217789095	0	0	0	0.045217789095	0.045217789095	NoCorrection	300	A6	C1	10000	100	0	0.5	300	0.1
152	0.008783371199	0.008783371199	0	0.44	0.431	0.008783371199	0.008783371199	ID	300	A6	C1	10000	100	0	0.5	300	0.1
153	-0.0040068847755	-0.00400688477550001	0	0.768	0.781	-0.0040068847755	-0.00400688477550001	1	300	A6	C1	10000	100	0	0.5	300	0.5
154	0.150803282275	0.150803282275	0	0	0	0.150803282275	0.150803282275	FGr	300	A6	C1	10000	100	0	0.5	300	0.5
155	0.1955800961365	0.1955800961365	0	0	0	0.1955800961365	0.1955800961365	NoCorrection	300	A6	C1	10000	100	0	0.5	300	0.5
156	-0.00865718375559999	-0.00865718375559999	0	0.567	0.548	-0.00865718375559999	-0.00865718375559999	ID	300	A6	C1	10000	100	0	0.5	300	0.5
157	-0.008469447495	-0.00846944749499999	0	0.538	0.525	-0.008469447495	-0.00846944749499999	1	300	A6	C1	10000	100	0	0.5	300	1
158	0.2622806215	0.2622806215	0	0	0	0.2622806215	0.2622806215	FGr	300	A6	C1	10000	100	0	0.5	300	1
159	0.3467683452	0.3467683452	0	0	0	0.3467683452	0.3467683452	NoCorrection	300	A6	C1	10000	100	0	0.5	300	1
160	-0.014803623915	-0.014803623915	0	0.262	0.286	-0.014803623915	-0.014803623915	ID	300	A6	C1	10000	100	0	0.5	300	1
161	0.0180202090035	0.024584602	0	0.155	0.234	0.0180202090035	0.024584602	1	1000	A6	C1	10000	100	0	0.5	300	0
162	0.013230573175	0.013536952	0	0.293	0.522	0.013230573175	0.013536952	FGr	1000	A6	C1	10000	100	0	0.5	300	0
163	0.008302457905	0.00361988849999998	0	0.515	0.85	0.008302457905	0.00361988849999998	NoCorrection	1000	A6	C1	10000	100	0	0.5	300	0
164	0.01872170937	0.024511998	0	0.136	0.261	0.01872170937	0.024511998	ID	1000	A6	C1	10000	100	0	0.5	300	0
165	-0.025798654395	0.011507531	0	0.06	0.588	-0.025798654395	0.011507531	1	1000	A6	C1	10000	100	0	0.5	300	0.1
166	-0.01011847962755	0.060900207	0	0.456	0.005	-0.01011847962755	0.060900207	FGr	1000	A6	C1	10000	100	0	0.5	300	0.1
167	0.011794303045	0.1072515175	0	0.385	0	0.011794303045	0.1072515175	NoCorrection	1000	A6	C1	10000	100	0	0.5	300	0.1
168	-0.01825583347	0.0335229225	0	0.159	0.128	-0.01825583347	0.0335229225	ID	1000	A6	C1	10000	100	0	0.5	300	0.1
169	-0.018765816335	-0.018916685	0	0.163	0.345	-0.018765816335	-0.018916685	1	1000	A6	C1	10000	100	0	0.5	300	0.5
170	0.07446877408	0.186097917	0	0	0	0.07446877408	0.186097917	FGr	1000	A6	C1	10000	100	0	0.5	300	0.5
171	0.1711766809	0.405992169	0	0	0	0.1711766809	0.405992169	NoCorrection	1000	A6	C1	10000	100	0	0.5	300	0.5
172	-0.019717573125	-0.0120435455	0	0.156	0.527	-0.019717573125	-0.0120435455	ID	1000	A6	C1	10000	100	0	0.5	300	0.5
173	0.018621026735	-0.015009723	0	0.125	0.434	0.018621026735	-0.015009723	1	1000	A6	C1	10000	100	0	0.5	300	1
174	0.206180849604	0.4123642305	0	0	0	0.206180849604	0.4123642305	FGr	1000	A6	C1	10000	100	0	0.5	300	1
175	0.393016190145	0.810088901	0	0	0	0.393016190145	0.810088901	NoCorrection	1000	A6	C1	10000	100	0	0.5	300	1
176	0.0192874890545	-0.00497791949999998	0	0.112	0.815	0.0192874890545	-0.00497791949999998	ID	1000	A6	C1	10000	100	0	0.5	300	1
177	-0.00567088041099998	0.0258560475	0	0.633	0.431	-0.00567088041099998	0.0258560475	1	10000	A6	C1	10000	100	0	0.5	300	0
178	-0.0058089720705	0.0272727595	0	0.622	0.387	-0.0058089720705	0.0272727595	FGr	10000	A6	C1	10000	100	0	0.5	300	0
179	-0.00167780681399999	0.0412652965	0	0.877	0.222	-0.00167780681399999	0.0412652965	NoCorrection	10000	A6	C1	10000	100	0	0.5	300	0
180	-0.00513153491400001	0.031192564	0	0.654	0.35	-0.00513153491400001	0.031192564	ID	10000	A6	C1	10000	100	0	0.5	300	0
181	-0.000263943144999996	-0.014863416	0	0.987	0.665	-0.000263943144999996	-0.014863416	1	10000	A6	C1	10000	100	0	0.5	300	0.1
182	0.00400623147200001	0.0180025215	0	0.756	0.573	0.00400623147200001	0.0180025215	FGr	10000	A6	C1	10000	100	0	0.5	300	0.1
183	0.033701815465	0.195076769	0	0.022	0	0.033701815465	0.195076769	NoCorrection	10000	A6	C1	10000	100	0	0.5	300	0.1
184	-0.001221103909	-0.0171554715	0	0.926	0.629	-0.001221103909	-0.0171554715	ID	10000	A6	C1	10000	100	0	0.5	300	0.1
185	-0.003067659605	-0.0224973295	0	0.795	0.443	-0.003067659605	-0.0224973295	1	10000	A6	C1	10000	100	0	0.5	300	0.5
186	0.01729557371	0.0604798635	0	0.185	0.031	0.01729557371	0.0604798635	FGr	10000	A6	C1	10000	100	0	0.5	300	0.5
187	0.2083160791615	1.0187339425	0	0	0	0.2083160791615	1.0187339425	NoCorrection	10000	A6	C1	10000	100	0	0.5	300	0.5
188	-0.00514215264500001	-0.0347428795	0	0.691	0.23	-0.00514215264500001	-0.0347428795	ID	10000	A6	C1	10000	100	0	0.5	300	0.5
189	0.000855916775000033	-0.0298759485	0	0.947	0.32	0.000855916775000033	-0.0298759485	1	10000	A6	C1	10000	100	0	0.5	300	1
190	0.035321563208	0.1530030535	0	0.016	0	0.035321563208	0.1530030535	FGr	10000	A6	C1	10000	100	0	0.5	300	1
191	0.431576417432	2.25385644	0	0	0	0.431576417432	2.25385644	NoCorrection	10000	A6	C1	10000	100	0	0.5	300	1
192	0.000447418419999995	-0.0362136945	0	0.975	0.216	0.000447418419999995	-0.0362136945	ID	10000	A6	C1	10000	100	0	0.5	300	1
193	0.000305344431439966	0.000305344431439968	0	0.974	0.977	0.000305344431439966	0.000305344431439968	1	300	A6	C1	10000	1000	0	0.5	300	0
194	0.00638342995300004	0.00638342995300007	0	0.527	0.503	0.00638342995300004	0.00638342995300007	FGr	300	A6	C1	10000	1000	0	0.5	300	0
195	0.010942054129	0.010942054129	0	0.245	0.254	0.010942054129	0.010942054129	NoCorrection	300	A6	C1	10000	1000	0	0.5	300	0
196	-0.00465026699600001	-0.00465026699600003	0	0.641	0.602	-0.00465026699600001	-0.00465026699600003	ID	300	A6	C1	10000	1000	0	0.5	300	0
197	0.0078377781028	0.00783777810279999	0	0.416	0.432	0.0078377781028	0.00783777810279999	1	300	A6	C1	10000	1000	0	0.5	300	0.1
198	0.0201539711336	0.0201539711336	0	0.029	0.026	0.0201539711336	0.0201539711336	FGr	300	A6	C1	10000	1000	0	0.5	300	0.1
199	0.0447239778028	0.0447239778028	0	0	0	0.0447239778028	0.0447239778028	NoCorrection	300	A6	C1	10000	1000	0	0.5	300	0.1
200	0.00328098436250002	0.00328098436250002	0	0.698	0.705	0.00328098436250002	0.00328098436250002	ID	300	A6	C1	10000	1000	0	0.5	300	0.1
201	-0.00413235009720001	-0.00413235009719998	0	0.653	0.668	-0.00413235009720001	-0.00413235009719998	1	300	A6	C1	10000	1000	0	0.5	300	0.5
202	0.1039319206525	0.1039319206525	0	0	0	0.1039319206525	0.1039319206525	FGr	300	A6	C1	10000	1000	0	0.5	300	0.5
203	0.193005088739	0.193005088739	0	0	0	0.193005088739	0.193005088739	NoCorrection	300	A6	C1	10000	1000	0	0.5	300	0.5
204	-0.000929560743000052	-0.000929560743000045	0	0.905	0.912	-0.000929560743000052	-0.000929560743000045	ID	300	A6	C1	10000	1000	0	0.5	300	0.5
205	0.0141142009375	0.0141142009375	0	0.165	0.142	0.0141142009375	0.0141142009375	1	300	A6	C1	10000	1000	0	0.5	300	1
206	0.2200908412545	0.2200908412545	0	0	0	0.2200908412545	0.2200908412545	FGr	300	A6	C1	10000	1000	0	0.5	300	1
207	0.389980699217	0.389980699217	0	0	0	0.389980699217	0.389980699217	NoCorrection	300	A6	C1	10000	1000	0	0.5	300	1
208	0.0117414550115	0.0117414550115	0	0.215	0.208	0.0117414550115	0.0117414550115	ID	300	A6	C1	10000	1000	0	0.5	300	1
209	0.019613957577	0.01635795845	0	0.049	0.256	0.019613957577	0.01635795845	1	1000	A6	C1	10000	1000	0	0.5	300	0
210	0.0223556057349	0.0225780973	0	0.017	0.134	0.0223556057349	0.0225780973	FGr	1000	A6	C1	10000	1000	0	0.5	300	0
211	0.0188966829955	0.0156771439	0	0.039	0.3	0.0188966829955	0.0156771439	NoCorrection	1000	A6	C1	10000	1000	0	0.5	300	0
212	0.0202059272235	0.01768673205	0	0.039	0.232	0.0202059272235	0.01768673205	ID	1000	A6	C1	10000	1000	0	0.5	300	0
213	0.011546785926	0.0264435046	0	0.204	0.073	0.011546785926	0.0264435046	1	1000	A6	C1	10000	1000	0	0.5	300	0.1
214	0.02553633996515	0.0604668096	0	0.009	0	0.02553633996515	0.0604668096	FGr	1000	A6	C1	10000	1000	0	0.5	300	0.1
215	0.0422556435528	0.1042314929	0	0	0	0.0422556435528	0.1042314929	NoCorrection	1000	A6	C1	10000	1000	0	0.5	300	0.1
216	0.013516009644155	0.0318270854	0	0.154	0.021	0.013516009644155	0.0318270854	ID	1000	A6	C1	10000	1000	0	0.5	300	0.1
217	-0.00721834669650002	-0.0072671732000001	0	0.477	0.649	-0.00721834669650002	-0.0072671732000001	1	1000	A6	C1	10000	1000	0	0.5	300	0.5
218	0.0502866981631001	0.15619089375	0	0	0	0.0502866981631001	0.15619089375	FGr	1000	A6	C1	10000	1000	0	0.5	300	0.5
219	0.1551698301143	0.4332475892	0	0	0	0.1551698301143	0.4332475892	NoCorrection	1000	A6	C1	10000	1000	0	0.5	300	0.5
220	-0.00714644820765001	-0.00764139990000004	0	0.497	0.634	-0.00714644820765001	-0.00764139990000004	ID	1000	A6	C1	10000	1000	0	0.5	300	0.5
221	-0.00716976513449999	-0.0132455071000001	0	0.43	0.379	-0.00716976513449999	-0.0132455071000001	1	1000	A6	C1	10000	1000	0	0.5	300	1
222	0.0952352158729	0.2646480738	0	0	0	0.0952352158729	0.2646480738	FGr	1000	A6	C1	10000	1000	0	0.5	300	1
223	0.291695695396	0.795746294	0	0	0	0.291695695396	0.795746294	NoCorrection	1000	A6	C1	10000	1000	0	0.5	300	1
224	-0.00575004118404	-0.00347597409999996	0	0.532	0.809	-0.00575004118404	-0.00347597409999996	ID	1000	A6	C1	10000	1000	0	0.5	300	1
225	-0.02148397298375	-0.00268969869999997	0	0.038	0.9	-0.02148397298375	-0.00268969869999997	1	10000	A6	C1	10000	1000	0	0.5	300	0
226	-0.023647040792	-0.01392554745	0	0.024	0.482	-0.023647040792	-0.01392554745	FGr	10000	A6	C1	10000	1000	0	0.5	300	0
227	-0.0117380773145	0.0464558769499999	0	0.221	0.043	-0.0117380773145	0.0464558769499999	NoCorrection	10000	A6	C1	10000	1000	0	0.5	300	0
228	-0.023199940899335	-0.00799857920000004	0	0.022	0.742	-0.023199940899335	-0.00799857920000004	ID	10000	A6	C1	10000	1000	0	0.5	300	0
229	-0.00157252767415	0.0178211765000001	0	0.875	0.445	-0.00157252767415	0.0178211765000001	1	10000	A6	C1	10000	1000	0	0.5	300	0.1
230	-0.0022462444064	0.0107059806000001	0	0.8	0.627	-0.0022462444064	0.0107059806000001	FGr	10000	A6	C1	10000	1000	0	0.5	300	0.1
231	0.0497353984149	0.3186654084	0	0	0	0.0497353984149	0.3186654084	NoCorrection	10000	A6	C1	10000	1000	0	0.5	300	0.1
232	-0.0011627978895	0.0207974562500001	0	0.889	0.379	-0.0011627978895	0.0207974562500001	ID	10000	A6	C1	10000	1000	0	0.5	300	0.1
233	-0.00103057661335	0.01088236125	0	0.934	0.656	-0.00103057661335	0.01088236125	1	10000	A6	C1	10000	1000	0	0.5	300	0.5
234	0.0089122483915	0.05870582285	0	0.358	0.01	0.0089122483915	0.05870582285	FGr	10000	A6	C1	10000	1000	0	0.5	300	0.5
235	0.2050430794215	1.01859699275	0	0	0	0.2050430794215	1.01859699275	NoCorrection	10000	A6	C1	10000	1000	0	0.5	300	0.5
236	-0.000873349003500004	0.0128024594999999	0	0.927	0.565	-0.000873349003500004	0.0128024594999999	ID	10000	A6	C1	10000	1000	0	0.5	300	0.5
237	-0.0135477844345	-0.0312258039	0	0.188	0.168	-0.0135477844345	-0.0312258039	1	10000	A6	C1	10000	1000	0	0.5	300	1
238	0.0060093927353	0.0778693104	0	0.574	0.003	0.0060093927353	0.0778693104	FGr	10000	A6	C1	10000	1000	0	0.5	300	1
239	0.397335620175999	1.959996723	0	0	0	0.397335620175999	1.959996723	NoCorrection	10000	A6	C1	10000	1000	0	0.5	300	1
240	-0.0140789107883	-0.02963203415	0	0.166	0.2	-0.0140789107883	-0.02963203415	ID	10000	A6	C1	10000	1000	0	0.5	300	1
241	-0.00426239780148702	-0.00426239780148702	0	0.601	0.56	-0.00426239780148702	-0.00426239780148702	1	300	A6	C1	10000	10000	0	0.5	300	0
242	-0.00359948975547002	-0.00359948975547002	0	0.634	0.611	-0.00359948975547002	-0.00359948975547002	FGr	300	A6	C1	10000	10000	0	0.5	300	0
243	0.00289293168744999	0.00289293168744999	0	0.701	0.708	0.00289293168744999	0.00289293168744999	NoCorrection	300	A6	C1	10000	10000	0	0.5	300	0
244	-0.00487661044527	-0.00487661044527	0	0.531	0.534	-0.00487661044527	-0.00487661044527	ID	300	A6	C1	10000	10000	0	0.5	300	0
245	-0.00841429978275006	-0.00841429978275007	0	0.273	0.287	-0.00841429978275006	-0.00841429978275007	1	300	A6	C1	10000	10000	0	0.5	300	0.1
246	0.00430923040170001	0.00430923040170002	0	0.591	0.576	0.00430923040170001	0.00430923040170002	FGr	300	A6	C1	10000	10000	0	0.5	300	0.1
247	0.01505198933442	0.01505198933442	0	0.075	0.065	0.01505198933442	0.01505198933442	NoCorrection	300	A6	C1	10000	10000	0	0.5	300	0.1
248	-0.00847059638720001	-0.00847059638720003	0	0.255	0.288	-0.00847059638720001	-0.00847059638720003	ID	300	A6	C1	10000	10000	0	0.5	300	0.1
249	-0.00867927737703498	-0.00867927737703499	0	0.275	0.307	-0.00867927737703498	-0.00867927737703499	1	300	A6	C1	10000	10000	0	0.5	300	0.5
250	0.0863798760587001	0.0863798760587001	0	0	0	0.0863798760587001	0.0863798760587001	FGr	300	A6	C1	10000	10000	0	0.5	300	0.5
251	0.1533819324556	0.1533819324556	0	0	0	0.1533819324556	0.1533819324556	NoCorrection	300	A6	C1	10000	10000	0	0.5	300	0.5
252	-0.00895046415614502	-0.00895046415614502	0	0.221	0.244	-0.00895046415614502	-0.00895046415614502	ID	300	A6	C1	10000	10000	0	0.5	300	0.5
253	0.00637705466840002	0.00637705466840003	0	0.501	0.51	0.00637705466840002	0.00637705466840003	1	300	A6	C1	10000	10000	0	0.5	300	1
254	0.189991103124225	0.189991103124225	0	0	0	0.189991103124225	0.189991103124225	FGr	300	A6	C1	10000	10000	0	0.5	300	1
255	0.32129186241655	0.32129186241655	0	0	0	0.32129186241655	0.32129186241655	NoCorrection	300	A6	C1	10000	10000	0	0.5	300	1
256	-0.00116780508989999	-0.00116780508989998	0	0.902	0.91	-0.00116780508989999	-0.00116780508989998	ID	300	A6	C1	10000	10000	0	0.5	300	1
257	-0.00567825711510506	-0.01868889472	0	0.493	0.164	-0.00567825711510506	-0.01868889472	1	1000	A6	C1	10000	10000	0	0.5	300	0
258	-0.00559155117116001	-0.01800920129	0	0.482	0.182	-0.00559155117116001	-0.01800920129	FGr	1000	A6	C1	10000	10000	0	0.5	300	0
259	-0.01083126883775	-0.0301158183849998	0	0.185	0.023	-0.01083126883775	-0.0301158183849998	NoCorrection	1000	A6	C1	10000	10000	0	0.5	300	0
260	-0.00472844718629997	-0.016022772495	0	0.569	0.22	-0.00472844718629997	-0.016022772495	ID	1000	A6	C1	10000	10000	0	0.5	300	0
261	-0.0033945541395053	0.019490721235	0	0.678	0.166	-0.0033945541395053	0.019490721235	1	1000	A6	C1	10000	10000	0	0.5	300	0.1
262	0.0129809548125001	0.0613062004550001	0	0.083	0	0.0129809548125001	0.0613062004550001	FGr	1000	A6	C1	10000	10000	0	0.5	300	0.1
263	0.0387588451087999	0.131292718995	0	0	0	0.0387588451087999	0.131292718995	NoCorrection	1000	A6	C1	10000	10000	0	0.5	300	0.1
264	-0.00336320851814999	0.0216805999399998	0	0.678	0.133	-0.00336320851814999	0.0216805999399998	ID	1000	A6	C1	10000	10000	0	0.5	300	0.1
265	0.000547061558599994	-0.00502944525499995	0	0.94	0.711	0.000547061558599994	-0.00502944525499995	1	1000	A6	C1	10000	10000	0	0.5	300	0.5
266	0.0593358766349999	0.152559485705	0	0	0	0.0593358766349999	0.152559485705	FGr	1000	A6	C1	10000	10000	0	0.5	300	0.5
267	0.1493666979732	0.397895093195	0	0	0	0.1493666979732	0.397895093195	NoCorrection	1000	A6	C1	10000	10000	0	0.5	300	0.5
268	-0.00113151193470594	-0.00816172706500001	0	0.883	0.553	-0.00113151193470594	-0.00816172706500001	ID	1000	A6	C1	10000	10000	0	0.5	300	0.5
269	-0.00478366952920988	-0.00654853474499994	0	0.542	0.602	-0.00478366952920988	-0.00654853474499994	1	1000	A6	C1	10000	10000	0	0.5	300	1
270	0.10789999743837	0.28886569122	0	0	0	0.10789999743837	0.28886569122	FGr	1000	A6	C1	10000	10000	0	0.5	300	1
271	0.292906982303419	0.742421879554998	0	0	0	0.292906982303419	0.742421879554998	NoCorrection	1000	A6	C1	10000	10000	0	0.5	300	1
272	-0.00226706060075003	-0.003392900425	0	0.783	0.799	-0.00226706060075003	-0.003392900425	ID	1000	A6	C1	10000	10000	0	0.5	300	1
273	-0.00279921846697495	0.0639236619499995	0	0.782	0.003	-0.00279921846697495	0.0639236619499995	1	10000	A6	C1	10000	10000	0	0.5	300	0
274	-0.00560412808859998	0.034201963055	0	0.578	0.14	-0.00560412808859998	0.034201963055	FGr	10000	A6	C1	10000	10000	0	0.5	300	0
275	-0.0041257904163201	0.0462396451799996	0	0.668	0.031	-0.0041257904163201	0.0462396451799996	NoCorrection	10000	A6	C1	10000	10000	0	0.5	300	0
276	-0.00331195902749848	0.0563611895950007	0	0.741	0.007	-0.00331195902749848	0.0563611895950007	ID	10000	A6	C1	10000	10000	0	0.5	300	0
277	0.012466291647745	0.012338573475	0	0.179	0.583	0.012466291647745	0.012338573475	1	10000	A6	C1	10000	10000	0	0.5	300	0.1
278	0.01196105299225	0.01155795041	0	0.225	0.54	0.01196105299225	0.01155795041	FGr	10000	A6	C1	10000	10000	0	0.5	300	0.1
279	0.0359604710296999	0.149038645095	0	0	0	0.0359604710296999	0.149038645095	NoCorrection	10000	A6	C1	10000	10000	0	0.5	300	0.1
280	0.01288856588595	0.019619505775	0	0.173	0.356	0.01288856588595	0.019619505775	ID	10000	A6	C1	10000	10000	0	0.5	300	0.1
281	-0.00646828287476483	0.03629964032	0	0.474	0.058	-0.00646828287476483	0.03629964032	1	10000	A6	C1	10000	10000	0	0.5	300	0.5
282	-0.00396596233565513	0.0535258549099999	0	0.666	0.013	-0.00396596233565513	0.0535258549099999	FGr	10000	A6	C1	10000	10000	0	0.5	300	0.5
283	0.16035703297627	1.02863529107	0	0	0	0.16035703297627	1.02863529107	NoCorrection	10000	A6	C1	10000	10000	0	0.5	300	0.5
284	-0.00740972435937756	0.02789254393	0	0.373	0.151	-0.00740972435937756	0.02789254393	ID	10000	A6	C1	10000	10000	0	0.5	300	0.5
285	0.00467627522304998	-0.0065327369249999	0	0.533	0.742	0.00467627522304998	-0.0065327369249999	1	10000	A6	C1	10000	10000	0	0.5	300	1
286	0.0152583040801	0.0635859240149998	0	0.07	0.003	0.0152583040801	0.0635859240149998	FGr	10000	A6	C1	10000	10000	0	0.5	300	1
287	0.3205197752264	1.7593450818	0	0	0	0.3205197752264	1.7593450818	NoCorrection	10000	A6	C1	10000	10000	0	0.5	300	1
288	0.00396522840655005	-0.00592514037500011	0	0.583	0.758	0.00396522840655005	-0.00592514037500011	ID	10000	A6	C1	10000	10000	0	0.5	300	1
289	0.0492441395900001	0.04924413959	0	0.202	0.166	0.0492441395900001	0.04924413959	1	300	A6	C2	1000	100	0	0.5	300	0
290	0.04938951698	0.04938951698	0	0.189	0.184	0.04938951698	0.04938951698	FGr	300	A6	C2	1000	100	0	0.5	300	0
291	0.04794648011	0.0479464801100001	0	0.21	0.169	0.04794648011	0.0479464801100001	NoCorrection	300	A6	C2	1000	100	0	0.5	300	0
292	0.048562586465	0.048562586465	0	0.181	0.198	0.048562586465	0.048562586465	ID	300	A6	C2	1000	100	0	0.5	300	0
293	-0.021471480282	-0.021471480282	0	0.494	0.523	-0.021471480282	-0.021471480282	1	300	A6	C2	1000	100	0	0.5	300	0.1
294	-0.02062447202	-0.02062447202	0	0.521	0.536	-0.02062447202	-0.02062447202	FGr	300	A6	C2	1000	100	0	0.5	300	0.1
295	-0.021563870515	-0.021563870515	0	0.518	0.498	-0.021563870515	-0.021563870515	NoCorrection	300	A6	C2	1000	100	0	0.5	300	0.1
296	-0.022035091226	-0.022035091226	0	0.476	0.501	-0.022035091226	-0.022035091226	ID	300	A6	C2	1000	100	0	0.5	300	0.1
297	-0.015685296135	-0.015685296135	0	0.62	0.626	-0.015685296135	-0.015685296135	1	300	A6	C2	1000	100	0	0.5	300	0.5
298	-0.00985862970999999	-0.00985862971000004	0	0.811	0.802	-0.00985862970999999	-0.00985862971000004	FGr	300	A6	C2	1000	100	0	0.5	300	0.5
299	-0.00742201328000003	-0.00742201327999997	0	0.856	0.855	-0.00742201328000003	-0.00742201327999997	NoCorrection	300	A6	C2	1000	100	0	0.5	300	0.5
300	-0.01031593045	-0.01031593045	0	0.754	0.764	-0.01031593045	-0.01031593045	ID	300	A6	C2	1000	100	0	0.5	300	0.5
301	0.0551781811850001	0.0551781811850001	0	0.126	0.12	0.0551781811850001	0.0551781811850001	1	300	A6	C2	1000	100	0	0.5	300	1
302	0.0657813227	0.0657813227	0	0.186	0.176	0.0657813227	0.0657813227	FGr	300	A6	C2	1000	100	0	0.5	300	1
303	0.06584530715	0.06584530715	0	0.168	0.188	0.06584530715	0.06584530715	NoCorrection	300	A6	C2	1000	100	0	0.5	300	1
304	0.06172786508	0.06172786508	0	0.048	0.057	0.06172786508	0.06172786508	ID	300	A6	C2	1000	100	0	0.5	300	1
305	-0.02267818149	-0.056960381	0	0.514	0.303	-0.02267818149	-0.056960381	1	1000	A6	C2	1000	100	0	0.5	300	0
306	-0.023126768725	-0.050333862	0	0.49	0.375	-0.023126768725	-0.050333862	FGr	1000	A6	C2	1000	100	0	0.5	300	0
307	-0.02310191634	-0.054339668	0	0.465	0.321	-0.02310191634	-0.054339668	NoCorrection	1000	A6	C2	1000	100	0	0.5	300	0
308	-0.024298435505	-0.0478688095	0	0.464	0.4	-0.024298435505	-0.0478688095	ID	1000	A6	C2	1000	100	0	0.5	300	0
309	0.05291578985	0.0689075470000001	0	0.163	0.198	0.05291578985	0.0689075470000001	1	1000	A6	C2	1000	100	0	0.5	300	0.1
310	0.053320232045	0.0727338225	0	0.124	0.174	0.053320232045	0.0727338225	FGr	1000	A6	C2	1000	100	0	0.5	300	0.1
311	0.053131571485	0.070119717	0	0.139	0.2	0.053131571485	0.070119717	NoCorrection	1000	A6	C2	1000	100	0	0.5	300	0.1
312	0.05239534449	0.0666723265	0	0.144	0.207	0.05239534449	0.0666723265	ID	1000	A6	C2	1000	100	0	0.5	300	0.1
313	-0.063919701965	-0.057950512	0	0.051	0.321	-0.063919701965	-0.057950512	1	1000	A6	C2	1000	100	0	0.5	300	0.5
314	-0.04745975808	-0.089639544	0	0.211	0.194	-0.04745975808	-0.089639544	FGr	1000	A6	C2	1000	100	0	0.5	300	0.5
315	-0.04731534758	-0.0894293425000001	0	0.241	0.211	-0.04731534758	-0.0894293425000001	NoCorrection	1000	A6	C2	1000	100	0	0.5	300	0.5
316	-0.065138778895	-0.0547389844999999	0	0.056	0.385	-0.065138778895	-0.0547389844999999	ID	1000	A6	C2	1000	100	0	0.5	300	0.5
317	0.007530271175	0.020171921	0	0.836	0.723	0.007530271175	0.020171921	1	1000	A6	C2	1000	100	0	0.5	300	1
318	0.03910348819	0.153147143	0	0.443	0.09	0.03910348819	0.153147143	FGr	1000	A6	C2	1000	100	0	0.5	300	1
319	0.039205079973	0.1584577205	0	0.471	0.076	0.039205079973	0.1584577205	NoCorrection	1000	A6	C2	1000	100	0	0.5	300	1
320	0.00792409637000001	-0.00328671850000004	0	0.812	0.943	0.00792409637000001	-0.00328671850000004	ID	1000	A6	C2	1000	100	0	0.5	300	1
321	-0.0283276889099999	-0.0912772725	0	0.401	0.358	-0.0283276889099999	-0.0912772725	1	10000	A6	C2	1000	100	0	0.5	300	0
322	-0.0318033862999999	-0.083454743	0	0.309	0.373	-0.0318033862999999	-0.083454743	FGr	10000	A6	C2	1000	100	0	0.5	300	0
323	-0.0306041882500001	-0.113522294	0	0.357	0.232	-0.0306041882500001	-0.113522294	NoCorrection	10000	A6	C2	1000	100	0	0.5	300	0
324	-0.0288347900449999	-0.0843541820000001	0	0.385	0.364	-0.0288347900449999	-0.0843541820000001	ID	10000	A6	C2	1000	100	0	0.5	300	0
325	-0.013927567245	-0.0059435229999999	0	0.669	0.934	-0.013927567245	-0.0059435229999999	1	10000	A6	C2	1000	100	0	0.5	300	0.1
326	-0.01758990477	-0.00761372500000003	0	0.594	0.925	-0.01758990477	-0.00761372500000003	FGr	10000	A6	C2	1000	100	0	0.5	300	0.1
327	-0.0170898783849999	-4.92299999999735e-05	0	0.605	1	-0.0170898783849999	-4.92299999999735e-05	NoCorrection	10000	A6	C2	1000	100	0	0.5	300	0.1
328	-0.01466530075	-0.00849898499999993	0	0.65	0.912	-0.01466530075	-0.00849898499999993	ID	10000	A6	C2	1000	100	0	0.5	300	0.1
329	-0.00951788115	0.106653197	0	0.773	0.207	-0.00951788115	0.106653197	1	10000	A6	C2	1000	100	0	0.5	300	0.5
330	-0.019077369	0.15031269	0	0.616	0.118	-0.019077369	0.15031269	FGr	10000	A6	C2	1000	100	0	0.5	300	0.5
331	-0.01952966672	0.15501166	0	0.606	0.103	-0.01952966672	0.15501166	NoCorrection	10000	A6	C2	1000	100	0	0.5	300	0.5
332	-0.01130418635	0.0937707525000002	0	0.726	0.299	-0.01130418635	0.0937707525000002	ID	10000	A6	C2	1000	100	0	0.5	300	0.5
333	-0.029257936765	-0.0117823460000001	0	0.356	0.887	-0.029257936765	-0.0117823460000001	1	10000	A6	C2	1000	100	0	0.5	300	1
334	-0.048014297215	-0.039741145	0	0.302	0.746	-0.048014297215	-0.039741145	FGr	10000	A6	C2	1000	100	0	0.5	300	1
335	-0.04811439465	-0.0351925749999999	0	0.288	0.784	-0.04811439465	-0.0351925749999999	NoCorrection	10000	A6	C2	1000	100	0	0.5	300	1
336	-0.032780199685	-0.00674500800000007	0	0.312	0.934	-0.032780199685	-0.00674500800000007	ID	10000	A6	C2	1000	100	0	0.5	300	1
337	0.000133460568999961	0.000133460568999953	0	0.994	0.995	0.000133460568999961	0.000133460568999953	1	300	A6	C2	1000	1000	0	0.5	300	0
338	0.000924995008000039	0.000924995008000014	0	0.968	0.964	0.000924995008000039	0.000924995008000014	FGr	300	A6	C2	1000	1000	0	0.5	300	0
339	0.00117853416199999	0.001178534162	0	0.941	0.963	0.00117853416199999	0.001178534162	NoCorrection	300	A6	C2	1000	1000	0	0.5	300	0
340	0.000776340084499978	0.000776340084499978	0	0.977	0.975	0.000776340084499978	0.000776340084499978	ID	300	A6	C2	1000	1000	0	0.5	300	0
341	-0.002489706501	-0.00248970650099998	0	0.913	0.906	-0.002489706501	-0.00248970650099998	1	300	A6	C2	1000	1000	0	0.5	300	0.1
342	-0.00060210438	-0.000602104380000007	0	0.981	0.977	-0.00060210438	-0.000602104380000007	FGr	300	A6	C2	1000	1000	0	0.5	300	0.1
343	-0.00116080642949998	-0.00116080642949999	0	0.955	0.956	-0.00116080642949998	-0.00116080642949999	NoCorrection	300	A6	C2	1000	1000	0	0.5	300	0.1
344	-0.001943933066	-0.00194393306600001	0	0.919	0.938	-0.001943933066	-0.00194393306600001	ID	300	A6	C2	1000	1000	0	0.5	300	0.1
345	-0.0197791459674999	-0.0197791459675	0	0.337	0.358	-0.0197791459674999	-0.0197791459675	1	300	A6	C2	1000	1000	0	0.5	300	0.5
346	-0.00533591257459984	-0.00533591257459989	0	0.856	0.844	-0.00533591257459984	-0.00533591257459989	FGr	300	A6	C2	1000	1000	0	0.5	300	0.5
347	-0.00547096272800005	-0.00547096272800007	0	0.837	0.826	-0.00547096272800005	-0.00547096272800007	NoCorrection	300	A6	C2	1000	1000	0	0.5	300	0.5
348	-0.0128263379300001	-0.01282633793	0	0.529	0.54	-0.0128263379300001	-0.01282633793	ID	300	A6	C2	1000	1000	0	0.5	300	0.5
349	-0.000890162098499974	-0.0008901620985	0	0.972	0.971	-0.000890162098499974	-0.0008901620985	1	300	A6	C2	1000	1000	0	0.5	300	1
350	0.0209453065535001	0.0209453065535001	0	0.509	0.518	0.0209453065535001	0.0209453065535001	FGr	300	A6	C2	1000	1000	0	0.5	300	1
351	0.0202139183645	0.0202139183645	0	0.525	0.564	0.0202139183645	0.0202139183645	NoCorrection	300	A6	C2	1000	1000	0	0.5	300	1
352	0.00648696610699997	0.00648696610699997	0	0.75	0.731	0.00648696610699997	0.00648696610699997	ID	300	A6	C2	1000	1000	0	0.5	300	1
353	-0.0196337499585	-0.0528130995	0	0.347	0.12	-0.0196337499585	-0.0528130995	1	1000	A6	C2	1000	1000	0	0.5	300	0
354	-0.0200185060305	-0.0459435715	0	0.326	0.186	-0.0200185060305	-0.0459435715	FGr	1000	A6	C2	1000	1000	0	0.5	300	0
355	-0.0200842778850001	-0.0475346705	0	0.297	0.176	-0.0200842778850001	-0.0475346705	NoCorrection	1000	A6	C2	1000	1000	0	0.5	300	0
356	-0.0199279158745	-0.0470492744	0	0.32	0.168	-0.0199279158745	-0.0470492744	ID	1000	A6	C2	1000	1000	0	0.5	300	0
357	-0.00743492647999991	-0.0493239204499999	0	0.693	0.107	-0.00743492647999991	-0.0493239204499999	1	1000	A6	C2	1000	1000	0	0.5	300	0.1
358	-0.00805927238349994	-0.05049208425	0	0.685	0.097	-0.00805927238349994	-0.05049208425	FGr	1000	A6	C2	1000	1000	0	0.5	300	0.1
359	-0.00791551310050004	-0.0536004891999999	0	0.669	0.079	-0.00791551310050004	-0.0536004891999999	NoCorrection	1000	A6	C2	1000	1000	0	0.5	300	0.1
360	-0.00731753613789991	-0.04443744725	0	0.715	0.16	-0.00731753613789991	-0.04443744725	ID	1000	A6	C2	1000	1000	0	0.5	300	0.1
361	-0.029303817723	0.00479642054999995	0	0.197	0.908	-0.029303817723	0.00479642054999995	1	1000	A6	C2	1000	1000	0	0.5	300	0.5
362	-0.03202479920775	0.0164735592	0	0.216	0.673	-0.03202479920775	0.0164735592	FGr	1000	A6	C2	1000	1000	0	0.5	300	0.5
363	-0.0321659901600001	0.01411532685	0	0.208	0.715	-0.0321659901600001	0.01411532685	NoCorrection	1000	A6	C2	1000	1000	0	0.5	300	0.5
364	-0.0290900155571	-0.00867706685000001	0	0.174	0.794	-0.0290900155571	-0.00867706685000001	ID	1000	A6	C2	1000	1000	0	0.5	300	0.5
365	0.00570097074399999	-0.0101052498500001	0	0.799	0.746	0.00570097074399999	-0.0101052498500001	1	1000	A6	C2	1000	1000	0	0.5	300	1
366	-1.14162240000322e-05	0.00119949460000001	0	1	0.978	-1.14162240000322e-05	0.00119949460000001	FGr	1000	A6	C2	1000	1000	0	0.5	300	1
367	-0.000255181384000007	0.00860202179999999	0	0.994	0.852	-0.000255181384000007	0.00860202179999999	NoCorrection	1000	A6	C2	1000	1000	0	0.5	300	1
368	0.00600353624100001	-0.01031823645	0	0.769	0.721	0.00600353624100001	-0.01031823645	ID	1000	A6	C2	1000	1000	0	0.5	300	1
369	-0.041487217935	-0.0164048811999997	0	0.059	0.751	-0.041487217935	-0.0164048811999997	1	10000	A6	C2	1000	1000	0	0.5	300	0
370	-0.038050370845	-0.0279717332999999	0	0.079	0.617	-0.038050370845	-0.0279717332999999	FGr	10000	A6	C2	1000	1000	0	0.5	300	0
371	-0.0385466481815	-0.0158451909500001	0	0.1	0.782	-0.0385466481815	-0.0158451909500001	NoCorrection	10000	A6	C2	1000	1000	0	0.5	300	0
372	-0.0415534506145	-0.0238558509500006	0	0.065	0.651	-0.0415534506145	-0.0238558509500006	ID	10000	A6	C2	1000	1000	0	0.5	300	0
373	-0.01039566219	-0.0235617777500002	0	0.63	0.641	-0.01039566219	-0.0235617777500002	1	10000	A6	C2	1000	1000	0	0.5	300	0.1
374	-0.011034524918	-0.00263829600000006	0	0.626	0.965	-0.011034524918	-0.00263829600000006	FGr	10000	A6	C2	1000	1000	0	0.5	300	0.1
375	-0.010471988234	-0.0276656257000002	0	0.657	0.597	-0.010471988234	-0.0276656257000002	NoCorrection	10000	A6	C2	1000	1000	0	0.5	300	0.1
376	-0.0101769067075	-0.0201724446	0	0.645	0.665	-0.0101769067075	-0.0201724446	ID	10000	A6	C2	1000	1000	0	0.5	300	0.1
377	0.00472312303799998	-0.043063042	0	0.872	0.459	0.00472312303799998	-0.043063042	1	10000	A6	C2	1000	1000	0	0.5	300	0.5
378	-0.00252321461977999	-0.0215762730000002	0	0.942	0.731	-0.00252321461977999	-0.0215762730000002	FGr	10000	A6	C2	1000	1000	0	0.5	300	0.5
379	-0.00347942461400001	-0.022869529	0	0.91	0.69	-0.00347942461400001	-0.022869529	NoCorrection	10000	A6	C2	1000	1000	0	0.5	300	0.5
380	0.00434907052700003	-0.05637036435	0	0.872	0.304	0.00434907052700003	-0.05637036435	ID	10000	A6	C2	1000	1000	0	0.5	300	0.5
381	-0.057631463506	0.00128157540000007	0	0.011	0.978	-0.057631463506	0.00128157540000007	1	10000	A6	C2	1000	1000	0	0.5	300	1
382	-0.0726435027785	0.0416784529999999	0	0.025	0.594	-0.0726435027785	0.0416784529999999	FGr	10000	A6	C2	1000	1000	0	0.5	300	1
383	-0.072456281374	0.0425092454999988	0	0.029	0.608	-0.072456281374	0.0425092454999988	NoCorrection	10000	A6	C2	1000	1000	0	0.5	300	1
384	-0.0578322112905	0.0254158208500001	0	0.02	0.656	-0.0578322112905	0.0254158208500001	ID	10000	A6	C2	1000	1000	0	0.5	300	1
385	-0.01149725593307	-0.01149725593307	0	0.551	0.506	-0.01149725593307	-0.01149725593307	1	300	A6	C2	1000	10000	0	0.5	300	0
386	-0.0115472842303	-0.0115472842303	0	0.517	0.527	-0.0115472842303	-0.0115472842303	FGr	300	A6	C2	1000	10000	0	0.5	300	0
387	-0.01116456016915	-0.01116456016915	0	0.559	0.561	-0.01116456016915	-0.01116456016915	NoCorrection	300	A6	C2	1000	10000	0	0.5	300	0
388	-0.0115952984575	-0.0115952984575	0	0.545	0.517	-0.0115952984575	-0.0115952984575	ID	300	A6	C2	1000	10000	0	0.5	300	0
389	0.00167199760004969	0.00167199760004962	0	0.929	0.92	0.00167199760004969	0.00167199760004962	1	300	A6	C2	1000	10000	0	0.5	300	0.1
390	0.00203221171489966	0.00203221171489968	0	0.906	0.918	0.00203221171489966	0.00203221171489968	FGr	300	A6	C2	1000	10000	0	0.5	300	0.1
391	0.00135219146770035	0.00135219146770028	0	0.926	0.943	0.00135219146770035	0.00135219146770028	NoCorrection	300	A6	C2	1000	10000	0	0.5	300	0.1
392	0.00165803230214989	0.00165803230214994	0	0.918	0.918	0.00165803230214989	0.00165803230214994	ID	300	A6	C2	1000	10000	0	0.5	300	0.1
393	0.00349430222309967	0.00349430222309966	0	0.855	0.839	0.00349430222309967	0.00349430222309966	1	300	A6	C2	1000	10000	0	0.5	300	0.5
394	0.00241342648579983	0.0024134264857998	0	0.912	0.901	0.00241342648579983	0.0024134264857998	FGr	300	A6	C2	1000	10000	0	0.5	300	0.5
395	0.00269430636474991	0.00269430636474991	0	0.883	0.88	0.00269430636474991	0.00269430636474991	NoCorrection	300	A6	C2	1000	10000	0	0.5	300	0.5
396	0.00485330788859983	0.00485330788859981	0	0.754	0.785	0.00485330788859983	0.00485330788859981	ID	300	A6	C2	1000	10000	0	0.5	300	0.5
397	-0.00499156288300017	-0.00499156288300021	0	0.829	0.796	-0.00499156288300017	-0.00499156288300021	1	300	A6	C2	1000	10000	0	0.5	300	1
398	-0.00689759983045028	-0.00689759983045032	0	0.817	0.829	-0.00689759983045028	-0.00689759983045032	FGr	300	A6	C2	1000	10000	0	0.5	300	1
399	-0.00652660564865036	-0.00652660564865024	0	0.837	0.839	-0.00652660564865036	-0.00652660564865024	NoCorrection	300	A6	C2	1000	10000	0	0.5	300	1
400	-0.00184587753727043	-0.00184587753727044	0	0.929	0.931	-0.00184587753727043	-0.00184587753727044	ID	300	A6	C2	1000	10000	0	0.5	300	1
401	0.0192075641336501	0.0157254180200001	0	0.338	0.596	0.0192075641336501	0.0157254180200001	1	1000	A6	C2	1000	10000	0	0.5	300	0
402	0.0159239054408501	0.00890835469999967	0	0.437	0.764	0.0159239054408501	0.00890835469999967	FGr	1000	A6	C2	1000	10000	0	0.5	300	0
403	0.0158675764058002	0.00949229646999994	0	0.435	0.718	0.0158675764058002	0.00949229646999994	NoCorrection	1000	A6	C2	1000	10000	0	0.5	300	0
404	0.0166842729567505	0.0111182882850004	0	0.415	0.699	0.0166842729567505	0.0111182882850004	ID	1000	A6	C2	1000	10000	0	0.5	300	0
405	0.0155864007987549	0.0642778621099999	0	0.434	0.023	0.0155864007987549	0.0642778621099999	1	1000	A6	C2	1000	10000	0	0.5	300	0.1
406	0.0226628979163999	0.0657619996100001	0	0.267	0.029	0.0226628979163999	0.0657619996100001	FGr	1000	A6	C2	1000	10000	0	0.5	300	0.1
407	0.0226195326476	0.0700402111149999	0	0.27	0.022	0.0226195326476	0.0700402111149999	NoCorrection	1000	A6	C2	1000	10000	0	0.5	300	0.1
408	0.0199822275392498	0.0617104344249997	0	0.309	0.044	0.0199822275392498	0.0617104344249997	ID	1000	A6	C2	1000	10000	0	0.5	300	0.1
409	0.00470478076891501	-0.00386107806500085	0	0.808	0.875	0.00470478076891501	-0.00386107806500085	1	1000	A6	C2	1000	10000	0	0.5	300	0.5
410	0.018723752006	0.0325500153499997	0	0.345	0.351	0.018723752006	0.0325500153499997	FGr	1000	A6	C2	1000	10000	0	0.5	300	0.5
411	0.01871138159684	0.0378168430850002	0	0.337	0.278	0.01871138159684	0.0378168430850002	NoCorrection	1000	A6	C2	1000	10000	0	0.5	300	0.5
412	0.0126757333092501	0.000928300334998622	0	0.472	0.979	0.0126757333092501	0.000928300334998622	ID	1000	A6	C2	1000	10000	0	0.5	300	0.5
413	0.00560585195255015	0.01854238061	0	0.788	0.56	0.00560585195255015	0.01854238061	1	1000	A6	C2	1000	10000	0	0.5	300	1
414	0.0304588198357497	0.0176568352100006	0	0.297	0.673	0.0304588198357497	0.0176568352100006	FGr	1000	A6	C2	1000	10000	0	0.5	300	1
415	0.0305249278817003	0.0418870199250002	0	0.295	0.35	0.0305249278817003	0.0418870199250002	NoCorrection	1000	A6	C2	1000	10000	0	0.5	300	1
416	0.0183752584239503	0.0204954123049998	0	0.397	0.499	0.0183752584239503	0.0204954123049998	ID	1000	A6	C2	1000	10000	0	0.5	300	1
417	0.05544213859315	-0.0144413933100002	0	0.009	0.774	0.05544213859315	-0.0144413933100002	1	10000	A6	C2	1000	10000	0	0.5	300	0
418	0.0549794622577999	-0.0248709007449996	0	0.002	0.628	0.0549794622577999	-0.0248709007449996	FGr	10000	A6	C2	1000	10000	0	0.5	300	0
419	0.0555295420451001	-0.0217937321249993	0	0.003	0.688	0.0555295420451001	-0.0217937321249993	NoCorrection	10000	A6	C2	1000	10000	0	0.5	300	0
420	0.0552582177620504	-0.0164441725450008	0	0.005	0.724	0.0552582177620504	-0.0164441725450008	ID	10000	A6	C2	1000	10000	0	0.5	300	0
421	-0.0153353384755013	0.018064906555	0	0.36	0.706	-0.0153353384755013	0.018064906555	1	10000	A6	C2	1000	10000	0	0.5	300	0.1
422	-0.0180068809484994	-0.00918083881499999	0	0.271	0.851	-0.0180068809484994	-0.00918083881499999	FGr	10000	A6	C2	1000	10000	0	0.5	300	0.1
423	-0.01673915411449	-0.00665657845000001	0	0.312	0.9	-0.01673915411449	-0.00665657845000001	NoCorrection	10000	A6	C2	1000	10000	0	0.5	300	0.1
424	-0.0150169861856899	0.0193251928550003	0	0.364	0.665	-0.0150169861856899	0.0193251928550003	ID	10000	A6	C2	1000	10000	0	0.5	300	0.1
425	-0.0224688892565015	-0.0526981291549986	0	0.176	0.275	-0.0224688892565015	-0.0526981291549986	1	10000	A6	C2	1000	10000	0	0.5	300	0.5
426	-0.030746526424749	0.0317631873000004	0	0.155	0.568	-0.030746526424749	0.0317631873000004	FGr	10000	A6	C2	1000	10000	0	0.5	300	0.5
427	-0.0308316506697513	0.031872122349998	0	0.142	0.54	-0.0308316506697513	0.031872122349998	NoCorrection	10000	A6	C2	1000	10000	0	0.5	300	0.5
428	-0.0218592554380993	-0.0347075657799997	0	0.203	0.462	-0.0218592554380993	-0.0347075657799997	ID	10000	A6	C2	1000	10000	0	0.5	300	0.5
429	-0.000731749759900022	-0.014612011905	0	0.962	0.776	-0.000731749759900022	-0.014612011905	1	10000	A6	C2	1000	10000	0	0.5	300	1
430	-0.0136143895017001	-0.0391547561499995	0	0.619	0.597	-0.0136143895017001	-0.0391547561499995	FGr	10000	A6	C2	1000	10000	0	0.5	300	1
431	-0.0144286068570002	-0.0296684549000014	0	0.587	0.663	-0.0144286068570002	-0.0296684549000014	NoCorrection	10000	A6	C2	1000	10000	0	0.5	300	1
432	0.000316536477499969	-0.0227780255249998	0	0.994	0.666	0.000316536477499969	-0.0227780255249998	ID	10000	A6	C2	1000	10000	0	0.5	300	1
433	-0.000237312425999998	-0.000237312426	0	0.977	0.987	-0.000237312425999998	-0.000237312426	1	300	A6	C2	10000	100	0	0.5	300	0
434	-0.000305374680000004	-0.000305374679999998	0	0.978	0.979	-0.000305374680000004	-0.000305374679999998	FGr	300	A6	C2	10000	100	0	0.5	300	0
435	-0.000322118393999997	-0.000322118393999997	0	0.977	0.977	-0.000322118393999997	-0.000322118393999997	NoCorrection	300	A6	C2	10000	100	0	0.5	300	0
436	-0.000685733129999998	-0.000685733130000001	0	0.949	0.959	-0.000685733129999998	-0.000685733130000001	ID	300	A6	C2	10000	100	0	0.5	300	0
437	0.000381223775000012	0.000381223775000015	0	0.978	0.976	0.000381223775000012	0.000381223775000015	1	300	A6	C2	10000	100	0	0.5	300	0.1
438	-0.00133337099100004	-0.00133337099100003	0	0.938	0.92	-0.00133337099100004	-0.00133337099100003	FGr	300	A6	C2	10000	100	0	0.5	300	0.1
439	-0.00135035145000001	-0.00135035145000002	0	0.907	0.923	-0.00135035145000001	-0.00135035145000002	NoCorrection	300	A6	C2	10000	100	0	0.5	300	0.1
440	0.000316548989999952	0.000316548989999985	0	0.979	0.986	0.000316548989999952	0.000316548989999985	ID	300	A6	C2	10000	100	0	0.5	300	0.1
441	-0.0146304226436	-0.0146304226436	0	0.209	0.194	-0.0146304226436	-0.0146304226436	1	300	A6	C2	10000	100	0	0.5	300	0.5
442	-0.022032047378	-0.022032047378	0	0.341	0.352	-0.022032047378	-0.022032047378	FGr	300	A6	C2	10000	100	0	0.5	300	0.5
443	-0.022273598386	-0.022273598386	0	0.388	0.366	-0.022273598386	-0.022273598386	NoCorrection	300	A6	C2	10000	100	0	0.5	300	0.5
444	-0.013838999414	-0.013838999414	0	0.205	0.194	-0.013838999414	-0.013838999414	ID	300	A6	C2	10000	100	0	0.5	300	0.5
445	0.00406004291	0.00406004291000002	0	0.76	0.762	0.00406004291	0.00406004291000002	1	300	A6	C2	10000	100	0	0.5	300	1
446	-0.0109019437149999	-0.0109019437149999	0	0.782	0.785	-0.0109019437149999	-0.0109019437149999	FGr	300	A6	C2	10000	100	0	0.5	300	1
447	-0.0109993129675	-0.0109993129674998	0	0.814	0.788	-0.0109993129675	-0.0109993129674998	NoCorrection	300	A6	C2	10000	100	0	0.5	300	1
448	0.005271727815	0.005271727815	0	0.658	0.622	0.005271727815	0.005271727815	ID	300	A6	C2	10000	100	0	0.5	300	1
449	0.00598810511849999	0.00712883300000003	0	0.591	0.708	0.00598810511849999	0.00712883300000003	1	1000	A6	C2	10000	100	0	0.5	300	0
450	0.00585722544	0.00318441100000001	0	0.626	0.866	0.00585722544	0.00318441100000001	FGr	1000	A6	C2	10000	100	0	0.5	300	0
451	0.00586249609500001	0.00318469500000001	0	0.612	0.853	0.00586249609500001	0.00318469500000001	NoCorrection	1000	A6	C2	10000	100	0	0.5	300	0
452	0.00590367073299999	0.00481118849999998	0	0.639	0.79	0.00590367073299999	0.00481118849999998	ID	1000	A6	C2	10000	100	0	0.5	300	0
453	0.01366251128	-0.0168088805	0	0.303	0.446	0.01366251128	-0.0168088805	1	1000	A6	C2	10000	100	0	0.5	300	0.1
454	0.010976230095	-0.032296121	0	0.468	0.181	0.010976230095	-0.032296121	FGr	1000	A6	C2	10000	100	0	0.5	300	0.1
455	0.01097915813	-0.0322801745	0	0.446	0.162	0.01097915813	-0.0322801745	NoCorrection	1000	A6	C2	10000	100	0	0.5	300	0.1
456	0.01322585796	-0.0231012975	0	0.302	0.284	0.01322585796	-0.0231012975	ID	1000	A6	C2	10000	100	0	0.5	300	0.1
457	-0.0050797279257	-0.00439293399999997	0	0.631	0.806	-0.0050797279257	-0.00439293399999997	1	1000	A6	C2	10000	100	0	0.5	300	0.5
458	-0.01234211806	-0.064719647	0	0.655	0.075	-0.01234211806	-0.064719647	FGr	1000	A6	C2	10000	100	0	0.5	300	0.5
459	-0.01347735095	-0.0638684955	0	0.611	0.065	-0.01347735095	-0.0638684955	NoCorrection	1000	A6	C2	10000	100	0	0.5	300	0.5
460	-0.00580374311019999	-0.01297805	0	0.575	0.454	-0.00580374311019999	-0.01297805	ID	1000	A6	C2	10000	100	0	0.5	300	0.5
461	-0.000393924192999998	-0.0179863745	0	0.973	0.375	-0.000393924192999998	-0.0179863745	1	1000	A6	C2	10000	100	0	0.5	300	1
462	-0.01429806358	-0.170839275	0	0.755	0.014	-0.01429806358	-0.170839275	FGr	1000	A6	C2	10000	100	0	0.5	300	1
463	-0.016959392086	-0.184937554	0	0.735	0.003	-0.016959392086	-0.184937554	NoCorrection	1000	A6	C2	10000	100	0	0.5	300	1
464	-0.00136648541	-0.0154657065	0	0.886	0.439	-0.00136648541	-0.0154657065	ID	1000	A6	C2	10000	100	0	0.5	300	1
465	0.00267238510500001	0.0405950155	0	0.822	0.14	0.00267238510500001	0.0405950155	1	10000	A6	C2	10000	100	0	0.5	300	0
466	0.00265058449500001	0.031490473	0	0.83	0.242	0.00265058449500001	0.031490473	FGr	10000	A6	C2	10000	100	0	0.5	300	0
467	0.00267575892999999	0.034209377	0	0.805	0.21	0.00267575892999999	0.034209377	NoCorrection	10000	A6	C2	10000	100	0	0.5	300	0
468	0.00268936602	0.037433057	0	0.801	0.148	0.00268936602	0.037433057	ID	10000	A6	C2	10000	100	0	0.5	300	0
469	-0.01341051713575	0.00335530450000002	0	0.216	0.9	-0.01341051713575	0.00335530450000002	1	10000	A6	C2	10000	100	0	0.5	300	0.1
470	-0.01563709068	0.0347988705	0	0.164	0.282	-0.01563709068	0.0347988705	FGr	10000	A6	C2	10000	100	0	0.5	300	0.1
471	-0.01553217556	0.035426545	0	0.198	0.257	-0.01553217556	0.035426545	NoCorrection	10000	A6	C2	10000	100	0	0.5	300	0.1
472	-0.013451216333	0.00111632099999999	0	0.213	0.97	-0.013451216333	0.00111632099999999	ID	10000	A6	C2	10000	100	0	0.5	300	0.1
473	-0.00617123950999999	-0.00746518450000006	0	0.595	0.803	-0.00617123950999999	-0.00746518450000006	1	10000	A6	C2	10000	100	0	0.5	300	0.5
474	-0.01562401804	0.013361931	0	0.426	0.77	-0.01562401804	0.013361931	FGr	10000	A6	C2	10000	100	0	0.5	300	0.5
475	-0.01549983069	0.018298455	0	0.406	0.718	-0.01549983069	0.018298455	NoCorrection	10000	A6	C2	10000	100	0	0.5	300	0.5
476	-0.00654346057000001	-0.00218441950000001	0	0.594	0.937	-0.00654346057000001	-0.00218441950000001	ID	10000	A6	C2	10000	100	0	0.5	300	0.5
477	0.0124695915845	-0.0346819235	0	0.211	0.201	0.0124695915845	-0.0346819235	1	10000	A6	C2	10000	100	0	0.5	300	1
478	-0.00640854849999994	-0.0247444499999999	0	0.854	0.778	-0.00640854849999994	-0.0247444499999999	FGr	10000	A6	C2	10000	100	0	0.5	300	1
479	-0.00610448880000004	-0.00913865500000011	0	0.855	0.919	-0.00610448880000004	-0.00913865500000011	NoCorrection	10000	A6	C2	10000	100	0	0.5	300	1
480	0.011795246103	-0.0348893465	0	0.224	0.188	0.011795246103	-0.0348893465	ID	10000	A6	C2	10000	100	0	0.5	300	1
481	0.00492890167005	0.00492890167004999	0	0.503	0.488	0.00492890167005	0.00492890167004999	1	300	A6	C2	10000	1000	0	0.5	300	0
482	0.00461616719350001	0.00461616719350002	0	0.524	0.52	0.00461616719350001	0.00461616719350002	FGr	300	A6	C2	10000	1000	0	0.5	300	0
483	0.00463248142899998	0.00463248142899999	0	0.543	0.509	0.00463248142899998	0.00463248142899999	NoCorrection	300	A6	C2	10000	1000	0	0.5	300	0
484	0.00484739903099999	0.00484739903099998	0	0.488	0.493	0.00484739903099999	0.00484739903099998	ID	300	A6	C2	10000	1000	0	0.5	300	0
485	0.00495475503500005	0.00495475503500005	0	0.485	0.497	0.00495475503500005	0.00495475503500005	1	300	A6	C2	10000	1000	0	0.5	300	0.1
486	0.00584555362349995	0.0058455536234999	0	0.428	0.447	0.00584555362349995	0.0058455536234999	FGr	300	A6	C2	10000	1000	0	0.5	300	0.1
487	0.005811975679	0.00581197567899999	0	0.448	0.484	0.005811975679	0.00581197567899999	NoCorrection	300	A6	C2	10000	1000	0	0.5	300	0.1
488	0.00516140959924994	0.00516140959924998	0	0.482	0.482	0.00516140959924994	0.00516140959924998	ID	300	A6	C2	10000	1000	0	0.5	300	0.1
489	-0.00601753106264999	-0.00601753106265	0	0.38	0.348	-0.00601753106264999	-0.00601753106265	1	300	A6	C2	10000	1000	0	0.5	300	0.5
490	-0.00229244528650011	-0.00229244528650005	0	0.86	0.875	-0.00229244528650011	-0.00229244528650005	FGr	300	A6	C2	10000	1000	0	0.5	300	0.5
491	-0.00225109433420004	-0.00225109433420004	0	0.886	0.876	-0.00225109433420004	-0.00225109433420004	NoCorrection	300	A6	C2	10000	1000	0	0.5	300	0.5
492	-0.0051492118325	-0.0051492118325	0	0.395	0.402	-0.0051492118325	-0.0051492118325	ID	300	A6	C2	10000	1000	0	0.5	300	0.5
493	0.000714505261074999	0.000714505261074995	0	0.906	0.905	0.000714505261074999	0.000714505261074995	1	300	A6	C2	10000	1000	0	0.5	300	1
494	0.00729216092400003	0.00729216092400002	0	0.73	0.715	0.00729216092400003	0.00729216092400002	FGr	300	A6	C2	10000	1000	0	0.5	300	1
495	0.00733189015500015	0.00733189015500013	0	0.737	0.713	0.00733189015500015	0.00733189015500013	NoCorrection	300	A6	C2	10000	1000	0	0.5	300	1
496	0.00194620577615	0.00194620577615	0	0.765	0.762	0.00194620577615	0.00194620577615	ID	300	A6	C2	10000	1000	0	0.5	300	1
497	-0.000763192943499986	-0.00867454845000007	0	0.904	0.391	-0.000763192943499986	-0.00867454845000007	1	1000	A6	C2	10000	1000	0	0.5	300	0
498	-0.000924208355600001	-0.0111290473499999	0	0.879	0.281	-0.000924208355600001	-0.0111290473499999	FGr	1000	A6	C2	10000	1000	0	0.5	300	0
499	-0.000896384182700004	-0.0111144542	0	0.877	0.259	-0.000896384182700004	-0.0111144542	NoCorrection	1000	A6	C2	10000	1000	0	0.5	300	0
500	-0.000733197595300004	-0.00693688860000001	0	0.908	0.504	-0.000733197595300004	-0.00693688860000001	ID	1000	A6	C2	10000	1000	0	0.5	300	0
501	0.00923967241649993	-0.0194532590999999	0	0.202	0.101	0.00923967241649993	-0.0194532590999999	1	1000	A6	C2	10000	1000	0	0.5	300	0.1
502	0.00863189283449995	-0.0200260336999999	0	0.216	0.098	0.00863189283449995	-0.0200260336999999	FGr	1000	A6	C2	10000	1000	0	0.5	300	0.1
503	0.00859934162100005	-0.0205667183499999	0	0.24	0.083	0.00859934162100005	-0.0205667183499999	NoCorrection	1000	A6	C2	10000	1000	0	0.5	300	0.1
504	0.00910974155449997	-0.0196483498499999	0	0.185	0.1	0.00910974155449997	-0.0196483498499999	ID	1000	A6	C2	10000	1000	0	0.5	300	0.1
505	0.00322089149549997	0.0106960835499999	0	0.683	0.334	0.00322089149549997	0.0106960835499999	1	1000	A6	C2	10000	1000	0	0.5	300	0.5
506	-0.00205123603549998	-0.01749960545	0	0.874	0.389	-0.00205123603549998	-0.01749960545	FGr	1000	A6	C2	10000	1000	0	0.5	300	0.5
507	-0.00178433040749999	-0.01798479755	0	0.917	0.42	-0.00178433040749999	-0.01798479755	NoCorrection	1000	A6	C2	10000	1000	0	0.5	300	0.5
508	0.00223958898100748	0.00791251265000001	0	0.776	0.477	0.00223958898100748	0.00791251265000001	ID	1000	A6	C2	10000	1000	0	0.5	300	0.5
509	0.00333543502149999	0.0022977423	0	0.595	0.798	0.00333543502149999	0.0022977423	1	1000	A6	C2	10000	1000	0	0.5	300	1
510	-0.00626280777919988	-0.0204673733	0	0.773	0.589	-0.00626280777919988	-0.0204673733	FGr	1000	A6	C2	10000	1000	0	0.5	300	1
511	-0.00585372293199983	-0.0203596161	0	0.794	0.606	-0.00585372293199983	-0.0203596161	NoCorrection	1000	A6	C2	10000	1000	0	0.5	300	1
512	0.00147760488644999	0.00197568395000001	0	0.852	0.847	0.00147760488644999	0.00197568395000001	ID	1000	A6	C2	10000	1000	0	0.5	300	1
513	0.00201313535549998	0.0228954216	0	0.75	0.24	0.00201313535549998	0.0228954216	1	10000	A6	C2	10000	1000	0	0.5	300	0
514	0.00167987429137	0.0153719309000001	0	0.807	0.403	0.00167987429137	0.0153719309000001	FGr	10000	A6	C2	10000	1000	0	0.5	300	0
515	0.00174322241770002	0.0127655035499999	0	0.824	0.478	0.00174322241770002	0.0127655035499999	NoCorrection	10000	A6	C2	10000	1000	0	0.5	300	0
516	0.00202690845035	0.0229057587	0	0.8	0.225	0.00202690845035	0.0229057587	ID	10000	A6	C2	10000	1000	0	0.5	300	0
517	0.0064794324027	-0.00756025545000001	0	0.416	0.668	0.0064794324027	-0.00756025545000001	1	10000	A6	C2	10000	1000	0	0.5	300	0.1
518	0.00731664679	-0.0244136678	0	0.356	0.174	0.00731664679	-0.0244136678	FGr	10000	A6	C2	10000	1000	0	0.5	300	0.1
519	0.00733860137720001	-0.02357155035	0	0.374	0.179	0.00733860137720001	-0.02357155035	NoCorrection	10000	A6	C2	10000	1000	0	0.5	300	0.1
520	0.00643327557295	-0.00506951495000001	0	0.41	0.756	0.00643327557295	-0.00506951495000001	ID	10000	A6	C2	10000	1000	0	0.5	300	0.1
521	0.00709757749299999	0.0214637321999999	0	0.289	0.208	0.00709757749299999	0.0214637321999999	1	10000	A6	C2	10000	1000	0	0.5	300	0.5
522	0.0117552032015	-0.00948685630000001	0	0.325	0.787	0.0117552032015	-0.00948685630000001	FGr	10000	A6	C2	10000	1000	0	0.5	300	0.5
523	0.011727165462	-0.01305650335	0	0.344	0.674	0.011727165462	-0.01305650335	NoCorrection	10000	A6	C2	10000	1000	0	0.5	300	0.5
524	0.00689430869800001	0.0183552908	0	0.284	0.272	0.00689430869800001	0.0183552908	ID	10000	A6	C2	10000	1000	0	0.5	300	0.5
525	0.0020846426515	-0.00774106880000023	0	0.74	0.668	0.0020846426515	-0.00774106880000023	1	10000	A6	C2	10000	1000	0	0.5	300	1
526	0.0113079736855	-0.015725556	0	0.582	0.775	0.0113079736855	-0.015725556	FGr	10000	A6	C2	10000	1000	0	0.5	300	1
527	0.0110022528865	-0.0182232105000001	0	0.572	0.765	0.0110022528865	-0.0182232105000001	NoCorrection	10000	A6	C2	10000	1000	0	0.5	300	1
528	0.0015942901485	-0.00585599945000027	0	0.816	0.747	0.0015942901485	-0.00585599945000027	ID	10000	A6	C2	10000	1000	0	0.5	300	1
529	0.00894119868742003	0.00894119868742001	0	0.113	0.117	0.00894119868742003	0.00894119868742001	1	300	A6	C2	10000	10000	0	0.5	300	0
530	0.00899114081523993	0.00899114081523994	0	0.112	0.104	0.00899114081523993	0.00899114081523994	FGr	300	A6	C2	10000	10000	0	0.5	300	0
531	0.00907608586659009	0.0090760858665901	0	0.099	0.114	0.00907608586659009	0.0090760858665901	NoCorrection	300	A6	C2	10000	10000	0	0.5	300	0
532	0.00891741004276005	0.00891741004276004	0	0.131	0.131	0.00891741004276005	0.00891741004276004	ID	300	A6	C2	10000	10000	0	0.5	300	0
533	0.000900615370649857	0.000900615370649838	0	0.878	0.887	0.000900615370649857	0.000900615370649838	1	300	A6	C2	10000	10000	0	0.5	300	0.1
534	0.00305398806477851	0.00305398806477851	0	0.605	0.625	0.00305398806477851	0.00305398806477851	FGr	300	A6	C2	10000	10000	0	0.5	300	0.1
535	0.00315810653121999	0.00315810653122	0	0.584	0.612	0.00315810653121999	0.00315810653122	NoCorrection	300	A6	C2	10000	10000	0	0.5	300	0.1
536	0.000740853656749954	0.000740853656749948	0	0.902	0.897	0.000740853656749954	0.000740853656749948	ID	300	A6	C2	10000	10000	0	0.5	300	0.1
537	-0.000902758910710057	-0.000902758910710039	0	0.88	0.888	-0.000902758910710057	-0.000902758910710039	1	300	A6	C2	10000	10000	0	0.5	300	0.5
538	0.011839252495845	0.011839252495845	0	0.273	0.262	0.011839252495845	0.011839252495845	FGr	300	A6	C2	10000	10000	0	0.5	300	0.5
539	0.01212715854906	0.01212715854906	0	0.292	0.244	0.01212715854906	0.01212715854906	NoCorrection	300	A6	C2	10000	10000	0	0.5	300	0.5
540	-0.00104239106561	-0.00104239106560999	0	0.844	0.864	-0.00104239106561	-0.00104239106560999	ID	300	A6	C2	10000	10000	0	0.5	300	0.5
541	0.003330521396	0.00333052139599999	0	0.592	0.555	0.003330521396	0.00333052139599999	1	300	A6	C2	10000	10000	0	0.5	300	1
542	0.0301335334882599	0.0301335334882599	0	0.145	0.151	0.0301335334882599	0.0301335334882599	FGr	300	A6	C2	10000	10000	0	0.5	300	1
543	0.0308258264184702	0.0308258264184702	0	0.142	0.129	0.0308258264184702	0.0308258264184702	NoCorrection	300	A6	C2	10000	10000	0	0.5	300	1
544	0.00354789198918497	0.00354789198918498	0	0.528	0.56	0.00354789198918497	0.00354789198918498	ID	300	A6	C2	10000	10000	0	0.5	300	1
545	-0.0052540654016	-0.000771562495000052	0	0.357	0.954	-0.0052540654016	-0.000771562495000052	1	1000	A6	C2	10000	10000	0	0.5	300	0
546	-0.00509274296284999	0.000145097485000011	0	0.397	0.983	-0.00509274296284999	0.000145097485000011	FGr	1000	A6	C2	10000	10000	0	0.5	300	0
547	-0.00509768843695	2.93851499997901e-06	0	0.398	1	-0.00509768843695	2.93851499997901e-06	NoCorrection	1000	A6	C2	10000	10000	0	0.5	300	0
548	-0.00521451555205999	-0.000106252464999984	0	0.384	0.992	-0.00521451555205999	-0.000106252464999984	ID	1000	A6	C2	10000	10000	0	0.5	300	0
549	0.00640324272988991	0.00164990838999999	0	0.208	0.847	0.00640324272988991	0.00164990838999999	1	1000	A6	C2	10000	10000	0	0.5	300	0.1
550	0.00788223418550008	0.000157519580000002	0	0.176	0.979	0.00788223418550008	0.000157519580000002	FGr	1000	A6	C2	10000	10000	0	0.5	300	0.1
551	0.00787725267825008	0.001132126405	0	0.174	0.903	0.00787725267825008	0.001132126405	NoCorrection	1000	A6	C2	10000	10000	0	0.5	300	0.1
552	0.00665369912895994	0.00341923791499999	0	0.229	0.674	0.00665369912895994	0.00341923791499999	ID	1000	A6	C2	10000	10000	0	0.5	300	0.1
553	-0.005293463923545	-0.00657984895499982	0	0.333	0.509	-0.005293463923545	-0.00657984895499982	1	1000	A6	C2	10000	10000	0	0.5	300	0.5
554	0.0013365085279	0.0276980106750001	0	0.908	0.139	0.0013365085279	0.0276980106750001	FGr	1000	A6	C2	10000	10000	0	0.5	300	0.5
555	0.0013357096562	0.0288404855899997	0	0.917	0.103	0.0013357096562	0.0288404855899997	NoCorrection	1000	A6	C2	10000	10000	0	0.5	300	0.5
556	-0.00432102629989998	-0.0092471983300002	0	0.416	0.346	-0.00432102629989998	-0.0092471983300002	ID	1000	A6	C2	10000	10000	0	0.5	300	0.5
557	0.00389002870699996	-0.00371535077499987	0	0.462	0.71	0.00389002870699996	-0.00371535077499987	1	1000	A6	C2	10000	10000	0	0.5	300	1
558	0.0178698068421501	0.0524784437850007	0	0.418	0.129	0.0178698068421501	0.0524784437850007	FGr	1000	A6	C2	10000	10000	0	0.5	300	1
559	0.0178479660066402	0.0540299107050002	0	0.439	0.118	0.0178479660066402	0.0540299107050002	NoCorrection	1000	A6	C2	10000	10000	0	0.5	300	1
560	0.00584268823860014	-0.00349133451000006	0	0.301	0.707	0.00584268823860014	-0.00349133451000006	ID	1000	A6	C2	10000	10000	0	0.5	300	1
561	-0.00478479339172001	-0.00405155681000029	0	0.414	0.771	-0.00478479339172001	-0.00405155681000029	1	10000	A6	C2	10000	10000	0	0.5	300	0
562	-0.00485345600635003	-0.00401932953499942	0	0.426	0.804	-0.00485345600635003	-0.00401932953499942	FGr	10000	A6	C2	10000	10000	0	0.5	300	0
563	-0.00485208939325001	-0.00446882817499971	0	0.404	0.758	-0.00485208939325001	-0.00446882817499971	NoCorrection	10000	A6	C2	10000	10000	0	0.5	300	0
564	-0.00478852294250998	-0.0040396536950002	0	0.415	0.791	-0.00478852294250998	-0.0040396536950002	ID	10000	A6	C2	10000	10000	0	0.5	300	0
565	0.00494008128905	-0.00348030728500016	0	0.343	0.831	0.00494008128905	-0.00348030728500016	1	10000	A6	C2	10000	10000	0	0.5	300	0.1
566	0.00516642025518001	0.00939242678499989	0	0.357	0.536	0.00516642025518001	0.00939242678499989	FGr	10000	A6	C2	10000	10000	0	0.5	300	0.1
567	0.00516536786280001	0.00939260101499983	0	0.35	0.557	0.00516536786280001	0.00939260101499983	NoCorrection	10000	A6	C2	10000	10000	0	0.5	300	0.1
568	0.00504116075725	-0.00191999023999995	0	0.321	0.901	0.00504116075725	-0.00191999023999995	ID	10000	A6	C2	10000	10000	0	0.5	300	0.1
569	0.016240805047175	0.01495208074	0	0.002	0.333	0.016240805047175	0.01495208074	1	10000	A6	C2	10000	10000	0	0.5	300	0.5
570	0.01740733318765	0.012173878705	0	0.093	0.673	0.01740733318765	0.012173878705	FGr	10000	A6	C2	10000	10000	0	0.5	300	0.5
571	0.01738913861375	0.0143728921199999	0	0.1	0.643	0.01738913861375	0.0143728921199999	NoCorrection	10000	A6	C2	10000	10000	0	0.5	300	0.5
572	0.0167441233174	0.0163466692100001	0	0.002	0.282	0.0167441233174	0.0163466692100001	ID	10000	A6	C2	10000	10000	0	0.5	300	0.5
573	-0.00460034786859496	0.0228197901049999	0	0.374	0.118	-0.00460034786859496	0.0228197901049999	1	10000	A6	C2	10000	10000	0	0.5	300	1
574	-0.00186467012650006	0.0787436973	0	0.919	0.114	-0.00186467012650006	0.0787436973	FGr	10000	A6	C2	10000	10000	0	0.5	300	1
575	-0.00196496239834997	0.07231506105	0	0.913	0.135	-0.00196496239834997	0.07231506105	NoCorrection	10000	A6	C2	10000	10000	0	0.5	300	1
576	-0.00355291752270002	0.02657278086	0	0.529	0.071	-0.00355291752270002	0.02657278086	ID	10000	A6	C2	10000	10000	0	0.5	300	1
