	c-q	nc-q	true-q	c-p	nc-p	c-bias	nc-bias	type	L	rep	config	gwas_size	test_size	h2	ts	num_causal	env
1	0.027655365795	0.027655365795	0	0.432	0.444	0.027655365795	0.027655365795	1	300	A7	C1	1000	100	0	0.5	300	0
2	0.03394231864	0.03394231864	0	0.314	0.339	0.03394231864	0.03394231864	FGr	300	A7	C1	1000	100	0	0.5	300	0
3	0.03677250619	0.03677250619	0	0.302	0.315	0.03677250619	0.03677250619	NoCorrection	300	A7	C1	1000	100	0	0.5	300	0
4	0.018653050825	0.018653050825	0	0.6	0.585	0.018653050825	0.018653050825	ID	300	A7	C1	1000	100	0	0.5	300	0
5	0.02831384933	0.02831384933	0	0.447	0.446	0.02831384933	0.02831384933	1	300	A7	C1	1000	100	0	0.5	300	0.01
6	0.06248974425	0.06248974425	0	0.082	0.096	0.06248974425	0.06248974425	FGr	300	A7	C1	1000	100	0	0.5	300	0.01
7	0.06848090462	0.06848090462	0	0.072	0.091	0.06848090462	0.06848090462	NoCorrection	300	A7	C1	1000	100	0	0.5	300	0.01
8	0.00980333796000004	0.00980333796000002	0	0.81	0.794	0.00980333796000004	0.00980333796000002	ID	300	A7	C1	1000	100	0	0.5	300	0.01
9	-0.0555585930699999	-0.05555859307	0	0.218	0.21	-0.0555585930699999	-0.05555859307	1	300	A7	C1	1000	100	0	0.5	300	0.03
10	-0.0464481259219999	-0.0464481259219999	0	0.307	0.272	-0.0464481259219999	-0.0464481259219999	FGr	300	A7	C1	1000	100	0	0.5	300	0.03
11	-0.04244416412	-0.0424441641200001	0	0.327	0.346	-0.04244416412	-0.0424441641200001	NoCorrection	300	A7	C1	1000	100	0	0.5	300	0.03
12	-0.03804831894	-0.0380483189399999	0	0.402	0.389	-0.03804831894	-0.0380483189399999	ID	300	A7	C1	1000	100	0	0.5	300	0.03
13	0.07680573287	0.07680573287	0	0.074	0.089	0.07680573287	0.07680573287	1	300	A7	C1	1000	100	0	0.5	300	0.1
14	0.1005654567	0.1005654567	0	0.02	0.023	0.1005654567	0.1005654567	FGr	300	A7	C1	1000	100	0	0.5	300	0.1
15	0.091765100347	0.091765100347	0	0.03	0.029	0.091765100347	0.091765100347	NoCorrection	300	A7	C1	1000	100	0	0.5	300	0.1
16	0.0851863704	0.0851863704	0	0.051	0.047	0.0851863704	0.0851863704	ID	300	A7	C1	1000	100	0	0.5	300	0.1
17	-0.027026234397	-0.00883615949999995	0	0.495	0.899	-0.027026234397	-0.00883615949999995	1	1000	A7	C1	1000	100	0	0.5	300	0
18	-0.00513464315000002	0.0462850775	0	0.886	0.507	-0.00513464315000002	0.0462850775	FGr	1000	A7	C1	1000	100	0	0.5	300	0
19	-0.016966494855	0.0044901015	0	0.692	0.952	-0.016966494855	0.0044901015	NoCorrection	1000	A7	C1	1000	100	0	0.5	300	0
20	-0.020331002485	-0.00153423050000002	0	0.603	0.984	-0.020331002485	-0.00153423050000002	ID	1000	A7	C1	1000	100	0	0.5	300	0
21	0.0506050941205	-0.034962244	0	0.223	0.589	0.0506050941205	-0.034962244	1	1000	A7	C1	1000	100	0	0.5	300	0.01
22	0.035843517205	-0.0663682174999999	0	0.381	0.293	0.035843517205	-0.0663682174999999	FGr	1000	A7	C1	1000	100	0	0.5	300	0.01
23	0.010183019695	-0.155035295	0	0.813	0.023	0.010183019695	-0.155035295	NoCorrection	1000	A7	C1	1000	100	0	0.5	300	0.01
24	0.047726356275	-0.036079063	0	0.234	0.609	0.047726356275	-0.036079063	ID	1000	A7	C1	1000	100	0	0.5	300	0.01
25	-0.03492933285	-0.024367118	0	0.373	0.697	-0.03492933285	-0.024367118	1	1000	A7	C1	1000	100	0	0.5	300	0.03
26	-0.053136737638	-0.058213781	0	0.146	0.355	-0.053136737638	-0.058213781	FGr	1000	A7	C1	1000	100	0	0.5	300	0.03
27	-0.029577046005	-0.020332959	0	0.43	0.75	-0.029577046005	-0.020332959	NoCorrection	1000	A7	C1	1000	100	0	0.5	300	0.03
28	-0.045453662155	-0.0524610655	0	0.23	0.412	-0.045453662155	-0.0524610655	ID	1000	A7	C1	1000	100	0	0.5	300	0.03
29	-0.07113700973	-0.065447265	0	0.064	0.346	-0.07113700973	-0.065447265	1	1000	A7	C1	1000	100	0	0.5	300	0.1
30	-0.07023364977	-0.0658812415	0	0.062	0.3	-0.07023364977	-0.0658812415	FGr	1000	A7	C1	1000	100	0	0.5	300	0.1
31	-0.080666358865	-0.08126675	0	0.031	0.213	-0.080666358865	-0.08126675	NoCorrection	1000	A7	C1	1000	100	0	0.5	300	0.1
32	-0.09116438908	-0.1019300655	0	0.02	0.127	-0.09116438908	-0.1019300655	ID	1000	A7	C1	1000	100	0	0.5	300	0.1
33	-0.0196740119985	0.0287651875	0	0.603	0.745	-0.0196740119985	0.0287651875	1	10000	A7	C1	1000	100	0	0.5	300	0
34	-0.01739270467	0.0556569415	0	0.671	0.542	-0.01739270467	0.0556569415	FGr	10000	A7	C1	1000	100	0	0.5	300	0
35	-0.000243778294999973	0.1516497925	0	0.997	0.093	-0.000243778294999973	0.1516497925	NoCorrection	10000	A7	C1	1000	100	0	0.5	300	0
36	-0.0210026778255	0.0449381585	0	0.635	0.625	-0.0210026778255	0.0449381585	ID	10000	A7	C1	1000	100	0	0.5	300	0
37	-0.00283423534000002	-0.113561377	0	0.941	0.243	-0.00283423534000002	-0.113561377	1	10000	A7	C1	1000	100	0	0.5	300	0.01
38	-0.010605119064	-0.1633630105	0	0.825	0.129	-0.010605119064	-0.1633630105	FGr	10000	A7	C1	1000	100	0	0.5	300	0.01
39	0.013118455091	-0.0180006940000002	0	0.758	0.856	0.013118455091	-0.0180006940000002	NoCorrection	10000	A7	C1	1000	100	0	0.5	300	0.01
40	-0.00577652761600001	-0.142528959	0	0.887	0.174	-0.00577652761600001	-0.142528959	ID	10000	A7	C1	1000	100	0	0.5	300	0.01
41	0.00648654087500009	-0.03393095	0	0.883	0.74	0.00648654087500009	-0.03393095	1	10000	A7	C1	1000	100	0	0.5	300	0.03
42	0.00676687285000001	-0.0329153550000001	0	0.87	0.76	0.00676687285000001	-0.0329153550000001	FGr	10000	A7	C1	1000	100	0	0.5	300	0.03
43	0.0322381862605	0.15855888	0	0.448	0.106	0.0322381862605	0.15855888	NoCorrection	10000	A7	C1	1000	100	0	0.5	300	0.03
44	0.00256910619999995	-0.0694532299999999	0	0.943	0.497	0.00256910619999995	-0.0694532299999999	ID	10000	A7	C1	1000	100	0	0.5	300	0.03
45	0.00538076213000002	-0.0464143695	0	0.903	0.613	0.00538076213000002	-0.0464143695	1	10000	A7	C1	1000	100	0	0.5	300	0.1
46	0.019727993647	0.0577557280000001	0	0.606	0.535	0.019727993647	0.0577557280000001	FGr	10000	A7	C1	1000	100	0	0.5	300	0.1
47	0.079186531246	0.380491027	0	0.063	0.001	0.079186531246	0.380491027	NoCorrection	10000	A7	C1	1000	100	0	0.5	300	0.1
48	0.00354639584	-0.0603776119999999	0	0.935	0.538	0.00354639584	-0.0603776119999999	ID	10000	A7	C1	1000	100	0	0.5	300	0.1
49	0.0331998169335	0.0331998169335	0	0.254	0.234	0.0331998169335	0.0331998169335	1	300	A7	C1	1000	1000	0	0.5	300	0
50	-0.01136838195	-0.0113683819500001	0	0.696	0.695	-0.01136838195	-0.0113683819500001	FGr	300	A7	C1	1000	1000	0	0.5	300	0
51	-0.00507117532424992	-0.0050711753242499	0	0.859	0.858	-0.00507117532424992	-0.0050711753242499	NoCorrection	300	A7	C1	1000	1000	0	0.5	300	0
52	0.0282567141815001	0.0282567141815001	0	0.308	0.308	0.0282567141815001	0.0282567141815001	ID	300	A7	C1	1000	1000	0	0.5	300	0
53	0.002015178695	0.00201517869499997	0	0.942	0.938	0.002015178695	0.00201517869499997	1	300	A7	C1	1000	1000	0	0.5	300	0.01
54	0.0208069626695	0.0208069626695	0	0.472	0.475	0.0208069626695	0.0208069626695	FGr	300	A7	C1	1000	1000	0	0.5	300	0.01
55	0.012239956484	0.012239956484	0	0.629	0.668	0.012239956484	0.012239956484	NoCorrection	300	A7	C1	1000	1000	0	0.5	300	0.01
56	0.0111551276784999	0.0111551276784999	0	0.682	0.702	0.0111551276784999	0.0111551276784999	ID	300	A7	C1	1000	1000	0	0.5	300	0.01
57	-0.01127915422105	-0.01127915422105	0	0.647	0.643	-0.01127915422105	-0.01127915422105	1	300	A7	C1	1000	1000	0	0.5	300	0.03
58	-0.026675226338	-0.0266752263379999	0	0.287	0.284	-0.026675226338	-0.0266752263379999	FGr	300	A7	C1	1000	1000	0	0.5	300	0.03
59	-0.0253350019755	-0.0253350019755	0	0.318	0.325	-0.0253350019755	-0.0253350019755	NoCorrection	300	A7	C1	1000	1000	0	0.5	300	0.03
60	-0.022333296769	-0.0223332967689999	0	0.396	0.395	-0.022333296769	-0.0223332967689999	ID	300	A7	C1	1000	1000	0	0.5	300	0.03
61	-0.0293546643106498	-0.0293546643106498	0	0.271	0.272	-0.0293546643106498	-0.0293546643106498	1	300	A7	C1	1000	1000	0	0.5	300	0.1
62	0.0142415980929998	0.0142415980929998	0	0.594	0.601	0.0142415980929998	0.0142415980929998	FGr	300	A7	C1	1000	1000	0	0.5	300	0.1
63	0.025440940177	0.0254409401770001	0	0.316	0.328	0.025440940177	0.0254409401770001	NoCorrection	300	A7	C1	1000	1000	0	0.5	300	0.1
64	-0.0265295587254998	-0.0265295587254999	0	0.312	0.301	-0.0265295587254998	-0.0265295587254999	ID	300	A7	C1	1000	1000	0	0.5	300	0.1
65	-0.0681350748685001	-0.0310588055500001	0	0.009	0.501	-0.0681350748685001	-0.0310588055500001	1	1000	A7	C1	1000	1000	0	0.5	300	0
66	-0.0464780635969998	0.02020371215	0	0.083	0.662	-0.0464780635969998	0.02020371215	FGr	1000	A7	C1	1000	1000	0	0.5	300	0
67	-0.0488869607695001	0.0111716717499999	0	0.054	0.819	-0.0488869607695001	0.0111716717499999	NoCorrection	1000	A7	C1	1000	1000	0	0.5	300	0
68	-0.0647196793211003	-0.0200943482999999	0	0.019	0.677	-0.0647196793211003	-0.0200943482999999	ID	1000	A7	C1	1000	1000	0	0.5	300	0
69	0.000345640300999997	-0.0458840359	0	0.987	0.333	0.000345640300999997	-0.0458840359	1	1000	A7	C1	1000	1000	0	0.5	300	0.01
70	-0.02210393493044	-0.09679487995	0	0.503	0.044	-0.02210393493044	-0.09679487995	FGr	1000	A7	C1	1000	1000	0	0.5	300	0.01
71	-0.051213387891	-0.16218128875	0	0.114	0.002	-0.051213387891	-0.16218128875	NoCorrection	1000	A7	C1	1000	1000	0	0.5	300	0.01
72	-0.00602904348399999	-0.0615092617000001	0	0.862	0.185	-0.00602904348399999	-0.0615092617000001	ID	1000	A7	C1	1000	1000	0	0.5	300	0.01
73	0.04975346456	-0.00675296585000001	0	0.076	0.885	0.04975346456	-0.00675296585000001	1	1000	A7	C1	1000	1000	0	0.5	300	0.03
74	0.063396049551	0.0452807024	0	0.025	0.317	0.063396049551	0.0452807024	FGr	1000	A7	C1	1000	1000	0	0.5	300	0.03
75	0.0901444187240001	0.1082349731	0	0.001	0.022	0.0901444187240001	0.1082349731	NoCorrection	1000	A7	C1	1000	1000	0	0.5	300	0.03
76	0.057083871912	0.0203180366500001	0	0.027	0.683	0.057083871912	0.0203180366500001	ID	1000	A7	C1	1000	1000	0	0.5	300	0.03
77	-0.018055792335	-0.00314584715000001	0	0.521	0.947	-0.018055792335	-0.00314584715000001	1	1000	A7	C1	1000	1000	0	0.5	300	0.1
78	-0.004943807939	0.0396025129	0	0.87	0.386	-0.004943807939	0.0396025129	FGr	1000	A7	C1	1000	1000	0	0.5	300	0.1
79	0.04047256250705	0.16567311275	0	0.176	0	0.04047256250705	0.16567311275	NoCorrection	1000	A7	C1	1000	1000	0	0.5	300	0.1
80	-0.014472217556	0.0138069549	0	0.591	0.764	-0.014472217556	0.0138069549	ID	1000	A7	C1	1000	1000	0	0.5	300	0.1
81	0.0142812086085001	-0.05857409645	0	0.651	0.414	0.0142812086085001	-0.05857409645	1	10000	A7	C1	1000	1000	0	0.5	300	0
82	0.0112988043784999	-0.07763101795	0	0.707	0.269	0.0112988043784999	-0.07763101795	FGr	10000	A7	C1	1000	1000	0	0.5	300	0
83	-0.017848489311	-0.2826462435	0	0.545	0	-0.017848489311	-0.2826462435	NoCorrection	10000	A7	C1	1000	1000	0	0.5	300	0
84	0.01831757742365	-0.0349491749000001	0	0.529	0.622	0.01831757742365	-0.0349491749000001	ID	10000	A7	C1	1000	1000	0	0.5	300	0
85	-0.00459140966723495	-0.028805641	0	0.867	0.681	-0.00459140966723495	-0.028805641	1	10000	A7	C1	1000	1000	0	0.5	300	0.01
86	-0.011527823122	-0.07012617585	0	0.654	0.295	-0.011527823122	-0.07012617585	FGr	10000	A7	C1	1000	1000	0	0.5	300	0.01
87	-0.0304268538535	-0.20931497705	0	0.258	0.001	-0.0304268538535	-0.20931497705	NoCorrection	10000	A7	C1	1000	1000	0	0.5	300	0.01
88	-0.00501331628114999	-0.0347569558000001	0	0.851	0.586	-0.00501331628114999	-0.0347569558000001	ID	10000	A7	C1	1000	1000	0	0.5	300	0.01
89	-0.03012377462027	0.0107253443500004	0	0.29	0.887	-0.03012377462027	0.0107253443500004	1	10000	A7	C1	1000	1000	0	0.5	300	0.03
90	-0.030031497604	0.0053784286000002	0	0.291	0.936	-0.030031497604	0.0053784286000002	FGr	10000	A7	C1	1000	1000	0	0.5	300	0.03
91	-0.0373767107745	-0.0682669064	0	0.213	0.293	-0.0373767107745	-0.0682669064	NoCorrection	10000	A7	C1	1000	1000	0	0.5	300	0.03
92	-0.0293173672285001	0.0119126865500001	0	0.322	0.858	-0.0293173672285001	0.0119126865500001	ID	10000	A7	C1	1000	1000	0	0.5	300	0.03
93	-0.0297252255749999	-0.0420175408000001	0	0.226	0.561	-0.0297252255749999	-0.0420175408000001	1	10000	A7	C1	1000	1000	0	0.5	300	0.1
94	-0.030851447275	-0.0507885371500001	0	0.231	0.435	-0.030851447275	-0.0507885371500001	FGr	10000	A7	C1	1000	1000	0	0.5	300	0.1
95	0.0136635879472998	0.30193734435	0	0.568	0	0.0136635879472998	0.30193734435	NoCorrection	10000	A7	C1	1000	1000	0	0.5	300	0.1
96	-0.03162884834115	-0.0627774498999998	0	0.219	0.396	-0.03162884834115	-0.0627774498999998	ID	10000	A7	C1	1000	1000	0	0.5	300	0.1
97	0.04769229789655	0.04769229789655	0	0.069	0.092	0.04769229789655	0.04769229789655	1	300	A7	C1	1000	10000	0	0.5	300	0
98	0.00594589469134997	0.00594589469134997	0	0.821	0.844	0.00594589469134997	0.00594589469134997	FGr	300	A7	C1	1000	10000	0	0.5	300	0
99	0.0327363029944998	0.0327363029944998	0	0.22	0.212	0.0327363029944998	0.0327363029944998	NoCorrection	300	A7	C1	1000	10000	0	0.5	300	0
100	0.01705993334945	0.01705993334945	0	0.559	0.533	0.01705993334945	0.01705993334945	ID	300	A7	C1	1000	10000	0	0.5	300	0
101	0.0100188907149002	0.0100188907149002	0	0.761	0.736	0.0100188907149002	0.0100188907149002	1	300	A7	C1	1000	10000	0	0.5	300	0.01
102	0.00559620220100015	0.00559620220100016	0	0.858	0.847	0.00559620220100015	0.00559620220100016	FGr	300	A7	C1	1000	10000	0	0.5	300	0.01
103	-0.0154752450062001	-0.0154752450062001	0	0.605	0.582	-0.0154752450062001	-0.0154752450062001	NoCorrection	300	A7	C1	1000	10000	0	0.5	300	0.01
104	0.0246654099728999	0.0246654099728998	0	0.415	0.397	0.0246654099728999	0.0246654099728998	ID	300	A7	C1	1000	10000	0	0.5	300	0.01
105	0.0231149569077009	0.0231149569077009	0	0.398	0.387	0.0231149569077009	0.0231149569077009	1	300	A7	C1	1000	10000	0	0.5	300	0.03
106	0.019708505974651	0.0197085059746508	0	0.522	0.459	0.019708505974651	0.0197085059746508	FGr	300	A7	C1	1000	10000	0	0.5	300	0.03
107	0.0275076490719	0.0275076490718999	0	0.331	0.306	0.0275076490719	0.0275076490718999	NoCorrection	300	A7	C1	1000	10000	0	0.5	300	0.03
108	0.01928791630685	0.0192879163068499	0	0.469	0.484	0.01928791630685	0.0192879163068499	ID	300	A7	C1	1000	10000	0	0.5	300	0.03
109	-0.000483784380245037	-0.000483784380245039	0	0.987	0.988	-0.000483784380245037	-0.000483784380245039	1	300	A7	C1	1000	10000	0	0.5	300	0.1
110	0.01213646159625	0.01213646159625	0	0.725	0.709	0.01213646159625	0.01213646159625	FGr	300	A7	C1	1000	10000	0	0.5	300	0.1
111	0.0172371720185	0.0172371720185001	0	0.605	0.625	0.0172371720185	0.0172371720185001	NoCorrection	300	A7	C1	1000	10000	0	0.5	300	0.1
112	-0.00875739192510019	-0.00875739192510021	0	0.821	0.803	-0.00875739192510019	-0.00875739192510021	ID	300	A7	C1	1000	10000	0	0.5	300	0.1
113	-0.0421769576649501	0.00915013952499963	0	0.085	0.804	-0.0421769576649501	0.00915013952499963	1	1000	A7	C1	1000	10000	0	0.5	300	0
114	-0.0388514645682999	0.0189981241349999	0	0.131	0.631	-0.0388514645682999	0.0189981241349999	FGr	1000	A7	C1	1000	10000	0	0.5	300	0
115	-0.048768307227545	-0.0104232473650007	0	0.039	0.78	-0.048768307227545	-0.0104232473650007	NoCorrection	1000	A7	C1	1000	10000	0	0.5	300	0
116	-0.0368095260297	0.0174515772000008	0	0.156	0.651	-0.0368095260297	0.0174515772000008	ID	1000	A7	C1	1000	10000	0	0.5	300	0
117	0.0302135081310999	0.00401222962999996	0	0.26	0.923	0.0302135081310999	0.00401222962999996	1	1000	A7	C1	1000	10000	0	0.5	300	0.01
118	0.0266199695440994	-0.00820346064500032	0	0.299	0.857	0.0266199695440994	-0.00820346064500032	FGr	1000	A7	C1	1000	10000	0	0.5	300	0.01
119	0.0196962202700003	-0.0300971293	0	0.432	0.434	0.0196962202700003	-0.0300971293	NoCorrection	1000	A7	C1	1000	10000	0	0.5	300	0.01
120	0.03497482343995	0.0164440592250003	0	0.165	0.699	0.03497482343995	0.0164440592250003	ID	1000	A7	C1	1000	10000	0	0.5	300	0.01
121	0.0030776873826	-0.00177465877999946	0	0.896	0.957	0.0030776873826	-0.00177465877999946	1	1000	A7	C1	1000	10000	0	0.5	300	0.03
122	-0.009970754142	-0.0329045008399993	0	0.633	0.346	-0.009970754142	-0.0329045008399993	FGr	1000	A7	C1	1000	10000	0	0.5	300	0.03
123	-0.0368929879657001	-0.116091929555	0	0.103	0	-0.0368929879657001	-0.116091929555	NoCorrection	1000	A7	C1	1000	10000	0	0.5	300	0.03
124	0.0057853078581	0.013588953669999	0	0.792	0.731	0.0057853078581	0.013588953669999	ID	1000	A7	C1	1000	10000	0	0.5	300	0.03
125	0.00929896411166	0.00502332374000054	0	0.701	0.9	0.00929896411166	0.00502332374000054	1	1000	A7	C1	1000	10000	0	0.5	300	0.1
126	0.0101460070542	0.000933711839999983	0	0.697	0.985	0.0101460070542	0.000933711839999983	FGr	1000	A7	C1	1000	10000	0	0.5	300	0.1
127	0.0257387286443	0.0460342297499991	0	0.316	0.282	0.0257387286443	0.0460342297499991	NoCorrection	1000	A7	C1	1000	10000	0	0.5	300	0.1
128	-0.00625376758695	-0.0391594691150008	0	0.791	0.348	-0.00625376758695	-0.0391594691150008	ID	1000	A7	C1	1000	10000	0	0.5	300	0.1
129	-0.0203839561874	-0.0160617947099994	0	0.407	0.787	-0.0203839561874	-0.0160617947099994	1	10000	A7	C1	1000	10000	0	0.5	300	0
130	-0.0175575024658497	-0.00759090602999989	0	0.475	0.911	-0.0175575024658497	-0.00759090602999989	FGr	10000	A7	C1	1000	10000	0	0.5	300	0
131	-0.00219119500400027	0.0874844216449996	0	0.926	0.177	-0.00219119500400027	0.0874844216449996	NoCorrection	10000	A7	C1	1000	10000	0	0.5	300	0
132	-0.0196363789920003	-0.0115714296300001	0	0.403	0.873	-0.0196363789920003	-0.0115714296300001	ID	10000	A7	C1	1000	10000	0	0.5	300	0
133	-0.00940583016359887	-0.0420574606300005	0	0.726	0.546	-0.00940583016359887	-0.0420574606300005	1	10000	A7	C1	1000	10000	0	0.5	300	0.01
134	-0.00142827225190098	0.0162189176699999	0	0.95	0.801	-0.00142827225190098	0.0162189176699999	FGr	10000	A7	C1	1000	10000	0	0.5	300	0.01
135	-0.0135094115103512	-0.05810387219	0	0.596	0.4	-0.0135094115103512	-0.05810387219	NoCorrection	10000	A7	C1	1000	10000	0	0.5	300	0.01
136	-0.0113837410543003	-0.05027737151	0	0.649	0.439	-0.0113837410543003	-0.05027737151	ID	10000	A7	C1	1000	10000	0	0.5	300	0.01
137	0.00435627153520009	0.16749042005	0	0.879	0.014	0.00435627153520009	0.16749042005	1	10000	A7	C1	1000	10000	0	0.5	300	0.03
138	0.000625260796299761	0.1308666161	0	0.983	0.05	0.000625260796299761	0.1308666161	FGr	10000	A7	C1	1000	10000	0	0.5	300	0.03
139	-0.00677497644290016	0.0889393651750001	0	0.772	0.167	-0.00677497644290016	0.0889393651750001	NoCorrection	10000	A7	C1	1000	10000	0	0.5	300	0.03
140	0.00148568167854978	0.14287361295	0	0.964	0.044	0.00148568167854978	0.14287361295	ID	10000	A7	C1	1000	10000	0	0.5	300	0.03
141	0.0153007026637503	0.0322425899949999	0	0.58	0.6	0.0153007026637503	0.0322425899949999	1	10000	A7	C1	1000	10000	0	0.5	300	0.1
142	0.0168357620889501	0.0370071617250004	0	0.554	0.569	0.0168357620889501	0.0370071617250004	FGr	10000	A7	C1	1000	10000	0	0.5	300	0.1
143	0.0673574940410499	0.344901060199999	0	0.017	0	0.0673574940410499	0.344901060199999	NoCorrection	10000	A7	C1	1000	10000	0	0.5	300	0.1
144	0.0172358447188407	0.0303142844749998	0	0.533	0.635	0.0172358447188407	0.0303142844749998	ID	10000	A7	C1	1000	10000	0	0.5	300	0.1
145	0.00306439373250001	0.00306439373250002	0	0.805	0.795	0.00306439373250001	0.00306439373250002	1	300	A7	C1	10000	100	0	0.5	300	0
146	-0.010036934343	-0.010036934343	0	0.416	0.41	-0.010036934343	-0.010036934343	FGr	300	A7	C1	10000	100	0	0.5	300	0
147	-0.00687238269999998	-0.00687238269999997	0	0.569	0.562	-0.00687238269999998	-0.00687238269999997	NoCorrection	300	A7	C1	10000	100	0	0.5	300	0
148	0.00458448892549998	0.00458448892550003	0	0.7	0.682	0.00458448892549998	0.00458448892550003	ID	300	A7	C1	10000	100	0	0.5	300	0
149	0.008362026055	0.008362026055	0	0.441	0.509	0.008362026055	0.008362026055	1	300	A7	C1	10000	100	0	0.5	300	0.01
150	0.00800092711700005	0.00800092711700002	0	0.48	0.469	0.00800092711700005	0.00800092711700002	FGr	300	A7	C1	10000	100	0	0.5	300	0.01
151	0.00655809712000001	0.00655809712	0	0.544	0.562	0.00655809712000001	0.00655809712	NoCorrection	300	A7	C1	10000	100	0	0.5	300	0.01
152	0.00277693925394997	0.00277693925394997	0	0.815	0.799	0.00277693925394997	0.00277693925394997	ID	300	A7	C1	10000	100	0	0.5	300	0.01
153	0.00651626751899998	0.006516267519	0	0.644	0.607	0.00651626751899998	0.006516267519	1	300	A7	C1	10000	100	0	0.5	300	0.03
154	0.0167702567365	0.0167702567365	0	0.23	0.218	0.0167702567365	0.0167702567365	FGr	300	A7	C1	10000	100	0	0.5	300	0.03
155	0.0206214776765	0.0206214776765	0	0.127	0.14	0.0206214776765	0.0206214776765	NoCorrection	300	A7	C1	10000	100	0	0.5	300	0.03
156	0.00194152860999999	0.00194152861	0	0.885	0.891	0.00194152860999999	0.00194152861	ID	300	A7	C1	10000	100	0	0.5	300	0.03
157	0.003766465817	0.003766465817	0	0.782	0.782	0.003766465817	0.003766465817	1	300	A7	C1	10000	100	0	0.5	300	0.1
158	0.037597595955	0.037597595955	0	0.007	0.009	0.037597595955	0.037597595955	FGr	300	A7	C1	10000	100	0	0.5	300	0.1
159	0.047542639845	0.047542639845	0	0.001	0.003	0.047542639845	0.047542639845	NoCorrection	300	A7	C1	10000	100	0	0.5	300	0.1
160	0.0070917964	0.0070917964	0	0.636	0.592	0.0070917964	0.0070917964	ID	300	A7	C1	10000	100	0	0.5	300	0.1
161	-0.011176985026	-0.011896211	0	0.364	0.555	-0.011176985026	-0.011896211	1	1000	A7	C1	10000	100	0	0.5	300	0
162	-0.01245335827	-0.0124023185	0	0.299	0.531	-0.01245335827	-0.0124023185	FGr	1000	A7	C1	10000	100	0	0.5	300	0
163	-0.014568802342	-0.020916793	0	0.223	0.301	-0.014568802342	-0.020916793	NoCorrection	1000	A7	C1	10000	100	0	0.5	300	0
164	-0.012150640625	-0.015440883	0	0.322	0.449	-0.012150640625	-0.015440883	ID	1000	A7	C1	10000	100	0	0.5	300	0
165	-0.0195848152755	0.0088643995	0	0.083	0.604	-0.0195848152755	0.0088643995	1	1000	A7	C1	10000	100	0	0.5	300	0.01
166	-0.015576515575	0.013884028	0	0.172	0.441	-0.015576515575	0.013884028	FGr	1000	A7	C1	10000	100	0	0.5	300	0.01
167	-0.00976301365500001	0.0386226525	0	0.403	0.027	-0.00976301365500001	0.0386226525	NoCorrection	1000	A7	C1	10000	100	0	0.5	300	0.01
168	-0.018999733017735	0.0114830675	0	0.1	0.548	-0.018999733017735	0.0114830675	ID	1000	A7	C1	10000	100	0	0.5	300	0.01
169	0.005685563525	-0.0072694065	0	0.678	0.725	0.005685563525	-0.0072694065	1	1000	A7	C1	10000	100	0	0.5	300	0.03
170	0.00302516828000002	-0.0159065895	0	0.8	0.396	0.00302516828000002	-0.0159065895	FGr	1000	A7	C1	10000	100	0	0.5	300	0.03
171	0.00792461424199999	-0.000208122500000003	0	0.549	0.991	0.00792461424199999	-0.000208122500000003	NoCorrection	1000	A7	C1	10000	100	0	0.5	300	0.03
172	0.00672753627000001	-0.00268662300000001	0	0.608	0.901	0.00672753627000001	-0.00268662300000001	ID	1000	A7	C1	10000	100	0	0.5	300	0.03
173	0.01316900385	0.004934164	0	0.283	0.806	0.01316900385	0.004934164	1	1000	A7	C1	10000	100	0	0.5	300	0.1
174	0.0228811159	0.025240367	0	0.073	0.247	0.0228811159	0.025240367	FGr	1000	A7	C1	10000	100	0	0.5	300	0.1
175	0.039912314391	0.076800277	0	0.004	0	0.039912314391	0.076800277	NoCorrection	1000	A7	C1	10000	100	0	0.5	300	0.1
176	0.011213016529	-0.00226407699999998	0	0.366	0.921	0.011213016529	-0.00226407699999998	ID	1000	A7	C1	10000	100	0	0.5	300	0.1
177	-0.0133531127665	-0.0170557945	0	0.319	0.597	-0.0133531127665	-0.0170557945	1	10000	A7	C1	10000	100	0	0.5	300	0
178	-0.015434944486	-0.024026541	0	0.264	0.484	-0.015434944486	-0.024026541	FGr	10000	A7	C1	10000	100	0	0.5	300	0
179	-0.0158357716275	-0.033095771	0	0.247	0.298	-0.0158357716275	-0.033095771	NoCorrection	10000	A7	C1	10000	100	0	0.5	300	0
180	-0.0133462644915	-0.017050215	0	0.308	0.591	-0.0133462644915	-0.017050215	ID	10000	A7	C1	10000	100	0	0.5	300	0
181	-0.00407151988200001	-0.0136677555	0	0.742	0.671	-0.00407151988200001	-0.0136677555	1	10000	A7	C1	10000	100	0	0.5	300	0.01
182	-0.00506505772499999	-0.0130151505	0	0.673	0.663	-0.00506505772499999	-0.0130151505	FGr	10000	A7	C1	10000	100	0	0.5	300	0.01
183	-0.00197537179910001	-0.00532374050000001	0	0.859	0.868	-0.00197537179910001	-0.00532374050000001	NoCorrection	10000	A7	C1	10000	100	0	0.5	300	0.01
184	-0.00372008812089999	-0.01236456	0	0.768	0.7	-0.00372008812089999	-0.01236456	ID	10000	A7	C1	10000	100	0	0.5	300	0.01
185	-0.001194753435	0.00582643100000004	0	0.913	0.867	-0.001194753435	0.00582643100000004	1	10000	A7	C1	10000	100	0	0.5	300	0.03
186	-0.000879938586499979	0.00562455600000004	0	0.94	0.863	-0.000879938586499979	0.00562455600000004	FGr	10000	A7	C1	10000	100	0	0.5	300	0.03
187	0.011521288747	0.0418400405	0	0.318	0.177	0.011521288747	0.0418400405	NoCorrection	10000	A7	C1	10000	100	0	0.5	300	0.03
188	-0.000903506054999995	0.00683859450000003	0	0.934	0.816	-0.000903506054999995	0.00683859450000003	ID	10000	A7	C1	10000	100	0	0.5	300	0.03
189	0.007437721065	-0.051260459	0	0.557	0.086	0.007437721065	-0.051260459	1	10000	A7	C1	10000	100	0	0.5	300	0.1
190	0.010365364445	-0.0201592785	0	0.432	0.522	0.010365364445	-0.0201592785	FGr	10000	A7	C1	10000	100	0	0.5	300	0.1
191	0.0463220940425	0.1713184355	0	0	0	0.0463220940425	0.1713184355	NoCorrection	10000	A7	C1	10000	100	0	0.5	300	0.1
192	0.00712258878	-0.0568213965	0	0.585	0.078	0.00712258878	-0.0568213965	ID	10000	A7	C1	10000	100	0	0.5	300	0.1
193	0.0037981838035	0.0037981838035	0	0.719	0.718	0.0037981838035	0.0037981838035	1	300	A7	C1	10000	1000	0	0.5	300	0
194	0.005057208383	0.005057208383	0	0.638	0.673	0.005057208383	0.005057208383	FGr	300	A7	C1	10000	1000	0	0.5	300	0
195	0.0015721507251	0.0015721507251	0	0.889	0.887	0.0015721507251	0.0015721507251	NoCorrection	300	A7	C1	10000	1000	0	0.5	300	0
196	0.0085969073348	0.00859690733480001	0	0.404	0.398	0.0085969073348	0.00859690733480001	ID	300	A7	C1	10000	1000	0	0.5	300	0
197	0.00404429453840001	0.00404429453840001	0	0.627	0.649	0.00404429453840001	0.00404429453840001	1	300	A7	C1	10000	1000	0	0.5	300	0.01
198	0.00486903355430003	0.00486903355430002	0	0.565	0.578	0.00486903355430003	0.00486903355430002	FGr	300	A7	C1	10000	1000	0	0.5	300	0.01
199	0.011956493929	0.011956493929	0	0.159	0.171	0.011956493929	0.011956493929	NoCorrection	300	A7	C1	10000	1000	0	0.5	300	0.01
200	0.0032088922151	0.0032088922151	0	0.703	0.706	0.0032088922151	0.0032088922151	ID	300	A7	C1	10000	1000	0	0.5	300	0.01
201	-0.00313263462750001	-0.00313263462750001	0	0.745	0.716	-0.00313263462750001	-0.00313263462750001	1	300	A7	C1	10000	1000	0	0.5	300	0.03
202	0.00513588738850002	0.00513588738850002	0	0.568	0.58	0.00513588738850002	0.00513588738850002	FGr	300	A7	C1	10000	1000	0	0.5	300	0.03
203	0.00885232040325	0.00885232040324999	0	0.313	0.336	0.00885232040325	0.00885232040324999	NoCorrection	300	A7	C1	10000	1000	0	0.5	300	0.03
204	0.00339795179720001	0.00339795179720001	0	0.741	0.712	0.00339795179720001	0.00339795179720001	ID	300	A7	C1	10000	1000	0	0.5	300	0.03
205	0.00776801529600001	0.00776801529600001	0	0.413	0.417	0.00776801529600001	0.00776801529600001	1	300	A7	C1	10000	1000	0	0.5	300	0.1
206	0.0305913270326	0.0305913270326	0	0	0.001	0.0305913270326	0.0305913270326	FGr	300	A7	C1	10000	1000	0	0.5	300	0.1
207	0.0454604239855	0.0454604239855	0	0	0	0.0454604239855	0.0454604239855	NoCorrection	300	A7	C1	10000	1000	0	0.5	300	0.1
208	0.01848495427705	0.01848495427705	0	0.063	0.061	0.01848495427705	0.01848495427705	ID	300	A7	C1	10000	1000	0	0.5	300	0.1
209	0.01974466923775	0.0128604143	0	0.036	0.39	0.01974466923775	0.0128604143	1	1000	A7	C1	10000	1000	0	0.5	300	0
210	0.0190020868043	0.00877589090000002	0	0.033	0.534	0.0190020868043	0.00877589090000002	FGr	1000	A7	C1	10000	1000	0	0.5	300	0
211	0.00862848311756001	-0.0147914724	0	0.36	0.315	0.00862848311756001	-0.0147914724	NoCorrection	1000	A7	C1	10000	1000	0	0.5	300	0
212	0.018829271565	0.01066997865	0	0.052	0.462	0.018829271565	0.01066997865	ID	1000	A7	C1	10000	1000	0	0.5	300	0
213	-0.00451999966239999	-0.00588279405000003	0	0.553	0.684	-0.00451999966239999	-0.00588279405000003	1	1000	A7	C1	10000	1000	0	0.5	300	0.01
214	0.00793983973050002	0.0247592064	0	0.335	0.064	0.00793983973050002	0.0247592064	FGr	1000	A7	C1	10000	1000	0	0.5	300	0.01
215	0.013316247190875	0.03708211045	0	0.09	0.011	0.013316247190875	0.03708211045	NoCorrection	1000	A7	C1	10000	1000	0	0.5	300	0.01
216	0.000362311245500019	0.00439053570000001	0	0.967	0.722	0.000362311245500019	0.00439053570000001	ID	1000	A7	C1	10000	1000	0	0.5	300	0.01
217	0.0113308879795	0.0110833218	0	0.17	0.391	0.0113308879795	0.0110833218	1	1000	A7	C1	10000	1000	0	0.5	300	0.03
218	0.0147821563765	0.01651045775	0	0.068	0.223	0.0147821563765	0.01651045775	FGr	1000	A7	C1	10000	1000	0	0.5	300	0.03
219	0.02783821127565	0.0549376269	0	0	0	0.02783821127565	0.0549376269	NoCorrection	1000	A7	C1	10000	1000	0	0.5	300	0.03
220	0.0113605768585	0.0111047856	0	0.179	0.416	0.0113605768585	0.0111047856	ID	1000	A7	C1	10000	1000	0	0.5	300	0.03
221	0.00927868009970002	0.0011627718	0	0.297	0.929	0.00927868009970002	0.0011627718	1	1000	A7	C1	10000	1000	0	0.5	300	0.1
222	0.012979032132	0.00811624739999998	0	0.129	0.547	0.012979032132	0.00811624739999998	FGr	1000	A7	C1	10000	1000	0	0.5	300	0.1
223	0.0500959651893	0.09533573655	0	0	0	0.0500959651893	0.09533573655	NoCorrection	1000	A7	C1	10000	1000	0	0.5	300	0.1
224	0.00793680690479995	-0.000692910000000001	0	0.365	0.956	0.00793680690479995	-0.000692910000000001	ID	1000	A7	C1	10000	1000	0	0.5	300	0.1
225	0.0123224133775	0.0169547002	0	0.183	0.423	0.0123224133775	0.0169547002	1	10000	A7	C1	10000	1000	0	0.5	300	0
226	0.0123221872275001	0.01693904295	0	0.164	0.402	0.0123221872275001	0.01693904295	FGr	10000	A7	C1	10000	1000	0	0.5	300	0
227	0.0179034516809	0.0439403755500001	0	0.051	0.035	0.0179034516809	0.0439403755500001	NoCorrection	10000	A7	C1	10000	1000	0	0.5	300	0
228	0.0126333699629	0.0177678197	0	0.158	0.4	0.0126333699629	0.0177678197	ID	10000	A7	C1	10000	1000	0	0.5	300	0
229	-0.00445705050100003	0.0118857992000001	0	0.587	0.603	-0.00445705050100003	0.0118857992000001	1	10000	A7	C1	10000	1000	0	0.5	300	0.01
230	-0.00692296867749996	0.00624886989999995	0	0.428	0.776	-0.00692296867749996	0.00624886989999995	FGr	10000	A7	C1	10000	1000	0	0.5	300	0.01
231	0.00163778028626252	0.0496229970500002	0	0.822	0.011	0.00163778028626252	0.0496229970500002	NoCorrection	10000	A7	C1	10000	1000	0	0.5	300	0.01
232	-0.00428595493599998	0.0165869396999999	0	0.594	0.449	-0.00428595493599998	0.0165869396999999	ID	10000	A7	C1	10000	1000	0	0.5	300	0.01
233	-0.00985351482125001	0.0448599694	0	0.286	0.044	-0.00985351482125001	0.0448599694	1	10000	A7	C1	10000	1000	0	0.5	300	0.03
234	-0.0108013196315	0.0392993910499999	0	0.219	0.078	-0.0108013196315	0.0392993910499999	FGr	10000	A7	C1	10000	1000	0	0.5	300	0.03
235	-0.005658241374835	0.061442129	0	0.543	0.006	-0.005658241374835	0.061442129	NoCorrection	10000	A7	C1	10000	1000	0	0.5	300	0.03
236	-0.00943026168599997	0.0472888144	0	0.272	0.027	-0.00943026168599997	0.0472888144	ID	10000	A7	C1	10000	1000	0	0.5	300	0.03
237	0.0143615608095	0.037318744	0	0.103	0.081	0.0143615608095	0.037318744	1	10000	A7	C1	10000	1000	0	0.5	300	0.1
238	0.015551265414	0.04653757235	0	0.078	0.033	0.015551265414	0.04653757235	FGr	10000	A7	C1	10000	1000	0	0.5	300	0.1
239	0.0496365675178	0.18044904795	0	0	0	0.0496365675178	0.18044904795	NoCorrection	10000	A7	C1	10000	1000	0	0.5	300	0.1
240	0.0152386736649	0.04795872635	0	0.07	0.028	0.0152386736649	0.04795872635	ID	10000	A7	C1	10000	1000	0	0.5	300	0.1
241	-0.00156199810470003	-0.00156199810470003	0	0.863	0.835	-0.00156199810470003	-0.00156199810470003	1	300	A7	C1	10000	10000	0	0.5	300	0
242	-0.00470448789717999	-0.00470448789717999	0	0.568	0.574	-0.00470448789717999	-0.00470448789717999	FGr	300	A7	C1	10000	10000	0	0.5	300	0
243	-0.012281160927805	-0.012281160927805	0	0.127	0.115	-0.012281160927805	-0.012281160927805	NoCorrection	300	A7	C1	10000	10000	0	0.5	300	0
244	-0.00728539994496004	-0.00728539994496003	0	0.385	0.383	-0.00728539994496004	-0.00728539994496003	ID	300	A7	C1	10000	10000	0	0.5	300	0
245	0.01704196476725	0.01704196476725	0	0.074	0.067	0.01704196476725	0.01704196476725	1	300	A7	C1	10000	10000	0	0.5	300	0.01
246	0.00178883415799998	0.00178883415799997	0	0.854	0.831	0.00178883415799998	0.00178883415799997	FGr	300	A7	C1	10000	10000	0	0.5	300	0.01
247	0.00757139584127003	0.00757139584127003	0	0.423	0.419	0.00757139584127003	0.00757139584127003	NoCorrection	300	A7	C1	10000	10000	0	0.5	300	0.01
248	0.00746624641216997	0.00746624641216997	0	0.432	0.429	0.00746624641216997	0.00746624641216997	ID	300	A7	C1	10000	10000	0	0.5	300	0.01
249	0.00839897783940999	0.00839897783941	0	0.294	0.317	0.00839897783940999	0.00839897783941	1	300	A7	C1	10000	10000	0	0.5	300	0.03
250	0.00746260805240004	0.00746260805240004	0	0.391	0.38	0.00746260805240004	0.00746260805240004	FGr	300	A7	C1	10000	10000	0	0.5	300	0.03
251	0.0126820319761998	0.0126820319761998	0	0.139	0.132	0.0126820319761998	0.0126820319761998	NoCorrection	300	A7	C1	10000	10000	0	0.5	300	0.03
252	0.00756813437359994	0.00756813437359996	0	0.373	0.355	0.00756813437359994	0.00756813437359996	ID	300	A7	C1	10000	10000	0	0.5	300	0.03
253	0.00106117135033002	0.00106117135033002	0	0.896	0.914	0.00106117135033002	0.00106117135033002	1	300	A7	C1	10000	10000	0	0.5	300	0.1
254	0.02228831641825	0.02228831641825	0	0.005	0.004	0.02228831641825	0.02228831641825	FGr	300	A7	C1	10000	10000	0	0.5	300	0.1
255	0.0354264107885749	0.0354264107885749	0	0	0	0.0354264107885749	0.0354264107885749	NoCorrection	300	A7	C1	10000	10000	0	0.5	300	0.1
256	0.00398373852794996	0.00398373852794996	0	0.595	0.587	0.00398373852794996	0.00398373852794996	ID	300	A7	C1	10000	10000	0	0.5	300	0.1
257	0.0214305851056601	0.00320818919499996	0	0.025	0.832	0.0214305851056601	0.00320818919499996	1	1000	A7	C1	10000	10000	0	0.5	300	0
258	0.0172325289023001	-0.00895596489999969	0	0.047	0.53	0.0172325289023001	-0.00895596489999969	FGr	1000	A7	C1	10000	10000	0	0.5	300	0
259	0.0148603895545999	-0.0142586482199998	0	0.108	0.287	0.0148603895545999	-0.0142586482199998	NoCorrection	1000	A7	C1	10000	10000	0	0.5	300	0
260	0.022590096293224	0.00433392739000006	0	0.02	0.757	0.022590096293224	0.00433392739000006	ID	1000	A7	C1	10000	10000	0	0.5	300	0
261	-0.022660960640605	-0.0202635189350001	0	0.012	0.13	-0.022660960640605	-0.0202635189350001	1	1000	A7	C1	10000	10000	0	0.5	300	0.01
262	-0.010671076554775	0.00555266146	0	0.259	0.683	-0.010671076554775	0.00555266146	FGr	1000	A7	C1	10000	10000	0	0.5	300	0.01
263	-0.0101733016963499	0.00805259555500002	0	0.247	0.549	-0.0101733016963499	0.00805259555500002	NoCorrection	1000	A7	C1	10000	10000	0	0.5	300	0.01
264	-0.01962419059585	-0.01457082346	0	0.031	0.296	-0.01962419059585	-0.01457082346	ID	1000	A7	C1	10000	10000	0	0.5	300	0.01
265	0.00906640505519992	0.00536757676499997	0	0.362	0.745	0.00906640505519992	0.00536757676499997	1	1000	A7	C1	10000	10000	0	0.5	300	0.03
266	0.00728437470109999	0.00105985425	0	0.419	0.946	0.00728437470109999	0.00105985425	FGr	1000	A7	C1	10000	10000	0	0.5	300	0.03
267	0.0200286756584999	0.03450507924	0	0.039	0.014	0.0200286756584999	0.03450507924	NoCorrection	1000	A7	C1	10000	10000	0	0.5	300	0.03
268	0.00700855595494008	6.66534949999934e-05	0	0.491	0.997	0.00700855595494008	6.66534949999934e-05	ID	1000	A7	C1	10000	10000	0	0.5	300	0.03
269	0.00606217024246998	0.0179092940149999	0	0.51	0.187	0.00606217024246998	0.0179092940149999	1	1000	A7	C1	10000	10000	0	0.5	300	0.1
270	0.0159572416618	0.0380191849999999	0	0.076	0.011	0.0159572416618	0.0380191849999999	FGr	1000	A7	C1	10000	10000	0	0.5	300	0.1
271	0.0414704961628251	0.0912082586800001	0	0	0	0.0414704961628251	0.0912082586800001	NoCorrection	1000	A7	C1	10000	10000	0	0.5	300	0.1
272	0.00387820523409998	0.00946098880000012	0	0.671	0.5	0.00387820523409998	0.00946098880000012	ID	1000	A7	C1	10000	10000	0	0.5	300	0.1
273	0.00556274596099992	0.00851411245999999	0	0.471	0.714	0.00556274596099992	0.00851411245999999	1	10000	A7	C1	10000	10000	0	0.5	300	0
274	0.00653894950746002	0.0143504935000001	0	0.385	0.513	0.00653894950746002	0.0143504935000001	FGr	10000	A7	C1	10000	10000	0	0.5	300	0
275	0.00486093495510003	0.00393158304	0	0.511	0.874	0.00486093495510003	0.00393158304	NoCorrection	10000	A7	C1	10000	10000	0	0.5	300	0
276	0.00521631309599997	0.00755014781000006	0	0.468	0.719	0.00521631309599997	0.00755014781000006	ID	10000	A7	C1	10000	10000	0	0.5	300	0
277	0.00375703863020002	-0.0177539070500002	0	0.613	0.398	0.00375703863020002	-0.0177539070500002	1	10000	A7	C1	10000	10000	0	0.5	300	0.01
278	0.00335160379689999	-0.018916094385	0	0.639	0.366	0.00335160379689999	-0.018916094385	FGr	10000	A7	C1	10000	10000	0	0.5	300	0.01
279	0.0116413531107	0.0426205779899994	0	0.118	0.041	0.0116413531107	0.0426205779899994	NoCorrection	10000	A7	C1	10000	10000	0	0.5	300	0.01
280	0.00457296648295001	-0.0132513998500001	0	0.51	0.502	0.00457296648295001	-0.0132513998500001	ID	10000	A7	C1	10000	10000	0	0.5	300	0.01
281	-0.0173299735489	-0.0297211509399998	0	0.018	0.169	-0.0173299735489	-0.0297211509399998	1	10000	A7	C1	10000	10000	0	0.5	300	0.03
282	-0.0151301012078	-0.010475217725	0	0.04	0.629	-0.0151301012078	-0.010475217725	FGr	10000	A7	C1	10000	10000	0	0.5	300	0.03
283	-0.0191566570080501	-0.04418320458	0	0.015	0.031	-0.0191566570080501	-0.04418320458	NoCorrection	10000	A7	C1	10000	10000	0	0.5	300	0.03
284	-0.0161496621778001	-0.0189693921099999	0	0.046	0.366	-0.0161496621778001	-0.0189693921099999	ID	10000	A7	C1	10000	10000	0	0.5	300	0.03
285	-0.00824965020692498	-0.000824328140000006	0	0.329	0.975	-0.00824965020692498	-0.000824328140000006	1	10000	A7	C1	10000	10000	0	0.5	300	0.1
286	-0.00405258623311	0.011087880675	0	0.615	0.618	-0.00405258623311	0.011087880675	FGr	10000	A7	C1	10000	10000	0	0.5	300	0.1
287	0.0162280854243501	0.168827903105001	0	0.054	0	0.0162280854243501	0.168827903105001	NoCorrection	10000	A7	C1	10000	10000	0	0.5	300	0.1
288	-0.00840977997079999	-0.000976565184999908	0	0.314	0.963	-0.00840977997079999	-0.000976565184999908	ID	10000	A7	C1	10000	10000	0	0.5	300	0.1
289	0.024975313975	0.0249753139750001	0	0.462	0.494	0.024975313975	0.0249753139750001	1	300	A7	C2	1000	100	0	0.5	300	0
290	0.0258827469145	0.0258827469145	0	0.465	0.477	0.0258827469145	0.0258827469145	FGr	300	A7	C2	1000	100	0	0.5	300	0
291	0.0257844905539999	0.025784490554	0	0.449	0.47	0.0257844905539999	0.025784490554	NoCorrection	300	A7	C2	1000	100	0	0.5	300	0
292	0.0246322802909999	0.0246322802909999	0	0.478	0.482	0.0246322802909999	0.0246322802909999	ID	300	A7	C2	1000	100	0	0.5	300	0
293	0.024014492834	0.024014492834	0	0.493	0.463	0.024014492834	0.024014492834	1	300	A7	C2	1000	100	0	0.5	300	0.01
294	0.023573118	0.023573118	0	0.478	0.463	0.023573118	0.023573118	FGr	300	A7	C2	1000	100	0	0.5	300	0.01
295	0.023455357535	0.023455357535	0	0.458	0.475	0.023455357535	0.023455357535	NoCorrection	300	A7	C2	1000	100	0	0.5	300	0.01
296	0.02296667701	0.02296667701	0	0.503	0.498	0.02296667701	0.02296667701	ID	300	A7	C2	1000	100	0	0.5	300	0.01
297	0.07293648362	0.07293648362	0	0.044	0.037	0.07293648362	0.07293648362	1	300	A7	C2	1000	100	0	0.5	300	0.03
298	0.07115654296	0.07115654296	0	0.049	0.037	0.07115654296	0.07115654296	FGr	300	A7	C2	1000	100	0	0.5	300	0.03
299	0.071015684239	0.071015684239	0	0.043	0.035	0.071015684239	0.071015684239	NoCorrection	300	A7	C2	1000	100	0	0.5	300	0.03
300	0.07481113876	0.07481113876	0	0.042	0.03	0.07481113876	0.07481113876	ID	300	A7	C2	1000	100	0	0.5	300	0.03
301	0.06374756006	0.06374756006	0	0.112	0.112	0.06374756006	0.06374756006	1	300	A7	C2	1000	100	0	0.5	300	0.1
302	0.06253916421	0.06253916421	0	0.125	0.111	0.06253916421	0.06253916421	FGr	300	A7	C2	1000	100	0	0.5	300	0.1
303	0.06251200808	0.06251200808	0	0.119	0.121	0.06251200808	0.06251200808	NoCorrection	300	A7	C2	1000	100	0	0.5	300	0.1
304	0.073495083511	0.073495083511	0	0.072	0.06	0.073495083511	0.073495083511	ID	300	A7	C2	1000	100	0	0.5	300	0.1
305	0.023105195099	-0.0164738005	0	0.518	0.778	0.023105195099	-0.0164738005	1	1000	A7	C2	1000	100	0	0.5	300	0
306	0.019477641915	-0.0334017505	0	0.584	0.548	0.019477641915	-0.0334017505	FGr	1000	A7	C2	1000	100	0	0.5	300	0
307	0.01984907542	-0.0278438135	0	0.569	0.616	0.01984907542	-0.0278438135	NoCorrection	1000	A7	C2	1000	100	0	0.5	300	0
308	0.0216014197060999	-0.0338318654999999	0	0.522	0.561	0.0216014197060999	-0.0338318654999999	ID	1000	A7	C2	1000	100	0	0.5	300	0
309	-0.03944758866	-0.0242664269999999	0	0.231	0.66	-0.03944758866	-0.0242664269999999	1	1000	A7	C2	1000	100	0	0.5	300	0.01
310	-0.040424413335	-0.0238537625	0	0.219	0.621	-0.040424413335	-0.0238537625	FGr	1000	A7	C2	1000	100	0	0.5	300	0.01
311	-0.03932515429	-0.0224669495	0	0.212	0.701	-0.03932515429	-0.0224669495	NoCorrection	1000	A7	C2	1000	100	0	0.5	300	0.01
312	-0.039088687935	-0.0169720384999999	0	0.242	0.752	-0.039088687935	-0.0169720384999999	ID	1000	A7	C2	1000	100	0	0.5	300	0.01
313	0.03680707935	0.0371327735	0	0.383	0.519	0.03680707935	0.0371327735	1	1000	A7	C2	1000	100	0	0.5	300	0.03
314	0.0371260672	0.0404537855	0	0.333	0.489	0.0371260672	0.0404537855	FGr	1000	A7	C2	1000	100	0	0.5	300	0.03
315	0.0363721966885	0.03736999	0	0.34	0.544	0.0363721966885	0.03736999	NoCorrection	1000	A7	C2	1000	100	0	0.5	300	0.03
316	0.03746487922	0.0444075985	0	0.341	0.433	0.03746487922	0.0444075985	ID	1000	A7	C2	1000	100	0	0.5	300	0.03
317	-0.024543051495	-0.0636017405	0	0.523	0.277	-0.024543051495	-0.0636017405	1	1000	A7	C2	1000	100	0	0.5	300	0.1
318	-0.02525165636	-0.0564823325	0	0.511	0.317	-0.02525165636	-0.0564823325	FGr	1000	A7	C2	1000	100	0	0.5	300	0.1
319	-0.02413881138	-0.059956738	0	0.519	0.3	-0.02413881138	-0.059956738	NoCorrection	1000	A7	C2	1000	100	0	0.5	300	0.1
320	-0.02589102509	-0.0588505625	0	0.509	0.317	-0.02589102509	-0.0588505625	ID	1000	A7	C2	1000	100	0	0.5	300	0.1
321	-0.106930525557	0.012751417	0	0.002	0.872	-0.106930525557	0.012751417	1	10000	A7	C2	1000	100	0	0.5	300	0
322	-0.106671148505	-0.0335952595	0	0.003	0.7	-0.106671148505	-0.0335952595	FGr	10000	A7	C2	1000	100	0	0.5	300	0
323	-0.107783811104	-0.0348119154999999	0	0.001	0.694	-0.107783811104	-0.0348119154999999	NoCorrection	10000	A7	C2	1000	100	0	0.5	300	0
324	-0.106944481237	-0.00466233349999995	0	0	0.96	-0.106944481237	-0.00466233349999995	ID	10000	A7	C2	1000	100	0	0.5	300	0
325	-0.007835400105	-0.0848234299999999	0	0.815	0.369	-0.007835400105	-0.0848234299999999	1	10000	A7	C2	1000	100	0	0.5	300	0.01
326	-0.00804153683500001	-0.082962394	0	0.799	0.39	-0.00804153683500001	-0.082962394	FGr	10000	A7	C2	1000	100	0	0.5	300	0.01
327	-0.00742192885000002	-0.0899808834999999	0	0.819	0.339	-0.00742192885000002	-0.0899808834999999	NoCorrection	10000	A7	C2	1000	100	0	0.5	300	0.01
328	-0.00759504328000001	-0.0841731744999999	0	0.812	0.357	-0.00759504328000001	-0.0841731744999999	ID	10000	A7	C2	1000	100	0	0.5	300	0.01
329	0.0375445039695	-0.0224068074999999	0	0.258	0.815	0.0375445039695	-0.0224068074999999	1	10000	A7	C2	1000	100	0	0.5	300	0.03
330	0.03169492354	-0.0642212549999999	0	0.341	0.516	0.03169492354	-0.0642212549999999	FGr	10000	A7	C2	1000	100	0	0.5	300	0.03
331	0.037846409582	-0.0239478315	0	0.25	0.784	0.037846409582	-0.0239478315	NoCorrection	10000	A7	C2	1000	100	0	0.5	300	0.03
332	0.03702266865	-0.049375293	0	0.284	0.618	0.03702266865	-0.049375293	ID	10000	A7	C2	1000	100	0	0.5	300	0.03
333	0.0318116457735	-0.1306136305	0	0.291	0.134	0.0318116457735	-0.1306136305	1	10000	A7	C2	1000	100	0	0.5	300	0.1
334	0.031833070015	-0.167403916	0	0.283	0.058	0.031833070015	-0.167403916	FGr	10000	A7	C2	1000	100	0	0.5	300	0.1
335	0.0342160742	-0.179326418	0	0.248	0.034	0.0342160742	-0.179326418	NoCorrection	10000	A7	C2	1000	100	0	0.5	300	0.1
336	0.031903774055	-0.115233043	0	0.298	0.18	0.031903774055	-0.115233043	ID	10000	A7	C2	1000	100	0	0.5	300	0.1
337	-0.00650727139349998	-0.00650727139349998	0	0.749	0.719	-0.00650727139349998	-0.00650727139349998	1	300	A7	C2	1000	1000	0	0.5	300	0
338	-0.0065938951407	-0.0065938951407	0	0.727	0.766	-0.0065938951407	-0.0065938951407	FGr	300	A7	C2	1000	1000	0	0.5	300	0
339	-0.0065463985082	-0.0065463985082	0	0.744	0.753	-0.0065463985082	-0.0065463985082	NoCorrection	300	A7	C2	1000	1000	0	0.5	300	0
340	-0.0064790171045	-0.00647901710450001	0	0.729	0.747	-0.0064790171045	-0.00647901710450001	ID	300	A7	C2	1000	1000	0	0.5	300	0
341	0.0167755723855003	0.0167755723855003	0	0.415	0.426	0.0167755723855003	0.0167755723855003	1	300	A7	C2	1000	1000	0	0.5	300	0.01
342	0.0171849341265999	0.0171849341266	0	0.409	0.403	0.0171849341265999	0.0171849341266	FGr	300	A7	C2	1000	1000	0	0.5	300	0.01
343	0.0167648380945	0.0167648380945	0	0.427	0.385	0.0167648380945	0.0167648380945	NoCorrection	300	A7	C2	1000	1000	0	0.5	300	0.01
344	0.016891071009	0.016891071009	0	0.41	0.413	0.016891071009	0.016891071009	ID	300	A7	C2	1000	1000	0	0.5	300	0.01
345	-0.026657395888	-0.026657395888	0	0.214	0.217	-0.026657395888	-0.026657395888	1	300	A7	C2	1000	1000	0	0.5	300	0.03
346	-0.027639730815	-0.027639730815	0	0.194	0.185	-0.027639730815	-0.027639730815	FGr	300	A7	C2	1000	1000	0	0.5	300	0.03
347	-0.0274457927919999	-0.0274457927919999	0	0.191	0.21	-0.0274457927919999	-0.0274457927919999	NoCorrection	300	A7	C2	1000	1000	0	0.5	300	0.03
348	-0.0266231667601499	-0.0266231667601499	0	0.23	0.207	-0.0266231667601499	-0.0266231667601499	ID	300	A7	C2	1000	1000	0	0.5	300	0.03
349	0.0227902927629999	0.022790292763	0	0.278	0.266	0.0227902927629999	0.022790292763	1	300	A7	C2	1000	1000	0	0.5	300	0.1
350	0.0234953669970002	0.0234953669970001	0	0.245	0.278	0.0234953669970002	0.0234953669970001	FGr	300	A7	C2	1000	1000	0	0.5	300	0.1
351	0.0235205440804999	0.0235205440804998	0	0.245	0.258	0.0235205440804999	0.0235205440804998	NoCorrection	300	A7	C2	1000	1000	0	0.5	300	0.1
352	0.0233911317975001	0.0233911317975	0	0.252	0.263	0.0233911317975001	0.0233911317975	ID	300	A7	C2	1000	1000	0	0.5	300	0.1
353	0.00933150587250011	-0.000250453500000074	0	0.649	0.992	0.00933150587250011	-0.000250453500000074	1	1000	A7	C2	1000	1000	0	0.5	300	0
354	0.0170505979067	0.0191888211999996	0	0.469	0.553	0.0170505979067	0.0191888211999996	FGr	1000	A7	C2	1000	1000	0	0.5	300	0
355	0.0177720713740001	0.0181417385000004	0	0.428	0.618	0.0177720713740001	0.0181417385000004	NoCorrection	1000	A7	C2	1000	1000	0	0.5	300	0
356	0.00954211598400002	0.00174786570000028	0	0.677	0.956	0.00954211598400002	0.00174786570000028	ID	1000	A7	C2	1000	1000	0	0.5	300	0
357	0.0193128710402998	-0.000470401050000152	0	0.437	0.988	0.0193128710402998	-0.000470401050000152	1	1000	A7	C2	1000	1000	0	0.5	300	0.01
358	0.0211228701165001	-0.00110306135000001	0	0.382	0.966	0.0211228701165001	-0.00110306135000001	FGr	1000	A7	C2	1000	1000	0	0.5	300	0.01
359	0.0205827680720001	-0.0019273424	0	0.392	0.95	0.0205827680720001	-0.0019273424	NoCorrection	1000	A7	C2	1000	1000	0	0.5	300	0.01
360	0.0206820553099998	-0.00140041999999981	0	0.38	0.971	0.0206820553099998	-0.00140041999999981	ID	1000	A7	C2	1000	1000	0	0.5	300	0.01
361	-0.0182352876236	-0.0522329741	0	0.442	0.103	-0.0182352876236	-0.0522329741	1	1000	A7	C2	1000	1000	0	0.5	300	0.03
362	-0.01849856999706	-0.05633161335	0	0.443	0.087	-0.01849856999706	-0.05633161335	FGr	1000	A7	C2	1000	1000	0	0.5	300	0.03
363	-0.01772783094045	-0.0498986794	0	0.448	0.104	-0.01772783094045	-0.0498986794	NoCorrection	1000	A7	C2	1000	1000	0	0.5	300	0.03
364	-0.01804042529265	-0.0528881809	0	0.448	0.098	-0.01804042529265	-0.0528881809	ID	1000	A7	C2	1000	1000	0	0.5	300	0.03
365	-0.0458100131849998	-0.0498189041	0	0.039	0.153	-0.0458100131849998	-0.0498189041	1	1000	A7	C2	1000	1000	0	0.5	300	0.1
366	-0.053418021173	-0.0551357951	0	0.023	0.117	-0.053418021173	-0.0551357951	FGr	1000	A7	C2	1000	1000	0	0.5	300	0.1
367	-0.0529646319665	-0.0545030589	0	0.034	0.145	-0.0529646319665	-0.0545030589	NoCorrection	1000	A7	C2	1000	1000	0	0.5	300	0.1
368	-0.0457839687215	-0.0435406733500001	0	0.039	0.214	-0.0457839687215	-0.0435406733500001	ID	1000	A7	C2	1000	1000	0	0.5	300	0.1
369	-0.011265194554	0.0559916245000001	0	0.593	0.31	-0.011265194554	0.0559916245000001	1	10000	A7	C2	1000	1000	0	0.5	300	0
370	-0.0110575088975	0.0591791522500001	0	0.616	0.288	-0.0110575088975	0.0591791522500001	FGr	10000	A7	C2	1000	1000	0	0.5	300	0
371	-0.011211824317	0.063287123	0	0.632	0.228	-0.011211824317	0.063287123	NoCorrection	10000	A7	C2	1000	1000	0	0.5	300	0
372	-0.0113052772305	0.0559326772999999	0	0.619	0.297	-0.0113052772305	0.0559326772999999	ID	10000	A7	C2	1000	1000	0	0.5	300	0
373	0.0231495181879999	0.06804800065	0	0.221	0.177	0.0231495181879999	0.06804800065	1	10000	A7	C2	1000	1000	0	0.5	300	0.01
374	0.0226969273775	0.05572938285	0	0.235	0.286	0.0226969273775	0.05572938285	FGr	10000	A7	C2	1000	1000	0	0.5	300	0.01
375	0.0227730855903	0.0557159527500001	0	0.236	0.272	0.0227730855903	0.0557159527500001	NoCorrection	10000	A7	C2	1000	1000	0	0.5	300	0.01
376	0.023084077068	0.0595531090999999	0	0.241	0.247	0.023084077068	0.0595531090999999	ID	10000	A7	C2	1000	1000	0	0.5	300	0.01
377	0.010523460117	0.0104041000000004	0	0.569	0.849	0.010523460117	0.0104041000000004	1	10000	A7	C2	1000	1000	0	0.5	300	0.03
378	0.010113123602	0.0264402589999999	0	0.617	0.673	0.010113123602	0.0264402589999999	FGr	10000	A7	C2	1000	1000	0	0.5	300	0.03
379	0.0101522196315	0.0284431190000001	0	0.605	0.629	0.0101522196315	0.0284431190000001	NoCorrection	10000	A7	C2	1000	1000	0	0.5	300	0.03
380	0.0103993979076	0.0212300855000003	0	0.58	0.671	0.0103993979076	0.0212300855000003	ID	10000	A7	C2	1000	1000	0	0.5	300	0.03
381	0.01109554112	-0.0710683041499997	0	0.576	0.161	0.01109554112	-0.0710683041499997	1	10000	A7	C2	1000	1000	0	0.5	300	0.1
382	0.011952069151	-0.0499559920500002	0	0.559	0.35	0.011952069151	-0.0499559920500002	FGr	10000	A7	C2	1000	1000	0	0.5	300	0.1
383	0.01189011625675	-0.0565059823499998	0	0.563	0.246	0.01189011625675	-0.0565059823499998	NoCorrection	10000	A7	C2	1000	1000	0	0.5	300	0.1
384	0.0110504964630001	-0.0640765909999998	0	0.576	0.223	0.0110504964630001	-0.0640765909999998	ID	10000	A7	C2	1000	1000	0	0.5	300	0.1
385	0.0157120851115495	0.0157120851115496	0	0.391	0.394	0.0157120851115495	0.0157120851115496	1	300	A7	C2	1000	10000	0	0.5	300	0
386	0.0148701890027003	0.0148701890027003	0	0.42	0.444	0.0148701890027003	0.0148701890027003	FGr	300	A7	C2	1000	10000	0	0.5	300	0
387	0.0157348292809501	0.0157348292809502	0	0.396	0.394	0.0157348292809501	0.0157348292809502	NoCorrection	300	A7	C2	1000	10000	0	0.5	300	0
388	0.0167798302774998	0.0167798302774998	0	0.338	0.404	0.0167798302774998	0.0167798302774998	ID	300	A7	C2	1000	10000	0	0.5	300	0
389	-0.00698467095765005	-0.00698467095765	0	0.738	0.697	-0.00698467095765005	-0.00698467095765	1	300	A7	C2	1000	10000	0	0.5	300	0.01
390	-0.00644177001724992	-0.00644177001724991	0	0.723	0.732	-0.00644177001724992	-0.00644177001724991	FGr	300	A7	C2	1000	10000	0	0.5	300	0.01
391	-0.00637783888770043	-0.00637783888770042	0	0.732	0.715	-0.00637783888770043	-0.00637783888770042	NoCorrection	300	A7	C2	1000	10000	0	0.5	300	0.01
392	-0.00686969382080018	-0.00686969382080018	0	0.699	0.711	-0.00686969382080018	-0.00686969382080018	ID	300	A7	C2	1000	10000	0	0.5	300	0.01
393	0.0559200998729	0.0559200998729	0	0.001	0.002	0.0559200998729	0.0559200998729	1	300	A7	C2	1000	10000	0	0.5	300	0.03
394	0.0565483988115001	0.0565483988115002	0	0.002	0	0.0565483988115001	0.0565483988115002	FGr	300	A7	C2	1000	10000	0	0.5	300	0.03
395	0.055858568484245	0.055858568484245	0	0.002	0.001	0.055858568484245	0.055858568484245	NoCorrection	300	A7	C2	1000	10000	0	0.5	300	0.03
396	0.05552150238025	0.05552150238025	0	0	0.002	0.05552150238025	0.05552150238025	ID	300	A7	C2	1000	10000	0	0.5	300	0.03
397	0.0040185314761002	0.00401853147610019	0	0.833	0.831	0.0040185314761002	0.00401853147610019	1	300	A7	C2	1000	10000	0	0.5	300	0.1
398	0.00414946054060001	0.00414946054060001	0	0.809	0.81	0.00414946054060001	0.00414946054060001	FGr	300	A7	C2	1000	10000	0	0.5	300	0.1
399	0.00434957840838942	0.00434957840838941	0	0.808	0.801	0.00434957840838942	0.00434957840838941	NoCorrection	300	A7	C2	1000	10000	0	0.5	300	0.1
400	0.00342947316795014	0.00342947316795016	0	0.854	0.854	0.00342947316795014	0.00342947316795016	ID	300	A7	C2	1000	10000	0	0.5	300	0.1
401	-0.00647649841424991	-0.055119976445	0	0.753	0.06	-0.00647649841424991	-0.055119976445	1	1000	A7	C2	1000	10000	0	0.5	300	0
402	-0.00183921237045005	-0.0559516804899999	0	0.917	0.052	-0.00183921237045005	-0.0559516804899999	FGr	1000	A7	C2	1000	10000	0	0.5	300	0
403	-0.00331498739646986	-0.05184747646	0	0.854	0.081	-0.00331498739646986	-0.05184747646	NoCorrection	1000	A7	C2	1000	10000	0	0.5	300	0
404	-0.00544839535135005	-0.0568514527799997	0	0.775	0.045	-0.00544839535135005	-0.0568514527799997	ID	1000	A7	C2	1000	10000	0	0.5	300	0
405	0.000457257718850059	0.0245751713999998	0	0.976	0.427	0.000457257718850059	0.0245751713999998	1	1000	A7	C2	1000	10000	0	0.5	300	0.01
406	0.00123328673739987	0.0273963210449991	0	0.953	0.367	0.00123328673739987	0.0273963210449991	FGr	1000	A7	C2	1000	10000	0	0.5	300	0.01
407	0.000739431236500022	0.0243728203399995	0	0.967	0.433	0.000739431236500022	0.0243728203399995	NoCorrection	1000	A7	C2	1000	10000	0	0.5	300	0.01
408	0.0014175384568997	0.0286580366950006	0	0.955	0.327	0.0014175384568997	0.0286580366950006	ID	1000	A7	C2	1000	10000	0	0.5	300	0.01
409	0.025276655277215	0.0175018504650002	0	0.184	0.512	0.025276655277215	0.0175018504650002	1	1000	A7	C2	1000	10000	0	0.5	300	0.03
410	0.0307719990916298	0.027479604415	0	0.137	0.349	0.0307719990916298	0.027479604415	FGr	1000	A7	C2	1000	10000	0	0.5	300	0.03
411	0.0308280464863502	0.02745636991	0	0.117	0.345	0.0308280464863502	0.02745636991	NoCorrection	1000	A7	C2	1000	10000	0	0.5	300	0.03
412	0.0284109924717999	0.0174024702850002	0	0.15	0.53	0.0284109924717999	0.0174024702850002	ID	1000	A7	C2	1000	10000	0	0.5	300	0.03
413	-0.02628806938325	-0.0209669282099999	0	0.139	0.464	-0.02628806938325	-0.0209669282099999	1	1000	A7	C2	1000	10000	0	0.5	300	0.1
414	-0.0309811196428	-0.026986358935	0	0.058	0.341	-0.0309811196428	-0.026986358935	FGr	1000	A7	C2	1000	10000	0	0.5	300	0.1
415	-0.0299323091755	-0.02511232738	0	0.076	0.373	-0.0299323091755	-0.02511232738	NoCorrection	1000	A7	C2	1000	10000	0	0.5	300	0.1
416	-0.0271537180434	-0.027912919405	0	0.125	0.298	-0.0271537180434	-0.027912919405	ID	1000	A7	C2	1000	10000	0	0.5	300	0.1
417	-0.00566973232720008	-0.0104650381799998	0	0.782	0.816	-0.00566973232720008	-0.0104650381799998	1	10000	A7	C2	1000	10000	0	0.5	300	0
418	-0.00691435662739027	-0.00583757487499982	0	0.701	0.902	-0.00691435662739027	-0.00583757487499982	FGr	10000	A7	C2	1000	10000	0	0.5	300	0
419	-0.00694265390740068	-0.000412810880000147	0	0.711	0.994	-0.00694265390740068	-0.000412810880000147	NoCorrection	10000	A7	C2	1000	10000	0	0.5	300	0
420	-0.00571328374849963	-0.00390930143500012	0	0.786	0.949	-0.00571328374849963	-0.00390930143500012	ID	10000	A7	C2	1000	10000	0	0.5	300	0
421	0.0125433540164502	0.0135009318800002	0	0.491	0.81	0.0125433540164502	0.0135009318800002	1	10000	A7	C2	1000	10000	0	0.5	300	0.01
422	0.0126135609855801	0.0244133963300001	0	0.527	0.615	0.0126135609855801	0.0244133963300001	FGr	10000	A7	C2	1000	10000	0	0.5	300	0.01
423	0.0125684151612999	0.0171536015300002	0	0.497	0.72	0.0125684151612999	0.0171536015300002	NoCorrection	10000	A7	C2	1000	10000	0	0.5	300	0.01
424	0.0126903554405101	0.0187992744199999	0	0.519	0.685	0.0126903554405101	0.0187992744199999	ID	10000	A7	C2	1000	10000	0	0.5	300	0.01
425	0.0204518957903499	-0.0271420348099975	0	0.31	0.579	0.0204518957903499	-0.0271420348099975	1	10000	A7	C2	1000	10000	0	0.5	300	0.03
426	0.0198036171354004	-0.0294998852050008	0	0.323	0.544	0.0198036171354004	-0.0294998852050008	FGr	10000	A7	C2	1000	10000	0	0.5	300	0.03
427	0.0197857810394201	-0.035386522654998	0	0.291	0.459	0.0197857810394201	-0.035386522654998	NoCorrection	10000	A7	C2	1000	10000	0	0.5	300	0.03
428	0.0201916254145997	-0.0490842923600005	0	0.281	0.3	0.0201916254145997	-0.0490842923600005	ID	10000	A7	C2	1000	10000	0	0.5	300	0.03
429	-0.0014592826548502	-0.0699833101649999	0	0.934	0.122	-0.0014592826548502	-0.0699833101649999	1	10000	A7	C2	1000	10000	0	0.5	300	0.1
430	-0.00258791754895013	-0.0424576907050002	0	0.889	0.324	-0.00258791754895013	-0.0424576907050002	FGr	10000	A7	C2	1000	10000	0	0.5	300	0.1
431	-0.00255795927287198	-0.0392190849950004	0	0.884	0.382	-0.00255795927287198	-0.0392190849950004	NoCorrection	10000	A7	C2	1000	10000	0	0.5	300	0.1
432	-0.00112984196769969	-0.0569518341199999	0	0.956	0.203	-0.00112984196769969	-0.0569518341199999	ID	10000	A7	C2	1000	10000	0	0.5	300	0.1
433	0.00131961232999999	0.00131961233000001	0	0.895	0.883	0.00131961232999999	0.00131961233000001	1	300	A7	C2	10000	100	0	0.5	300	0
434	0.00150887529	0.00150887528999999	0	0.874	0.869	0.00150887529	0.00150887528999999	FGr	300	A7	C2	10000	100	0	0.5	300	0
435	0.00149872401	0.00149872401	0	0.877	0.858	0.00149872401	0.00149872401	NoCorrection	300	A7	C2	10000	100	0	0.5	300	0
436	0.00149129871499999	0.001491298715	0	0.877	0.893	0.00149129871499999	0.001491298715	ID	300	A7	C2	10000	100	0	0.5	300	0
437	0.00115769522599999	0.001157695226	0	0.938	0.922	0.00115769522599999	0.001157695226	1	300	A7	C2	10000	100	0	0.5	300	0.01
438	0.000506145355000001	0.000506145355000011	0	0.963	0.962	0.000506145355000001	0.000506145355000011	FGr	300	A7	C2	10000	100	0	0.5	300	0.01
439	0.000492823372999978	0.000492823372999981	0	0.965	0.962	0.000492823372999978	0.000492823372999981	NoCorrection	300	A7	C2	10000	100	0	0.5	300	0.01
440	0.000970410620000017	0.000970410620000018	0	0.942	0.924	0.000970410620000017	0.000970410620000018	ID	300	A7	C2	10000	100	0	0.5	300	0.01
441	-0.0064375556966	-0.00643755569659999	0	0.567	0.53	-0.0064375556966	-0.00643755569659999	1	300	A7	C2	10000	100	0	0.5	300	0.03
442	-0.006393540293	-0.00639354029299999	0	0.554	0.547	-0.006393540293	-0.00639354029299999	FGr	300	A7	C2	10000	100	0	0.5	300	0.03
443	-0.006387976447	-0.006387976447	0	0.539	0.554	-0.006387976447	-0.006387976447	NoCorrection	300	A7	C2	10000	100	0	0.5	300	0.03
444	-0.00617216867999999	-0.00617216867999999	0	0.555	0.587	-0.00617216867999999	-0.00617216867999999	ID	300	A7	C2	10000	100	0	0.5	300	0.03
445	-0.013641137892	-0.013641137892	0	0.276	0.266	-0.013641137892	-0.013641137892	1	300	A7	C2	10000	100	0	0.5	300	0.1
446	-0.015132459825	-0.015132459825	0	0.237	0.245	-0.015132459825	-0.015132459825	FGr	300	A7	C2	10000	100	0	0.5	300	0.1
447	-0.015143942735	-0.015143942735	0	0.24	0.243	-0.015143942735	-0.015143942735	NoCorrection	300	A7	C2	10000	100	0	0.5	300	0.1
448	-0.01253553226	-0.01253553226	0	0.295	0.285	-0.01253553226	-0.01253553226	ID	300	A7	C2	10000	100	0	0.5	300	0.1
449	0.00959037861500001	0.013462948	0	0.444	0.471	0.00959037861500001	0.013462948	1	1000	A7	C2	10000	100	0	0.5	300	0
450	0.010021420975	0.01634642	0	0.423	0.39	0.010021420975	0.01634642	FGr	1000	A7	C2	10000	100	0	0.5	300	0
451	0.01016252914	0.016595943	0	0.402	0.352	0.01016252914	0.016595943	NoCorrection	1000	A7	C2	10000	100	0	0.5	300	0
452	0.00977584187249999	0.0107019445	0	0.452	0.589	0.00977584187249999	0.0107019445	ID	1000	A7	C2	10000	100	0	0.5	300	0
453	0.00513623727000001	0.00392313400000001	0	0.631	0.809	0.00513623727000001	0.00392313400000001	1	1000	A7	C2	10000	100	0	0.5	300	0.01
454	0.005321165905	-0.00104622749999999	0	0.631	0.953	0.005321165905	-0.00104622749999999	FGr	1000	A7	C2	10000	100	0	0.5	300	0.01
455	0.00533114664500001	-0.000943154000000002	0	0.626	0.963	0.00533114664500001	-0.000943154000000002	NoCorrection	1000	A7	C2	10000	100	0	0.5	300	0.01
456	0.00516892168	0.003797485	0	0.616	0.819	0.00516892168	0.003797485	ID	1000	A7	C2	10000	100	0	0.5	300	0.01
457	-0.0090202537145	0.0142720215	0	0.472	0.47	-0.0090202537145	0.0142720215	1	1000	A7	C2	10000	100	0	0.5	300	0.03
458	-0.00807463025500001	0.003261458	0	0.558	0.892	-0.00807463025500001	0.003261458	FGr	1000	A7	C2	10000	100	0	0.5	300	0.03
459	-0.00807624772000001	0.0032598765	0	0.529	0.874	-0.00807624772000001	0.0032598765	NoCorrection	1000	A7	C2	10000	100	0	0.5	300	0.03
460	-0.00898873986949999	0.0137004345	0	0.457	0.469	-0.00898873986949999	0.0137004345	ID	1000	A7	C2	10000	100	0	0.5	300	0.03
461	0.007175854955	0.0220553725	0	0.478	0.171	0.007175854955	0.0220553725	1	1000	A7	C2	10000	100	0	0.5	300	0.1
462	0.0078613339902	0.0169600405	0	0.454	0.288	0.0078613339902	0.0169600405	FGr	1000	A7	C2	10000	100	0	0.5	300	0.1
463	0.00797436256949999	0.016494199	0	0.444	0.262	0.00797436256949999	0.016494199	NoCorrection	1000	A7	C2	10000	100	0	0.5	300	0.1
464	0.006862348335	0.02109087	0	0.47	0.188	0.006862348335	0.02109087	ID	1000	A7	C2	10000	100	0	0.5	300	0.1
465	-0.029213542645	0.0149218739999999	0	0.003	0.578	-0.029213542645	0.0149218739999999	1	10000	A7	C2	10000	100	0	0.5	300	0
466	-0.029406865003	0.0139486685	0	0.009	0.593	-0.029406865003	0.0139486685	FGr	10000	A7	C2	10000	100	0	0.5	300	0
467	-0.0294089281394	0.014847078	0	0.003	0.561	-0.0294089281394	0.014847078	NoCorrection	10000	A7	C2	10000	100	0	0.5	300	0
468	-0.029216643685	0.0131996135	0	0.007	0.652	-0.029216643685	0.0131996135	ID	10000	A7	C2	10000	100	0	0.5	300	0
469	-0.027545006264	0.0236112135	0	0.02	0.415	-0.027545006264	0.0236112135	1	10000	A7	C2	10000	100	0	0.5	300	0.01
470	-0.027990499165	0.029565896	0	0.019	0.281	-0.027990499165	0.029565896	FGr	10000	A7	C2	10000	100	0	0.5	300	0.01
471	-0.0279824988	0.0281617699999999	0	0.025	0.335	-0.0279824988	0.0281617699999999	NoCorrection	10000	A7	C2	10000	100	0	0.5	300	0.01
472	-0.0273315472259	0.022379202	0	0.025	0.407	-0.0273315472259	0.022379202	ID	10000	A7	C2	10000	100	0	0.5	300	0.01
473	-0.00292573156500003	0.0162128515	0	0.808	0.561	-0.00292573156500003	0.0162128515	1	10000	A7	C2	10000	100	0	0.5	300	0.03
474	-0.00312425083800001	0.0171364115	0	0.757	0.542	-0.00312425083800001	0.0171364115	FGr	10000	A7	C2	10000	100	0	0.5	300	0.03
475	-0.003135361807	0.0209022765	0	0.78	0.444	-0.003135361807	0.0209022765	NoCorrection	10000	A7	C2	10000	100	0	0.5	300	0.03
476	-0.0031238119723	0.0209998735	0	0.742	0.441	-0.0031238119723	0.0209998735	ID	10000	A7	C2	10000	100	0	0.5	300	0.03
477	0.002592632505	0.026592023	0	0.792	0.308	0.002592632505	0.026592023	1	10000	A7	C2	10000	100	0	0.5	300	0.1
478	0.006264802524	0.0295076145	0	0.579	0.288	0.006264802524	0.0295076145	FGr	10000	A7	C2	10000	100	0	0.5	300	0.1
479	0.00626162987600001	0.029543923	0	0.559	0.283	0.00626162987600001	0.029543923	NoCorrection	10000	A7	C2	10000	100	0	0.5	300	0.1
480	0.0024566064386	0.0180989125	0	0.822	0.497	0.0024566064386	0.0180989125	ID	10000	A7	C2	10000	100	0	0.5	300	0.1
481	0.00548665866170001	0.00548665866170001	0	0.473	0.476	0.00548665866170001	0.00548665866170001	1	300	A7	C2	10000	1000	0	0.5	300	0
482	0.00520165520500001	0.00520165520500001	0	0.475	0.46	0.00520165520500001	0.00520165520500001	FGr	300	A7	C2	10000	1000	0	0.5	300	0
483	0.00518075356599999	0.00518075356599999	0	0.468	0.471	0.00518075356599999	0.00518075356599999	NoCorrection	300	A7	C2	10000	1000	0	0.5	300	0
484	0.00527471324319999	0.00527471324319999	0	0.486	0.476	0.00527471324319999	0.00527471324319999	ID	300	A7	C2	10000	1000	0	0.5	300	0
485	-0.00284066210280003	-0.00284066210280002	0	0.65	0.642	-0.00284066210280003	-0.00284066210280002	1	300	A7	C2	10000	1000	0	0.5	300	0.01
486	-0.00269887640925001	-0.00269887640925	0	0.647	0.659	-0.00269887640925001	-0.00269887640925	FGr	300	A7	C2	10000	1000	0	0.5	300	0.01
487	-0.00272503780925	-0.00272503780925001	0	0.689	0.668	-0.00272503780925	-0.00272503780925001	NoCorrection	300	A7	C2	10000	1000	0	0.5	300	0.01
488	-0.00280296065640007	-0.00280296065640004	0	0.638	0.677	-0.00280296065640007	-0.00280296065640004	ID	300	A7	C2	10000	1000	0	0.5	300	0.01
489	-0.00529497678800002	-0.00529497678800003	0	0.382	0.378	-0.00529497678800002	-0.00529497678800003	1	300	A7	C2	10000	1000	0	0.5	300	0.03
490	-0.0049170378296	-0.0049170378296	0	0.44	0.454	-0.0049170378296	-0.0049170378296	FGr	300	A7	C2	10000	1000	0	0.5	300	0.03
491	-0.00492347908549999	-0.00492347908549999	0	0.402	0.439	-0.00492347908549999	-0.00492347908549999	NoCorrection	300	A7	C2	10000	1000	0	0.5	300	0.03
492	-0.00500658176199995	-0.00500658176199996	0	0.399	0.412	-0.00500658176199995	-0.00500658176199996	ID	300	A7	C2	10000	1000	0	0.5	300	0.03
493	0.00761650704202501	0.007616507042025	0	0.248	0.244	0.00761650704202501	0.007616507042025	1	300	A7	C2	10000	1000	0	0.5	300	0.1
494	0.00805320061425001	0.00805320061425002	0	0.238	0.241	0.00805320061425001	0.00805320061425002	FGr	300	A7	C2	10000	1000	0	0.5	300	0.1
495	0.00804739429799998	0.008047394298	0	0.256	0.225	0.00804739429799998	0.008047394298	NoCorrection	300	A7	C2	10000	1000	0	0.5	300	0.1
496	0.00804154504854	0.00804154504854	0	0.21	0.206	0.00804154504854	0.00804154504854	ID	300	A7	C2	10000	1000	0	0.5	300	0.1
497	0.0091582695441	0.01447730105	0	0.125	0.143	0.0091582695441	0.01447730105	1	1000	A7	C2	10000	1000	0	0.5	300	0
498	0.0086102074815	0.01558666855	0	0.134	0.113	0.0086102074815	0.01558666855	FGr	1000	A7	C2	10000	1000	0	0.5	300	0
499	0.00895531144250004	0.0168709079	0	0.126	0.082	0.00895531144250004	0.0168709079	NoCorrection	1000	A7	C2	10000	1000	0	0.5	300	0
500	0.00908191459369997	0.0144457589	0	0.143	0.142	0.00908191459369997	0.0144457589	ID	1000	A7	C2	10000	1000	0	0.5	300	0
501	-0.000870728967499979	0.0145027495499999	0	0.888	0.142	-0.000870728967499979	0.0145027495499999	1	1000	A7	C2	10000	1000	0	0.5	300	0.01
502	-0.000994632846849983	0.01142576795	0	0.849	0.253	-0.000994632846849983	0.01142576795	FGr	1000	A7	C2	10000	1000	0	0.5	300	0.01
503	-0.000683308308750027	0.0104873873	0	0.921	0.309	-0.000683308308750027	0.0104873873	NoCorrection	1000	A7	C2	10000	1000	0	0.5	300	0.01
504	-0.000818877617400037	0.01501016225	0	0.893	0.161	-0.000818877617400037	0.01501016225	ID	1000	A7	C2	10000	1000	0	0.5	300	0.01
505	0.00536438476530001	0.0211120792	0	0.419	0.04	0.00536438476530001	0.0211120792	1	1000	A7	C2	10000	1000	0	0.5	300	0.03
506	0.00530886206799997	0.0201271075	0	0.435	0.033	0.00530886206799997	0.0201271075	FGr	1000	A7	C2	10000	1000	0	0.5	300	0.03
507	0.005395462223	0.0208681461	0	0.391	0.026	0.005395462223	0.0208681461	NoCorrection	1000	A7	C2	10000	1000	0	0.5	300	0.03
508	0.00534037812174999	0.02187718	0	0.447	0.028	0.00534037812174999	0.02187718	ID	1000	A7	C2	10000	1000	0	0.5	300	0.03
509	0.00422250714385	0.0111399841	0	0.516	0.279	0.00422250714385	0.0111399841	1	1000	A7	C2	10000	1000	0	0.5	300	0.1
510	0.0053445161565	0.00775689460000001	0	0.455	0.46	0.0053445161565	0.00775689460000001	FGr	1000	A7	C2	10000	1000	0	0.5	300	0.1
511	0.00507547065739999	0.00641490929999992	0	0.436	0.536	0.00507547065739999	0.00641490929999992	NoCorrection	1000	A7	C2	10000	1000	0	0.5	300	0.1
512	0.00461678020999998	0.0110619790500001	0	0.469	0.294	0.00461678020999998	0.0110619790500001	ID	1000	A7	C2	10000	1000	0	0.5	300	0.1
513	0.00933199598289999	0.01442631135	0	0.13	0.387	0.00933199598289999	0.01442631135	1	10000	A7	C2	10000	1000	0	0.5	300	0
514	0.00911487567350001	0.01245339895	0	0.165	0.469	0.00911487567350001	0.01245339895	FGr	10000	A7	C2	10000	1000	0	0.5	300	0
515	0.0091586881	0.0119895750500001	0	0.145	0.47	0.0091586881	0.0119895750500001	NoCorrection	10000	A7	C2	10000	1000	0	0.5	300	0
516	0.00929978296999999	0.0143790468	0	0.129	0.38	0.00929978296999999	0.0143790468	ID	10000	A7	C2	10000	1000	0	0.5	300	0
517	-0.00288569209125007	-0.0391936486	0	0.622	0.032	-0.00288569209125007	-0.0391936486	1	10000	A7	C2	10000	1000	0	0.5	300	0.01
518	-0.00256419240860006	-0.03195331065	0	0.642	0.065	-0.00256419240860006	-0.03195331065	FGr	10000	A7	C2	10000	1000	0	0.5	300	0.01
519	-0.00256785329065003	-0.031952108	0	0.66	0.079	-0.00256785329065003	-0.031952108	NoCorrection	10000	A7	C2	10000	1000	0	0.5	300	0.01
520	-0.00290070263018001	-0.0377868736	0	0.633	0.04	-0.00290070263018001	-0.0377868736	ID	10000	A7	C2	10000	1000	0	0.5	300	0.01
521	0.00814566679740009	0.00693720640000003	0	0.216	0.668	0.00814566679740009	0.00693720640000003	1	10000	A7	C2	10000	1000	0	0.5	300	0.03
522	0.00808606618895005	0.0109930423500002	0	0.21	0.508	0.00808606618895005	0.0109930423500002	FGr	10000	A7	C2	10000	1000	0	0.5	300	0.03
523	0.00819642147199997	0.00626833750000007	0	0.219	0.689	0.00819642147199997	0.00626833750000007	NoCorrection	10000	A7	C2	10000	1000	0	0.5	300	0.03
524	0.00815259518334999	0.00694689194999989	0	0.209	0.657	0.00815259518334999	0.00694689194999989	ID	10000	A7	C2	10000	1000	0	0.5	300	0.03
525	0.00448763720745004	0.0221275154	0	0.436	0.185	0.00448763720745004	0.0221275154	1	10000	A7	C2	10000	1000	0	0.5	300	0.1
526	0.00312460160850002	0.0245506543	0	0.597	0.142	0.00312460160850002	0.0245506543	FGr	10000	A7	C2	10000	1000	0	0.5	300	0.1
527	0.0030307269442	0.01953472975	0	0.641	0.254	0.0030307269442	0.01953472975	NoCorrection	10000	A7	C2	10000	1000	0	0.5	300	0.1
528	0.00453519551639999	0.0232731677	0	0.448	0.155	0.00453519551639999	0.0232731677	ID	10000	A7	C2	10000	1000	0	0.5	300	0.1
529	0.00098495003875004	0.000984950038750036	0	0.901	0.889	0.00098495003875004	0.000984950038750036	1	300	A7	C2	10000	10000	0	0.5	300	0
530	0.000901076079130026	0.000901076079130019	0	0.915	0.881	0.000901076079130026	0.000901076079130019	FGr	300	A7	C2	10000	10000	0	0.5	300	0
531	0.00093937087575503	0.00093937087575503	0	0.897	0.862	0.00093937087575503	0.00093937087575503	NoCorrection	300	A7	C2	10000	10000	0	0.5	300	0
532	0.0011806338413	0.00118063384130001	0	0.874	0.886	0.0011806338413	0.00118063384130001	ID	300	A7	C2	10000	10000	0	0.5	300	0
533	0.00490248877691507	0.00490248877691506	0	0.395	0.382	0.00490248877691507	0.00490248877691506	1	300	A7	C2	10000	10000	0	0.5	300	0.01
534	0.00452525090274985	0.00452525090274986	0	0.416	0.41	0.00452525090274985	0.00452525090274986	FGr	300	A7	C2	10000	10000	0	0.5	300	0.01
535	0.00446403419497506	0.00446403419497508	0	0.44	0.44	0.00446403419497506	0.00446403419497508	NoCorrection	300	A7	C2	10000	10000	0	0.5	300	0.01
536	0.00480264021153489	0.0048026402115349	0	0.366	0.39	0.00480264021153489	0.0048026402115349	ID	300	A7	C2	10000	10000	0	0.5	300	0.01
537	0.001923275476885	0.00192327547688501	0	0.753	0.744	0.001923275476885	0.00192327547688501	1	300	A7	C2	10000	10000	0	0.5	300	0.03
538	0.00148613497474506	0.00148613497474505	0	0.808	0.813	0.00148613497474506	0.00148613497474505	FGr	300	A7	C2	10000	10000	0	0.5	300	0.03
539	0.00145676247992496	0.00145676247992496	0	0.834	0.795	0.00145676247992496	0.00145676247992496	NoCorrection	300	A7	C2	10000	10000	0	0.5	300	0.03
540	0.00200101875476439	0.00200101875476439	0	0.752	0.724	0.00200101875476439	0.00200101875476439	ID	300	A7	C2	10000	10000	0	0.5	300	0.03
541	-0.012057566188165	-0.012057566188165	0	0.077	0.054	-0.012057566188165	-0.012057566188165	1	300	A7	C2	10000	10000	0	0.5	300	0.1
542	-0.01232210371028	-0.01232210371028	0	0.064	0.078	-0.01232210371028	-0.01232210371028	FGr	300	A7	C2	10000	10000	0	0.5	300	0.1
543	-0.0123583139516101	-0.0123583139516101	0	0.066	0.075	-0.0123583139516101	-0.0123583139516101	NoCorrection	300	A7	C2	10000	10000	0	0.5	300	0.1
544	-0.0117722782685415	-0.0117722782685415	0	0.069	0.086	-0.0117722782685415	-0.0117722782685415	ID	300	A7	C2	10000	10000	0	0.5	300	0.1
545	-0.00512353275062969	0.0101797315949998	0	0.354	0.282	-0.00512353275062969	0.0101797315949998	1	1000	A7	C2	10000	10000	0	0.5	300	0
546	-0.00480818044194511	0.010900471585	0	0.407	0.227	-0.00480818044194511	0.010900471585	FGr	1000	A7	C2	10000	10000	0	0.5	300	0
547	-0.004810749662675	0.01090549391	0	0.383	0.23	-0.004810749662675	0.01090549391	NoCorrection	1000	A7	C2	10000	10000	0	0.5	300	0
548	-0.00516059310295998	0.00969982287999998	0	0.387	0.282	-0.00516059310295998	0.00969982287999998	ID	1000	A7	C2	10000	10000	0	0.5	300	0
549	0.00242694531336996	-0.00242693773	0	0.675	0.805	0.00242694531336996	-0.00242693773	1	1000	A7	C2	10000	10000	0	0.5	300	0.01
550	0.00205686152687994	-0.00396166644999998	0	0.753	0.707	0.00205686152687994	-0.00396166644999998	FGr	1000	A7	C2	10000	10000	0	0.5	300	0.01
551	0.00215146752591001	-0.005252656735	0	0.664	0.594	0.00215146752591001	-0.005252656735	NoCorrection	1000	A7	C2	10000	10000	0	0.5	300	0.01
552	0.00235074693522001	-0.00434134455000001	0	0.674	0.654	0.00235074693522001	-0.00434134455000001	ID	1000	A7	C2	10000	10000	0	0.5	300	0.01
553	-0.00285211147347996	0.00759305264	0	0.653	0.405	-0.00285211147347996	0.00759305264	1	1000	A7	C2	10000	10000	0	0.5	300	0.03
554	-0.00265676973470658	0.00714382654000008	0	0.654	0.442	-0.00265676973470658	0.00714382654000008	FGr	1000	A7	C2	10000	10000	0	0.5	300	0.03
555	-0.00282296715779998	0.00730052829000019	0	0.649	0.407	-0.00282296715779998	0.00730052829000019	NoCorrection	1000	A7	C2	10000	10000	0	0.5	300	0.03
556	-0.00297606326695	0.0076342173149999	0	0.656	0.434	-0.00297606326695	0.0076342173149999	ID	1000	A7	C2	10000	10000	0	0.5	300	0.03
557	0.00260808068285	0.00314424187	0	0.649	0.755	0.00260808068285	0.00314424187	1	1000	A7	C2	10000	10000	0	0.5	300	0.1
558	0.00338675620229999	0.00283610112	0	0.567	0.757	0.00338675620229999	0.00283610112	FGr	1000	A7	C2	10000	10000	0	0.5	300	0.1
559	0.00314475506320001	0.00325058353999999	0	0.616	0.711	0.00314475506320001	0.00325058353999999	NoCorrection	1000	A7	C2	10000	10000	0	0.5	300	0.1
560	0.00243565184619	0.00391567116499999	0	0.685	0.706	0.00243565184619	0.00391567116499999	ID	1000	A7	C2	10000	10000	0	0.5	300	0.1
561	0.010903487988515	0.0309533857399999	0	0.056	0.034	0.010903487988515	0.0309533857399999	1	10000	A7	C2	10000	10000	0	0.5	300	0
562	0.010882566454245	0.030130425265	0	0.06	0.047	0.010882566454245	0.030130425265	FGr	10000	A7	C2	10000	10000	0	0.5	300	0
563	0.01088547918622	0.030752757135	0	0.054	0.044	0.01088547918622	0.030752757135	NoCorrection	10000	A7	C2	10000	10000	0	0.5	300	0
564	0.01083037341746	0.03098456748	0	0.049	0.046	0.01083037341746	0.03098456748	ID	10000	A7	C2	10000	10000	0	0.5	300	0
565	0.00567625195510001	0.00103154458000005	0	0.351	0.958	0.00567625195510001	0.00103154458000005	1	10000	A7	C2	10000	10000	0	0.5	300	0.01
566	0.00587452409098016	0.00833837345000001	0	0.341	0.588	0.00587452409098016	0.00833837345000001	FGr	10000	A7	C2	10000	10000	0	0.5	300	0.01
567	0.00592125453230007	0.00784299998000004	0	0.336	0.612	0.00592125453230007	0.00784299998000004	NoCorrection	10000	A7	C2	10000	10000	0	0.5	300	0.01
568	0.00558597240505001	0.000991036324999941	0	0.37	0.944	0.00558597240505001	0.000991036324999941	ID	10000	A7	C2	10000	10000	0	0.5	300	0.01
569	0.00198140478875499	0.01764032546	0	0.77	0.26	0.00198140478875499	0.01764032546	1	10000	A7	C2	10000	10000	0	0.5	300	0.03
570	0.00279221151215	0.0102202492000006	0	0.661	0.527	0.00279221151215	0.0102202492000006	FGr	10000	A7	C2	10000	10000	0	0.5	300	0.03
571	0.00276580300677	0.00589604924000041	0	0.645	0.723	0.00276580300677	0.00589604924000041	NoCorrection	10000	A7	C2	10000	10000	0	0.5	300	0.03
572	0.00189446214102397	0.017332354009999	0	0.756	0.272	0.00189446214102397	0.017332354009999	ID	10000	A7	C2	10000	10000	0	0.5	300	0.03
573	-0.00182860982629487	-0.028216842385	0	0.78	0.057	-0.00182860982629487	-0.028216842385	1	10000	A7	C2	10000	10000	0	0.5	300	0.1
574	-8.3060138900006e-05	-0.0311533920100002	0	0.991	0.041	-8.3060138900006e-05	-0.0311533920100002	FGr	10000	A7	C2	10000	10000	0	0.5	300	0.1
575	-0.000108837500330014	-0.0260832130799997	0	0.981	0.081	-0.000108837500330014	-0.0260832130799997	NoCorrection	10000	A7	C2	10000	10000	0	0.5	300	0.1
576	-0.00187897387969983	-0.0254622659599999	0	0.751	0.058	-0.00187897387969983	-0.0254622659599999	ID	10000	A7	C2	10000	10000	0	0.5	300	0.1
