	c-q	nc-q	true-q	c-p	nc-p	c-bias	nc-bias	type	L	rep	config	gwas_size	test_size	h2	ts	num_causal	env
1	0.0770025714095	0.0770025714095001	0	0.044	0.051	0.0770025714095	0.0770025714095001	1	300	A8	C1	1000	100	0	0.5	300	0
2	0.0648247158219999	0.064824715822	0	0.088	0.082	0.0648247158219999	0.064824715822	FGr	300	A8	C1	1000	100	0	0.5	300	0
3	0.0681685673900001	0.06816856739	0	0.069	0.049	0.0681685673900001	0.06816856739	NoCorrection	300	A8	C1	1000	100	0	0.5	300	0
4	0.0725199798295	0.0725199798295	0	0.061	0.072	0.0725199798295	0.0725199798295	ID	300	A8	C1	1000	100	0	0.5	300	0
5	0.024263642305	0.024263642305	0	0.462	0.432	0.024263642305	0.024263642305	1	300	A8	C1	1000	100	0	0.5	300	0.1
6	0.0142558778375	0.0142558778375	0	0.671	0.656	0.0142558778375	0.0142558778375	FGr	300	A8	C1	1000	100	0	0.5	300	0.1
7	0.0274754621545	0.0274754621545	0	0.405	0.401	0.0274754621545	0.0274754621545	NoCorrection	300	A8	C1	1000	100	0	0.5	300	0.1
8	0.03291153259	0.03291153259	0	0.317	0.324	0.03291153259	0.03291153259	ID	300	A8	C1	1000	100	0	0.5	300	0.1
9	-0.017266022301	-0.017266022301	0	0.682	0.679	-0.017266022301	-0.017266022301	1	300	A8	C1	1000	100	0	0.5	300	0.5
10	0.08639472984	0.08639472984	0	0.086	0.085	0.08639472984	0.08639472984	FGr	300	A8	C1	1000	100	0	0.5	300	0.5
11	0.1166319528	0.1166319528	0	0.023	0.039	0.1166319528	0.1166319528	NoCorrection	300	A8	C1	1000	100	0	0.5	300	0.5
12	-0.0350341556649999	-0.035034155665	0	0.325	0.349	-0.0350341556649999	-0.035034155665	ID	300	A8	C1	1000	100	0	0.5	300	0.5
13	-0.02206511927	-0.02206511927	0	0.659	0.648	-0.02206511927	-0.02206511927	1	300	A8	C1	1000	100	0	0.5	300	1
14	0.208028554802	0.208028554802	0	0.007	0.012	0.208028554802	0.208028554802	FGr	300	A8	C1	1000	100	0	0.5	300	1
15	0.27563121543	0.27563121543	0	0	0	0.27563121543	0.27563121543	NoCorrection	300	A8	C1	1000	100	0	0.5	300	1
16	-0.03572954695	-0.03572954695	0	0.405	0.418	-0.03572954695	-0.03572954695	ID	300	A8	C1	1000	100	0	0.5	300	1
17	-0.03929946886	-0.0949462735	0	0.352	0.164	-0.03929946886	-0.0949462735	1	1000	A8	C1	1000	100	0	0.5	300	0
18	-0.04350469829	-0.120160834	0	0.314	0.076	-0.04350469829	-0.120160834	FGr	1000	A8	C1	1000	100	0	0.5	300	0
19	-0.0281212943245	-0.0582106	0	0.527	0.363	-0.0281212943245	-0.0582106	NoCorrection	1000	A8	C1	1000	100	0	0.5	300	0
20	-0.03344598733	-0.078895936	0	0.473	0.235	-0.03344598733	-0.078895936	ID	1000	A8	C1	1000	100	0	0.5	300	0
21	-0.00164105979499997	0.013949262	0	0.97	0.843	-0.00164105979499997	0.013949262	1	1000	A8	C1	1000	100	0	0.5	300	0.1
22	0.0139051026305	0.0540371085	0	0.738	0.432	0.0139051026305	0.0540371085	FGr	1000	A8	C1	1000	100	0	0.5	300	0.1
23	0.006362879015	0.0363746905	0	0.873	0.584	0.006362879015	0.0363746905	NoCorrection	1000	A8	C1	1000	100	0	0.5	300	0.1
24	-0.00296871063500001	0.012925554	0	0.95	0.85	-0.00296871063500001	0.012925554	ID	1000	A8	C1	1000	100	0	0.5	300	0.1
25	-0.00166866275399998	0.0649714555	0	0.96	0.308	-0.00166866275399998	0.0649714555	1	1000	A8	C1	1000	100	0	0.5	300	0.5
26	0.102193923615	0.2989034255	0	0.027	0	0.102193923615	0.2989034255	FGr	1000	A8	C1	1000	100	0	0.5	300	0.5
27	0.1972284589	0.5483992885	0	0	0	0.1972284589	0.5483992885	NoCorrection	1000	A8	C1	1000	100	0	0.5	300	0.5
28	0.00694825204399997	0.0667669265	0	0.879	0.304	0.00694825204399997	0.0667669265	ID	1000	A8	C1	1000	100	0	0.5	300	0.5
29	0.04029523724	-0.035680627	0	0.296	0.575	0.04029523724	-0.035680627	1	1000	A8	C1	1000	100	0	0.5	300	1
30	0.22421424785	0.4220692065	0	0	0	0.22421424785	0.4220692065	FGr	1000	A8	C1	1000	100	0	0.5	300	1
31	0.42536473666	1.023285526	0	0	0	0.42536473666	1.023285526	NoCorrection	1000	A8	C1	1000	100	0	0.5	300	1
32	0.0325506501039	-0.00440550849999996	0	0.378	0.94	0.0325506501039	-0.00440550849999996	ID	1000	A8	C1	1000	100	0	0.5	300	1
33	0.0286586213699999	0.014970143	0	0.484	0.865	0.0286586213699999	0.014970143	1	10000	A8	C1	1000	100	0	0.5	300	0
34	0.017855398985	-0.0272672525	0	0.686	0.79	0.017855398985	-0.0272672525	FGr	10000	A8	C1	1000	100	0	0.5	300	0
35	-0.01396350679	-0.187937136	0	0.732	0.065	-0.01396350679	-0.187937136	NoCorrection	10000	A8	C1	1000	100	0	0.5	300	0
36	0.02893824543	0.0257181500000002	0	0.476	0.816	0.02893824543	0.0257181500000002	ID	10000	A8	C1	1000	100	0	0.5	300	0
37	0.000725310994500008	0.0365464899999999	0	0.983	0.729	0.000725310994500008	0.0365464899999999	1	10000	A8	C1	1000	100	0	0.5	300	0.1
38	-0.00829614460000002	-0.0340552349999999	0	0.852	0.741	-0.00829614460000002	-0.0340552349999999	FGr	10000	A8	C1	1000	100	0	0.5	300	0.1
39	0.07824158582	0.467461349	0	0.081	0	0.07824158582	0.467461349	NoCorrection	10000	A8	C1	1000	100	0	0.5	300	0.1
40	0.003168324465	0.078906885	0	0.947	0.435	0.003168324465	0.078906885	ID	10000	A8	C1	1000	100	0	0.5	300	0.1
41	0.05438578412	-0.122552422	0	0.141	0.22	0.05438578412	-0.122552422	1	10000	A8	C1	1000	100	0	0.5	300	0.5
42	0.05927542778	-0.1128570335	0	0.115	0.266	0.05927542778	-0.1128570335	FGr	10000	A8	C1	1000	100	0	0.5	300	0.5
43	0.190736932203	0.486809185	0	0	0	0.190736932203	0.486809185	NoCorrection	10000	A8	C1	1000	100	0	0.5	300	0.5
44	0.0480259486499999	-0.14869702	0	0.214	0.116	0.0480259486499999	-0.14869702	ID	10000	A8	C1	1000	100	0	0.5	300	0.5
45	-0.019326182805	-0.0157636765000001	0	0.628	0.878	-0.019326182805	-0.0157636765000001	1	10000	A8	C1	1000	100	0	0.5	300	1
46	0.00878135463999999	0.079640141	0	0.811	0.445	0.00878135463999999	0.079640141	FGr	10000	A8	C1	1000	100	0	0.5	300	1
47	0.328166588869	1.933466055	0	0	0	0.328166588869	1.933466055	NoCorrection	10000	A8	C1	1000	100	0	0.5	300	1
48	-0.02476444949	-0.024527562	0	0.534	0.793	-0.02476444949	-0.024527562	ID	10000	A8	C1	1000	100	0	0.5	300	1
49	0.03211246846107	0.03211246846107	0	0.195	0.203	0.03211246846107	0.03211246846107	1	300	A8	C1	1000	1000	0	0.5	300	0
50	0.068768495582	0.068768495582	0	0.004	0.001	0.068768495582	0.068768495582	FGr	300	A8	C1	1000	1000	0	0.5	300	0
51	0.05881084715572	0.05881084715572	0	0.015	0.02	0.05881084715572	0.05881084715572	NoCorrection	300	A8	C1	1000	1000	0	0.5	300	0
52	0.050781574293	0.050781574293	0	0.034	0.054	0.050781574293	0.050781574293	ID	300	A8	C1	1000	1000	0	0.5	300	0
53	0.021883503676	0.021883503676	0	0.429	0.441	0.021883503676	0.021883503676	1	300	A8	C1	1000	1000	0	0.5	300	0.1
54	0.0521042582215	0.0521042582215	0	0.07	0.052	0.0521042582215	0.0521042582215	FGr	300	A8	C1	1000	1000	0	0.5	300	0.1
55	0.067006576139	0.067006576139	0	0.018	0.015	0.067006576139	0.067006576139	NoCorrection	300	A8	C1	1000	1000	0	0.5	300	0.1
56	0.0197200642017	0.0197200642017	0	0.487	0.467	0.0197200642017	0.0197200642017	ID	300	A8	C1	1000	1000	0	0.5	300	0.1
57	0.0117316292840001	0.0117316292840001	0	0.676	0.645	0.0117316292840001	0.0117316292840001	1	300	A8	C1	1000	1000	0	0.5	300	0.5
58	0.0704325441930001	0.0704325441930001	0	0.015	0.014	0.0704325441930001	0.0704325441930001	FGr	300	A8	C1	1000	1000	0	0.5	300	0.5
59	0.0930137297325	0.0930137297325	0	0	0.002	0.0930137297325	0.0930137297325	NoCorrection	300	A8	C1	1000	1000	0	0.5	300	0.5
60	-0.00897055099300007	-0.00897055099300007	0	0.741	0.746	-0.00897055099300007	-0.00897055099300007	ID	300	A8	C1	1000	1000	0	0.5	300	0.5
61	0.0259426238575	0.0259426238575001	0	0.369	0.365	0.0259426238575	0.0259426238575001	1	300	A8	C1	1000	1000	0	0.5	300	1
62	0.2070684454955	0.2070684454955	0	0	0	0.2070684454955	0.2070684454955	FGr	300	A8	C1	1000	1000	0	0.5	300	1
63	0.314280342157	0.314280342157	0	0	0	0.314280342157	0.314280342157	NoCorrection	300	A8	C1	1000	1000	0	0.5	300	1
64	0.010503897677	0.010503897677	0	0.704	0.701	0.010503897677	0.010503897677	ID	300	A8	C1	1000	1000	0	0.5	300	1
65	0.0205893630365	0.0247435586500002	0	0.426	0.558	0.0205893630365	0.0247435586500002	1	1000	A8	C1	1000	1000	0	0.5	300	0
66	0.01504496635975	0.0107683243999998	0	0.552	0.805	0.01504496635975	0.0107683243999998	FGr	1000	A8	C1	1000	1000	0	0.5	300	0
67	0.036051870787	0.0661942043000003	0	0.162	0.125	0.036051870787	0.0661942043000003	NoCorrection	1000	A8	C1	1000	1000	0	0.5	300	0
68	0.02176798872075	0.0262034053000002	0	0.43	0.549	0.02176798872075	0.0262034053000002	ID	1000	A8	C1	1000	1000	0	0.5	300	0
69	0.00325921930650023	-0.0275278333	0	0.919	0.526	0.00325921930650023	-0.0275278333	1	1000	A8	C1	1000	1000	0	0.5	300	0.1
70	0.021739029215	0.0228511055	0	0.422	0.625	0.021739029215	0.0228511055	FGr	1000	A8	C1	1000	1000	0	0.5	300	0.1
71	0.0409411691960002	0.0701432333	0	0.152	0.119	0.0409411691960002	0.0701432333	NoCorrection	1000	A8	C1	1000	1000	0	0.5	300	0.1
72	0.011089734138	-0.00324573100000001	0	0.696	0.942	0.011089734138	-0.00324573100000001	ID	1000	A8	C1	1000	1000	0	0.5	300	0.1
73	0.00799126453550001	0.0363646137500001	0	0.775	0.413	0.00799126453550001	0.0363646137500001	1	1000	A8	C1	1000	1000	0	0.5	300	0.5
74	0.057919144829	0.1371939424	0	0.029	0.004	0.057919144829	0.1371939424	FGr	1000	A8	C1	1000	1000	0	0.5	300	0.5
75	0.176320803646	0.4090248846	0	0	0	0.176320803646	0.4090248846	NoCorrection	1000	A8	C1	1000	1000	0	0.5	300	0.5
76	0.00240639959390001	0.0232737534	0	0.92	0.581	0.00240639959390001	0.0232737534	ID	1000	A8	C1	1000	1000	0	0.5	300	0.5
77	-0.0261490265285	-0.00217974465000006	0	0.4	0.96	-0.0261490265285	-0.00217974465000006	1	1000	A8	C1	1000	1000	0	0.5	300	1
78	0.108853059842	0.28006123425	0	0.004	0	0.108853059842	0.28006123425	FGr	1000	A8	C1	1000	1000	0	0.5	300	1
79	0.3098961819805	0.7019113191	0	0	0	0.3098961819805	0.7019113191	NoCorrection	1000	A8	C1	1000	1000	0	0.5	300	1
80	-0.0376062187168	-0.0580060166000001	0	0.188	0.207	-0.0376062187168	-0.0580060166000001	ID	1000	A8	C1	1000	1000	0	0.5	300	1
81	-0.0129138882669999	0.04760292035	0	0.634	0.472	-0.0129138882669999	0.04760292035	1	10000	A8	C1	1000	1000	0	0.5	300	0
82	-0.00432904303099989	0.1207205505	0	0.87	0.081	-0.00432904303099989	0.1207205505	FGr	10000	A8	C1	1000	1000	0	0.5	300	0
83	0.00431659367550004	0.1686981106	0	0.892	0.007	0.00431659367550004	0.1686981106	NoCorrection	10000	A8	C1	1000	1000	0	0.5	300	0
84	-0.0118039266075003	0.0533274295000002	0	0.669	0.434	-0.0118039266075003	0.0533274295000002	ID	10000	A8	C1	1000	1000	0	0.5	300	0
85	0.0289005307605001	0.1072049133	0	0.31	0.142	0.0289005307605001	0.1072049133	1	10000	A8	C1	1000	1000	0	0.5	300	0.1
86	0.033815261798175	0.1357026164	0	0.229	0.051	0.033815261798175	0.1357026164	FGr	10000	A8	C1	1000	1000	0	0.5	300	0.1
87	0.0361675629920001	0.17347400885	0	0.177	0.01	0.0361675629920001	0.17347400885	NoCorrection	10000	A8	C1	1000	1000	0	0.5	300	0.1
88	0.02849856279885	0.1048754308	0	0.322	0.12	0.02849856279885	0.1048754308	ID	10000	A8	C1	1000	1000	0	0.5	300	0.1
89	-0.00209596233949999	0.1153215028	0	0.936	0.097	-0.00209596233949999	0.1153215028	1	10000	A8	C1	1000	1000	0	0.5	300	0.5
90	0.000867985451750011	0.120334342	0	0.972	0.08	0.000867985451750011	0.120334342	FGr	10000	A8	C1	1000	1000	0	0.5	300	0.5
91	0.1114191967047	0.8863540305	0	0.001	0	0.1114191967047	0.8863540305	NoCorrection	10000	A8	C1	1000	1000	0	0.5	300	0.5
92	-0.001957240137	0.1115892421	0	0.949	0.119	-0.001957240137	0.1115892421	ID	10000	A8	C1	1000	1000	0	0.5	300	0.5
93	0.00188392558699997	0.0797706515000006	0	0.936	0.321	0.00188392558699997	0.0797706515000006	1	10000	A8	C1	1000	1000	0	0.5	300	1
94	0.0217109503665	0.231881314	0	0.449	0.003	0.0217109503665	0.231881314	FGr	10000	A8	C1	1000	1000	0	0.5	300	1
95	0.3063237289	2.0678765945	0	0	0	0.3063237289	2.0678765945	NoCorrection	10000	A8	C1	1000	1000	0	0.5	300	1
96	0.00577632914359997	0.0887702055000005	0	0.827	0.253	0.00577632914359997	0.0887702055000005	ID	10000	A8	C1	1000	1000	0	0.5	300	1
97	0.00713431651535004	0.00713431651535005	0	0.804	0.813	0.00713431651535004	0.00713431651535005	1	300	A8	C1	1000	10000	0	0.5	300	0
98	-0.02074337521505	-0.02074337521505	0	0.456	0.449	-0.02074337521505	-0.02074337521505	FGr	300	A8	C1	1000	10000	0	0.5	300	0
99	-0.03081275984167	-0.03081275984167	0	0.294	0.288	-0.03081275984167	-0.03081275984167	NoCorrection	300	A8	C1	1000	10000	0	0.5	300	0
100	0.00301111451919998	0.00301111451919996	0	0.928	0.911	0.00301111451919998	0.00301111451919996	ID	300	A8	C1	1000	10000	0	0.5	300	0
101	-0.00556002899244996	-0.00556002899244998	0	0.832	0.833	-0.00556002899244996	-0.00556002899244998	1	300	A8	C1	1000	10000	0	0.5	300	0.1
102	0.0286932274996498	0.0286932274996498	0	0.285	0.317	0.0286932274996498	0.0286932274996498	FGr	300	A8	C1	1000	10000	0	0.5	300	0.1
103	0.0521646190592798	0.0521646190592797	0	0.069	0.07	0.0521646190592798	0.0521646190592797	NoCorrection	300	A8	C1	1000	10000	0	0.5	300	0.1
104	0.00907903667697993	0.00907903667698001	0	0.731	0.721	0.00907903667697993	0.00907903667698001	ID	300	A8	C1	1000	10000	0	0.5	300	0.1
105	-0.0395279973683501	-0.0395279973683501	0	0.108	0.101	-0.0395279973683501	-0.0395279973683501	1	300	A8	C1	1000	10000	0	0.5	300	0.5
106	0.0364126435348999	0.0364126435348999	0	0.181	0.166	0.0364126435348999	0.0364126435348999	FGr	300	A8	C1	1000	10000	0	0.5	300	0.5
107	0.0972103552727801	0.0972103552727801	0	0	0.001	0.0972103552727801	0.0972103552727801	NoCorrection	300	A8	C1	1000	10000	0	0.5	300	0.5
108	-0.06001499239195	-0.06001499239195	0	0.014	0.016	-0.06001499239195	-0.06001499239195	ID	300	A8	C1	1000	10000	0	0.5	300	0.5
109	0.0348399216843003	0.0348399216843003	0	0.227	0.216	0.0348399216843003	0.0348399216843003	1	300	A8	C1	1000	10000	0	0.5	300	1
110	0.197817152966599	0.197817152966599	0	0	0	0.197817152966599	0.197817152966599	FGr	300	A8	C1	1000	10000	0	0.5	300	1
111	0.3264095215389	0.3264095215389	0	0	0	0.3264095215389	0.3264095215389	NoCorrection	300	A8	C1	1000	10000	0	0.5	300	1
112	0.0113353810213497	0.0113353810213496	0	0.65	0.675	0.0113353810213497	0.0113353810213496	ID	300	A8	C1	1000	10000	0	0.5	300	1
113	0.0100541047082	-0.0266317543950004	0	0.72	0.528	0.0100541047082	-0.0266317543950004	1	1000	A8	C1	1000	10000	0	0.5	300	0
114	0.00550448727359999	-0.0384174753250006	0	0.817	0.324	0.00550448727359999	-0.0384174753250006	FGr	1000	A8	C1	1000	10000	0	0.5	300	0
115	-0.0100297888312001	-0.0845432614950001	0	0.704	0.038	-0.0100297888312001	-0.0845432614950001	NoCorrection	1000	A8	C1	1000	10000	0	0.5	300	0
116	0.00990543213465	-0.023467475775	0	0.699	0.594	0.00990543213465	-0.023467475775	ID	1000	A8	C1	1000	10000	0	0.5	300	0
117	0.0261768069145396	-0.0244001646450004	0	0.326	0.573	0.0261768069145396	-0.0244001646450004	1	1000	A8	C1	1000	10000	0	0.5	300	0.1
118	0.0318765647359546	-0.01054210976	0	0.247	0.815	0.0318765647359546	-0.01054210976	FGr	1000	A8	C1	1000	10000	0	0.5	300	0.1
119	0.0521014114181494	0.03751201333	0	0.048	0.41	0.0521014114181494	0.03751201333	NoCorrection	1000	A8	C1	1000	10000	0	0.5	300	0.1
120	0.0234587205815	-0.0370025762400002	0	0.372	0.358	0.0234587205815	-0.0370025762400002	ID	1000	A8	C1	1000	10000	0	0.5	300	0.1
121	0.0220184010672501	0.0766697575699999	0	0.362	0.064	0.0220184010672501	0.0766697575699999	1	1000	A8	C1	1000	10000	0	0.5	300	0.5
122	0.0590045744797999	0.15652445871	0	0.025	0.001	0.0590045744797999	0.15652445871	FGr	1000	A8	C1	1000	10000	0	0.5	300	0.5
123	0.17553602789175	0.466666641465	0	0	0	0.17553602789175	0.466666641465	NoCorrection	1000	A8	C1	1000	10000	0	0.5	300	0.5
124	0.0212943635804451	0.0589581193200002	0	0.41	0.139	0.0212943635804451	0.0589581193200002	ID	1000	A8	C1	1000	10000	0	0.5	300	0.5
125	-0.0337280830923497	-0.0323031073100005	0	0.278	0.5	-0.0337280830923497	-0.0323031073100005	1	1000	A8	C1	1000	10000	0	0.5	300	1
126	0.04949076038395	0.217905346320001	0	0.124	0	0.04949076038395	0.217905346320001	FGr	1000	A8	C1	1000	10000	0	0.5	300	1
127	0.250078730212	0.763338852860002	0	0	0	0.250078730212	0.763338852860002	NoCorrection	1000	A8	C1	1000	10000	0	0.5	300	1
128	-0.0397922586827	-0.0427424461650001	0	0.215	0.323	-0.0397922586827	-0.0427424461650001	ID	1000	A8	C1	1000	10000	0	0.5	300	1
129	-0.0175114903161499	0.00669700084499996	0	0.518	0.94	-0.0175114903161499	0.00669700084499996	1	10000	A8	C1	1000	10000	0	0.5	300	0
130	-0.0243139563162	-0.0655396098450001	0	0.379	0.371	-0.0243139563162	-0.0655396098450001	FGr	10000	A8	C1	1000	10000	0	0.5	300	0
131	-0.0637566405329003	-0.283938690975	0	0.024	0	-0.0637566405329003	-0.283938690975	NoCorrection	10000	A8	C1	1000	10000	0	0.5	300	0
132	-0.0189267128388999	0.00663430661499997	0	0.483	0.917	-0.0189267128388999	0.00663430661499997	ID	10000	A8	C1	1000	10000	0	0.5	300	0
133	-0.00977002521774999	-0.0720431943800013	0	0.708	0.243	-0.00977002521774999	-0.0720431943800013	1	10000	A8	C1	1000	10000	0	0.5	300	0.1
134	-0.00447521726743967	-0.0425359073249993	0	0.866	0.492	-0.00447521726743967	-0.0425359073249993	FGr	10000	A8	C1	1000	10000	0	0.5	300	0.1
135	0.00594345168604985	0.0796720263000017	0	0.809	0.206	0.00594345168604985	0.0796720263000017	NoCorrection	10000	A8	C1	1000	10000	0	0.5	300	0.1
136	-0.00882100687594985	-0.0688858004200003	0	0.711	0.268	-0.00882100687594985	-0.0688858004200003	ID	10000	A8	C1	1000	10000	0	0.5	300	0.1
137	0.0114937220941999	-0.0637553495499995	0	0.66	0.321	0.0114937220941999	-0.0637553495499995	1	10000	A8	C1	1000	10000	0	0.5	300	0.5
138	0.02845230614415	0.0837001703900002	0	0.246	0.227	0.02845230614415	0.0837001703900002	FGr	10000	A8	C1	1000	10000	0	0.5	300	0.5
139	0.1811526823474	1.04560538415	0	0	0	0.1811526823474	1.04560538415	NoCorrection	10000	A8	C1	1000	10000	0	0.5	300	0.5
140	0.0131673778874999	-0.0611078099000001	0	0.616	0.357	0.0131673778874999	-0.0611078099000001	ID	10000	A8	C1	1000	10000	0	0.5	300	0.5
141	-0.0151613533384501	-0.111251581020001	0	0.513	0.124	-0.0151613533384501	-0.111251581020001	1	10000	A8	C1	1000	10000	0	0.5	300	1
142	0.00405546491503987	-0.0334102495899996	0	0.878	0.642	0.00405546491503987	-0.0334102495899996	FGr	10000	A8	C1	1000	10000	0	0.5	300	1
143	0.2814877352863	1.7738516916	0	0	0	0.2814877352863	1.7738516916	NoCorrection	10000	A8	C1	1000	10000	0	0.5	300	1
144	-0.0125219079964998	-0.0940443838600003	0	0.593	0.184	-0.0125219079964998	-0.0940443838600003	ID	10000	A8	C1	1000	10000	0	0.5	300	1
145	-0.0084524566925	-0.0084524566925	0	0.516	0.531	-0.0084524566925	-0.0084524566925	1	300	A8	C1	10000	100	0	0.5	300	0
146	-0.011107862253	-0.011107862253	0	0.342	0.362	-0.011107862253	-0.011107862253	FGr	300	A8	C1	10000	100	0	0.5	300	0
147	-0.0147151393085	-0.0147151393085	0	0.244	0.247	-0.0147151393085	-0.0147151393085	NoCorrection	300	A8	C1	10000	100	0	0.5	300	0
148	0.001865394907	0.00186539490700001	0	0.882	0.884	0.001865394907	0.00186539490700001	ID	300	A8	C1	10000	100	0	0.5	300	0
149	-0.00771221096300002	-0.007712210963	0	0.492	0.475	-0.00771221096300002	-0.007712210963	1	300	A8	C1	10000	100	0	0.5	300	0.1
150	0.021497155185	0.021497155185	0	0.057	0.051	0.021497155185	0.021497155185	FGr	300	A8	C1	10000	100	0	0.5	300	0.1
151	0.031824712297	0.031824712297	0	0.005	0.005	0.031824712297	0.031824712297	NoCorrection	300	A8	C1	10000	100	0	0.5	300	0.1
152	-0.009032963648	-0.00903296364800002	0	0.419	0.461	-0.009032963648	-0.00903296364800002	ID	300	A8	C1	10000	100	0	0.5	300	0.1
153	-0.007890338535	-0.007890338535	0	0.533	0.507	-0.007890338535	-0.007890338535	1	300	A8	C1	10000	100	0	0.5	300	0.5
154	0.12933465525	0.12933465525	0	0	0	0.12933465525	0.12933465525	FGr	300	A8	C1	10000	100	0	0.5	300	0.5
155	0.189195537655	0.189195537655	0	0	0	0.189195537655	0.189195537655	NoCorrection	300	A8	C1	10000	100	0	0.5	300	0.5
156	-0.0103753315465	-0.0103753315465	0	0.378	0.422	-0.0103753315465	-0.0103753315465	ID	300	A8	C1	10000	100	0	0.5	300	0.5
157	0.0183827707179	0.0183827707179	0	0.12	0.114	0.0183827707179	0.0183827707179	1	300	A8	C1	10000	100	0	0.5	300	1
158	0.300419773575	0.300419773575	0	0	0	0.300419773575	0.300419773575	FGr	300	A8	C1	10000	100	0	0.5	300	1
159	0.427552719915	0.427552719915	0	0	0	0.427552719915	0.427552719915	NoCorrection	300	A8	C1	10000	100	0	0.5	300	1
160	0.017580637295	0.017580637295	0	0.11	0.101	0.017580637295	0.017580637295	ID	300	A8	C1	10000	100	0	0.5	300	1
161	0.00324061517775	-0.016330703	0	0.773	0.397	0.00324061517775	-0.016330703	1	1000	A8	C1	10000	100	0	0.5	300	0
162	0.00187301166	-0.0177016555	0	0.862	0.359	0.00187301166	-0.0177016555	FGr	1000	A8	C1	10000	100	0	0.5	300	0
163	0.00340742542300001	-0.0130825405	0	0.763	0.497	0.00340742542300001	-0.0130825405	NoCorrection	1000	A8	C1	10000	100	0	0.5	300	0
164	0.00228304651000001	-0.019221381	0	0.846	0.318	0.00228304651000001	-0.019221381	ID	1000	A8	C1	10000	100	0	0.5	300	0
165	-0.00589065596	0.018523971	0	0.63	0.417	-0.00589065596	0.018523971	1	1000	A8	C1	10000	100	0	0.5	300	0.1
166	0.0110545250248	0.0720770055	0	0.383	0.003	0.0110545250248	0.0720770055	FGr	1000	A8	C1	10000	100	0	0.5	300	0.1
167	0.022918080595	0.1059429475	0	0.107	0	0.022918080595	0.1059429475	NoCorrection	1000	A8	C1	10000	100	0	0.5	300	0.1
168	-0.00550522258599999	0.019649244	0	0.673	0.392	-0.00550522258599999	0.019649244	ID	1000	A8	C1	10000	100	0	0.5	300	0.1
169	-0.00896164539199999	-0.0494313405	0	0.481	0.027	-0.00896164539199999	-0.0494313405	1	1000	A8	C1	10000	100	0	0.5	300	0.5
170	0.0638935730845	0.19437354	0	0	0	0.0638935730845	0.19437354	FGr	1000	A8	C1	10000	100	0	0.5	300	0.5
171	0.127579021005	0.342606997	0	0	0	0.127579021005	0.342606997	NoCorrection	1000	A8	C1	10000	100	0	0.5	300	0.5
172	-0.00744845609449999	-0.0416197895	0	0.583	0.069	-0.00744845609449999	-0.0416197895	ID	1000	A8	C1	10000	100	0	0.5	300	0.5
173	0.00664166748	0.0227443475	0	0.635	0.258	0.00664166748	0.0227443475	1	1000	A8	C1	10000	100	0	0.5	300	1
174	0.159054642546	0.452002843	0	0	0	0.159054642546	0.452002843	FGr	1000	A8	C1	10000	100	0	0.5	300	1
175	0.289092658528	0.819250196	0	0	0	0.289092658528	0.819250196	NoCorrection	1000	A8	C1	10000	100	0	0.5	300	1
176	0.0086421516335	0.0200115875	0	0.522	0.374	0.0086421516335	0.0200115875	ID	1000	A8	C1	10000	100	0	0.5	300	1
177	0.01466895714	0.043994003	0	0.263	0.171	0.01466895714	0.043994003	1	10000	A8	C1	10000	100	0	0.5	300	0
178	0.015699204895	0.050752778	0	0.227	0.107	0.015699204895	0.050752778	FGr	10000	A8	C1	10000	100	0	0.5	300	0
179	0.009763001485	0.00292877199999998	0	0.435	0.928	0.009763001485	0.00292877199999998	NoCorrection	10000	A8	C1	10000	100	0	0.5	300	0
180	0.0148253218	0.045194355	0	0.246	0.148	0.0148253218	0.045194355	ID	10000	A8	C1	10000	100	0	0.5	300	0
181	0.004551798441	0.0671624505	0	0.723	0.016	0.004551798441	0.0671624505	1	10000	A8	C1	10000	100	0	0.5	300	0.1
182	0.00989798172200001	0.098199009	0	0.427	0	0.00989798172200001	0.098199009	FGr	10000	A8	C1	10000	100	0	0.5	300	0.1
183	0.04912387613	0.2934463715	0	0	0	0.04912387613	0.2934463715	NoCorrection	10000	A8	C1	10000	100	0	0.5	300	0.1
184	0.004370113792	0.0658518185	0	0.722	0.029	0.004370113792	0.0658518185	ID	10000	A8	C1	10000	100	0	0.5	300	0.1
185	0.00133009056799999	0.0771638305	0	0.906	0.013	0.00133009056799999	0.0771638305	1	10000	A8	C1	10000	100	0	0.5	300	0.5
186	0.013336587468	0.16868955	0	0.257	0	0.013336587468	0.16868955	FGr	10000	A8	C1	10000	100	0	0.5	300	0.5
187	0.16763932323	1.035999285	0	0	0	0.16763932323	1.035999285	NoCorrection	10000	A8	C1	10000	100	0	0.5	300	0.5
188	0.001973205165	0.079167915	0	0.87	0.009	0.001973205165	0.079167915	ID	10000	A8	C1	10000	100	0	0.5	300	0.5
189	-0.00626502099600002	-0.021943276	0	0.613	0.448	-0.00626502099600002	-0.021943276	1	10000	A8	C1	10000	100	0	0.5	300	1
190	0.025400782914	0.2504161815	0	0.054	0	0.025400782914	0.2504161815	FGr	10000	A8	C1	10000	100	0	0.5	300	1
191	0.328167231355	1.97464139	0	0	0	0.328167231355	1.97464139	NoCorrection	10000	A8	C1	10000	100	0	0.5	300	1
192	-0.00448506445699999	-0.007199643	0	0.721	0.836	-0.00448506445699999	-0.007199643	ID	10000	A8	C1	10000	100	0	0.5	300	1
193	0.00452967916850002	0.00452967916850001	0	0.593	0.586	0.00452967916850002	0.00452967916850001	1	300	A8	C1	10000	1000	0	0.5	300	0
194	0.00494110053259999	0.0049411005326	0	0.576	0.545	0.00494110053259999	0.0049411005326	FGr	300	A8	C1	10000	1000	0	0.5	300	0
195	0.00959222473025	0.00959222473024999	0	0.238	0.227	0.00959222473025	0.00959222473024999	NoCorrection	300	A8	C1	10000	1000	0	0.5	300	0
196	0.00363089811549998	0.00363089811549999	0	0.655	0.667	0.00363089811549998	0.00363089811549999	ID	300	A8	C1	10000	1000	0	0.5	300	0
197	-0.00252157703509998	-0.00252157703509998	0	0.775	0.777	-0.00252157703509998	-0.00252157703509998	1	300	A8	C1	10000	1000	0	0.5	300	0.1
198	0.028928638571	0.028928638571	0	0.001	0	0.028928638571	0.028928638571	FGr	300	A8	C1	10000	1000	0	0.5	300	0.1
199	0.0394359118005	0.0394359118005	0	0	0	0.0394359118005	0.0394359118005	NoCorrection	300	A8	C1	10000	1000	0	0.5	300	0.1
200	0.00462375007549998	0.00462375007549999	0	0.549	0.572	0.00462375007549998	0.00462375007549999	ID	300	A8	C1	10000	1000	0	0.5	300	0.1
201	0.00303538413315999	0.00303538413315999	0	0.713	0.689	0.00303538413315999	0.00303538413315999	1	300	A8	C1	10000	1000	0	0.5	300	0.5
202	0.09526401154143	0.0952640115414299	0	0	0	0.09526401154143	0.0952640115414299	FGr	300	A8	C1	10000	1000	0	0.5	300	0.5
203	0.17010171493295	0.17010171493295	0	0	0	0.17010171493295	0.17010171493295	NoCorrection	300	A8	C1	10000	1000	0	0.5	300	0.5
204	0.0018002439245	0.00180024392450001	0	0.833	0.847	0.0018002439245	0.00180024392450001	ID	300	A8	C1	10000	1000	0	0.5	300	0.5
205	-0.01303521309475	-0.01303521309475	0	0.171	0.17	-0.01303521309475	-0.01303521309475	1	300	A8	C1	10000	1000	0	0.5	300	1
206	0.1944031396805	0.1944031396805	0	0	0	0.1944031396805	0.1944031396805	FGr	300	A8	C1	10000	1000	0	0.5	300	1
207	0.3543261203835	0.3543261203835	0	0	0	0.3543261203835	0.3543261203835	NoCorrection	300	A8	C1	10000	1000	0	0.5	300	1
208	-0.0168719607225	-0.0168719607225	0	0.065	0.082	-0.0168719607225	-0.0168719607225	ID	300	A8	C1	10000	1000	0	0.5	300	1
209	0.00629354238500002	0.00630456329999999	0	0.454	0.669	0.00629354238500002	0.00630456329999999	1	1000	A8	C1	10000	1000	0	0.5	300	0
210	0.00540860018495002	0.00574345295000003	0	0.531	0.699	0.00540860018495002	0.00574345295000003	FGr	1000	A8	C1	10000	1000	0	0.5	300	0
211	0.0110049670616001	0.0202272511	0	0.191	0.153	0.0110049670616001	0.0202272511	NoCorrection	1000	A8	C1	10000	1000	0	0.5	300	0
212	0.00640028322400006	0.00644974805000002	0	0.47	0.643	0.00640028322400006	0.00644974805000002	ID	1000	A8	C1	10000	1000	0	0.5	300	0
213	-0.028162753699	-0.0258636581	0	0.002	0.064	-0.028162753699	-0.0258636581	1	1000	A8	C1	10000	1000	0	0.5	300	0.1
214	-0.011512615145	0.02660332905	0	0.189	0.066	-0.011512615145	0.02660332905	FGr	1000	A8	C1	10000	1000	0	0.5	300	0.1
215	0.0178916862512	0.1140522448	0	0.067	0	0.0178916862512	0.1140522448	NoCorrection	1000	A8	C1	10000	1000	0	0.5	300	0.1
216	-0.02569883121624	-0.01942649885	0	0.004	0.161	-0.02569883121624	-0.01942649885	ID	1000	A8	C1	10000	1000	0	0.5	300	0.1
217	-0.00708978762075	-0.00136575315000008	0	0.389	0.918	-0.00708978762075	-0.00136575315000008	1	1000	A8	C1	10000	1000	0	0.5	300	0.5
218	0.039493506268	0.1312611889	0	0.001	0	0.039493506268	0.1312611889	FGr	1000	A8	C1	10000	1000	0	0.5	300	0.5
219	0.15435195264005	0.4323155586	0	0	0	0.15435195264005	0.4323155586	NoCorrection	1000	A8	C1	10000	1000	0	0.5	300	0.5
220	-0.00552444584249999	-0.00239470334999994	0	0.541	0.874	-0.00552444584249999	-0.00239470334999994	ID	1000	A8	C1	10000	1000	0	0.5	300	0.5
221	0.00206264858209999	0.0263499604	0	0.827	0.046	0.00206264858209999	0.0263499604	1	1000	A8	C1	10000	1000	0	0.5	300	1
222	0.1029962707615	0.32881286165	0	0	0	0.1029962707615	0.32881286165	FGr	1000	A8	C1	10000	1000	0	0.5	300	1
223	0.3320315742315	0.9477290971	0	0	0	0.3320315742315	0.9477290971	NoCorrection	1000	A8	C1	10000	1000	0	0.5	300	1
224	0.00239727217454998	0.0213059997	0	0.79	0.1	0.00239727217454998	0.0213059997	ID	1000	A8	C1	10000	1000	0	0.5	300	1
225	0.0110807229182	-0.00876094275000006	0	0.234	0.666	0.0110807229182	-0.00876094275000006	1	10000	A8	C1	10000	1000	0	0.5	300	0
226	0.00999848257338997	-0.0137604398999999	0	0.287	0.513	0.00999848257338997	-0.0137604398999999	FGr	10000	A8	C1	10000	1000	0	0.5	300	0
227	0.008113644342	-0.02455514755	0	0.382	0.276	0.008113644342	-0.02455514755	NoCorrection	10000	A8	C1	10000	1000	0	0.5	300	0
228	0.0106880274909	-0.0123157654999999	0	0.253	0.537	0.0106880274909	-0.0123157654999999	ID	10000	A8	C1	10000	1000	0	0.5	300	0
229	0.00447893445750001	0.04066452695	0	0.661	0.066	0.00447893445750001	0.04066452695	1	10000	A8	C1	10000	1000	0	0.5	300	0.1
230	0.00573892867400001	0.04077541175	0	0.506	0.066	0.00573892867400001	0.04077541175	FGr	10000	A8	C1	10000	1000	0	0.5	300	0.1
231	0.06057198423375	0.33916944135	0	0	0	0.06057198423375	0.33916944135	NoCorrection	10000	A8	C1	10000	1000	0	0.5	300	0.1
232	0.0050376742175	0.04044512355	0	0.582	0.079	0.0050376742175	0.04044512355	ID	10000	A8	C1	10000	1000	0	0.5	300	0.1
233	-0.000624105035500046	-0.0180739332	0	0.938	0.391	-0.000624105035500046	-0.0180739332	1	10000	A8	C1	10000	1000	0	0.5	300	0.5
234	0.00826833129949999	0.02552065405	0	0.307	0.255	0.00826833129949999	0.02552065405	FGr	10000	A8	C1	10000	1000	0	0.5	300	0.5
235	0.19614917464	0.9028269634	0	0	0	0.19614917464	0.9028269634	NoCorrection	10000	A8	C1	10000	1000	0	0.5	300	0.5
236	-0.00126122249599992	-0.0269620435	0	0.896	0.216	-0.00126122249599992	-0.0269620435	ID	10000	A8	C1	10000	1000	0	0.5	300	0.5
237	-0.00192882153299997	0.00396202909999991	0	0.821	0.843	-0.00192882153299997	0.00396202909999991	1	10000	A8	C1	10000	1000	0	0.5	300	1
238	0.0201891808317	0.1171937119	0	0.033	0	0.0201891808317	0.1171937119	FGr	10000	A8	C1	10000	1000	0	0.5	300	1
239	0.3948901812975	1.9891336365	0	0	0	0.3948901812975	1.9891336365	NoCorrection	10000	A8	C1	10000	1000	0	0.5	300	1
240	-0.0011075219495	0.00888816880000003	0	0.89	0.682	-0.0011075219495	0.00888816880000003	ID	10000	A8	C1	10000	1000	0	0.5	300	1
241	0.00958903977665018	0.00958903977665019	0	0.205	0.206	0.00958903977665018	0.00958903977665019	1	300	A8	C1	10000	10000	0	0.5	300	0
242	0.0193302043755002	0.0193302043755002	0	0.013	0.008	0.0193302043755002	0.0193302043755002	FGr	300	A8	C1	10000	10000	0	0.5	300	0
243	0.01950056900175	0.0195005690017501	0	0.014	0.011	0.01950056900175	0.0195005690017501	NoCorrection	300	A8	C1	10000	10000	0	0.5	300	0
244	0.0170712392485001	0.0170712392485001	0	0.034	0.027	0.0170712392485001	0.0170712392485001	ID	300	A8	C1	10000	10000	0	0.5	300	0
245	0.00820136426184998	0.00820136426184998	0	0.395	0.377	0.00820136426184998	0.00820136426184998	1	300	A8	C1	10000	10000	0	0.5	300	0.1
246	0.041621122413455	0.041621122413455	0	0	0	0.041621122413455	0.041621122413455	FGr	300	A8	C1	10000	10000	0	0.5	300	0.1
247	0.0594200631166501	0.0594200631166501	0	0	0	0.0594200631166501	0.0594200631166501	NoCorrection	300	A8	C1	10000	10000	0	0.5	300	0.1
248	0.01523843638135	0.01523843638135	0	0.113	0.143	0.01523843638135	0.01523843638135	ID	300	A8	C1	10000	10000	0	0.5	300	0.1
249	0.00891315271927403	0.00891315271927404	0	0.244	0.254	0.00891315271927403	0.00891315271927404	1	300	A8	C1	10000	10000	0	0.5	300	0.5
250	0.111992824444735	0.111992824444735	0	0	0	0.111992824444735	0.111992824444735	FGr	300	A8	C1	10000	10000	0	0.5	300	0.5
251	0.206202440483445	0.206202440483445	0	0	0	0.206202440483445	0.206202440483445	NoCorrection	300	A8	C1	10000	10000	0	0.5	300	0.5
252	0.00466088663025003	0.00466088663025003	0	0.552	0.545	0.00466088663025003	0.00466088663025003	ID	300	A8	C1	10000	10000	0	0.5	300	0.5
253	0.0082420160317	0.0082420160317	0	0.375	0.397	0.0082420160317	0.0082420160317	1	300	A8	C1	10000	10000	0	0.5	300	1
254	0.23928326322105	0.23928326322105	0	0	0	0.23928326322105	0.23928326322105	FGr	300	A8	C1	10000	10000	0	0.5	300	1
255	0.421596368267	0.421596368267	0	0	0	0.421596368267	0.421596368267	NoCorrection	300	A8	C1	10000	10000	0	0.5	300	1
256	0.00379507197255	0.00379507197255001	0	0.641	0.674	0.00379507197255	0.00379507197255001	ID	300	A8	C1	10000	10000	0	0.5	300	1
257	0.00487386611515999	0.01548292273	0	0.542	0.198	0.00487386611515999	0.01548292273	1	1000	A8	C1	10000	10000	0	0.5	300	0
258	-0.001320455083105	-0.00156065451999991	0	0.862	0.89	-0.001320455083105	-0.00156065451999991	FGr	1000	A8	C1	10000	10000	0	0.5	300	0
259	0.00388108861434499	0.0123259600500005	0	0.631	0.299	0.00388108861434499	0.0123259600500005	NoCorrection	1000	A8	C1	10000	10000	0	0.5	300	0
260	0.001918579909835	0.00868541861000035	0	0.79	0.494	0.001918579909835	0.00868541861000035	ID	1000	A8	C1	10000	10000	0	0.5	300	0
261	0.00571914434096504	-0.00989724216499984	0	0.501	0.485	0.00571914434096504	-0.00989724216499984	1	1000	A8	C1	10000	10000	0	0.5	300	0.1
262	0.00941037436876999	0.00227299532499994	0	0.272	0.875	0.00941037436876999	0.00227299532499994	FGr	1000	A8	C1	10000	10000	0	0.5	300	0.1
263	0.0318970115624899	0.0652282544900001	0	0	0	0.0318970115624899	0.0652282544900001	NoCorrection	1000	A8	C1	10000	10000	0	0.5	300	0.1
264	0.00383835294577995	-0.0161779918449998	0	0.664	0.239	0.00383835294577995	-0.0161779918449998	ID	1000	A8	C1	10000	10000	0	0.5	300	0.1
265	-0.00107990283659501	0.00146840327499995	0	0.908	0.901	-0.00107990283659501	0.00146840327499995	1	1000	A8	C1	10000	10000	0	0.5	300	0.5
266	0.0467654547263001	0.14866518383	0	0	0	0.0467654547263001	0.14866518383	FGr	1000	A8	C1	10000	10000	0	0.5	300	0.5
267	0.14466633600915	0.4252652173	0	0	0	0.14466633600915	0.4252652173	NoCorrection	1000	A8	C1	10000	10000	0	0.5	300	0.5
268	0.00102747407371496	0.0109413971149999	0	0.916	0.421	0.00102747407371496	0.0109413971149999	ID	1000	A8	C1	10000	10000	0	0.5	300	0.5
269	-0.00556744217128997	-0.028166401095	0	0.447	0.028	-0.00556744217128997	-0.028166401095	1	1000	A8	C1	10000	10000	0	0.5	300	1
270	0.07887244745915	0.22523672994	0	0	0	0.07887244745915	0.22523672994	FGr	1000	A8	C1	10000	10000	0	0.5	300	1
271	0.268334024509071	0.76916132833	0	0	0	0.268334024509071	0.76916132833	NoCorrection	1000	A8	C1	10000	10000	0	0.5	300	1
272	-0.00856607168905008	-0.0280503650450001	0	0.228	0.035	-0.00856607168905008	-0.0280503650450001	ID	1000	A8	C1	10000	10000	0	0.5	300	1
273	0.00920433265623003	0.0309998377550007	0	0.284	0.152	0.00920433265623003	0.0309998377550007	1	10000	A8	C1	10000	10000	0	0.5	300	0
274	0.01055582270985	0.0423824405999994	0	0.222	0.057	0.01055582270985	0.0423824405999994	FGr	10000	A8	C1	10000	10000	0	0.5	300	0
275	0.00872148032051489	0.0302621946000003	0	0.274	0.148	0.00872148032051489	0.0302621946000003	NoCorrection	10000	A8	C1	10000	10000	0	0.5	300	0
276	0.00946540891754494	0.0319391476900001	0	0.266	0.139	0.00946540891754494	0.0319391476900001	ID	10000	A8	C1	10000	10000	0	0.5	300	0
277	-0.0161249660486602	0.00663088449500036	0	0.059	0.749	-0.0161249660486602	0.00663088449500036	1	10000	A8	C1	10000	10000	0	0.5	300	0.1
278	-0.0158731897479099	0.00922150654999999	0	0.064	0.673	-0.0158731897479099	0.00922150654999999	FGr	10000	A8	C1	10000	10000	0	0.5	300	0.1
279	0.0175312716894951	0.16252159951	0	0.035	0	0.0175312716894951	0.16252159951	NoCorrection	10000	A8	C1	10000	10000	0	0.5	300	0.1
280	-0.0170093236080748	-0.00431017679500041	0	0.042	0.814	-0.0170093236080748	-0.00431017679500041	ID	10000	A8	C1	10000	10000	0	0.5	300	0.1
281	0.01829084066625	0.00532140062999995	0	0.044	0.808	0.01829084066625	0.00532140062999995	1	10000	A8	C1	10000	10000	0	0.5	300	0.5
282	0.0291370196780368	0.0650686478850001	0	0	0.001	0.0291370196780368	0.0650686478850001	FGr	10000	A8	C1	10000	10000	0	0.5	300	0.5
283	0.197594756703855	0.935070039325	0	0	0	0.197594756703855	0.935070039325	NoCorrection	10000	A8	C1	10000	10000	0	0.5	300	0.5
284	0.0185742545788311	0.00578958344500016	0	0.032	0.777	0.0185742545788311	0.00578958344500016	ID	10000	A8	C1	10000	10000	0	0.5	300	0.5
285	-0.00430198677046006	-0.0567022752050002	0	0.602	0.007	-0.00430198677046006	-0.0567022752050002	1	10000	A8	C1	10000	10000	0	0.5	300	1
286	0.00993394415814009	0.0545038434800002	0	0.232	0.017	0.00993394415814009	0.0545038434800002	FGr	10000	A8	C1	10000	10000	0	0.5	300	1
287	0.36641801893245	1.8567393769	0	0	0	0.36641801893245	1.8567393769	NoCorrection	10000	A8	C1	10000	10000	0	0.5	300	1
288	-0.00510511481120006	-0.0509480633099993	0	0.538	0.016	-0.00510511481120006	-0.0509480633099993	ID	10000	A8	C1	10000	10000	0	0.5	300	1
289	-0.029561973855	-0.029561973855	0	0.372	0.351	-0.029561973855	-0.029561973855	1	300	A8	C2	1000	100	0	0.5	300	0
290	-0.0282028504885	-0.0282028504885	0	0.388	0.375	-0.0282028504885	-0.0282028504885	FGr	300	A8	C2	1000	100	0	0.5	300	0
291	-0.0282268367549999	-0.0282268367549999	0	0.404	0.375	-0.0282268367549999	-0.0282268367549999	NoCorrection	300	A8	C2	1000	100	0	0.5	300	0
292	-0.031766229065	-0.0317662290649999	0	0.347	0.327	-0.031766229065	-0.0317662290649999	ID	300	A8	C2	1000	100	0	0.5	300	0
293	0.01433962164	0.01433962164	0	0.728	0.729	0.01433962164	0.01433962164	1	300	A8	C2	1000	100	0	0.5	300	0.1
294	0.0138833300150001	0.013883330015	0	0.744	0.719	0.0138833300150001	0.013883330015	FGr	300	A8	C2	1000	100	0	0.5	300	0.1
295	0.01294585113	0.0129458511300001	0	0.733	0.756	0.01294585113	0.0129458511300001	NoCorrection	300	A8	C2	1000	100	0	0.5	300	0.1
296	0.0148330089100001	0.01483300891	0	0.701	0.717	0.0148330089100001	0.01483300891	ID	300	A8	C2	1000	100	0	0.5	300	0.1
297	-0.00439096297000001	-0.00439096296999997	0	0.878	0.885	-0.00439096297000001	-0.00439096296999997	1	300	A8	C2	1000	100	0	0.5	300	0.5
298	-0.0127474977150001	-0.0127474977149999	0	0.729	0.741	-0.0127474977150001	-0.0127474977149999	FGr	300	A8	C2	1000	100	0	0.5	300	0.5
299	-0.0131963908365001	-0.0131963908365001	0	0.723	0.717	-0.0131963908365001	-0.0131963908365001	NoCorrection	300	A8	C2	1000	100	0	0.5	300	0.5
300	0.00374514498000005	0.00374514498000001	0	0.91	0.896	0.00374514498000005	0.00374514498000001	ID	300	A8	C2	1000	100	0	0.5	300	0.5
301	0.00249783156000006	0.00249783156000011	0	0.942	0.959	0.00249783156000006	0.00249783156000011	1	300	A8	C2	1000	100	0	0.5	300	1
302	-0.013100349262	-0.013100349262	0	0.777	0.794	-0.013100349262	-0.013100349262	FGr	300	A8	C2	1000	100	0	0.5	300	1
303	-0.0137758231	-0.0137758231	0	0.74	0.775	-0.0137758231	-0.0137758231	NoCorrection	300	A8	C2	1000	100	0	0.5	300	1
304	0.01420087719	0.01420087719	0	0.642	0.657	0.01420087719	0.01420087719	ID	300	A8	C2	1000	100	0	0.5	300	1
305	-0.01312103798	-0.0763963120000001	0	0.605	0.093	-0.01312103798	-0.0763963120000001	1	1000	A8	C2	1000	100	0	0.5	300	0
306	-0.0133644320525	-0.0772777770000001	0	0.59	0.11	-0.0133644320525	-0.0772777770000001	FGr	1000	A8	C2	1000	100	0	0.5	300	0
307	-0.012140803241	-0.073461388	0	0.611	0.125	-0.012140803241	-0.073461388	NoCorrection	1000	A8	C2	1000	100	0	0.5	300	0
308	-0.01303986585	-0.073086277	0	0.592	0.126	-0.01303986585	-0.073086277	ID	1000	A8	C2	1000	100	0	0.5	300	0
309	-0.02153283323	-0.020303248	0	0.582	0.754	-0.02153283323	-0.020303248	1	1000	A8	C2	1000	100	0	0.5	300	0.1
310	-0.028110316365	-0.029878835	0	0.467	0.655	-0.028110316365	-0.029878835	FGr	1000	A8	C2	1000	100	0	0.5	300	0.1
311	-0.025817203445	-0.00925796400000001	0	0.508	0.879	-0.025817203445	-0.00925796400000001	NoCorrection	1000	A8	C2	1000	100	0	0.5	300	0.1
312	-0.021356168285	-0.015979722	0	0.563	0.785	-0.021356168285	-0.015979722	ID	1000	A8	C2	1000	100	0	0.5	300	0.1
313	-0.023454782505	0.0318434735	0	0.45	0.599	-0.023454782505	0.0318434735	1	1000	A8	C2	1000	100	0	0.5	300	0.5
314	-0.0416939699	-0.0255234855	0	0.253	0.681	-0.0416939699	-0.0255234855	FGr	1000	A8	C2	1000	100	0	0.5	300	0.5
315	-0.0422686072	-0.0247057305	0	0.247	0.716	-0.0422686072	-0.0247057305	NoCorrection	1000	A8	C2	1000	100	0	0.5	300	0.5
316	-0.018898652145	0.0581236699999999	0	0.515	0.302	-0.018898652145	0.0581236699999999	ID	1000	A8	C2	1000	100	0	0.5	300	0.5
317	-0.042958437645	0.059440157	0	0.276	0.394	-0.042958437645	0.059440157	1	1000	A8	C2	1000	100	0	0.5	300	1
318	-0.07957161485	0.0740451425	0	0.112	0.464	-0.07957161485	0.0740451425	FGr	1000	A8	C2	1000	100	0	0.5	300	1
319	-0.080735169575	0.0704278304999999	0	0.116	0.486	-0.080735169575	0.0704278304999999	NoCorrection	1000	A8	C2	1000	100	0	0.5	300	1
320	-0.03537761931	0.096419514	0	0.33	0.122	-0.03537761931	0.096419514	ID	1000	A8	C2	1000	100	0	0.5	300	1
321	0.04510147327	-0.0807890755000001	0	0.151	0.381	0.04510147327	-0.0807890755000001	1	10000	A8	C2	1000	100	0	0.5	300	0
322	0.044741129944	-0.0803903624999999	0	0.166	0.333	0.044741129944	-0.0803903624999999	FGr	10000	A8	C2	1000	100	0	0.5	300	0
323	0.04478478921	-0.0687553715	0	0.162	0.402	0.04478478921	-0.0687553715	NoCorrection	10000	A8	C2	1000	100	0	0.5	300	0
324	0.04524124461	-0.0759592205000001	0	0.147	0.396	0.04524124461	-0.0759592205000001	ID	10000	A8	C2	1000	100	0	0.5	300	0
325	-0.02738266879	0.00663257500000004	0	0.468	0.952	-0.02738266879	0.00663257500000004	1	10000	A8	C2	1000	100	0	0.5	300	0.1
326	-0.0241947686	0.00526931999999997	0	0.521	0.961	-0.0241947686	0.00526931999999997	FGr	10000	A8	C2	1000	100	0	0.5	300	0.1
327	-0.024194914915	0.00582359500000002	0	0.549	0.94	-0.024194914915	0.00582359500000002	NoCorrection	10000	A8	C2	1000	100	0	0.5	300	0.1
328	-0.02710281807	0.0234355800000001	0	0.49	0.795	-0.02710281807	0.0234355800000001	ID	10000	A8	C2	1000	100	0	0.5	300	0.1
329	-0.00314123141050002	0.088503129	0	0.943	0.319	-0.00314123141050002	0.088503129	1	10000	A8	C2	1000	100	0	0.5	300	0.5
330	0.00659922019500002	-0.12301825	0	0.871	0.294	0.00659922019500002	-0.12301825	FGr	10000	A8	C2	1000	100	0	0.5	300	0.5
331	0.00658292525000004	-0.128048255	0	0.868	0.236	0.00658292525000004	-0.128048255	NoCorrection	10000	A8	C2	1000	100	0	0.5	300	0.5
332	-0.00237748798	0.0722589585	0	0.954	0.433	-0.00237748798	0.0722589585	ID	10000	A8	C2	1000	100	0	0.5	300	0.5
333	-0.03229062579	-0.0782061359999999	0	0.339	0.324	-0.03229062579	-0.0782061359999999	1	10000	A8	C2	1000	100	0	0.5	300	1
334	-0.01500416035	0.0287831649999996	0	0.802	0.819	-0.01500416035	0.0287831649999996	FGr	10000	A8	C2	1000	100	0	0.5	300	1
335	-0.01498353935	-0.00048418499999995	0	0.816	0.997	-0.01498353935	-0.00048418499999995	NoCorrection	10000	A8	C2	1000	100	0	0.5	300	1
336	-0.030511717225	-0.0473288675	0	0.357	0.573	-0.030511717225	-0.0473288675	ID	10000	A8	C2	1000	100	0	0.5	300	1
337	0.012400231405	0.012400231405	0	0.542	0.567	0.012400231405	0.012400231405	1	300	A8	C2	1000	1000	0	0.5	300	0
338	0.0149526506735	0.0149526506735	0	0.491	0.51	0.0149526506735	0.0149526506735	FGr	300	A8	C2	1000	1000	0	0.5	300	0
339	0.0149886743135	0.0149886743134999	0	0.495	0.469	0.0149886743135	0.0149886743134999	NoCorrection	300	A8	C2	1000	1000	0	0.5	300	0
340	0.0151798313469999	0.0151798313469999	0	0.467	0.457	0.0151798313469999	0.0151798313469999	ID	300	A8	C2	1000	1000	0	0.5	300	0
341	0.000486693019000013	0.00048669301900001	0	0.977	0.973	0.000486693019000013	0.00048669301900001	1	300	A8	C2	1000	1000	0	0.5	300	0.1
342	-0.000218712543500024	-0.000218712543500002	0	0.996	0.991	-0.000218712543500024	-0.000218712543500002	FGr	300	A8	C2	1000	1000	0	0.5	300	0.1
343	-0.000353733030499974	-0.000353733030499983	0	0.977	0.975	-0.000353733030499974	-0.000353733030499983	NoCorrection	300	A8	C2	1000	1000	0	0.5	300	0.1
344	-0.0004991543045	-0.00049915430450001	0	0.976	0.983	-0.0004991543045	-0.00049915430450001	ID	300	A8	C2	1000	1000	0	0.5	300	0.1
345	-0.00215041567850002	-0.00215041567849998	0	0.893	0.923	-0.00215041567850002	-0.00215041567849998	1	300	A8	C2	1000	1000	0	0.5	300	0.5
346	0.00341798632000001	0.00341798632000001	0	0.862	0.883	0.00341798632000001	0.00341798632000001	FGr	300	A8	C2	1000	1000	0	0.5	300	0.5
347	0.00349088928499994	0.00349088928499997	0	0.877	0.846	0.00349088928499994	0.00349088928499997	NoCorrection	300	A8	C2	1000	1000	0	0.5	300	0.5
348	0.00376768352685	0.00376768352685001	0	0.853	0.845	0.00376768352685	0.00376768352685001	ID	300	A8	C2	1000	1000	0	0.5	300	0.5
349	-0.0266430750755001	-0.0266430750755002	0	0.263	0.268	-0.0266430750755001	-0.0266430750755002	1	300	A8	C2	1000	1000	0	0.5	300	1
350	-0.013635318321	-0.013635318321	0	0.661	0.673	-0.013635318321	-0.013635318321	FGr	300	A8	C2	1000	1000	0	0.5	300	1
351	-0.0139564824630002	-0.0139564824630002	0	0.653	0.64	-0.0139564824630002	-0.0139564824630002	NoCorrection	300	A8	C2	1000	1000	0	0.5	300	1
352	-0.01315559178	-0.01315559178	0	0.559	0.512	-0.01315559178	-0.01315559178	ID	300	A8	C2	1000	1000	0	0.5	300	1
353	0.00909509101050008	0.0419946045000001	0	0.676	0.231	0.00909509101050008	0.0419946045000001	1	1000	A8	C2	1000	1000	0	0.5	300	0
354	0.00910146705200006	0.0357997932999998	0	0.682	0.294	0.00910146705200006	0.0357997932999998	FGr	1000	A8	C2	1000	1000	0	0.5	300	0
355	0.00879513747799998	0.04123936055	0	0.679	0.245	0.00879513747799998	0.04123936055	NoCorrection	1000	A8	C2	1000	1000	0	0.5	300	0
356	0.00812460697500014	0.0465280867500002	0	0.731	0.187	0.00812460697500014	0.0465280867500002	ID	1000	A8	C2	1000	1000	0	0.5	300	0
357	-0.005873622358	-0.00666090100000002	0	0.771	0.826	-0.005873622358	-0.00666090100000002	1	1000	A8	C2	1000	1000	0	0.5	300	0.1
358	-0.00842193839015004	-0.00386985924999998	0	0.639	0.907	-0.00842193839015004	-0.00386985924999998	FGr	1000	A8	C2	1000	1000	0	0.5	300	0.1
359	-0.00829729132250004	-0.00643081375000003	0	0.684	0.844	-0.00829729132250004	-0.00643081375000003	NoCorrection	1000	A8	C2	1000	1000	0	0.5	300	0.1
360	-0.00792086961499986	-0.00859491855000004	0	0.675	0.793	-0.00792086961499986	-0.00859491855000004	ID	1000	A8	C2	1000	1000	0	0.5	300	0.1
361	-0.0399028399454998	-0.0442572714	0	0.058	0.189	-0.0399028399454998	-0.0442572714	1	1000	A8	C2	1000	1000	0	0.5	300	0.5
362	-0.0587853668429999	-0.03933384235	0	0.017	0.265	-0.0587853668429999	-0.03933384235	FGr	1000	A8	C2	1000	1000	0	0.5	300	0.5
363	-0.0589376496490002	-0.0455418874	0	0.016	0.198	-0.0589376496490002	-0.0455418874	NoCorrection	1000	A8	C2	1000	1000	0	0.5	300	0.5
364	-0.0440846151784999	-0.05466164735	0	0.032	0.115	-0.0440846151784999	-0.05466164735	ID	1000	A8	C2	1000	1000	0	0.5	300	0.5
365	0.0328167039118999	0.0354677005	0	0.142	0.283	0.0328167039118999	0.0354677005	1	1000	A8	C2	1000	1000	0	0.5	300	1
366	-0.00816743034170002	0.0644737843000001	0	0.774	0.172	-0.00816743034170002	0.0644737843000001	FGr	1000	A8	C2	1000	1000	0	0.5	300	1
367	-0.00815402270619989	0.0644591970500003	0	0.766	0.172	-0.00815402270619989	0.0644591970500003	NoCorrection	1000	A8	C2	1000	1000	0	0.5	300	1
368	0.0241380276559999	0.00652012015000018	0	0.277	0.857	0.0241380276559999	0.00652012015000018	ID	1000	A8	C2	1000	1000	0	0.5	300	1
369	-0.00443156039400016	-0.11446375925	0	0.856	0.025	-0.00443156039400016	-0.11446375925	1	10000	A8	C2	1000	1000	0	0.5	300	0
370	-0.00436544161400009	-0.11263902125	0	0.84	0.031	-0.00436544161400009	-0.11263902125	FGr	10000	A8	C2	1000	1000	0	0.5	300	0
371	-0.00459926149799986	-0.115480546	0	0.849	0.036	-0.00459926149799986	-0.115480546	NoCorrection	10000	A8	C2	1000	1000	0	0.5	300	0
372	-0.00439375983499984	-0.114444526	0	0.838	0.029	-0.00439375983499984	-0.114444526	ID	10000	A8	C2	1000	1000	0	0.5	300	0
373	-0.0251668276374	-0.0529940934	0	0.222	0.302	-0.0251668276374	-0.0529940934	1	10000	A8	C2	1000	1000	0	0.5	300	0.1
374	-0.0268786070150001	-0.0380355824999998	0	0.238	0.472	-0.0268786070150001	-0.0380355824999998	FGr	10000	A8	C2	1000	1000	0	0.5	300	0.1
375	-0.0271305086460002	-0.0425584170999999	0	0.198	0.426	-0.0271305086460002	-0.0425584170999999	NoCorrection	10000	A8	C2	1000	1000	0	0.5	300	0.1
376	-0.0250819379615	-0.0577131484000001	0	0.234	0.289	-0.0250819379615	-0.0577131484000001	ID	10000	A8	C2	1000	1000	0	0.5	300	0.1
377	-0.0128186108389499	0.0439155401500003	0	0.57	0.406	-0.0128186108389499	0.0439155401500003	1	10000	A8	C2	1000	1000	0	0.5	300	0.5
378	-0.0208107957206	0.00692442099999929	0	0.39	0.911	-0.0208107957206	0.00692442099999929	FGr	10000	A8	C2	1000	1000	0	0.5	300	0.5
379	-0.0207452107935	0.00709647349999967	0	0.379	0.905	-0.0207452107935	0.00709647349999967	NoCorrection	10000	A8	C2	1000	1000	0	0.5	300	0.5
380	-0.012548721781	0.0242704033999996	0	0.587	0.627	-0.012548721781	0.0242704033999996	ID	10000	A8	C2	1000	1000	0	0.5	300	0.5
381	-0.0411576124555	-0.0338189405	0	0.086	0.509	-0.0411576124555	-0.0338189405	1	10000	A8	C2	1000	1000	0	0.5	300	1
382	-0.0593688355549999	-0.00469397050000006	0	0.093	0.959	-0.0593688355549999	-0.00469397050000006	FGr	10000	A8	C2	1000	1000	0	0.5	300	1
383	-0.059139323496	0.0229558669999998	0	0.084	0.781	-0.059139323496	0.0229558669999998	NoCorrection	10000	A8	C2	1000	1000	0	0.5	300	1
384	-0.0403139364622	-0.0151032098000001	0	0.086	0.778	-0.0403139364622	-0.0151032098000001	ID	10000	A8	C2	1000	1000	0	0.5	300	1
385	-0.01168527478314	-0.01168527478314	0	0.493	0.529	-0.01168527478314	-0.01168527478314	1	300	A8	C2	1000	10000	0	0.5	300	0
386	-0.01031723308895	-0.01031723308895	0	0.56	0.58	-0.01031723308895	-0.01031723308895	FGr	300	A8	C2	1000	10000	0	0.5	300	0
387	-0.0102453386983	-0.0102453386983	0	0.581	0.546	-0.0102453386983	-0.0102453386983	NoCorrection	300	A8	C2	1000	10000	0	0.5	300	0
388	-0.0121832185353801	-0.0121832185353801	0	0.458	0.476	-0.0121832185353801	-0.0121832185353801	ID	300	A8	C2	1000	10000	0	0.5	300	0
389	0.00323250568275053	0.00323250568275059	0	0.877	0.88	0.00323250568275053	0.00323250568275059	1	300	A8	C2	1000	10000	0	0.5	300	0.1
390	0.00361471648064926	0.00361471648064934	0	0.885	0.866	0.00361471648064926	0.00361471648064934	FGr	300	A8	C2	1000	10000	0	0.5	300	0.1
391	0.00337665284850014	0.0033766528485002	0	0.882	0.864	0.00337665284850014	0.0033766528485002	NoCorrection	300	A8	C2	1000	10000	0	0.5	300	0.1
392	0.00273214546170014	0.00273214546170012	0	0.898	0.91	0.00273214546170014	0.00273214546170012	ID	300	A8	C2	1000	10000	0	0.5	300	0.1
393	-0.0173456165279499	-0.0173456165279499	0	0.397	0.361	-0.0173456165279499	-0.0173456165279499	1	300	A8	C2	1000	10000	0	0.5	300	0.5
394	-0.0121090503759069	-0.0121090503759069	0	0.611	0.57	-0.0121090503759069	-0.0121090503759069	FGr	300	A8	C2	1000	10000	0	0.5	300	0.5
395	-0.0121694833905499	-0.0121694833905499	0	0.578	0.58	-0.0121694833905499	-0.0121694833905499	NoCorrection	300	A8	C2	1000	10000	0	0.5	300	0.5
396	-0.01869004282518	-0.01869004282518	0	0.303	0.288	-0.01869004282518	-0.01869004282518	ID	300	A8	C2	1000	10000	0	0.5	300	0.5
397	0.0165997600260004	0.0165997600260004	0	0.407	0.378	0.0165997600260004	0.0165997600260004	1	300	A8	C2	1000	10000	0	0.5	300	1
398	0.0264857972804015	0.0264857972804016	0	0.35	0.369	0.0264857972804015	0.0264857972804016	FGr	300	A8	C2	1000	10000	0	0.5	300	1
399	0.0264564436528504	0.0264564436528505	0	0.37	0.356	0.0264564436528504	0.0264564436528505	NoCorrection	300	A8	C2	1000	10000	0	0.5	300	1
400	0.0154665621240996	0.0154665621240996	0	0.401	0.365	0.0154665621240996	0.0154665621240996	ID	300	A8	C2	1000	10000	0	0.5	300	1
401	0.0167115915272001	-0.00886247761999987	0	0.377	0.794	0.0167115915272001	-0.00886247761999987	1	1000	A8	C2	1000	10000	0	0.5	300	0
402	0.0161561272643001	-0.00915295962500007	0	0.373	0.771	0.0161561272643001	-0.00915295962500007	FGr	1000	A8	C2	1000	10000	0	0.5	300	0
403	0.0172900329306	-0.010103732025	0	0.377	0.77	0.0172900329306	-0.010103732025	NoCorrection	1000	A8	C2	1000	10000	0	0.5	300	0
404	0.01700065452757	-0.01342105359	0	0.37	0.679	0.01700065452757	-0.01342105359	ID	1000	A8	C2	1000	10000	0	0.5	300	0
405	-0.025996938632	0.00167130091000007	0	0.193	0.952	-0.025996938632	0.00167130091000007	1	1000	A8	C2	1000	10000	0	0.5	300	0.1
406	-0.0259748323491999	0.00276420350999987	0	0.173	0.937	-0.0259748323491999	0.00276420350999987	FGr	1000	A8	C2	1000	10000	0	0.5	300	0.1
407	-0.0251476519955	-0.00432366651999905	0	0.196	0.892	-0.0251476519955	-0.00432366651999905	NoCorrection	1000	A8	C2	1000	10000	0	0.5	300	0.1
408	-0.02568756785439	2.65489450000853e-05	0	0.195	1	-0.02568756785439	2.65489450000853e-05	ID	1000	A8	C2	1000	10000	0	0.5	300	0.1
409	0.01200374799888	0.0292396421599997	0	0.581	0.371	0.01200374799888	0.0292396421599997	1	1000	A8	C2	1000	10000	0	0.5	300	0.5
410	0.0157056487981896	0.0391892736950003	0	0.5	0.248	0.0157056487981896	0.0391892736950003	FGr	1000	A8	C2	1000	10000	0	0.5	300	0.5
411	0.0142402015594496	0.0377806112300001	0	0.554	0.285	0.0142402015594496	0.0377806112300001	NoCorrection	1000	A8	C2	1000	10000	0	0.5	300	0.5
412	0.0118616144350001	0.015371087725	0	0.594	0.603	0.0118616144350001	0.015371087725	ID	1000	A8	C2	1000	10000	0	0.5	300	0.5
413	-0.0216437563947999	0.00532287334000033	0	0.259	0.875	-0.0216437563947999	0.00532287334000033	1	1000	A8	C2	1000	10000	0	0.5	300	1
414	-0.0159401483810991	0.119935052384999	0	0.552	0.008	-0.0159401483810991	0.119935052384999	FGr	1000	A8	C2	1000	10000	0	0.5	300	1
415	-0.0170410579640002	0.119491406345001	0	0.54	0.017	-0.0170410579640002	0.119491406345001	NoCorrection	1000	A8	C2	1000	10000	0	0.5	300	1
416	-0.0215639343299053	-0.00898179748499966	0	0.275	0.806	-0.0215639343299053	-0.00898179748499966	ID	1000	A8	C2	1000	10000	0	0.5	300	1
417	0.00254250658400992	0.0142327328449991	0	0.878	0.761	0.00254250658400992	0.0142327328449991	1	10000	A8	C2	1000	10000	0	0.5	300	0
418	0.00248799422179998	0.0299507305649998	0	0.88	0.566	0.00248799422179998	0.0299507305649998	FGr	10000	A8	C2	1000	10000	0	0.5	300	0
419	0.00253932014055005	0.0319863729650009	0	0.904	0.499	0.00253932014055005	0.0319863729650009	NoCorrection	10000	A8	C2	1000	10000	0	0.5	300	0
420	0.00240393755309984	0.0101075624849997	0	0.912	0.82	0.00240393755309984	0.0101075624849997	ID	10000	A8	C2	1000	10000	0	0.5	300	0
421	0.00204262483019988	-0.0225283825500002	0	0.929	0.671	0.00204262483019988	-0.0225283825500002	1	10000	A8	C2	1000	10000	0	0.5	300	0.1
422	0.00241751865105011	0.0202201113999994	0	0.911	0.659	0.00241751865105011	0.0202201113999994	FGr	10000	A8	C2	1000	10000	0	0.5	300	0.1
423	0.0022928042056002	0.0301441805000013	0	0.911	0.574	0.0022928042056002	0.0301441805000013	NoCorrection	10000	A8	C2	1000	10000	0	0.5	300	0.1
424	0.00248381464839845	-0.0295785627999993	0	0.904	0.584	0.00248381464839845	-0.0295785627999993	ID	10000	A8	C2	1000	10000	0	0.5	300	0.1
425	0.01005142111295	0.05153218191	0	0.595	0.313	0.01005142111295	0.05153218191	1	10000	A8	C2	1000	10000	0	0.5	300	0.5
426	0.0104663691197003	0.10806268235	0	0.649	0.05	0.0104663691197003	0.10806268235	FGr	10000	A8	C2	1000	10000	0	0.5	300	0.5
427	0.0103311290972503	0.100964221500002	0	0.654	0.059	0.0103311290972503	0.100964221500002	NoCorrection	10000	A8	C2	1000	10000	0	0.5	300	0.5
428	0.0110043941847997	0.067168841015	0	0.575	0.177	0.0110043941847997	0.067168841015	ID	10000	A8	C2	1000	10000	0	0.5	300	0.5
429	-0.0518282141179498	0.0106539390499995	0	0.016	0.818	-0.0518282141179498	0.0106539390499995	1	10000	A8	C2	1000	10000	0	0.5	300	1
430	-0.0513621488869349	0.04474902215	0	0.119	0.544	-0.0513621488869349	0.04474902215	FGr	10000	A8	C2	1000	10000	0	0.5	300	1
431	-0.0511749784036499	0.0642642704	0	0.101	0.371	-0.0511749784036499	0.0642642704	NoCorrection	10000	A8	C2	1000	10000	0	0.5	300	1
432	-0.0494677391663009	-0.0100564117000004	0	0.011	0.846	-0.0494677391663009	-0.0100564117000004	ID	10000	A8	C2	1000	10000	0	0.5	300	1
433	0.0186250856455	0.0186250856455	0	0.125	0.118	0.0186250856455	0.0186250856455	1	300	A8	C2	10000	100	0	0.5	300	0
434	0.0189904407475	0.0189904407475	0	0.115	0.099	0.0189904407475	0.0189904407475	FGr	300	A8	C2	10000	100	0	0.5	300	0
435	0.018984274313	0.018984274313	0	0.12	0.102	0.018984274313	0.018984274313	NoCorrection	300	A8	C2	10000	100	0	0.5	300	0
436	0.01891306907075	0.01891306907075	0	0.119	0.11	0.01891306907075	0.01891306907075	ID	300	A8	C2	10000	100	0	0.5	300	0
437	0.016170155885	0.016170155885	0	0.193	0.183	0.016170155885	0.016170155885	1	300	A8	C2	10000	100	0	0.5	300	0.1
438	0.010029104105	0.010029104105	0	0.461	0.42	0.010029104105	0.010029104105	FGr	300	A8	C2	10000	100	0	0.5	300	0.1
439	0.010027783125	0.010027783125	0	0.439	0.424	0.010027783125	0.010027783125	NoCorrection	300	A8	C2	10000	100	0	0.5	300	0.1
440	0.016716268499	0.016716268499	0	0.169	0.153	0.016716268499	0.016716268499	ID	300	A8	C2	10000	100	0	0.5	300	0.1
441	-0.00875843519450002	-0.00875843519450001	0	0.441	0.438	-0.00875843519450002	-0.00875843519450001	1	300	A8	C2	10000	100	0	0.5	300	0.5
442	-0.03250906515	-0.03250906515	0	0.128	0.134	-0.03250906515	-0.03250906515	FGr	300	A8	C2	10000	100	0	0.5	300	0.5
443	-0.03262232875	-0.03262232875	0	0.109	0.127	-0.03262232875	-0.03262232875	NoCorrection	300	A8	C2	10000	100	0	0.5	300	0.5
444	-0.00625487295999998	-0.00625487295999999	0	0.587	0.573	-0.00625487295999998	-0.00625487295999999	ID	300	A8	C2	10000	100	0	0.5	300	0.5
445	-0.00846609952	-0.00846609952	0	0.548	0.547	-0.00846609952	-0.00846609952	1	300	A8	C2	10000	100	0	0.5	300	1
446	-0.05967651583	-0.05967651583	0	0.139	0.152	-0.05967651583	-0.05967651583	FGr	300	A8	C2	10000	100	0	0.5	300	1
447	-0.05991794525	-0.05991794525	0	0.135	0.158	-0.05991794525	-0.05991794525	NoCorrection	300	A8	C2	10000	100	0	0.5	300	1
448	-0.00679312962400001	-0.006793129624	0	0.618	0.604	-0.00679312962400001	-0.006793129624	ID	300	A8	C2	10000	100	0	0.5	300	1
449	-0.0160192117055	-0.00484176399999999	0	0.103	0.764	-0.0160192117055	-0.00484176399999999	1	1000	A8	C2	10000	100	0	0.5	300	0
450	-0.015368681961	-0.000500913999999977	0	0.114	0.968	-0.015368681961	-0.000500913999999977	FGr	1000	A8	C2	10000	100	0	0.5	300	0
451	-0.015615830714	-0.00251331450000001	0	0.115	0.871	-0.015615830714	-0.00251331450000001	NoCorrection	1000	A8	C2	10000	100	0	0.5	300	0
452	-0.0154796449454	-0.000466837499999986	0	0.128	0.963	-0.0154796449454	-0.000466837499999986	ID	1000	A8	C2	10000	100	0	0.5	300	0
453	-0.000574522577399996	-0.037407909	0	0.971	0.024	-0.000574522577399996	-0.037407909	1	1000	A8	C2	10000	100	0	0.5	300	0.1
454	-0.00547034585999999	-0.0468432815	0	0.652	0.01	-0.00547034585999999	-0.0468432815	FGr	1000	A8	C2	10000	100	0	0.5	300	0.1
455	-0.005407166615	-0.0474036075	0	0.649	0.004	-0.005407166615	-0.0474036075	NoCorrection	1000	A8	C2	10000	100	0	0.5	300	0.1
456	-0.001088643244	-0.03834256	0	0.915	0.028	-0.001088643244	-0.03834256	ID	1000	A8	C2	10000	100	0	0.5	300	0.1
457	-0.0035995315965	0.0113949595	0	0.731	0.544	-0.0035995315965	0.0113949595	1	1000	A8	C2	10000	100	0	0.5	300	0.5
458	-0.0261816705055	-0.0404178495	0	0.193	0.231	-0.0261816705055	-0.0404178495	FGr	1000	A8	C2	10000	100	0	0.5	300	0.5
459	-0.02679877096	-0.0436512475	0	0.177	0.159	-0.02679877096	-0.0436512475	NoCorrection	1000	A8	C2	10000	100	0	0.5	300	0.5
460	-0.0047961101863	0.005753778	0	0.658	0.745	-0.0047961101863	0.005753778	ID	1000	A8	C2	10000	100	0	0.5	300	0.5
461	0.005628300319	-0.0303753465	0	0.659	0.104	0.005628300319	-0.0303753465	1	1000	A8	C2	10000	100	0	0.5	300	1
462	-0.03945245612	-0.12492896	0	0.33	0.052	-0.03945245612	-0.12492896	FGr	1000	A8	C2	10000	100	0	0.5	300	1
463	-0.0401837262500001	-0.134654357	0	0.31	0.031	-0.0401837262500001	-0.134654357	NoCorrection	1000	A8	C2	10000	100	0	0.5	300	1
464	0.0029129417495	-0.0318610675	0	0.807	0.079	0.0029129417495	-0.0318610675	ID	1000	A8	C2	10000	100	0	0.5	300	1
465	-0.00179733716500001	0.00166495749999999	0	0.855	0.955	-0.00179733716500001	0.00166495749999999	1	10000	A8	C2	10000	100	0	0.5	300	0
466	-0.00197231450500001	0.00576441600000003	0	0.852	0.838	-0.00197231450500001	0.00576441600000003	FGr	10000	A8	C2	10000	100	0	0.5	300	0
467	-0.00197897418000001	0.00577550199999999	0	0.852	0.834	-0.00197897418000001	0.00577550199999999	NoCorrection	10000	A8	C2	10000	100	0	0.5	300	0
468	-0.0018323956565	0.00188926400000001	0	0.86	0.945	-0.0018323956565	0.00188926400000001	ID	10000	A8	C2	10000	100	0	0.5	300	0
469	-0.02240029479	-0.0213960499999999	0	0.044	0.433	-0.02240029479	-0.0213960499999999	1	10000	A8	C2	10000	100	0	0.5	300	0.1
470	-0.021500788	0.00461270350000001	0	0.05	0.873	-0.021500788	0.00461270350000001	FGr	10000	A8	C2	10000	100	0	0.5	300	0.1
471	-0.021582324655	0.00400940949999999	0	0.065	0.904	-0.021582324655	0.00400940949999999	NoCorrection	10000	A8	C2	10000	100	0	0.5	300	0.1
472	-0.022302922198	-0.0257741315	0	0.039	0.331	-0.022302922198	-0.0257741315	ID	10000	A8	C2	10000	100	0	0.5	300	0.1
473	-0.01445428718615	0.00581409149999997	0	0.25	0.825	-0.01445428718615	0.00581409149999997	1	10000	A8	C2	10000	100	0	0.5	300	0.5
474	-0.00968188438	-0.073200761	0	0.671	0.191	-0.00968188438	-0.073200761	FGr	10000	A8	C2	10000	100	0	0.5	300	0.5
475	-0.00974431313350003	-0.071381241	0	0.653	0.208	-0.00974431313350003	-0.071381241	NoCorrection	10000	A8	C2	10000	100	0	0.5	300	0.5
476	-0.014045953495	-0.00696470100000007	0	0.239	0.808	-0.014045953495	-0.00696470100000007	ID	10000	A8	C2	10000	100	0	0.5	300	0.5
477	0.018878381092	0.0042580045	0	0.11	0.883	0.018878381092	0.0042580045	1	10000	A8	C2	10000	100	0	0.5	300	1
478	0.02739262753	0.0590479649999999	0	0.441	0.546	0.02739262753	0.0590479649999999	FGr	10000	A8	C2	10000	100	0	0.5	300	1
479	0.027344431285	0.0547983000000002	0	0.444	0.518	0.027344431285	0.0547983000000002	NoCorrection	10000	A8	C2	10000	100	0	0.5	300	1
480	0.019650195984	0.008683856	0	0.101	0.764	0.019650195984	0.008683856	ID	10000	A8	C2	10000	100	0	0.5	300	1
481	0.00166256120600001	0.001662561206	0	0.783	0.769	0.00166256120600001	0.001662561206	1	300	A8	C2	10000	1000	0	0.5	300	0
482	0.0019441335878	0.0019441335878	0	0.742	0.719	0.0019441335878	0.0019441335878	FGr	300	A8	C2	10000	1000	0	0.5	300	0
483	0.00193016396969999	0.00193016396969999	0	0.72	0.74	0.00193016396969999	0.00193016396969999	NoCorrection	300	A8	C2	10000	1000	0	0.5	300	0
484	0.001522831128	0.001522831128	0	0.795	0.789	0.001522831128	0.001522831128	ID	300	A8	C2	10000	1000	0	0.5	300	0
485	0.002481781134	0.002481781134	0	0.671	0.657	0.002481781134	0.002481781134	1	300	A8	C2	10000	1000	0	0.5	300	0.1
486	0.00486162520515	0.00486162520515	0	0.473	0.488	0.00486162520515	0.00486162520515	FGr	300	A8	C2	10000	1000	0	0.5	300	0.1
487	0.00498393458794999	0.00498393458794999	0	0.483	0.483	0.00498393458794999	0.00498393458794999	NoCorrection	300	A8	C2	10000	1000	0	0.5	300	0.1
488	0.00283303715275	0.00283303715275	0	0.622	0.612	0.00283303715275	0.00283303715275	ID	300	A8	C2	10000	1000	0	0.5	300	0.1
489	0.00545643364360001	0.00545643364360001	0	0.42	0.451	0.00545643364360001	0.00545643364360001	1	300	A8	C2	10000	1000	0	0.5	300	0.5
490	0.0124637151205	0.0124637151205	0	0.307	0.291	0.0124637151205	0.0124637151205	FGr	300	A8	C2	10000	1000	0	0.5	300	0.5
491	0.0126762247629999	0.0126762247629999	0	0.324	0.302	0.0126762247629999	0.0126762247629999	NoCorrection	300	A8	C2	10000	1000	0	0.5	300	0.5
492	0.00616481587034998	0.00616481587034999	0	0.369	0.384	0.00616481587034998	0.00616481587034999	ID	300	A8	C2	10000	1000	0	0.5	300	0.5
493	-0.00503647652550009	-0.00503647652550009	0	0.323	0.357	-0.00503647652550009	-0.00503647652550009	1	300	A8	C2	10000	1000	0	0.5	300	1
494	0.00964559740500004	0.00964559740499998	0	0.643	0.655	0.00964559740500004	0.00964559740499998	FGr	300	A8	C2	10000	1000	0	0.5	300	1
495	0.00986906327500023	0.00986906327500021	0	0.659	0.626	0.00986906327500023	0.00986906327500021	NoCorrection	300	A8	C2	10000	1000	0	0.5	300	1
496	-0.0035517262965	-0.00355172629649998	0	0.488	0.494	-0.0035517262965	-0.00355172629649998	ID	300	A8	C2	10000	1000	0	0.5	300	1
497	-0.00669412502799998	-0.01236449145	0	0.332	0.234	-0.00669412502799998	-0.01236449145	1	1000	A8	C2	10000	1000	0	0.5	300	0
498	-0.00659151859769999	-0.01177894045	0	0.331	0.226	-0.00659151859769999	-0.01177894045	FGr	1000	A8	C2	10000	1000	0	0.5	300	0
499	-0.00661671070500003	-0.01208256565	0	0.303	0.228	-0.00661671070500003	-0.01208256565	NoCorrection	1000	A8	C2	10000	1000	0	0.5	300	0
500	-0.00665650977715003	-0.0123210479	0	0.308	0.197	-0.00665650977715003	-0.0123210479	ID	1000	A8	C2	10000	1000	0	0.5	300	0
501	0.00426297044229999	-0.00110978925	0	0.515	0.93	0.00426297044229999	-0.00110978925	1	1000	A8	C2	10000	1000	0	0.5	300	0.1
502	0.0031007958825	-0.0051806595499999	0	0.637	0.651	0.0031007958825	-0.0051806595499999	FGr	1000	A8	C2	10000	1000	0	0.5	300	0.1
503	0.00310747170850001	-0.00564404010000002	0	0.63	0.587	0.00310747170850001	-0.00564404010000002	NoCorrection	1000	A8	C2	10000	1000	0	0.5	300	0.1
504	0.00420274098850001	-0.000169683450000024	0	0.538	0.993	0.00420274098850001	-0.000169683450000024	ID	1000	A8	C2	10000	1000	0	0.5	300	0.1
505	-0.0038981692136	-0.00455589935	0	0.5	0.639	-0.0038981692136	-0.00455589935	1	1000	A8	C2	10000	1000	0	0.5	300	0.5
506	-0.00961193132040003	0.00212942029999996	0	0.498	0.923	-0.00961193132040003	0.00212942029999996	FGr	1000	A8	C2	10000	1000	0	0.5	300	0.5
507	-0.0096226444402	0.00286980560000001	0	0.44	0.89	-0.0096226444402	0.00286980560000001	NoCorrection	1000	A8	C2	10000	1000	0	0.5	300	0.5
508	-0.004599664527	-0.00785017729999998	0	0.453	0.421	-0.004599664527	-0.00785017729999998	ID	1000	A8	C2	10000	1000	0	0.5	300	0.5
509	0.00333646406529999	0.0101938559	0	0.599	0.335	0.00333646406529999	0.0101938559	1	1000	A8	C2	10000	1000	0	0.5	300	1
510	-0.00836534608500004	0.01935444555	0	0.73	0.608	-0.00836534608500004	0.01935444555	FGr	1000	A8	C2	10000	1000	0	0.5	300	1
511	-0.00838702522599992	0.01888766375	0	0.762	0.598	-0.00838702522599992	0.01888766375	NoCorrection	1000	A8	C2	10000	1000	0	0.5	300	1
512	0.00225697315	0.0160772683	0	0.729	0.125	0.00225697315	0.0160772683	ID	1000	A8	C2	10000	1000	0	0.5	300	1
513	0.0158703014625	0.00354667300000002	0	0.012	0.83	0.0158703014625	0.00354667300000002	1	10000	A8	C2	10000	1000	0	0.5	300	0
514	0.0158731936572	0.00644326444999995	0	0.005	0.697	0.0158731936572	0.00644326444999995	FGr	10000	A8	C2	10000	1000	0	0.5	300	0
515	0.0158628968647	0.00643454725000003	0	0.007	0.682	0.0158628968647	0.00643454725000003	NoCorrection	10000	A8	C2	10000	1000	0	0.5	300	0
516	0.015804705137	0.00147375624999996	0	0.007	0.918	0.015804705137	0.00147375624999996	ID	10000	A8	C2	10000	1000	0	0.5	300	0
517	-0.00192127074424997	-0.0195495724	0	0.757	0.217	-0.00192127074424997	-0.0195495724	1	10000	A8	C2	10000	1000	0	0.5	300	0.1
518	-0.00343542947790001	-0.01356451365	0	0.621	0.428	-0.00343542947790001	-0.01356451365	FGr	10000	A8	C2	10000	1000	0	0.5	300	0.1
519	-0.00349983884960002	-0.0102008348	0	0.614	0.554	-0.00349983884960002	-0.0102008348	NoCorrection	10000	A8	C2	10000	1000	0	0.5	300	0.1
520	-0.00210020657799995	-0.0189692429	0	0.752	0.272	-0.00210020657799995	-0.0189692429	ID	10000	A8	C2	10000	1000	0	0.5	300	0.1
521	-0.00605450805749999	-0.013125444	0	0.383	0.424	-0.00605450805749999	-0.013125444	1	10000	A8	C2	10000	1000	0	0.5	300	0.5
522	-0.0142710360951	-0.0282034244499999	0	0.23	0.368	-0.0142710360951	-0.0282034244499999	FGr	10000	A8	C2	10000	1000	0	0.5	300	0.5
523	-0.014259445291	-0.0295027329499999	0	0.233	0.332	-0.014259445291	-0.0295027329499999	NoCorrection	10000	A8	C2	10000	1000	0	0.5	300	0.5
524	-0.0066292903683	-0.01186668825	0	0.343	0.473	-0.0066292903683	-0.01186668825	ID	10000	A8	C2	10000	1000	0	0.5	300	0.5
525	-0.01756765530865	-0.000650003600000009	0	0.019	0.973	-0.01756765530865	-0.000650003600000009	1	10000	A8	C2	10000	1000	0	0.5	300	1
526	-0.0335774341955001	-0.0783028405	0	0.129	0.108	-0.0335774341955001	-0.0783028405	FGr	10000	A8	C2	10000	1000	0	0.5	300	1
527	-0.0336709232700001	-0.0790904745	0	0.136	0.089	-0.0336709232700001	-0.0790904745	NoCorrection	10000	A8	C2	10000	1000	0	0.5	300	1
528	-0.01880214108255	-0.00840860035000001	0	0.003	0.633	-0.01880214108255	-0.00840860035000001	ID	10000	A8	C2	10000	1000	0	0.5	300	1
529	0.00171300588539008	0.00171300588539008	0	0.778	0.753	0.00171300588539008	0.00171300588539008	1	300	A8	C2	10000	10000	0	0.5	300	0
530	0.00155667943274996	0.00155667943274994	0	0.787	0.762	0.00155667943274996	0.00155667943274994	FGr	300	A8	C2	10000	10000	0	0.5	300	0
531	0.00155124411071504	0.00155124411071505	0	0.779	0.801	0.00155124411071504	0.00155124411071505	NoCorrection	300	A8	C2	10000	10000	0	0.5	300	0
532	0.00156179486633994	0.00156179486633992	0	0.781	0.803	0.00156179486633994	0.00156179486633992	ID	300	A8	C2	10000	10000	0	0.5	300	0
533	-0.01248582743675	-0.01248582743675	0	0.033	0.02	-0.01248582743675	-0.01248582743675	1	300	A8	C2	10000	10000	0	0.5	300	0.1
534	-0.013046776066445	-0.013046776066445	0	0.031	0.024	-0.013046776066445	-0.013046776066445	FGr	300	A8	C2	10000	10000	0	0.5	300	0.1
535	-0.01304619318483	-0.01304619318483	0	0.031	0.02	-0.01304619318483	-0.01304619318483	NoCorrection	300	A8	C2	10000	10000	0	0.5	300	0.1
536	-0.012184119404345	-0.0121841194043451	0	0.027	0.033	-0.012184119404345	-0.0121841194043451	ID	300	A8	C2	10000	10000	0	0.5	300	0.1
537	0.000227256186800001	0.000227256186799991	0	0.976	0.97	0.000227256186800001	0.000227256186799991	1	300	A8	C2	10000	10000	0	0.5	300	0.5
538	-0.00287404824589983	-0.00287404824589986	0	0.779	0.769	-0.00287404824589983	-0.00287404824589986	FGr	300	A8	C2	10000	10000	0	0.5	300	0.5
539	-0.00287373169012088	-0.00287373169012086	0	0.767	0.773	-0.00287373169012088	-0.00287373169012086	NoCorrection	300	A8	C2	10000	10000	0	0.5	300	0.5
540	0.000904813430850127	0.000904813430850135	0	0.885	0.867	0.000904813430850127	0.000904813430850135	ID	300	A8	C2	10000	10000	0	0.5	300	0.5
541	-0.00198375443478006	-0.00198375443478003	0	0.755	0.743	-0.00198375443478006	-0.00198375443478003	1	300	A8	C2	10000	10000	0	0.5	300	1
542	-0.00865111379195025	-0.00865111379195027	0	0.647	0.646	-0.00865111379195025	-0.00865111379195027	FGr	300	A8	C2	10000	10000	0	0.5	300	1
543	-0.00864418129549965	-0.00864418129549964	0	0.664	0.669	-0.00864418129549965	-0.00864418129549964	NoCorrection	300	A8	C2	10000	10000	0	0.5	300	1
544	-0.000941228092813528	-0.000941228092813519	0	0.873	0.875	-0.000941228092813528	-0.000941228092813519	ID	300	A8	C2	10000	10000	0	0.5	300	1
545	0.00748812454823436	0.0116611779749998	0	0.264	0.26	0.00748812454823436	0.0116611779749998	1	1000	A8	C2	10000	10000	0	0.5	300	0
546	0.00785470500039995	0.0117322422900002	0	0.226	0.254	0.00785470500039995	0.0117322422900002	FGr	1000	A8	C2	10000	10000	0	0.5	300	0
547	0.00787946921645011	0.0131900200799997	0	0.233	0.22	0.00787946921645011	0.0131900200799997	NoCorrection	1000	A8	C2	10000	10000	0	0.5	300	0
548	0.00753393837369993	0.0115038898999998	0	0.216	0.302	0.00753393837369993	0.0115038898999998	ID	1000	A8	C2	10000	10000	0	0.5	300	0
549	-0.00144353373799002	-0.00349880397500005	0	0.819	0.722	-0.00144353373799002	-0.00349880397500005	1	1000	A8	C2	10000	10000	0	0.5	300	0.1
550	-0.00423877307837498	0.000111563589999969	0	0.486	0.989	-0.00423877307837498	0.000111563589999969	FGr	1000	A8	C2	10000	10000	0	0.5	300	0.1
551	-0.00427429612645	-0.000812365255000091	0	0.499	0.924	-0.00427429612645	-0.000812365255000091	NoCorrection	1000	A8	C2	10000	10000	0	0.5	300	0.1
552	-0.00106574291826995	-0.00532431210000002	0	0.853	0.612	-0.00106574291826995	-0.00532431210000002	ID	1000	A8	C2	10000	10000	0	0.5	300	0.1
553	0.00362465181432001	-0.00427636713999995	0	0.558	0.637	0.00362465181432001	-0.00427636713999995	1	1000	A8	C2	10000	10000	0	0.5	300	0.5
554	-0.01443255967041	0.0113128870050003	0	0.172	0.516	-0.01443255967041	0.0113128870050003	FGr	1000	A8	C2	10000	10000	0	0.5	300	0.5
555	-0.0144975850052493	0.0110764760049996	0	0.184	0.57	-0.0144975850052493	0.0110764760049996	NoCorrection	1000	A8	C2	10000	10000	0	0.5	300	0.5
556	0.00426803814625	0.000922001105000244	0	0.44	0.943	0.00426803814625	0.000922001105000244	ID	1000	A8	C2	10000	10000	0	0.5	300	0.5
557	0.00639197474143194	0.00582758824499999	0	0.396	0.609	0.00639197474143194	0.00582758824499999	1	1000	A8	C2	10000	10000	0	0.5	300	1
558	-0.0290229985621993	0.0310396606550001	0	0.157	0.355	-0.0290229985621993	0.0310396606550001	FGr	1000	A8	C2	10000	10000	0	0.5	300	1
559	-0.029129075772599	0.0356932241550004	0	0.191	0.301	-0.029129075772599	0.0356932241550004	NoCorrection	1000	A8	C2	10000	10000	0	0.5	300	1
560	0.00822156549240002	0.00253275360500007	0	0.233	0.804	0.00822156549240002	0.00253275360500007	ID	1000	A8	C2	10000	10000	0	0.5	300	1
561	0.000441165497449846	0.00894903756000012	0	0.954	0.533	0.000441165497449846	0.00894903756000012	1	10000	A8	C2	10000	10000	0	0.5	300	0
562	0.000434309377700048	0.00652080727000004	0	0.941	0.643	0.000434309377700048	0.00652080727000004	FGr	10000	A8	C2	10000	10000	0	0.5	300	0
563	0.000438042594500154	0.00832715384499957	0	0.947	0.52	0.000438042594500154	0.00832715384499957	NoCorrection	10000	A8	C2	10000	10000	0	0.5	300	0
564	0.000452319523150125	0.00894013513999996	0	0.94	0.551	0.000452319523150125	0.00894013513999996	ID	10000	A8	C2	10000	10000	0	0.5	300	0
565	-0.00235360852043996	0.0229443312649997	0	0.694	0.132	-0.00235360852043996	0.0229443312649997	1	10000	A8	C2	10000	10000	0	0.5	300	0.1
566	-0.00249782763282999	0.01956274857	0	0.71	0.191	-0.00249782763282999	0.01956274857	FGr	10000	A8	C2	10000	10000	0	0.5	300	0.1
567	-0.00251823155310001	0.0213827056599997	0	0.713	0.173	-0.00251823155310001	0.0213827056599997	NoCorrection	10000	A8	C2	10000	10000	0	0.5	300	0.1
568	-0.00244304545410505	0.0222817687599999	0	0.681	0.152	-0.00244304545410505	0.0222817687599999	ID	10000	A8	C2	10000	10000	0	0.5	300	0.1
569	0.00366080220991001	0.00282367661000088	0	0.597	0.847	0.00366080220991001	0.00282367661000088	1	10000	A8	C2	10000	10000	0	0.5	300	0.5
570	0.00278162214741999	-0.0163006718649999	0	0.833	0.605	0.00278162214741999	-0.0163006718649999	FGr	10000	A8	C2	10000	10000	0	0.5	300	0.5
571	0.00280248794054994	-0.017559995365	0	0.812	0.503	0.00280248794054994	-0.017559995365	NoCorrection	10000	A8	C2	10000	10000	0	0.5	300	0.5
572	0.00317211321569999	0.0049324758949999	0	0.651	0.756	0.00317211321569999	0.0049324758949999	ID	10000	A8	C2	10000	10000	0	0.5	300	0.5
573	0.00223899949163502	0.00372905305500001	0	0.718	0.792	0.00223899949163502	0.00372905305500001	1	10000	A8	C2	10000	10000	0	0.5	300	1
574	0.000595592408999984	-0.0559129689000003	0	0.981	0.224	0.000595592408999984	-0.0559129689000003	FGr	10000	A8	C2	10000	10000	0	0.5	300	1
575	0.000653270361550077	-0.0628800968499987	0	0.982	0.159	0.000653270361550077	-0.0628800968499987	NoCorrection	10000	A8	C2	10000	10000	0	0.5	300	1
576	0.00129705703398611	-0.00437194588500021	0	0.825	0.766	0.00129705703398611	-0.00437194588500021	ID	10000	A8	C2	10000	10000	0	0.5	300	1
