	V1	c-q	nc-q	true-q	c-p	nc-p	c-bias	nc-bias	type	L	rep	gwas_size	test_size	h2	num_causal	env	pheno	test
1	1	0.0467529621975523	-0.128557956163195	0	0	0.5	0.0467529621975523	-0.128557956163195	LMMNoCorrection	20000	A1	1440	1440	0	300	0.2	LAT	LAT
2	2	0.0467529621975523	-0.128557956163195	0	0	0.5	0.0467529621975523	-0.128557956163195	LMMNoCorrection	20000	A1	1440	1440	0	300	0.2	LAT	PS
3	3	-0.122681574258055	-0.313921874809028	0	0	0	-0.122681574258055	-0.313921874809028	LMMNoCorrection	20000	A1	1440	1440	0	300	0.2	DIAG	LAT
4	4	-0.122681574258055	-0.313921874809028	0	0	0	-0.122681574258055	-0.313921874809028	LMMNoCorrection	20000	A1	1440	1440	0	300	0.2	DIAG	PS
5	5	-0.0539126212076389	-0.363968824913194	0	0	0	-0.0539126212076389	-0.363968824913194	LMMNoCorrection	20000	A1	1440	1440	0	300	0.2	PS	LAT
6	6	-0.0539126212076389	-0.363968824913194	0	0.5	0	-0.0539126212076389	-0.363968824913194	LMMNoCorrection	20000	A1	1440	1440	0	300	0.2	PS	PS
7	1	0.048584818371007	0.719460516996527	0	0	0	0.048584818371007	0.719460516996527	LMMNoCorrection	20000	A2	1440	1440	0	300	0.2	LAT	LAT
8	2	0.048584818371007	0.719460516996527	0	0.5	0	0.048584818371007	0.719460516996527	LMMNoCorrection	20000	A2	1440	1440	0	300	0.2	LAT	PS
9	3	-0.0637888695848767	0.447428793524305	0	0.5	0	-0.0637888695848767	0.447428793524305	LMMNoCorrection	20000	A2	1440	1440	0	300	0.2	DIAG	LAT
10	4	-0.0637888695848767	0.447428793524305	0	0.5	0	-0.0637888695848767	0.447428793524305	LMMNoCorrection	20000	A2	1440	1440	0	300	0.2	DIAG	PS
11	5	-0.00456080016250001	0.0738580095486108	0	1	1	-0.00456080016250001	0.0738580095486108	LMMNoCorrection	20000	A2	1440	1440	0	300	0.2	PS	LAT
12	6	-0.00456080016250001	0.0738580095486108	0	1	1	-0.00456080016250001	0.0738580095486108	LMMNoCorrection	20000	A2	1440	1440	0	300	0.2	PS	PS
13	1	0.029455514886816	-0.165525473159722	0	1	0.5	0.029455514886816	-0.165525473159722	LMMNoCorrection	20000	A3	1440	1440	0	300	0.2	LAT	LAT
14	2	0.029455514886816	-0.165525473159722	0	1	1	0.029455514886816	-0.165525473159722	LMMNoCorrection	20000	A3	1440	1440	0	300	0.2	LAT	PS
15	3	0.0598053195927082	0.162654561440972	0	0.5	0.5	0.0598053195927082	0.162654561440972	LMMNoCorrection	20000	A3	1440	1440	0	300	0.2	DIAG	LAT
16	4	0.0598053195927082	0.162654561440972	0	0	0	0.0598053195927082	0.162654561440972	LMMNoCorrection	20000	A3	1440	1440	0	300	0.2	DIAG	PS
17	5	-0.218328632576215	-0.42806718845486	0	0	0	-0.218328632576215	-0.42806718845486	LMMNoCorrection	20000	A3	1440	1440	0	300	0.2	PS	LAT
18	6	-0.218328632576215	-0.42806718845486	0	0	0	-0.218328632576215	-0.42806718845486	LMMNoCorrection	20000	A3	1440	1440	0	300	0.2	PS	PS
19	1	0.174285585188715	0.537944607013889	0	0	0	0.174285585188715	0.537944607013889	LMMNoCorrection	20000	A4	1440	1440	0	300	0.2	LAT	LAT
20	2	0.174285585188715	0.537944607013889	0	0	0	0.174285585188715	0.537944607013889	LMMNoCorrection	20000	A4	1440	1440	0	300	0.2	LAT	PS
21	3	0.042172472502458	0.538935205729166	0	0.5	0	0.042172472502458	0.538935205729166	LMMNoCorrection	20000	A4	1440	1440	0	300	0.2	DIAG	LAT
22	4	0.042172472502458	0.538935205729166	0	0.5	0	0.042172472502458	0.538935205729166	LMMNoCorrection	20000	A4	1440	1440	0	300	0.2	DIAG	PS
23	5	-0.028526114171875	-0.384003767204861	0	0.5	0	-0.028526114171875	-0.384003767204861	LMMNoCorrection	20000	A4	1440	1440	0	300	0.2	PS	LAT
24	6	-0.028526114171875	-0.384003767204861	0	1	0	-0.028526114171875	-0.384003767204861	LMMNoCorrection	20000	A4	1440	1440	0	300	0.2	PS	PS
25	1	0.000443156771701399	0.179556786840278	0	1	0	0.000443156771701399	0.179556786840278	LMMNoCorrection	20000	A5	1440	1440	0	300	0.2	LAT	LAT
26	2	0.000443156771701399	0.179556786840278	0	1	0	0.000443156771701399	0.179556786840278	LMMNoCorrection	20000	A5	1440	1440	0	300	0.2	LAT	PS
27	3	0.015947585563715	0.454710180815972	0	1	0	0.015947585563715	0.454710180815972	LMMNoCorrection	20000	A5	1440	1440	0	300	0.2	DIAG	LAT
28	4	0.015947585563715	0.454710180815972	0	0	0	0.015947585563715	0.454710180815972	LMMNoCorrection	20000	A5	1440	1440	0	300	0.2	DIAG	PS
29	5	-0.0597085502371527	0.160612335347223	0	0.5	0.5	-0.0597085502371527	0.160612335347223	LMMNoCorrection	20000	A5	1440	1440	0	300	0.2	PS	LAT
30	6	-0.0597085502371527	0.160612335347223	0	0	0.5	-0.0597085502371527	0.160612335347223	LMMNoCorrection	20000	A5	1440	1440	0	300	0.2	PS	PS
31	1	-0.11500810975	-0.0812711505555554	0	0	1	-0.11500810975	-0.0812711505555554	LMMNoCorrection	20000	A6	1440	1440	0	300	0.2	LAT	LAT
32	2	-0.11500810975	-0.0812711505555554	0	0	1	-0.11500810975	-0.0812711505555554	LMMNoCorrection	20000	A6	1440	1440	0	300	0.2	LAT	PS
33	3	0.00960674520177088	-0.405549893576389	0	1	0	0.00960674520177088	-0.405549893576389	LMMNoCorrection	20000	A6	1440	1440	0	300	0.2	DIAG	LAT
34	4	0.00960674520177088	-0.405549893576389	0	1	0	0.00960674520177088	-0.405549893576389	LMMNoCorrection	20000	A6	1440	1440	0	300	0.2	DIAG	PS
35	5	0.0182869612722222	0.426528552447917	0	1	0	0.0182869612722222	0.426528552447917	LMMNoCorrection	20000	A6	1440	1440	0	300	0.2	PS	LAT
36	6	0.0182869612722222	0.426528552447917	0	1	0	0.0182869612722222	0.426528552447917	LMMNoCorrection	20000	A6	1440	1440	0	300	0.2	PS	PS
37	1	-0.123014246588281	-0.906297765746529	0	0	0	-0.123014246588281	-0.906297765746529	LMMNoCorrection	20000	A7	1440	1440	0	300	0.2	LAT	LAT
38	2	-0.123014246588281	-0.906297765746529	0	0	0	-0.123014246588281	-0.906297765746529	LMMNoCorrection	20000	A7	1440	1440	0	300	0.2	LAT	PS
39	3	0.128591360751215	0.613438419010417	0	0	0	0.128591360751215	0.613438419010417	LMMNoCorrection	20000	A7	1440	1440	0	300	0.2	DIAG	LAT
40	4	0.128591360751215	0.613438419010417	0	0	0	0.128591360751215	0.613438419010417	LMMNoCorrection	20000	A7	1440	1440	0	300	0.2	DIAG	PS
41	5	0.0408351408793403	0.383065724097222	0	0.5	0	0.0408351408793403	0.383065724097222	LMMNoCorrection	20000	A7	1440	1440	0	300	0.2	PS	LAT
42	6	0.0408351408793403	0.383065724097222	0	1	0	0.0408351408793403	0.383065724097222	LMMNoCorrection	20000	A7	1440	1440	0	300	0.2	PS	PS
43	1	-0.17564850915	-0.655274599288195	0	0	0	-0.17564850915	-0.655274599288195	LMMNoCorrection	20000	A8	1440	1440	0	300	0.2	LAT	LAT
44	2	-0.17564850915	-0.655274599288195	0	0	0	-0.17564850915	-0.655274599288195	LMMNoCorrection	20000	A8	1440	1440	0	300	0.2	LAT	PS
45	3	0.133248012174826	1.21758722671875	0	0	0	0.133248012174826	1.21758722671875	LMMNoCorrection	20000	A8	1440	1440	0	300	0.2	DIAG	LAT
46	4	0.133248012174826	1.21758722671875	0	0	0	0.133248012174826	1.21758722671875	LMMNoCorrection	20000	A8	1440	1440	0	300	0.2	DIAG	PS
47	5	0.0410901822830209	-0.0414757500347226	0	0.5	0.5	0.0410901822830209	-0.0414757500347226	LMMNoCorrection	20000	A8	1440	1440	0	300	0.2	PS	LAT
48	6	0.0410901822830209	-0.0414757500347226	0	0.5	0.5	0.0410901822830209	-0.0414757500347226	LMMNoCorrection	20000	A8	1440	1440	0	300	0.2	PS	PS
49	1	0.0643896114255209	0.583090661493056	0	0.5	0	0.0643896114255209	0.583090661493056	LMMNoCorrection	20000	A9	1440	1440	0	300	0.2	LAT	LAT
50	2	0.0643896114255209	0.583090661493056	0	0.5	0	0.0643896114255209	0.583090661493056	LMMNoCorrection	20000	A9	1440	1440	0	300	0.2	LAT	PS
51	3	0.124744679458073	0.562390506319444	0	0	0	0.124744679458073	0.562390506319444	LMMNoCorrection	20000	A9	1440	1440	0	300	0.2	DIAG	LAT
52	4	0.124744679458073	0.562390506319444	0	0	0	0.124744679458073	0.562390506319444	LMMNoCorrection	20000	A9	1440	1440	0	300	0.2	DIAG	PS
53	5	-0.0485431354720486	0.461481827656251	0	0.5	0	-0.0485431354720486	0.461481827656251	LMMNoCorrection	20000	A9	1440	1440	0	300	0.2	PS	LAT
54	6	-0.0485431354720486	0.461481827656251	0	0	0	-0.0485431354720486	0.461481827656251	LMMNoCorrection	20000	A9	1440	1440	0	300	0.2	PS	PS
55	1	0.162561680511458	0.976268067378472	0	0	0	0.162561680511458	0.976268067378472	LMMNoCorrection	20000	A10	1440	1440	0	300	0.2	LAT	LAT
56	2	0.162561680511458	0.976268067378472	0	0	0	0.162561680511458	0.976268067378472	LMMNoCorrection	20000	A10	1440	1440	0	300	0.2	LAT	PS
57	3	-0.111999399971528	-0.574095771440972	0	0	0	-0.111999399971528	-0.574095771440972	LMMNoCorrection	20000	A10	1440	1440	0	300	0.2	DIAG	LAT
58	4	-0.111999399971528	-0.574095771440972	0	0.5	0	-0.111999399971528	-0.574095771440972	LMMNoCorrection	20000	A10	1440	1440	0	300	0.2	DIAG	PS
59	5	-0.143056601468403	-0.643047291302084	0	0	0	-0.143056601468403	-0.643047291302084	LMMNoCorrection	20000	A10	1440	1440	0	300	0.2	PS	LAT
60	6	-0.143056601468403	-0.643047291302084	0	0	0	-0.143056601468403	-0.643047291302084	LMMNoCorrection	20000	A10	1440	1440	0	300	0.2	PS	PS
61	1	-0.0104574481487847	-0.357802688958333	0	0.5	0	-0.0104574481487847	-0.357802688958333	LMMNoCorrection	20000	A11	1440	1440	0	300	0.2	LAT	LAT
62	2	-0.0104574481487847	-0.357802688958333	0	1	0	-0.0104574481487847	-0.357802688958333	LMMNoCorrection	20000	A11	1440	1440	0	300	0.2	LAT	PS
63	3	0.162178152973958	1.41706374432292	0	0	0	0.162178152973958	1.41706374432292	LMMNoCorrection	20000	A11	1440	1440	0	300	0.2	DIAG	LAT
64	4	0.162178152973958	1.41706374432292	0	0	0	0.162178152973958	1.41706374432292	LMMNoCorrection	20000	A11	1440	1440	0	300	0.2	DIAG	PS
65	5	-0.0609313131854028	0.0785454911111111	0	0.5	1	-0.0609313131854028	0.0785454911111111	LMMNoCorrection	20000	A11	1440	1440	0	300	0.2	PS	LAT
66	6	-0.0609313131854028	0.0785454911111111	0	0	0	-0.0609313131854028	0.0785454911111111	LMMNoCorrection	20000	A11	1440	1440	0	300	0.2	PS	PS
67	1	0.043260574440625	0.377462034930556	0	0	0	0.043260574440625	0.377462034930556	LMMNoCorrection	20000	A12	1440	1440	0	300	0.2	LAT	LAT
68	2	0.043260574440625	0.377462034930556	0	1	0	0.043260574440625	0.377462034930556	LMMNoCorrection	20000	A12	1440	1440	0	300	0.2	LAT	PS
69	3	0.0701411690015972	0.241911413125	0	0.5	0	0.0701411690015972	0.241911413125	LMMNoCorrection	20000	A12	1440	1440	0	300	0.2	DIAG	LAT
70	4	0.0701411690015972	0.241911413125	0	0.5	0.5	0.0701411690015972	0.241911413125	LMMNoCorrection	20000	A12	1440	1440	0	300	0.2	DIAG	PS
71	5	0.0971748593862847	0.529910649097222	0	0	0	0.0971748593862847	0.529910649097222	LMMNoCorrection	20000	A12	1440	1440	0	300	0.2	PS	LAT
72	6	0.0971748593862847	0.529910649097222	0	0.5	0	0.0971748593862847	0.529910649097222	LMMNoCorrection	20000	A12	1440	1440	0	300	0.2	PS	PS
73	1	-0.0666409122172048	-0.235215229427083	0	0	0	-0.0666409122172048	-0.235215229427083	LMMNoCorrection	20000	A13	1440	1440	0	300	0.2	LAT	LAT
74	2	-0.0666409122172048	-0.235215229427083	0	0	0.5	-0.0666409122172048	-0.235215229427083	LMMNoCorrection	20000	A13	1440	1440	0	300	0.2	LAT	PS
75	3	0.0450037259395834	0.185931446163194	0	0.5	0.5	0.0450037259395834	0.185931446163194	LMMNoCorrection	20000	A13	1440	1440	0	300	0.2	DIAG	LAT
76	4	0.0450037259395834	0.185931446163194	0	0	0	0.0450037259395834	0.185931446163194	LMMNoCorrection	20000	A13	1440	1440	0	300	0.2	DIAG	PS
77	5	-0.130629209302257	-0.55196489890625	0	0	0	-0.130629209302257	-0.55196489890625	LMMNoCorrection	20000	A13	1440	1440	0	300	0.2	PS	LAT
78	6	-0.130629209302257	-0.55196489890625	0	0	0	-0.130629209302257	-0.55196489890625	LMMNoCorrection	20000	A13	1440	1440	0	300	0.2	PS	PS
79	1	0.0493716473940972	0.3945992134375	0	0.5	0	0.0493716473940972	0.3945992134375	LMMNoCorrection	20000	A14	1440	1440	0	300	0.2	LAT	LAT
80	2	0.0493716473940972	0.3945992134375	0	1	0	0.0493716473940972	0.3945992134375	LMMNoCorrection	20000	A14	1440	1440	0	300	0.2	LAT	PS
81	3	-0.0596048631160244	-0.516659433802083	0	0.5	0	-0.0596048631160244	-0.516659433802083	LMMNoCorrection	20000	A14	1440	1440	0	300	0.2	DIAG	LAT
82	4	-0.0596048631160244	-0.516659433802083	0	0.5	0	-0.0596048631160244	-0.516659433802083	LMMNoCorrection	20000	A14	1440	1440	0	300	0.2	DIAG	PS
83	5	-0.0272750163670141	0.123143913055556	0	0.5	0	-0.0272750163670141	0.123143913055556	LMMNoCorrection	20000	A14	1440	1440	0	300	0.2	PS	LAT
84	6	-0.0272750163670141	0.123143913055556	0	1	1	-0.0272750163670141	0.123143913055556	LMMNoCorrection	20000	A14	1440	1440	0	300	0.2	PS	PS
85	1	-0.0210938696666666	-0.361546542170139	0	0.5	0	-0.0210938696666666	-0.361546542170139	LMMNoCorrection	20000	A15	1440	1440	0	300	0.2	LAT	LAT
86	2	-0.0210938696666666	-0.361546542170139	0	0.5	0	-0.0210938696666666	-0.361546542170139	LMMNoCorrection	20000	A15	1440	1440	0	300	0.2	LAT	PS
87	3	0.0133812043210071	-0.0558283421701392	0	1	1	0.0133812043210071	-0.0558283421701392	LMMNoCorrection	20000	A15	1440	1440	0	300	0.2	DIAG	LAT
88	4	0.0133812043210071	-0.0558283421701392	0	0.5	0.5	0.0133812043210071	-0.0558283421701392	LMMNoCorrection	20000	A15	1440	1440	0	300	0.2	DIAG	PS
89	5	0.0616402787133679	0.25559669765625	0	0	0	0.0616402787133679	0.25559669765625	LMMNoCorrection	20000	A15	1440	1440	0	300	0.2	PS	LAT
90	6	0.0616402787133679	0.25559669765625	0	0	0.5	0.0616402787133679	0.25559669765625	LMMNoCorrection	20000	A15	1440	1440	0	300	0.2	PS	PS
91	1	-0.0176776528649306	0.109539978454861	0	1	0	-0.0176776528649306	0.109539978454861	LMMNoCorrection	20000	A16	1440	1440	0	300	0.2	LAT	LAT
92	2	-0.0176776528649306	0.109539978454861	0	1	1	-0.0176776528649306	0.109539978454861	LMMNoCorrection	20000	A16	1440	1440	0	300	0.2	LAT	PS
93	3	-0.0814374298394966	-0.600151068263889	0	0.5	0	-0.0814374298394966	-0.600151068263889	LMMNoCorrection	20000	A16	1440	1440	0	300	0.2	DIAG	LAT
94	4	-0.0814374298394966	-0.600151068263889	0	0.5	0	-0.0814374298394966	-0.600151068263889	LMMNoCorrection	20000	A16	1440	1440	0	300	0.2	DIAG	PS
95	5	0.00813514087534723	-0.662528514097223	0	1	0	0.00813514087534723	-0.662528514097223	LMMNoCorrection	20000	A16	1440	1440	0	300	0.2	PS	LAT
96	6	0.00813514087534723	-0.662528514097223	0	1	0	0.00813514087534723	-0.662528514097223	LMMNoCorrection	20000	A16	1440	1440	0	300	0.2	PS	PS
97	1	-0.0457518497760416	0.0847056438888891	0	0	1	-0.0457518497760416	0.0847056438888891	LMMNoCorrection	20000	A17	1440	1440	0	300	0.2	LAT	LAT
98	2	-0.0457518497760416	0.0847056438888891	0	1	0.5	-0.0457518497760416	0.0847056438888891	LMMNoCorrection	20000	A17	1440	1440	0	300	0.2	LAT	PS
99	3	0.222572754273264	0.929698024565974	0	0	0	0.222572754273264	0.929698024565974	LMMNoCorrection	20000	A17	1440	1440	0	300	0.2	DIAG	LAT
100	4	0.222572754273264	0.929698024565974	0	0	0	0.222572754273264	0.929698024565974	LMMNoCorrection	20000	A17	1440	1440	0	300	0.2	DIAG	PS
101	5	0.0374827880177085	-0.0320084538368057	0	0.5	1	0.0374827880177085	-0.0320084538368057	LMMNoCorrection	20000	A17	1440	1440	0	300	0.2	PS	LAT
102	6	0.0374827880177085	-0.0320084538368057	0	0.5	1	0.0374827880177085	-0.0320084538368057	LMMNoCorrection	20000	A17	1440	1440	0	300	0.2	PS	PS
103	1	0.104291985021702	-0.0445295119618057	0	0	1	0.104291985021702	-0.0445295119618057	LMMNoCorrection	20000	A18	1440	1440	0	300	0.2	LAT	LAT
104	2	0.104291985021702	-0.0445295119618057	0	0	0.5	0.104291985021702	-0.0445295119618057	LMMNoCorrection	20000	A18	1440	1440	0	300	0.2	LAT	PS
105	3	0.0718973495796821	0.379213388333334	0	1	0	0.0718973495796821	0.379213388333334	LMMNoCorrection	20000	A18	1440	1440	0	300	0.2	DIAG	LAT
106	4	0.0718973495796821	0.379213388333334	0	0.5	0	0.0718973495796821	0.379213388333334	LMMNoCorrection	20000	A18	1440	1440	0	300	0.2	DIAG	PS
107	5	-0.128980003659306	-0.273550423506944	0	0	0	-0.128980003659306	-0.273550423506944	LMMNoCorrection	20000	A18	1440	1440	0	300	0.2	PS	LAT
108	6	-0.128980003659306	-0.273550423506944	0	0	0	-0.128980003659306	-0.273550423506944	LMMNoCorrection	20000	A18	1440	1440	0	300	0.2	PS	PS
109	1	0.109267716795833	0.397183897256945	0	0	0	0.109267716795833	0.397183897256945	LMMNoCorrection	20000	A19	1440	1440	0	300	0.2	LAT	LAT
110	2	0.109267716795833	0.397183897256945	0	0	0	0.109267716795833	0.397183897256945	LMMNoCorrection	20000	A19	1440	1440	0	300	0.2	LAT	PS
111	3	0.131381287325347	0.654212110833333	0	0	0	0.131381287325347	0.654212110833333	LMMNoCorrection	20000	A19	1440	1440	0	300	0.2	DIAG	LAT
112	4	0.131381287325347	0.654212110833333	0	0	0	0.131381287325347	0.654212110833333	LMMNoCorrection	20000	A19	1440	1440	0	300	0.2	DIAG	PS
113	5	-0.0545673148703125	-0.640113540625	0	0	0	-0.0545673148703125	-0.640113540625	LMMNoCorrection	20000	A19	1440	1440	0	300	0.2	PS	LAT
114	6	-0.0545673148703125	-0.640113540625	0	0	0	-0.0545673148703125	-0.640113540625	LMMNoCorrection	20000	A19	1440	1440	0	300	0.2	PS	PS
115	1	-0.045466432453698	-0.183858260260417	0	0	0.5	-0.045466432453698	-0.183858260260417	LMMNoCorrection	20000	A20	1440	1440	0	300	0.2	LAT	LAT
116	2	-0.045466432453698	-0.183858260260417	0	0	0	-0.045466432453698	-0.183858260260417	LMMNoCorrection	20000	A20	1440	1440	0	300	0.2	LAT	PS
117	3	-0.0132346327152778	-0.013869619722222	0	0.5	1	-0.0132346327152778	-0.013869619722222	LMMNoCorrection	20000	A20	1440	1440	0	300	0.2	DIAG	LAT
118	4	-0.0132346327152778	-0.013869619722222	0	1	1	-0.0132346327152778	-0.013869619722222	LMMNoCorrection	20000	A20	1440	1440	0	300	0.2	DIAG	PS
119	5	-0.03994174560625	0.05914826796875	0	0	1	-0.03994174560625	0.05914826796875	LMMNoCorrection	20000	A20	1440	1440	0	300	0.2	PS	LAT
120	6	-0.03994174560625	0.05914826796875	0	0.5	1	-0.03994174560625	0.05914826796875	LMMNoCorrection	20000	A20	1440	1440	0	300	0.2	PS	PS
121	1	-0.0712327458630208	0.173372994670139	0	0	0	-0.0712327458630208	0.173372994670139	LMMNoCorrection	20000	A21	1440	1440	0	300	0.2	LAT	LAT
122	2	-0.0712327458630208	0.173372994670139	0	0	0.5	-0.0712327458630208	0.173372994670139	LMMNoCorrection	20000	A21	1440	1440	0	300	0.2	LAT	PS
123	3	0.0390091167826388	0.765755480763889	0	0.5	0	0.0390091167826388	0.765755480763889	LMMNoCorrection	20000	A21	1440	1440	0	300	0.2	DIAG	LAT
124	4	0.0390091167826388	0.765755480763889	0	1	0	0.0390091167826388	0.765755480763889	LMMNoCorrection	20000	A21	1440	1440	0	300	0.2	DIAG	PS
125	5	0.0521374559559202	-0.0802122990104163	0	0.5	0.5	0.0521374559559202	-0.0802122990104163	LMMNoCorrection	20000	A21	1440	1440	0	300	0.2	PS	LAT
126	6	0.0521374559559202	-0.0802122990104163	0	0.5	0.5	0.0521374559559202	-0.0802122990104163	LMMNoCorrection	20000	A21	1440	1440	0	300	0.2	PS	PS
127	1	0.0439926195607639	-0.413822830486111	0	0.5	0	0.0439926195607639	-0.413822830486111	LMMNoCorrection	20000	A22	1440	1440	0	300	0.2	LAT	LAT
128	2	0.0439926195607639	-0.413822830486111	0	0.5	0	0.0439926195607639	-0.413822830486111	LMMNoCorrection	20000	A22	1440	1440	0	300	0.2	LAT	PS
129	3	0.00193679817465281	-0.128435437934028	0	1	0.5	0.00193679817465281	-0.128435437934028	LMMNoCorrection	20000	A22	1440	1440	0	300	0.2	DIAG	LAT
130	4	0.00193679817465281	-0.128435437934028	0	1	0	0.00193679817465281	-0.128435437934028	LMMNoCorrection	20000	A22	1440	1440	0	300	0.2	DIAG	PS
131	5	-0.0706058181482639	-0.009723192673611	0	0	1	-0.0706058181482639	-0.009723192673611	LMMNoCorrection	20000	A22	1440	1440	0	300	0.2	PS	LAT
132	6	-0.0706058181482639	-0.009723192673611	0	0	1	-0.0706058181482639	-0.009723192673611	LMMNoCorrection	20000	A22	1440	1440	0	300	0.2	PS	PS
133	1	0.0192598058960069	0.0819318821354165	0	0.5	0	0.0192598058960069	0.0819318821354165	LMMNoCorrection	20000	A23	1440	1440	0	300	0.2	LAT	LAT
134	2	0.0192598058960069	0.0819318821354165	0	0	0	0.0192598058960069	0.0819318821354165	LMMNoCorrection	20000	A23	1440	1440	0	300	0.2	LAT	PS
135	3	0.0105950256541667	0.295527946163195	0	1	0	0.0105950256541667	0.295527946163195	LMMNoCorrection	20000	A23	1440	1440	0	300	0.2	DIAG	LAT
136	4	0.0105950256541667	0.295527946163195	0	1	0	0.0105950256541667	0.295527946163195	LMMNoCorrection	20000	A23	1440	1440	0	300	0.2	DIAG	PS
137	5	0.0252215221651041	-0.403382509496529	0	0.5	0	0.0252215221651041	-0.403382509496529	LMMNoCorrection	20000	A23	1440	1440	0	300	0.2	PS	LAT
138	6	0.0252215221651041	-0.403382509496529	0	1	0	0.0252215221651041	-0.403382509496529	LMMNoCorrection	20000	A23	1440	1440	0	300	0.2	PS	PS
139	1	0.234439889013798	0.658939255815972	0	0	0	0.234439889013798	0.658939255815972	LMMNoCorrection	20000	A24	1440	1440	0	300	0.2	LAT	LAT
140	2	0.234439889013798	0.658939255815972	0	0	0	0.234439889013798	0.658939255815972	LMMNoCorrection	20000	A24	1440	1440	0	300	0.2	LAT	PS
141	3	0.126917380288889	0.298979636041667	0	0	0	0.126917380288889	0.298979636041667	LMMNoCorrection	20000	A24	1440	1440	0	300	0.2	DIAG	LAT
142	4	0.126917380288889	0.298979636041667	0	0.5	0	0.126917380288889	0.298979636041667	LMMNoCorrection	20000	A24	1440	1440	0	300	0.2	DIAG	PS
143	5	0.00912856768072906	0.0728519008333334	0	1	1	0.00912856768072906	0.0728519008333334	LMMNoCorrection	20000	A24	1440	1440	0	300	0.2	PS	LAT
144	6	0.00912856768072906	0.0728519008333334	0	1	0.5	0.00912856768072906	0.0728519008333334	LMMNoCorrection	20000	A24	1440	1440	0	300	0.2	PS	PS
145	1	-0.0249527568709376	-0.236169704131944	0	1	0	-0.0249527568709376	-0.236169704131944	LMMNoCorrection	20000	A25	1440	1440	0	300	0.2	LAT	LAT
146	2	-0.0249527568709376	-0.236169704131944	0	0	0	-0.0249527568709376	-0.236169704131944	LMMNoCorrection	20000	A25	1440	1440	0	300	0.2	LAT	PS
147	3	0.0249945922128472	0.0505867581944445	0	1	0.5	0.0249945922128472	0.0505867581944445	LMMNoCorrection	20000	A25	1440	1440	0	300	0.2	DIAG	LAT
148	4	0.0249945922128472	0.0505867581944445	0	0.5	1	0.0249945922128472	0.0505867581944445	LMMNoCorrection	20000	A25	1440	1440	0	300	0.2	DIAG	PS
149	5	0.141378172009722	0.118141025642361	0	0	0.5	0.141378172009722	0.118141025642361	LMMNoCorrection	20000	A25	1440	1440	0	300	0.2	PS	LAT
150	6	0.141378172009722	0.118141025642361	0	0	0	0.141378172009722	0.118141025642361	LMMNoCorrection	20000	A25	1440	1440	0	300	0.2	PS	PS
151	1	3.41668770659572e-05	0.126748732239583	0	1	0	3.41668770659572e-05	0.126748732239583	LMMNoCorrection	20000	A26	1440	1440	0	300	0.2	LAT	LAT
152	2	3.41668770659572e-05	0.126748732239583	0	1	0	3.41668770659572e-05	0.126748732239583	LMMNoCorrection	20000	A26	1440	1440	0	300	0.2	LAT	PS
153	3	-0.00689971893105914	0.538973462690972	0	1	0	-0.00689971893105914	0.538973462690972	LMMNoCorrection	20000	A26	1440	1440	0	300	0.2	DIAG	LAT
154	4	-0.00689971893105914	0.538973462690972	0	1	0	-0.00689971893105914	0.538973462690972	LMMNoCorrection	20000	A26	1440	1440	0	300	0.2	DIAG	PS
155	5	-0.00330745974476552	-0.312840379079861	0	0.5	0	-0.00330745974476552	-0.312840379079861	LMMNoCorrection	20000	A26	1440	1440	0	300	0.2	PS	LAT
156	6	-0.00330745974476552	-0.312840379079861	0	1	0	-0.00330745974476552	-0.312840379079861	LMMNoCorrection	20000	A26	1440	1440	0	300	0.2	PS	PS
157	1	-0.0852267229375	-0.547283484722223	0	0	0	-0.0852267229375	-0.547283484722223	LMMNoCorrection	20000	A27	1440	1440	0	300	0.2	LAT	LAT
158	2	-0.0852267229375	-0.547283484722223	0	0	0	-0.0852267229375	-0.547283484722223	LMMNoCorrection	20000	A27	1440	1440	0	300	0.2	LAT	PS
159	3	0.103808652090816	0.488328052951389	0	0	0	0.103808652090816	0.488328052951389	LMMNoCorrection	20000	A27	1440	1440	0	300	0.2	DIAG	LAT
160	4	0.103808652090816	0.488328052951389	0	0	0	0.103808652090816	0.488328052951389	LMMNoCorrection	20000	A27	1440	1440	0	300	0.2	DIAG	PS
161	5	0.0485519782644094	0.172747128177083	0	0	0.5	0.0485519782644094	0.172747128177083	LMMNoCorrection	20000	A27	1440	1440	0	300	0.2	PS	LAT
162	6	0.0485519782644094	0.172747128177083	0	0.5	0.5	0.0485519782644094	0.172747128177083	LMMNoCorrection	20000	A27	1440	1440	0	300	0.2	PS	PS
163	1	0.009529047482639	0.153372464236111	0	0.5	0	0.009529047482639	0.153372464236111	LMMNoCorrection	20000	A28	1440	1440	0	300	0.2	LAT	LAT
164	2	0.009529047482639	0.153372464236111	0	1	0.5	0.009529047482639	0.153372464236111	LMMNoCorrection	20000	A28	1440	1440	0	300	0.2	LAT	PS
165	3	0.0233429923800348	0.208110587083333	0	0.5	0	0.0233429923800348	0.208110587083333	LMMNoCorrection	20000	A28	1440	1440	0	300	0.2	DIAG	LAT
166	4	0.0233429923800348	0.208110587083333	0	1	0	0.0233429923800348	0.208110587083333	LMMNoCorrection	20000	A28	1440	1440	0	300	0.2	DIAG	PS
167	5	-0.0964765848439236	-0.46021474234375	0	0	0	-0.0964765848439236	-0.46021474234375	LMMNoCorrection	20000	A28	1440	1440	0	300	0.2	PS	LAT
168	6	-0.0964765848439236	-0.46021474234375	0	0	0	-0.0964765848439236	-0.46021474234375	LMMNoCorrection	20000	A28	1440	1440	0	300	0.2	PS	PS
169	1	-0.0717482279786456	0.0965214641840279	0	0	1	-0.0717482279786456	0.0965214641840279	LMMNoCorrection	20000	A29	1440	1440	0	300	0.2	LAT	LAT
170	2	-0.0717482279786456	0.0965214641840279	0	0	0.5	-0.0717482279786456	0.0965214641840279	LMMNoCorrection	20000	A29	1440	1440	0	300	0.2	LAT	PS
171	3	-0.00348295408663196	0.497241155572916	0	1	0	-0.00348295408663196	0.497241155572916	LMMNoCorrection	20000	A29	1440	1440	0	300	0.2	DIAG	LAT
172	4	-0.00348295408663196	0.497241155572916	0	1	0	-0.00348295408663196	0.497241155572916	LMMNoCorrection	20000	A29	1440	1440	0	300	0.2	DIAG	PS
173	5	-0.171547267263547	-0.868691561371528	0	0	0	-0.171547267263547	-0.868691561371528	LMMNoCorrection	20000	A29	1440	1440	0	300	0.2	PS	LAT
174	6	-0.171547267263547	-0.868691561371528	0	0	0	-0.171547267263547	-0.868691561371528	LMMNoCorrection	20000	A29	1440	1440	0	300	0.2	PS	PS
175	1	0.00891032294493067	0.139798819861111	0	1	0.5	0.00891032294493067	0.139798819861111	LMMNoCorrection	20000	A30	1440	1440	0	300	0.2	LAT	LAT
176	2	0.00891032294493067	0.139798819861111	0	1	0	0.00891032294493067	0.139798819861111	LMMNoCorrection	20000	A30	1440	1440	0	300	0.2	LAT	PS
177	3	0.0130725175501736	-0.5479252440625	0	0.5	0	0.0130725175501736	-0.5479252440625	LMMNoCorrection	20000	A30	1440	1440	0	300	0.2	DIAG	LAT
178	4	0.0130725175501736	-0.5479252440625	0	1	0	0.0130725175501736	-0.5479252440625	LMMNoCorrection	20000	A30	1440	1440	0	300	0.2	DIAG	PS
179	5	0.0179111699935763	0.25264142078125	0	1	0	0.0179111699935763	0.25264142078125	LMMNoCorrection	20000	A30	1440	1440	0	300	0.2	PS	LAT
180	6	0.0179111699935763	0.25264142078125	0	1	0	0.0179111699935763	0.25264142078125	LMMNoCorrection	20000	A30	1440	1440	0	300	0.2	PS	PS
181	1	0.0516179784032986	-0.679934526805556	0	0.5	0	0.0516179784032986	-0.679934526805556	LMMNoCorrection	20000	A31	1440	1440	0	300	0.2	LAT	LAT
182	2	0.0516179784032986	-0.679934526805556	0	0.5	0	0.0516179784032986	-0.679934526805556	LMMNoCorrection	20000	A31	1440	1440	0	300	0.2	LAT	PS
183	3	0.077653557024132	0.216273769166667	0	0.5	0	0.077653557024132	0.216273769166667	LMMNoCorrection	20000	A31	1440	1440	0	300	0.2	DIAG	LAT
184	4	0.077653557024132	0.216273769166667	0	0	0	0.077653557024132	0.216273769166667	LMMNoCorrection	20000	A31	1440	1440	0	300	0.2	DIAG	PS
185	5	-0.0906425271006945	-0.0403851941319443	0	0	0.5	-0.0906425271006945	-0.0403851941319443	LMMNoCorrection	20000	A31	1440	1440	0	300	0.2	PS	LAT
186	6	-0.0906425271006945	-0.0403851941319443	0	0.5	0.5	-0.0906425271006945	-0.0403851941319443	LMMNoCorrection	20000	A31	1440	1440	0	300	0.2	PS	PS
187	1	0.109874421668924	0.481221876649306	0	0	0	0.109874421668924	0.481221876649306	LMMNoCorrection	20000	A32	1440	1440	0	300	0.2	LAT	LAT
188	2	0.109874421668924	0.481221876649306	0	0.5	0	0.109874421668924	0.481221876649306	LMMNoCorrection	20000	A32	1440	1440	0	300	0.2	LAT	PS
189	3	-0.0563048874727428	-0.590671637065972	0	0	0	-0.0563048874727428	-0.590671637065972	LMMNoCorrection	20000	A32	1440	1440	0	300	0.2	DIAG	LAT
190	4	-0.0563048874727428	-0.590671637065972	0	0.5	0	-0.0563048874727428	-0.590671637065972	LMMNoCorrection	20000	A32	1440	1440	0	300	0.2	DIAG	PS
191	5	0.0205563971793403	0.178965855659722	0	1	0	0.0205563971793403	0.178965855659722	LMMNoCorrection	20000	A32	1440	1440	0	300	0.2	PS	LAT
192	6	0.0205563971793403	0.178965855659722	0	0.5	0.5	0.0205563971793403	0.178965855659722	LMMNoCorrection	20000	A32	1440	1440	0	300	0.2	PS	PS
193	1	-0.0788871292821874	-0.768968142065972	0	0	0	-0.0788871292821874	-0.768968142065972	LMMNoCorrection	20000	A33	1440	1440	0	300	0.2	LAT	LAT
194	2	-0.0788871292821874	-0.768968142065972	0	1	0	-0.0788871292821874	-0.768968142065972	LMMNoCorrection	20000	A33	1440	1440	0	300	0.2	LAT	PS
195	3	-0.105434757022396	-0.47210456234375	0	0	0	-0.105434757022396	-0.47210456234375	LMMNoCorrection	20000	A33	1440	1440	0	300	0.2	DIAG	LAT
196	4	-0.105434757022396	-0.47210456234375	0	0	0	-0.105434757022396	-0.47210456234375	LMMNoCorrection	20000	A33	1440	1440	0	300	0.2	DIAG	PS
197	5	-0.15533698683309	-0.745260405416667	0	0	0	-0.15533698683309	-0.745260405416667	LMMNoCorrection	20000	A33	1440	1440	0	300	0.2	PS	LAT
198	6	-0.15533698683309	-0.745260405416667	0	0	0	-0.15533698683309	-0.745260405416667	LMMNoCorrection	20000	A33	1440	1440	0	300	0.2	PS	PS
199	1	0.0121063183607639	-0.0576841089062502	0	1	1	0.0121063183607639	-0.0576841089062502	LMMNoCorrection	20000	A34	1440	1440	0	300	0.2	LAT	LAT
200	2	0.0121063183607639	-0.0576841089062502	0	0.5	0.5	0.0121063183607639	-0.0576841089062502	LMMNoCorrection	20000	A34	1440	1440	0	300	0.2	LAT	PS
201	3	0.0152125353118056	0.174742923802083	0	1	0	0.0152125353118056	0.174742923802083	LMMNoCorrection	20000	A34	1440	1440	0	300	0.2	DIAG	LAT
202	4	0.0152125353118056	0.174742923802083	0	1	0.5	0.0152125353118056	0.174742923802083	LMMNoCorrection	20000	A34	1440	1440	0	300	0.2	DIAG	PS
203	5	-0.0627886316145833	-0.593718937621528	0	0	0	-0.0627886316145833	-0.593718937621528	LMMNoCorrection	20000	A34	1440	1440	0	300	0.2	PS	LAT
204	6	-0.0627886316145833	-0.593718937621528	0	0.5	0	-0.0627886316145833	-0.593718937621528	LMMNoCorrection	20000	A34	1440	1440	0	300	0.2	PS	PS
205	1	-0.0266231169142361	0.0991251720138888	0	0.5	0.5	-0.0266231169142361	0.0991251720138888	LMMNoCorrection	20000	A35	1440	1440	0	300	0.2	LAT	LAT
206	2	-0.0266231169142361	0.0991251720138888	0	0	1	-0.0266231169142361	0.0991251720138888	LMMNoCorrection	20000	A35	1440	1440	0	300	0.2	LAT	PS
207	3	0.00992594410107643	0.670652914913194	0	0.5	0	0.00992594410107643	0.670652914913194	LMMNoCorrection	20000	A35	1440	1440	0	300	0.2	DIAG	LAT
208	4	0.00992594410107643	0.670652914913194	0	0.5	0	0.00992594410107643	0.670652914913194	LMMNoCorrection	20000	A35	1440	1440	0	300	0.2	DIAG	PS
209	5	0.130923179821181	0.79919808204861	0	0	0	0.130923179821181	0.79919808204861	LMMNoCorrection	20000	A35	1440	1440	0	300	0.2	PS	LAT
210	6	0.130923179821181	0.79919808204861	0	0	0	0.130923179821181	0.79919808204861	LMMNoCorrection	20000	A35	1440	1440	0	300	0.2	PS	PS
211	1	0.133675469324132	0.48696660234375	0	0	0	0.133675469324132	0.48696660234375	LMMNoCorrection	20000	A36	1440	1440	0	300	0.2	LAT	LAT
212	2	0.133675469324132	0.48696660234375	0	0	0	0.133675469324132	0.48696660234375	LMMNoCorrection	20000	A36	1440	1440	0	300	0.2	LAT	PS
213	3	0.171573589391146	0.592431488576389	0	0	0	0.171573589391146	0.592431488576389	LMMNoCorrection	20000	A36	1440	1440	0	300	0.2	DIAG	LAT
214	4	0.171573589391146	0.592431488576389	0	0	0	0.171573589391146	0.592431488576389	LMMNoCorrection	20000	A36	1440	1440	0	300	0.2	DIAG	PS
215	5	0.0230593191236111	0.60308778890625	0	0.5	0	0.0230593191236111	0.60308778890625	LMMNoCorrection	20000	A36	1440	1440	0	300	0.2	PS	LAT
216	6	0.0230593191236111	0.60308778890625	0	0.5	0	0.0230593191236111	0.60308778890625	LMMNoCorrection	20000	A36	1440	1440	0	300	0.2	PS	PS
217	1	-0.10518764077743	-1.08677467916667	0	0	0	-0.10518764077743	-1.08677467916667	LMMNoCorrection	20000	A37	1440	1440	0	300	0.2	LAT	LAT
218	2	-0.10518764077743	-1.08677467916667	0	0.5	0	-0.10518764077743	-1.08677467916667	LMMNoCorrection	20000	A37	1440	1440	0	300	0.2	LAT	PS
219	3	-0.132965544840972	-0.436173693663195	0	0	0	-0.132965544840972	-0.436173693663195	LMMNoCorrection	20000	A37	1440	1440	0	300	0.2	DIAG	LAT
220	4	-0.132965544840972	-0.436173693663195	0	0	0	-0.132965544840972	-0.436173693663195	LMMNoCorrection	20000	A37	1440	1440	0	300	0.2	DIAG	PS
221	5	0.0268441716442708	-0.0880542647222219	0	0.5	0.5	0.0268441716442708	-0.0880542647222219	LMMNoCorrection	20000	A37	1440	1440	0	300	0.2	PS	LAT
222	6	0.0268441716442708	-0.0880542647222219	0	1	1	0.0268441716442708	-0.0880542647222219	LMMNoCorrection	20000	A37	1440	1440	0	300	0.2	PS	PS
223	1	-0.101514217900695	-0.474576290972222	0	0	0	-0.101514217900695	-0.474576290972222	LMMNoCorrection	20000	A38	1440	1440	0	300	0.2	LAT	LAT
224	2	-0.101514217900695	-0.474576290972222	0	0.5	0	-0.101514217900695	-0.474576290972222	LMMNoCorrection	20000	A38	1440	1440	0	300	0.2	LAT	PS
225	3	-0.187020328066528	-0.230799993576388	0	0	0.5	-0.187020328066528	-0.230799993576388	LMMNoCorrection	20000	A38	1440	1440	0	300	0.2	DIAG	LAT
226	4	-0.187020328066528	-0.230799993576388	0	0	0.5	-0.187020328066528	-0.230799993576388	LMMNoCorrection	20000	A38	1440	1440	0	300	0.2	DIAG	PS
227	5	0.0334085204817708	0.413235560746527	0	0	0	0.0334085204817708	0.413235560746527	LMMNoCorrection	20000	A38	1440	1440	0	300	0.2	PS	LAT
228	6	0.0334085204817708	0.413235560746527	0	0.5	0	0.0334085204817708	0.413235560746527	LMMNoCorrection	20000	A38	1440	1440	0	300	0.2	PS	PS
229	1	-0.0655987569583333	0.0828561252777777	0	0.5	0.5	-0.0655987569583333	0.0828561252777777	LMMNoCorrection	20000	A39	1440	1440	0	300	0.2	LAT	LAT
230	2	-0.0655987569583333	0.0828561252777777	0	0	1	-0.0655987569583333	0.0828561252777777	LMMNoCorrection	20000	A39	1440	1440	0	300	0.2	LAT	PS
231	3	0.175261483887222	0.528150873107639	0	0	0	0.175261483887222	0.528150873107639	LMMNoCorrection	20000	A39	1440	1440	0	300	0.2	DIAG	LAT
232	4	0.175261483887222	0.528150873107639	0	0	0	0.175261483887222	0.528150873107639	LMMNoCorrection	20000	A39	1440	1440	0	300	0.2	DIAG	PS
233	5	-0.127599031580729	-0.968654407256944	0	0	0	-0.127599031580729	-0.968654407256944	LMMNoCorrection	20000	A39	1440	1440	0	300	0.2	PS	LAT
234	6	-0.127599031580729	-0.968654407256944	0	1	0	-0.127599031580729	-0.968654407256944	LMMNoCorrection	20000	A39	1440	1440	0	300	0.2	PS	PS
235	1	0.0762453459609375	0.481892281354166	0	0.5	0	0.0762453459609375	0.481892281354166	LMMNoCorrection	20000	A40	1440	1440	0	300	0.2	LAT	LAT
236	2	0.0762453459609375	0.481892281354166	0	0	0	0.0762453459609375	0.481892281354166	LMMNoCorrection	20000	A40	1440	1440	0	300	0.2	LAT	PS
237	3	-0.0319854285076389	0.318301163697917	0	0	0	-0.0319854285076389	0.318301163697917	LMMNoCorrection	20000	A40	1440	1440	0	300	0.2	DIAG	LAT
238	4	-0.0319854285076389	0.318301163697917	0	0.5	0	-0.0319854285076389	0.318301163697917	LMMNoCorrection	20000	A40	1440	1440	0	300	0.2	DIAG	PS
239	5	-0.0056522908624826	-0.105764365607639	0	0.5	0	-0.0056522908624826	-0.105764365607639	LMMNoCorrection	20000	A40	1440	1440	0	300	0.2	PS	LAT
240	6	-0.0056522908624826	-0.105764365607639	0	1	0	-0.0056522908624826	-0.105764365607639	LMMNoCorrection	20000	A40	1440	1440	0	300	0.2	PS	PS
241	1	0.091080171889757	0.192179704270833	0	0	0	0.091080171889757	0.192179704270833	LMMNoCorrection	20000	A41	1440	1440	0	300	0.2	LAT	LAT
242	2	0.091080171889757	0.192179704270833	0	1	0	0.091080171889757	0.192179704270833	LMMNoCorrection	20000	A41	1440	1440	0	300	0.2	LAT	PS
243	3	0.168234130442639	0.758812508489585	0	0	0	0.168234130442639	0.758812508489585	LMMNoCorrection	20000	A41	1440	1440	0	300	0.2	DIAG	LAT
244	4	0.168234130442639	0.758812508489585	0	0	0	0.168234130442639	0.758812508489585	LMMNoCorrection	20000	A41	1440	1440	0	300	0.2	DIAG	PS
245	5	0.0794182844430553	0.0490758497395834	0	0	1	0.0794182844430553	0.0490758497395834	LMMNoCorrection	20000	A41	1440	1440	0	300	0.2	PS	LAT
246	6	0.0794182844430553	0.0490758497395834	0	0.5	0	0.0794182844430553	0.0490758497395834	LMMNoCorrection	20000	A41	1440	1440	0	300	0.2	PS	PS
247	1	-0.0523495195725	-0.1767671215625	0	0.5	0	-0.0523495195725	-0.1767671215625	LMMNoCorrection	20000	A42	1440	1440	0	300	0.2	LAT	LAT
248	2	-0.0523495195725	-0.1767671215625	0	0.5	0.5	-0.0523495195725	-0.1767671215625	LMMNoCorrection	20000	A42	1440	1440	0	300	0.2	LAT	PS
249	3	-0.0445473254197916	-0.174642538159722	0	0.5	0.5	-0.0445473254197916	-0.174642538159722	LMMNoCorrection	20000	A42	1440	1440	0	300	0.2	DIAG	LAT
250	4	-0.0445473254197916	-0.174642538159722	0	1	0.5	-0.0445473254197916	-0.174642538159722	LMMNoCorrection	20000	A42	1440	1440	0	300	0.2	DIAG	PS
251	5	0.00504640592013886	-0.283268560590278	0	1	0	0.00504640592013886	-0.283268560590278	LMMNoCorrection	20000	A42	1440	1440	0	300	0.2	PS	LAT
252	6	0.00504640592013886	-0.283268560590278	0	1	0	0.00504640592013886	-0.283268560590278	LMMNoCorrection	20000	A42	1440	1440	0	300	0.2	PS	PS
253	1	-0.0396794484322917	0.0970818343576387	0	0	1	-0.0396794484322917	0.0970818343576387	LMMNoCorrection	20000	A43	1440	1440	0	300	0.2	LAT	LAT
254	2	-0.0396794484322917	0.0970818343576387	0	1	1	-0.0396794484322917	0.0970818343576387	LMMNoCorrection	20000	A43	1440	1440	0	300	0.2	LAT	PS
255	3	-0.0228175520935591	-0.16568746484375	0	0.5	0.5	-0.0228175520935591	-0.16568746484375	LMMNoCorrection	20000	A43	1440	1440	0	300	0.2	DIAG	LAT
256	4	-0.0228175520935591	-0.16568746484375	0	0.5	1	-0.0228175520935591	-0.16568746484375	LMMNoCorrection	20000	A43	1440	1440	0	300	0.2	DIAG	PS
257	5	0.0597154459390625	-0.0944397465104165	0	0.5	0.5	0.0597154459390625	-0.0944397465104165	LMMNoCorrection	20000	A43	1440	1440	0	300	0.2	PS	LAT
258	6	0.0597154459390625	-0.0944397465104165	0	0	0.5	0.0597154459390625	-0.0944397465104165	LMMNoCorrection	20000	A43	1440	1440	0	300	0.2	PS	PS
259	1	0.0127001487760416	0.0025970736458334	0	0.5	1	0.0127001487760416	0.0025970736458334	LMMNoCorrection	20000	A44	1440	1440	0	300	0.2	LAT	LAT
260	2	0.0127001487760416	0.0025970736458334	0	1	1	0.0127001487760416	0.0025970736458334	LMMNoCorrection	20000	A44	1440	1440	0	300	0.2	LAT	PS
261	3	0.11940875902651	1.06372816805556	0	0	0	0.11940875902651	1.06372816805556	LMMNoCorrection	20000	A44	1440	1440	0	300	0.2	DIAG	LAT
262	4	0.11940875902651	1.06372816805556	0	0	0	0.11940875902651	1.06372816805556	LMMNoCorrection	20000	A44	1440	1440	0	300	0.2	DIAG	PS
263	5	0.024871951489757	0.0171379831597223	0	1	1	0.024871951489757	0.0171379831597223	LMMNoCorrection	20000	A44	1440	1440	0	300	0.2	PS	LAT
264	6	0.024871951489757	0.0171379831597223	0	1	1	0.024871951489757	0.0171379831597223	LMMNoCorrection	20000	A44	1440	1440	0	300	0.2	PS	PS
265	1	-0.101976311776562	-0.2284390128125	0	0	0	-0.101976311776562	-0.2284390128125	LMMNoCorrection	20000	A45	1440	1440	0	300	0.2	LAT	LAT
266	2	-0.101976311776562	-0.2284390128125	0	0	0.5	-0.101976311776562	-0.2284390128125	LMMNoCorrection	20000	A45	1440	1440	0	300	0.2	LAT	PS
267	3	-0.00831289648124999	-0.0109028744618056	0	1	1	-0.00831289648124999	-0.0109028744618056	LMMNoCorrection	20000	A45	1440	1440	0	300	0.2	DIAG	LAT
268	4	-0.00831289648124999	-0.0109028744618056	0	1	1	-0.00831289648124999	-0.0109028744618056	LMMNoCorrection	20000	A45	1440	1440	0	300	0.2	DIAG	PS
269	5	0.0580290985427083	0.331538050104166	0	0	0	0.0580290985427083	0.331538050104166	LMMNoCorrection	20000	A45	1440	1440	0	300	0.2	PS	LAT
270	6	0.0580290985427083	0.331538050104166	0	1	0	0.0580290985427083	0.331538050104166	LMMNoCorrection	20000	A45	1440	1440	0	300	0.2	PS	PS
271	1	0.0291196638392361	-0.240672775017361	0	0.5	0	0.0291196638392361	-0.240672775017361	LMMNoCorrection	20000	A46	1440	1440	0	300	0.2	LAT	LAT
272	2	0.0291196638392361	-0.240672775017361	0	1	0.5	0.0291196638392361	-0.240672775017361	LMMNoCorrection	20000	A46	1440	1440	0	300	0.2	LAT	PS
273	3	-0.158166625183334	0.251694289166667	0	0	0	-0.158166625183334	0.251694289166667	LMMNoCorrection	20000	A46	1440	1440	0	300	0.2	DIAG	LAT
274	4	-0.158166625183334	0.251694289166667	0	0	0	-0.158166625183334	0.251694289166667	LMMNoCorrection	20000	A46	1440	1440	0	300	0.2	DIAG	PS
275	5	-0.0476405540895834	-0.253829818611111	0	1	0	-0.0476405540895834	-0.253829818611111	LMMNoCorrection	20000	A46	1440	1440	0	300	0.2	PS	LAT
276	6	-0.0476405540895834	-0.253829818611111	0	0	0	-0.0476405540895834	-0.253829818611111	LMMNoCorrection	20000	A46	1440	1440	0	300	0.2	PS	PS
277	1	-0.0739366552302084	0.195553676423611	0	0.5	0	-0.0739366552302084	0.195553676423611	LMMNoCorrection	20000	A47	1440	1440	0	300	0.2	LAT	LAT
278	2	-0.0739366552302084	0.195553676423611	0	0	0	-0.0739366552302084	0.195553676423611	LMMNoCorrection	20000	A47	1440	1440	0	300	0.2	LAT	PS
279	3	0.0665717676189931	0.199022007135417	0	0	0	0.0665717676189931	0.199022007135417	LMMNoCorrection	20000	A47	1440	1440	0	300	0.2	DIAG	LAT
280	4	0.0665717676189931	0.199022007135417	0	0.5	0	0.0665717676189931	0.199022007135417	LMMNoCorrection	20000	A47	1440	1440	0	300	0.2	DIAG	PS
281	5	-0.176065742805729	-1.01105662128472	0	0	0	-0.176065742805729	-1.01105662128472	LMMNoCorrection	20000	A47	1440	1440	0	300	0.2	PS	LAT
282	6	-0.176065742805729	-1.01105662128472	0	0	0	-0.176065742805729	-1.01105662128472	LMMNoCorrection	20000	A47	1440	1440	0	300	0.2	PS	PS
283	1	-0.0217322036067534	0.0941189521006946	0	0	0.5	-0.0217322036067534	0.0941189521006946	LMMNoCorrection	20000	A48	1440	1440	0	300	0.2	LAT	LAT
284	2	-0.0217322036067534	0.0941189521006946	0	1	1	-0.0217322036067534	0.0941189521006946	LMMNoCorrection	20000	A48	1440	1440	0	300	0.2	LAT	PS
285	3	0.0655937210272222	0.15463890814236	0	0	0.5	0.0655937210272222	0.15463890814236	LMMNoCorrection	20000	A48	1440	1440	0	300	0.2	DIAG	LAT
286	4	0.0655937210272222	0.15463890814236	0	0.5	0	0.0655937210272222	0.15463890814236	LMMNoCorrection	20000	A48	1440	1440	0	300	0.2	DIAG	PS
287	5	0.0271383867549479	-0.257562035173611	0	1	0	0.0271383867549479	-0.257562035173611	LMMNoCorrection	20000	A48	1440	1440	0	300	0.2	PS	LAT
288	6	0.0271383867549479	-0.257562035173611	0	0.5	0	0.0271383867549479	-0.257562035173611	LMMNoCorrection	20000	A48	1440	1440	0	300	0.2	PS	PS
289	1	-0.0203806759708333	0.357181784618056	0	0.5	0	-0.0203806759708333	0.357181784618056	LMMNoCorrection	20000	A49	1440	1440	0	300	0.2	LAT	LAT
290	2	-0.0203806759708333	0.357181784618056	0	0.5	0	-0.0203806759708333	0.357181784618056	LMMNoCorrection	20000	A49	1440	1440	0	300	0.2	LAT	PS
291	3	0.21464462616493	0.670930438802083	0	0	0	0.21464462616493	0.670930438802083	LMMNoCorrection	20000	A49	1440	1440	0	300	0.2	DIAG	LAT
292	4	0.21464462616493	0.670930438802083	0	0	0	0.21464462616493	0.670930438802083	LMMNoCorrection	20000	A49	1440	1440	0	300	0.2	DIAG	PS
293	5	0.0366666439737847	0.317066194444445	0	1	0	0.0366666439737847	0.317066194444445	LMMNoCorrection	20000	A49	1440	1440	0	300	0.2	PS	LAT
294	6	0.0366666439737847	0.317066194444445	0	0	0	0.0366666439737847	0.317066194444445	LMMNoCorrection	20000	A49	1440	1440	0	300	0.2	PS	PS
295	1	-0.0348953112152778	-0.0316192866666667	0	1	1	-0.0348953112152778	-0.0316192866666667	LMMNoCorrection	20000	A50	1440	1440	0	300	0.2	LAT	LAT
296	2	-0.0348953112152778	-0.0316192866666667	0	0.5	0.5	-0.0348953112152778	-0.0316192866666667	LMMNoCorrection	20000	A50	1440	1440	0	300	0.2	LAT	PS
297	3	0.0430618281151042	-0.0412315590972225	0	1	0.5	0.0430618281151042	-0.0412315590972225	LMMNoCorrection	20000	A50	1440	1440	0	300	0.2	DIAG	LAT
298	4	0.0430618281151042	-0.0412315590972225	0	0.5	1	0.0430618281151042	-0.0412315590972225	LMMNoCorrection	20000	A50	1440	1440	0	300	0.2	DIAG	PS
299	5	0.128876786616146	0.727614539687501	0	0	0	0.128876786616146	0.727614539687501	LMMNoCorrection	20000	A50	1440	1440	0	300	0.2	PS	LAT
300	6	0.128876786616146	0.727614539687501	0	0	0	0.128876786616146	0.727614539687501	LMMNoCorrection	20000	A50	1440	1440	0	300	0.2	PS	PS
301	1	-0.0131434627099652	0.191886032361112	0	1	0	-0.0131434627099652	0.191886032361112	LMMNoCorrection	20000	A51	1440	1440	0	300	0.2	LAT	LAT
302	2	-0.0131434627099652	0.191886032361112	0	1	0	-0.0131434627099652	0.191886032361112	LMMNoCorrection	20000	A51	1440	1440	0	300	0.2	LAT	PS
303	3	-0.08526613404	-0.0749371533680556	0	0	0.5	-0.08526613404	-0.0749371533680556	LMMNoCorrection	20000	A51	1440	1440	0	300	0.2	DIAG	LAT
304	4	-0.08526613404	-0.0749371533680556	0	0	1	-0.08526613404	-0.0749371533680556	LMMNoCorrection	20000	A51	1440	1440	0	300	0.2	DIAG	PS
305	5	-0.0497035816812498	0.143011857065972	0	0	0	-0.0497035816812498	0.143011857065972	LMMNoCorrection	20000	A51	1440	1440	0	300	0.2	PS	LAT
306	6	-0.0497035816812498	0.143011857065972	0	0	0.5	-0.0497035816812498	0.143011857065972	LMMNoCorrection	20000	A51	1440	1440	0	300	0.2	PS	PS
307	1	-0.016947817320139	-0.504500182899305	0	1	0	-0.016947817320139	-0.504500182899305	LMMNoCorrection	20000	A52	1440	1440	0	300	0.2	LAT	LAT
308	2	-0.016947817320139	-0.504500182899305	0	1	0	-0.016947817320139	-0.504500182899305	LMMNoCorrection	20000	A52	1440	1440	0	300	0.2	LAT	PS
309	3	0.00190454293628473	0.377297394496528	0	1	0	0.00190454293628473	0.377297394496528	LMMNoCorrection	20000	A52	1440	1440	0	300	0.2	DIAG	LAT
310	4	0.00190454293628473	0.377297394496528	0	1	0	0.00190454293628473	0.377297394496528	LMMNoCorrection	20000	A52	1440	1440	0	300	0.2	DIAG	PS
311	5	-0.0442530888576389	-0.978240842170138	0	1	0	-0.0442530888576389	-0.978240842170138	LMMNoCorrection	20000	A52	1440	1440	0	300	0.2	PS	LAT
312	6	-0.0442530888576389	-0.978240842170138	0	0	0	-0.0442530888576389	-0.978240842170138	LMMNoCorrection	20000	A52	1440	1440	0	300	0.2	PS	PS
313	1	0.0393885254746524	0.347226046545139	0	0	0	0.0393885254746524	0.347226046545139	LMMNoCorrection	20000	A53	1440	1440	0	300	0.2	LAT	LAT
314	2	0.0393885254746524	0.347226046545139	0	0.5	0	0.0393885254746524	0.347226046545139	LMMNoCorrection	20000	A53	1440	1440	0	300	0.2	LAT	PS
315	3	0.0236264838242709	0.329875542604166	0	1	0	0.0236264838242709	0.329875542604166	LMMNoCorrection	20000	A53	1440	1440	0	300	0.2	DIAG	LAT
316	4	0.0236264838242709	0.329875542604166	0	1	0.5	0.0236264838242709	0.329875542604166	LMMNoCorrection	20000	A53	1440	1440	0	300	0.2	DIAG	PS
317	5	-0.00441664478819445	0.148643065815973	0	1	0	-0.00441664478819445	0.148643065815973	LMMNoCorrection	20000	A53	1440	1440	0	300	0.2	PS	LAT
318	6	-0.00441664478819445	0.148643065815973	0	1	0	-0.00441664478819445	0.148643065815973	LMMNoCorrection	20000	A53	1440	1440	0	300	0.2	PS	PS
319	1	0.0127414195088542	0.281122138645833	0	0	0	0.0127414195088542	0.281122138645833	LMMNoCorrection	20000	A54	1440	1440	0	300	0.2	LAT	LAT
320	2	0.0127414195088542	0.281122138645833	0	0.5	0	0.0127414195088542	0.281122138645833	LMMNoCorrection	20000	A54	1440	1440	0	300	0.2	LAT	PS
321	3	-0.0374964940444445	-0.0604268555555556	0	0	0.5	-0.0374964940444445	-0.0604268555555556	LMMNoCorrection	20000	A54	1440	1440	0	300	0.2	DIAG	LAT
322	4	-0.0374964940444445	-0.0604268555555556	0	0.5	1	-0.0374964940444445	-0.0604268555555556	LMMNoCorrection	20000	A54	1440	1440	0	300	0.2	DIAG	PS
323	5	0.00637508444461806	-0.262582676770833	0	1	0.5	0.00637508444461806	-0.262582676770833	LMMNoCorrection	20000	A54	1440	1440	0	300	0.2	PS	LAT
324	6	0.00637508444461806	-0.262582676770833	0	1	0	0.00637508444461806	-0.262582676770833	LMMNoCorrection	20000	A54	1440	1440	0	300	0.2	PS	PS
325	1	0.0793743396793402	0.0618436294270831	0	0	0.5	0.0793743396793402	0.0618436294270831	LMMNoCorrection	20000	A55	1440	1440	0	300	0.2	LAT	LAT
326	2	0.0793743396793402	0.0618436294270831	0	0	1	0.0793743396793402	0.0618436294270831	LMMNoCorrection	20000	A55	1440	1440	0	300	0.2	LAT	PS
327	3	0.018883307855382	0.303440436128472	0	1	0	0.018883307855382	0.303440436128472	LMMNoCorrection	20000	A55	1440	1440	0	300	0.2	DIAG	LAT
328	4	0.018883307855382	0.303440436128472	0	0.5	0.5	0.018883307855382	0.303440436128472	LMMNoCorrection	20000	A55	1440	1440	0	300	0.2	DIAG	PS
329	5	0.0279004700659722	0.139500626597222	0	1	0.5	0.0279004700659722	0.139500626597222	LMMNoCorrection	20000	A55	1440	1440	0	300	0.2	PS	LAT
330	6	0.0279004700659722	0.139500626597222	0	1	0	0.0279004700659722	0.139500626597222	LMMNoCorrection	20000	A55	1440	1440	0	300	0.2	PS	PS
331	1	-0.0309966504793577	-0.362541182482639	0	0.5	0	-0.0309966504793577	-0.362541182482639	LMMNoCorrection	20000	A56	1440	1440	0	300	0.2	LAT	LAT
332	2	-0.0309966504793577	-0.362541182482639	0	1	0	-0.0309966504793577	-0.362541182482639	LMMNoCorrection	20000	A56	1440	1440	0	300	0.2	LAT	PS
333	3	0.0494971278567709	0.364833884097222	0	1	0	0.0494971278567709	0.364833884097222	LMMNoCorrection	20000	A56	1440	1440	0	300	0.2	DIAG	LAT
334	4	0.0494971278567709	0.364833884097222	0	0.5	0	0.0494971278567709	0.364833884097222	LMMNoCorrection	20000	A56	1440	1440	0	300	0.2	DIAG	PS
335	5	-0.0726114004447916	-0.201576108767361	0	0	0	-0.0726114004447916	-0.201576108767361	LMMNoCorrection	20000	A56	1440	1440	0	300	0.2	PS	LAT
336	6	-0.0726114004447916	-0.201576108767361	0	0.5	0	-0.0726114004447916	-0.201576108767361	LMMNoCorrection	20000	A56	1440	1440	0	300	0.2	PS	PS
337	1	-0.0207081178883681	0.602456544895833	0	1	0	-0.0207081178883681	0.602456544895833	LMMNoCorrection	20000	A57	1440	1440	0	300	0.2	LAT	LAT
338	2	-0.0207081178883681	0.602456544895833	0	1	0	-0.0207081178883681	0.602456544895833	LMMNoCorrection	20000	A57	1440	1440	0	300	0.2	LAT	PS
339	3	0.0141615818923612	0.0523932942534725	0	1	1	0.0141615818923612	0.0523932942534725	LMMNoCorrection	20000	A57	1440	1440	0	300	0.2	DIAG	LAT
340	4	0.0141615818923612	0.0523932942534725	0	0.5	0.5	0.0141615818923612	0.0523932942534725	LMMNoCorrection	20000	A57	1440	1440	0	300	0.2	DIAG	PS
341	5	-0.0534613673690973	-0.269249118645834	0	0.5	0	-0.0534613673690973	-0.269249118645834	LMMNoCorrection	20000	A57	1440	1440	0	300	0.2	PS	LAT
342	6	-0.0534613673690973	-0.269249118645834	0	0.5	0	-0.0534613673690973	-0.269249118645834	LMMNoCorrection	20000	A57	1440	1440	0	300	0.2	PS	PS
343	1	0.0433783235965278	0.163234943645834	0	1	1	0.0433783235965278	0.163234943645834	LMMNoCorrection	20000	A58	1440	1440	0	300	0.2	LAT	LAT
344	2	0.0433783235965278	0.163234943645834	0	0	0.5	0.0433783235965278	0.163234943645834	LMMNoCorrection	20000	A58	1440	1440	0	300	0.2	LAT	PS
345	3	-0.0234040240505208	0.133292974270833	0	0.5	0.5	-0.0234040240505208	0.133292974270833	LMMNoCorrection	20000	A58	1440	1440	0	300	0.2	DIAG	LAT
346	4	-0.0234040240505208	0.133292974270833	0	0.5	0.5	-0.0234040240505208	0.133292974270833	LMMNoCorrection	20000	A58	1440	1440	0	300	0.2	DIAG	PS
347	5	-0.049545129476389	0.0769029970486111	0	1	1	-0.049545129476389	0.0769029970486111	LMMNoCorrection	20000	A58	1440	1440	0	300	0.2	PS	LAT
348	6	-0.049545129476389	0.0769029970486111	0	0	1	-0.049545129476389	0.0769029970486111	LMMNoCorrection	20000	A58	1440	1440	0	300	0.2	PS	PS
349	1	-0.0331653632991495	0.000495839756944571	0	0.5	1	-0.0331653632991495	0.000495839756944571	LMMNoCorrection	20000	A59	1440	1440	0	300	0.2	LAT	LAT
350	2	-0.0331653632991495	0.000495839756944571	0	1	1	-0.0331653632991495	0.000495839756944571	LMMNoCorrection	20000	A59	1440	1440	0	300	0.2	LAT	PS
351	3	-0.0717381569086805	-0.273954307951389	0	0	0.5	-0.0717381569086805	-0.273954307951389	LMMNoCorrection	20000	A59	1440	1440	0	300	0.2	DIAG	LAT
352	4	-0.0717381569086805	-0.273954307951389	0	0	0	-0.0717381569086805	-0.273954307951389	LMMNoCorrection	20000	A59	1440	1440	0	300	0.2	DIAG	PS
353	5	-0.0820877307479166	0.15164801359375	0	0	0	-0.0820877307479166	0.15164801359375	LMMNoCorrection	20000	A59	1440	1440	0	300	0.2	PS	LAT
354	6	-0.0820877307479166	0.15164801359375	0	0.5	0	-0.0820877307479166	0.15164801359375	LMMNoCorrection	20000	A59	1440	1440	0	300	0.2	PS	PS
355	1	0.107112295383854	0.26864910421875	0	0	0.5	0.107112295383854	0.26864910421875	LMMNoCorrection	20000	A60	1440	1440	0	300	0.2	LAT	LAT
356	2	0.107112295383854	0.26864910421875	0	0	0	0.107112295383854	0.26864910421875	LMMNoCorrection	20000	A60	1440	1440	0	300	0.2	LAT	PS
357	3	0.0407939700885416	0.0138322481597221	0	0	0.5	0.0407939700885416	0.0138322481597221	LMMNoCorrection	20000	A60	1440	1440	0	300	0.2	DIAG	LAT
358	4	0.0407939700885416	0.0138322481597221	0	0	1	0.0407939700885416	0.0138322481597221	LMMNoCorrection	20000	A60	1440	1440	0	300	0.2	DIAG	PS
359	5	-0.0539356545512153	0.10420440109375	0	0.5	0.5	-0.0539356545512153	0.10420440109375	LMMNoCorrection	20000	A60	1440	1440	0	300	0.2	PS	LAT
360	6	-0.0539356545512153	0.10420440109375	0	0.5	0.5	-0.0539356545512153	0.10420440109375	LMMNoCorrection	20000	A60	1440	1440	0	300	0.2	PS	PS
361	1	-0.120466796118576	-0.0625971417708342	0	0	0.5	-0.120466796118576	-0.0625971417708342	LMMNoCorrection	20000	A61	1440	1440	0	300	0.2	LAT	LAT
362	2	-0.120466796118576	-0.0625971417708342	0	0	1	-0.120466796118576	-0.0625971417708342	LMMNoCorrection	20000	A61	1440	1440	0	300	0.2	LAT	PS
363	3	-0.0683766536684027	-0.204030474027778	0	0	1	-0.0683766536684027	-0.204030474027778	LMMNoCorrection	20000	A61	1440	1440	0	300	0.2	DIAG	LAT
364	4	-0.0683766536684027	-0.204030474027778	0	0	0.5	-0.0683766536684027	-0.204030474027778	LMMNoCorrection	20000	A61	1440	1440	0	300	0.2	DIAG	PS
365	5	-0.0472839124358507	-0.213387849340278	0	1	0	-0.0472839124358507	-0.213387849340278	LMMNoCorrection	20000	A61	1440	1440	0	300	0.2	PS	LAT
366	6	-0.0472839124358507	-0.213387849340278	0	1	0	-0.0472839124358507	-0.213387849340278	LMMNoCorrection	20000	A61	1440	1440	0	300	0.2	PS	PS
367	1	-0.0932206860305555	-0.326179080590277	0	0	0	-0.0932206860305555	-0.326179080590277	LMMNoCorrection	20000	A62	1440	1440	0	300	0.2	LAT	LAT
368	2	-0.0932206860305555	-0.326179080590277	0	0	0	-0.0932206860305555	-0.326179080590277	LMMNoCorrection	20000	A62	1440	1440	0	300	0.2	LAT	PS
369	3	-0.0530131274310765	-0.295466965902778	0	0.5	0	-0.0530131274310765	-0.295466965902778	LMMNoCorrection	20000	A62	1440	1440	0	300	0.2	DIAG	LAT
370	4	-0.0530131274310765	-0.295466965902778	0	0	0	-0.0530131274310765	-0.295466965902778	LMMNoCorrection	20000	A62	1440	1440	0	300	0.2	DIAG	PS
371	5	0.0690419853559028	-0.186669372204861	0	0.5	0	0.0690419853559028	-0.186669372204861	LMMNoCorrection	20000	A62	1440	1440	0	300	0.2	PS	LAT
372	6	0.0690419853559028	-0.186669372204861	0	0	0	0.0690419853559028	-0.186669372204861	LMMNoCorrection	20000	A62	1440	1440	0	300	0.2	PS	PS
373	1	-0.0795964100085937	-0.229059117378472	0	0.5	0	-0.0795964100085937	-0.229059117378472	LMMNoCorrection	20000	A63	1440	1440	0	300	0.2	LAT	LAT
374	2	-0.0795964100085937	-0.229059117378472	0	0	0	-0.0795964100085937	-0.229059117378472	LMMNoCorrection	20000	A63	1440	1440	0	300	0.2	LAT	PS
375	3	0.0154873973402778	-0.772814339652778	0	1	0	0.0154873973402778	-0.772814339652778	LMMNoCorrection	20000	A63	1440	1440	0	300	0.2	DIAG	LAT
376	4	0.0154873973402778	-0.772814339652778	0	0.5	0	0.0154873973402778	-0.772814339652778	LMMNoCorrection	20000	A63	1440	1440	0	300	0.2	DIAG	PS
377	5	0.0397534396094445	0.468135584236111	0	0	0	0.0397534396094445	0.468135584236111	LMMNoCorrection	20000	A63	1440	1440	0	300	0.2	PS	LAT
378	6	0.0397534396094445	0.468135584236111	0	1	0	0.0397534396094445	0.468135584236111	LMMNoCorrection	20000	A63	1440	1440	0	300	0.2	PS	PS
379	1	0.00876197170255196	-0.216037914253472	0	1	0	0.00876197170255196	-0.216037914253472	LMMNoCorrection	20000	A64	1440	1440	0	300	0.2	LAT	LAT
380	2	0.00876197170255196	-0.216037914253472	0	0.5	0	0.00876197170255196	-0.216037914253472	LMMNoCorrection	20000	A64	1440	1440	0	300	0.2	LAT	PS
381	3	-0.0165095114864583	-0.234852792413195	0	0.5	0	-0.0165095114864583	-0.234852792413195	LMMNoCorrection	20000	A64	1440	1440	0	300	0.2	DIAG	LAT
382	4	-0.0165095114864583	-0.234852792413195	0	1	0	-0.0165095114864583	-0.234852792413195	LMMNoCorrection	20000	A64	1440	1440	0	300	0.2	DIAG	PS
383	5	0.0692406029986111	-0.156599931614584	0	0	0	0.0692406029986111	-0.156599931614584	LMMNoCorrection	20000	A64	1440	1440	0	300	0.2	PS	LAT
384	6	0.0692406029986111	-0.156599931614584	0	0	0	0.0692406029986111	-0.156599931614584	LMMNoCorrection	20000	A64	1440	1440	0	300	0.2	PS	PS
385	1	0.0725488083269098	-0.1468666578125	0	0	0	0.0725488083269098	-0.1468666578125	LMMNoCorrection	20000	A65	1440	1440	0	300	0.2	LAT	LAT
386	2	0.0725488083269098	-0.1468666578125	0	0	0	0.0725488083269098	-0.1468666578125	LMMNoCorrection	20000	A65	1440	1440	0	300	0.2	LAT	PS
387	3	-0.155084237654861	-0.156550664809028	0	0	0.5	-0.155084237654861	-0.156550664809028	LMMNoCorrection	20000	A65	1440	1440	0	300	0.2	DIAG	LAT
388	4	-0.155084237654861	-0.156550664809028	0	0	0.5	-0.155084237654861	-0.156550664809028	LMMNoCorrection	20000	A65	1440	1440	0	300	0.2	DIAG	PS
389	5	0.0449798764806424	0.362974532048611	0	1	0.5	0.0449798764806424	0.362974532048611	LMMNoCorrection	20000	A65	1440	1440	0	300	0.2	PS	LAT
390	6	0.0449798764806424	0.362974532048611	0	1	0	0.0449798764806424	0.362974532048611	LMMNoCorrection	20000	A65	1440	1440	0	300	0.2	PS	PS
391	1	0.0709337155694618	0.00743922576388914	0	0	1	0.0709337155694618	0.00743922576388914	LMMNoCorrection	20000	A66	1440	1440	0	300	0.2	LAT	LAT
392	2	0.0709337155694618	0.00743922576388914	0	0.5	1	0.0709337155694618	0.00743922576388914	LMMNoCorrection	20000	A66	1440	1440	0	300	0.2	LAT	PS
393	3	0.0435634477197917	0.348128060243055	0	0	0	0.0435634477197917	0.348128060243055	LMMNoCorrection	20000	A66	1440	1440	0	300	0.2	DIAG	LAT
394	4	0.0435634477197917	0.348128060243055	0	0	0	0.0435634477197917	0.348128060243055	LMMNoCorrection	20000	A66	1440	1440	0	300	0.2	DIAG	PS
395	5	-0.133070128517361	-0.496494284305556	0	0	0	-0.133070128517361	-0.496494284305556	LMMNoCorrection	20000	A66	1440	1440	0	300	0.2	PS	LAT
396	6	-0.133070128517361	-0.496494284305556	0	0	0	-0.133070128517361	-0.496494284305556	LMMNoCorrection	20000	A66	1440	1440	0	300	0.2	PS	PS
397	1	-0.00665711026493053	0.271835513993055	0	1	0.5	-0.00665711026493053	0.271835513993055	LMMNoCorrection	20000	A67	1440	1440	0	300	0.2	LAT	LAT
398	2	-0.00665711026493053	0.271835513993055	0	1	0	-0.00665711026493053	0.271835513993055	LMMNoCorrection	20000	A67	1440	1440	0	300	0.2	LAT	PS
399	3	-0.0211049137958335	-0.320538712048611	0	1	0	-0.0211049137958335	-0.320538712048611	LMMNoCorrection	20000	A67	1440	1440	0	300	0.2	DIAG	LAT
400	4	-0.0211049137958335	-0.320538712048611	0	1	0	-0.0211049137958335	-0.320538712048611	LMMNoCorrection	20000	A67	1440	1440	0	300	0.2	DIAG	PS
401	5	0.00546400524930557	-0.0996903147222224	0	0.5	1	0.00546400524930557	-0.0996903147222224	LMMNoCorrection	20000	A67	1440	1440	0	300	0.2	PS	LAT
402	6	0.00546400524930557	-0.0996903147222224	0	1	0.5	0.00546400524930557	-0.0996903147222224	LMMNoCorrection	20000	A67	1440	1440	0	300	0.2	PS	PS
403	1	-0.00174939199618053	0.460514112569444	0	1	0	-0.00174939199618053	0.460514112569444	LMMNoCorrection	20000	A68	1440	1440	0	300	0.2	LAT	LAT
404	2	-0.00174939199618053	0.460514112569444	0	1	0	-0.00174939199618053	0.460514112569444	LMMNoCorrection	20000	A68	1440	1440	0	300	0.2	LAT	PS
405	3	-0.00471365039583333	0.259832350451389	0	1	0.5	-0.00471365039583333	0.259832350451389	LMMNoCorrection	20000	A68	1440	1440	0	300	0.2	DIAG	LAT
406	4	-0.00471365039583333	0.259832350451389	0	1	0	-0.00471365039583333	0.259832350451389	LMMNoCorrection	20000	A68	1440	1440	0	300	0.2	DIAG	PS
407	5	-0.0629967122548613	0.229126762881945	0	0	0	-0.0629967122548613	0.229126762881945	LMMNoCorrection	20000	A68	1440	1440	0	300	0.2	PS	LAT
408	6	-0.0629967122548613	0.229126762881945	0	1	1	-0.0629967122548613	0.229126762881945	LMMNoCorrection	20000	A68	1440	1440	0	300	0.2	PS	PS
409	1	-0.040603659686632	-0.288405403559028	0	0.5	0	-0.040603659686632	-0.288405403559028	LMMNoCorrection	20000	A69	1440	1440	0	300	0.2	LAT	LAT
410	2	-0.040603659686632	-0.288405403559028	0	0	0	-0.040603659686632	-0.288405403559028	LMMNoCorrection	20000	A69	1440	1440	0	300	0.2	LAT	PS
411	3	0.0158795983364583	-0.0410108982291668	0	1	0.5	0.0158795983364583	-0.0410108982291668	LMMNoCorrection	20000	A69	1440	1440	0	300	0.2	DIAG	LAT
412	4	0.0158795983364583	-0.0410108982291668	0	1	1	0.0158795983364583	-0.0410108982291668	LMMNoCorrection	20000	A69	1440	1440	0	300	0.2	DIAG	PS
413	5	-0.133404452438889	-0.1936028434375	0	0	0	-0.133404452438889	-0.1936028434375	LMMNoCorrection	20000	A69	1440	1440	0	300	0.2	PS	LAT
414	6	-0.133404452438889	-0.1936028434375	0	0	0	-0.133404452438889	-0.1936028434375	LMMNoCorrection	20000	A69	1440	1440	0	300	0.2	PS	PS
415	1	-0.068348772360243	-0.269605390798611	0	0.5	0.5	-0.068348772360243	-0.269605390798611	LMMNoCorrection	20000	A70	1440	1440	0	300	0.2	LAT	LAT
416	2	-0.068348772360243	-0.269605390798611	0	0.5	0	-0.068348772360243	-0.269605390798611	LMMNoCorrection	20000	A70	1440	1440	0	300	0.2	LAT	PS
417	3	-0.102320151863368	-0.670592010104167	0	0	0	-0.102320151863368	-0.670592010104167	LMMNoCorrection	20000	A70	1440	1440	0	300	0.2	DIAG	LAT
418	4	-0.102320151863368	-0.670592010104167	0	0	0	-0.102320151863368	-0.670592010104167	LMMNoCorrection	20000	A70	1440	1440	0	300	0.2	DIAG	PS
419	5	-0.0803806063428818	-0.770088740746528	0	0.5	0	-0.0803806063428818	-0.770088740746528	LMMNoCorrection	20000	A70	1440	1440	0	300	0.2	PS	LAT
420	6	-0.0803806063428818	-0.770088740746528	0	0.5	0	-0.0803806063428818	-0.770088740746528	LMMNoCorrection	20000	A70	1440	1440	0	300	0.2	PS	PS
421	1	0.0205065217527778	-0.0308391556076384	0	0.5	1	0.0205065217527778	-0.0308391556076384	LMMNoCorrection	20000	A71	1440	1440	0	300	0.2	LAT	LAT
422	2	0.0205065217527778	-0.0308391556076384	0	0.5	1	0.0205065217527778	-0.0308391556076384	LMMNoCorrection	20000	A71	1440	1440	0	300	0.2	LAT	PS
423	3	-0.02428434825	-0.0852559569791674	0	1	1	-0.02428434825	-0.0852559569791674	LMMNoCorrection	20000	A71	1440	1440	0	300	0.2	DIAG	LAT
424	4	-0.02428434825	-0.0852559569791674	0	1	0	-0.02428434825	-0.0852559569791674	LMMNoCorrection	20000	A71	1440	1440	0	300	0.2	DIAG	PS
425	5	-0.0298482459652778	-0.36441543640625	0	0.5	0	-0.0298482459652778	-0.36441543640625	LMMNoCorrection	20000	A71	1440	1440	0	300	0.2	PS	LAT
426	6	-0.0298482459652778	-0.36441543640625	0	0	0	-0.0298482459652778	-0.36441543640625	LMMNoCorrection	20000	A71	1440	1440	0	300	0.2	PS	PS
427	1	0.0258191063253994	0.0996910471180558	0	0.5	1	0.0258191063253994	0.0996910471180558	LMMNoCorrection	20000	A72	1440	1440	0	300	0.2	LAT	LAT
428	2	0.0258191063253994	0.0996910471180558	0	1	0.5	0.0258191063253994	0.0996910471180558	LMMNoCorrection	20000	A72	1440	1440	0	300	0.2	LAT	PS
429	3	0.06803074275	-0.14467664859375	0	0.5	0	0.06803074275	-0.14467664859375	LMMNoCorrection	20000	A72	1440	1440	0	300	0.2	DIAG	LAT
430	4	0.06803074275	-0.14467664859375	0	0.5	0	0.06803074275	-0.14467664859375	LMMNoCorrection	20000	A72	1440	1440	0	300	0.2	DIAG	PS
431	5	0.123841149590972	0.530157634843749	0	0	0	0.123841149590972	0.530157634843749	LMMNoCorrection	20000	A72	1440	1440	0	300	0.2	PS	LAT
432	6	0.123841149590972	0.530157634843749	0	0	0	0.123841149590972	0.530157634843749	LMMNoCorrection	20000	A72	1440	1440	0	300	0.2	PS	PS
433	1	0.0408956075932292	0.252015838524306	0	0.5	0	0.0408956075932292	0.252015838524306	LMMNoCorrection	20000	A73	1440	1440	0	300	0.2	LAT	LAT
434	2	0.0408956075932292	0.252015838524306	0	0.5	0	0.0408956075932292	0.252015838524306	LMMNoCorrection	20000	A73	1440	1440	0	300	0.2	LAT	PS
435	3	0.0544567555692882	0.169476169600695	0	1	0.5	0.0544567555692882	0.169476169600695	LMMNoCorrection	20000	A73	1440	1440	0	300	0.2	DIAG	LAT
436	4	0.0544567555692882	0.169476169600695	0	0.5	0	0.0544567555692882	0.169476169600695	LMMNoCorrection	20000	A73	1440	1440	0	300	0.2	DIAG	PS
437	5	-0.00587827245381938	0.0068424610763886	0	0.5	1	-0.00587827245381938	0.0068424610763886	LMMNoCorrection	20000	A73	1440	1440	0	300	0.2	PS	LAT
438	6	-0.00587827245381938	0.0068424610763886	0	0.5	1	-0.00587827245381938	0.0068424610763886	LMMNoCorrection	20000	A73	1440	1440	0	300	0.2	PS	PS
439	1	0.081742212717552	-0.314018564218751	0	0	0	0.081742212717552	-0.314018564218751	LMMNoCorrection	20000	A74	1440	1440	0	300	0.2	LAT	LAT
440	2	0.081742212717552	-0.314018564218751	0	0	0	0.081742212717552	-0.314018564218751	LMMNoCorrection	20000	A74	1440	1440	0	300	0.2	LAT	PS
441	3	-0.0497658294451389	-0.349865055659722	0	0	0	-0.0497658294451389	-0.349865055659722	LMMNoCorrection	20000	A74	1440	1440	0	300	0.2	DIAG	LAT
442	4	-0.0497658294451389	-0.349865055659722	0	0	0	-0.0497658294451389	-0.349865055659722	LMMNoCorrection	20000	A74	1440	1440	0	300	0.2	DIAG	PS
443	5	0.0676738094692708	0.398851859965278	0	0.5	0	0.0676738094692708	0.398851859965278	LMMNoCorrection	20000	A74	1440	1440	0	300	0.2	PS	LAT
444	6	0.0676738094692708	0.398851859965278	0	0.5	0	0.0676738094692708	0.398851859965278	LMMNoCorrection	20000	A74	1440	1440	0	300	0.2	PS	PS
445	1	-0.122332111175	-0.169651516840278	0	0	0	-0.122332111175	-0.169651516840278	LMMNoCorrection	20000	A75	1440	1440	0	300	0.2	LAT	LAT
446	2	-0.122332111175	-0.169651516840278	0	0	0.5	-0.122332111175	-0.169651516840278	LMMNoCorrection	20000	A75	1440	1440	0	300	0.2	LAT	PS
447	3	0.0954558620131597	0.568837171458333	0	0	0	0.0954558620131597	0.568837171458333	LMMNoCorrection	20000	A75	1440	1440	0	300	0.2	DIAG	LAT
448	4	0.0954558620131597	0.568837171458333	0	0	0	0.0954558620131597	0.568837171458333	LMMNoCorrection	20000	A75	1440	1440	0	300	0.2	DIAG	PS
449	5	0.153808665988368	0.408312888315972	0	0	0	0.153808665988368	0.408312888315972	LMMNoCorrection	20000	A75	1440	1440	0	300	0.2	PS	LAT
450	6	0.153808665988368	0.408312888315972	0	0	0	0.153808665988368	0.408312888315972	LMMNoCorrection	20000	A75	1440	1440	0	300	0.2	PS	PS
451	1	-0.0418713021673612	-0.058135338541667	0	0	1	-0.0418713021673612	-0.058135338541667	LMMNoCorrection	20000	A76	1440	1440	0	300	0.2	LAT	LAT
452	2	-0.0418713021673612	-0.058135338541667	0	0.5	0.5	-0.0418713021673612	-0.058135338541667	LMMNoCorrection	20000	A76	1440	1440	0	300	0.2	LAT	PS
453	3	0.0552147915161458	0.377859078315972	0	0.5	0	0.0552147915161458	0.377859078315972	LMMNoCorrection	20000	A76	1440	1440	0	300	0.2	DIAG	LAT
454	4	0.0552147915161458	0.377859078315972	0	0.5	0	0.0552147915161458	0.377859078315972	LMMNoCorrection	20000	A76	1440	1440	0	300	0.2	DIAG	PS
455	5	-0.0195511094633681	-0.674617127239583	0	0.5	0	-0.0195511094633681	-0.674617127239583	LMMNoCorrection	20000	A76	1440	1440	0	300	0.2	PS	LAT
456	6	-0.0195511094633681	-0.674617127239583	0	0.5	0	-0.0195511094633681	-0.674617127239583	LMMNoCorrection	20000	A76	1440	1440	0	300	0.2	PS	PS
457	1	0.0380294657186805	-0.224821770434027	0	0.5	0	0.0380294657186805	-0.224821770434027	LMMNoCorrection	20000	A77	1440	1440	0	300	0.2	LAT	LAT
458	2	0.0380294657186805	-0.224821770434027	0	1	0	0.0380294657186805	-0.224821770434027	LMMNoCorrection	20000	A77	1440	1440	0	300	0.2	LAT	PS
459	3	0.0856655374444444	0.424640397621527	0	0	0	0.0856655374444444	0.424640397621527	LMMNoCorrection	20000	A77	1440	1440	0	300	0.2	DIAG	LAT
460	4	0.0856655374444444	0.424640397621527	0	0	0	0.0856655374444444	0.424640397621527	LMMNoCorrection	20000	A77	1440	1440	0	300	0.2	DIAG	PS
461	5	-0.113260240759549	-0.715616119201389	0	0	0	-0.113260240759549	-0.715616119201389	LMMNoCorrection	20000	A77	1440	1440	0	300	0.2	PS	LAT
462	6	-0.113260240759549	-0.715616119201389	0	0	0	-0.113260240759549	-0.715616119201389	LMMNoCorrection	20000	A77	1440	1440	0	300	0.2	PS	PS
463	1	0.0429970793295139	0.580585358489583	0	0.5	0	0.0429970793295139	0.580585358489583	LMMNoCorrection	20000	A78	1440	1440	0	300	0.2	LAT	LAT
464	2	0.0429970793295139	0.580585358489583	0	0.5	0	0.0429970793295139	0.580585358489583	LMMNoCorrection	20000	A78	1440	1440	0	300	0.2	LAT	PS
465	3	-0.0484083064560764	0.37144237921875	0	0.5	0	-0.0484083064560764	0.37144237921875	LMMNoCorrection	20000	A78	1440	1440	0	300	0.2	DIAG	LAT
466	4	-0.0484083064560764	0.37144237921875	0	0.5	0	-0.0484083064560764	0.37144237921875	LMMNoCorrection	20000	A78	1440	1440	0	300	0.2	DIAG	PS
467	5	-0.074429740790972	-0.0290321582812499	0	0.5	1	-0.074429740790972	-0.0290321582812499	LMMNoCorrection	20000	A78	1440	1440	0	300	0.2	PS	LAT
468	6	-0.074429740790972	-0.0290321582812499	0	0	0.5	-0.074429740790972	-0.0290321582812499	LMMNoCorrection	20000	A78	1440	1440	0	300	0.2	PS	PS
469	1	-0.0511310947376737	-0.317344725954861	0	0.5	0	-0.0511310947376737	-0.317344725954861	LMMNoCorrection	20000	A79	1440	1440	0	300	0.2	LAT	LAT
470	2	-0.0511310947376737	-0.317344725954861	0	0	0	-0.0511310947376737	-0.317344725954861	LMMNoCorrection	20000	A79	1440	1440	0	300	0.2	LAT	PS
471	3	-0.0670495905322918	0.116994544409722	0	0	0.5	-0.0670495905322918	0.116994544409722	LMMNoCorrection	20000	A79	1440	1440	0	300	0.2	DIAG	LAT
472	4	-0.0670495905322918	0.116994544409722	0	0	0.5	-0.0670495905322918	0.116994544409722	LMMNoCorrection	20000	A79	1440	1440	0	300	0.2	DIAG	PS
473	5	-0.154339517073993	-0.624380788940972	0	0	0	-0.154339517073993	-0.624380788940972	LMMNoCorrection	20000	A79	1440	1440	0	300	0.2	PS	LAT
474	6	-0.154339517073993	-0.624380788940972	0	0	0	-0.154339517073993	-0.624380788940972	LMMNoCorrection	20000	A79	1440	1440	0	300	0.2	PS	PS
475	1	-0.134620301246354	-0.344158177569444	0	0	0	-0.134620301246354	-0.344158177569444	LMMNoCorrection	20000	A80	1440	1440	0	300	0.2	LAT	LAT
476	2	-0.134620301246354	-0.344158177569444	0	0	0	-0.134620301246354	-0.344158177569444	LMMNoCorrection	20000	A80	1440	1440	0	300	0.2	LAT	PS
477	3	-0.0432809054331597	-0.861279940954862	0	0.5	0	-0.0432809054331597	-0.861279940954862	LMMNoCorrection	20000	A80	1440	1440	0	300	0.2	DIAG	LAT
478	4	-0.0432809054331597	-0.861279940954862	0	0	0	-0.0432809054331597	-0.861279940954862	LMMNoCorrection	20000	A80	1440	1440	0	300	0.2	DIAG	PS
479	5	-0.0655658828998611	0.0781927058854166	0	0.5	0.5	-0.0655658828998611	0.0781927058854166	LMMNoCorrection	20000	A80	1440	1440	0	300	0.2	PS	LAT
480	6	-0.0655658828998611	0.0781927058854166	0	0	1	-0.0655658828998611	0.0781927058854166	LMMNoCorrection	20000	A80	1440	1440	0	300	0.2	PS	PS
481	1	-0.0442352084069444	0.00231070034722247	0	0.5	1	-0.0442352084069444	0.00231070034722247	LMMNoCorrection	20000	A81	1440	1440	0	300	0.2	LAT	LAT
482	2	-0.0442352084069444	0.00231070034722247	0	0.5	1	-0.0442352084069444	0.00231070034722247	LMMNoCorrection	20000	A81	1440	1440	0	300	0.2	LAT	PS
483	3	-0.0403986906579862	0.485705527690972	0	0.5	0	-0.0403986906579862	0.485705527690972	LMMNoCorrection	20000	A81	1440	1440	0	300	0.2	DIAG	LAT
484	4	-0.0403986906579862	0.485705527690972	0	0.5	0	-0.0403986906579862	0.485705527690972	LMMNoCorrection	20000	A81	1440	1440	0	300	0.2	DIAG	PS
485	5	0.0275353199739879	0.351188713142361	0	0.5	0	0.0275353199739879	0.351188713142361	LMMNoCorrection	20000	A81	1440	1440	0	300	0.2	PS	LAT
486	6	0.0275353199739879	0.351188713142361	0	0	0	0.0275353199739879	0.351188713142361	LMMNoCorrection	20000	A81	1440	1440	0	300	0.2	PS	PS
487	1	0.0154418042022569	0.00924736986111107	0	1	1	0.0154418042022569	0.00924736986111107	LMMNoCorrection	20000	A82	1440	1440	0	300	0.2	LAT	LAT
488	2	0.0154418042022569	0.00924736986111107	0	1	1	0.0154418042022569	0.00924736986111107	LMMNoCorrection	20000	A82	1440	1440	0	300	0.2	LAT	PS
489	3	-0.0885399854729167	-0.502515861510417	0	0.5	0	-0.0885399854729167	-0.502515861510417	LMMNoCorrection	20000	A82	1440	1440	0	300	0.2	DIAG	LAT
490	4	-0.0885399854729167	-0.502515861510417	0	0	0	-0.0885399854729167	-0.502515861510417	LMMNoCorrection	20000	A82	1440	1440	0	300	0.2	DIAG	PS
491	5	0.0308164089039237	-0.188088225590278	0	0.5	0	0.0308164089039237	-0.188088225590278	LMMNoCorrection	20000	A82	1440	1440	0	300	0.2	PS	LAT
492	6	0.0308164089039237	-0.188088225590278	0	0.5	0.5	0.0308164089039237	-0.188088225590278	LMMNoCorrection	20000	A82	1440	1440	0	300	0.2	PS	PS
493	1	0.0385824956994791	-0.202566688003472	0	1	0.5	0.0385824956994791	-0.202566688003472	LMMNoCorrection	20000	A83	1440	1440	0	300	0.2	LAT	LAT
494	2	0.0385824956994791	-0.202566688003472	0	0.5	0.5	0.0385824956994791	-0.202566688003472	LMMNoCorrection	20000	A83	1440	1440	0	300	0.2	LAT	PS
495	3	0.0301923193947917	0.419521248506945	0	0.5	0	0.0301923193947917	0.419521248506945	LMMNoCorrection	20000	A83	1440	1440	0	300	0.2	DIAG	LAT
496	4	0.0301923193947917	0.419521248506945	0	1	0	0.0301923193947917	0.419521248506945	LMMNoCorrection	20000	A83	1440	1440	0	300	0.2	DIAG	PS
497	5	-0.0882535618197916	-0.159870252569445	0	0	0	-0.0882535618197916	-0.159870252569445	LMMNoCorrection	20000	A83	1440	1440	0	300	0.2	PS	LAT
498	6	-0.0882535618197916	-0.159870252569445	0	0	0.5	-0.0882535618197916	-0.159870252569445	LMMNoCorrection	20000	A83	1440	1440	0	300	0.2	PS	PS
499	1	0.00556767107187502	-0.366020609861111	0	1	0	0.00556767107187502	-0.366020609861111	LMMNoCorrection	20000	A84	1440	1440	0	300	0.2	LAT	LAT
500	2	0.00556767107187502	-0.366020609861111	0	1	0	0.00556767107187502	-0.366020609861111	LMMNoCorrection	20000	A84	1440	1440	0	300	0.2	LAT	PS
501	3	-0.0336799826723959	-0.417641071944445	0	0.5	0	-0.0336799826723959	-0.417641071944445	LMMNoCorrection	20000	A84	1440	1440	0	300	0.2	DIAG	LAT
502	4	-0.0336799826723959	-0.417641071944445	0	1	0	-0.0336799826723959	-0.417641071944445	LMMNoCorrection	20000	A84	1440	1440	0	300	0.2	DIAG	PS
503	5	0.0227776041085069	-0.428619215295139	0	1	0	0.0227776041085069	-0.428619215295139	LMMNoCorrection	20000	A84	1440	1440	0	300	0.2	PS	LAT
504	6	0.0227776041085069	-0.428619215295139	0	1	0	0.0227776041085069	-0.428619215295139	LMMNoCorrection	20000	A84	1440	1440	0	300	0.2	PS	PS
505	1	0.0245399288786458	0.308239894670139	0	1	0	0.0245399288786458	0.308239894670139	LMMNoCorrection	20000	A85	1440	1440	0	300	0.2	LAT	LAT
506	2	0.0245399288786458	0.308239894670139	0	0	0	0.0245399288786458	0.308239894670139	LMMNoCorrection	20000	A85	1440	1440	0	300	0.2	LAT	PS
507	3	0.119937925915451	0.649209947760416	0	0	0	0.119937925915451	0.649209947760416	LMMNoCorrection	20000	A85	1440	1440	0	300	0.2	DIAG	LAT
508	4	0.119937925915451	0.649209947760416	0	0	0	0.119937925915451	0.649209947760416	LMMNoCorrection	20000	A85	1440	1440	0	300	0.2	DIAG	PS
509	5	-0.0271100495128298	0.186944061805556	0	0	0.5	-0.0271100495128298	0.186944061805556	LMMNoCorrection	20000	A85	1440	1440	0	300	0.2	PS	LAT
510	6	-0.0271100495128298	0.186944061805556	0	1	0	-0.0271100495128298	0.186944061805556	LMMNoCorrection	20000	A85	1440	1440	0	300	0.2	PS	PS
511	1	-0.0930048060215278	-0.360369263541667	0	0	0	-0.0930048060215278	-0.360369263541667	LMMNoCorrection	20000	A86	1440	1440	0	300	0.2	LAT	LAT
512	2	-0.0930048060215278	-0.360369263541667	0	0	0	-0.0930048060215278	-0.360369263541667	LMMNoCorrection	20000	A86	1440	1440	0	300	0.2	LAT	PS
513	3	-0.00827112336024447	-0.154541803576389	0	0.5	0.5	-0.00827112336024447	-0.154541803576389	LMMNoCorrection	20000	A86	1440	1440	0	300	0.2	DIAG	LAT
514	4	-0.00827112336024447	-0.154541803576389	0	1	0	-0.00827112336024447	-0.154541803576389	LMMNoCorrection	20000	A86	1440	1440	0	300	0.2	DIAG	PS
515	5	-0.0788228049711805	-0.875493756250001	0	0	0	-0.0788228049711805	-0.875493756250001	LMMNoCorrection	20000	A86	1440	1440	0	300	0.2	PS	LAT
516	6	-0.0788228049711805	-0.875493756250001	0	1	0	-0.0788228049711805	-0.875493756250001	LMMNoCorrection	20000	A86	1440	1440	0	300	0.2	PS	PS
517	1	-0.0106675989	-0.673780118333335	0	1	0	-0.0106675989	-0.673780118333335	LMMNoCorrection	20000	A87	1440	1440	0	300	0.2	LAT	LAT
518	2	-0.0106675989	-0.673780118333335	0	1	0	-0.0106675989	-0.673780118333335	LMMNoCorrection	20000	A87	1440	1440	0	300	0.2	LAT	PS
519	3	0.0277222683684201	0.33628787560764	0	1	0	0.0277222683684201	0.33628787560764	LMMNoCorrection	20000	A87	1440	1440	0	300	0.2	DIAG	LAT
520	4	0.0277222683684201	0.33628787560764	0	0.5	0	0.0277222683684201	0.33628787560764	LMMNoCorrection	20000	A87	1440	1440	0	300	0.2	DIAG	PS
521	5	0.0148365627365556	-0.0573416671527777	0	0.5	0.5	0.0148365627365556	-0.0573416671527777	LMMNoCorrection	20000	A87	1440	1440	0	300	0.2	PS	LAT
522	6	0.0148365627365556	-0.0573416671527777	0	0.5	1	0.0148365627365556	-0.0573416671527777	LMMNoCorrection	20000	A87	1440	1440	0	300	0.2	PS	PS
523	1	-0.125107612974132	0.022540916302083	0	0	1	-0.125107612974132	0.022540916302083	LMMNoCorrection	20000	A88	1440	1440	0	300	0.2	LAT	LAT
524	2	-0.125107612974132	0.022540916302083	0	0	0.5	-0.125107612974132	0.022540916302083	LMMNoCorrection	20000	A88	1440	1440	0	300	0.2	LAT	PS
525	3	0.0161227590864583	0.373211450642361	0	1	0	0.0161227590864583	0.373211450642361	LMMNoCorrection	20000	A88	1440	1440	0	300	0.2	DIAG	LAT
526	4	0.0161227590864583	0.373211450642361	0	1	0	0.0161227590864583	0.373211450642361	LMMNoCorrection	20000	A88	1440	1440	0	300	0.2	DIAG	PS
527	5	-0.0747378059930556	-0.210217359079861	0	1	0	-0.0747378059930556	-0.210217359079861	LMMNoCorrection	20000	A88	1440	1440	0	300	0.2	PS	LAT
528	6	-0.0747378059930556	-0.210217359079861	0	0	0	-0.0747378059930556	-0.210217359079861	LMMNoCorrection	20000	A88	1440	1440	0	300	0.2	PS	PS
529	1	-0.0287959561347223	-0.384627628229166	0	1	0	-0.0287959561347223	-0.384627628229166	LMMNoCorrection	20000	A89	1440	1440	0	300	0.2	LAT	LAT
530	2	-0.0287959561347223	-0.384627628229166	0	0.5	0	-0.0287959561347223	-0.384627628229166	LMMNoCorrection	20000	A89	1440	1440	0	300	0.2	LAT	PS
531	3	-0.00620474154131943	0.122737761701389	0	0.5	0.5	-0.00620474154131943	0.122737761701389	LMMNoCorrection	20000	A89	1440	1440	0	300	0.2	DIAG	LAT
532	4	-0.00620474154131943	0.122737761701389	0	0.5	0	-0.00620474154131943	0.122737761701389	LMMNoCorrection	20000	A89	1440	1440	0	300	0.2	DIAG	PS
533	5	-0.0111050625480903	-0.00489775666666622	0	0.5	1	-0.0111050625480903	-0.00489775666666622	LMMNoCorrection	20000	A89	1440	1440	0	300	0.2	PS	LAT
534	6	-0.0111050625480903	-0.00489775666666622	0	1	1	-0.0111050625480903	-0.00489775666666622	LMMNoCorrection	20000	A89	1440	1440	0	300	0.2	PS	PS
535	1	0.0538272145657986	0.271075592638889	0	0	1	0.0538272145657986	0.271075592638889	LMMNoCorrection	20000	A90	1440	1440	0	300	0.2	LAT	LAT
536	2	0.0538272145657986	0.271075592638889	0	1	0	0.0538272145657986	0.271075592638889	LMMNoCorrection	20000	A90	1440	1440	0	300	0.2	LAT	PS
537	3	0.0485396982605902	-0.809341791840278	0	1	0	0.0485396982605902	-0.809341791840278	LMMNoCorrection	20000	A90	1440	1440	0	300	0.2	DIAG	LAT
538	4	0.0485396982605902	-0.809341791840278	0	0	0	0.0485396982605902	-0.809341791840278	LMMNoCorrection	20000	A90	1440	1440	0	300	0.2	DIAG	PS
539	5	-0.0889531316290622	-0.471135550763888	0	0	0	-0.0889531316290622	-0.471135550763888	LMMNoCorrection	20000	A90	1440	1440	0	300	0.2	PS	LAT
540	6	-0.0889531316290622	-0.471135550763888	0	0	0	-0.0889531316290622	-0.471135550763888	LMMNoCorrection	20000	A90	1440	1440	0	300	0.2	PS	PS
541	1	-0.0237669347442708	-0.427273567170139	0	0.5	0	-0.0237669347442708	-0.427273567170139	LMMNoCorrection	20000	A91	1440	1440	0	300	0.2	LAT	LAT
542	2	-0.0237669347442708	-0.427273567170139	0	0	0	-0.0237669347442708	-0.427273567170139	LMMNoCorrection	20000	A91	1440	1440	0	300	0.2	LAT	PS
543	3	-0.0751429497848959	-0.0191518273611113	0	0	1	-0.0751429497848959	-0.0191518273611113	LMMNoCorrection	20000	A91	1440	1440	0	300	0.2	DIAG	LAT
544	4	-0.0751429497848959	-0.0191518273611113	0	0.5	1	-0.0751429497848959	-0.0191518273611113	LMMNoCorrection	20000	A91	1440	1440	0	300	0.2	DIAG	PS
545	5	-0.0417241142059028	-0.914092901614583	0	0	0	-0.0417241142059028	-0.914092901614583	LMMNoCorrection	20000	A91	1440	1440	0	300	0.2	PS	LAT
546	6	-0.0417241142059028	-0.914092901614583	0	0.5	0	-0.0417241142059028	-0.914092901614583	LMMNoCorrection	20000	A91	1440	1440	0	300	0.2	PS	PS
547	1	0.0107766429472569	0.39576627984375	0	0.5	0	0.0107766429472569	0.39576627984375	LMMNoCorrection	20000	A92	1440	1440	0	300	0.2	LAT	LAT
548	2	0.0107766429472569	0.39576627984375	0	0	0	0.0107766429472569	0.39576627984375	LMMNoCorrection	20000	A92	1440	1440	0	300	0.2	LAT	PS
549	3	0.0633538737921874	0.243023935503472	0	0.5	0	0.0633538737921874	0.243023935503472	LMMNoCorrection	20000	A92	1440	1440	0	300	0.2	DIAG	LAT
550	4	0.0633538737921874	0.243023935503472	0	1	0	0.0633538737921874	0.243023935503472	LMMNoCorrection	20000	A92	1440	1440	0	300	0.2	DIAG	PS
551	5	-0.0229139259048612	-0.793946660833333	0	0	0	-0.0229139259048612	-0.793946660833333	LMMNoCorrection	20000	A92	1440	1440	0	300	0.2	PS	LAT
552	6	-0.0229139259048612	-0.793946660833333	0	1	0	-0.0229139259048612	-0.793946660833333	LMMNoCorrection	20000	A92	1440	1440	0	300	0.2	PS	PS
553	1	-0.0469555304635417	-0.297506412465278	0	0.5	0	-0.0469555304635417	-0.297506412465278	LMMNoCorrection	20000	A93	1440	1440	0	300	0.2	LAT	LAT
554	2	-0.0469555304635417	-0.297506412465278	0	0.5	0	-0.0469555304635417	-0.297506412465278	LMMNoCorrection	20000	A93	1440	1440	0	300	0.2	LAT	PS
555	3	-0.0803815543154513	-0.169405743732639	0	0	0.5	-0.0803815543154513	-0.169405743732639	LMMNoCorrection	20000	A93	1440	1440	0	300	0.2	DIAG	LAT
556	4	-0.0803815543154513	-0.169405743732639	0	0.5	0	-0.0803815543154513	-0.169405743732639	LMMNoCorrection	20000	A93	1440	1440	0	300	0.2	DIAG	PS
557	5	-0.105295353243403	-0.124198022100695	0	0	0.5	-0.105295353243403	-0.124198022100695	LMMNoCorrection	20000	A93	1440	1440	0	300	0.2	PS	LAT
558	6	-0.105295353243403	-0.124198022100695	0	0	0	-0.105295353243403	-0.124198022100695	LMMNoCorrection	20000	A93	1440	1440	0	300	0.2	PS	PS
559	1	0.103220780208681	-0.142054688489583	0	0	0.5	0.103220780208681	-0.142054688489583	LMMNoCorrection	20000	A94	1440	1440	0	300	0.2	LAT	LAT
560	2	0.103220780208681	-0.142054688489583	0	0	0.5	0.103220780208681	-0.142054688489583	LMMNoCorrection	20000	A94	1440	1440	0	300	0.2	LAT	PS
561	3	0.0378530746354167	0.324494570572917	0	1	0	0.0378530746354167	0.324494570572917	LMMNoCorrection	20000	A94	1440	1440	0	300	0.2	DIAG	LAT
562	4	0.0378530746354167	0.324494570572917	0	0.5	0	0.0378530746354167	0.324494570572917	LMMNoCorrection	20000	A94	1440	1440	0	300	0.2	DIAG	PS
563	5	-0.0095305746389235	-0.188545747604167	0	1	0.5	-0.0095305746389235	-0.188545747604167	LMMNoCorrection	20000	A94	1440	1440	0	300	0.2	PS	LAT
564	6	-0.0095305746389235	-0.188545747604167	0	0.5	0	-0.0095305746389235	-0.188545747604167	LMMNoCorrection	20000	A94	1440	1440	0	300	0.2	PS	PS
565	1	-0.00643775198420136	0.365354475815972	0	1	0	-0.00643775198420136	0.365354475815972	LMMNoCorrection	20000	A95	1440	1440	0	300	0.2	LAT	LAT
566	2	-0.00643775198420136	0.365354475815972	0	1	0	-0.00643775198420136	0.365354475815972	LMMNoCorrection	20000	A95	1440	1440	0	300	0.2	LAT	PS
567	3	-0.0514630554732639	-0.280801820434028	0	0	0	-0.0514630554732639	-0.280801820434028	LMMNoCorrection	20000	A95	1440	1440	0	300	0.2	DIAG	LAT
568	4	-0.0514630554732639	-0.280801820434028	0	1	0	-0.0514630554732639	-0.280801820434028	LMMNoCorrection	20000	A95	1440	1440	0	300	0.2	DIAG	PS
569	5	0.02558776446625	0.227613580729167	0	0.5	0	0.02558776446625	0.227613580729167	LMMNoCorrection	20000	A95	1440	1440	0	300	0.2	PS	LAT
570	6	0.02558776446625	0.227613580729167	0	1	0	0.02558776446625	0.227613580729167	LMMNoCorrection	20000	A95	1440	1440	0	300	0.2	PS	PS
571	1	0.152313440219271	-0.156145395399305	0	0	0.5	0.152313440219271	-0.156145395399305	LMMNoCorrection	20000	A96	1440	1440	0	300	0.2	LAT	LAT
572	2	0.152313440219271	-0.156145395399305	0	0	0.5	0.152313440219271	-0.156145395399305	LMMNoCorrection	20000	A96	1440	1440	0	300	0.2	LAT	PS
573	3	0.023452591182292	-0.0338676634375	0	1	0.5	0.023452591182292	-0.0338676634375	LMMNoCorrection	20000	A96	1440	1440	0	300	0.2	DIAG	LAT
574	4	0.023452591182292	-0.0338676634375	0	1	1	0.023452591182292	-0.0338676634375	LMMNoCorrection	20000	A96	1440	1440	0	300	0.2	DIAG	PS
575	5	-0.129255510485243	-0.409180211076388	0	0	0	-0.129255510485243	-0.409180211076388	LMMNoCorrection	20000	A96	1440	1440	0	300	0.2	PS	LAT
576	6	-0.129255510485243	-0.409180211076388	0	0	0	-0.129255510485243	-0.409180211076388	LMMNoCorrection	20000	A96	1440	1440	0	300	0.2	PS	PS
577	1	-0.115404176205799	-0.814511828211806	0	0	0	-0.115404176205799	-0.814511828211806	LMMNoCorrection	20000	A97	1440	1440	0	300	0.2	LAT	LAT
578	2	-0.115404176205799	-0.814511828211806	0	0.5	0	-0.115404176205799	-0.814511828211806	LMMNoCorrection	20000	A97	1440	1440	0	300	0.2	LAT	PS
579	3	-0.171256450829861	-0.70680702828125	0	0	0	-0.171256450829861	-0.70680702828125	LMMNoCorrection	20000	A97	1440	1440	0	300	0.2	DIAG	LAT
580	4	-0.171256450829861	-0.70680702828125	0	0	0	-0.171256450829861	-0.70680702828125	LMMNoCorrection	20000	A97	1440	1440	0	300	0.2	DIAG	PS
581	5	-0.00576905851388888	0.303045211423611	0	1	0	-0.00576905851388888	0.303045211423611	LMMNoCorrection	20000	A97	1440	1440	0	300	0.2	PS	LAT
582	6	-0.00576905851388888	0.303045211423611	0	0.5	0	-0.00576905851388888	0.303045211423611	LMMNoCorrection	20000	A97	1440	1440	0	300	0.2	PS	PS
583	1	-0.144101173375	-0.369736484878472	0	0	0	-0.144101173375	-0.369736484878472	LMMNoCorrection	20000	A98	1440	1440	0	300	0.2	LAT	LAT
584	2	-0.144101173375	-0.369736484878472	0	0	0	-0.144101173375	-0.369736484878472	LMMNoCorrection	20000	A98	1440	1440	0	300	0.2	LAT	PS
585	3	-0.0563625747840278	0.353296923003472	0	1	0	-0.0563625747840278	0.353296923003472	LMMNoCorrection	20000	A98	1440	1440	0	300	0.2	DIAG	LAT
586	4	-0.0563625747840278	0.353296923003472	0	1	0	-0.0563625747840278	0.353296923003472	LMMNoCorrection	20000	A98	1440	1440	0	300	0.2	DIAG	PS
587	5	0.136576157366319	0.427677326128472	0	0	0	0.136576157366319	0.427677326128472	LMMNoCorrection	20000	A98	1440	1440	0	300	0.2	PS	LAT
588	6	0.136576157366319	0.427677326128472	0	0	0	0.136576157366319	0.427677326128472	LMMNoCorrection	20000	A98	1440	1440	0	300	0.2	PS	PS
589	1	0.0296255289741319	0.0168469205034723	0	0.5	0.5	0.0296255289741319	0.0168469205034723	LMMNoCorrection	20000	A99	1440	1440	0	300	0.2	LAT	LAT
590	2	0.0296255289741319	0.0168469205034723	0	1	1	0.0296255289741319	0.0168469205034723	LMMNoCorrection	20000	A99	1440	1440	0	300	0.2	LAT	PS
591	3	0.0244886171586805	0.13368757046875	0	0.5	0.5	0.0244886171586805	0.13368757046875	LMMNoCorrection	20000	A99	1440	1440	0	300	0.2	DIAG	LAT
592	4	0.0244886171586805	0.13368757046875	0	1	0.5	0.0244886171586805	0.13368757046875	LMMNoCorrection	20000	A99	1440	1440	0	300	0.2	DIAG	PS
593	5	0.0182911307594792	0.132035907916667	0	1	1	0.0182911307594792	0.132035907916667	LMMNoCorrection	20000	A99	1440	1440	0	300	0.2	PS	LAT
594	6	0.0182911307594792	0.132035907916667	0	1	1	0.0182911307594792	0.132035907916667	LMMNoCorrection	20000	A99	1440	1440	0	300	0.2	PS	PS
595	1	-0.138415391432986	-0.573401516128472	0	0	0	-0.138415391432986	-0.573401516128472	LMMNoCorrection	20000	A100	1440	1440	0	300	0.2	LAT	LAT
596	2	-0.138415391432986	-0.573401516128472	0	0	0	-0.138415391432986	-0.573401516128472	LMMNoCorrection	20000	A100	1440	1440	0	300	0.2	LAT	PS
597	3	0.0797979734954859	0.416579518454861	0	0	0	0.0797979734954859	0.416579518454861	LMMNoCorrection	20000	A100	1440	1440	0	300	0.2	DIAG	LAT
598	4	0.0797979734954859	0.416579518454861	0	0	0	0.0797979734954859	0.416579518454861	LMMNoCorrection	20000	A100	1440	1440	0	300	0.2	DIAG	PS
599	5	-0.111831893020486	-0.444080721059028	0	0	0	-0.111831893020486	-0.444080721059028	LMMNoCorrection	20000	A100	1440	1440	0	300	0.2	PS	LAT
600	6	-0.111831893020486	-0.444080721059028	0	0	0	-0.111831893020486	-0.444080721059028	LMMNoCorrection	20000	A100	1440	1440	0	300	0.2	PS	PS
