	V1	c-q	nc-q	true-q	c-p	nc-p	c-bias	nc-bias	type	L	rep	gwas_size	test_size	h2	num_causal	env	pheno	test
1	1	0.0703040538482639	0.0847897159375	0	0.3	0.6	0.0703040538482639	0.0847897159375	10	20000	A1	1440	1440	0	300	0.2	DIAG	LAT
2	2	0.0599052238850695	0.248654812083334	0	0.5	0	0.0599052238850695	0.248654812083334	FGr	20000	A1	1440	1440	0	300	0.2	DIAG	LAT
3	3	0.0597699870815972	0.256243090590278	0	0.2	0.1	0.0597699870815972	0.256243090590278	NoCorrection	20000	A1	1440	1440	0	300	0.2	DIAG	LAT
4	1	-0.0277902209295139	-0.223458153611111	0	0.8	0.1	-0.0277902209295139	-0.223458153611111	10	20000	A2	1440	1440	0	300	0.2	DIAG	LAT
5	2	-0.0126482723350695	-0.1627831653125	0	0.8	0.1	-0.0126482723350695	-0.1627831653125	FGr	20000	A2	1440	1440	0	300	0.2	DIAG	LAT
6	3	-0.0134663167892362	-0.176455680642361	0	0.9	0.3	-0.0134663167892362	-0.176455680642361	NoCorrection	20000	A2	1440	1440	0	300	0.2	DIAG	LAT
7	1	0.0477335256041667	-0.000669422760417018	0	0.1	1	0.0477335256041667	-0.000669422760417018	10	20000	A3	1440	1440	0	300	0.2	DIAG	LAT
8	2	0.220672839277604	1.59206023684028	0	0	0	0.220672839277604	1.59206023684028	FGr	20000	A3	1440	1440	0	300	0.2	DIAG	LAT
9	3	0.218037507838021	1.53569153239583	0	0	0	0.218037507838021	1.53569153239583	NoCorrection	20000	A3	1440	1440	0	300	0.2	DIAG	LAT
10	1	0.0261777138489583	0.0851400020833335	0	0.6	0.4	0.0261777138489583	0.0851400020833335	10	20000	A4	1440	1440	0	300	0.2	DIAG	LAT
11	2	0.0218655545798611	0.0314420657291666	0	1	0.7	0.0218655545798611	0.0314420657291666	FGr	20000	A4	1440	1440	0	300	0.2	DIAG	LAT
12	3	0.021538513671875	0.103586200972222	0	0.8	0.6	0.021538513671875	0.103586200972222	NoCorrection	20000	A4	1440	1440	0	300	0.2	DIAG	LAT
13	1	0.00366786341510422	0.098355722482639	0	1	0.5	0.00366786341510422	0.098355722482639	10	20000	A5	1440	1440	0	300	0.2	DIAG	LAT
14	2	0.151481096293681	1.05392928413194	0	0	0	0.151481096293681	1.05392928413194	FGr	20000	A5	1440	1440	0	300	0.2	DIAG	LAT
15	3	0.144823069625521	1.07029483328125	0	0	0	0.144823069625521	1.07029483328125	NoCorrection	20000	A5	1440	1440	0	300	0.2	DIAG	LAT
16	1	-0.0108598593196181	0.0633601802777777	0	0.6	0.8	-0.0108598593196181	0.0633601802777777	10	20000	A6	1440	1440	0	300	0.2	DIAG	LAT
17	2	0.0579154342754862	0.597338091128472	0	0.5	0	0.0579154342754862	0.597338091128472	FGr	20000	A6	1440	1440	0	300	0.2	DIAG	LAT
18	3	0.0453175288698612	0.485476203159722	0	0.4	0	0.0453175288698612	0.485476203159722	NoCorrection	20000	A6	1440	1440	0	300	0.2	DIAG	LAT
19	1	-0.0261869807861111	-0.0791810068402778	0	0.7	0.3	-0.0261869807861111	-0.0791810068402778	10	20000	A7	1440	1440	0	300	0.2	DIAG	LAT
20	2	0.0293044924680556	0.362453760815972	0	0.7	0	0.0293044924680556	0.362453760815972	FGr	20000	A7	1440	1440	0	300	0.2	DIAG	LAT
21	3	0.0291067333349583	0.417388260503473	0	0.6	0	0.0291067333349583	0.417388260503473	NoCorrection	20000	A7	1440	1440	0	300	0.2	DIAG	LAT
22	1	0.0318005222331597	0.344481747552083	0	0.3	0	0.0318005222331597	0.344481747552083	10	20000	A8	1440	1440	0	300	0.2	DIAG	LAT
23	2	-0.0918213153513888	-0.748814115052084	0	0	0	-0.0918213153513888	-0.748814115052084	FGr	20000	A8	1440	1440	0	300	0.2	DIAG	LAT
24	3	-0.0883812902397569	-0.702746187708333	0	0.2	0	-0.0883812902397569	-0.702746187708333	NoCorrection	20000	A8	1440	1440	0	300	0.2	DIAG	LAT
25	1	0.0879039598850693	0.10531636875	0	0	0.6	0.0879039598850693	0.10531636875	10	20000	A9	1440	1440	0	300	0.2	DIAG	LAT
26	2	0.114246021302604	0.302746962482639	0	0	0	0.114246021302604	0.302746962482639	FGr	20000	A9	1440	1440	0	300	0.2	DIAG	LAT
27	3	0.101021202693403	0.341265303055556	0	0.2	0.1	0.101021202693403	0.341265303055556	NoCorrection	20000	A9	1440	1440	0	300	0.2	DIAG	LAT
28	1	0.0212906786819444	0.190359273003473	0	0.7	0.5	0.0212906786819444	0.190359273003473	10	20000	A10	1440	1440	0	300	0.2	DIAG	LAT
29	2	0.0599029424253127	0.323288282916667	0	0.3	0	0.0599029424253127	0.323288282916667	FGr	20000	A10	1440	1440	0	300	0.2	DIAG	LAT
30	3	0.0636471322850694	0.430824356649305	0	0.1	0	0.0636471322850694	0.430824356649305	NoCorrection	20000	A10	1440	1440	0	300	0.2	DIAG	LAT
31	1	0.030497207824132	0.0401922784201388	0	0.7	0.9	0.030497207824132	0.0401922784201388	10	20000	A11	1440	1440	0	300	0.2	DIAG	LAT
32	2	-0.0149536360003473	-0.0594425164236111	0	0.7	0.2	-0.0149536360003473	-0.0594425164236111	FGr	20000	A11	1440	1440	0	300	0.2	DIAG	LAT
33	3	-0.019256003939809	0.0619989043229165	0	0.7	0.6	-0.019256003939809	0.0619989043229165	NoCorrection	20000	A11	1440	1440	0	300	0.2	DIAG	LAT
34	1	-0.0198642284115105	-0.307876498315972	0	0.9	0	-0.0198642284115105	-0.307876498315972	10	20000	A12	1440	1440	0	300	0.2	DIAG	LAT
35	2	-0.00243263559677086	-0.105496226961806	0	1	0.6	-0.00243263559677086	-0.105496226961806	FGr	20000	A12	1440	1440	0	300	0.2	DIAG	LAT
36	3	-0.000693886136979084	-0.0927788754340274	0	1	0.7	-0.000693886136979084	-0.0927788754340274	NoCorrection	20000	A12	1440	1440	0	300	0.2	DIAG	LAT
37	1	-0.17740260722691	-0.0771684093402778	0	0	0.6	-0.17740260722691	-0.0771684093402778	10	20000	A13	1440	1440	0	300	0.2	DIAG	LAT
38	2	-0.0840991401925345	0.675645144253472	0	0.2	0	-0.0840991401925345	0.675645144253472	FGr	20000	A13	1440	1440	0	300	0.2	DIAG	LAT
39	3	-0.0831906377135414	0.678179973246528	0	0.1	0	-0.0831906377135414	0.678179973246528	NoCorrection	20000	A13	1440	1440	0	300	0.2	DIAG	LAT
40	1	0.0481256517276041	0.0341295520312501	0	0.1	0.8	0.0481256517276041	0.0341295520312501	10	20000	A14	1440	1440	0	300	0.2	DIAG	LAT
41	2	0.100568366469653	0.478615720173611	0	0.1	0	0.100568366469653	0.478615720173611	FGr	20000	A14	1440	1440	0	300	0.2	DIAG	LAT
42	3	0.0986914140857987	0.499586949739583	0	0.1	0	0.0986914140857987	0.499586949739583	NoCorrection	20000	A14	1440	1440	0	300	0.2	DIAG	LAT
43	1	0.0430435693691945	0.0655699680555555	0	0.4	0.6	0.0430435693691945	0.0655699680555555	10	20000	A15	1440	1440	0	300	0.2	DIAG	LAT
44	2	-0.00688631541954861	-0.218877513333334	0	1	0.1	-0.00688631541954861	-0.218877513333334	FGr	20000	A15	1440	1440	0	300	0.2	DIAG	LAT
45	3	-0.00839215023298609	-0.220423243142361	0	0.9	0.1	-0.00839215023298609	-0.220423243142361	NoCorrection	20000	A15	1440	1440	0	300	0.2	DIAG	LAT
46	1	-0.0635014016590277	-0.0237753013020839	0	0.3	0.9	-0.0635014016590277	-0.0237753013020839	10	20000	A16	1440	1440	0	300	0.2	DIAG	LAT
47	2	0.0015816245998264	0.518061749184028	0	1	0	0.0015816245998264	0.518061749184028	FGr	20000	A16	1440	1440	0	300	0.2	DIAG	LAT
48	3	0.00698202232743055	0.538557383559028	0	0.8	0	0.00698202232743055	0.538557383559028	NoCorrection	20000	A16	1440	1440	0	300	0.2	DIAG	LAT
49	1	-0.0398961600012151	0.248447972100694	0	0.4	0.2	-0.0398961600012151	0.248447972100694	10	20000	A17	1440	1440	0	300	0.2	DIAG	LAT
50	2	0.0788917203387152	0.977477863159721	0	0.1	0	0.0788917203387152	0.977477863159721	FGr	20000	A17	1440	1440	0	300	0.2	DIAG	LAT
51	3	0.075740107897222	1.0166542511632	0	0.4	0	0.075740107897222	1.0166542511632	NoCorrection	20000	A17	1440	1440	0	300	0.2	DIAG	LAT
52	1	-0.0772444529322918	-0.0124661503993055	0	0.1	1	-0.0772444529322918	-0.0124661503993055	10	20000	A18	1440	1440	0	300	0.2	DIAG	LAT
53	2	0.0451615795647222	0.929581534670139	0	0.6	0	0.0451615795647222	0.929581534670139	FGr	20000	A18	1440	1440	0	300	0.2	DIAG	LAT
54	3	0.0441123707550348	0.863701381128471	0	0.2	0	0.0441123707550348	0.863701381128471	NoCorrection	20000	A18	1440	1440	0	300	0.2	DIAG	LAT
55	1	0.0298030137519097	-0.0892436294270833	0	0.9	0.4	0.0298030137519097	-0.0892436294270833	10	20000	A19	1440	1440	0	300	0.2	DIAG	LAT
56	2	0.140794765272222	0.813765267673611	0	0	0	0.140794765272222	0.813765267673611	FGr	20000	A19	1440	1440	0	300	0.2	DIAG	LAT
57	3	0.143330880761979	0.831156049809028	0	0	0	0.143330880761979	0.831156049809028	NoCorrection	20000	A19	1440	1440	0	300	0.2	DIAG	LAT
58	1	0.015251072579323	-0.040282422829861	0	0.4	0.7	0.015251072579323	-0.040282422829861	10	20000	A20	1440	1440	0	300	0.2	DIAG	LAT
59	2	0.0513127644921007	0.0778700976736111	0	0.5	0.5	0.0513127644921007	0.0778700976736111	FGr	20000	A20	1440	1440	0	300	0.2	DIAG	LAT
60	3	0.0493348628185764	0.147220871006945	0	0.9	0.2	0.0493348628185764	0.147220871006945	NoCorrection	20000	A20	1440	1440	0	300	0.2	DIAG	LAT
61	1	-0.0439051701423611	-0.161643123923611	0	0.4	0.4	-0.0439051701423611	-0.161643123923611	10	20000	A21	1440	1440	0	300	0.2	DIAG	LAT
62	2	0.0547829296362848	0.716743665173611	0	0.2	0	0.0547829296362848	0.716743665173611	FGr	20000	A21	1440	1440	0	300	0.2	DIAG	LAT
63	3	0.0561897769079861	0.655985518385416	0	0.3	0	0.0561897769079861	0.655985518385416	NoCorrection	20000	A21	1440	1440	0	300	0.2	DIAG	LAT
64	1	0.0118638161288195	-0.142311041163195	0	0.9	0.2	0.0118638161288195	-0.142311041163195	10	20000	A22	1440	1440	0	300	0.2	DIAG	LAT
65	2	0.0204369022456597	-0.1779067034375	0	1	0.2	0.0204369022456597	-0.1779067034375	FGr	20000	A22	1440	1440	0	300	0.2	DIAG	LAT
66	3	0.0196523505756944	-0.148934573298611	0	0.8	0.2	0.0196523505756944	-0.148934573298611	NoCorrection	20000	A22	1440	1440	0	300	0.2	DIAG	LAT
67	1	0.0649803119737847	0.0189113168055556	0	0.1	1	0.0649803119737847	0.0189113168055556	10	20000	A23	1440	1440	0	300	0.2	DIAG	LAT
68	2	0.0455028640211806	-0.113742991684028	0	0.4	0.5	0.0455028640211806	-0.113742991684028	FGr	20000	A23	1440	1440	0	300	0.2	DIAG	LAT
69	3	0.0545864986565973	-0.139742705607639	0	0.3	0.6	0.0545864986565973	-0.139742705607639	NoCorrection	20000	A23	1440	1440	0	300	0.2	DIAG	LAT
70	1	-0.0287587128743056	0.172038173420139	0	0.7	0.1	-0.0287587128743056	0.172038173420139	10	20000	A24	1440	1440	0	300	0.2	DIAG	LAT
71	2	0.11257738865434	1.00862698875	0	0	0	0.11257738865434	1.00862698875	FGr	20000	A24	1440	1440	0	300	0.2	DIAG	LAT
72	3	0.114891386258889	1.05838395081597	0	0	0	0.114891386258889	1.05838395081597	NoCorrection	20000	A24	1440	1440	0	300	0.2	DIAG	LAT
73	1	0.045652165011111	0.0656876662673611	0	0.5	0.5	0.045652165011111	0.0656876662673611	10	20000	A25	1440	1440	0	300	0.2	DIAG	LAT
74	2	-0.0221185819659722	-0.351332172170139	0	0.7	0	-0.0221185819659722	-0.351332172170139	FGr	20000	A25	1440	1440	0	300	0.2	DIAG	LAT
75	3	-0.0225256392275344	-0.325646414739584	0	0.8	0.1	-0.0225256392275344	-0.325646414739584	NoCorrection	20000	A25	1440	1440	0	300	0.2	DIAG	LAT
76	1	0.0406270027177952	0.00404308046875007	0	0.1	1	0.0406270027177952	0.00404308046875007	10	20000	A26	1440	1440	0	300	0.2	DIAG	LAT
77	2	0.0681635166154514	0.20182098828125	0	0.2	0.5	0.0681635166154514	0.20182098828125	FGr	20000	A26	1440	1440	0	300	0.2	DIAG	LAT
78	3	0.0685120640305555	0.192878412517361	0	0.2	0.1	0.0685120640305555	0.192878412517361	NoCorrection	20000	A26	1440	1440	0	300	0.2	DIAG	LAT
79	1	-0.0143834128453298	-0.145249985868055	0	0.8	0.4	-0.0143834128453298	-0.145249985868055	10	20000	A27	1440	1440	0	300	0.2	DIAG	LAT
80	2	-0.0206061905458333	-0.213280111597222	0	0.9	0.2	-0.0206061905458333	-0.213280111597222	FGr	20000	A27	1440	1440	0	300	0.2	DIAG	LAT
81	3	-0.017560097001736	-0.216036753732639	0	0.9	0.1	-0.017560097001736	-0.216036753732639	NoCorrection	20000	A27	1440	1440	0	300	0.2	DIAG	LAT
82	1	0.0796466577322914	0.234766140555556	0	0	0	0.0796466577322914	0.234766140555556	10	20000	A28	1440	1440	0	300	0.2	DIAG	LAT
83	2	0.153500449328299	0.719173497934027	0	0	0	0.153500449328299	0.719173497934027	FGr	20000	A28	1440	1440	0	300	0.2	DIAG	LAT
84	3	0.147073740285417	0.660679149722222	0	0	0	0.147073740285417	0.660679149722222	NoCorrection	20000	A28	1440	1440	0	300	0.2	DIAG	LAT
85	1	-0.00675630620138873	-0.130895319774306	0	1	0.6	-0.00675630620138873	-0.130895319774306	10	20000	A29	1440	1440	0	300	0.2	DIAG	LAT
86	2	0.0891514576433333	0.583507874062499	0	0.2	0	0.0891514576433333	0.583507874062499	FGr	20000	A29	1440	1440	0	300	0.2	DIAG	LAT
87	3	0.0835105498302084	0.516493765104167	0	0.2	0	0.0835105498302084	0.516493765104167	NoCorrection	20000	A29	1440	1440	0	300	0.2	DIAG	LAT
88	1	0.0969073793032986	0.0802958672743056	0	0.1	0.4	0.0969073793032986	0.0802958672743056	10	20000	A30	1440	1440	0	300	0.2	DIAG	LAT
89	2	0.185970181822222	0.743457276388889	0	0	0	0.185970181822222	0.743457276388889	FGr	20000	A30	1440	1440	0	300	0.2	DIAG	LAT
90	3	0.183004711269618	0.767709953819445	0	0	0	0.183004711269618	0.767709953819445	NoCorrection	20000	A30	1440	1440	0	300	0.2	DIAG	LAT
91	1	-0.0458248585552084	-0.0232926154166667	0	0.2	1	-0.0458248585552084	-0.0232926154166667	10	20000	A31	1440	1440	0	300	0.2	DIAG	LAT
92	2	-0.182134626329167	-1.09857520961806	0	0	0	-0.182134626329167	-1.09857520961806	FGr	20000	A31	1440	1440	0	300	0.2	DIAG	LAT
93	3	-0.175035473101719	-1.03398005824653	0	0	0	-0.175035473101719	-1.03398005824653	NoCorrection	20000	A31	1440	1440	0	300	0.2	DIAG	LAT
94	1	0.0710898011472222	-0.295033373003472	0	0.2	0	0.0710898011472222	-0.295033373003472	10	20000	A32	1440	1440	0	300	0.2	DIAG	LAT
95	2	-0.0764243104230487	-1.05713082513889	0	0.4	0	-0.0764243104230487	-1.05713082513889	FGr	20000	A32	1440	1440	0	300	0.2	DIAG	LAT
96	3	-0.0764108208208335	-0.997173512256947	0	0.2	0	-0.0764108208208335	-0.997173512256947	NoCorrection	20000	A32	1440	1440	0	300	0.2	DIAG	LAT
97	1	-0.0956668060208333	-0.0811527679166667	0	0.1	0.7	-0.0956668060208333	-0.0811527679166667	10	20000	A33	1440	1440	0	300	0.2	DIAG	LAT
98	2	-0.138048295276806	-0.379298828576389	0	0	0.1	-0.138048295276806	-0.379298828576389	FGr	20000	A33	1440	1440	0	300	0.2	DIAG	LAT
99	3	-0.131176088140278	-0.360983592864583	0	0	0	-0.131176088140278	-0.360983592864583	NoCorrection	20000	A33	1440	1440	0	300	0.2	DIAG	LAT
100	1	-0.0463228113784723	0.0267483023958334	0	0.5	1	-0.0463228113784723	0.0267483023958334	10	20000	A34	1440	1440	0	300	0.2	DIAG	LAT
101	2	-0.0557071408977431	-0.0358407846527777	0	0.2	0.8	-0.0557071408977431	-0.0358407846527777	FGr	20000	A34	1440	1440	0	300	0.2	DIAG	LAT
102	3	-0.0541814456225695	-0.0443642722395836	0	0.7	0.9	-0.0541814456225695	-0.0443642722395836	NoCorrection	20000	A34	1440	1440	0	300	0.2	DIAG	LAT
103	1	-0.00353245159965279	-0.089060033940972	0	1	0.2	-0.00353245159965279	-0.089060033940972	10	20000	A35	1440	1440	0	300	0.2	DIAG	LAT
104	2	-0.0373777216743056	-0.379145012447916	0	0.7	0	-0.0373777216743056	-0.379145012447916	FGr	20000	A35	1440	1440	0	300	0.2	DIAG	LAT
105	3	-0.0379114527557292	-0.360003820260417	0	0.5	0.1	-0.0379114527557292	-0.360003820260417	NoCorrection	20000	A35	1440	1440	0	300	0.2	DIAG	LAT
106	1	-0.0854204893697917	0.0857850138715279	0	0	0.6	-0.0854204893697917	0.0857850138715279	10	20000	A36	1440	1440	0	300	0.2	DIAG	LAT
107	2	-0.153564131925868	-0.486286535104166	0	0	0	-0.153564131925868	-0.486286535104166	FGr	20000	A36	1440	1440	0	300	0.2	DIAG	LAT
108	3	-0.153174828663195	-0.49321852125	0	0	0	-0.153174828663195	-0.49321852125	NoCorrection	20000	A36	1440	1440	0	300	0.2	DIAG	LAT
109	1	-0.130346426797205	-0.083033402135417	0	0.1	0.5	-0.130346426797205	-0.083033402135417	10	20000	A37	1440	1440	0	300	0.2	DIAG	LAT
110	2	-0.0687449960237848	0.462932326788194	0	0	0	-0.0687449960237848	0.462932326788194	FGr	20000	A37	1440	1440	0	300	0.2	DIAG	LAT
111	3	-0.0650344489758682	0.599835708576388	0	0.2	0	-0.0650344489758682	0.599835708576388	NoCorrection	20000	A37	1440	1440	0	300	0.2	DIAG	LAT
112	1	0.0712515660368058	-0.0587839361458333	0	0.1	0.7	0.0712515660368058	-0.0587839361458333	10	20000	A38	1440	1440	0	300	0.2	DIAG	LAT
113	2	0.0847379040256944	0.105424619809028	0	0	0.5	0.0847379040256944	0.105424619809028	FGr	20000	A38	1440	1440	0	300	0.2	DIAG	LAT
114	3	0.0798677343421008	0.0537331241319444	0	0.3	0.5	0.0798677343421008	0.0537331241319444	NoCorrection	20000	A38	1440	1440	0	300	0.2	DIAG	LAT
115	1	-0.0454168057906251	-0.253064068385417	0	0.4	0	-0.0454168057906251	-0.253064068385417	10	20000	A39	1440	1440	0	300	0.2	DIAG	LAT
116	2	-0.0948094570019096	-0.418619260677083	0	0	0.1	-0.0948094570019096	-0.418619260677083	FGr	20000	A39	1440	1440	0	300	0.2	DIAG	LAT
117	3	-0.0996608724947916	-0.442793001197917	0	0.2	0.1	-0.0996608724947916	-0.442793001197917	NoCorrection	20000	A39	1440	1440	0	300	0.2	DIAG	LAT
118	1	0.0175546262554236	0.0509429612500002	0	0.9	0.6	0.0175546262554236	0.0509429612500002	10	20000	A40	1440	1440	0	300	0.2	DIAG	LAT
119	2	0.0170797983932292	0.00824832354166673	0	0.9	0.8	0.0170797983932292	0.00824832354166673	FGr	20000	A40	1440	1440	0	300	0.2	DIAG	LAT
120	3	0.0166277419661458	-0.0411417243402779	0	0.7	0.9	0.0166277419661458	-0.0411417243402779	NoCorrection	20000	A40	1440	1440	0	300	0.2	DIAG	LAT
121	1	-0.12263276753276	-0.000913464965278124	0	0	1	-0.12263276753276	-0.000913464965278124	10	20000	A41	1440	1440	0	300	0.2	DIAG	LAT
122	2	-0.0738521285973958	0.291409101944445	0	0.4	0.2	-0.0738521285973958	0.291409101944445	FGr	20000	A41	1440	1440	0	300	0.2	DIAG	LAT
123	3	-0.0737982004099827	0.31101960890625	0	0.2	0.1	-0.0737982004099827	0.31101960890625	NoCorrection	20000	A41	1440	1440	0	300	0.2	DIAG	LAT
124	1	0.0471204972534723	0.0610763627256944	0	0.5	0.7	0.0471204972534723	0.0610763627256944	10	20000	A42	1440	1440	0	300	0.2	DIAG	LAT
125	2	0.0857780189264757	0.516594815833333	0	0	0	0.0857780189264757	0.516594815833333	FGr	20000	A42	1440	1440	0	300	0.2	DIAG	LAT
126	3	0.0847560527057291	0.522130949166667	0	0	0	0.0847560527057291	0.522130949166667	NoCorrection	20000	A42	1440	1440	0	300	0.2	DIAG	LAT
127	1	0.0235297005758681	-0.323464230850694	0	0.9	0	0.0235297005758681	-0.323464230850694	10	20000	A43	1440	1440	0	300	0.2	DIAG	LAT
128	2	0.00905454427708339	-0.392780940815973	0	0.9	0	0.00905454427708339	-0.392780940815973	FGr	20000	A43	1440	1440	0	300	0.2	DIAG	LAT
129	3	0.00598752538854166	-0.379057745434028	0	0.9	0	0.00598752538854166	-0.379057745434028	NoCorrection	20000	A43	1440	1440	0	300	0.2	DIAG	LAT
130	1	0.00177858939173609	-0.035492777795139	0	1	0.8	0.00177858939173609	-0.035492777795139	10	20000	A44	1440	1440	0	300	0.2	DIAG	LAT
131	2	0.108149682873785	0.964308934409723	0	0.2	0	0.108149682873785	0.964308934409723	FGr	20000	A44	1440	1440	0	300	0.2	DIAG	LAT
132	3	0.107808262447569	0.94704488314236	0	0.1	0	0.107808262447569	0.94704488314236	NoCorrection	20000	A44	1440	1440	0	300	0.2	DIAG	LAT
133	1	-0.00945100760364587	0.144415470208333	0	0.9	0.3	-0.00945100760364587	0.144415470208333	10	20000	A45	1440	1440	0	300	0.2	DIAG	LAT
134	2	0.0734854259961805	0.875767506805556	0	0.4	0	0.0734854259961805	0.875767506805556	FGr	20000	A45	1440	1440	0	300	0.2	DIAG	LAT
135	3	0.0811708008596701	0.84004720423611	0	0.2	0	0.0811708008596701	0.84004720423611	NoCorrection	20000	A45	1440	1440	0	300	0.2	DIAG	LAT
136	1	0.03838200718125	0.0455867314756943	0	0.5	0.9	0.03838200718125	0.0455867314756943	10	20000	A46	1440	1440	0	300	0.2	DIAG	LAT
137	2	0.0765249770196528	0.275702929461806	0	0.1	0.1	0.0765249770196528	0.275702929461806	FGr	20000	A46	1440	1440	0	300	0.2	DIAG	LAT
138	3	0.0749265050914687	0.255227706180555	0	0.4	0.2	0.0749265050914687	0.255227706180555	NoCorrection	20000	A46	1440	1440	0	300	0.2	DIAG	LAT
139	1	-0.0056164161657986	0.196632686961806	0	1	0	-0.0056164161657986	0.196632686961806	10	20000	A47	1440	1440	0	300	0.2	DIAG	LAT
140	2	-0.0263166973364584	-0.0372502086979162	0	0.4	0.7	-0.0263166973364584	-0.0372502086979162	FGr	20000	A47	1440	1440	0	300	0.2	DIAG	LAT
141	3	-0.0323915388784722	-0.00540544538194506	0	0.3	1	-0.0323915388784722	-0.00540544538194506	NoCorrection	20000	A47	1440	1440	0	300	0.2	DIAG	LAT
142	1	-0.0116906583387151	-0.105403902152778	0	0.7	0.3	-0.0116906583387151	-0.105403902152778	10	20000	A48	1440	1440	0	300	0.2	DIAG	LAT
143	2	0.0664287418567188	0.497794168246528	0	0.5	0	0.0664287418567188	0.497794168246528	FGr	20000	A48	1440	1440	0	300	0.2	DIAG	LAT
144	3	0.0669864029706598	0.435259060729166	0	0.3	0	0.0669864029706598	0.435259060729166	NoCorrection	20000	A48	1440	1440	0	300	0.2	DIAG	LAT
145	1	0.0161947250322915	-0.153429950503472	0	0.6	0.6	0.0161947250322915	-0.153429950503472	10	20000	A49	1440	1440	0	300	0.2	DIAG	LAT
146	2	0.103291163618924	0.485537584947917	0	0.1	0	0.103291163618924	0.485537584947917	FGr	20000	A49	1440	1440	0	300	0.2	DIAG	LAT
147	3	0.0986187714555553	0.506667836944445	0	0	0	0.0986187714555553	0.506667836944445	NoCorrection	20000	A49	1440	1440	0	300	0.2	DIAG	LAT
148	1	-0.0284682495229166	-0.318397131111111	0	0.5	0	-0.0284682495229166	-0.318397131111111	10	20000	A50	1440	1440	0	300	0.2	DIAG	LAT
149	2	0.105387943683889	1.08811987539931	0	0	0	0.105387943683889	1.08811987539931	FGr	20000	A50	1440	1440	0	300	0.2	DIAG	LAT
150	3	0.103404992957545	1.06812227303819	0	0	0	0.103404992957545	1.06812227303819	NoCorrection	20000	A50	1440	1440	0	300	0.2	DIAG	LAT
151	1	-0.0456181388942709	0.178030376770834	0	0.6	0.5	-0.0456181388942709	0.178030376770834	10	20000	A51	1440	1440	0	300	0.2	DIAG	LAT
152	2	-0.0646123602534724	0.0719338789062502	0	0.3	0.8	-0.0646123602534724	0.0719338789062502	FGr	20000	A51	1440	1440	0	300	0.2	DIAG	LAT
153	3	-0.063994100623264	0.0830148436458333	0	0.1	0.8	-0.063994100623264	0.0830148436458333	NoCorrection	20000	A51	1440	1440	0	300	0.2	DIAG	LAT
154	1	-0.079404080383507	0.150660012309028	0	0.5	0.4	-0.079404080383507	0.150660012309028	10	20000	A52	1440	1440	0	300	0.2	DIAG	LAT
155	2	0.196861806013611	1.69340598717014	0	0	0	0.196861806013611	1.69340598717014	FGr	20000	A52	1440	1440	0	300	0.2	DIAG	LAT
156	3	0.198685578748438	1.72115125331597	0	0	0	0.198685578748438	1.72115125331597	NoCorrection	20000	A52	1440	1440	0	300	0.2	DIAG	LAT
157	1	-0.034287367573316	0.177222233211806	0	0.4	0.1	-0.034287367573316	0.177222233211806	10	20000	A53	1440	1440	0	300	0.2	DIAG	LAT
158	2	-0.0416134449895832	0.104248144357639	0	0.3	0.8	-0.0416134449895832	0.104248144357639	FGr	20000	A53	1440	1440	0	300	0.2	DIAG	LAT
159	3	-0.0319568030392359	0.115118346215278	0	0.3	0.4	-0.0319568030392359	0.115118346215278	NoCorrection	20000	A53	1440	1440	0	300	0.2	DIAG	LAT
160	1	-0.0298653493442708	-0.0400490381076389	0	0.2	0.8	-0.0298653493442708	-0.0400490381076389	10	20000	A54	1440	1440	0	300	0.2	DIAG	LAT
161	2	0.0935343842095484	0.869584000069445	0	0.2	0	0.0935343842095484	0.869584000069445	FGr	20000	A54	1440	1440	0	300	0.2	DIAG	LAT
162	3	0.0915651694583335	0.863523254618056	0	0.1	0	0.0915651694583335	0.863523254618056	NoCorrection	20000	A54	1440	1440	0	300	0.2	DIAG	LAT
163	1	-0.0599668491529516	0.126199510121528	0	0.4	0.6	-0.0599668491529516	0.126199510121528	10	20000	A55	1440	1440	0	300	0.2	DIAG	LAT
164	2	-0.00677560499392357	0.517871135243055	0	1	0	-0.00677560499392357	0.517871135243055	FGr	20000	A55	1440	1440	0	300	0.2	DIAG	LAT
165	3	0.0158803346823786	0.495245772690972	0	0.6	0	0.0158803346823786	0.495245772690972	NoCorrection	20000	A55	1440	1440	0	300	0.2	DIAG	LAT
166	1	0.060836202178646	0.0339336846874998	0	0.1	1	0.060836202178646	0.0339336846874998	10	20000	A56	1440	1440	0	300	0.2	DIAG	LAT
167	2	0.130961148350695	0.420878186059028	0	0	0	0.130961148350695	0.420878186059028	FGr	20000	A56	1440	1440	0	300	0.2	DIAG	LAT
168	3	0.126187095669358	0.47148264109375	0	0	0	0.126187095669358	0.47148264109375	NoCorrection	20000	A56	1440	1440	0	300	0.2	DIAG	LAT
169	1	0.0847314571647221	-0.1141432071875	0	0.2	0.6	0.0847314571647221	-0.1141432071875	10	20000	A57	1440	1440	0	300	0.2	DIAG	LAT
170	2	0.217807234436806	0.95027594329861	0	0	0	0.217807234436806	0.95027594329861	FGr	20000	A57	1440	1440	0	300	0.2	DIAG	LAT
171	3	0.213518142462153	0.879440947760416	0	0	0	0.213518142462153	0.879440947760416	NoCorrection	20000	A57	1440	1440	0	300	0.2	DIAG	LAT
172	1	-0.0236810703715277	0.122385958454861	0	0.7	0.6	-0.0236810703715277	0.122385958454861	10	20000	A58	1440	1440	0	300	0.2	DIAG	LAT
173	2	0.0466947096822918	0.731613205538194	0	0.5	0	0.0466947096822918	0.731613205538194	FGr	20000	A58	1440	1440	0	300	0.2	DIAG	LAT
174	3	0.0501979056124826	0.75618294125	0	0.2	0	0.0501979056124826	0.75618294125	NoCorrection	20000	A58	1440	1440	0	300	0.2	DIAG	LAT
175	1	0.108026114181597	-0.000915718055555482	0	0	1	0.108026114181597	-0.000915718055555482	10	20000	A59	1440	1440	0	300	0.2	DIAG	LAT
176	2	0.199006078773785	0.72835967328125	0	0	0	0.199006078773785	0.72835967328125	FGr	20000	A59	1440	1440	0	300	0.2	DIAG	LAT
177	3	0.195624454449305	0.754227204322917	0	0	0	0.195624454449305	0.754227204322917	NoCorrection	20000	A59	1440	1440	0	300	0.2	DIAG	LAT
178	1	0.00416544120746521	0.0599287069444444	0	0.9	0.7	0.00416544120746521	0.0599287069444444	10	20000	A60	1440	1440	0	300	0.2	DIAG	LAT
179	2	0.0433688423503471	0.415684650416667	0	0.6	0	0.0433688423503471	0.415684650416667	FGr	20000	A60	1440	1440	0	300	0.2	DIAG	LAT
180	3	0.0447780300211807	0.365344538645834	0	0.5	0	0.0447780300211807	0.365344538645834	NoCorrection	20000	A60	1440	1440	0	300	0.2	DIAG	LAT
181	1	-0.0615258500506943	0.20677429390625	0	0	0.2	-0.0615258500506943	0.20677429390625	10	20000	A61	1440	1440	0	300	0.2	DIAG	LAT
182	2	-0.0987349024598959	0.1426853175	0	0	0.2	-0.0987349024598959	0.1426853175	FGr	20000	A61	1440	1440	0	300	0.2	DIAG	LAT
183	3	-0.0905391219539928	0.158783400868056	0	0.1	0.4	-0.0905391219539928	0.158783400868056	NoCorrection	20000	A61	1440	1440	0	300	0.2	DIAG	LAT
184	1	0.0771627369373229	0.219553996857639	0	0.1	0	0.0771627369373229	0.219553996857639	10	20000	A62	1440	1440	0	300	0.2	DIAG	LAT
185	2	0.241381078111806	1.44782303015625	0	0	0	0.241381078111806	1.44782303015625	FGr	20000	A62	1440	1440	0	300	0.2	DIAG	LAT
186	3	0.246250309920972	1.40256285211806	0	0	0	0.246250309920972	1.40256285211806	NoCorrection	20000	A62	1440	1440	0	300	0.2	DIAG	LAT
187	1	-0.0172333485406251	0.0496089884027778	0	0.3	0.6	-0.0172333485406251	0.0496089884027778	10	20000	A63	1440	1440	0	300	0.2	DIAG	LAT
188	2	0.0784514929053819	0.971615867413195	0	0.2	0	0.0784514929053819	0.971615867413195	FGr	20000	A63	1440	1440	0	300	0.2	DIAG	LAT
189	3	0.0747962413934028	0.885826747517361	0	0.3	0	0.0747962413934028	0.885826747517361	NoCorrection	20000	A63	1440	1440	0	300	0.2	DIAG	LAT
190	1	0.0911106335699653	-0.0143796168749999	0	0.1	1	0.0911106335699653	-0.0143796168749999	10	20000	A64	1440	1440	0	300	0.2	DIAG	LAT
191	2	0.176066401790868	0.710011034461805	0	0	0	0.176066401790868	0.710011034461805	FGr	20000	A64	1440	1440	0	300	0.2	DIAG	LAT
192	3	0.175087087855361	0.775926956753472	0	0	0	0.175087087855361	0.775926956753472	NoCorrection	20000	A64	1440	1440	0	300	0.2	DIAG	LAT
193	1	-0.021750185989757	0.379312734392361	0	0.7	0	-0.021750185989757	0.379312734392361	10	20000	A65	1440	1440	0	300	0.2	DIAG	LAT
194	2	-0.00627631016076385	0.455600632100694	0	1	0	-0.00627631016076385	0.455600632100694	FGr	20000	A65	1440	1440	0	300	0.2	DIAG	LAT
195	3	-0.00613981526871534	0.449923218246528	0	0.9	0	-0.00613981526871534	0.449923218246528	NoCorrection	20000	A65	1440	1440	0	300	0.2	DIAG	LAT
196	1	0.00875552731024306	-0.118172522204861	0	1	0.6	0.00875552731024306	-0.118172522204861	10	20000	A66	1440	1440	0	300	0.2	DIAG	LAT
197	2	0.0471386926689757	0.103531487934028	0	0.5	0.2	0.0471386926689757	0.103531487934028	FGr	20000	A66	1440	1440	0	300	0.2	DIAG	LAT
198	3	0.0449987526944445	0.182930417951389	0	0.4	0.4	0.0449987526944445	0.182930417951389	NoCorrection	20000	A66	1440	1440	0	300	0.2	DIAG	LAT
199	1	-0.0220763959989583	-0.0402450944270833	0	0.9	0.9	-0.0220763959989583	-0.0402450944270833	10	20000	A67	1440	1440	0	300	0.2	DIAG	LAT
200	2	0.0811260314092014	0.570682879600694	0	0.2	0	0.0811260314092014	0.570682879600694	FGr	20000	A67	1440	1440	0	300	0.2	DIAG	LAT
201	3	0.0825239413869792	0.560288332395833	0	0.1	0	0.0825239413869792	0.560288332395833	NoCorrection	20000	A67	1440	1440	0	300	0.2	DIAG	LAT
202	1	0.0664065853695485	-0.0257250767708332	0	0.3	1	0.0664065853695485	-0.0257250767708332	10	20000	A68	1440	1440	0	300	0.2	DIAG	LAT
203	2	0.180904192952778	0.833358719583334	0	0	0	0.180904192952778	0.833358719583334	FGr	20000	A68	1440	1440	0	300	0.2	DIAG	LAT
204	3	0.180328827010764	0.860682398906249	0	0	0	0.180328827010764	0.860682398906249	NoCorrection	20000	A68	1440	1440	0	300	0.2	DIAG	LAT
205	1	-0.0386593776537501	-0.0518686981944445	0	0.3	0.7	-0.0386593776537501	-0.0518686981944445	10	20000	A69	1440	1440	0	300	0.2	DIAG	LAT
206	2	0.077988252374479	0.75728985484375	0	0.2	0	0.077988252374479	0.75728985484375	FGr	20000	A69	1440	1440	0	300	0.2	DIAG	LAT
207	3	0.0749425683034721	0.719548796701389	0	0.1	0	0.0749425683034721	0.719548796701389	NoCorrection	20000	A69	1440	1440	0	300	0.2	DIAG	LAT
208	1	0.03597678123	0.129050344600694	0	0.8	0.2	0.03597678123	0.129050344600694	10	20000	A70	1440	1440	0	300	0.2	DIAG	LAT
209	2	0.0544480245159723	0.195803071180555	0	0.3	0.1	0.0544480245159723	0.195803071180555	FGr	20000	A70	1440	1440	0	300	0.2	DIAG	LAT
210	3	0.050390464883125	0.102146615	0	0.4	0.4	0.050390464883125	0.102146615	NoCorrection	20000	A70	1440	1440	0	300	0.2	DIAG	LAT
211	1	0.0672080379876737	-0.23716643953125	0	0.5	0.1	0.0672080379876737	-0.23716643953125	10	20000	A71	1440	1440	0	300	0.2	DIAG	LAT
212	2	0.138550420254688	0.184070497986111	0	0	0.2	0.138550420254688	0.184070497986111	FGr	20000	A71	1440	1440	0	300	0.2	DIAG	LAT
213	3	0.122830749689757	0.220125700920139	0	0	0.3	0.122830749689757	0.220125700920139	NoCorrection	20000	A71	1440	1440	0	300	0.2	DIAG	LAT
214	1	-0.0610294810221355	0.371607822690972	0	0.4	0	-0.0610294810221355	0.371607822690972	10	20000	A72	1440	1440	0	300	0.2	DIAG	LAT
215	2	-0.10850233255868	-0.0692950031770835	0	0	0.4	-0.10850233255868	-0.0692950031770835	FGr	20000	A72	1440	1440	0	300	0.2	DIAG	LAT
216	3	-0.116288958912847	-0.285187254791666	0	0	0.1	-0.116288958912847	-0.285187254791666	NoCorrection	20000	A72	1440	1440	0	300	0.2	DIAG	LAT
217	1	0.0228789693366316	-0.125935972777778	0	0.8	0.7	0.0228789693366316	-0.125935972777778	10	20000	A73	1440	1440	0	300	0.2	DIAG	LAT
218	2	-0.0147973331555555	-0.235445473576389	0	0.8	0.1	-0.0147973331555555	-0.235445473576389	FGr	20000	A73	1440	1440	0	300	0.2	DIAG	LAT
219	3	-0.013576940988264	-0.230757270190973	0	0.9	0	-0.013576940988264	-0.230757270190973	NoCorrection	20000	A73	1440	1440	0	300	0.2	DIAG	LAT
220	1	-0.0807375401485937	0.0351214128124999	0	0.1	0.4	-0.0807375401485937	0.0351214128124999	10	20000	A74	1440	1440	0	300	0.2	DIAG	LAT
221	2	0.0421025335100694	0.962766934062499	0	0.6	0	0.0421025335100694	0.962766934062499	FGr	20000	A74	1440	1440	0	300	0.2	DIAG	LAT
222	3	0.031782823836632	0.904121248038193	0	0.6	0	0.031782823836632	0.904121248038193	NoCorrection	20000	A74	1440	1440	0	300	0.2	DIAG	LAT
223	1	-0.0861897419075	-0.0756244363541666	0	0.1	0.4	-0.0861897419075	-0.0756244363541666	10	20000	A75	1440	1440	0	300	0.2	DIAG	LAT
224	2	-0.0272262757003473	0.329271858142361	0	0.8	0.2	-0.0272262757003473	0.329271858142361	FGr	20000	A75	1440	1440	0	300	0.2	DIAG	LAT
225	3	-0.0365418424027778	0.363815823993055	0	0.4	0	-0.0365418424027778	0.363815823993055	NoCorrection	20000	A75	1440	1440	0	300	0.2	DIAG	LAT
226	1	-0.0833200202177083	-0.22434549375	0	0.1	0.1	-0.0833200202177083	-0.22434549375	10	20000	A76	1440	1440	0	300	0.2	DIAG	LAT
227	2	-0.0620024733748264	-0.0256059229166667	0	0.5	1	-0.0620024733748264	-0.0256059229166667	FGr	20000	A76	1440	1440	0	300	0.2	DIAG	LAT
228	3	-0.0621609945827656	-0.021075837951389	0	0.2	1	-0.0621609945827656	-0.021075837951389	NoCorrection	20000	A76	1440	1440	0	300	0.2	DIAG	LAT
229	1	0.000259580038194442	-0.105800911024305	0	1	0.5	0.000259580038194442	-0.105800911024305	10	20000	A77	1440	1440	0	300	0.2	DIAG	LAT
230	2	0.0259342880375001	0.138690670729166	0	0.9	0.4	0.0259342880375001	0.138690670729166	FGr	20000	A77	1440	1440	0	300	0.2	DIAG	LAT
231	3	0.0291401345387152	0.221823991666667	0	0.7	0.3	0.0291401345387152	0.221823991666667	NoCorrection	20000	A77	1440	1440	0	300	0.2	DIAG	LAT
232	1	0.10467610791059	-0.201768443836805	0	0.1	0.5	0.10467610791059	-0.201768443836805	10	20000	A78	1440	1440	0	300	0.2	DIAG	LAT
233	2	0.147556948880208	0.0843928148437499	0	0.1	0.7	0.147556948880208	0.0843928148437499	FGr	20000	A78	1440	1440	0	300	0.2	DIAG	LAT
234	3	0.147455729820139	0.118692446493056	0	0	0.2	0.147455729820139	0.118692446493056	NoCorrection	20000	A78	1440	1440	0	300	0.2	DIAG	LAT
235	1	0.00469529868993062	0.121606646927083	0	1	0.6	0.00469529868993062	0.121606646927083	10	20000	A79	1440	1440	0	300	0.2	DIAG	LAT
236	2	-0.0597856897690971	-0.356174845972223	0	0.2	0	-0.0597856897690971	-0.356174845972223	FGr	20000	A79	1440	1440	0	300	0.2	DIAG	LAT
237	3	-0.0554043056588544	-0.328010556163194	0	0.1	0.1	-0.0554043056588544	-0.328010556163194	NoCorrection	20000	A79	1440	1440	0	300	0.2	DIAG	LAT
238	1	-0.0116226537964236	-0.00654271645833335	0	0.8	0.9	-0.0116226537964236	-0.00654271645833335	10	20000	A80	1440	1440	0	300	0.2	DIAG	LAT
239	2	-0.0253156171004513	-0.16216497435764	0	0.8	0.2	-0.0253156171004513	-0.16216497435764	FGr	20000	A80	1440	1440	0	300	0.2	DIAG	LAT
240	3	-0.0271050375875001	-0.122349051076387	0	0.2	0.5	-0.0271050375875001	-0.122349051076387	NoCorrection	20000	A80	1440	1440	0	300	0.2	DIAG	LAT
241	1	0.106239080409028	0.0945757665277777	0	0.1	0.7	0.106239080409028	0.0945757665277777	10	20000	A81	1440	1440	0	300	0.2	DIAG	LAT
242	2	0.138439630014653	0.411950160694445	0	0	0	0.138439630014653	0.411950160694445	FGr	20000	A81	1440	1440	0	300	0.2	DIAG	LAT
243	3	0.148785988419913	0.203830274322917	0	0	0.1	0.148785988419913	0.203830274322917	NoCorrection	20000	A81	1440	1440	0	300	0.2	DIAG	LAT
244	1	-0.0272561868547396	-0.0367300192187499	0	0.7	0.9	-0.0272561868547396	-0.0367300192187499	10	20000	A82	1440	1440	0	300	0.2	DIAG	LAT
245	2	-0.0236374495303297	-0.04841202390625	0	0.6	0.9	-0.0236374495303297	-0.04841202390625	FGr	20000	A82	1440	1440	0	300	0.2	DIAG	LAT
246	3	-0.0294499465533334	0.0534222111805557	0	0.7	0.8	-0.0294499465533334	0.0534222111805557	NoCorrection	20000	A82	1440	1440	0	300	0.2	DIAG	LAT
247	1	-0.050055030007882	0.182092267621528	0	0.2	0.3	-0.050055030007882	0.182092267621528	10	20000	A83	1440	1440	0	300	0.2	DIAG	LAT
248	2	0.159596660955209	1.68740694621528	0	0	0	0.159596660955209	1.68740694621528	FGr	20000	A83	1440	1440	0	300	0.2	DIAG	LAT
249	3	0.161640606787326	1.66181253470486	0	0	0	0.161640606787326	1.66181253470486	NoCorrection	20000	A83	1440	1440	0	300	0.2	DIAG	LAT
250	1	0.0161848379796876	0.0150936170486116	0	0.9	0.9	0.0161848379796876	0.0150936170486116	10	20000	A84	1440	1440	0	300	0.2	DIAG	LAT
251	2	0.111522995328993	0.625232221996528	0	0.1	0	0.111522995328993	0.625232221996528	FGr	20000	A84	1440	1440	0	300	0.2	DIAG	LAT
252	3	0.120180549427083	0.751450467170139	0	0.1	0	0.120180549427083	0.751450467170139	NoCorrection	20000	A84	1440	1440	0	300	0.2	DIAG	LAT
253	1	-0.0359373363793403	0.0329722708159723	0	0.5	1	-0.0359373363793403	0.0329722708159723	10	20000	A85	1440	1440	0	300	0.2	DIAG	LAT
254	2	0.0307025076633334	0.556456036857639	0	0.3	0	0.0307025076633334	0.556456036857639	FGr	20000	A85	1440	1440	0	300	0.2	DIAG	LAT
255	3	0.0301486395930557	0.552885572465278	0	0.7	0	0.0301486395930557	0.552885572465278	NoCorrection	20000	A85	1440	1440	0	300	0.2	DIAG	LAT
256	1	0.00968376011371527	0.159220563576389	0	1	0.3	0.00968376011371527	0.159220563576389	10	20000	A86	1440	1440	0	300	0.2	DIAG	LAT
257	2	0.0989522891055556	0.824749637291666	0	0.1	0	0.0989522891055556	0.824749637291666	FGr	20000	A86	1440	1440	0	300	0.2	DIAG	LAT
258	3	0.105990620811111	0.876191666875	0	0.1	0	0.105990620811111	0.876191666875	NoCorrection	20000	A86	1440	1440	0	300	0.2	DIAG	LAT
259	1	0.0128506316104167	-0.112776009097223	0	0.9	0.7	0.0128506316104167	-0.112776009097223	10	20000	A87	1440	1440	0	300	0.2	DIAG	LAT
260	2	0.0773074033796875	0.384450154618056	0	0	0	0.0773074033796875	0.384450154618056	FGr	20000	A87	1440	1440	0	300	0.2	DIAG	LAT
261	3	0.0773208431682292	0.393522126302083	0	0	0	0.0773208431682292	0.393522126302083	NoCorrection	20000	A87	1440	1440	0	300	0.2	DIAG	LAT
262	1	-0.0323476114276736	-0.126354342881944	0	0.8	0.5	-0.0323476114276736	-0.126354342881944	10	20000	A88	1440	1440	0	300	0.2	DIAG	LAT
263	2	0.0734800654113715	0.78913758734375	0	0.3	0	0.0734800654113715	0.78913758734375	FGr	20000	A88	1440	1440	0	300	0.2	DIAG	LAT
264	3	0.0733476144541666	0.79510482875	0	0.3	0	0.0733476144541666	0.79510482875	NoCorrection	20000	A88	1440	1440	0	300	0.2	DIAG	LAT
265	1	0.0053671134338542	0.267124981875	0	1	0	0.0053671134338542	0.267124981875	10	20000	A89	1440	1440	0	300	0.2	DIAG	LAT
266	2	-0.0251415742506944	-0.0681555296354166	0	0.7	0.8	-0.0251415742506944	-0.0681555296354166	FGr	20000	A89	1440	1440	0	300	0.2	DIAG	LAT
267	3	-0.0218628140989583	-0.0620169410763888	0	0.8	0.7	-0.0218628140989583	-0.0620169410763888	NoCorrection	20000	A89	1440	1440	0	300	0.2	DIAG	LAT
268	1	0.110385282458507	-0.290991600329861	0	0.1	0.1	0.110385282458507	-0.290991600329861	10	20000	A90	1440	1440	0	300	0.2	DIAG	LAT
269	2	0.120663878686458	-0.232752774322917	0	0	0	0.120663878686458	-0.232752774322917	FGr	20000	A90	1440	1440	0	300	0.2	DIAG	LAT
270	3	0.11994722698116	-0.212136497256945	0	0	0	0.11994722698116	-0.212136497256945	NoCorrection	20000	A90	1440	1440	0	300	0.2	DIAG	LAT
271	1	0.0544119536741319	-0.211072150659722	0	0.3	0	0.0544119536741319	-0.211072150659722	10	20000	A91	1440	1440	0	300	0.2	DIAG	LAT
272	2	-0.0558207647979167	-0.977608545312499	0	0.3	0	-0.0558207647979167	-0.977608545312499	FGr	20000	A91	1440	1440	0	300	0.2	DIAG	LAT
273	3	-0.0531218132121528	-0.923344187343751	0	0.4	0	-0.0531218132121528	-0.923344187343751	NoCorrection	20000	A91	1440	1440	0	300	0.2	DIAG	LAT
274	1	-0.0050434888187499	-0.260667518923611	0	0.8	0.1	-0.0050434888187499	-0.260667518923611	10	20000	A92	1440	1440	0	300	0.2	DIAG	LAT
275	2	0.0571372273046874	0.443427326927082	0	0.4	0	0.0571372273046874	0.443427326927082	FGr	20000	A92	1440	1440	0	300	0.2	DIAG	LAT
276	3	0.0518164613168402	0.313387809270834	0	0.3	0	0.0518164613168402	0.313387809270834	NoCorrection	20000	A92	1440	1440	0	300	0.2	DIAG	LAT
277	1	0.0216715940163194	0.118373140607639	0	0.8	0.8	0.0216715940163194	0.118373140607639	10	20000	A93	1440	1440	0	300	0.2	DIAG	LAT
278	2	0.101550073607118	0.712789870989583	0	0.1	0	0.101550073607118	0.712789870989583	FGr	20000	A93	1440	1440	0	300	0.2	DIAG	LAT
279	3	0.101515226229514	0.752572094201389	0	0	0	0.101515226229514	0.752572094201389	NoCorrection	20000	A93	1440	1440	0	300	0.2	DIAG	LAT
280	1	0.0589614583414931	-0.249684860086806	0	0.4	0.1	0.0589614583414931	-0.249684860086806	10	20000	A94	1440	1440	0	300	0.2	DIAG	LAT
281	2	0.0102912990786458	-0.604951525798611	0	0.9	0	0.0102912990786458	-0.604951525798611	FGr	20000	A94	1440	1440	0	300	0.2	DIAG	LAT
282	3	0.00827435674010416	-0.608785656649306	0	0.8	0	0.00827435674010416	-0.608785656649306	NoCorrection	20000	A94	1440	1440	0	300	0.2	DIAG	LAT
283	1	-0.0346536983883681	-0.0790413397916666	0	0.4	0.4	-0.0346536983883681	-0.0790413397916666	10	20000	A95	1440	1440	0	300	0.2	DIAG	LAT
284	2	-0.00724278145069446	0.176050582743055	0	0.9	0.2	-0.00724278145069446	0.176050582743055	FGr	20000	A95	1440	1440	0	300	0.2	DIAG	LAT
285	3	-0.00752741884374994	0.209719145052083	0	0.7	0	-0.00752741884374994	0.209719145052083	NoCorrection	20000	A95	1440	1440	0	300	0.2	DIAG	LAT
286	1	-0.0612286657651041	0.165074617100695	0	0.3	0.3	-0.0612286657651041	0.165074617100695	10	20000	A96	1440	1440	0	300	0.2	DIAG	LAT
287	2	0.201694614921285	2.03397380326389	0	0	0	0.201694614921285	2.03397380326389	FGr	20000	A96	1440	1440	0	300	0.2	DIAG	LAT
288	3	0.204199865440625	2.00018596427083	0	0	0	0.204199865440625	2.00018596427083	NoCorrection	20000	A96	1440	1440	0	300	0.2	DIAG	LAT
289	1	0.0487892492003472	-0.0524020818055558	0	0.3	0.8	0.0487892492003472	-0.0524020818055558	10	20000	A97	1440	1440	0	300	0.2	DIAG	LAT
290	2	0.0235490971114583	-0.150904244392361	0	0.6	0.5	0.0235490971114583	-0.150904244392361	FGr	20000	A97	1440	1440	0	300	0.2	DIAG	LAT
291	3	0.0231216346746528	-0.0476209617013888	0	0.7	0.8	0.0231216346746528	-0.0476209617013888	NoCorrection	20000	A97	1440	1440	0	300	0.2	DIAG	LAT
292	1	0.0632538703581601	0.17760517265625	0	0.2	0.3	0.0632538703581601	0.17760517265625	10	20000	A98	1440	1440	0	300	0.2	DIAG	LAT
293	2	0.103811108002952	0.480792433038194	0	0.2	0	0.103811108002952	0.480792433038194	FGr	20000	A98	1440	1440	0	300	0.2	DIAG	LAT
294	3	0.0946879776302083	0.489485616788195	0	0.2	0	0.0946879776302083	0.489485616788195	NoCorrection	20000	A98	1440	1440	0	300	0.2	DIAG	LAT
295	1	0.0107971301385418	0.0643428193576388	0	1	0.7	0.0107971301385418	0.0643428193576388	10	20000	A99	1440	1440	0	300	0.2	DIAG	LAT
296	2	0.201612589711979	1.29484179789931	0	0	0	0.201612589711979	1.29484179789931	FGr	20000	A99	1440	1440	0	300	0.2	DIAG	LAT
297	3	0.200298284503299	1.27736293171875	0	0	0	0.200298284503299	1.27736293171875	NoCorrection	20000	A99	1440	1440	0	300	0.2	DIAG	LAT
298	1	0.0194238292755556	0.0914362194618055	0	0.8	0.5	0.0194238292755556	0.0914362194618055	10	20000	A100	1440	1440	0	300	0.2	DIAG	LAT
299	2	-0.00145795554461804	-0.017907356111111	0	1	0.9	-0.00145795554461804	-0.017907356111111	FGr	20000	A100	1440	1440	0	300	0.2	DIAG	LAT
300	3	-0.00898199102934018	-0.00691538164930557	0	0.8	1	-0.00898199102934018	-0.00691538164930557	NoCorrection	20000	A100	1440	1440	0	300	0.2	DIAG	LAT
