	V1	c-q	nc-q	true-q	c-p	nc-p	c-bias	nc-bias	type	L	stan-c	stan-nc	rep	config	gwas_size	test_size	h2	ts	num_causal	env
1	1	-0.770499522999998	-0.259282949999999	0	0.1	0.7	-0.770499522999998	-0.259282949999999	LMMNoCorrection	500	-1.48399645942316	-0.373063880798833	C2	C1	1000	1000	0	0.5	500	
2	1	0.3309921015	0.437106500000001	0	0.1	0.9	0.3309921015	0.437106500000001	LMMNoCorrection	500	1.08143943807186	0.400564557535094	C3	C1	1000	1000	0	0.5	500	
3	1	-0.0308444909999978	0.502951349999986	0	1	0.7	-0.0308444909999978	0.502951349999986	LMMNoCorrection	500	-0.0910632725486985	0.406958800310934	C4	C1	1000	1000	0	0.5	500	
4	1	0.5590556968	0.443993299999997	0	0.3	0.6	0.5590556968	0.443993299999997	LMMNoCorrection	500	0.972814755645372	0.378474825417704	C5	C1	1000	1000	0	0.5	500	
5	1	0.850761992999999	1.1766612	0	0	0.1	0.850761992999999	1.1766612	LMMNoCorrection	500	2.76763274813405	1.59595988651569	C6	C1	1000	1000	0	0.5	500	
6	1	0.00152324499999695	0.733519450000001	0	1	0.3	0.00152324499999695	0.733519450000001	LMMNoCorrection	500	0.00587713018956849	0.893440673746175	C7	C1	1000	1000	0	0.5	500	
7	1	0.229894728	1.03095095	0	0.2	0.4	0.229894728	1.03095095	LMMNoCorrection	500	0.993990885618765	0.897659222386259	C8	C1	1000	1000	0	0.5	500	
8	1	0.585950340499995	0.219987800000001	0	0	0.8	0.585950340499995	0.219987800000001	LMMNoCorrection	500	2.04721299760121	0.306104334600212	C9	C1	1000	1000	0	0.5	500	
9	1	0.932709730000002	1.47322345	0	0.1	0.3	0.932709730000002	1.47322345	LMMNoCorrection	500	1.81821502775616	1.44759668119624	C10	C1	1000	1000	0	0.5	500	
10	1	0.579943262999999	1.13492	0	0.1	0.1	0.579943262999999	1.13492	LMMNoCorrection	500	2.28909172494052	1.77273642409163	C11	C1	1000	1000	0	0.5	500	
11	1	0.268475119	2.34115585	0	0.8	0.1	0.268475119	2.34115585	LMMNoCorrection	500	0.453406787821134	1.78032574118834	C12	C1	1000	1000	0	0.5	500	
12	1	0.24708087565	-0.286768550000002	0	0.4	0.9	0.24708087565	-0.286768550000002	LMMNoCorrection	500	0.752732117569638	-0.356821691988562	C13	C1	1000	1000	0	0.5	500	
13	1	0.0347666449999998	-0.416574650000006	0	0.8	0.5	0.0347666449999998	-0.416574650000006	LMMNoCorrection	500	0.122266496751579	-0.440735240102492	C14	C1	1000	1000	0	0.5	500	
14	1	-0.499452332	0.117821149999985	0	0.2	0.8	-0.499452332	0.117821149999985	LMMNoCorrection	500	-1.41590910271587	0.126596673625719	C15	C1	1000	1000	0	0.5	500	
15	1	0.324021508500004	1.811713	0	0.3	0.1	0.324021508500004	1.811713	LMMNoCorrection	500	1.04049417532496	2.58764321472703	C16	C1	1000	1000	0	0.5	500	
16	1	-0.746079818000001	0.876992149999998	0	0	0.5	-0.746079818000001	0.876992149999998	LMMNoCorrection	500	-1.87396725813138	1.00459871284541	C17	C1	1000	1000	0	0.5	500	
17	1	0.283802995000001	0.860998699999995	0	0.5	0.4	0.283802995000001	0.860998699999995	LMMNoCorrection	500	0.78210583361855	0.778866210441978	C18	C1	1000	1000	0	0.5	500	
18	1	-0.224858084999998	-0.45305805	0	0.6	0.3	-0.224858084999998	-0.45305805	LMMNoCorrection	500	-0.555449005989917	-1.03386444649457	C19	C1	1000	1000	0	0.5	500	
19	1	0.530149713	0.565443149999996	0	0.2	0.4	0.530149713	0.565443149999996	LMMNoCorrection	500	1.36586013382535	0.787781307634738	C20	C1	1000	1000	0	0.5	500	
20	1	-0.157635426499997	0.891423300000009	0	0.4	0.1	-0.157635426499997	0.891423300000009	LMMNoCorrection	500	-0.602336435768839	1.51958883753332	C21	C1	1000	1000	0	0.5	500	
21	1	0.149802027999998	2.67162689999999	0	0.5	0	0.149802027999998	2.67162689999999	LMMNoCorrection	500	0.858840110020121	2.69307260986691	C22	C1	1000	1000	0	0.5	500	
22	1	-0.212885072500003	-0.438871850000006	0	0.5	0.6	-0.212885072500003	-0.438871850000006	LMMNoCorrection	500	-0.733972876449913	-0.738610487408493	C23	C1	1000	1000	0	0.5	500	
23	1	0.295222458500005	0.148586350000001	0	0.6	0.9	0.295222458500005	0.148586350000001	LMMNoCorrection	500	0.781398443177608	0.166864344376509	C24	C1	1000	1000	0	0.5	500	
24	1	0.353036775100001	0.384280049999997	0	0.3	0.7	0.353036775100001	0.384280049999997	LMMNoCorrection	500	1.0884674279477	0.693727841035315	C25	C1	1000	1000	0	0.5	500	
25	1	-0.775503483499999	0.397292750000005	0	0	0.7	-0.775503483499999	0.397292750000005	LMMNoCorrection	500	-2.31927082939876	1.00954171827974	C26	C1	1000	1000	0	0.5	500	
26	1	-0.138512979999999	0.587822500000002	0	0.7	0.3	-0.138512979999999	0.587822500000002	LMMNoCorrection	500	-0.451114590328713	1.07351297728688	C27	C1	1000	1000	0	0.5	500	
27	1	0.30368792445	1.2394166	0	0.2	0.1	0.30368792445	1.2394166	LMMNoCorrection	500	1.08239189525586	1.94838825761275	C28	C1	1000	1000	0	0.5	500	
28	1	0.846085938999999	-0.314963550000006	0	0.2	0.8	0.846085938999999	-0.314963550000006	LMMNoCorrection	500	1.38159271695009	-0.391115531161983	C29	C1	1000	1000	0	0.5	500	
29	1	0.449369778	0.887063250000001	0	0.2	0.3	0.449369778	0.887063250000001	LMMNoCorrection	500	1.23451315818106	0.872931589307525	C30	C1	1000	1000	0	0.5	500	
30	1	0.330504158999999	0.421305119999999	0	0.3	0.8	0.330504158999999	0.421305119999999	LMMNoCorrection	500	1.00285181837128	0.424036105975777	C31	C1	1000	1000	0	0.5	500	
31	1	-0.178392339999999	0.499583899999999	0	0.8	0.5	-0.178392339999999	0.499583899999999	LMMNoCorrection	500	-0.604159782075196	0.64233550983228	C32	C1	1000	1000	0	0.5	500	
32	1	0.476038695999999	1.08871915	0	0.1	0.4	0.476038695999999	1.08871915	LMMNoCorrection	500	1.43405211596596	1.2262751112755	C33	C1	1000	1000	0	0.5	500	
33	1	-0.23586072	0.504912900000001	0	0.7	0.6	-0.23586072	0.504912900000001	LMMNoCorrection	500	-0.535133894256084	0.504713132764757	C34	C1	1000	1000	0	0.5	500	
34	1	0.752480393999989	0.315875850000005	0	0.4	0.8	0.752480393999989	0.315875850000005	LMMNoCorrection	500	0.892377410544982	0.372753612642256	C35	C1	1000	1000	0	0.5	500	
35	1	0.0179700819600011	2.78808935	0	0.9	0	0.0179700819600011	2.78808935	LMMNoCorrection	500	0.0628331920540598	2.40337612288092	C36	C1	1000	1000	0	0.5	500	
36	1	-0.0325244479999994	2.43911469999999	0	0.8	0	-0.0325244479999994	2.43911469999999	LMMNoCorrection	500	-0.0913921477700795	3.20512557588233	C37	C1	1000	1000	0	0.5	500	
37	1	-0.248167177	-0.361002499999996	0	0.7	0.7	-0.248167177	-0.361002499999996	LMMNoCorrection	500	-0.541959247185402	-0.239878571473235	C38	C1	1000	1000	0	0.5	500	
38	1	0.0242124450000037	1.21755164999999	0	1	0.4	0.0242124450000037	1.21755164999999	LMMNoCorrection	500	0.10152395898927	1.01911658155699	C39	C1	1000	1000	0	0.5	500	
39	1	-0.00320026899999993	1.4035188	0	1	0	-0.00320026899999993	1.4035188	LMMNoCorrection	500	-0.00872165700421153	1.86190379335312	C40	C1	1000	1000	0	0.5	500	
40	1	-0.0145637249999913	0.4388776	0	1	0.5	-0.0145637249999913	0.4388776	LMMNoCorrection	500	-0.0330454154987273	0.435605635697139	C41	C1	1000	1000	0	0.5	500	
41	1	0.659991142499999	-0.0486975500000083	0	0.2	0.9	0.659991142499999	-0.0486975500000083	LMMNoCorrection	500	1.24780128324142	-0.0692922100040417	C42	C1	1000	1000	0	0.5	500	
42	1	-0.359608271	-0.112034200000002	0	0.1	0.8	-0.359608271	-0.112034200000002	LMMNoCorrection	500	-1.4251830714143	-0.154077150019355	C43	C1	1000	1000	0	0.5	500	
43	1	0.483149489500001	-0.146600850000001	0	0.4	0.9	0.483149489500001	-0.146600850000001	LMMNoCorrection	500	1.1271219594127	-0.198194038474209	C44	C1	1000	1000	0	0.5	500	
44	1	-0.0574900699999976	-0.1801025	0	0.9	0.8	-0.0574900699999976	-0.1801025	LMMNoCorrection	500	-0.303888759660647	-0.356669772697872	C45	C1	1000	1000	0	0.5	500	
45	1	0.370928582200002	1.00383555	0	0.4	0.3	0.370928582200002	1.00383555	LMMNoCorrection	500	1.41464381047911	1.16623281201202	C46	C1	1000	1000	0	0.5	500	
46	1	0.0465761870000022	0.83565765	0	0.9	0.4	0.0465761870000022	0.83565765	LMMNoCorrection	500	0.118128598294011	0.932152233241338	C47	C1	1000	1000	0	0.5	500	
47	1	0.339452107000001	1.13126675	0	0.4	0.1	0.339452107000001	1.13126675	LMMNoCorrection	500	1.13616585001719	1.5359917591587	C48	C1	1000	1000	0	0.5	500	
48	1	0.0517288640000001	0.513861699999999	0	0.8	0.4	0.0517288640000001	0.513861699999999	LMMNoCorrection	500	0.172758210724479	0.551237295386037	C49	C1	1000	1000	0	0.5	500	
49	1	0.319978213500005	0.199453300000007	0	0.2	0.5	0.319978213500005	0.199453300000007	LMMNoCorrection	500	1.46983994346331	0.307537218147726	C50	C1	1000	1000	0	0.5	500	
50	1	-0.219322624999999	1.53654044999998	0	0.5	0.1	-0.219322624999999	1.53654044999998	LMMNoCorrection	500	-0.784872819399567	1.77833066342673	C51	C1	1000	1000	0	0.5	500	
51	1	0.5121996	1.30536705	0	0.3	0.1	0.5121996	1.30536705	LMMNoCorrection	500	0.980778961423057	2.36208735795356	C52	C1	1000	1000	0	0.5	500	
52	1	0.45449742	1.60684465	0	0	0.2	0.45449742	1.60684465	LMMNoCorrection	500	2.40654188291128	2.11770738215056	C53	C1	1000	1000	0	0.5	500	
53	1	0.1652055493	-0.757489499999992	0	0.6	0.6	0.1652055493	-0.757489499999992	LMMNoCorrection	500	0.700314220107226	-1.53814615056321	C54	C1	1000	1000	0	0.5	500	
54	1	-0.252245446000008	0.558177099999998	0	0.5	0.4	-0.252245446000008	0.558177099999998	LMMNoCorrection	500	-0.817732137259925	1.12957884241573	C55	C1	1000	1000	0	0.5	500	
55	1	-0.124988225	0.976779200000003	0	0.8	0.3	-0.124988225	0.976779200000003	LMMNoCorrection	500	-0.198031720452656	1.32439545881765	C56	C1	1000	1000	0	0.5	500	
56	1	0.207989145	-0.206336599999997	0	0.3	0.8	0.207989145	-0.206336599999997	LMMNoCorrection	500	1.00632308432385	-0.296012736031654	C57	C1	1000	1000	0	0.5	500	
57	1	-0.440180275	1.231184	0	0.3	0.1	-0.440180275	1.231184	LMMNoCorrection	500	-1.39765490856385	1.32252423976766	C58	C1	1000	1000	0	0.5	500	
58	1	0.217829523000001	0.055074199999999	0	0.3	1	0.217829523000001	0.055074199999999	LMMNoCorrection	500	0.946258869437013	0.0685979803080953	C59	C1	1000	1000	0	0.5	500	
59	1	0.548799135999992	0.942741249999999	0	0.3	0.3	0.548799135999992	0.942741249999999	LMMNoCorrection	500	1.2624047426107	1.16897060741417	C60	C1	1000	1000	0	0.5	500	
60	1	0.125079576000001	0.917742000000008	0	0.9	0.5	0.125079576000001	0.917742000000008	LMMNoCorrection	500	0.272321575336867	1.10345944017489	C61	C1	1000	1000	0	0.5	500	
61	1	0.337911990000002	0.0798888500000109	0	0.4	1	0.337911990000002	0.0798888500000109	LMMNoCorrection	500	0.776501331171434	0.091580493529791	C62	C1	1000	1000	0	0.5	500	
62	1	0.248312004999999	0.154295574999999	0	0.3	0.8	0.248312004999999	0.154295574999999	LMMNoCorrection	500	1.04830228672754	0.320745752843509	C63	C1	1000	1000	0	0.5	500	
63	1	-0.351588234	0.0955147500000027	0	0.2	1	-0.351588234	0.0955147500000027	LMMNoCorrection	500	-1.2922877452792	0.136250484836567	C64	C1	1000	1000	0	0.5	500	
64	1	0.553087865	0.38329945	0	0.2	0.9	0.553087865	0.38329945	LMMNoCorrection	500	1.24647078134336	0.451606413391416	C65	C1	1000	1000	0	0.5	500	
65	1	0.451895509	0.37971410000001	0	0	0.6	0.451895509	0.37971410000001	LMMNoCorrection	500	1.79458858700734	0.500297405628476	C66	C1	1000	1000	0	0.5	500	
66	1	0.3050498555	-0.5275311	0	0.4	0.7	0.3050498555	-0.5275311	LMMNoCorrection	500	0.78676022892069	-0.608018854783846	C67	C1	1000	1000	0	0.5	500	
67	1	0.0208830799999998	-0.0571846999999969	0	0.9	1	0.0208830799999998	-0.0571846999999969	LMMNoCorrection	500	0.0743968372208637	-0.0947967385596883	C68	C1	1000	1000	0	0.5	500	
68	1	-0.274749467000002	-0.0204386499999978	0	0.2	1	-0.274749467000002	-0.0204386499999978	LMMNoCorrection	500	-1.22063182044128	-0.025105602657288	C69	C1	1000	1000	0	0.5	500	
69	1	0.302916119539999	-0.424734800000001	0	0.2	0.6	0.302916119539999	-0.424734800000001	LMMNoCorrection	500	1.6423207289088	-0.549391870155906	C70	C1	1000	1000	0	0.5	500	
70	1	0.208435855000003	2.10288605	0	0.6	0	0.208435855000003	2.10288605	LMMNoCorrection	500	0.564425812194964	5.18970479418965	C71	C1	1000	1000	0	0.5	500	
71	1	0.235341194	0.19308345	0	0.8	0.7	0.235341194	0.19308345	LMMNoCorrection	500	0.301701132392981	0.244163753287423	C72	C1	1000	1000	0	0.5	500	
72	1	0.388350307999999	1.3803975	0	0.4	0.1	0.388350307999999	1.3803975	LMMNoCorrection	500	1.1111369602028	1.62120131445776	C73	C1	1000	1000	0	0.5	500	
73	1	0.0902423905000002	0.181748150000002	0	0.8	0.9	0.0902423905000002	0.181748150000002	LMMNoCorrection	500	0.306978148296343	0.205860435148231	C74	C1	1000	1000	0	0.5	500	
74	1	0.65042752	-0.3822379	0	0.1	0.5	0.65042752	-0.3822379	LMMNoCorrection	500	1.23102124915147	-0.430069541307499	C75	C1	1000	1000	0	0.5	500	
75	1	0.305677762999998	0.670399600000008	0	0.8	0.6	0.305677762999998	0.670399600000008	LMMNoCorrection	500	0.65075844747854	0.578728612190087	C76	C1	1000	1000	0	0.5	500	
76	1	0.151774160000002	0.0743597999999997	0	0.7	1	0.151774160000002	0.0743597999999997	LMMNoCorrection	500	0.427498061019948	0.0581505433387811	C77	C1	1000	1000	0	0.5	500	
77	1	0.0697645050000003	0.852337449999997	0	1	0.4	0.0697645050000003	0.852337449999997	LMMNoCorrection	500	0.259032146912916	0.883049992890794	C78	C1	1000	1000	0	0.5	500	
78	1	-0.144444861999996	1.36871755	0	0.7	0.2	-0.144444861999996	1.36871755	LMMNoCorrection	500	-0.535867778862563	1.43624528238231	C79	C1	1000	1000	0	0.5	500	
79	1	0.290690496999997	1.0438564	0	0.5	0.2	0.290690496999997	1.0438564	LMMNoCorrection	500	0.979819152928056	1.20312523799993	C80	C1	1000	1000	0	0.5	500	
80	1	-0.0412104253999971	0.845708399999999	0	0.9	0.3	-0.0412104253999971	0.845708399999999	LMMNoCorrection	500	-0.135339777218002	0.967977046112081	C81	C1	1000	1000	0	0.5	500	
81	1	-0.134622207500001	0.356760749999998	0	0.8	0.8	-0.134622207500001	0.356760749999998	LMMNoCorrection	500	-0.33724752833997	0.284850342141133	C82	C1	1000	1000	0	0.5	500	
82	1	0.625793058999999	-0.56375785	0	0.2	0.6	0.625793058999999	-0.56375785	LMMNoCorrection	500	1.17580994308537	-0.603449659909831	C83	C1	1000	1000	0	0.5	500	
83	1	-0.15761578	0.795298350000011	0	0.7	0.5	-0.15761578	0.795298350000011	LMMNoCorrection	500	-0.781638667185746	0.61522748504374	C84	C1	1000	1000	0	0.5	500	
84	1	-0.10190605	1.22778285	0	0.8	0	-0.10190605	1.22778285	LMMNoCorrection	500	-0.582219929679837	1.75248269549151	C85	C1	1000	1000	0	0.5	500	
85	1	-0.0909013514999994	0.892978999999982	0	0.6	0.3	-0.0909013514999994	0.892978999999982	LMMNoCorrection	500	-0.438801497676535	1.16983179717137	C86	C1	1000	1000	0	0.5	500	
86	1	0.642863553	0.39588615	0	0	0.8	0.642863553	0.39588615	LMMNoCorrection	500	2.11969632811054	0.348614995951269	C87	C1	1000	1000	0	0.5	500	
87	1	-0.0613392710999967	2.18434755	0	1	0	-0.0613392710999967	2.18434755	LMMNoCorrection	500	-0.188183598894123	3.30360026021138	C88	C1	1000	1000	0	0.5	500	
88	1	0.670808508649999	0.507404949999991	0	0.2	0.7	0.670808508649999	0.507404949999991	LMMNoCorrection	500	1.21904262428277	0.698629978688782	C89	C1	1000	1000	0	0.5	500	
89	1	0.264226468499999	0.337288350000002	0	0.4	0.5	0.264226468499999	0.337288350000002	LMMNoCorrection	500	0.79916250200272	0.655948244832823	C90	C1	1000	1000	0	0.5	500	
90	1	0.387524076000002	0.709517350000004	0	0.4	0.3	0.387524076000002	0.709517350000004	LMMNoCorrection	500	1.07615907285376	0.759900423402942	C91	C1	1000	1000	0	0.5	500	
91	1	0.3120022620815	1.9175828	0	0.3	0	0.3120022620815	1.9175828	LMMNoCorrection	500	1.13188654451163	1.95802178104839	C92	C1	1000	1000	0	0.5	500	
92	1	0.0653033761400011	1.09966855	0	0.9	0.1	0.0653033761400011	1.09966855	LMMNoCorrection	500	0.168849967665821	1.52146266782582	C93	C1	1000	1000	0	0.5	500	
93	1	-0.0444495710000012	2.20624405	0	0.8	0	-0.0444495710000012	2.20624405	LMMNoCorrection	500	-0.182198884523815	3.27317948631861	C94	C1	1000	1000	0	0.5	500	
94	1	-0.0577888619999999	0.649989900000008	0	1	0.6	-0.0577888619999999	0.649989900000008	LMMNoCorrection	500	-0.186605598231635	0.659478388854824	C95	C1	1000	1000	0	0.5	500	
95	1	0.147667735499997	1.93675485	0	0.6	0	0.147667735499997	1.93675485	LMMNoCorrection	500	0.533770387067779	1.98432196200221	C96	C1	1000	1000	0	0.5	500	
96	1	-0.104190134000001	0.302362099999999	0	0.6	0.9	-0.104190134000001	0.302362099999999	LMMNoCorrection	500	-0.390363714954753	0.321555784886925	C97	C1	1000	1000	0	0.5	500	
97	1	0.396345845000001	1.19441425	0	0.1	0.1	0.396345845000001	1.19441425	LMMNoCorrection	500	1.28011325317487	1.34555975740705	C98	C1	1000	1000	0	0.5	500	
98	1	0.0183962589999995	1.46236575	0	1	0.2	0.0183962589999995	1.46236575	LMMNoCorrection	500	0.0987501391798387	1.30064635972377	C99	C1	1000	1000	0	0.5	500	
99	1	-0.0162906049999984	0.342612049999996	0	1	0.3	-0.0162906049999984	0.342612049999996	LMMNoCorrection	500	-0.06881343942237	0.615154836633141	C100	C1	1000	1000	0	0.5	500	
