	V1	num	avg_r2	lowerci	upperci
1	1	100	0.482330289433847	0.413335486213203	0.551325092654491
2	2	100	0.978569042295237	0.978377104535105	0.978760980055369
3	3	100	0.978743348607355	0.978561665455541	0.978925031759169
4	4	100	0.978785951873816	0.978604372325616	0.978967531422015
5	5	100	0.97883269591989	0.978652270316508	0.979013121523273
6	6	100	0.978870432818015	0.9786897571701	0.979051108465931
7	7	100	0.978910657009263	0.978729058477717	0.979092255540809
8	8	100	0.981615107225151	0.981114706387155	0.982115508063148
9	9	100	0.984362446393353	0.983818828641038	0.984906064145668
10	10	100	0.987156170358959	0.987038753718958	0.98727358699896
11	11	100	0.987332541207768	0.987229584110397	0.987435498305138
12	12	100	0.987450713286315	0.987358698039698	0.987542728532932
13	13	100	0.987484443570455	0.987392429006155	0.987576458134754
14	14	100	0.987515825695468	0.987423119903017	0.987608531487919
15	15	100	0.987546269758514	0.98745349573757	0.987639043779459
16	16	100	0.987580097419042	0.987487523717738	0.987672671120345
17	17	100	0.987609413910263	0.987516738654202	0.987702089166323
18	18	100	0.987643035131861	0.987550803868926	0.987735266394796
19	19	100	0.98774570765279	0.987654740717503	0.987836674588077
20	20	100	0.987818947240313	0.987730671466703	0.987907223013924
21	21	100	0.987858966261922	0.987770223300668	0.987947709223176
22	22	100	0.987903104040351	0.987817487373195	0.987988720707507
23	23	100	0.98793216257973	0.987846855606431	0.988017469553028
24	24	100	0.987957992978169	0.987872422699209	0.98804356325713
25	25	100	0.987983089718271	0.987897990949474	0.988068188487068
26	26	100	0.988002127421078	0.987917518604284	0.988086736237873
27	27	100	0.988016780705382	0.98793245113654	0.988101110274225
28	28	100	0.98803382578875	0.987949558994275	0.988118092583225
29	29	100	0.988048701424563	0.98796414732196	0.988133255527167
30	30	100	0.988065394853769	0.987981732164948	0.988149057542589
31	31	100	0.988077834691378	0.987993893272806	0.988161776109949
32	32	100	0.988085780326895	0.988002029739228	0.988169530914562
33	33	100	0.988097057152773	0.988013314284795	0.98818080002075
34	34	100	0.988112149049613	0.988028925875522	0.988195372223704
35	35	100	0.988124699472617	0.988041569542228	0.988207829403005
36	36	100	0.988136713949825	0.988053863352297	0.988219564547353
37	37	100	0.988148188908844	0.988065390053349	0.98823098776434
38	38	100	0.988156685949282	0.988074031609516	0.988239340289048
39	39	100	0.988168444310608	0.988085829326368	0.988251059294847
40	40	100	0.988182804856099	0.988100289037383	0.988265320674815
41	41	100	0.988191718033345	0.988108881606356	0.988274554460334
42	42	100	0.988201236739821	0.988118408382357	0.988284065097285
43	43	100	0.988212685454411	0.988130321518894	0.988295049389929
44	44	100	0.988226427358254	0.988144068930237	0.988308785786271
45	45	100	0.988237447764226	0.988155230784454	0.988319664743998
46	46	100	0.988246230075855	0.988163789550572	0.988328670601137
47	47	100	0.988257453280174	0.988175540517542	0.988339366042805
48	48	100	0.988265943843038	0.988184154026419	0.988347733659657
49	49	100	0.988274704309301	0.988192771063798	0.988356637554804
50	50	100	0.988284853228814	0.988202396505942	0.988367309951686
51	51	100	0.988296744788948	0.988214706834912	0.988378782742985
52	52	100	0.988307211898922	0.98822577521481	0.988388648583035
53	53	100	0.988319099413459	0.988237417871542	0.988400780955376
54	54	100	0.98832856591881	0.98824697755887	0.988410154278749
55	55	100	0.988339461407502	0.988257606297727	0.988421316517276
56	56	100	0.988350302879354	0.988267964013871	0.988432641744838
57	57	100	0.988361594537368	0.988279331872137	0.988443857202598
58	58	100	0.98837217810368	0.988290349244657	0.988454006962704
59	59	100	0.988381153452558	0.988299277092245	0.988463029812871
60	60	100	0.988390769407906	0.988308957132155	0.988472581683657
61	61	100	0.988400997592527	0.988319163936149	0.988482831248905
62	62	100	0.988412514586242	0.988330938236548	0.988494090935936
63	63	100	0.98842182458446	0.988340509601567	0.988503139567353
64	64	100	0.98843267138898	0.988351394514187	0.988513948263773
65	65	100	0.98844419123134	0.988362531802723	0.988525850659957
66	66	100	0.988452818049146	0.988371451086621	0.988534185011672
67	67	100	0.988465755910148	0.988384199118001	0.988547312702296
68	68	100	0.988473955240672	0.988392589617567	0.988555320863778
69	69	100	0.98848174065242	0.988400504214616	0.988562977090224
70	70	100	0.988491737661801	0.98841047296617	0.988573002357433
71	71	100	0.988502513270911	0.988421485451731	0.988583541090092
72	72	100	0.988513885882892	0.988432319025608	0.988595452740175
73	73	100	0.988523186103979	0.988441757812753	0.988604614395204
74	74	100	0.988533015727386	0.988451607342074	0.988614424112697
75	75	100	0.988540889518444	0.988459669289364	0.988622109747525
76	76	100	0.988549524753644	0.988468412375391	0.988630637131897
77	77	100	0.988559443581798	0.988478338574743	0.988640548588853
78	78	100	0.988569066937647	0.988487691850649	0.988650442024645
79	79	100	0.988578732750281	0.988497270886599	0.988660194613962
80	80	100	0.988587566527868	0.988505833317629	0.988669299738107
81	81	100	0.988597947848708	0.988516917357941	0.988678978339475
82	82	100	0.988606747371354	0.988525640392719	0.988687854349989
83	83	100	0.988614683053566	0.988533609443792	0.98869575666334
84	84	100	0.988625274641478	0.98854447411524	0.988706075167715
85	85	100	0.988636969227295	0.988555958668956	0.988717979785633
86	86	100	0.988646117213781	0.988565479239259	0.988726755188303
87	87	100	0.988657025992826	0.988575968782334	0.988738083203318
88	88	100	0.988668050062831	0.988586986917607	0.988749113208056
89	89	100	0.988678275322223	0.988597144500886	0.98875940614356
90	90	100	0.988686673694071	0.988605794472041	0.988767552916102
91	91	100	0.988696128411618	0.988615077434818	0.988777179388418
92	92	100	0.98870524349007	0.988624430080586	0.988786056899555
93	93	100	0.988716131554023	0.988635347590434	0.988796915517611
94	94	100	0.988726076664867	0.988645454371105	0.988806698958629
95	95	100	0.988735674255177	0.988655358342573	0.988815990167782
96	96	100	0.988743767009513	0.988663249974399	0.988824284044627
97	97	100	0.988753067071947	0.988672734157948	0.988833399985946
98	98	100	0.988762599594669	0.988682280995623	0.988842918193715
99	99	100	0.988774371139842	0.988694346865359	0.988854395414324
100	100	100	0.988783653829304	0.988704109118928	0.988863198539679
101	101	100	0.988794627575703	0.988714880654945	0.988874374496461
102	102	100	0.988804209908172	0.988724411640007	0.988884008176337
103	103	100	0.988813499673315	0.988733875638501	0.98889312370813
104	104	100	0.988822677489256	0.988743273712283	0.988902081266229
105	105	100	0.988833059562512	0.988753703996013	0.988912415129011
106	106	100	0.988842539921118	0.988763278378408	0.988921801463828
107	107	100	0.988853262073927	0.988773949023248	0.988932575124607
108	108	100	0.988863221094761	0.98878354424927	0.988942897940252
109	109	100	0.988870765648712	0.988791269877205	0.98895026142022
110	110	100	0.988882804552368	0.988803397954902	0.988962211149835
111	111	100	0.988894935985737	0.988815871961707	0.988974000009767
112	112	100	0.988905366940465	0.988826026043814	0.988984707837117
113	113	100	0.988915662077864	0.988836451609156	0.988994872546571
114	114	100	0.988924449662692	0.988845166972846	0.989003732352537
115	115	100	0.98893273157646	0.988853584418072	0.98901187873485
116	116	100	0.98894408359906	0.988865134032397	0.989023033165723
117	117	100	0.988953382111205	0.988874587190934	0.989032177031476
118	118	100	0.988962673939172	0.988883884060142	0.989041463818203
119	119	100	0.988971622181959	0.988892794807169	0.989050449556748
120	120	100	0.98897996208881	0.988901419822941	0.989058504354678
121	121	100	0.988991069156123	0.98891306301812	0.989069075294125
122	122	100	0.989001027433161	0.988923199706355	0.989078855159967
123	123	100	0.989009705086818	0.988932038502779	0.989087371670857
124	124	100	0.989020550788567	0.988943064546356	0.989098037030779
125	125	100	0.989030634321336	0.988953428329471	0.989107840313201
126	126	100	0.989039511849934	0.988962682482883	0.989116341216984
127	127	100	0.98904949999077	0.988972184516874	0.989126815464666
128	128	100	0.98905952908084	0.988982411538466	0.989136646623214
129	129	100	0.989070671388608	0.988993539855852	0.989147802921364
130	130	100	0.989078240277322	0.989001291569781	0.989155188984863
131	131	100	0.989086360412389	0.989009747402418	0.989162973422361
132	132	100	0.9890963713876	0.989019207727277	0.989173535047922
133	133	100	0.989105371942487	0.989028595091223	0.989182148793752
134	134	100	0.98911511906146	0.989037713704782	0.989192524418138
135	135	100	0.989122842238891	0.989044824012493	0.989200860465288
136	136	100	0.989131374898738	0.989052759745615	0.98920999005186
137	137	100	0.989140359118669	0.989061620172925	0.989219098064413
138	138	100	0.989148766189945	0.989070153084752	0.989227379295138
139	139	100	0.989157678072147	0.989079183133345	0.989236173010948
140	140	100	0.989167558057071	0.989088865055756	0.989246251058385
141	141	100	0.989177456250976	0.98909905146508	0.989255861036871
142	142	100	0.989187147392151	0.989108381318513	0.989265913465789
143	143	100	0.989195939257604	0.98911720950702	0.989274669008187
144	144	100	0.989206122255689	0.989127723399065	0.989284521112312
145	145	100	0.989216113710825	0.989137750627049	0.989294476794602
146	146	100	0.989225624091493	0.98914682114298	0.989304427040006
147	147	100	0.989235328123918	0.989156403051029	0.989314253196807
148	148	100	0.989245446126513	0.989166778729805	0.989324113523221
149	149	100	0.989254102573574	0.989175420793303	0.989332784353844
150	150	100	0.989261796215957	0.98918336768473	0.989340224747184
151	151	100	0.989270326823703	0.989191830721202	0.989348822926204
152	152	100	0.989280059413909	0.989201554604276	0.989358564223542
153	153	100	0.989291319657868	0.989213041067482	0.989369598248254
154	154	100	0.989300092932046	0.989221805666481	0.98937838019761
155	155	100	0.989308854627221	0.98923029726442	0.989387411990022
156	156	100	0.989318711835357	0.989240136567646	0.989397287103068
157	157	100	0.989327637626019	0.989249659442307	0.98940561580973
158	158	100	0.98933630584481	0.989258567372512	0.989414044317108
159	159	100	0.989350217605764	0.989272379860208	0.98942805535132
160	160	100	0.989358291893058	0.989280487598484	0.989436096187632
161	161	100	0.989366078914736	0.989288341370316	0.989443816459156
162	162	100	0.989375471483747	0.989297884965888	0.989453058001606
163	163	100	0.989384323874934	0.989306789033963	0.989461858715905
164	164	100	0.98939543514614	0.989318005850792	0.989472864441488
165	165	100	0.989404322321229	0.989326992479224	0.989481652163233
166	166	100	0.989411690320204	0.989334093520596	0.989489287119812
167	167	100	0.989420892455234	0.989343145566129	0.989498639344338
168	168	100	0.989430169406036	0.989352537123392	0.98950780168868
169	169	100	0.989440984199418	0.989363313089638	0.989518655309198
170	170	100	0.989452439438397	0.989374817735794	0.989530061140999
171	171	100	0.98946238932454	0.989384754956621	0.989540023692458
172	172	100	0.989475069290919	0.989397631943791	0.989552506638048
173	173	100	0.989485438636232	0.989408066893343	0.98956281037912
174	174	100	0.989493615701675	0.98941617618516	0.989571055218189
175	175	100	0.989505093277502	0.989427874874099	0.989582311680905
176	176	100	0.989513680331902	0.989436555794676	0.989590804869127
177	177	100	0.989525156008301	0.989448225165848	0.989602086850753
178	178	100	0.989532975765196	0.989455885065673	0.98961006646472
179	179	100	0.989540820560454	0.989463369898963	0.989618271221945
180	180	100	0.989551470104877	0.989474171374359	0.989628768835394
181	181	100	0.989560562018356	0.989483030877336	0.989638093159375
182	182	100	0.989571691503927	0.989493574212479	0.989649808795376
183	183	100	0.989579441873438	0.989501198579315	0.989657685167562
184	184	100	0.989590370537484	0.989511790658078	0.989668950416889
185	185	100	0.989600655884831	0.989522262636208	0.989679049133454
186	186	100	0.989611644721886	0.989532704651197	0.989690584792575
187	187	100	0.989620965010712	0.989541997732134	0.98969993228929
188	188	100	0.989630522281777	0.989551745794794	0.989709298768759
189	189	100	0.989640151723437	0.989561106890423	0.989719196556452
190	190	100	0.989649649918501	0.989570597568546	0.989728702268456
191	191	100	0.989657219402102	0.989578135284422	0.989736303519782
192	192	100	0.98966663496539	0.989587405978967	0.989745863951813
193	193	100	0.989677798423823	0.989599045843805	0.98975655100384
194	194	100	0.989685439602408	0.98960670992322	0.989764169281596
195	195	100	0.989694099609452	0.98961515012453	0.989773049094373
196	196	100	0.989703559266627	0.989624473871573	0.989782644661681
197	197	100	0.989713020272233	0.989633666957362	0.989792373587104
198	198	100	0.989723693948828	0.989644485262517	0.989802902635139
199	199	100	0.989732153515189	0.989653117256727	0.98981118977365
200	200	100	0.989740745748038	0.989661569990581	0.989819921505496
201	201	100	0.989748616826301	0.98966893117696	0.989828302475643
202	202	100	0.989754907765762	0.989675502026246	0.989834313505277
203	203	100	0.989766272763484	0.989687419885264	0.989845125641705
204	204	100	0.989775256745248	0.989696387955702	0.989854125534794
205	205	100	0.989783401967942	0.989704419376645	0.989862384559238
206	206	100	0.989791913001437	0.989712872488842	0.989870953514032
207	207	100	0.98980221365624	0.989723346436886	0.989881080875594
208	208	100	0.98980931856429	0.989730354627338	0.989888282501243
209	209	100	0.989822358543918	0.989744073947146	0.989900643140689
210	210	100	0.98983273174273	0.989754406384853	0.989911057100606
211	211	100	0.989841401123771	0.989762961823054	0.989919840424488
212	212	100	0.989849733302691	0.98977145740124	0.989928009204142
213	213	100	0.989859415836958	0.989781086274483	0.989937745399432
214	214	100	0.98987235993023	0.989793765353105	0.989950954507354
215	215	100	0.989882926023043	0.989804585693813	0.989961266352273
216	216	100	0.989893278258488	0.989815241463475	0.989971315053501
217	217	100	0.989901756237633	0.989823775952508	0.989979736522758
218	218	100	0.989909786782321	0.989832080126082	0.98998749343856
219	219	100	0.989919136169671	0.989841797932493	0.989996474406849
220	220	100	0.98992706938562	0.98984960553625	0.990004533234989
221	221	100	0.989936275916248	0.989858790594864	0.990013761237632
222	222	100	0.989946003148127	0.989868508389803	0.990023497906452
223	223	100	0.989954717760056	0.989877137432548	0.990032298087563
224	224	100	0.989964632680486	0.989887007846753	0.990042257514218
225	225	100	0.989972844646221	0.989895541554997	0.990050147737444
226	226	100	0.989980631984389	0.989903293517697	0.990057970451081
227	227	100	0.989989208714563	0.989912200382675	0.990066217046451
228	228	100	0.989996036973831	0.989919094509063	0.990072979438599
229	229	100	0.990007661192097	0.98993078526824	0.990084537115955
230	230	100	0.990015899335553	0.989938872967407	0.990092925703699
231	231	100	0.990025287300808	0.9899485586038	0.990102015997817
232	232	100	0.990033732939773	0.989956957252789	0.990110508626757
233	233	100	0.990042904334886	0.989966157903073	0.990119650766698
234	234	100	0.990050453836216	0.989973620941529	0.990127286730903
235	235	100	0.990060666204417	0.989984022095375	0.990137310313458
236	236	100	0.990069922668814	0.989993361412298	0.990146483925329
237	237	100	0.990080693684771	0.990004090858097	0.990157296511445
238	238	100	0.990090272605896	0.990013931654173	0.990166613557618
239	239	100	0.990100072129597	0.990023973647802	0.990176170611392
240	240	100	0.990111128659162	0.990034882716852	0.990187374601472
241	241	100	0.99011947209425	0.990043348311467	0.990195595877034
242	242	100	0.990128270906945	0.990052078678074	0.990204463135817
243	243	100	0.99013631286513	0.990060176567456	0.990212449162803
244	244	100	0.990145822458162	0.990069618372319	0.990222026544005
245	245	100	0.990153941793853	0.990077868217932	0.990230015369773
246	246	100	0.990163684051215	0.990087758127339	0.990239609975091
247	247	100	0.99017199782588	0.990096059155777	0.990247936495983
248	248	100	0.99018097251649	0.990105083721716	0.990256861311264
249	249	100	0.990188554267905	0.99011301465026	0.990264093885551
250	250	100	0.990197478130736	0.990121750542936	0.990273205718536
251	251	100	0.990205506199867	0.99012995403819	0.990281058361544
252	252	100	0.990216071257464	0.990140410486164	0.990291732028764
253	253	100	0.990226281984246	0.990150784868629	0.990301779099862
254	254	100	0.990232312613377	0.990157138576494	0.990307486650259
255	255	100	0.990243799825051	0.990168319594273	0.990319280055829
256	256	100	0.990253388254703	0.990177876828179	0.990328899681227
257	257	100	0.990260589410255	0.990185185834738	0.990335992985773
258	258	100	0.990269396393527	0.990194092960186	0.990344699826867
259	259	100	0.990278054725336	0.990202616089121	0.99035349336155
260	260	100	0.990287310518844	0.990211969940195	0.990362651097493
261	261	100	0.990294418741553	0.990219255247381	0.990369582235726
262	262	100	0.990304420259909	0.990229398321648	0.99037944219817
263	263	100	0.990314276578524	0.990239764889006	0.990388788268042
264	264	100	0.990322717684251	0.990247934861339	0.990397500507162
265	265	100	0.990333153641518	0.990258214345862	0.990408092937175
266	266	100	0.990342608277265	0.990267685425342	0.990417531129187
267	267	100	0.990350865086747	0.990276019958184	0.990425710215311
268	268	100	0.990359599800302	0.990284670225158	0.990434529375447
269	269	100	0.9903673121892	0.990292524401289	0.990442099977111
270	270	100	0.990376622554848	0.990301892802915	0.990451352306782
271	271	100	0.990386426652996	0.990311345963205	0.990461507342788
272	272	100	0.990395875280403	0.990320973114763	0.990470777446042
273	273	100	0.990402984188574	0.990328179909216	0.990477788467933
274	274	100	0.990412605872303	0.990338124263238	0.990487087481367
275	275	100	0.990421440287226	0.990346540818047	0.990496339756406
276	276	100	0.990430687979309	0.990356060480289	0.990505315478329
277	277	100	0.990440314650525	0.990365906591511	0.99051472270954
278	278	100	0.990447517022095	0.990373146005506	0.990521888038683
279	279	100	0.990455307164508	0.990380734198132	0.990529880130885
280	280	100	0.990464528981696	0.99039010708006	0.990538950883333
281	281	100	0.990471653319812	0.990397294076159	0.990546012563466
282	282	100	0.990479686847311	0.990405345951462	0.990554027743161
283	283	100	0.990487227447166	0.990412883277282	0.990561571617049
284	284	100	0.990495608612943	0.990421101060955	0.990570116164931
285	285	100	0.990505590335902	0.990431313078535	0.990579867593269
286	286	100	0.990514320744455	0.990440103988533	0.990588537500378
287	287	100	0.990523922062788	0.990449953289986	0.99059789083559
288	288	100	0.990532641408442	0.990459038760482	0.990606244056403
289	289	100	0.990539420019814	0.990465680477192	0.990613159562436
290	290	100	0.990549441375554	0.990475589907175	0.990623292843933
291	291	100	0.990558136775586	0.99048409812427	0.990632175426901
292	292	100	0.990567768695108	0.990493520982145	0.990642016408071
293	293	100	0.990574974158162	0.990500713366572	0.990649234949752
294	294	100	0.990583884569252	0.990509709592191	0.990658059546313
295	295	100	0.99059229961695	0.990518208841422	0.990666390392479
296	296	100	0.990601257159376	0.990526974826344	0.990675539492407
297	297	100	0.990610683485975	0.990536378208023	0.990684988763926
298	298	100	0.99062171485536	0.990547312526797	0.990696117183924
299	299	100	0.990630072135332	0.990555907746574	0.990704236524089
300	300	100	0.990639502481693	0.990565351743976	0.99071365321941
301	301	100	0.990648839615264	0.990574675789534	0.990723003440994
302	302	100	0.990659717548404	0.990584833482919	0.990734601613888
303	303	100	0.990667838831639	0.99059336796271	0.990742309700568
304	304	100	0.990676106940023	0.990601975051621	0.990750238828425
305	305	100	0.990684352464359	0.990610592659394	0.990758112269324
306	306	100	0.990692433170254	0.990618945474833	0.990765920865676
307	307	100	0.990700904608462	0.990627654351816	0.990774154865108
308	308	100	0.990710390102135	0.990637100826544	0.990783679377727
309	309	100	0.990720460606439	0.990647319644418	0.99079360156846
310	310	100	0.990729922018385	0.990656901418708	0.990802942618061
311	311	100	0.990738652241306	0.990665398306408	0.990811906176204
312	312	100	0.990747825849022	0.990675001850888	0.990820649847155
313	313	100	0.99075637306148	0.990683467999945	0.990829278123016
314	314	100	0.990764177847431	0.990691327933428	0.990837027761434
315	315	100	0.990776066840446	0.990703498976807	0.990848634704084
316	316	100	0.990783626572825	0.990711106177406	0.990856146968244
317	317	100	0.990791931238818	0.990719215052068	0.990864647425567
318	318	100	0.990802649157175	0.990729804210853	0.990875494103497
319	319	100	0.990811592171005	0.990738625627613	0.990884558714398
320	320	100	0.990820288085708	0.990746935733727	0.990893640437688
321	321	100	0.990830519727582	0.99075670858941	0.990904330865755
322	322	100	0.990838649701297	0.990764894359485	0.990912405043108
323	323	100	0.99084835206371	0.990775394288747	0.990921309838673
324	324	100	0.990857725997159	0.990784466017534	0.990930985976785
325	325	100	0.990869228301791	0.990796093349925	0.990942363253656
326	326	100	0.990879368942413	0.990806605124592	0.990952132760233
327	327	100	0.990886527803855	0.990814166690528	0.990958888917183
328	328	100	0.990897239919444	0.990824726350187	0.9909697534887
329	329	100	0.990905746262309	0.990833056036674	0.990978436487944
330	330	100	0.990913763422479	0.990841305910788	0.99098622093417
331	331	100	0.990920663322658	0.990848216889161	0.990993109756156
332	332	100	0.990927970505181	0.990855473724477	0.991000467285884
333	333	100	0.990936884729034	0.990864014098764	0.991009755359304
334	334	100	0.990949663166439	0.990877009929296	0.991022316403583
335	335	100	0.990960838200163	0.990888215064665	0.99103346133566
336	336	100	0.990969929679942	0.99089716880146	0.991042690558423
337	337	100	0.990978008353216	0.990905487946746	0.991050528759685
338	338	100	0.990987545684657	0.990915277583564	0.991059813785749
339	339	100	0.990996345388808	0.990924107596237	0.991068583181378
340	340	100	0.991004887291005	0.990932692000895	0.991077082581115
341	341	100	0.991014679021593	0.990942351984549	0.991087006058637
342	342	100	0.991023760511797	0.99095165499686	0.991095866026734
343	343	100	0.991031417113973	0.990959360987015	0.991103473240932
344	344	100	0.991040802951431	0.990969004774578	0.991112601128284
345	345	100	0.991052201810485	0.990980487090931	0.99112391653004
346	346	100	0.991058442983775	0.990986717258575	0.991130168708976
347	347	100	0.991066440419769	0.99099444600812	0.991138434831419
348	348	100	0.991074124126346	0.991002017502582	0.991146230750108
349	349	100	0.991083183250853	0.991011281356868	0.991155085144839
350	350	100	0.991091324810561	0.991019524431002	0.99116312519012
351	351	100	0.991101922239809	0.991029862431101	0.991173982048517
352	352	100	0.991111669670866	0.991039950844071	0.991183388497661
353	353	100	0.991120236447431	0.991048288012226	0.991192184882636
354	354	100	0.991129214487115	0.991057514497377	0.991200914476854
355	355	100	0.991137012915438	0.991065344576883	0.991208681253993
356	356	100	0.991144071002682	0.991072187582346	0.991215954423018
357	357	100	0.991150581941286	0.991078915659138	0.991222248223435
358	358	100	0.991159282082072	0.991087671030214	0.991230893133931
359	359	100	0.991168514545997	0.991096967543452	0.991240061548542
360	360	100	0.99117640666058	0.991104830584928	0.991247982736231
361	361	100	0.991186169519804	0.99111493125145	0.991257407788157
362	362	100	0.991194811061033	0.991123759681965	0.991265862440101
363	363	100	0.99120354573588	0.991132485627955	0.991274605843805
364	364	100	0.991213304639517	0.991142063560339	0.991284545718695
365	365	100	0.991222392928126	0.991151384781319	0.991293401074933
366	366	100	0.991231755092677	0.991160623298553	0.9913028868868
367	367	100	0.991241604440875	0.991170948998043	0.991312259883708
368	368	100	0.991249813599833	0.991178824239313	0.991320802960354
369	369	100	0.991256020456407	0.991184951053529	0.991327089859286
370	370	100	0.991264203535857	0.991193286584742	0.991335120486972
371	371	100	0.991274132671797	0.99120304616322	0.991345219180375
372	372	100	0.991285423735174	0.991214389828938	0.991356457641409
373	373	100	0.991294541626523	0.991223370282992	0.991365712970054
374	374	100	0.991301905251228	0.991230561734819	0.991373248767637
375	375	100	0.991310276020914	0.991238988253605	0.991381563788222
376	376	100	0.991320412624144	0.991249007108529	0.991391818139757
377	377	100	0.991328764716641	0.991257588643351	0.991399940789931
378	378	100	0.991339591263683	0.991268298214212	0.991410884313154
379	379	100	0.991349247468669	0.991278091026498	0.991420403910841
380	380	100	0.99135814024845	0.991286915043741	0.99142936545316
381	381	100	0.991368248993811	0.991296616858858	0.991439881128764
382	382	100	0.991377191568643	0.99130552014947	0.991448862987816
383	383	100	0.991384805683751	0.991313392204632	0.991456219162869
384	384	100	0.991393623407659	0.991322698404801	0.991464548410518
385	385	100	0.991404011404673	0.991332719648181	0.991475303161165
386	386	100	0.991412179948731	0.991341251112789	0.991483108784673
387	387	100	0.991419510309878	0.991348483904503	0.991490536715252
388	388	100	0.991428972205708	0.991357891832007	0.991500052579408
389	389	100	0.991439081047766	0.991368059105316	0.991510102990216
390	390	100	0.99144616709332	0.99137481194721	0.99151752223943
391	391	100	0.99145279719784	0.991381461935608	0.991524132460072
392	392	100	0.991461167890401	0.991389355560269	0.991532980220533
393	393	100	0.991471666542622	0.99139975424861	0.991543578836634
394	394	100	0.991479499345402	0.991407804723552	0.991551193967251
395	395	100	0.991489308151741	0.991417728536421	0.99156088776706
396	396	100	0.99149779777006	0.991426418693562	0.991569176846559
397	397	100	0.991505992271894	0.991434497073811	0.991577487469977
398	398	100	0.991513513875567	0.991441885521949	0.991585142229186
399	399	100	0.991522206701728	0.991450514370258	0.991593899033199
400	400	100	0.991531511338767	0.991460234440343	0.991602788237192
401	401	100	0.991541741221386	0.991470990954568	0.991612491488204
402	402	100	0.991549312812175	0.991478553286756	0.991620072337595
403	403	100	0.991557676779569	0.99148702019773	0.991628333361407
404	404	100	0.991566353228045	0.991495494736964	0.991637211719127
405	405	100	0.991574380818648	0.991503633961996	0.9916451276753
406	406	100	0.991582111674467	0.991510946276977	0.991653277071958
407	407	100	0.991588986089307	0.991518193708572	0.991659778470041
408	408	100	0.991597616221788	0.991526696148916	0.99166853629466
409	409	100	0.991606081452056	0.99153542278288	0.991676740121232
410	410	100	0.991616310322046	0.991545944577268	0.991686676066825
411	411	100	0.991624859433899	0.991554289665786	0.991695429202012
412	412	100	0.991632041597129	0.991561611020688	0.991702472173569
413	413	100	0.991641254817189	0.991570849731253	0.991711659903125
414	414	100	0.991652853672153	0.991582609951469	0.991723097392837
415	415	100	0.991661935503333	0.991591692300674	0.991732178705993
416	416	100	0.991669902037915	0.991600190580417	0.991739613495414
417	417	100	0.991679056671254	0.991609220244963	0.991748893097544
418	418	100	0.99168691115303	0.99161711287049	0.991756709435571
419	419	100	0.991694714654937	0.991624732381996	0.991764696927878
420	420	100	0.991704615815838	0.991634492909351	0.991774738722324
421	421	100	0.991713558341177	0.991643498043704	0.991783618638651
422	422	100	0.991722750280059	0.991652504148337	0.991792996411782
423	423	100	0.991729174977149	0.99165895441434	0.991799395539958
424	424	100	0.991739092943608	0.991668539179097	0.99180964670812
425	425	100	0.991746170622219	0.991675691548789	0.99181664969565
426	426	100	0.991756340754787	0.991686056766407	0.991826624743165
427	427	100	0.991763208988853	0.991692681293234	0.991833736684473
428	428	100	0.991771824745117	0.991701028951756	0.991842620538477
429	429	100	0.991781413504823	0.991710520612201	0.991852306397445
430	430	100	0.991788918439001	0.991718416670521	0.991859420207482
431	431	100	0.991797010241852	0.991726559893314	0.991867460590391
432	432	100	0.991804711621222	0.991734350881987	0.991875072360458
433	433	100	0.991813096573377	0.991743183750589	0.991883009396166
434	434	100	0.991820362290431	0.991750492455089	0.991890232125773
435	435	100	0.991827575298874	0.991757744125698	0.99189740647205
436	436	100	0.991834008077733	0.991764235828068	0.991903780327398
437	437	100	0.991843447245284	0.991774411075639	0.991912483414928
438	438	100	0.991850918486003	0.991782200033793	0.991919636938212
439	439	100	0.991860994221438	0.991792660950249	0.991929327492628
440	440	100	0.991870078538731	0.99180166646953	0.991938490607931
441	441	100	0.99187949727176	0.99181095900529	0.991948035538229
442	442	100	0.991886321384987	0.991818060780449	0.991954581989525
443	443	100	0.991894224742612	0.99182605118093	0.991962398304295
444	444	100	0.991902678128391	0.991834476155096	0.991970880101685
445	445	100	0.991911238586664	0.991842805298459	0.991979671874869
446	446	100	0.991922198429452	0.991853964258344	0.99199043260056
447	447	100	0.991931443762791	0.991863430328916	0.991999457196667
448	448	100	0.991938787236038	0.991870720965621	0.992006853506454
449	449	100	0.991946343803973	0.991878121599531	0.992014566008415
450	450	100	0.991954202243809	0.991886160316624	0.992022244170994
451	451	100	0.991964611992769	0.991896555108078	0.99203266887746
452	452	100	0.991972982744276	0.991905174789249	0.992040790699303
453	453	100	0.991982426781897	0.99191467692613	0.992050176637664
454	454	100	0.991989954853905	0.991922295782615	0.992057613925195
455	455	100	0.991999202273665	0.991931982121363	0.992066422425967
456	456	100	0.992009417634783	0.991942399662183	0.992076435607382
457	457	100	0.992018990190033	0.991951764628132	0.992086215751933
458	458	100	0.992027612472715	0.991960399828996	0.992094825116434
459	459	100	0.992035566041625	0.991968388864311	0.992102743218939
460	460	100	0.992042756684361	0.991975910363014	0.992109603005709
461	461	100	0.99205248955198	0.991985317867971	0.992119661235988
462	462	100	0.992059453769608	0.991992528504204	0.992126379035011
463	463	100	0.992067062174761	0.992000268039195	0.992133856310327
464	464	100	0.992074490537602	0.992007361777688	0.992141619297516
465	465	100	0.99208239295937	0.992015705866375	0.992149080052365
466	466	100	0.992092474485166	0.99202602560952	0.992158923360811
467	467	100	0.992098236906793	0.992031972368786	0.992164501444799
468	468	100	0.992106784651235	0.992040416521248	0.992173152781223
469	469	100	0.992116490816867	0.992050356085652	0.992182625548083
470	470	100	0.992127044464674	0.992061001402805	0.992193087526543
471	471	100	0.99213463069092	0.992068440195864	0.992200821185977
472	472	100	0.992143360889097	0.992077030562531	0.992209691215664
473	473	100	0.9921517720865	0.99208546361823	0.99221808055477
474	474	100	0.992159302696999	0.992093203673803	0.992225401720196
475	475	100	0.99216739979466	0.992101180028518	0.992233619560802
476	476	100	0.992173583568627	0.992107514828996	0.992239652308258
477	477	100	0.992183020568349	0.992116889446418	0.99224915169028
478	478	100	0.992191160032112	0.992125049730857	0.992257270333366
479	479	100	0.992198516000379	0.992132664315138	0.992264367685619
480	480	100	0.992204858572649	0.99213898008945	0.992270737055847
481	481	100	0.992215811365965	0.99214995291726	0.99228166981467
482	482	100	0.99222588061952	0.992160221339773	0.992291539899266
483	483	100	0.992232787866176	0.992167254823313	0.99229832090904
484	484	100	0.992241474893301	0.992176004893081	0.992306944893521
485	485	100	0.992248747365814	0.992183377669402	0.992314117062226
486	486	100	0.992257986189218	0.992192683339136	0.9923232890393
487	487	100	0.992269783286958	0.992204637219763	0.992334929354153
488	488	100	0.992277088149992	0.992212118379788	0.992342057920195
489	489	100	0.992285831794812	0.992220777955876	0.992350885633747
490	490	100	0.9922973899975	0.992232497861262	0.992362282133739
491	491	100	0.992304393529408	0.992239323291935	0.992369463766881
492	492	100	0.992312609939579	0.992247476105588	0.992377743773569
493	493	100	0.992321033818709	0.992255716901866	0.992386350735552
494	494	100	0.992329778921508	0.992264669511409	0.992394888331608
495	495	100	0.992338020809498	0.992272525588945	0.992403516030051
496	496	100	0.992347509104469	0.992282015342933	0.992413002866004
497	497	100	0.992356499415508	0.992291092141738	0.992421906689277
498	498	100	0.992365312824804	0.992300260665244	0.992430364984365
499	499	100	0.992374032763561	0.9923086978551	0.992439367672022
500	500	100	0.992381342807944	0.992316192225659	0.99244649339023
501	501	100	0.992390145217543	0.992325073694091	0.992455216740995
502	502	100	0.99239791737515	0.992333090740843	0.992462744009457
503	503	100	0.992405764136427	0.99234102997664	0.992470498296213
504	504	100	0.992412253215024	0.99234759646096	0.992476909969089
505	505	100	0.992421554953133	0.992357363010883	0.992485746895384
506	506	100	0.992431179008834	0.992366889158056	0.992495468859612
507	507	100	0.992440548757315	0.992376424355187	0.992504673159443
508	508	100	0.992448311011757	0.992384474159373	0.992512147864141
509	509	100	0.992456853975952	0.992392924921366	0.992520783030539
510	510	100	0.992466299143561	0.992402495362463	0.99253010292466
511	511	100	0.992475694045967	0.99241249229325	0.992538895798684
512	512	100	0.992484454433848	0.992421305240587	0.992547603627109
513	513	100	0.99249262110138	0.992429589581319	0.992555652621441
514	514	100	0.992501108448788	0.992438308263493	0.992563908634084
515	515	100	0.992511016098282	0.992448342434013	0.992573689762552
516	516	100	0.992519142429189	0.992456901141571	0.992581383716807
517	517	100	0.992526372984199	0.992464063596399	0.992588682372
518	518	100	0.992534192400708	0.992471944649709	0.992596440151706
519	519	100	0.992543464853484	0.992481688035543	0.992605241671426
520	520	100	0.992551450243739	0.992489642184617	0.992613258302861
521	521	100	0.992558851333344	0.992497165301413	0.992620537365275
522	522	100	0.992567561649708	0.992506108501364	0.992629014798051
523	523	100	0.992576687118758	0.992515568164159	0.992637806073358
524	524	100	0.992585629606335	0.992524915072125	0.992646344140544
525	525	100	0.992593974909856	0.992533502135004	0.992654447684708
526	526	100	0.992603040028983	0.992542734232046	0.992663345825919
527	527	100	0.992612961832838	0.992552854302221	0.992673069363456
528	528	100	0.992621442750695	0.992561425361186	0.992681460140204
529	529	100	0.992632079520276	0.992571666432127	0.992692492608425
530	530	100	0.99264241170041	0.992582054067237	0.992702769333583
531	531	100	0.992651312612356	0.99259117739266	0.992711447832051
532	532	100	0.992660061344825	0.992600063884534	0.992720058805115
533	533	100	0.992670475653759	0.992610397943271	0.992730553364247
534	534	100	0.992680099646856	0.992619399721173	0.99274079957254
535	535	100	0.992688730506685	0.992628486294259	0.99274897471911
536	536	100	0.992698374412356	0.992638531120198	0.992758217704515
537	537	100	0.992704714530708	0.992645026030525	0.992764403030892
538	538	100	0.992713463056906	0.99265360296348	0.992773323150332
539	539	100	0.992721685951133	0.992661800276456	0.99278157162581
540	540	100	0.992731797505316	0.992671806583138	0.992791788427494
541	541	100	0.992740653032606	0.992680262703658	0.992801043361554
542	542	100	0.992748571381494	0.992688371474887	0.992808771288101
543	543	100	0.992755892960231	0.99269587968053	0.992815906239931
544	544	100	0.992763506399638	0.99270326886464	0.992823743934637
545	545	100	0.992770335655442	0.992710024524697	0.992830646786187
546	546	100	0.992782071061176	0.992721882585992	0.992842259536359
547	547	100	0.992789317019318	0.992729487494154	0.992849146544481
548	548	100	0.992799075075516	0.992739185450406	0.992858964700626
549	549	100	0.992807719823038	0.99274783335985	0.992867606286225
550	550	100	0.99281521108062	0.992755051353923	0.992875370807317
551	551	100	0.992824345005327	0.992764055091087	0.992884634919568
552	552	100	0.992834175068357	0.992773976743183	0.992894373393531
553	553	100	0.992842628834118	0.992782527455929	0.992902730212307
554	554	100	0.992852877162322	0.992793235283001	0.992912519041643
555	555	100	0.992862624561936	0.99280277939673	0.992922469727141
556	556	100	0.992871870147915	0.9928119321018	0.99293180819403
557	557	100	0.992883012422267	0.992823049423489	0.992942975421046
558	558	100	0.992892759615627	0.99283233512536	0.992953184105895
559	559	100	0.99290033392527	0.992839592513245	0.992961075337294
560	560	100	0.992909579192094	0.992848909219374	0.992970249164814
561	561	100	0.992917200296326	0.992856392778022	0.99297800781463
562	562	100	0.992926253569463	0.992865089047638	0.992987418091287
563	563	100	0.992935157523767	0.992873521827411	0.992996793220123
564	564	100	0.992942112064751	0.992880377772702	0.993003846356801
565	565	100	0.992949423795368	0.992887804132585	0.993011043458151
566	566	100	0.992958578334285	0.992897294347086	0.993019862321484
567	567	100	0.99296714195533	0.992905729916964	0.993028553993697
568	568	100	0.992975177990288	0.992913837677636	0.99303651830294
569	569	100	0.992982985292622	0.992922036541054	0.993043934044189
570	570	100	0.992992463437295	0.992931515345333	0.993053411529256
571	571	100	0.993004577776831	0.992943197655317	0.993065957898345
572	572	100	0.993011601465534	0.992950171374912	0.993073031556155
573	573	100	0.993018766966433	0.992957494989111	0.993080038943755
574	574	100	0.993027047468416	0.992965753615384	0.993088341321447
575	575	100	0.99303485990148	0.99297413905507	0.993095580747891
576	576	100	0.993043702713599	0.992982998356634	0.993104407070565
577	577	100	0.993051139999288	0.992990624647963	0.993111655350612
578	578	100	0.993058977335451	0.992998443900441	0.993119510770461
579	579	100	0.993069808458836	0.993009569469922	0.99313004744775
580	580	100	0.993078545431368	0.993017715408066	0.993139375454669
581	581	100	0.993086354262761	0.993025724671318	0.993146983854203
582	582	100	0.99309392915393	0.993033222697944	0.993154635609916
583	583	100	0.993103720148235	0.993042843850155	0.993164596446315
584	584	100	0.993111316662434	0.993050897072628	0.993171736252239
585	585	100	0.993120068014868	0.993060127598081	0.993180008431655
586	586	100	0.993128473620366	0.993068388152555	0.993188559088178
587	587	100	0.993134430631123	0.993074234703542	0.993194626558704
588	588	100	0.993145208645695	0.993085528637106	0.993204888654284
589	589	100	0.993154666933481	0.993095124512872	0.993214209354089
590	590	100	0.993162552785459	0.99310322062454	0.993221884946378
591	591	100	0.993170356449231	0.993111141244125	0.993229571654337
592	592	100	0.99317775307881	0.993118590307053	0.993236915850568
593	593	100	0.993188160481686	0.993129223465777	0.993247097497596
594	594	100	0.993197529283142	0.993138960674099	0.993256097892186
595	595	100	0.993205289387191	0.993146684914492	0.993263893859889
596	596	100	0.993213658274217	0.993155001983833	0.993272314564602
597	597	100	0.993220929172147	0.993162390513381	0.993279467830913
598	598	100	0.993229665581678	0.993170638136003	0.993288693027353
599	599	100	0.993237193739128	0.993178133118608	0.993296254359648
600	600	100	0.993244657679754	0.993185263561643	0.993304051797864
601	601	100	0.993253310768272	0.993194091975335	0.993312529561209
602	602	100	0.993260696948546	0.993201558515811	0.99331983538128
603	603	100	0.993269039225057	0.993209863841597	0.993328214608517
604	604	100	0.993277341684348	0.993218301001877	0.993336382366818
605	605	100	0.993286595948135	0.993227635323797	0.993345556572473
606	606	100	0.993295432204936	0.993236624715799	0.993354239694073
607	607	100	0.993302319297374	0.993243587133051	0.993361051461696
608	608	100	0.993311116584319	0.993253155057526	0.993369078111112
609	609	100	0.993320104351023	0.993262649034862	0.993377559667183
610	610	100	0.993328810559179	0.993271517279487	0.99338610383887
611	611	100	0.993338143729691	0.993280659978985	0.993395627480396
612	612	100	0.993347835069244	0.993290745206217	0.993404924932271
613	613	100	0.993354393178775	0.993296905723777	0.993411880633774
614	614	100	0.993364653075249	0.993306835791041	0.993422470359457
615	615	100	0.993372651293011	0.993314839135233	0.99343046345079
616	616	100	0.993381250663806	0.993323252638332	0.993439248689279
617	617	100	0.993387435499901	0.993329654063047	0.993445216936755
618	618	100	0.993396221924971	0.993338276353569	0.993454167496373
619	619	100	0.993405988981842	0.993348095107683	0.993463882856001
620	620	100	0.993415088874413	0.993357360923352	0.993472816825473
621	621	100	0.993423350348768	0.9933653512907	0.993481349406837
622	622	100	0.993433561960104	0.993375387339384	0.993491736580824
623	623	100	0.993441325653998	0.993383400138694	0.993499251169302
624	624	100	0.993448322050722	0.99339033808424	0.993506306017204
625	625	100	0.993457434254698	0.993399548080229	0.993515320429167
626	626	100	0.993466529977118	0.993408889648027	0.993524170306209
627	627	100	0.993474035193404	0.993416465196058	0.99353160519075
628	628	100	0.993483328547985	0.993425721588385	0.993540935507585
629	629	100	0.99349038131632	0.993432596640052	0.993548165992588
630	630	100	0.993498763538041	0.993440868473213	0.99355665860287
631	631	100	0.993506837729647	0.993448788174992	0.993564887284302
632	632	100	0.993518317342768	0.993460527357492	0.993576107328045
633	633	100	0.993527169361045	0.993469672064636	0.993584666657455
634	634	100	0.993537579140419	0.993480503052587	0.993594655228251
635	635	100	0.993547068927386	0.993489729290859	0.993604408563912
636	636	100	0.993557016753076	0.993499746948464	0.993614286557688
637	637	100	0.99356653590813	0.993508811871528	0.993624259944732
638	638	100	0.993575433765703	0.993517872328129	0.993632995203277
639	639	100	0.993581810073725	0.993524171871505	0.993639448275944
640	640	100	0.993591284970232	0.993533760403963	0.993648809536502
641	641	100	0.993599515937379	0.993541927153368	0.993657104721391
642	642	100	0.993606601805761	0.993549144868364	0.993664058743157
643	643	100	0.993613884292837	0.993556548399485	0.993671220186189
644	644	100	0.99362222543886	0.993564835698776	0.993679615178944
645	645	100	0.993629584494125	0.993572223835278	0.993686945152973
646	646	100	0.993636311562977	0.993579163404219	0.993693459721736
647	647	100	0.993644266014667	0.993587383079262	0.993701148950072
648	648	100	0.993652389251875	0.993595899687362	0.993708878816389
649	649	100	0.993659091123485	0.993602819570575	0.993715362676395
650	650	100	0.993667794312725	0.993611672382675	0.993723916242775
651	651	100	0.993676964597176	0.993620939939481	0.993732989254872
652	652	100	0.993684564693733	0.993628284251448	0.993740845136019
653	653	100	0.993692961348279	0.993636433909718	0.99374948878684
654	654	100	0.993703693106016	0.993647755077694	0.993759631134337
655	655	100	0.993713172858866	0.993657086996684	0.993769258721048
656	656	100	0.993722444055432	0.993666747184872	0.993778140925991
657	657	100	0.993730932681425	0.993675138291274	0.993786727071576
658	658	100	0.993736567159503	0.993680872836308	0.993792261482699
659	659	100	0.993746441387059	0.993690725671587	0.993802157102531
660	660	100	0.99375314728414	0.993697224948302	0.993809069619978
661	661	100	0.993761922315537	0.99370641138877	0.993817433242305
662	662	100	0.993769616846041	0.99371413290103	0.993825100791052
663	663	100	0.993776061560549	0.993720450108249	0.993831673012849
664	664	100	0.993783178213805	0.993727556940207	0.993838799487403
665	665	100	0.993793057906814	0.993737030959822	0.993849084853806
666	666	100	0.993800988101904	0.993744984659747	0.993856991544062
667	667	100	0.993809254197956	0.993753148398912	0.993865359997
668	668	100	0.993818236562506	0.993762027833864	0.993874445291148
669	669	100	0.993828069843691	0.993772169048794	0.993883970638588
670	670	100	0.993837376851243	0.993781368746739	0.993893384955747
671	671	100	0.993843627639329	0.99378754247837	0.993899712800287
672	672	100	0.993850762772586	0.993794970267856	0.993906555277316
673	673	100	0.993860562110116	0.993804661214366	0.993916463005865
674	674	100	0.993868256692292	0.993812272093182	0.993924241291401
675	675	100	0.993877481615508	0.993821114042184	0.993933849188832
676	676	100	0.99388614160571	0.993829788213422	0.993942494997998
677	677	100	0.993895006221326	0.993838840876424	0.993951171566227
678	678	100	0.993904228422362	0.993848634987097	0.993959821857627
679	679	100	0.99391219018378	0.993856264589922	0.993968115777638
680	680	100	0.993921266113361	0.993864946524903	0.993977585701819
681	681	100	0.993929408232056	0.993873175961234	0.993985640502877
682	682	100	0.993938273629427	0.993882175064005	0.993994372194848
683	683	100	0.993945909835229	0.993889531112221	0.994002288558237
684	684	100	0.993953766268836	0.993897598794675	0.994009933742997
685	685	100	0.993963630957413	0.993906994403561	0.994020267511265
686	686	100	0.993974054386027	0.993917324811839	0.994030783960216
687	687	100	0.993981600544905	0.993925145322192	0.994038055767618
688	688	100	0.993988657905354	0.993932077907482	0.994045237903226
689	689	100	0.993996830375066	0.993940411121699	0.994053249628433
690	690	100	0.994005512481537	0.993949238943266	0.994061786019808
691	691	100	0.994013597044777	0.993957298967851	0.994069895121704
692	692	100	0.994019459875554	0.993962980600449	0.994075939150659
693	693	100	0.994030942974964	0.993974814542297	0.994087071407632
694	694	100	0.99403758909577	0.993981404565811	0.994093773625729
695	695	100	0.994045832084342	0.993989654858575	0.994102009310108
696	696	100	0.994053547870793	0.99399749371301	0.994109602028576
697	697	100	0.994062817946915	0.994006877404622	0.994118758489207
698	698	100	0.994073107152045	0.994017002843024	0.994129211461067
699	699	100	0.994080739437944	0.994024691416788	0.994136787459101
700	700	100	0.994088815604912	0.994032471684408	0.994145159525417
701	701	100	0.994096984249799	0.994040419193064	0.994153549306534
702	702	100	0.994106956757172	0.99405033966532	0.994163573849024
703	703	100	0.994115293063994	0.994058937438655	0.994171648689334
704	704	100	0.994123574956664	0.994066994713584	0.994180155199743
705	705	100	0.994132272769502	0.994075361661816	0.994189183877188
706	706	100	0.994137921024881	0.99408128584253	0.994194556207231
707	707	100	0.994144930287256	0.994088110940923	0.994201749633589
708	708	100	0.994153096937738	0.994096406758788	0.994209787116688
709	709	100	0.994160317097618	0.994103841973658	0.994216792221579
710	710	100	0.994168891068387	0.994112406128518	0.994225376008256
711	711	100	0.99418071750479	0.99412426173269	0.99423717327689
712	712	100	0.994188270451928	0.994131697406556	0.994244843497299
713	713	100	0.994194718695376	0.994138132061372	0.99425130532938
714	714	100	0.994202803655997	0.994146715280466	0.994258892031528
715	715	100	0.994212155776806	0.994156316121031	0.994267995432581
716	716	100	0.994220493458555	0.994164454972318	0.994276531944791
717	717	100	0.994227766620667	0.994171651621569	0.994283881619766
718	718	100	0.994235563728008	0.994179424978104	0.994291702477913
719	719	100	0.994243755425673	0.994187779213817	0.994299731637529
720	720	100	0.994250233247988	0.994194245635649	0.994306220860326
721	721	100	0.994258748805514	0.994202700391017	0.994314797220011
722	722	100	0.994267313994284	0.99421104311958	0.994323584868988
723	723	100	0.994275394939786	0.994219156369001	0.994331633510571
724	724	100	0.994283841488094	0.994227975876612	0.994339707099575
725	725	100	0.994290611754254	0.994234949846019	0.994346273662489
726	726	100	0.994297324844582	0.994241553586462	0.994353096102703
727	727	100	0.994305464024847	0.994249708834555	0.994361219215138
728	728	100	0.994314816262458	0.994259295295959	0.994370337228957
729	729	100	0.994322342623386	0.994266943436492	0.99437774181028
730	730	100	0.994331238858112	0.994276251781556	0.994386225934668
731	731	100	0.994339072685617	0.994283882556712	0.994394262814522
732	732	100	0.994345965577262	0.994290909824049	0.994401021330475
733	733	100	0.994356176286716	0.994301563990734	0.994410788582698
734	734	100	0.99436560003144	0.994311068336548	0.994420131726332
735	735	100	0.99437569316066	0.994320768948846	0.994430617372474
736	736	100	0.994384391460075	0.994329272674159	0.994439510245991
737	737	100	0.994393390588902	0.994338048306247	0.994448732871557
738	738	100	0.994403988481949	0.994348986957361	0.994458990006537
739	739	100	0.994411522163125	0.994356466061069	0.994466578265181
740	740	100	0.994420682858681	0.994366081512314	0.994475284205048
741	741	100	0.994430724974318	0.994375343014944	0.994486106933693
742	742	100	0.994438983030581	0.994383567593661	0.994494398467501
743	743	100	0.994445179113951	0.99438975417484	0.994500604053061
744	744	100	0.994451701245831	0.994396201135284	0.994507201356378
745	745	100	0.994460911097171	0.994405459277151	0.994516362917192
746	746	100	0.994468330855272	0.994412825782823	0.994523835927721
747	747	100	0.994476598237131	0.994421030434466	0.994532166039795
748	748	100	0.994484767675091	0.994429286351321	0.994540248998861
749	749	100	0.994493948066498	0.994439085279881	0.994548810853115
750	750	100	0.994503781311965	0.994448692426695	0.994558870197235
751	751	100	0.994511036494701	0.994456039439239	0.994566033550163
752	752	100	0.994519644396091	0.994464611253065	0.994574677539117
753	753	100	0.994528378699588	0.994473309221138	0.994583448178038
754	754	100	0.994539014907355	0.994483324073235	0.994594705741475
755	755	100	0.994547864910407	0.994492167139053	0.994603562681761
756	756	100	0.994554726076726	0.994499085738995	0.994610366414456
757	757	100	0.994561092943775	0.994505670946756	0.994616514940794
758	758	100	0.994568920675366	0.994513873326694	0.994623968024037
759	759	100	0.994578956447621	0.994524341221037	0.994633571674205
760	760	100	0.994586213335884	0.9945314121999	0.994641014471868
761	761	100	0.994595063389325	0.994540592220968	0.994649534557682
762	762	100	0.994602858748594	0.994548666832617	0.994657050664571
763	763	100	0.994611535702983	0.994557705094227	0.994665366311739
764	764	100	0.994618000826677	0.994564284253228	0.994671717400127
765	765	100	0.994627249915457	0.994573644965415	0.994680854865499
766	766	100	0.994635778145106	0.994582204715787	0.994689351574425
767	767	100	0.994642105580195	0.994588347127858	0.994695864032533
768	768	100	0.994650645073653	0.994596954542729	0.994704335604577
769	769	100	0.9946615882293	0.994608422235843	0.994714754222758
770	770	100	0.994667499275317	0.994614318561347	0.994720679989287
771	771	100	0.994676876992325	0.994623720901473	0.994730033083177
772	772	100	0.994685568146773	0.994632595683396	0.994738540610149
773	773	100	0.994693345254239	0.99464021852998	0.994746471978498
774	774	100	0.994702258391921	0.994649114938115	0.994755401845728
775	775	100	0.994708427203367	0.994655183480043	0.994761670926691
776	776	100	0.994716630143084	0.994663256695572	0.994770003590596
777	777	100	0.994725355990043	0.994672067952229	0.994778644027857
778	778	100	0.994731482754364	0.994678226644417	0.994784738864311
779	779	100	0.994739680085864	0.994686812320769	0.994792547850959
780	780	100	0.994748546738282	0.99469557055054	0.994801522926024
781	781	100	0.994754575924481	0.994701918541131	0.994807233307831
782	782	100	0.994764062654232	0.994711402706877	0.994816722601586
783	783	100	0.994773021670789	0.994720353736021	0.994825689605557
784	784	100	0.994781438257199	0.994728365645529	0.99483451086887
785	785	100	0.994788888124522	0.994736063285356	0.994841712963688
786	786	100	0.994796439596094	0.994743321414918	0.994849557777271
787	787	100	0.9948052356582	0.994752052364524	0.994858418951875
788	788	100	0.994813539719273	0.99476060190839	0.994866477530155
789	789	100	0.994823938011296	0.994771188081239	0.994876687941353
790	790	100	0.994831508982456	0.994778931188558	0.994884086776355
791	791	100	0.994840983311521	0.994788802529553	0.994893164093488
792	792	100	0.994847559874855	0.994795502891441	0.994899616858268
793	793	100	0.994855957724827	0.994803864090952	0.994908051358701
794	794	100	0.994862561942206	0.994810550327588	0.994914573556824
795	795	100	0.994871269210759	0.994819292769396	0.994923245652121
796	796	100	0.994879391304775	0.994827906035126	0.994930876574424
797	797	100	0.994888505419842	0.994837530409225	0.994939480430459
798	798	100	0.994897480488309	0.994846548452009	0.994948412524609
799	799	100	0.994905128788604	0.994854014216099	0.994956243361108
800	800	100	0.994912592803369	0.994861723703618	0.994963461903119
801	801	100	0.994919181481083	0.994868450543665	0.994969912418501
802	802	100	0.994929546576377	0.99487878008938	0.994980313063374
803	803	100	0.994939021293924	0.994888381068021	0.994989661519826
804	804	100	0.994946923741687	0.994896599775774	0.994997247707599
805	805	100	0.994954476324617	0.994904311535429	0.995004641113806
806	806	100	0.994961581759543	0.994911422049082	0.995011741470005
807	807	100	0.99496796847357	0.994917785624119	0.995018151323021
808	808	100	0.99497729475143	0.994927106259539	0.995027483243322
809	809	100	0.99498539235037	0.994935276949344	0.995035507751397
810	810	100	0.994994008063505	0.994944234134864	0.995043781992146
811	811	100	0.995003703181766	0.994954421820612	0.99505298454292
812	812	100	0.995013159727912	0.994963992756819	0.995062326699006
813	813	100	0.995019756329344	0.994970392402814	0.995069120255874
814	814	100	0.995028800477728	0.994979665642104	0.995077935313353
815	815	100	0.995034533524367	0.9949854379295	0.995083629119233
816	816	100	0.995041209594839	0.994992447873974	0.995089971315705
817	817	100	0.995051164960523	0.99500247545468	0.995099854466366
818	818	100	0.995060891777898	0.995012038708051	0.995109744847746
819	819	100	0.995070211780874	0.995021170048877	0.99511925351287
820	820	100	0.995077385831878	0.995028121514881	0.995126650148875
821	821	100	0.99508692623591	0.995037737526605	0.995136114945214
822	822	100	0.995095519791285	0.99504640594151	0.995144633641059
823	823	100	0.995103874676585	0.995054384554998	0.995153364798172
824	824	100	0.995112370824521	0.995062483273282	0.99516225837576
825	825	100	0.995120589465886	0.995071075721938	0.995170103209835
826	826	100	0.995128053887145	0.995078811434624	0.995177296339666
827	827	100	0.99513564953389	0.995086647061592	0.995184652006187
828	828	100	0.995143281346778	0.995094359505508	0.995192203188048
829	829	100	0.995152574220786	0.995103694416549	0.995201454025024
830	830	100	0.995157792923935	0.995108950153665	0.995206635694205
831	831	100	0.995166015509959	0.995117101492613	0.995214929527306
832	832	100	0.995174032504789	0.995125493044567	0.995222571965011
833	833	100	0.995181234061649	0.995132761222198	0.995229706901101
834	834	100	0.995189052527824	0.995140591906078	0.99523751314957
835	835	100	0.995195321763716	0.995147168457635	0.995243475069797
836	836	100	0.99520078932166	0.995152351412391	0.99524922723093
837	837	100	0.995208369960393	0.995159817990902	0.995256921929885
838	838	100	0.995217424043054	0.99516850886277	0.995266339223338
839	839	100	0.995225301696128	0.995176550424434	0.995274052967822
840	840	100	0.99523358908228	0.995185210181695	0.995281967982866
841	841	100	0.995240570758168	0.995192382176292	0.995288759340044
842	842	100	0.995249739345494	0.995201072800071	0.995298405890916
843	843	100	0.995256685602191	0.995207916818055	0.995305454386327
844	844	100	0.995266112116384	0.99521759214099	0.995314632091777
845	845	100	0.995273482123765	0.995225098876922	0.995321865370609
846	846	100	0.99528279206711	0.995234314848939	0.995331269285282
847	847	100	0.995291195674241	0.995242663438147	0.995339727910335
848	848	100	0.995300515742885	0.995251972132565	0.995349059353205
849	849	100	0.995308670396492	0.995260330517089	0.995357010275894
850	850	100	0.995315420706672	0.995267163471663	0.99536367794168
851	851	100	0.99532484145397	0.995276912668098	0.995372770239841
852	852	100	0.995331543838434	0.995283639097093	0.995379448579774
853	853	100	0.99533916333215	0.995291240587354	0.995387086076947
854	854	100	0.995344863338433	0.995296808661302	0.995392918015564
855	855	100	0.995352910385923	0.995304687079467	0.995401133692379
856	856	100	0.995360448841635	0.995312110541258	0.995408787142012
857	857	100	0.995369783464202	0.995321222244983	0.99541834468342
858	858	100	0.995377139833751	0.995328928400601	0.995425351266901
859	859	100	0.995384970294991	0.995336584310068	0.995433356279914
860	860	100	0.995392404542764	0.995344034246103	0.995440774839426
861	861	100	0.995400290355607	0.995351947640786	0.995448633070428
862	862	100	0.995406351446496	0.995357918217163	0.99545478467583
863	863	100	0.995412921094104	0.995364238933485	0.995461603254723
864	864	100	0.9954225776253	0.995373696492201	0.995471458758399
865	865	100	0.995430080897542	0.995381231171972	0.995478930623112
866	866	100	0.99543900209336	0.99539011691792	0.9954878872688
867	867	100	0.995445277984645	0.995396477731898	0.995494078237392
868	868	100	0.995451729231292	0.995402927583559	0.995500530879025
869	869	100	0.995460094209129	0.995411244578141	0.995508943840116
870	870	100	0.995466358112913	0.99541770278268	0.995515013443146
871	871	100	0.995476008157838	0.99542750663495	0.995524509680726
872	872	100	0.995485590466298	0.99543715414834	0.995534026784255
873	873	100	0.995495143305961	0.995446253053369	0.995544033558552
874	874	100	0.99550180312581	0.995453070896978	0.995550535354641
875	875	100	0.995508128139955	0.995459656934874	0.995556599345037
876	876	100	0.995514679789816	0.995466203772581	0.995563155807052
877	877	100	0.995522129230962	0.995473784904369	0.995570473557555
878	878	100	0.995528933727844	0.995480730514605	0.995577136941083
879	879	100	0.995536884822655	0.995488901663035	0.995584867982275
880	880	100	0.995544526814843	0.99549636202196	0.995592691607727
881	881	100	0.995551305044127	0.995502997062225	0.99559961302603
882	882	100	0.995558505629024	0.995510019952517	0.995606991305531
883	883	100	0.99556494020878	0.995516689600647	0.995613190816913
884	884	100	0.99557286645106	0.995524400384919	0.995621332517201
885	885	100	0.995581611627452	0.99553337834669	0.995629844908214
886	886	100	0.995590221239353	0.995542046842769	0.995638395635937
887	887	100	0.995598245370456	0.995550257854817	0.995646232886096
888	888	100	0.99560907944122	0.995561059538137	0.995657099344302
889	889	100	0.995616024911813	0.995567815111089	0.995664234712537
890	890	100	0.995623998875869	0.995575569633447	0.995672428118292
891	891	100	0.995631521227889	0.99558329462743	0.995679747828349
892	892	100	0.995639013277291	0.995590928560905	0.995687097993678
893	893	100	0.995647610929278	0.995599669940619	0.995695551917938
894	894	100	0.995656879178586	0.995609003691943	0.995704754665229
895	895	100	0.995664999835149	0.995616999004289	0.99571300066601
896	896	100	0.9956727243109	0.995624543065877	0.995720905555923
897	897	100	0.995681170893753	0.995633066262457	0.99572927552505
898	898	100	0.995689624971772	0.995641484920798	0.995737765022747
899	899	100	0.995697368684322	0.995649202268925	0.995745535099719
900	900	100	0.995705728047849	0.995657627519484	0.995753828576214
901	901	100	0.995713365136952	0.995665255462477	0.995761474811427
902	902	100	0.995722126239753	0.995674262830633	0.995769989648874
903	903	100	0.995729204259393	0.995681753682909	0.995776654835878
904	904	100	0.995735474198824	0.995687969063358	0.99578297933429
905	905	100	0.995743161174981	0.995694916272559	0.995791406077403
906	906	100	0.99575306595405	0.995704993995866	0.995801137912235
907	907	100	0.995765351444017	0.995716858340307	0.995813844547727
908	908	100	0.995772282298721	0.995724063524694	0.995820501072748
909	909	100	0.995780717888732	0.995732343397197	0.995829092380267
910	910	100	0.995787875462041	0.995739105005705	0.995836645918376
911	911	100	0.995794507176648	0.995745786560436	0.995843227792859
912	912	100	0.995804024179296	0.99575557623792	0.995852472120671
913	913	100	0.995810156054612	0.995761391798587	0.995858920310637
914	914	100	0.995818628043937	0.995769711351783	0.995867544736092
915	915	100	0.995826063710731	0.995777175574398	0.995874951847064
916	916	100	0.995833046439448	0.995784018334024	0.995882074544872
917	917	100	0.995842329793813	0.995793488805953	0.995891170781674
918	918	100	0.995850443483105	0.995802054821544	0.995898832144667
919	919	100	0.995858297226108	0.995809897601198	0.995906696851017
920	920	100	0.995867392862561	0.995819762951308	0.995915022773814
921	921	100	0.995874615101966	0.995827034591966	0.995922195611967
922	922	100	0.995883492793589	0.995835809387198	0.995931176199981
923	923	100	0.995892849818742	0.99584521479173	0.995940484845753
924	924	100	0.995898573716404	0.995851020244422	0.995946127188386
925	925	100	0.995905711649287	0.995858422339986	0.995953000958588
926	926	100	0.995916772988945	0.995868689387608	0.995964856590282
927	927	100	0.995924662910295	0.99587662682168	0.99597269899891
928	928	100	0.995933777178178	0.995885936474116	0.99598161788224
929	929	100	0.995942720598485	0.995894468966876	0.995990972230094
930	930	100	0.995951237821946	0.995902933298766	0.995999542345126
931	931	100	0.995958941839411	0.995911081984741	0.99600680169408
932	932	100	0.9959674661104	0.995919738968259	0.99601519325254
933	933	100	0.995975893029642	0.99592826289063	0.996023523168654
934	934	100	0.995984939119327	0.995937335018495	0.996032543220159
935	935	100	0.995992101597877	0.995944172596058	0.996040030599695
936	936	100	0.995999323592722	0.995951435471566	0.996047211713879
937	937	100	0.996007850129633	0.995959789928038	0.996055910331227
938	938	100	0.996016012058468	0.995967984242593	0.996064039874343
939	939	100	0.996023616409426	0.995975511739047	0.996071721079804
940	940	100	0.996032120513777	0.995984329552817	0.996079911474738
941	941	100	0.996040460764435	0.995992540250397	0.996088381278473
942	942	100	0.996047946258553	0.996000348275253	0.996095544241852
943	943	100	0.996055587341312	0.996007759491965	0.99610341519066
944	944	100	0.996064127162226	0.996016315910509	0.996111938413942
945	945	100	0.996072060299824	0.996024511123445	0.996119609476203
946	946	100	0.996079838106077	0.996032200372052	0.996127475840101
947	947	100	0.996089564760332	0.996042334709818	0.996136794810847
948	948	100	0.996099063545097	0.996051814836409	0.996146312253784
949	949	100	0.996106902293042	0.996059548564237	0.996154256021847
950	950	100	0.996114263726217	0.996067175055737	0.996161352396698
951	951	100	0.996123282669153	0.996076245931231	0.996170319407076
952	952	100	0.996129652254721	0.996082602689733	0.996176701819709
953	953	100	0.996138163834282	0.996091105856038	0.996185221812525
954	954	100	0.996146433635836	0.996099412433538	0.996193454838135
955	955	100	0.996154890343728	0.996107854315774	0.996201926371683
956	956	100	0.996162796755929	0.996115898301204	0.996209695210654
957	957	100	0.996171030943651	0.996124311433938	0.996217750453364
958	958	100	0.996180711107907	0.996134056813517	0.996227365402298
959	959	100	0.996187330775535	0.996140622282586	0.996234039268484
960	960	100	0.996197315391902	0.996150679779468	0.996243951004337
961	961	100	0.996203516299242	0.996156793048813	0.996250239549671
962	962	100	0.99621011092742	0.996163561932402	0.996256659922437
963	963	100	0.996218981303467	0.996172397765158	0.996265564841776
964	964	100	0.996228974791386	0.996182298585168	0.996275650997604
965	965	100	0.99623608919696	0.996189082533665	0.996283095860254
966	966	100	0.996243434437979	0.996196656534079	0.996290212341879
967	967	100	0.99625281846747	0.99620613153283	0.996299505402111
968	968	100	0.996260999019912	0.996214216277094	0.99630778176273
969	969	100	0.996269042723514	0.99622240201279	0.996315683434239
970	970	100	0.996280404759399	0.99623337325138	0.996327436267418
971	971	100	0.996288640940693	0.996241621975734	0.996335659905652
972	972	100	0.99629789391918	0.996251082075668	0.996344705762693
973	973	100	0.996307969724848	0.996261875360503	0.996354064089192
974	974	100	0.996316934314702	0.99627089350921	0.996362975120193
975	975	100	0.996327609441378	0.996281852897526	0.996373365985231
976	976	100	0.996334202775996	0.996288676021874	0.996379729530118
977	977	100	0.996341523457035	0.996296110086387	0.996386936827683
978	978	100	0.996349390990594	0.996304217724324	0.996394564256864
979	979	100	0.996356697871151	0.99631136159826	0.996402034144042
980	980	100	0.996364482319174	0.996319072719577	0.99640989191877
981	981	100	0.996372489642001	0.996327447123371	0.996417532160632
982	982	100	0.996379971778075	0.996334823213132	0.996425120343018
983	983	100	0.99638831681212	0.996342873319167	0.996433760305072
984	984	100	0.996397314144339	0.996351767838523	0.996442860450155
985	985	100	0.996405307169602	0.996359398053481	0.996451216285723
986	986	100	0.996414437320514	0.996367799841796	0.996461074799232
987	987	100	0.996423590540091	0.99637661620843	0.996470564871752
988	988	100	0.996430816276827	0.996383788497994	0.996477844055661
989	989	100	0.996437217858484	0.996390213241693	0.996484222475276
990	990	100	0.996446700594072	0.996400283495942	0.996493117692202
991	991	100	0.99645340769471	0.996406975900497	0.996499839488923
992	992	100	0.996460914211595	0.996414662616054	0.996507165807136
993	993	100	0.996471231767565	0.996425568003866	0.996516895531263
994	994	100	0.996479356274264	0.996433683303707	0.996525029244822
995	995	100	0.996486878429057	0.99644111736849	0.996532639489623
996	996	100	0.996495417141053	0.996449697542651	0.996541136739456
997	997	100	0.996503705767638	0.99645808982561	0.996549321709666
998	998	100	0.996511421188921	0.996465845902944	0.996556996474897
999	999	100	0.996517543171317	0.996472082824773	0.99656300351786
1000	1000	100	0.996524488250944	0.996478831508107	0.996570144993781
1001	1001	100	0.996533594331532	0.996487885689936	0.996579302973128
1002	1002	100	0.996543015585371	0.996497255320733	0.996588775850008
1003	1003	100	0.996554660395788	0.996508774516435	0.996600546275141
1004	1004	100	0.996564621453628	0.996519173190029	0.996610069717228
1005	1005	100	0.996572957131694	0.996527784646321	0.996618129617068
1006	1006	100	0.996578505575574	0.996533360446135	0.996623650705013
1007	1007	100	0.996587459125602	0.996542298278421	0.996632619972783
1008	1008	100	0.996596231399436	0.996551308430584	0.996641154368288
1009	1009	100	0.996603259792869	0.996558399767206	0.996648119818532
1010	1010	100	0.996609002856665	0.996564216596054	0.996653789117276
1011	1011	100	0.996617383622054	0.996572949370387	0.996661817873721
1012	1012	100	0.996623290660893	0.996578978891837	0.996667602429949
1013	1013	100	0.996630411491721	0.996586053951602	0.996674769031839
1014	1014	100	0.996637323258261	0.996593189973152	0.99668145654337
1015	1015	100	0.996646326258963	0.996602250196144	0.996690402321782
1016	1016	100	0.996656617103568	0.996612599992002	0.996700634215134
1017	1017	100	0.996664362476315	0.996620217006681	0.996708507945948
1018	1018	100	0.996673556585805	0.99662952996331	0.996717583208301
1019	1019	100	0.996682211584465	0.996638032597553	0.996726390571377
1020	1020	100	0.996689014308135	0.996644933734908	0.996733094881363
1021	1021	100	0.996695814461201	0.996651821902547	0.996739807019856
1022	1022	100	0.996701309280915	0.996657299515606	0.996745319046224
1023	1023	100	0.99671016932819	0.996665793119198	0.996754545537183
1024	1024	100	0.996717726917011	0.996673019016148	0.996762434817874
1025	1025	100	0.996727377167191	0.996682805758605	0.996771948575778
1026	1026	100	0.996734540528285	0.996690237400109	0.996778843656461
1027	1027	100	0.99674486678149	0.996700671849573	0.996789061713408
1028	1028	100	0.996752123314308	0.996707851802291	0.996796394826325
1029	1029	100	0.996760493839223	0.996716561147484	0.996804426530963
1030	1030	100	0.996768616384071	0.996724607902817	0.996812624865325
1031	1031	100	0.996777367452999	0.996733635277507	0.996821099628492
1032	1032	100	0.996784723941968	0.996740907649071	0.996828540234866
1033	1033	100	0.996791734099143	0.996748197599184	0.996835270599102
1034	1034	100	0.996799563458274	0.996755992624762	0.996843134291786
1035	1035	100	0.996807361250132	0.996763593297213	0.996851129203052
1036	1036	100	0.996814800566321	0.996771290072799	0.996858311059842
1037	1037	100	0.996823592699761	0.996780031225766	0.996867154173756
1038	1038	100	0.99682966320044	0.996786258166922	0.996873068233959
1039	1039	100	0.996839963524289	0.99679701442164	0.996882912626937
1040	1040	100	0.996847400268702	0.996804347807383	0.996890452730021
1041	1041	100	0.996854140509871	0.996810991351092	0.99689728966865
1042	1042	100	0.996861959647565	0.996818614608559	0.99690530468657
1043	1043	100	0.996871290093519	0.996827988234811	0.996914591952227
1044	1044	100	0.996877670816864	0.996834627617841	0.996920714015886
1045	1045	100	0.996886105732457	0.996843221144999	0.996928990319916
1046	1046	100	0.996894942758414	0.996851848972714	0.996938036544115
1047	1047	100	0.996903409225014	0.996860360975818	0.99694645747421
1048	1048	100	0.996911404768541	0.996868354846983	0.996954454690098
1049	1049	100	0.996921100237345	0.996877988641431	0.996964211833258
1050	1050	100	0.99692635514364	0.996883210224644	0.996969500062636
1051	1051	100	0.996934925452187	0.99689173768546	0.996978113218915
1052	1052	100	0.996943894696551	0.99690070898194	0.996987080411162
1053	1053	100	0.996951549643227	0.996908354312162	0.996994744974293
1054	1054	100	0.99696185320432	0.996918342769717	0.997005363638922
1055	1055	100	0.996972303105767	0.996928816416909	0.997015789794626
1056	1056	100	0.99697971983486	0.996936308628126	0.997023131041593
1057	1057	100	0.996989340008171	0.996946142285075	0.997032537731268
1058	1058	100	0.996997184717528	0.996954382514958	0.997039986920098
1059	1059	100	0.997005990182137	0.996963174611934	0.99704880575234
1060	1060	100	0.997013959308028	0.996971200217857	0.9970567183982
1061	1061	100	0.997021521913813	0.996978535892086	0.997064507935539
1062	1062	100	0.997028801627253	0.996986090378306	0.9970715128762
1063	1063	100	0.997037281701837	0.996994446848106	0.997080116555569
1064	1064	100	0.997045727905903	0.997003269770875	0.997088186040932
1065	1065	100	0.99705514539783	0.997013031876968	0.997097258918691
1066	1066	100	0.997063607817144	0.997021555364087	0.997105660270201
1067	1067	100	0.997071345405646	0.997029276595523	0.997113414215769
1068	1068	100	0.99707979463957	0.997037745751859	0.997121843527281
1069	1069	100	0.997085824299479	0.997043738652724	0.997127909946235
1070	1070	100	0.997093502502801	0.997051842560872	0.997135162444731
1071	1071	100	0.997101736134391	0.997060505749941	0.997142966518841
1072	1072	100	0.997111686309621	0.997070561023287	0.997152811595954
1073	1073	100	0.997118690731016	0.997077594022169	0.997159787439864
1074	1074	100	0.997125600336114	0.9970846909686	0.997166509703627
1075	1075	100	0.997133365419093	0.997092589528887	0.997174141309299
1076	1076	100	0.997142121149452	0.997101111584223	0.99718313071468
1077	1077	100	0.997148535641717	0.997107479692496	0.997189591590937
1078	1078	100	0.997158654626974	0.997117539056546	0.997199770197403
1079	1079	100	0.997165983395388	0.997125033305393	0.997206933485384
1080	1080	100	0.997175035160191	0.99713469041351	0.997215379906872
1081	1081	100	0.997182309088362	0.997142215991022	0.997222402185702
1082	1082	100	0.997189966297774	0.997150011844856	0.997229920750693
1083	1083	100	0.997199198666349	0.997160000684507	0.997238396648191
1084	1084	100	0.997207868596094	0.997168692582093	0.997247044610096
1085	1085	100	0.997215280173797	0.997176204450212	0.997254355897383
1086	1086	100	0.997223691219861	0.997184901366284	0.997262481073437
1087	1087	100	0.997231667479062	0.997192567254056	0.997270767704068
1088	1088	100	0.997241282266618	0.997202159747216	0.99728040478602
1089	1089	100	0.997247650980817	0.997208431386046	0.997286870575589
1090	1090	100	0.997257083176913	0.997218105892414	0.997296060461412
1091	1091	100	0.997265890791452	0.997226615084552	0.997305166498353
1092	1092	100	0.997273863080767	0.997234634888007	0.997313091273526
1093	1093	100	0.997281855587075	0.997242947674495	0.997320763499655
1094	1094	100	0.997288457310149	0.997249566722023	0.997327347898274
1095	1095	100	0.99729603679491	0.997257242177431	0.997334831412389
1096	1096	100	0.997304364288938	0.997265786239444	0.997342942338432
1097	1097	100	0.997313132650949	0.997274574826742	0.997351690475156
1098	1098	100	0.99731977327847	0.9972814576533	0.99735808890364
1099	1099	100	0.997330372555642	0.997291577291779	0.997369167819505
1100	1100	100	0.997339534016668	0.997300797063149	0.997378270970188
1101	1101	100	0.997346488713959	0.99730769441177	0.997385283016149
1102	1102	100	0.997353176597378	0.997314624761953	0.997391728432804
1103	1103	100	0.997360764610221	0.99732231206124	0.997399217159201
1104	1104	100	0.997369575704749	0.997331440175064	0.997407711234434
1105	1105	100	0.997377802191127	0.997340438715664	0.997415165666591
1106	1106	100	0.997385213869899	0.997347950498478	0.997422477241321
1107	1107	100	0.997391776801484	0.997354433312652	0.997429120290316
1108	1108	100	0.997400577070863	0.997363134503113	0.997438019638614
1109	1109	100	0.997408471804262	0.997371583066017	0.997445360542507
1110	1110	100	0.997415874362933	0.997379110395441	0.997452638330425
1111	1111	100	0.997423083112374	0.99738649573431	0.997459670490438
1112	1112	100	0.997432690549137	0.997395929641619	0.997469451456655
1113	1113	100	0.997440105886547	0.997403465661655	0.99747674611144
1114	1114	100	0.997448196441286	0.997411772749246	0.997484620133325
1115	1115	100	0.997456967746964	0.997420355927292	0.997493579566636
1116	1116	100	0.997464678368016	0.997428254669227	0.997501102066804
1117	1117	100	0.99747235957216	0.997435824734963	0.997508894409356
1118	1118	100	0.997479352332596	0.997443011797476	0.997515692867715
1119	1119	100	0.997488609606155	0.99745267235341	0.997524546858899
1120	1120	100	0.99749722916082	0.997461261608596	0.997533196713044
1121	1121	100	0.997504417978791	0.997468510235813	0.997540325721769
1122	1122	100	0.997514143913192	0.99747824043318	0.997550047393204
1123	1123	100	0.997522282541569	0.997486473017684	0.997558092065454
1124	1124	100	0.997529887877033	0.997494535105951	0.997565240648114
1125	1125	100	0.997538340031471	0.997503328135769	0.997573351927173
1126	1126	100	0.997548859039249	0.997514010087796	0.997583707990703
1127	1127	100	0.997557482020617	0.997522657254114	0.997592306787119
1128	1128	100	0.997567447028918	0.997532412823793	0.997602481234043
1129	1129	100	0.997574692376142	0.997539584290837	0.997609800461448
1130	1130	100	0.997582349815157	0.99754762069572	0.997617078934594
1131	1131	100	0.997591273492853	0.997556636835082	0.997625910150623
1132	1132	100	0.99759874466442	0.997564300256833	0.997633189072008
1133	1133	100	0.997607713200639	0.997573264425597	0.997642161975681
1134	1134	100	0.997616565185264	0.997582162612842	0.997650967757686
1135	1135	100	0.997625246639355	0.99759079101215	0.997659702266559
1136	1136	100	0.997634607982108	0.997599799968758	0.997669415995457
1137	1137	100	0.997642479011798	0.997607388145613	0.997677569877983
1138	1138	100	0.997650105467986	0.997615050106598	0.997685160829374
1139	1139	100	0.997657299120455	0.997622056376209	0.9976925418647
1140	1140	100	0.997664299996805	0.997629040690149	0.997699559303461
1141	1141	100	0.997670970511856	0.997635786363467	0.997706154660245
1142	1142	100	0.997680335611083	0.997645222174166	0.997715449048
1143	1143	100	0.997687614479393	0.997652526422651	0.997722702536136
1144	1144	100	0.997695933113347	0.997660849182594	0.9977310170441
1145	1145	100	0.997705132454467	0.997670117122684	0.997740147786249
1146	1146	100	0.99771200627382	0.997676957670324	0.997747054877317
1147	1147	100	0.997720504492529	0.997685611580008	0.997755397405049
1148	1148	100	0.997729269192908	0.997694434490055	0.997764103895761
1149	1149	100	0.997738296394945	0.997703616727787	0.997772976062102
1150	1150	100	0.997745489557277	0.99771112496668	0.997779854147873
1151	1151	100	0.997752912304502	0.997718809320447	0.997787015288556
1152	1152	100	0.997761450956937	0.997726804537186	0.997796097376687
1153	1153	100	0.997768304463765	0.997733856972601	0.99780275195493
1154	1154	100	0.997775139239141	0.997741034592075	0.997809243886207
1155	1155	100	0.997782867727766	0.997748984916845	0.997816750538687
1156	1156	100	0.997790974305391	0.997756779220662	0.997825169390121
1157	1157	100	0.997798856282524	0.997764470486173	0.997833242078874
1158	1158	100	0.997805765416275	0.997771418322334	0.997840112510216
1159	1159	100	0.997812845930808	0.997778491352377	0.997847200509238
1160	1160	100	0.997821388877595	0.99778694874086	0.997855829014332
1161	1161	100	0.997828733136904	0.99779432055379	0.997863145720018
1162	1162	100	0.997834502661275	0.997800192762074	0.997868812560476
1163	1163	100	0.997843713395005	0.997809674916998	0.997877751873012
1164	1164	100	0.997852406439703	0.997818313115646	0.997886499763761
1165	1165	100	0.997859432241713	0.997825522914312	0.997893341569113
1166	1166	100	0.997866352294989	0.997832522776717	0.997900181813262
1167	1167	100	0.99787668255045	0.997842657064479	0.997910708036421
1168	1168	100	0.997883548298828	0.997849868572518	0.997917228025137
1169	1169	100	0.997892740744705	0.99785934304277	0.997926138446639
1170	1170	100	0.997900953190584	0.997867511404006	0.997934394977162
1171	1171	100	0.997909432080617	0.997876363802857	0.997942500358378
1172	1172	100	0.997917101890859	0.997883648281299	0.997950555500418
1173	1173	100	0.997923240540268	0.997889698041281	0.997956783039255
1174	1174	100	0.997931284384281	0.997897483251759	0.997965085516804
1175	1175	100	0.997938692806851	0.997905060819112	0.99797232479459
1176	1176	100	0.997945718312725	0.997912217742969	0.997979218882482
1177	1177	100	0.997953246215384	0.99792006656838	0.997986425862388
1178	1178	100	0.997961777803696	0.997928306623562	0.99799524898383
1179	1179	100	0.997970127298677	0.99793675062517	0.998003503972185
1180	1180	100	0.997977998002968	0.997944924126331	0.998011071879605
1181	1181	100	0.997986954667341	0.997954147970457	0.998019761364226
1182	1182	100	0.997993649323273	0.99796095283779	0.998026345808755
1183	1183	100	0.998000496918073	0.997968035707508	0.998032958128638
1184	1184	100	0.998008689099965	0.997976164763994	0.998041213435936
1185	1185	100	0.998017823087005	0.997985671957959	0.99804997421605
1186	1186	100	0.998025234714745	0.997992770989939	0.998057698439551
1187	1187	100	0.998033603235998	0.998000625411742	0.998066581060253
1188	1188	100	0.998042967430025	0.998010241275838	0.998075693584211
1189	1189	100	0.998050514903904	0.998017786876919	0.998083242930889
1190	1190	100	0.998059407466291	0.998026901466644	0.998091913465938
1191	1191	100	0.998065689271546	0.998032742397453	0.998098636145639
1192	1192	100	0.998073399365324	0.998040858312064	0.998105940418584
1193	1193	100	0.998079833804398	0.998047467386367	0.998112200222429
1194	1194	100	0.998087605190738	0.998055083891949	0.998120126489526
1195	1195	100	0.998096536954703	0.998063817547339	0.998129256362066
1196	1196	100	0.998106425925784	0.998073782593516	0.998139069258053
1197	1197	100	0.998115159603591	0.998082447228361	0.99814787197882
1198	1198	100	0.998123499090477	0.998090669953332	0.998156328227622
1199	1199	100	0.998130769070776	0.99809809232248	0.998163445819073
1200	1200	100	0.998139537959273	0.998106524423391	0.998172551495155
1201	1201	100	0.998148215022021	0.9981150939974	0.998181336046643
1202	1202	100	0.998156228801653	0.998123120417384	0.998189337185922
1203	1203	100	0.998166012494037	0.998133258894827	0.998198766093248
1204	1204	100	0.998172512465976	0.998139977494272	0.998205047437681
1205	1205	100	0.998180016823703	0.998147382232325	0.99821265141508
1206	1206	100	0.998189621787082	0.998156682135124	0.998222561439039
1207	1207	100	0.998198314080779	0.998165749812457	0.998230878349102
1208	1208	100	0.998206305491763	0.998173665367068	0.998238945616457
1209	1209	100	0.998217669890832	0.99818503819351	0.998250301588153
1210	1210	100	0.99822398680752	0.998191378404314	0.998256595210725
1211	1211	100	0.998229010748894	0.998196495238158	0.99826152625963
1212	1212	100	0.99823613538023	0.998203616627702	0.998268654132759
1213	1213	100	0.998243607247069	0.998211330711366	0.998275883782773
1214	1214	100	0.998250495140263	0.998218195939018	0.998282794341507
1215	1215	100	0.998258214581891	0.998225789587677	0.998290639576104
1216	1216	100	0.998265876194425	0.998233609357019	0.998298143031831
1217	1217	100	0.998275714382514	0.9982433961808	0.998308032584228
1218	1218	100	0.998283032798481	0.998250700265357	0.998315365331606
1219	1219	100	0.99829079864113	0.998258432458377	0.998323164823882
1220	1220	100	0.998296988584995	0.998264561195219	0.998329415974771
1221	1221	100	0.998307452570612	0.998275500799929	0.998339404341295
1222	1222	100	0.998313882527605	0.998282198150762	0.998345566904448
1223	1223	100	0.998322993932352	0.998291248123794	0.998354739740911
1224	1224	100	0.998330428060853	0.998298431423916	0.99836242469779
1225	1225	100	0.998336768344838	0.998304485938691	0.998369050750984
1226	1226	100	0.998344957498781	0.998312775988928	0.998377139008633
1227	1227	100	0.998352257891378	0.998320396971206	0.998384118811549
1228	1228	100	0.998360665755076	0.998328923650481	0.99839240785967
1229	1229	100	0.998368292612119	0.998337175642827	0.998399409581412
1230	1230	100	0.998377410230806	0.998346243349806	0.998408577111806
1231	1231	100	0.998384734676783	0.998353745622994	0.998415723730573
1232	1232	100	0.998390180329022	0.998358956074024	0.998421404584021
1233	1233	100	0.998398560510616	0.998367407175931	0.998429713845302
1234	1234	100	0.99840572776941	0.998374458249217	0.998436997289603
1235	1235	100	0.998413636955287	0.99838266225442	0.998444611656154
1236	1236	100	0.998422472414372	0.998391781085951	0.998453163742792
1237	1237	100	0.998430772579679	0.998400250832643	0.998461294326714
1238	1238	100	0.998440155344925	0.998409662437348	0.998470648252501
1239	1239	100	0.998448623451508	0.998418592470058	0.998478654432958
1240	1240	100	0.998456953802199	0.998426955139186	0.998486952465211
1241	1241	100	0.998467493920135	0.998437142723163	0.998497845117106
1242	1242	100	0.998474830440801	0.998444559712308	0.998505101169294
1243	1243	100	0.998482219060881	0.998451938722234	0.998512499399529
1244	1244	100	0.998489411495816	0.998459038346118	0.998519784645513
1245	1245	100	0.99849682723859	0.99846649804015	0.99852715643703
1246	1246	100	0.998503559145225	0.998473243509227	0.998533874781222
1247	1247	100	0.99851134783023	0.998481314075051	0.998541381585408
1248	1248	100	0.998519435352188	0.998488907262066	0.998549963442311
1249	1249	100	0.998526750737425	0.998496185976604	0.998557315498247
1250	1250	100	0.99853468749767	0.99850439369749	0.99856498129785
1251	1251	100	0.998541163016344	0.998510769059781	0.998571556972908
1252	1252	100	0.998547981358501	0.998517137673703	0.998578825043299
1253	1253	100	0.998556196375965	0.998525338842603	0.998587053909328
1254	1254	100	0.998563796458515	0.99853330927795	0.998594283639081
1255	1255	100	0.998570458631058	0.998540118283698	0.998600798978417
1256	1256	100	0.998578974767645	0.998548236255177	0.998609713280113
1257	1257	100	0.998588783880681	0.998558078427186	0.998619489334176
1258	1258	100	0.998597791995694	0.998566946727415	0.998628637263974
1259	1259	100	0.998606465257677	0.998575991810819	0.998636938704535
1260	1260	100	0.998614258275466	0.998583502618055	0.998645013932877
1261	1261	100	0.998621885446957	0.99859151717364	0.998652253720274
1262	1262	100	0.99863072683009	0.998600490382061	0.99866096327812
1263	1263	100	0.998638177612437	0.998607737572806	0.998668617652068
1264	1264	100	0.998645781364401	0.998615741748092	0.99867582098071
1265	1265	100	0.998651051934087	0.998621092422448	0.998681011445726
1266	1266	100	0.998660166562195	0.998630466512232	0.998689866612158
1267	1267	100	0.99866765179006	0.998638066513285	0.998697237066834
1268	1268	100	0.998675529634206	0.998646374841008	0.998704684427405
1269	1269	100	0.998683180861697	0.998654164550971	0.998712197172422
1270	1270	100	0.998690666328705	0.998662178892211	0.998719153765198
1271	1271	100	0.998697178457247	0.998668980400725	0.998725376513769
1272	1272	100	0.998705887281851	0.998677441090087	0.998734333473616
1273	1273	100	0.998711769253127	0.99868348085383	0.998740057652425
1274	1274	100	0.998719346178779	0.998691290970876	0.998747401386682
1275	1275	100	0.998727832787585	0.998700144922489	0.99875552065268
1276	1276	100	0.99873680644578	0.998709477104874	0.998764135786686
1277	1277	100	0.998745595269153	0.998718062418175	0.998773128120131
1278	1278	100	0.998753358723696	0.998725633253169	0.998781084194223
1279	1279	100	0.998762628461246	0.998735424650074	0.998789832272418
1280	1280	100	0.998771356150024	0.998744378295621	0.998798334004427
1281	1281	100	0.998779655991184	0.998752667027837	0.998806644954531
1282	1282	100	0.998789275745669	0.998762292704922	0.998816258786416
1283	1283	100	0.998797466843203	0.998770556075119	0.998824377611288
1284	1284	100	0.998805770541632	0.998778882264002	0.998832658819261
1285	1285	100	0.99881230944455	0.998785302784998	0.998839316104102
1286	1286	100	0.998819429064652	0.998792628877549	0.998846229251755
1287	1287	100	0.998828527351354	0.998801598542536	0.998855456160173
1288	1288	100	0.998836407471115	0.99880937773586	0.99886343720637
1289	1289	100	0.998844340320331	0.998817294881553	0.99887138575911
1290	1290	100	0.998851577526481	0.998824790423065	0.998878364629897
1291	1291	100	0.998857982699304	0.998831210599326	0.998884754799283
1292	1292	100	0.998865438855772	0.998838820659726	0.998892057051818
1293	1293	100	0.998873939943348	0.99884772658314	0.998900153303556
1294	1294	100	0.998881949111383	0.998855819144426	0.99890807907834
1295	1295	100	0.998889148288593	0.998863248100487	0.998915048476698
1296	1296	100	0.998895567868458	0.998869443973649	0.998921691763266
1297	1297	100	0.99890291335435	0.99887695499333	0.99892887171537
1298	1298	100	0.99891142285806	0.998885942641303	0.998936903074818
1299	1299	100	0.998920268684493	0.998895044973434	0.998945492395552
1300	1300	100	0.99892864854787	0.998903952663443	0.998953344432298
1301	1301	100	0.998935585133472	0.998911113568304	0.99896005669864
1302	1302	100	0.998942223520705	0.998918128997657	0.998966318043754
1303	1303	100	0.998949537164984	0.998925556143638	0.998973518186329
1304	1304	100	0.998957318307311	0.998933285529511	0.99898135108511
1305	1305	100	0.998967338409479	0.998943541767554	0.998991135051404
1306	1306	100	0.998973871360033	0.998950272453761	0.998997470266304
1307	1307	100	0.998982944457403	0.998959369126985	0.99900651978782
1308	1308	100	0.998991180572473	0.998967733024542	0.999014628120404
1309	1309	100	0.998998410755969	0.998974947767408	0.99902187374453
1310	1310	100	0.999007055791222	0.998983785659382	0.999030325923063
1311	1311	100	0.999014177556461	0.998990920581004	0.999037434531917
1312	1312	100	0.999021902651257	0.998998821626462	0.999044983676054
1313	1313	100	0.999030416061095	0.999007365603383	0.999053466518806
1314	1314	100	0.99903702777597	0.999013974381343	0.999060081170597
1315	1315	100	0.999045099408546	0.999022356787109	0.999067842029983
1316	1316	100	0.999053676260412	0.999031114503101	0.999076238017722
1317	1317	100	0.999062732537736	0.999040082665169	0.999085382410304
1318	1318	100	0.999070735756384	0.999047984713409	0.999093486799359
1319	1319	100	0.999078507680478	0.999055546039526	0.99910146932143
1320	1320	100	0.999085841938379	0.999062881397589	0.999108802479169
1321	1321	100	0.999096943011521	0.999074174675677	0.999119711347365
1322	1322	100	0.999102963601433	0.999080039685217	0.99912588751765
1323	1323	100	0.99910942698431	0.999086783213999	0.999132070754622
1324	1324	100	0.999117438053898	0.99909495879491	0.999139917312886
1325	1325	100	0.999125103192655	0.999102447899891	0.999147758485418
1326	1326	100	0.9991327491695	0.999110117571001	0.999155380768
1327	1327	100	0.999140772235437	0.999118401055053	0.999163143415822
1328	1328	100	0.999148277331184	0.999126108123982	0.999170446538387
1329	1329	100	0.99915611867789	0.999134144734803	0.999178092620978
1330	1330	100	0.99916453060664	0.999142472016963	0.999186589196317
1331	1331	100	0.999171583168963	0.999149682813471	0.999193483524455
1332	1332	100	0.999178910530714	0.999157093861572	0.999200727199856
1333	1333	100	0.999188161059826	0.999166296002398	0.999210026117254
1334	1334	100	0.99919565631938	0.999173676260067	0.999217636378693
1335	1335	100	0.999203581709959	0.999181444240088	0.99922571917983
1336	1336	100	0.999209233438413	0.999187289885063	0.999231176991764
1337	1337	100	0.999216991401341	0.999195094247126	0.999238888555555
1338	1338	100	0.999225345614804	0.999203488474131	0.999247202755478
1339	1339	100	0.999233381524348	0.999211481508551	0.999255281540145
1340	1340	100	0.999240902135698	0.999219288936539	0.999262515334856
1341	1341	100	0.999247559664535	0.999225965512871	0.999269153816198
1342	1342	100	0.999254168763274	0.999232601564006	0.999275735962542
1343	1343	100	0.999265163032156	0.999244424367807	0.999285901696505
1344	1344	100	0.999271792779206	0.999251143068987	0.999292442489424
1345	1345	100	0.999280545137185	0.99926072769097	0.999300362583401
1346	1346	100	0.999286434494307	0.999266818424708	0.999306050563905
1347	1347	100	0.999295443131114	0.999275864607566	0.999315021654662
1348	1348	100	0.999305282001109	0.999285399141676	0.999325164860542
1349	1349	100	0.999311702835121	0.999291811974896	0.999331593695346
1350	1350	100	0.999319659608303	0.999299690542455	0.999339628674152
1351	1351	100	0.999326508646211	0.999306818286706	0.999346199005715
1352	1352	100	0.999332887562324	0.999313257036622	0.999352518088025
1353	1353	100	0.999340492579287	0.999320957663397	0.999360027495177
1354	1354	100	0.999346031077756	0.999326785527087	0.999365276628426
1355	1355	100	0.999353481087129	0.99933422234242	0.999372739831839
1356	1356	100	0.999361014000225	0.99934158316551	0.999380444834939
1357	1357	100	0.999368475410008	0.999348957717804	0.999387993102211
1358	1358	100	0.999377195433325	0.999357716691626	0.999396674175023
1359	1359	100	0.999385682609489	0.999366255488421	0.999405109730556
1360	1360	100	0.999393103519779	0.999373680990835	0.999412526048722
1361	1361	100	0.999401953222828	0.999382825995264	0.999421080450392
1362	1362	100	0.999407490081103	0.99938870985587	0.999426270306337
1363	1363	100	0.999416233356763	0.999397763358122	0.999434703355404
1364	1364	100	0.999422774493332	0.999404276336176	0.999441272650488
1365	1365	100	0.999430171801631	0.999412221838592	0.99944812176467
1366	1366	100	0.999436095076155	0.999418138237297	0.999454051915013
1367	1367	100	0.999443099751983	0.999425733311591	0.999460466192374
1368	1368	100	0.999452027785234	0.999434666278461	0.999469389292007
1369	1369	100	0.999460615954978	0.99944336164459	0.999477870265365
1370	1370	100	0.999466910833849	0.999449802898884	0.999484018768815
1371	1371	100	0.999476673690795	0.999459841411636	0.999493505969954
1372	1372	100	0.999484209134582	0.999467290749148	0.999501127520017
1373	1373	100	0.999490674991549	0.999473758866013	0.999507591117084
1374	1374	100	0.999497987619637	0.999481294333764	0.99951468090551
1375	1375	100	0.99950612981396	0.999489441473238	0.999522818154682
1376	1376	100	0.999511656374605	0.999495151766409	0.999528160982801
1377	1377	100	0.999521721806667	0.999505086342093	0.99953835727124
1378	1378	100	0.999532372023854	0.999515811153735	0.999548932893974
1379	1379	100	0.999541604394028	0.999525480616956	0.9995577281711
1380	1380	100	0.99954814573677	0.999532255150837	0.999564036322703
1381	1381	100	0.999557267997265	0.999541210136716	0.999573325857814
1382	1382	100	0.999564813714385	0.999549012120116	0.999580615308653
1383	1383	100	0.999575945291198	0.999560884229439	0.999591006352958
1384	1384	100	0.999582217990085	0.999567262845584	0.999597173134586
1385	1385	100	0.999590839277219	0.999576137571294	0.999605540983144
1386	1386	100	0.999597086005374	0.999582715248476	0.999611456762271
1387	1387	100	0.999602911368957	0.999588907308182	0.999616915429732
1388	1388	100	0.999611620368347	0.999598157434628	0.999625083302065
1389	1389	100	0.999618581757063	0.99960493490416	0.999632228609965
1390	1390	100	0.999624593903695	0.999610922487601	0.999638265319789
1391	1391	100	0.999631567062208	0.999618300545484	0.999644833578933
1392	1392	100	0.999638927137684	0.999625579927024	0.999652274348344
1393	1393	100	0.999647176801411	0.999634128780297	0.999660224822525
1394	1394	100	0.999655095163162	0.99964228011855	0.999667910207774
1395	1395	100	0.99966639016058	0.999653955202365	0.999678825118795
1396	1396	100	0.999675949711399	0.999664312542088	0.999687586880711
1397	1397	100	0.999682977896741	0.999671291908844	0.999694663884637
1398	1398	100	0.99969016233976	0.99967876254964	0.99970156212988
1399	1399	100	0.999699676366603	0.999688375727582	0.999710977005624
1400	1400	100	0.999707162882264	0.999696191495056	0.999718134269472
1401	1401	100	0.999713220384143	0.999702373655234	0.999724067113053
1402	1402	100	0.999720733132378	0.999710019168143	0.999731447096612
1403	1403	100	0.999728203430905	0.999717596440107	0.999738810421703
1404	1404	100	0.999735748621893	0.999725107752182	0.999746389491605
1405	1405	100	0.999743186663682	0.999732619947351	0.999753753380014
1406	1406	100	0.999750073089712	0.999739794162184	0.999760352017239
1407	1407	100	0.999757133307305	0.999746861377108	0.999767405237503
1408	1408	100	0.999765271087411	0.999754967197864	0.999775574976957
1409	1409	100	0.999774474860173	0.999764215486005	0.999784734234342
1410	1410	100	0.999781688347351	0.999771798548832	0.999791578145871
1411	1411	100	0.999788392259696	0.999778521298901	0.999798263220491
1412	1412	100	0.99979805030119	0.999788543137473	0.999807557464908
1413	1413	100	0.999806586535915	0.999797805236238	0.999815367835592
1414	1414	100	0.999814350436642	0.999805843345175	0.99982285752811
1415	1415	100	0.999820503552639	0.999812275203851	0.999828731901427
1416	1416	100	0.999828477538684	0.999820262508945	0.999836692568422
1417	1417	100	0.999836783367518	0.999828828152033	0.999844738583004
1418	1418	100	0.999843685937265	0.999835779442662	0.999851592431869
1419	1419	100	0.99985231460656	0.999845062531512	0.999859566681607
1420	1420	100	0.999860506432295	0.999853247657235	0.999867765207354
1421	1421	100	0.999867274072391	0.999860194142833	0.99987435400195
1422	1422	100	0.999875028721144	0.999868392755358	0.999881664686931
1423	1423	100	0.999881383222931	0.999874912559047	0.999887853886816
1424	1424	100	0.999888827392502	0.999882351698874	0.999895303086131
1425	1425	100	0.999897539429071	0.999891269628383	0.99990380922976
1426	1426	100	0.999905569217263	0.999899352375711	0.999911786058816
1427	1427	100	0.999912282312825	0.999906028481363	0.999918536144287
1428	1428	100	0.999919923265533	0.99991396692912	0.999925879601946
1429	1429	100	0.999925573801217	0.999919789313878	0.999931358288556
1430	1430	100	0.999933126132482	0.999927445613033	0.999938806651931
1431	1431	100	0.999940887262234	0.999935562924286	0.999946211600181
1432	1432	100	0.999949060261549	0.999943941735781	0.999954178787318
1433	1433	100	0.999955687059665	0.999951156570073	0.999960217549257
1434	1434	100	0.999963244305475	0.99995907387835	0.999967414732601
1435	1435	100	0.999970093436981	0.999966274463828	0.999973912410133
1436	1436	100	0.999977165519486	0.999973348307326	0.999980982731646
1437	1437	100	0.999987338946725	0.999985119300038	0.999989558593411
1438	1438	100	0.999994363019559	0.9999928719955	0.999995854043618
1439	1439	100	1	1	1
