	V1	num	avg_r2	lowerci	upperci
1	1	100	0.495323709824717	0.42503810750931	0.565609312140123
2	2	100	0.997067235147825	0.997032877212128	0.997101593083522
3	3	100	0.997130313544657	0.997103005547631	0.997157621541684
4	4	100	0.997139591289117	0.997112787929165	0.99716639464907
5	5	100	0.99715156654144	0.99712536734259	0.99717776574029
6	6	100	0.997160076455089	0.99713369828238	0.997186454627797
7	7	100	0.997168921387706	0.9971425298426	0.997195312932814
8	8	100	0.997232380409495	0.997206116423537	0.997258644395454
9	9	100	0.997295526661948	0.99727031661772	0.997320736706176
10	10	100	0.997361611373601	0.997339272161648	0.997383950585554
11	11	100	0.99736919659108	0.997346936605527	0.997391456576633
12	12	100	0.997377214524723	0.997355222997809	0.997399206051638
13	13	100	0.997381234484824	0.997359331039944	0.997403137929705
14	14	100	0.997385242433485	0.997363057594467	0.997407427272504
15	15	100	0.997389072449925	0.997366966493992	0.997411178405858
16	16	100	0.997392487467007	0.997370349895331	0.997414625038682
17	17	100	0.997396105232118	0.99737390700258	0.997418303461656
18	18	100	0.997399361793972	0.997377113134953	0.997421610452992
19	19	100	0.99740378366691	0.997381415020384	0.997426152313437
20	20	100	0.997407888317283	0.997385686092611	0.997430090541954
21	21	100	0.997412307013788	0.997390315603984	0.997434298423592
22	22	100	0.997415355732532	0.997393352740318	0.997437358724746
23	23	100	0.997418840772633	0.997396975011096	0.997440706534169
24	24	100	0.997421646315859	0.997399730096076	0.997443562535642
25	25	100	0.997425509531829	0.997403614947241	0.997447404116417
26	26	100	0.997428684063451	0.997406772367695	0.997450595759206
27	27	100	0.997432104263502	0.99741017614453	0.997454032382474
28	28	100	0.997435255185138	0.99741331188287	0.997457198487406
29	29	100	0.997437500931208	0.997415639996133	0.997459361866283
30	30	100	0.997440032993715	0.997418222063686	0.997461843923744
31	31	100	0.997443166830821	0.997421455107926	0.997464878553716
32	32	100	0.997446176751885	0.997424618161948	0.997467735341822
33	33	100	0.997448772642558	0.997427274880677	0.99747027040444
34	34	100	0.997452320439381	0.997430791043122	0.997473849835639
35	35	100	0.997456313557711	0.997434819320023	0.997477807795398
36	36	100	0.99745918696082	0.997437712368111	0.997480661553529
37	37	100	0.997461922336899	0.99744043848028	0.997483406193517
38	38	100	0.997464805436026	0.997443351598986	0.997486259273065
39	39	100	0.997468034577392	0.997446524315551	0.997489544839232
40	40	100	0.997470886433489	0.997449534202122	0.997492238664855
41	41	100	0.997473651504287	0.997452532743225	0.997494770265348
42	42	100	0.997477253949388	0.997456318912244	0.997498188986533
43	43	100	0.997480037978974	0.997459008001965	0.997501067955982
44	44	100	0.997483048962546	0.997461952549326	0.997504145375765
45	45	100	0.997485505932837	0.997464309350589	0.997506702515085
46	46	100	0.997487865458332	0.997466734719595	0.99750899619707
47	47	100	0.997490853744972	0.997469833807281	0.997511873682664
48	48	100	0.997494012525675	0.997472920523976	0.997515104527373
49	49	100	0.997496440145876	0.99747540808383	0.997517472207923
50	50	100	0.997499962049774	0.997479124906865	0.997520799192683
51	51	100	0.997502604561879	0.997481761109339	0.997523448014419
52	52	100	0.99750560049315	0.997484782219073	0.997526418767228
53	53	100	0.997508417201484	0.99748775686972	0.997529077533247
54	54	100	0.997511703272293	0.997491136612846	0.997532269931739
55	55	100	0.997514660312603	0.99749418469979	0.997535135925417
56	56	100	0.997517466139186	0.997497018722402	0.997537913555971
57	57	100	0.997519778748367	0.997499315322306	0.997540242174428
58	58	100	0.997522650821834	0.997502178164256	0.997543123479413
59	59	100	0.997525294837081	0.99750486776989	0.997545721904271
60	60	100	0.997527975443242	0.997507473198216	0.997548477688268
61	61	100	0.997530456765025	0.997510018016428	0.997550895513621
62	62	100	0.99753359270387	0.997513273143424	0.997553912264317
63	63	100	0.997536704690921	0.997516231135618	0.997557178246224
64	64	100	0.997539732937548	0.99751925684082	0.997560209034275
65	65	100	0.997542037298267	0.99752168339912	0.997562391197414
66	66	100	0.997545109555111	0.997524864453102	0.997565354657119
67	67	100	0.997548827009422	0.997528622270891	0.997569031747953
68	68	100	0.997552096385236	0.997531930988836	0.997572261781635
69	69	100	0.997554572336108	0.997534372349706	0.997574772322511
70	70	100	0.997556965465169	0.997536761787796	0.997577169142542
71	71	100	0.99755940736909	0.997539269350968	0.997579545387211
72	72	100	0.997562193399738	0.997542060448659	0.997582326350818
73	73	100	0.997565228967651	0.997545054119633	0.997585403815669
74	74	100	0.997568023877397	0.997547794415479	0.997588253339315
75	75	100	0.997570795877839	0.99755060660841	0.997590985147267
76	76	100	0.997573389286715	0.997553091282511	0.99759368729092
77	77	100	0.997575289289629	0.997554968695635	0.997595609883622
78	78	100	0.997578506006533	0.997558232868927	0.997598779144139
79	79	100	0.997581313210904	0.997561072031593	0.997601554390215
80	80	100	0.997583548135915	0.997563365181954	0.997603731089875
81	81	100	0.997586416628054	0.99756636019873	0.997606473057378
82	82	100	0.997589215004378	0.997569095135552	0.997609334873203
83	83	100	0.997591465975974	0.997571366635958	0.997611565315991
84	84	100	0.99759416978115	0.997574156609071	0.997614182953228
85	85	100	0.997597018711556	0.997576963897431	0.997617073525682
86	86	100	0.997599708175993	0.997579711295481	0.997619705056506
87	87	100	0.99760334139137	0.997583408448023	0.997623274334716
88	88	100	0.997606314187066	0.997586419706463	0.99762620866767
89	89	100	0.997608906481213	0.997588867841778	0.997628945120649
90	90	100	0.997611607764641	0.997591572959687	0.997631642569596
91	91	100	0.99761486494691	0.997594847959754	0.997634881934066
92	92	100	0.997617313057162	0.997597302142197	0.997637323972128
93	93	100	0.997620026564992	0.997600063554653	0.997639989575331
94	94	100	0.997623435944904	0.997603419519815	0.997643452369993
95	95	100	0.997626828698025	0.997606866754728	0.997646790641322
96	96	100	0.997629792681786	0.99760982716664	0.997649758196931
97	97	100	0.997632978608625	0.99761303059827	0.99765292661898
98	98	100	0.997635524003144	0.99761554261275	0.997655505393538
99	99	100	0.997637713087355	0.997617727283811	0.9976576988909
100	100	100	0.997639957580884	0.997620006011158	0.997659909150609
101	101	100	0.99764250486086	0.997622552295968	0.997662457425752
102	102	100	0.997645896105178	0.997625935528263	0.997665856682092
103	103	100	0.9976492329337	0.997629527063243	0.997668938804156
104	104	100	0.997651515639727	0.997631759756751	0.997671271522703
105	105	100	0.997654489393305	0.997634747444993	0.997674231341616
106	106	100	0.997658101667438	0.997638410112651	0.997677793222225
107	107	100	0.997660968612794	0.997641292774126	0.997680644451462
108	108	100	0.997663398072876	0.99764368966001	0.997683106485743
109	109	100	0.997666446114228	0.997646842074969	0.997686050153488
110	110	100	0.997668483585838	0.997648848618187	0.997688118553489
111	111	100	0.997671875498866	0.997652122153557	0.997691628844176
112	112	100	0.997674362659785	0.997654840977406	0.997693884342164
113	113	100	0.997677205056287	0.997657678135898	0.997696731976676
114	114	100	0.997680091859614	0.997660617241002	0.997699566478227
115	115	100	0.997683067409248	0.997663695592337	0.99770243922616
116	116	100	0.997685435804525	0.997666015276565	0.997704856332484
117	117	100	0.997688295904959	0.997668984130753	0.997707607679165
118	118	100	0.997691034368007	0.997671729174084	0.997710339561931
119	119	100	0.997693293771602	0.997674042806134	0.997712544737071
120	120	100	0.997695376835684	0.997676140123554	0.997714613547814
121	121	100	0.997698122694598	0.9976788781566	0.997717367232595
122	122	100	0.99770086060528	0.997681778425339	0.99771994278522
123	123	100	0.997703631107103	0.997684704794387	0.99772255741982
124	124	100	0.997707210943207	0.997688286395108	0.997726135491307
125	125	100	0.997709851613956	0.99769100924917	0.997728693978743
126	126	100	0.997712284025869	0.997693419048475	0.997731149003262
127	127	100	0.99771456111606	0.997695704966332	0.997733417265789
128	128	100	0.997717082995645	0.997698306382918	0.997735859608373
129	129	100	0.997719695674348	0.99770089330825	0.997738498040445
130	130	100	0.997722217194692	0.997703363346776	0.997741071042607
131	131	100	0.997724248343665	0.997705366003946	0.997743130683384
132	132	100	0.997727480202015	0.997708578439316	0.997746381964715
133	133	100	0.997729821082062	0.99771104862153	0.997748593542594
134	134	100	0.997732603297982	0.997713814966441	0.997751391629523
135	135	100	0.997735320704377	0.997716647960815	0.997753993447939
136	136	100	0.997737893973101	0.997719391835515	0.997756396110687
137	137	100	0.997740162632491	0.997721629128995	0.997758696135988
138	138	100	0.997741701021768	0.997723141320151	0.997760260723385
139	139	100	0.997744370340601	0.997725896345101	0.9977628443361
140	140	100	0.997746620302785	0.997728199135746	0.997765041469825
141	141	100	0.997749862533546	0.997731471960951	0.997768253106141
142	142	100	0.997752295409697	0.997733987811936	0.997770603007458
143	143	100	0.997754862484902	0.997736664842105	0.9977730601277
144	144	100	0.997757235189396	0.997739126008567	0.997775344370225
145	145	100	0.997759139885657	0.997741070893513	0.997777208877802
146	146	100	0.997761878903661	0.997743806035011	0.997779951772312
147	147	100	0.997764459377068	0.997746271037497	0.997782647716638
148	148	100	0.997767397386115	0.997749246097739	0.997785548674491
149	149	100	0.997770158571922	0.997752051635682	0.997788265508161
150	150	100	0.997773214297588	0.99775527161192	0.997791156983256
151	151	100	0.997775816169954	0.99775784684791	0.997793785491997
152	152	100	0.997778124694424	0.997760173287162	0.997796076101685
153	153	100	0.997780436596918	0.997762489755059	0.997798383438776
154	154	100	0.997782883891333	0.997765060875069	0.997800706907597
155	155	100	0.997785456797863	0.997767668312328	0.997803245283398
156	156	100	0.997788021403311	0.997770160141854	0.997805882664769
157	157	100	0.997790703839642	0.997772878373685	0.997808529305599
158	158	100	0.997793446318909	0.997775590105087	0.997811302532731
159	159	100	0.997796211482214	0.997778309760573	0.997814113203855
160	160	100	0.997798436052054	0.997780586867452	0.997816285236656
161	161	100	0.997800853223044	0.997782977918165	0.997818728527924
162	162	100	0.997803278579223	0.997785445358665	0.997821111799781
163	163	100	0.997805653720485	0.997787824710135	0.997823482730835
164	164	100	0.997807924867682	0.997790082547944	0.997825767187419
165	165	100	0.997810347213595	0.997792628345126	0.997828066082063
166	166	100	0.99781297266336	0.997795261609444	0.997830683717276
167	167	100	0.997816210613445	0.997798540654624	0.997833880572266
168	168	100	0.997818879252218	0.99780129530345	0.997836463200987
169	169	100	0.99782098917833	0.997803373674162	0.997838604682499
170	170	100	0.997822978795699	0.99780542388429	0.997840533707108
171	171	100	0.997825631984609	0.99780827822064	0.997842985748578
172	172	100	0.99782809183925	0.997810781084901	0.997845402593599
173	173	100	0.997830610435802	0.997813330908533	0.997847889963072
174	174	100	0.99783337044232	0.997816144964609	0.997850595920032
175	175	100	0.997835912053937	0.997818723826728	0.997853100281146
176	176	100	0.997838874286374	0.997821768146126	0.997855980426622
177	177	100	0.997841100001659	0.997824049526334	0.997858150476984
178	178	100	0.997843492348375	0.997826431102901	0.997860553593849
179	179	100	0.997845581887323	0.997828563677311	0.997862600097335
180	180	100	0.997848068718202	0.997831041434212	0.997865096002193
181	181	100	0.997851153740385	0.997834008000972	0.997868299479798
182	182	100	0.997853920588464	0.99783683840881	0.997871002768119
183	183	100	0.997856561218168	0.997839474452174	0.997873647984161
184	184	100	0.99785966274868	0.99784279102443	0.997876534472929
185	185	100	0.997862291977659	0.997845416728438	0.99787916722688
186	186	100	0.997864689346749	0.997847863522342	0.997881515171155
187	187	100	0.997866741442136	0.997849907562828	0.997883575321443
188	188	100	0.997869317801397	0.997852365805389	0.997886269797404
189	189	100	0.997871725629697	0.997854788667812	0.997888662591581
190	190	100	0.997873780903987	0.997856834379214	0.997890727428759
191	191	100	0.997876607532222	0.99785959504221	0.997893620022235
192	192	100	0.997879511650845	0.99786250368516	0.99789651961653
193	193	100	0.997882223456017	0.997865164779349	0.997899282132686
194	194	100	0.99788486333016	0.997867884869556	0.997901841790764
195	195	100	0.997886796089676	0.997869852226865	0.997903739952488
196	196	100	0.997889045097619	0.997872085525302	0.997906004669937
197	197	100	0.997891494845174	0.997874574202257	0.997908415488092
198	198	100	0.997893497674712	0.997876610348794	0.997910385000629
199	199	100	0.997896174334918	0.997879234200011	0.997913114469824
200	200	100	0.997898258314944	0.997881265585612	0.997915251044275
201	201	100	0.997900625960499	0.99788364139171	0.997917610529289
202	202	100	0.99790340727859	0.997886453125105	0.997920361432076
203	203	100	0.997905538234269	0.997888542799447	0.997922533669091
204	204	100	0.997908062694318	0.997891066795408	0.997925058593228
205	205	100	0.997910408645098	0.997893448053018	0.997927369237179
206	206	100	0.99791343559738	0.997896423766017	0.997930447428742
207	207	100	0.997916143838984	0.997899122825059	0.997933164852909
208	208	100	0.997918605058745	0.997901657796951	0.99793555232054
209	209	100	0.997921004866726	0.997904156371533	0.997937853361918
210	210	100	0.99792379832491	0.997907088949076	0.997940507700745
211	211	100	0.997926315855166	0.997909549124664	0.997943082585669
212	212	100	0.997928511884563	0.997911744569833	0.997945279199293
213	213	100	0.997930885745839	0.997914167127545	0.997947604364134
214	214	100	0.997933672074365	0.997916988095786	0.997950356052944
215	215	100	0.997935927042958	0.997919185016352	0.997952669069564
216	216	100	0.997937688130342	0.997920981341751	0.997954394918932
217	217	100	0.997940356626107	0.997923719842861	0.997956993409353
218	218	100	0.9979424717404	0.997925917603932	0.997959025876868
219	219	100	0.9979449568119	0.997928464782609	0.997961448841191
220	220	100	0.997947448521967	0.997930931245127	0.997963965798807
221	221	100	0.997949875760674	0.997933454578755	0.997966296942593
222	222	100	0.997951762570064	0.997935395640879	0.99796812949925
223	223	100	0.997954384943348	0.997937835478409	0.997970934408286
224	224	100	0.997956818516107	0.997940262129126	0.997973374903087
225	225	100	0.997959341049949	0.997942766909974	0.997975915189924
226	226	100	0.997961552454394	0.997944965686216	0.997978139222572
227	227	100	0.997963681251994	0.997947139936205	0.997980222567784
228	228	100	0.997966439714798	0.997950001549335	0.997982877880261
229	229	100	0.997968380174698	0.997951961194908	0.997984799154487
230	230	100	0.997970926376655	0.997954489811297	0.997987362942013
231	231	100	0.997973061599333	0.997956626191836	0.99798949700683
232	232	100	0.997975492184744	0.997959072605513	0.997991911763976
233	233	100	0.997977845607567	0.997961545954376	0.997994145260759
234	234	100	0.997979865052905	0.997963572031612	0.997996158074197
235	235	100	0.997982336588336	0.997966087655287	0.997998585521384
236	236	100	0.997984404691671	0.997968216071479	0.998000593311864
237	237	100	0.997986915873683	0.997970658608175	0.998003173139191
238	238	100	0.99798928660059	0.997973072622831	0.998005500578349
239	239	100	0.997991384044041	0.997975148578611	0.998007619509471
240	240	100	0.997994307835875	0.997977980580551	0.998010635091199
241	241	100	0.997996705548829	0.997980441363171	0.998012969734487
242	242	100	0.997999538042899	0.997983293766715	0.998015782319083
243	243	100	0.998002057878005	0.997985855332083	0.998018260423927
244	244	100	0.998004949277349	0.997988782604282	0.998021115950415
245	245	100	0.998007249181378	0.997991193535678	0.998023304827078
246	246	100	0.998009953044786	0.997994040939289	0.998025865150282
247	247	100	0.998012311912589	0.99799636661667	0.998028257208508
248	248	100	0.998014627409569	0.997998778370772	0.998030476448367
249	249	100	0.998017084676767	0.99800124205522	0.998032927298314
250	250	100	0.998019977582819	0.998004180051481	0.998035775114156
251	251	100	0.998022499950967	0.998006714995694	0.99803828490624
252	252	100	0.998024517077533	0.998008682144706	0.99804035201036
253	253	100	0.998027157500855	0.998011349114619	0.998042965887092
254	254	100	0.998029509771293	0.998013667104427	0.998045352438159
255	255	100	0.998032074009966	0.998016265594187	0.998047882425745
256	256	100	0.998034854169549	0.998018912871339	0.998050795467759
257	257	100	0.998037087297221	0.998021054747186	0.998053119847256
258	258	100	0.998039382654575	0.998023305198013	0.998055460111138
259	259	100	0.998041382310746	0.998025308053855	0.998057456567637
260	260	100	0.998043105601505	0.9980270456242	0.99805916557881
261	261	100	0.998045336080339	0.998029220608601	0.998061451552078
262	262	100	0.998048420220671	0.998032338921669	0.998064501519672
263	263	100	0.99805094362449	0.998034834784143	0.998067052464838
264	264	100	0.998053521011582	0.998037422879351	0.998069619143814
265	265	100	0.998055782558368	0.99803982688716	0.998071738229575
266	266	100	0.998058312436078	0.998042361644016	0.998074263228139
267	267	100	0.998059871650343	0.998043940872549	0.998075802428137
268	268	100	0.99806256889183	0.99804651370953	0.998078624074131
269	269	100	0.998065073096865	0.998049055764256	0.998081090429474
270	270	100	0.998067559416872	0.998051592832213	0.998083526001531
271	271	100	0.99807004315095	0.99805406685557	0.998086019446329
272	272	100	0.998072779003543	0.998056963683471	0.998088594323614
273	273	100	0.998074266912883	0.998058403156545	0.998090130669221
274	274	100	0.998076220701997	0.998060330020859	0.998092111383136
275	275	100	0.99807920541107	0.99806337161727	0.99809503920487
276	276	100	0.998081119811928	0.998065324204696	0.99809691541916
277	277	100	0.99808329201808	0.998067572800736	0.998099011235424
278	278	100	0.998085251087954	0.998069488512235	0.998101013663672
279	279	100	0.998087311166108	0.99807163899596	0.998102983336255
280	280	100	0.998089781416147	0.998074155982368	0.998105406849927
281	281	100	0.998091445390032	0.998075847339927	0.998107043440136
282	282	100	0.998093568703527	0.998078114198052	0.998109023209002
283	283	100	0.998096311616447	0.998080892900819	0.998111730332074
284	284	100	0.998098687847016	0.998083247881048	0.998114127812985
285	285	100	0.998101017222396	0.998085574460224	0.998116459984568
286	286	100	0.998103371434763	0.998087796187249	0.998118946682277
287	287	100	0.998106105121563	0.998090682093632	0.998121528149493
288	288	100	0.998108399627705	0.99809301808329	0.99812378117212
289	289	100	0.998110672543008	0.998095370844631	0.998125974241384
290	290	100	0.998112922262052	0.998097682884627	0.998128161639476
291	291	100	0.998115212828569	0.998099939212373	0.998130486444764
292	292	100	0.998117770538876	0.998102534494877	0.998133006582876
293	293	100	0.998120251933161	0.998105090465155	0.998135413401167
294	294	100	0.998122476464195	0.998107434783341	0.998137518145048
295	295	100	0.998124633783179	0.998109576546773	0.998139691019585
296	296	100	0.998127103186324	0.998112042595456	0.998142163777193
297	297	100	0.998129015447225	0.998113995335037	0.998144035559412
298	298	100	0.998131831816409	0.998116761777713	0.998146901855105
299	299	100	0.998134293065889	0.9981192055385	0.998149380593278
300	300	100	0.99813662091769	0.998121578256323	0.998151663579058
301	301	100	0.998139056679488	0.998124057329435	0.998154056029541
302	302	100	0.998141390689768	0.99812628730477	0.998156494074767
303	303	100	0.998143616319022	0.998128546515051	0.998158686122993
304	304	100	0.99814601461563	0.998131100598469	0.998160928632791
305	305	100	0.998148613845379	0.998133872631453	0.998163355059305
306	306	100	0.998150649920109	0.998135994365799	0.998165305474419
307	307	100	0.998153312947499	0.998138739937704	0.998167885957295
308	308	100	0.998155180147564	0.998140577732007	0.998169782563121
309	309	100	0.998157524974332	0.998142979615089	0.998172070333574
310	310	100	0.998160176826975	0.998145554357146	0.998174799296805
311	311	100	0.998162451509637	0.998147872267235	0.998177030752039
312	312	100	0.998164735316733	0.998150265882819	0.998179204750647
313	313	100	0.998167340557005	0.998152960565694	0.998181720548316
314	314	100	0.998169574542815	0.998155240228634	0.998183908856996
315	315	100	0.998172380198643	0.998158089137727	0.998186671259559
316	316	100	0.998174378120133	0.99816009481882	0.998188661421446
317	317	100	0.99817696981336	0.998162708157358	0.998191231469363
318	318	100	0.998178893690946	0.998164604280308	0.998193183101583
319	319	100	0.998181037837234	0.998166682402097	0.998195393272372
320	320	100	0.998183077801324	0.998168813470025	0.998197342132622
321	321	100	0.998185528554562	0.998171240489763	0.99819981661936
322	322	100	0.998187538314926	0.998173235124371	0.99820184150548
323	323	100	0.998190208708254	0.998175990148865	0.998204427267644
324	324	100	0.99819313686325	0.99817889162306	0.998207382103439
325	325	100	0.998195607060804	0.998181409261882	0.998209804859725
326	326	100	0.998197861647357	0.998183723213942	0.998212000080771
327	327	100	0.998200562091031	0.998186366004212	0.998214758177849
328	328	100	0.998203225189381	0.998188953237867	0.998217497140895
329	329	100	0.998205701653982	0.998191483216566	0.998219920091398
330	330	100	0.998207907038421	0.998193712619595	0.998222101457247
331	331	100	0.99821038124354	0.998196131392764	0.998224631094316
332	332	100	0.998213642565401	0.998199393158426	0.998227891972376
333	333	100	0.998215707362431	0.998201426036328	0.998229988688533
334	334	100	0.998218247085859	0.998204028691773	0.998232465479945
335	335	100	0.998220718585384	0.998206449638222	0.998234987532545
336	336	100	0.998222976930571	0.998208778631692	0.99823717522945
337	337	100	0.998224877851883	0.998210649364487	0.998239106339279
338	338	100	0.99822742964103	0.998213159088109	0.998241700193951
339	339	100	0.998229721315336	0.998215501564534	0.998243941066139
340	340	100	0.998231976043458	0.998217836838752	0.998246115248164
341	341	100	0.998233971016612	0.998219808736046	0.998248133297179
342	342	100	0.998236207346595	0.998222075848299	0.99825033884489
343	343	100	0.998238614532786	0.998224651738193	0.998252577327379
344	344	100	0.998240602235148	0.998226525671704	0.998254678798592
345	345	100	0.998243221524626	0.998229141891038	0.998257301158213
346	346	100	0.998245940978065	0.998231978841318	0.998259903114813
347	347	100	0.998248304354472	0.998234458416751	0.998262150292194
348	348	100	0.998250261444616	0.998236437451423	0.998264085437808
349	349	100	0.998252424148657	0.998238706044441	0.998266142252873
350	350	100	0.998255136321952	0.998241415044866	0.998268857599037
351	351	100	0.99825763663605	0.998244009547823	0.998271263724276
352	352	100	0.998260043247244	0.998246365279708	0.998273721214779
353	353	100	0.998262274662717	0.998248572100816	0.998275977224618
354	354	100	0.998264325398356	0.998250577993761	0.998278072802952
355	355	100	0.998266623344334	0.998252892616099	0.99828035407257
356	356	100	0.998268859196857	0.998255175226707	0.998282543167006
357	357	100	0.998271561247735	0.998257811411627	0.998285311083842
358	358	100	0.99827398779862	0.998260255440726	0.998287720156514
359	359	100	0.998275736685813	0.998262020903699	0.998289452467928
360	360	100	0.998278141894627	0.998264495738763	0.998291788050491
361	361	100	0.998280397530675	0.998266728187922	0.998294066873429
362	362	100	0.9982828124244	0.998269142228158	0.998296482620641
363	363	100	0.998284905131091	0.998271168013586	0.998298642248595
364	364	100	0.99828729899118	0.998273584479753	0.998301013502608
365	365	100	0.998289639654332	0.998275934526557	0.998303344782108
366	366	100	0.99829195984369	0.998278172401313	0.998305747286066
367	367	100	0.99829381600312	0.998280139747947	0.998307492258294
368	368	100	0.998296165020578	0.998282596078111	0.998309733963044
369	369	100	0.99829808764735	0.998284543337406	0.998311631957293
370	370	100	0.998300522699367	0.998286931942283	0.998314113456451
371	371	100	0.998302701171685	0.998289211391613	0.998316190951758
372	372	100	0.998305127715396	0.998291753540784	0.998318501890008
373	373	100	0.998307193797891	0.998293775593002	0.99832061200278
374	374	100	0.998309441566866	0.998296112132817	0.998322771000915
375	375	100	0.998311696221523	0.998298332158798	0.998325060284248
376	376	100	0.998314253239794	0.998300764819133	0.998327741660455
377	377	100	0.998316238989316	0.998302836399366	0.998329641579266
378	378	100	0.998318750943536	0.998305354610686	0.998332147276386
379	379	100	0.998320640641745	0.998307321324885	0.998333959958605
380	380	100	0.998323193589227	0.998309957074284	0.998336430104171
381	381	100	0.998325332613926	0.998312121967353	0.998338543260499
382	382	100	0.998327880218507	0.998314681860624	0.998341078576391
383	383	100	0.99832987111877	0.998316700742717	0.998343041494822
384	384	100	0.998331863611008	0.998318758563864	0.998344968658151
385	385	100	0.998334603626011	0.998321441134824	0.998347766117197
386	386	100	0.998337085922982	0.998323995563108	0.998350176282856
387	387	100	0.998339627501085	0.998326570652107	0.998352684350062
388	388	100	0.998341966743681	0.998328920262337	0.998355013225026
389	389	100	0.998344282549456	0.99833115690905	0.998357408189862
390	390	100	0.998345834922911	0.998332678571677	0.998358991274145
391	391	100	0.998348644391869	0.998335470962991	0.998361817820748
392	392	100	0.998351502775407	0.99833833310196	0.998364672448854
393	393	100	0.998354081066908	0.998340862734078	0.998367299399738
394	394	100	0.998356576558798	0.998343310052178	0.998369843065419
395	395	100	0.998358922329671	0.998345759495034	0.998372085164308
396	396	100	0.99836126027605	0.998348176097151	0.99837434445495
397	397	100	0.998363233185125	0.998350177707995	0.998376288662256
398	398	100	0.998364984328287	0.998351912140349	0.998378056516223
399	399	100	0.998367193823674	0.998354148039525	0.998380239607822
400	400	100	0.99836905532948	0.998356031126875	0.998382079532086
401	401	100	0.998371670089478	0.998358546341774	0.998384793837182
402	402	100	0.998374193170042	0.998361027744308	0.998387358595776
403	403	100	0.998375961696304	0.998362782711191	0.998389140681417
404	404	100	0.998378185720057	0.99836496940198	0.998391402038133
405	405	100	0.998380169518457	0.998366947279238	0.998393391757676
406	406	100	0.998382097253728	0.99836884433126	0.998395350176196
407	407	100	0.998384162880116	0.998370861980309	0.998397463779923
408	408	100	0.998385925834009	0.998372728801647	0.998399122866372
409	409	100	0.998388245772399	0.998375022617529	0.998401468927269
410	410	100	0.998390194442518	0.998377070534992	0.998403318350044
411	411	100	0.998391775505731	0.998378571553961	0.9984049794575
412	412	100	0.998393733630374	0.998380554017332	0.998406913243415
413	413	100	0.998395983354897	0.99838275235058	0.998409214359213
414	414	100	0.998398516939625	0.998385378600475	0.998411655278776
415	415	100	0.998401004381569	0.998387893823083	0.998414114940056
416	416	100	0.998403294769975	0.998390286024814	0.998416303515137
417	417	100	0.998405854448412	0.998392953051236	0.998418755845587
418	418	100	0.998408334105521	0.998395360871166	0.998421307339875
419	419	100	0.998410203859029	0.99839724488191	0.998423162836149
420	420	100	0.998412202453618	0.998399219956089	0.998425184951146
421	421	100	0.998414454907321	0.998401474663745	0.998427435150897
422	422	100	0.998416964693213	0.998404058326251	0.998429871060175
423	423	100	0.998419181815496	0.998406277728206	0.998432085902786
424	424	100	0.998421289335331	0.998408266984395	0.998434311686268
425	425	100	0.998423360693933	0.998410367908957	0.99843635347891
426	426	100	0.998425541307196	0.998412459289416	0.998438623324976
427	427	100	0.998427711554456	0.998414761214635	0.998440661894277
428	428	100	0.998429321834087	0.998416362083488	0.998442281584686
429	429	100	0.998431811302484	0.998418802210369	0.998444820394599
430	430	100	0.998433684678774	0.998420646917322	0.998446722440226
431	431	100	0.998435915375718	0.998422968446683	0.998448862304753
432	432	100	0.998438068518581	0.998425096767133	0.998451040270029
433	433	100	0.998440214553556	0.998427371008202	0.998453058098911
434	434	100	0.998442825497688	0.998429971484208	0.998455679511168
435	435	100	0.998444733236562	0.998431907412097	0.998457559061027
436	436	100	0.998446748523535	0.998433930501129	0.998459566545942
437	437	100	0.998448983409061	0.998436070913596	0.998461895904526
438	438	100	0.998451087546755	0.998438260099078	0.998463914994432
439	439	100	0.998453466124916	0.998440682457658	0.998466249792175
440	440	100	0.998455681635692	0.998442988919248	0.998468374352136
441	441	100	0.998458327394524	0.99844556503123	0.998471089757819
442	442	100	0.998460022126434	0.998447262967234	0.998472781285634
443	443	100	0.998462655671151	0.998449997547441	0.998475313794861
444	444	100	0.998464894488554	0.998452201550611	0.998477587426496
445	445	100	0.998467311693798	0.998454563645075	0.998480059742521
446	446	100	0.998469752279769	0.998456951831719	0.99848255272782
447	447	100	0.998471558954443	0.998458679269169	0.998484438639716
448	448	100	0.998473331465316	0.998460508971922	0.998486153958709
449	449	100	0.998475500649046	0.998462715968211	0.998488285329882
450	450	100	0.998477207189948	0.998464344864646	0.998490069515249
451	451	100	0.998478808910961	0.998465912931698	0.998491704890223
452	452	100	0.998480898896435	0.998467998586438	0.998493799206433
453	453	100	0.998482922755846	0.998470032524063	0.998495812987628
454	454	100	0.998485245914748	0.998472467196673	0.998498024632823
455	455	100	0.998487338777112	0.998474586139882	0.998500091414343
456	456	100	0.998489597404756	0.998476935476588	0.998502259332925
457	457	100	0.998492106987963	0.998479453542761	0.998504760433165
458	458	100	0.998494157764963	0.998481509796779	0.998506805733147
459	459	100	0.998496134533026	0.998483483878157	0.998508785187895
460	460	100	0.998498035184775	0.99848535318773	0.998510717181821
461	461	100	0.998500092866604	0.998487473168353	0.998512712564855
462	462	100	0.998502457643106	0.998489880421769	0.998515034864442
463	463	100	0.998504176728471	0.998491579381009	0.998516774075934
464	464	100	0.99850606497204	0.998493488993441	0.998518640950639
465	465	100	0.998508643956019	0.998495999408313	0.998521288503726
466	466	100	0.998510269811971	0.998497620593312	0.998522919030629
467	467	100	0.998512314119211	0.998499701319603	0.998524926918818
468	468	100	0.998514800657166	0.998502268622711	0.998527332691621
469	469	100	0.998517527761817	0.998505147792132	0.998529907731502
470	470	100	0.99851981376004	0.998507446741617	0.998532180778463
471	471	100	0.998521701286549	0.998509412997007	0.99853398957609
472	472	100	0.998523745795271	0.99851148012845	0.998536011462092
473	473	100	0.998526006715242	0.998513716545309	0.998538296885176
474	474	100	0.998528109988913	0.998515813271204	0.998540406706623
475	475	100	0.998530161041151	0.998517754607128	0.998542567475173
476	476	100	0.998531971475222	0.998519559354839	0.998544383595604
477	477	100	0.998534007522835	0.998521591868484	0.998546423177186
478	478	100	0.998535900448503	0.998523443530873	0.998548357366134
479	479	100	0.998537705661802	0.998525378354224	0.99855003296938
480	480	100	0.99853951385456	0.998527259065681	0.998551768643438
481	481	100	0.998541663712964	0.998529391344567	0.998553936081361
482	482	100	0.998543114171832	0.998530902360706	0.998555325982957
483	483	100	0.998545484099438	0.998533321096295	0.998557647102581
484	484	100	0.998547649853336	0.998535579178189	0.998559720528482
485	485	100	0.99854992605	0.998537962194373	0.998561889905627
486	486	100	0.998552139231027	0.998540095553002	0.998564182909052
487	487	100	0.99855418176032	0.998542077522559	0.998566285998082
488	488	100	0.99855596856983	0.998543875577816	0.998568061561843
489	489	100	0.998557774103562	0.998545686420724	0.9985698617864
490	490	100	0.998559923603753	0.998547847325366	0.99857199988214
491	491	100	0.998561636086254	0.998549545655069	0.99857372651744
492	492	100	0.998563238099455	0.99855117932972	0.99857529686919
493	493	100	0.998565181550296	0.99855313490129	0.998577228199302
494	494	100	0.998567878539011	0.998555857939615	0.998579899138407
495	495	100	0.998569984981865	0.998558028696988	0.998581941266741
496	496	100	0.99857179344351	0.998559844106766	0.998583742780255
497	497	100	0.998573966359507	0.998562021029733	0.998585911689282
498	498	100	0.998575647671882	0.99856366481905	0.998587630524714
499	499	100	0.998577544767325	0.998565551787765	0.998589537746884
500	500	100	0.998579583906435	0.998567615626845	0.998591552186025
501	501	100	0.99858151129785	0.998569499969463	0.998593522626237
502	502	100	0.998583571966678	0.998571573085635	0.998595570847721
503	503	100	0.998585567033749	0.998573686984923	0.998597447082575
504	504	100	0.998587781996878	0.998575977291117	0.998599586702638
505	505	100	0.99859009700504	0.998578229770815	0.998601964239265
506	506	100	0.998592831677225	0.998580888531383	0.998604774823067
507	507	100	0.998594781122429	0.998582883831731	0.998606678413128
508	508	100	0.998596996902046	0.998585098594973	0.998608895209119
509	509	100	0.998599420493862	0.998587486688826	0.998611354298899
510	510	100	0.998601694649023	0.998589872185865	0.99861351711218
511	511	100	0.998603728745181	0.998591865005556	0.998615592484806
512	512	100	0.998605848494403	0.998594016154748	0.998617680834058
513	513	100	0.9986079495302	0.998596216327542	0.998619682732859
514	514	100	0.998609517249189	0.998597826672966	0.998621207825412
515	515	100	0.998611793881621	0.998600107091684	0.998623480671558
516	516	100	0.998614500015356	0.998602710846236	0.998626289184476
517	517	100	0.998616317686776	0.998604507705293	0.998628127668258
518	518	100	0.998618748323447	0.998606932216681	0.998630564430214
519	519	100	0.998620851176247	0.998609106952996	0.998632595399499
520	520	100	0.998622782645111	0.998610973527446	0.998634591762777
521	521	100	0.998625034569238	0.998613240313677	0.998636828824799
522	522	100	0.998626667282492	0.99861489484704	0.998638439717944
523	523	100	0.998628408463062	0.998616660174192	0.998640156751931
524	524	100	0.998630876975515	0.99861910633769	0.998642647613341
525	525	100	0.998633041091263	0.998621213778549	0.998644868403976
526	526	100	0.998634832264224	0.998623004634409	0.99864665989404
527	527	100	0.998636779071208	0.998624969949714	0.998648588192702
528	528	100	0.998638520758769	0.99862668882345	0.998650352694087
529	529	100	0.998640732129462	0.998628846006872	0.998652618252053
530	530	100	0.998642574098213	0.998630696901955	0.998654451294472
531	531	100	0.998644391648369	0.998632536579492	0.998656246717246
532	532	100	0.998646045096263	0.998634210195926	0.9986578799966
533	533	100	0.998648091749485	0.998636243824711	0.998659939674258
534	534	100	0.998649991388655	0.998638218194015	0.998661764583294
535	535	100	0.998651780399135	0.998640029950216	0.998663530848054
536	536	100	0.99865392785725	0.998642142968376	0.998665712746123
537	537	100	0.998655772461152	0.998644084578342	0.998667460343962
538	538	100	0.998657861957108	0.998646106438312	0.998669617475904
539	539	100	0.998659970457165	0.998648121193702	0.998671819720628
540	540	100	0.998661933576392	0.998650068789507	0.998673798363276
541	541	100	0.998664321582829	0.998652540111751	0.998676103053907
542	542	100	0.998666406894181	0.998654698484249	0.998678115304113
543	543	100	0.998668484479639	0.998656749649408	0.99868021930987
544	544	100	0.998670187316467	0.99865840521576	0.998681969417174
545	545	100	0.998672025622904	0.998660343469217	0.998683707776591
546	546	100	0.998673745935325	0.998662079646365	0.998685412224286
547	547	100	0.998675650749093	0.998663908017849	0.998687393480336
548	548	100	0.998677426382677	0.998665705926611	0.998689146838743
549	549	100	0.998679462519257	0.998667794090387	0.998691130948126
550	550	100	0.998681415380432	0.998669737680713	0.998693093080152
551	551	100	0.998683170928275	0.998671531130936	0.998694810725615
552	552	100	0.998685480165297	0.998673798225432	0.998697162105162
553	553	100	0.998687645605221	0.998675934360538	0.998699356849903
554	554	100	0.998689776399586	0.998678057685667	0.998701495113505
555	555	100	0.998691882420338	0.998680106222553	0.998703658618123
556	556	100	0.998694067286522	0.998682285385588	0.998705849187456
557	557	100	0.998696223696293	0.998684396603875	0.998708050788711
558	558	100	0.998698238088652	0.998686550285863	0.998709925891442
559	559	100	0.998700159214125	0.998688357792477	0.998711960635773
560	560	100	0.998702467212531	0.998690709286781	0.998714225138281
561	561	100	0.99870446247474	0.998692770821317	0.998716154128162
562	562	100	0.998705987168154	0.998694305525449	0.99871766881086
563	563	100	0.998707866721576	0.99869621256287	0.998719520880282
564	564	100	0.998709649213687	0.998698027297114	0.998721271130261
565	565	100	0.998711541051268	0.998699957871003	0.998723124231533
566	566	100	0.998713670903665	0.998702122289855	0.998725219517475
567	567	100	0.998715377329312	0.998703897483714	0.99872685717491
568	568	100	0.998717522854198	0.998706126015992	0.998728919692403
569	569	100	0.998719222642546	0.998707886243116	0.998730559041976
570	570	100	0.998721230931977	0.998709899102569	0.998732562761385
571	571	100	0.998723525978074	0.998712196197238	0.998734855758911
572	572	100	0.998725370602789	0.99871407862778	0.998736662577799
573	573	100	0.998727209912234	0.998715962943265	0.998738456881204
574	574	100	0.998729296685704	0.998718030631423	0.998740562739985
575	575	100	0.998731314260247	0.998720062720698	0.998742565799795
576	576	100	0.998733166134192	0.998722009925822	0.998744322342563
577	577	100	0.998735387187062	0.998724254275978	0.998746520098146
578	578	100	0.998737384564033	0.998726286152335	0.99874848297573
579	579	100	0.998739195846703	0.998728144215779	0.998750247477627
580	580	100	0.998740977450544	0.998729975933034	0.998751978968053
581	581	100	0.998742461790349	0.998731488174618	0.99875343540608
582	582	100	0.99874468829792	0.998733720788177	0.998755655807663
583	583	100	0.998746231125943	0.998735303246511	0.998757159005376
584	584	100	0.998747814568529	0.998736914961497	0.99875871417556
585	585	100	0.998750189706056	0.998739345598088	0.998761033814025
586	586	100	0.998752411088453	0.99874153386259	0.998763288314315
587	587	100	0.998754183153847	0.998743329264813	0.998765037042881
588	588	100	0.998756630517013	0.998745843169399	0.998767417864627
589	589	100	0.998758269112664	0.998747433660107	0.998769104565222
590	590	100	0.998760356972981	0.998749572472501	0.99877114147346
591	591	100	0.998762460438529	0.998751622144075	0.998773298732982
592	592	100	0.998764556048329	0.998753685462994	0.998775426633664
593	593	100	0.998766358557465	0.998755438017384	0.998777279097546
594	594	100	0.998768576402702	0.998757650251629	0.998779502553775
595	595	100	0.998770650329794	0.998759720163816	0.998781580495772
596	596	100	0.99877260196098	0.998761630290493	0.998783573631466
597	597	100	0.998774444673345	0.998763408913568	0.998785480433122
598	598	100	0.998776251780108	0.998765283140711	0.998787220419505
599	599	100	0.998777922595284	0.998767051827035	0.998788793363532
600	600	100	0.998779161360451	0.998768231209822	0.99879009151108
601	601	100	0.998780639988733	0.998769737199839	0.998791542777626
602	602	100	0.99878277334853	0.998771819743494	0.998793726953565
603	603	100	0.998785256661426	0.998774293395751	0.998796219927101
604	604	100	0.998786920144673	0.998775979897605	0.99879786039174
605	605	100	0.998789491531418	0.998778632288355	0.998800350774481
606	606	100	0.998791466333867	0.998780557944829	0.998802374722904
607	607	100	0.998793077320468	0.998782115178596	0.998804039462339
608	608	100	0.998795166062384	0.99878429239359	0.998806039731178
609	609	100	0.998797070919546	0.998786271351248	0.998807870487843
610	610	100	0.998798826675556	0.998788045563863	0.998809607787248
611	611	100	0.998800403408473	0.998789663226789	0.998811143590157
612	612	100	0.998802330343436	0.998791607971503	0.99881305271537
613	613	100	0.99880430867632	0.998793660890173	0.998814956462466
614	614	100	0.998806541349793	0.998795837951309	0.998817244748277
615	615	100	0.998808200104442	0.998797495353629	0.998818904855254
616	616	100	0.998810146531195	0.998799463335539	0.998820829726851
617	617	100	0.998812544505731	0.998801772461406	0.998823316550057
618	618	100	0.998814655366019	0.99880395063257	0.998825360099468
619	619	100	0.998816728773363	0.998805975606496	0.998827481940231
620	620	100	0.998818649592033	0.998807992800164	0.998829306383903
621	621	100	0.998820498452792	0.998809920944298	0.998831075961286
622	622	100	0.998822562100577	0.998812076030215	0.998833048170938
623	623	100	0.998824743966964	0.998814269066973	0.998835218866954
624	624	100	0.99882664793085	0.998816071278973	0.998837224582728
625	625	100	0.998828282736947	0.998817701529026	0.998838863944869
626	626	100	0.998830085919588	0.998819532028518	0.998840639810659
627	627	100	0.998831786882111	0.998821150903002	0.99884242286122
628	628	100	0.998833258839406	0.998822723900058	0.998843793778754
629	629	100	0.998835177324732	0.998824606819579	0.998845747829885
630	630	100	0.998837258340349	0.998826811947411	0.998847704733287
631	631	100	0.998839399630249	0.99882891597536	0.998849883285138
632	632	100	0.998841431054753	0.998830955421578	0.998851906687928
633	633	100	0.998843322192577	0.998832785133933	0.99885385925122
634	634	100	0.998845017502973	0.998834399776494	0.998855635229452
635	635	100	0.998846871777177	0.998836246109292	0.998857497445062
636	636	100	0.998848603647519	0.998837975640555	0.998859231654482
637	637	100	0.998850159373221	0.998839555948224	0.998860762798218
638	638	100	0.998851747073956	0.998841103824504	0.998862390323409
639	639	100	0.998853636270445	0.998842926412729	0.99886434612816
640	640	100	0.998855325724752	0.998844646374591	0.998866005074914
641	641	100	0.998857068391833	0.998846399640474	0.998867737143193
642	642	100	0.99885861484579	0.998847912133531	0.998869317558049
643	643	100	0.998860092869932	0.998849420615792	0.998870765124071
644	644	100	0.998862098987111	0.998851486434632	0.998872711539589
645	645	100	0.998863964037264	0.998853416391169	0.998874511683358
646	646	100	0.998866009309575	0.998855411752649	0.998876606866501
647	647	100	0.99886774475556	0.998857132646875	0.998878356864246
648	648	100	0.998869169906469	0.998858576946924	0.998879762866015
649	649	100	0.998870739082519	0.998860153712213	0.998881324452824
650	650	100	0.998872787521348	0.998862133551869	0.998883441490827
651	651	100	0.998874794984042	0.998864060621061	0.998885529347023
652	652	100	0.998876549963147	0.99886589363921	0.998887206287083
653	653	100	0.998878301110508	0.998867608900433	0.998888993320582
654	654	100	0.998880085177141	0.998869417529659	0.998890752824623
655	655	100	0.99888174901002	0.998871153221818	0.998892344798222
656	656	100	0.998883561306669	0.998872974188931	0.998894148424407
657	657	100	0.998885609192291	0.998874994997071	0.998896223387511
658	658	100	0.99888761270639	0.99887696808594	0.998898257326841
659	659	100	0.998889403035637	0.998878729166717	0.998900076904556
660	660	100	0.998891361022423	0.998880709592965	0.99890201245188
661	661	100	0.998893060099327	0.9988824766041	0.998903643594554
662	662	100	0.998894660596949	0.998884138955961	0.998905182237938
663	663	100	0.998896546285421	0.998886093447342	0.9989069991235
664	664	100	0.998898351905767	0.998887885495956	0.998908818315578
665	665	100	0.998900208576864	0.998889703320022	0.998910713833706
666	666	100	0.998902154695931	0.998891749669782	0.99891255972208
667	667	100	0.998904184419164	0.998893749410322	0.998914619428005
668	668	100	0.998906086465265	0.99889564371803	0.998916529212499
669	669	100	0.998907895938489	0.998897432570683	0.998918359306295
670	670	100	0.998909759471834	0.998899253739177	0.99892026520449
671	671	100	0.998911291170383	0.998900844151176	0.99892173818959
672	672	100	0.998912492857228	0.998902066163934	0.998922919550523
673	673	100	0.998914495745782	0.998904071576499	0.998924919915064
674	674	100	0.998916401337224	0.998905957058492	0.998926845615957
675	675	100	0.998918244211545	0.99890782433398	0.99892866408911
676	676	100	0.99891985846226	0.998909419946045	0.998930296978475
677	677	100	0.998921846004983	0.998911401031451	0.998932290978514
678	678	100	0.998923672661857	0.998913209845328	0.998934135478385
679	679	100	0.998925159494812	0.99891465574818	0.998935663241445
680	680	100	0.998927147283751	0.998916563732324	0.998937730835179
681	681	100	0.99892863477235	0.998918129091116	0.998939140453585
682	682	100	0.99893058345832	0.998920127212044	0.998941039704596
683	683	100	0.998932392080776	0.998921936656961	0.99894284750459
684	684	100	0.998934256349236	0.998923865085579	0.998944647612893
685	685	100	0.998936500404338	0.998926092372828	0.998946908435849
686	686	100	0.998938812995253	0.998928465868721	0.998949160121784
687	687	100	0.998941166175354	0.998930834627154	0.998951497723554
688	688	100	0.998943188340721	0.99893276944616	0.998953607235282
689	689	100	0.998944717810693	0.998934310729904	0.998955124891483
690	690	100	0.998946388617946	0.998936025634151	0.998956751601741
691	691	100	0.998947769508401	0.998937382121384	0.998958156895419
692	692	100	0.998949588469874	0.998939300545859	0.998959876393889
693	693	100	0.998951393315652	0.998941173212595	0.99896161341871
694	694	100	0.998953033199452	0.998942874590796	0.998963191808108
695	695	100	0.99895509724635	0.998944987862146	0.998965206630555
696	696	100	0.998957187032401	0.998947086233177	0.998967287831625
697	697	100	0.998959450731945	0.998949433330569	0.998969468133321
698	698	100	0.998961029858514	0.998951053296758	0.99897100642027
699	699	100	0.998962479808915	0.998952556781236	0.998972402836593
700	700	100	0.998964085667614	0.998954222560896	0.998973948774332
701	701	100	0.998965717822641	0.998955859806234	0.998975575839049
702	702	100	0.998967510961207	0.998957797339002	0.998977224583413
703	703	100	0.998969648451234	0.998959917924821	0.998979378977646
704	704	100	0.998971399170403	0.998961711677552	0.998981086663255
705	705	100	0.99897281377111	0.998963111016631	0.99898251652559
706	706	100	0.99897449327451	0.998964844402759	0.99898414214626
707	707	100	0.998976243335777	0.998966597322092	0.998985889349461
708	708	100	0.998977641997479	0.99896799390395	0.998987290091008
709	709	100	0.998979725698423	0.998969991059796	0.998989460337049
710	710	100	0.998981125485605	0.998971413706595	0.998990837264616
711	711	100	0.998983324165062	0.998973593822195	0.998993054507928
712	712	100	0.99898521606876	0.998975412566914	0.998995019570606
713	713	100	0.99898663146966	0.998976848082883	0.998996414856437
714	714	100	0.998988249851222	0.99897848544107	0.998998014261375
715	715	100	0.998990068914153	0.998980305552595	0.998999832275711
716	716	100	0.998991704713166	0.998981942203321	0.99900146722301
717	717	100	0.998993455446374	0.99898361916502	0.999003291727727
718	718	100	0.998995407981343	0.998985637160406	0.99900517880228
719	719	100	0.998997063548153	0.998987323817481	0.999006803278825
720	720	100	0.998999306399596	0.998989670154206	0.999008942644987
721	721	100	0.999001420237899	0.998991712888235	0.999011127587563
722	722	100	0.999003152334225	0.998993446465483	0.999012858202968
723	723	100	0.999005161887466	0.998995414501581	0.999014909273352
724	724	100	0.999007056916332	0.998997318513336	0.999016795319328
725	725	100	0.999008767655635	0.998999047018973	0.999018488292296
726	726	100	0.999010866106143	0.999001213124336	0.999020519087949
727	727	100	0.999012214048693	0.999002623724133	0.999021804373253
728	728	100	0.999014110026737	0.999004479916542	0.999023740136931
729	729	100	0.999016089976831	0.999006493470014	0.999025686483648
730	730	100	0.99901812941502	0.999008619000655	0.999027639829384
731	731	100	0.999019782616798	0.999010306049526	0.999029259184069
732	732	100	0.999021757978551	0.999012257982776	0.999031257974326
733	733	100	0.999024075727382	0.999014586485959	0.999033564968805
734	734	100	0.99902571171685	0.999016216798976	0.999035206634723
735	735	100	0.999027258837433	0.999017694273642	0.999036823401223
736	736	100	0.99902867863714	0.999019121974753	0.999038235299527
737	737	100	0.999030069196514	0.999020565683016	0.999039572710011
738	738	100	0.999032029933142	0.999022523337335	0.99904153652895
739	739	100	0.999033434141313	0.999023948042748	0.999042920239877
740	740	100	0.999034777384467	0.999025323395696	0.999044231373239
741	741	100	0.999036285045197	0.999026812075484	0.999045758014909
742	742	100	0.999038142874848	0.999028672652589	0.999047613097107
743	743	100	0.999040059041153	0.999030532796985	0.99904958528532
744	744	100	0.99904175672278	0.999032231719016	0.999051281726544
745	745	100	0.999043443487638	0.999033878768873	0.999053008206404
746	746	100	0.999045040206163	0.99903542804781	0.999054652364516
747	747	100	0.999046520940181	0.99903687226195	0.999056169618411
748	748	100	0.999048518205403	0.999038953203214	0.999058083207591
749	749	100	0.999050266618911	0.999040768354054	0.999059764883767
750	750	100	0.999051879686056	0.999042385238282	0.999061374133829
751	751	100	0.999053888711381	0.999044458821715	0.999063318601047
752	752	100	0.999055443931979	0.9990460759687	0.999064811895257
753	753	100	0.999057353147777	0.99904806607974	0.999066640215814
754	754	100	0.999059020112519	0.99904979589142	0.999068244333619
755	755	100	0.999060991467366	0.999051759619254	0.999070223315478
756	756	100	0.999062445408756	0.999053214524105	0.999071676293407
757	757	100	0.999064062596515	0.999054842632248	0.999073282560781
758	758	100	0.999065565184855	0.999056454943978	0.999074675425732
759	759	100	0.99906730462514	0.99905822780043	0.999076381449849
760	760	100	0.999068877010489	0.999059801763174	0.999077952257804
761	761	100	0.999070550536939	0.999061559300849	0.999079541773028
762	762	100	0.999072514460719	0.999063460896382	0.999081568025056
763	763	100	0.999074197689434	0.999065164617103	0.999083230761765
764	764	100	0.999075906126014	0.999066884000579	0.999084928251449
765	765	100	0.999077601747292	0.999068607059587	0.999086596434997
766	766	100	0.999079321670451	0.999070349707459	0.999088293633443
767	767	100	0.999081199666945	0.999072281595675	0.999090117738215
768	768	100	0.999082750430769	0.999073921632268	0.99909157922927
769	769	100	0.999084417824243	0.999075654080814	0.999093181567672
770	770	100	0.99908616202192	0.999077467509859	0.999094856533981
771	771	100	0.999087726457924	0.999079043279708	0.99909640963614
772	772	100	0.999089553994395	0.999080934452277	0.999098173536513
773	773	100	0.999090836207833	0.999082187707394	0.999099484708271
774	774	100	0.999092507323821	0.999083970955899	0.999101043691744
775	775	100	0.999094377112676	0.999085859344332	0.999102894881021
776	776	100	0.999095671914551	0.999087118101182	0.999104225727919
777	777	100	0.999097270995956	0.999088754584334	0.999105787407577
778	778	100	0.999098939798495	0.999090416064019	0.999107463532971
779	779	100	0.999100431314653	0.999091937092819	0.999108925536486
780	780	100	0.999102293712804	0.999093875581541	0.999110711844066
781	781	100	0.999103968799768	0.999095549571113	0.999112388028424
782	782	100	0.999105909319605	0.999097522143906	0.999114296495304
783	783	100	0.999108082501234	0.999099756066591	0.999116408935876
784	784	100	0.999109811678516	0.999101513678612	0.999118109678419
785	785	100	0.999111461613321	0.999103155389282	0.999119767837359
786	786	100	0.999113194070009	0.99910489315296	0.999121494987059
787	787	100	0.999114811271021	0.999106500089995	0.999123122452046
788	788	100	0.999116581342706	0.999108421527978	0.999124741157435
789	789	100	0.999118506583348	0.999110375600665	0.999126637566032
790	790	100	0.999119965551213	0.999111826366519	0.999128104735906
791	791	100	0.999121495079753	0.999113294548411	0.999129695611094
792	792	100	0.999122917671341	0.999114749025505	0.999131086317177
793	793	100	0.999124524847135	0.999116312041942	0.999132737652328
794	794	100	0.999126194502379	0.999117984739876	0.999134404264881
795	795	100	0.999128130206455	0.999119927167474	0.999136333245435
796	796	100	0.99913027949959	0.999122050997183	0.999138508001998
797	797	100	0.999131825530143	0.9991236323082	0.999140018752085
798	798	100	0.999133337215736	0.999125224197453	0.99914145023402
799	799	100	0.999135203642269	0.999127088544114	0.999143318740424
800	800	100	0.999136810633404	0.999128725663556	0.999144895603252
801	801	100	0.999138338574961	0.999130227024092	0.999146450125831
802	802	100	0.999139838752392	0.999131764883667	0.999147912621116
803	803	100	0.999141398034619	0.999133367521091	0.999149428548148
804	804	100	0.999143030706254	0.999135013896901	0.999151047515607
805	805	100	0.999144908210064	0.99913689440342	0.999152922016709
806	806	100	0.999147033237123	0.999139035851602	0.999155030622644
807	807	100	0.999148425075451	0.999140348196928	0.999156501953974
808	808	100	0.999150264335822	0.999142209147193	0.999158319524451
809	809	100	0.999151905304773	0.999143952387059	0.999159858222488
810	810	100	0.999153755302178	0.999145979400012	0.999161531204345
811	811	100	0.999155723624153	0.999147943471819	0.999163503776487
812	812	100	0.999157446965978	0.999149619404674	0.999165274527282
813	813	100	0.999159817976236	0.999152046586457	0.999167589366015
814	814	100	0.999161375346654	0.999153625293711	0.999169125399597
815	815	100	0.999162569435144	0.999154802411584	0.999170336458705
816	816	100	0.999164581518744	0.999156839560665	0.999172323476824
817	817	100	0.999166189733982	0.999158515087083	0.999173864380881
818	818	100	0.999168069790724	0.999160489639403	0.999175649942045
819	819	100	0.999169726098613	0.999162062630964	0.999177389566262
820	820	100	0.999171148692647	0.999163477232129	0.999178820153166
821	821	100	0.999172983112749	0.999165399023683	0.999180567201815
822	822	100	0.99917439209974	0.999166802779859	0.999181981419621
823	823	100	0.999175885269925	0.999168288574218	0.999183481965632
824	824	100	0.999177813139669	0.999170198525012	0.999185427754327
825	825	100	0.999179409757513	0.999171819470691	0.999187000044336
826	826	100	0.999181186196406	0.999173534703163	0.99918883768965
827	827	100	0.999182758577592	0.999175034637826	0.999190482517358
828	828	100	0.999184066258126	0.999176408594538	0.999191723921714
829	829	100	0.999185766920654	0.999178067412963	0.999193466428344
830	830	100	0.999187737318341	0.999180089869816	0.999195384766866
831	831	100	0.999189234869085	0.999181643474486	0.999196826263684
832	832	100	0.999191300179626	0.999183757403334	0.999198842955917
833	833	100	0.999192584303978	0.999184995606254	0.999200173001701
834	834	100	0.999194148445648	0.999186529360004	0.999201767531291
835	835	100	0.999195708439866	0.999188088156708	0.999203328723024
836	836	100	0.999197368467403	0.999189734762795	0.99920500217201
837	837	100	0.999198966199008	0.999191263800223	0.999206668597793
838	838	100	0.999200977829856	0.999193182130583	0.999208773529129
839	839	100	0.999202246894764	0.999194478608865	0.999210015180664
840	840	100	0.999203743033738	0.999195987248396	0.99921149881908
841	841	100	0.999205540518074	0.999197735807869	0.999213345228279
842	842	100	0.999207353527544	0.99919958085009	0.999215126204998
843	843	100	0.999208978652595	0.99920130476431	0.99921665254088
844	844	100	0.999210862158291	0.999203111715293	0.999218612601289
845	845	100	0.999212495526964	0.999204816230125	0.999220174823803
846	846	100	0.99921440051139	0.999206693875148	0.999222107147632
847	847	100	0.999216336471991	0.999208620488534	0.999224052455447
848	848	100	0.999217815166599	0.999210040568033	0.999225589765166
849	849	100	0.999219530611732	0.999211803085471	0.999227258137993
850	850	100	0.999221309039633	0.999213528240769	0.999229089838497
851	851	100	0.99922305497173	0.99921530863536	0.9992308013081
852	852	100	0.99922468600175	0.99921686466903	0.999232507334469
853	853	100	0.999226564340096	0.999218911695819	0.999234216984372
854	854	100	0.999228361124817	0.999220750540761	0.999235971708874
855	855	100	0.99923033758342	0.999222741034321	0.99923793413252
856	856	100	0.999232423631472	0.999224877485368	0.999239969777576
857	857	100	0.999233956005424	0.99922637212016	0.999241539890687
858	858	100	0.99923536554478	0.999227741503245	0.999242989586315
859	859	100	0.999236941900102	0.999229317282182	0.999244566518023
860	860	100	0.99923847508743	0.999230860582348	0.999246089592511
861	861	100	0.999239668117945	0.999232037339992	0.999247298895899
862	862	100	0.999241306049929	0.999233678997375	0.999248933102483
863	863	100	0.999243429260343	0.99923575313261	0.999251105388075
864	864	100	0.99924515185824	0.999237398116596	0.999252905599885
865	865	100	0.999246959004768	0.999239205548906	0.99925471246063
866	866	100	0.999248260118688	0.999240499455549	0.999256020781827
867	867	100	0.999249798618922	0.999242028446855	0.999257568790988
868	868	100	0.999251272514511	0.999243459813308	0.999259085215714
869	869	100	0.999252673388967	0.999244859523296	0.999260487254637
870	870	100	0.999254272074076	0.999246451048695	0.999262093099456
871	871	100	0.999256049594956	0.999248237027183	0.999263862162729
872	872	100	0.99925774144708	0.999249957086288	0.999265525807871
873	873	100	0.999259644136443	0.999251941534884	0.999267346738002
874	874	100	0.999261134602023	0.999253429102701	0.999268840101346
875	875	100	0.999262460346432	0.999254772353781	0.999270148339084
876	876	100	0.999263997355961	0.999256325943992	0.99927166876793
877	877	100	0.999265348132319	0.9992576346122	0.999273061652439
878	878	100	0.999267188260791	0.999259476719016	0.999274899802565
879	879	100	0.999268686310086	0.999261016391091	0.99927635622908
880	880	100	0.999270263593029	0.999262488797733	0.999278038388326
881	881	100	0.999271927339051	0.999264143440601	0.9992797112375
882	882	100	0.999273417791867	0.999265607282256	0.999281228301477
883	883	100	0.999275131842175	0.999267398326483	0.999282865357867
884	884	100	0.99927697343175	0.999269352900936	0.999284593962565
885	885	100	0.999278693335227	0.999271087505205	0.999286299165249
886	886	100	0.999280470780078	0.999272940770686	0.999288000789469
887	887	100	0.999281750124681	0.999274266369112	0.999289233880251
888	888	100	0.999283175750557	0.999275707688361	0.999290643812752
889	889	100	0.999284959166318	0.999277478637165	0.999292439695471
890	890	100	0.999286723659193	0.999279224787116	0.99929422253127
891	891	100	0.999288064924124	0.999280565015785	0.999295564832463
892	892	100	0.999290083340442	0.999282642385392	0.999297524295493
893	893	100	0.999291750219462	0.999284309265201	0.999299191173723
894	894	100	0.999293126461623	0.999285678549814	0.999300574373432
895	895	100	0.999294640750484	0.999287286545534	0.999301994955434
896	896	100	0.999296183868492	0.999288912634621	0.999303455102362
897	897	100	0.999297699411768	0.999290413896043	0.999304984927492
898	898	100	0.999299038075286	0.999291854089606	0.999306222060966
899	899	100	0.99930057527512	0.999293444645128	0.999307705905113
900	900	100	0.999302533870884	0.99929542609164	0.999309641650127
901	901	100	0.99930412079307	0.999296981799813	0.999311259786327
902	902	100	0.999305659296635	0.999298481863023	0.999312836730248
903	903	100	0.999307491144863	0.99930040877679	0.999314573512936
904	904	100	0.999308921937588	0.999301966402978	0.999315877472199
905	905	100	0.999310356620065	0.99930343035821	0.999317282881919
906	906	100	0.999311823416253	0.99930487503665	0.999318771795857
907	907	100	0.999313259552618	0.999306295725806	0.999320223379429
908	908	100	0.999314975899605	0.999308040781325	0.999321911017885
909	909	100	0.999316669830773	0.999309731318541	0.999323608343006
910	910	100	0.999318152453288	0.999311220186827	0.999325084719749
911	911	100	0.99931995932882	0.999313098843958	0.999326819813682
912	912	100	0.999321822743759	0.999314998961249	0.99932864652627
913	913	100	0.999323128374891	0.999316300907004	0.999329955842777
914	914	100	0.9993243880306	0.999317570619219	0.999331205441982
915	915	100	0.999325904212066	0.999319009906178	0.999332798517955
916	916	100	0.999327416857792	0.999320529266979	0.999334304448605
917	917	100	0.999328520154397	0.999321621543363	0.999335418765432
918	918	100	0.999330293183551	0.999323398423534	0.999337187943567
919	919	100	0.999331374542231	0.99932449469793	0.999338254386532
920	920	100	0.999332949574125	0.999326030728464	0.999339868419785
921	921	100	0.999334900756444	0.999327860892058	0.99934194062083
922	922	100	0.999336498330612	0.999329418956088	0.999343577705135
923	923	100	0.999338079260127	0.999331099717306	0.999345058802948
924	924	100	0.999339584281961	0.999332619326746	0.999346549237176
925	925	100	0.999341111400063	0.999334177643247	0.999348045156878
926	926	100	0.999342373715275	0.999335404579599	0.99934934285095
927	927	100	0.999343904409742	0.999336896069809	0.999350912749674
928	928	100	0.999345337443542	0.999338280160298	0.999352394726786
929	929	100	0.999347168120803	0.99934019257235	0.999354143669257
930	930	100	0.999349143685344	0.999342242762396	0.999356044608292
931	931	100	0.999350916290246	0.999344023679199	0.999357808901293
932	932	100	0.999352337539374	0.99934556662876	0.999359108449987
933	933	100	0.999354222472547	0.999347459580885	0.999360985364208
934	934	100	0.99935633966544	0.999349493372068	0.999363185958811
935	935	100	0.99935780263118	0.999350922047267	0.999364683215092
936	936	100	0.999358844939428	0.999352003542015	0.999365686336841
937	937	100	0.999360177652554	0.999353319498317	0.99936703580679
938	938	100	0.999361579684559	0.999354767716376	0.999368391652741
939	939	100	0.999363031329652	0.999356218765577	0.999369843893727
940	940	100	0.999364479770394	0.999357679098704	0.999371280442084
941	941	100	0.999366509735364	0.999359676093901	0.999373343376827
942	942	100	0.99936811695877	0.999361302797267	0.999374931120272
943	943	100	0.999369699478259	0.999362863780927	0.99937653517559
944	944	100	0.999371071329866	0.999364257083739	0.999377885575992
945	945	100	0.999372718976212	0.999366029937718	0.999379408014705
946	946	100	0.999374591820196	0.999367854871781	0.999381328768611
947	947	100	0.999376168441108	0.999369457944044	0.999382878938172
948	948	100	0.999377338759237	0.999370634977949	0.999384042540525
949	949	100	0.999378932077939	0.999372216524044	0.999385647631834
950	950	100	0.999380180377245	0.999373453322264	0.999386907432226
951	951	100	0.999381523108003	0.999374836787541	0.999388209428464
952	952	100	0.999382765696968	0.999376071830783	0.999389459563154
953	953	100	0.999384366451689	0.99937767204591	0.999391060857467
954	954	100	0.99938592512755	0.999379214459525	0.999392635795576
955	955	100	0.99938739573829	0.999380722973003	0.999394068503578
956	956	100	0.999389105182315	0.999382465181674	0.999395745182956
957	957	100	0.999390935973121	0.999384266047613	0.999397605898629
958	958	100	0.999392831366132	0.999386234016639	0.999399428715625
959	959	100	0.999394366712159	0.99938777002969	0.999400963394628
960	960	100	0.999396053691937	0.999389413618242	0.999402693765632
961	961	100	0.999397843406772	0.99939118812098	0.999404498692564
962	962	100	0.999399290167625	0.999392713963555	0.999405866371695
963	963	100	0.999400904600008	0.999394266519466	0.999407542680551
964	964	100	0.999402406170769	0.999395730325706	0.999409082015833
965	965	100	0.999403847810618	0.999397172358625	0.99941052326261
966	966	100	0.999405695066033	0.999399031907473	0.999412358224592
967	967	100	0.999406971287343	0.99940029960765	0.999413642967036
968	968	100	0.999408560192906	0.999401886616096	0.999415233769717
969	969	100	0.999409917391907	0.999403227318403	0.999416607465411
970	970	100	0.999411246117591	0.999404556884655	0.999417935350526
971	971	100	0.999412855862224	0.999406180972932	0.999419530751515
972	972	100	0.999414438002567	0.999407785046717	0.999421090958418
973	973	100	0.99941580618192	0.999409129136733	0.999422483227108
974	974	100	0.999417534462902	0.999410821040764	0.999424247885039
975	975	100	0.999419100475718	0.999412415620561	0.999425785330874
976	976	100	0.99942063189304	0.999413973409511	0.999427290376569
977	977	100	0.99942204060496	0.999415420414215	0.999428660795706
978	978	100	0.999423556630092	0.99941693724382	0.999430176016364
979	979	100	0.999424829034719	0.999418236549829	0.999431421519609
980	980	100	0.99942621272464	0.999419695140158	0.999432730309123
981	981	100	0.999427487980939	0.999421049366149	0.999433926595729
982	982	100	0.999429261943411	0.999422833703004	0.999435690183818
983	983	100	0.999430773836951	0.999424269551351	0.99943727812255
984	984	100	0.999432420070726	0.999425929213903	0.999438910927549
985	985	100	0.999433702287267	0.999427203044229	0.999440201530305
986	986	100	0.999435447025936	0.99942882029967	0.999442073752201
987	987	100	0.999436769209508	0.999430194123753	0.999443344295264
988	988	100	0.999438342634881	0.999431762822339	0.999444922447424
989	989	100	0.999439973371512	0.999433390454005	0.999446556289018
990	990	100	0.999441217859922	0.999434588537911	0.999447847181934
991	991	100	0.999442554082455	0.999435979079217	0.999449129085693
992	992	100	0.999444622460859	0.999438076036014	0.999451168885705
993	993	100	0.999446033566366	0.999439509708706	0.999452557424026
994	994	100	0.999447619813904	0.999441070470023	0.999454169157785
995	995	100	0.999449112597793	0.999442586224804	0.999455638970781
996	996	100	0.999450349991836	0.99944379775914	0.999456902224532
997	997	100	0.999451626373713	0.999445085953297	0.999458166794128
998	998	100	0.999452951231661	0.999446443980903	0.99945945848242
999	999	100	0.999453948378406	0.999447402167482	0.999460494589329
1000	1000	100	0.999455516453208	0.999448918555292	0.999462114351123
1001	1001	100	0.999456873967749	0.999450356109941	0.999463391825558
1002	1002	100	0.999458373173482	0.999451871896104	0.999464874450859
1003	1003	100	0.999459520703279	0.999453021930181	0.999466019476378
1004	1004	100	0.999460865832341	0.999454445800387	0.999467285864294
1005	1005	100	0.999461970895148	0.999455558765374	0.999468383024922
1006	1006	100	0.999463388437852	0.999456997786933	0.999469779088771
1007	1007	100	0.999464886316783	0.999458467953329	0.999471304680238
1008	1008	100	0.999466342961755	0.999459939840945	0.999472746082564
1009	1009	100	0.999468059010059	0.999461727169625	0.999474390850493
1010	1010	100	0.999469720653761	0.999463526919879	0.999475914387643
1011	1011	100	0.999471260763721	0.99946511714724	0.999477404380202
1012	1012	100	0.999472720459273	0.999466648099334	0.999478792819212
1013	1013	100	0.999474116787445	0.999468096390469	0.999480137184421
1014	1014	100	0.999475486308644	0.999469473496376	0.999481499120911
1015	1015	100	0.999476919797913	0.999470861070202	0.999482978525624
1016	1016	100	0.999478423754299	0.999472371084117	0.99948447642448
1017	1017	100	0.999479565163157	0.999473532958607	0.999485597367707
1018	1018	100	0.999481195487073	0.99947510808848	0.999487282885665
1019	1019	100	0.99948231779744	0.999476179851702	0.999488455743177
1020	1020	100	0.999483976949777	0.999477895004849	0.999490058894705
1021	1021	100	0.999485205497892	0.99947919094492	0.999491220050864
1022	1022	100	0.999486401999109	0.999480386113186	0.999492417885032
1023	1023	100	0.999487804401266	0.999481832972862	0.99949377582967
1024	1024	100	0.999489572219328	0.999483600839404	0.999495543599252
1025	1025	100	0.99949107788165	0.999485175299643	0.999496980463657
1026	1026	100	0.999492589455786	0.999486714924211	0.999498463987362
1027	1027	100	0.999493917682528	0.999488100091016	0.99949973527404
1028	1028	100	0.999495377613091	0.999489589712359	0.999501165513822
1029	1029	100	0.99949676066052	0.999490925586319	0.99950259573472
1030	1030	100	0.999497944358443	0.999492062246358	0.999503826470528
1031	1031	100	0.999499199698823	0.999493331775725	0.999505067621921
1032	1032	100	0.999500806027702	0.99949499247122	0.999506619584184
1033	1033	100	0.99950202758009	0.999496230475382	0.999507824684798
1034	1034	100	0.999503191779043	0.99949742052928	0.999508963028807
1035	1035	100	0.999504746640222	0.999498958014834	0.99951053526561
1036	1036	100	0.999506102973841	0.999500243029372	0.99951196291831
1037	1037	100	0.999507600495477	0.999501730854361	0.999513470136593
1038	1038	100	0.999508879424305	0.999503051390641	0.99951470745797
1039	1039	100	0.999510414229279	0.999504671656624	0.999516156801933
1040	1040	100	0.999512111352391	0.999506429206195	0.999517793498586
1041	1041	100	0.999513053910326	0.999507416764609	0.999518691056042
1042	1042	100	0.999514328804672	0.999508668694375	0.99951998891497
1043	1043	100	0.999515651477671	0.999510078711803	0.999521224243538
1044	1044	100	0.999516805959556	0.999511317232569	0.999522294686543
1045	1045	100	0.999518284981266	0.999512829930291	0.999523740032241
1046	1046	100	0.999520107311814	0.999514703078471	0.999525511545157
1047	1047	100	0.999521814320698	0.999516432507708	0.999527196133689
1048	1048	100	0.999522687038833	0.999517305159227	0.999528068918438
1049	1049	100	0.999524062684763	0.999518632344766	0.999529493024759
1050	1050	100	0.999525317100207	0.999519937098697	0.999530697101718
1051	1051	100	0.999526729655104	0.999521373576899	0.999532085733308
1052	1052	100	0.999528591039351	0.999523262158484	0.999533919920218
1053	1053	100	0.999530265970873	0.999524883119497	0.999535648822249
1054	1054	100	0.999531854415253	0.99952645632693	0.999537252503576
1055	1055	100	0.999533540603562	0.999528106523011	0.999538974684113
1056	1056	100	0.999534943103875	0.999529447536624	0.999540438671127
1057	1057	100	0.999536355740274	0.99953086415238	0.999541847328169
1058	1058	100	0.99953788873779	0.999532412275885	0.999543365199695
1059	1059	100	0.999539503459975	0.999534012297135	0.999544994622815
1060	1060	100	0.999540621420872	0.999535092627733	0.999546150214012
1061	1061	100	0.999542259626548	0.999536634724692	0.999547884528404
1062	1062	100	0.999543587836671	0.999537994867923	0.99954918080542
1063	1063	100	0.999544940707949	0.999539367161035	0.999550514254863
1064	1064	100	0.999546311982783	0.999540773835325	0.999551850130242
1065	1065	100	0.999547512304271	0.999542004506688	0.999553020101854
1066	1066	100	0.999548958364011	0.999543493821468	0.999554422906553
1067	1067	100	0.999550480207537	0.999544918846004	0.99955604156907
1068	1068	100	0.999552199236644	0.999546638281811	0.999557760191477
1069	1069	100	0.999553395610863	0.999547792873636	0.99955899834809
1070	1070	100	0.999554879808875	0.999549305418929	0.999560454198821
1071	1071	100	0.999556345458039	0.999550763547005	0.999561927369073
1072	1072	100	0.999557882007404	0.999552247413879	0.999563516600928
1073	1073	100	0.999559562252726	0.999553890662007	0.999565233843445
1074	1074	100	0.999560841250062	0.999555219430645	0.999566463069478
1075	1075	100	0.999562010576988	0.999556369170171	0.999567651983806
1076	1076	100	0.999563647183655	0.999557909823548	0.999569384543762
1077	1077	100	0.999565434499706	0.999559783742401	0.999571085257012
1078	1078	100	0.999566631359395	0.999560993490169	0.999572269228621
1079	1079	100	0.999567984792464	0.999562334690775	0.999573634894153
1080	1080	100	0.999569201818772	0.999563559814728	0.999574843822816
1081	1081	100	0.999570319669312	0.999564655362893	0.999575983975731
1082	1082	100	0.999571827560174	0.999566204328129	0.999577450792218
1083	1083	100	0.99957292405605	0.999567279929066	0.999578568183033
1084	1084	100	0.999574128748574	0.999568530793257	0.999579726703892
1085	1085	100	0.999575150483036	0.999569536648199	0.999580764317872
1086	1086	100	0.999576324298837	0.99957070399609	0.999581944601585
1087	1087	100	0.999577552176304	0.999571910486468	0.999583193866141
1088	1088	100	0.999578873772228	0.999573231088424	0.999584516456032
1089	1089	100	0.999580072461163	0.999574431054954	0.999585713867373
1090	1090	100	0.999581215868536	0.999575569550746	0.999586862186326
1091	1091	100	0.999582792423874	0.999577177301934	0.999588407545814
1092	1092	100	0.9995842790088	0.999578682194972	0.999589875822629
1093	1093	100	0.999585213035085	0.999579619447376	0.999590806622794
1094	1094	100	0.999586288082348	0.999580679049472	0.999591897115224
1095	1095	100	0.999587771678744	0.999582234613612	0.999593308743876
1096	1096	100	0.99958918706946	0.999583667945382	0.999594706193539
1097	1097	100	0.999590451975644	0.999584962084379	0.999595941866909
1098	1098	100	0.99959209829052	0.999586740515611	0.999597456065429
1099	1099	100	0.999593370517766	0.999587986824072	0.99959875421146
1100	1100	100	0.999594439879208	0.999589086538968	0.999599793219449
1101	1101	100	0.999595707429068	0.999590360421697	0.999601054436438
1102	1102	100	0.999597025316969	0.999591738756684	0.999602311877253
1103	1103	100	0.999598624084429	0.999593306320151	0.999603941848707
1104	1104	100	0.999600324928773	0.999594968371703	0.999605681485844
1105	1105	100	0.999601690366083	0.999596290020447	0.999607090711718
1106	1106	100	0.999602782571499	0.999597407599065	0.999608157543934
1107	1107	100	0.999603926152521	0.999598571436901	0.999609280868141
1108	1108	100	0.999605549939024	0.999600193871205	0.999610906006844
1109	1109	100	0.999607017861013	0.999601713452975	0.999612322269052
1110	1110	100	0.999608252367258	0.999602907155941	0.999613597578576
1111	1111	100	0.999609955830712	0.999604660462242	0.999615251199182
1112	1112	100	0.99961112619095	0.999605855245047	0.999616397136854
1113	1113	100	0.999612347252331	0.999607051298837	0.999617643205825
1114	1114	100	0.999614132400726	0.999608961833534	0.999619302967918
1115	1115	100	0.999615533488777	0.999610345053175	0.999620721924378
1116	1116	100	0.999616722240324	0.999611539000945	0.999621905479704
1117	1117	100	0.999618188843172	0.999612978322115	0.999623399364229
1118	1118	100	0.999619514634658	0.999614332163938	0.999624697105377
1119	1119	100	0.999620608190961	0.999615414209756	0.999625802172164
1120	1120	100	0.999622285088604	0.999617093994939	0.999627476182268
1121	1121	100	0.999623543200335	0.99961839511877	0.9996286912819
1122	1122	100	0.999624935886035	0.999619737699247	0.999630134072824
1123	1123	100	0.999626367025048	0.999621178198771	0.999631555851326
1124	1124	100	0.999627703889613	0.999622489024094	0.999632918755131
1125	1125	100	0.999629129813305	0.999623973736029	0.999634285890582
1126	1126	100	0.999630595088716	0.999625445649738	0.999635744527693
1127	1127	100	0.999631844308806	0.999626710275156	0.999636978342456
1128	1128	100	0.999632903802117	0.999627750576095	0.999638057028139
1129	1129	100	0.999634240461917	0.999629027154249	0.999639453769586
1130	1130	100	0.999635306669875	0.999630111724323	0.999640501615426
1131	1131	100	0.999636735148387	0.999631545974266	0.999641924322509
1132	1132	100	0.999637964492911	0.999632782031333	0.999643146954488
1133	1133	100	0.999639024098994	0.999633871368756	0.999644176829231
1134	1134	100	0.99964062497322	0.99963545124838	0.999645798698059
1135	1135	100	0.999642144890346	0.999636973932847	0.999647315847844
1136	1136	100	0.999643295795491	0.999638144549518	0.999648447041464
1137	1137	100	0.999644517072913	0.999639416162823	0.999649617983003
1138	1138	100	0.999645810173333	0.999640723787519	0.999650896559146
1139	1139	100	0.99964694546628	0.999641926609884	0.999651964322675
1140	1140	100	0.999647853402526	0.999642843573113	0.999652863231939
1141	1141	100	0.999649155795953	0.999644182483635	0.999654129108272
1142	1142	100	0.999650376262731	0.99964540035247	0.999655352172991
1143	1143	100	0.999652094013588	0.999647147653188	0.999657040373987
1144	1144	100	0.999653330474488	0.999648406616331	0.999658254332645
1145	1145	100	0.999654714883786	0.999649806641976	0.999659623125597
1146	1146	100	0.999656002831834	0.999651076422545	0.999660929241122
1147	1147	100	0.999657329902031	0.999652320140962	0.999662339663099
1148	1148	100	0.999658941408774	0.999653951542009	0.99966393127554
1149	1149	100	0.999660262182369	0.99965531199769	0.999665212367048
1150	1150	100	0.999661403879444	0.999656508775271	0.999666298983616
1151	1151	100	0.999662832483382	0.999657943193878	0.999667721772886
1152	1152	100	0.9996640022973	0.999659075888193	0.999668928706407
1153	1153	100	0.999665504071148	0.999660616764684	0.999670391377613
1154	1154	100	0.999666718716751	0.99966181111638	0.999671626317122
1155	1155	100	0.999668166608334	0.999663233571911	0.999673099644757
1156	1156	100	0.999669282292802	0.999664352151402	0.999674212434201
1157	1157	100	0.999670898285297	0.999665961986771	0.999675834583822
1158	1158	100	0.999672113897514	0.999667157585727	0.999677070209301
1159	1159	100	0.999673748067404	0.999668751630498	0.999678744504309
1160	1160	100	0.999674850758869	0.999669853856247	0.999679847661491
1161	1161	100	0.999676073945611	0.999671161593115	0.999680986298108
1162	1162	100	0.999677256031563	0.99967237510552	0.999682136957606
1163	1163	100	0.999678974958091	0.999674043174564	0.999683906741619
1164	1164	100	0.99968038972746	0.999675460920062	0.999685318534859
1165	1165	100	0.999681700678771	0.999676768668785	0.999686632688756
1166	1166	100	0.999683185412141	0.999678212778602	0.999688158045679
1167	1167	100	0.999684482493092	0.999679527168655	0.999689437817529
1168	1168	100	0.999685762941965	0.999680856671143	0.999690669212787
1169	1169	100	0.999687081052465	0.999682180844228	0.999691981260703
1170	1170	100	0.999688465506182	0.999683594984162	0.999693336028202
1171	1171	100	0.999689593843784	0.999684678927486	0.999694508760083
1172	1172	100	0.999691024831447	0.999686141781818	0.999695907881075
1173	1173	100	0.999692448017187	0.999687623860332	0.999697272174042
1174	1174	100	0.999693469256562	0.999688632733245	0.999698305779878
1175	1175	100	0.999694868446004	0.999690037835276	0.999699699056731
1176	1176	100	0.99969628742445	0.999691480574385	0.999701094274514
1177	1177	100	0.999697738577901	0.999692920872782	0.99970255628302
1178	1178	100	0.999699182789605	0.999694385364397	0.999703980214812
1179	1179	100	0.999700694961698	0.999695948705813	0.999705441217584
1180	1180	100	0.999701865805767	0.999697131624267	0.999706599987267
1181	1181	100	0.999703333384541	0.999698702791275	0.999707963977807
1182	1182	100	0.999705102718609	0.999700457611762	0.999709747825457
1183	1183	100	0.999706124522383	0.99970151036531	0.999710738679455
1184	1184	100	0.999707705166007	0.99970305319367	0.999712357138344
1185	1185	100	0.999708811523647	0.9997041893499	0.999713433697394
1186	1186	100	0.999710108309897	0.999705516449372	0.999714700170422
1187	1187	100	0.999711340055322	0.999706733220763	0.999715946889881
1188	1188	100	0.999712547640052	0.999707960036722	0.999717135243382
1189	1189	100	0.99971369663907	0.999709092376846	0.999718300901293
1190	1190	100	0.999714948556286	0.999710321682847	0.999719575429725
1191	1191	100	0.999716156977305	0.999711569398157	0.999720744556452
1192	1192	100	0.999717122444604	0.999712493041877	0.999721751847332
1193	1193	100	0.99971827003644	0.999713587453268	0.999722952619612
1194	1194	100	0.999719701854806	0.999715008025003	0.99972439568461
1195	1195	100	0.999721008812367	0.999716322634962	0.999725694989772
1196	1196	100	0.999722409704281	0.999717655574141	0.99972716383442
1197	1197	100	0.999723920694351	0.99971920164873	0.999728639739972
1198	1198	100	0.99972510478711	0.999720378992794	0.999729830581427
1199	1199	100	0.999726600457755	0.999721820949452	0.999731379966058
1200	1200	100	0.999727727918783	0.999722954246278	0.999732501591288
1201	1201	100	0.999728977990144	0.999724165791103	0.999733790189186
1202	1202	100	0.999730332931715	0.999725475351459	0.999735190511971
1203	1203	100	0.999731839189418	0.999727064867933	0.999736613510903
1204	1204	100	0.999732759258108	0.999727992930597	0.99973752558562
1205	1205	100	0.999734272008148	0.999729513524282	0.999739030492013
1206	1206	100	0.999735490769869	0.99973075388369	0.999740227656048
1207	1207	100	0.999736947415675	0.999732249517916	0.999741645313435
1208	1208	100	0.999738590388351	0.999733897026621	0.999743283750081
1209	1209	100	0.999739899239956	0.99973518901769	0.999744609462223
1210	1210	100	0.999740940120037	0.999736214718245	0.99974566552183
1211	1211	100	0.999742058536228	0.999737303028526	0.99974681404393
1212	1212	100	0.999743333526542	0.999738622073282	0.999748044979802
1213	1213	100	0.999744448474534	0.999739749937136	0.999749147011933
1214	1214	100	0.999745700822785	0.999741028733683	0.999750372911888
1215	1215	100	0.999747200187066	0.999742562225875	0.999751838148257
1216	1216	100	0.999748634282494	0.999744046600123	0.999753221964865
1217	1217	100	0.999749800395792	0.999745211461893	0.99975438932969
1218	1218	100	0.999750807700624	0.999746237279274	0.999755378121973
1219	1219	100	0.999751972093295	0.999747313618293	0.999756630568297
1220	1220	100	0.999753366925093	0.999748690085097	0.999758043765088
1221	1221	100	0.999754620752161	0.999749905352386	0.999759336151936
1222	1222	100	0.999755990804972	0.99975129548161	0.999760686128333
1223	1223	100	0.999757430660901	0.999752806581822	0.999762054739979
1224	1224	100	0.99975877372352	0.999754133385858	0.999763414061183
1225	1225	100	0.999759698239258	0.999755059307012	0.999764337171503
1226	1226	100	0.999760560267403	0.999755906085032	0.999765214449774
1227	1227	100	0.999761830709045	0.99975718346758	0.99976647795051
1228	1228	100	0.999762949565717	0.99975828464722	0.999767614484214
1229	1229	100	0.999764312831159	0.999759721043881	0.999768904618437
1230	1230	100	0.999765392153225	0.999760795039944	0.999769989266506
1231	1231	100	0.999766413576213	0.999761771376667	0.999771055775759
1232	1232	100	0.999767731991289	0.999763108275124	0.999772355707454
1233	1233	100	0.999769039064088	0.999764475300845	0.999773602827331
1234	1234	100	0.999770201727113	0.999765683197353	0.999774720256872
1235	1235	100	0.999771206888141	0.999766677816874	0.999775735959408
1236	1236	100	0.999772724681589	0.999768175561517	0.999777273801662
1237	1237	100	0.99977392195177	0.999769362766214	0.999778481137326
1238	1238	100	0.999775410018471	0.999770907836693	0.999779912200249
1239	1239	100	0.999776768627586	0.999772359837266	0.999781177417905
1240	1240	100	0.99977790174827	0.999773468477666	0.999782335018875
1241	1241	100	0.99977918859684	0.999774755700672	0.999783621493009
1242	1242	100	0.999780385283712	0.999775986474749	0.999784784092674
1243	1243	100	0.999781494844682	0.999777119308279	0.999785870381085
1244	1244	100	0.999782621827331	0.999778285293347	0.999786958361316
1245	1245	100	0.999783893922174	0.999779512289453	0.999788275554896
1246	1246	100	0.999785526546725	0.999781197704334	0.999789855389117
1247	1247	100	0.999786587142995	0.999782200313614	0.999790973972376
1248	1248	100	0.999787943825197	0.999783576287603	0.999792311362792
1249	1249	100	0.99978911112412	0.999784687047164	0.999793535201077
1250	1250	100	0.999790494646878	0.999786049525307	0.999794939768449
1251	1251	100	0.999791417977195	0.999786991316043	0.999795844638348
1252	1252	100	0.999793172159648	0.999788772669813	0.999797571649484
1253	1253	100	0.999794587042887	0.999790184228135	0.999798989857639
1254	1254	100	0.999795727100465	0.999791328427922	0.999800125773008
1255	1255	100	0.999797155129897	0.999792736994359	0.999801573265435
1256	1256	100	0.999798421492105	0.999794037918577	0.999802805065632
1257	1257	100	0.99979984714741	0.999795438415715	0.999804255879106
1258	1258	100	0.999801004712621	0.999796619600264	0.999805389824978
1259	1259	100	0.999802538290295	0.999798137673874	0.999806938906715
1260	1260	100	0.999803580611071	0.999799174736517	0.999807986485626
1261	1261	100	0.999804897494486	0.999800523721322	0.999809271267649
1262	1262	100	0.999806035926032	0.999801672563588	0.999810399288477
1263	1263	100	0.999807157512073	0.999802814791972	0.999811500232173
1264	1264	100	0.999808266046071	0.999803936108526	0.999812595983616
1265	1265	100	0.999809288576005	0.999804991593326	0.999813585558684
1266	1266	100	0.999810464016073	0.999806210704155	0.99981471732799
1267	1267	100	0.999811332063746	0.999807080826114	0.999815583301378
1268	1268	100	0.999812433516732	0.999808152110268	0.999816714923197
1269	1269	100	0.999813494912572	0.999809215647232	0.999817774177912
1270	1270	100	0.999814653349438	0.999810418004364	0.999818888694513
1271	1271	100	0.999815974947382	0.999811754824796	0.999820195069969
1272	1272	100	0.999817347715156	0.999813144087801	0.999821551342512
1273	1273	100	0.999818481522748	0.999814322525487	0.999822640520008
1274	1274	100	0.999819542106499	0.999815431267418	0.99982365294558
1275	1275	100	0.999821105630678	0.999817009883417	0.999825201377938
1276	1276	100	0.999822382620753	0.999818332102754	0.999826433138751
1277	1277	100	0.999823422153366	0.999819374090258	0.999827470216474
1278	1278	100	0.999824619423709	0.99982058905881	0.999828649788608
1279	1279	100	0.999825740305876	0.999821692742508	0.999829787869244
1280	1280	100	0.999826951890415	0.999822913703392	0.999830990077438
1281	1281	100	0.999828305518434	0.999824331472795	0.999832279564073
1282	1282	100	0.999829459758498	0.999825482364103	0.999833437152892
1283	1283	100	0.999830782139972	0.999826755711962	0.999834808567982
1284	1284	100	0.999831994130095	0.999828000006835	0.999835988253355
1285	1285	100	0.99983329580183	0.999829307512924	0.999837284090735
1286	1286	100	0.999834227040117	0.999830235156624	0.999838218923611
1287	1287	100	0.999835303862709	0.999831356866629	0.999839250858789
1288	1288	100	0.999836589579387	0.999832731151629	0.999840448007145
1289	1289	100	0.999837769026318	0.999833948222234	0.999841589830401
1290	1290	100	0.999838940393655	0.999835152387913	0.999842728399397
1291	1291	100	0.999840098435082	0.999836339485061	0.999843857385104
1292	1292	100	0.999841060193531	0.999837323168308	0.999844797218754
1293	1293	100	0.999842235420304	0.99983850022397	0.999845970616639
1294	1294	100	0.999843524243178	0.999839776208417	0.99984727227794
1295	1295	100	0.999844713252261	0.999840985158511	0.999848441346012
1296	1296	100	0.999845849214649	0.999842125846186	0.999849572583113
1297	1297	100	0.999846853672253	0.999843193335914	0.999850514008591
1298	1298	100	0.999848215242526	0.999844545026117	0.999851885458936
1299	1299	100	0.999849346866336	0.999845736445613	0.99985295728706
1300	1300	100	0.999850535878281	0.999846906257222	0.99985416549934
1301	1301	100	0.999851517243167	0.999847897892653	0.99985513659368
1302	1302	100	0.999852549191713	0.999848963742148	0.999856134641279
1303	1303	100	0.999853910617717	0.999850338297324	0.99985748293811
1304	1304	100	0.999855207617016	0.99985164526878	0.999858769965252
1305	1305	100	0.999856357331752	0.999852824621073	0.99985989004243
1306	1306	100	0.999857658103081	0.999854157736369	0.999861158469794
1307	1307	100	0.999858833252564	0.999855377848732	0.999862288656397
1308	1308	100	0.999859865350191	0.99985642164388	0.999863309056501
1309	1309	100	0.999860794870675	0.999857360052962	0.999864229688387
1310	1310	100	0.999862178560291	0.999858789529541	0.99986556759104
1311	1311	100	0.99986334257757	0.99986000404318	0.99986668111196
1312	1312	100	0.999864495673001	0.999861136570808	0.999867854775194
1313	1313	100	0.999865669741591	0.999862281827425	0.999869057655758
1314	1314	100	0.999867001496313	0.999863619802045	0.999870383190582
1315	1315	100	0.999868132508045	0.999864765606842	0.999871499409248
1316	1316	100	0.999869261376714	0.999865941537791	0.999872581215638
1317	1317	100	0.999870450229005	0.999867165290788	0.999873735167222
1318	1318	100	0.999871689749238	0.999868411325679	0.999874968172796
1319	1319	100	0.999872947748193	0.999869675840903	0.999876219655483
1320	1320	100	0.999874163400715	0.999870931935845	0.999877394865585
1321	1321	100	0.999875430637798	0.999872236788248	0.999878624487348
1322	1322	100	0.999876232462574	0.999873004819596	0.999879460105553
1323	1323	100	0.999877376287782	0.999874204694047	0.999880547881516
1324	1324	100	0.999878251295708	0.999875068653151	0.999881433938265
1325	1325	100	0.99987927466346	0.99987610143205	0.999882447894869
1326	1326	100	0.999880404576918	0.99987723790892	0.999883571244916
1327	1327	100	0.999881271792719	0.999878128744816	0.999884414840623
1328	1328	100	0.999882527114666	0.999879406421802	0.999885647807529
1329	1329	100	0.999883507612768	0.999880392635746	0.99988662258979
1330	1330	100	0.999884486810789	0.999881405647124	0.999887567974453
1331	1331	100	0.999885912333225	0.999882831560205	0.999888993106243
1332	1332	100	0.999887054646054	0.999883942841955	0.999890166450154
1333	1333	100	0.999888166843567	0.99988504636151	0.999891287325624
1334	1334	100	0.999889252482178	0.999886235985279	0.999892268979077
1335	1335	100	0.999890279807181	0.99988726636181	0.999893293252551
1336	1336	100	0.999891344188526	0.999888337940029	0.999894350437023
1337	1337	100	0.999892449173319	0.999889510960152	0.999895387386485
1338	1338	100	0.999893617460822	0.999890698700904	0.99989653622074
1339	1339	100	0.999894809398244	0.999891910584312	0.999897708212176
1340	1340	100	0.999895936222897	0.999893070498499	0.999898801947295
1341	1341	100	0.999897125174493	0.999894266646294	0.999899983702692
1342	1342	100	0.999898434078943	0.999895602604193	0.999901265553693
1343	1343	100	0.999899340671944	0.999896529805327	0.999902151538562
1344	1344	100	0.999900449731675	0.999897629474152	0.999903269989198
1345	1345	100	0.999901501392482	0.999898711015753	0.99990429176921
1346	1346	100	0.999902680023629	0.999899920303116	0.999905439744141
1347	1347	100	0.999903715323954	0.999901013694625	0.999906416953282
1348	1348	100	0.999904853668592	0.999902236925123	0.999907470412061
1349	1349	100	0.999906040804897	0.999903426609922	0.999908654999872
1350	1350	100	0.999907293698555	0.999904705468465	0.999909881928644
1351	1351	100	0.999908355243959	0.999905760467542	0.999910950020375
1352	1352	100	0.999909321600261	0.999906707227904	0.999911935972618
1353	1353	100	0.999910405389153	0.999907808823608	0.999913001954697
1354	1354	100	0.99991146601708	0.999908876464274	0.999914055569886
1355	1355	100	0.999912505343881	0.99990990086849	0.999915109819272
1356	1356	100	0.999913424508469	0.999910821368567	0.999916027648372
1357	1357	100	0.999914572236034	0.999912053640922	0.999917090831146
1358	1358	100	0.999916021514161	0.99991353552652	0.999918507501803
1359	1359	100	0.999916952743414	0.99991453421972	0.999919371267108
1360	1360	100	0.999918066073102	0.999915596281916	0.999920535864288
1361	1361	100	0.999919076926439	0.99991664145679	0.999921512396087
1362	1362	100	0.999920440363325	0.999917975187831	0.999922905538819
1363	1363	100	0.999921423911595	0.999918969360114	0.999923878463077
1364	1364	100	0.999922873233395	0.999920462668051	0.999925283798738
1365	1365	100	0.999924139800401	0.999921740946909	0.999926538653892
1366	1366	100	0.999925281333764	0.999922932583756	0.999927630083773
1367	1367	100	0.999926205405188	0.999923899635805	0.999928511174572
1368	1368	100	0.999927152485555	0.999924859961378	0.999929445009733
1369	1369	100	0.999928109811352	0.999925912197092	0.999930307425612
1370	1370	100	0.99992921956204	0.999927025935381	0.999931413188698
1371	1371	100	0.999930260227502	0.999928057372336	0.999932463082669
1372	1372	100	0.999931629605758	0.999929398554015	0.9999338606575
1373	1373	100	0.999932593818868	0.999930354971074	0.999934832666663
1374	1374	100	0.999933585567164	0.999931369227999	0.999935801906328
1375	1375	100	0.999934547983929	0.999932321018096	0.999936774949762
1376	1376	100	0.999935732997775	0.999933593569243	0.999937872426307
1377	1377	100	0.999936785379239	0.999934677262271	0.999938893496206
1378	1378	100	0.999937769476227	0.999935681006131	0.999939857946323
1379	1379	100	0.999938876453555	0.99993677923122	0.999940973675889
1380	1380	100	0.99994009396359	0.99993804238682	0.999942145540361
1381	1381	100	0.999941191870969	0.999939177069036	0.999943206672901
1382	1382	100	0.999942312393204	0.999940321510257	0.999944303276151
1383	1383	100	0.999943518543229	0.999941513293108	0.99994552379335
1384	1384	100	0.999944572460271	0.999942580657597	0.999946564262944
1385	1385	100	0.999945718482301	0.999943728688456	0.999947708276146
1386	1386	100	0.99994659380469	0.999944633551148	0.999948554058233
1387	1387	100	0.999947584791001	0.99994563035773	0.999949539224273
1388	1388	100	0.999948520812126	0.999946630874086	0.999950410750166
1389	1389	100	0.99994945320814	0.999947636131251	0.99995127028503
1390	1390	100	0.999950583633221	0.999948786433623	0.999952380832819
1391	1391	100	0.999951589689982	0.999949774600198	0.999953404779767
1392	1392	100	0.999952561561951	0.99995076753656	0.999954355587342
1393	1393	100	0.999953605503553	0.999951852351153	0.999955358655954
1394	1394	100	0.99995468276046	0.999952941315503	0.999956424205417
1395	1395	100	0.999955703103838	0.999953962951226	0.99995744325645
1396	1396	100	0.999956851039777	0.999955155196089	0.999958546883465
1397	1397	100	0.999957778400863	0.99995608608812	0.999959470713606
1398	1398	100	0.999958791398238	0.999957097182743	0.999960485613733
1399	1399	100	0.999959645860084	0.999957984876899	0.999961306843269
1400	1400	100	0.999960736425574	0.999959106389607	0.999962366461541
1401	1401	100	0.999961674477729	0.999960045259059	0.999963303696399
1402	1402	100	0.999962799917821	0.999961212568069	0.999964387267572
1403	1403	100	0.999963803309513	0.999962285736499	0.999965320882527
1404	1404	100	0.999965094691227	0.999963614508701	0.999966574873753
1405	1405	100	0.999965915524737	0.999964439451748	0.999967391597725
1406	1406	100	0.999967055501616	0.999965643361354	0.999968467641877
1407	1407	100	0.999968006861291	0.999966622620386	0.999969391102197
1408	1408	100	0.99996913384522	0.999967755373787	0.999970512316652
1409	1409	100	0.999970252504408	0.99996891196265	0.999971593046167
1410	1410	100	0.999971430380171	0.999970078485322	0.99997278227502
1411	1411	100	0.999972175876226	0.999970813441789	0.999973538310663
1412	1412	100	0.99997322723618	0.999971882142839	0.999974572329521
1413	1413	100	0.999974110317393	0.999972805992454	0.999975414642332
1414	1414	100	0.999974891841998	0.999973595130803	0.999976188553193
1415	1415	100	0.999976018454174	0.999974759390807	0.99997727751754
1416	1416	100	0.999977234512921	0.999975985382691	0.99997848364315
1417	1417	100	0.999978101448781	0.99997686539194	0.999979337505621
1418	1418	100	0.999979039305478	0.999977830400359	0.999980248210596
1419	1419	100	0.999980229350951	0.999979050557626	0.999981408144275
1420	1420	100	0.999981409494926	0.999980312304823	0.99998250668503
1421	1421	100	0.999982197551467	0.999981127170479	0.999983267932455
1422	1422	100	0.999983093256562	0.999982072432142	0.999984114080981
1423	1423	100	0.999984103225898	0.999983109130019	0.999985097321777
1424	1424	100	0.999984934236819	0.999983983144966	0.999985885328673
1425	1425	100	0.999985995643233	0.999985050642089	0.999986940644376
1426	1426	100	0.999987022583851	0.999986096823971	0.999987948343731
1427	1427	100	0.999988054785718	0.999987184651751	0.999988924919686
1428	1428	100	0.999989012538085	0.999988177726475	0.999989847349696
1429	1429	100	0.999989813563872	0.999989003696869	0.999990623430875
1430	1430	100	0.999990785324738	0.999990010075877	0.999991560573598
1431	1431	100	0.999991791742653	0.999991097335834	0.999992486149471
1432	1432	100	0.999992909839105	0.999992265253066	0.999993554425143
1433	1433	100	0.999993714544787	0.999993122119223	0.99999430697035
1434	1434	100	0.999994834216093	0.99999427384494	0.999995394587245
1435	1435	100	0.999995955891694	0.999995441520876	0.999996470262513
1436	1436	100	0.999996784417597	0.999996290549321	0.999997278285873
1437	1437	100	0.999998047946511	0.999997691001482	0.99999840489154
1438	1438	100	0.999999107527414	0.999998880948146	0.999999334106682
1439	1439	100	1	1	1
