	V1	num	avg_r2	lowerci	upperci
1	1	100	0.362036327461881	0.307507170672426	0.416565484251335
2	2	100	0.798243760991136	0.796187956580722	0.80029956540155
3	3	100	0.900193800245251	0.899275912144299	0.901111688346202
4	4	100	0.900321104448628	0.89940646305613	0.901235745841126
5	5	100	0.900448220748146	0.899538200261635	0.901358241234657
6	6	100	0.900530564067917	0.899620352893172	0.901440775242663
7	7	100	0.90061976579611	0.899706797837249	0.90153273375497
8	8	100	0.906311832784323	0.905089458119535	0.907534207449111
9	9	100	0.910420883078681	0.909342821657961	0.9114989444994
10	10	100	0.915154075946257	0.914205650856747	0.916102501035768
11	11	100	0.920006520234541	0.918929769343286	0.921083271125797
12	12	100	0.925722644601626	0.924818808928502	0.926626480274749
13	13	100	0.929143083985175	0.928164833261303	0.930121334709048
14	14	100	0.932578680020264	0.931591157392379	0.933566202648149
15	15	100	0.935373965463751	0.934321459019728	0.936426471907775
16	16	100	0.938654549753853	0.937618411460001	0.939690688047706
17	17	100	0.943081918174797	0.942041185906966	0.944122650442628
18	18	100	0.946724094921546	0.94587740868889	0.947570781154201
19	19	100	0.948305156598048	0.947483328558899	0.949126984637198
20	20	100	0.950150713439777	0.949391651939741	0.950909774939812
21	21	100	0.951824018284025	0.951064667250849	0.952583369317201
22	22	100	0.953127771985845	0.952415585295056	0.953839958676634
23	23	100	0.954211182135303	0.953557630845948	0.954864733424658
24	24	100	0.95510910189422	0.954526670076949	0.955691533711491
25	25	100	0.956009432529194	0.955470006266782	0.956548858791606
26	26	100	0.956760069420232	0.956217362358634	0.957302776481831
27	27	100	0.957591992104986	0.957058559182272	0.9581254250277
28	28	100	0.958376867097667	0.957847802289629	0.958905931905705
29	29	100	0.959398026155268	0.958920782226484	0.959875270084052
30	30	100	0.960164331232311	0.959676775511629	0.960651886952994
31	31	100	0.961023857791364	0.960560272205058	0.96148744337767
32	32	100	0.961595876880089	0.961162726299317	0.96202902746086
33	33	100	0.962022422617869	0.96160072671212	0.962444118523619
34	34	100	0.962339969320385	0.961928602432077	0.962751336208692
35	35	100	0.962603576407182	0.962191202406389	0.963015950407974
36	36	100	0.962807779612326	0.962398814538357	0.963216744686294
37	37	100	0.962998459703274	0.962595307448575	0.963401611957974
38	38	100	0.963158981012148	0.962759545931758	0.963558416092539
39	39	100	0.963315001800169	0.962914429094369	0.963715574505969
40	40	100	0.963469720076975	0.963074401513313	0.963865038640636
41	41	100	0.963580421476421	0.963184113128423	0.963976729824419
42	42	100	0.963721561545995	0.963323056094151	0.96412006699784
43	43	100	0.963837929493346	0.963444160287396	0.964231698699296
44	44	100	0.963943691736529	0.96355055926767	0.964336824205388
45	45	100	0.96408135192733	0.963687414862114	0.964475288992547
46	46	100	0.964179272334963	0.963787148602186	0.96457139606774
47	47	100	0.964278650340141	0.963887155040766	0.964670145639517
48	48	100	0.964380842809609	0.963990902218739	0.964770783400479
49	49	100	0.964466988949085	0.964079207402317	0.964854770495854
50	50	100	0.9645831673132	0.964191583921009	0.964974750705392
51	51	100	0.964679850585908	0.964294277581629	0.965065423590187
52	52	100	0.964777979127765	0.964396548877257	0.965159409378273
53	53	100	0.964856684049844	0.964476892188161	0.965236475911527
54	54	100	0.964964250268848	0.964592350120848	0.965336150416848
55	55	100	0.965057709209835	0.964686110132512	0.965429308287158
56	56	100	0.965141827104516	0.964772544058328	0.965511110150705
57	57	100	0.965264420019602	0.964893078957578	0.965635761081627
58	58	100	0.965356694007037	0.964990513710972	0.965722874303103
59	59	100	0.965465355981023	0.965099691580419	0.965831020381628
60	60	100	0.9655284223337	0.965163783070164	0.965893061597235
61	61	100	0.965587980510993	0.965223670794023	0.965952290227963
62	62	100	0.965660304547617	0.965296656424957	0.966023952670277
63	63	100	0.965733862601013	0.965367698915697	0.966100026286329
64	64	100	0.965802779010829	0.965436784234813	0.966168773786845
65	65	100	0.965897898737379	0.965536806299975	0.966258991174783
66	66	100	0.965965615416387	0.965608780131431	0.966322450701342
67	67	100	0.966041925404517	0.96568479622605	0.966399054582984
68	68	100	0.966107162215206	0.965748998822922	0.96646532560749
69	69	100	0.966184502268222	0.96582421153146	0.966544793004984
70	70	100	0.966235713297533	0.96587699306306	0.966594433532005
71	71	100	0.966307817738871	0.965949465294518	0.966666170183223
72	72	100	0.966382842682917	0.966026923739909	0.966738761625926
73	73	100	0.966455369152038	0.966096828447387	0.966813909856689
74	74	100	0.966528481976804	0.96616629959374	0.966890664359869
75	75	100	0.966594730344137	0.96623138811029	0.966958072577985
76	76	100	0.966659526468954	0.966297568587161	0.967021484350747
77	77	100	0.966725880085526	0.96636340876836	0.967088351402691
78	78	100	0.966788015004261	0.966428162640013	0.96714786736851
79	79	100	0.966850076436821	0.966490649473792	0.967209503399849
80	80	100	0.966924931520629	0.966565993319536	0.967283869721721
81	81	100	0.966986335450419	0.9666305831908	0.967342087710037
82	82	100	0.967065619069557	0.966713267066705	0.967417971072408
83	83	100	0.967116006257603	0.966763418952975	0.96746859356223
84	84	100	0.967186906953776	0.96683381312396	0.967540000783592
85	85	100	0.96725801831952	0.966907979275422	0.967608057363618
86	86	100	0.967329132622381	0.966981522831927	0.967676742412836
87	87	100	0.967401385219372	0.967055323218539	0.967747447220205
88	88	100	0.967452087046899	0.967105178863819	0.967798995229979
89	89	100	0.967514518288851	0.967170055852457	0.967858980725245
90	90	100	0.967579577004417	0.967234667291794	0.96792448671704
91	91	100	0.96765114561964	0.967308485410766	0.967993805828514
92	92	100	0.967704837985782	0.967362522707579	0.968047153263984
93	93	100	0.967763226576771	0.96741932538694	0.968107127766603
94	94	100	0.967830040780199	0.967486847886719	0.968173233673679
95	95	100	0.967906151668472	0.967564390868334	0.968247912468609
96	96	100	0.967963729790848	0.967622799544478	0.968304660037218
97	97	100	0.968032787474803	0.967692031690349	0.968373543259258
98	98	100	0.968095851901423	0.967756537447593	0.968435166355254
99	99	100	0.968138266917624	0.967799816339642	0.968476717495607
100	100	100	0.968192739501547	0.967855857801065	0.968529621202029
101	101	100	0.968237708780363	0.967900552341407	0.968574865219319
102	102	100	0.968294848595389	0.967960484309456	0.968629212881322
103	103	100	0.968360046727056	0.968023858401733	0.96869623505238
104	104	100	0.968420881273794	0.968084870431244	0.968756892116344
105	105	100	0.968469666421795	0.968132300371199	0.968807032472391
106	106	100	0.968525938016522	0.968189366276973	0.968862509756072
107	107	100	0.968596517181726	0.968263201361565	0.968929833001888
108	108	100	0.968650937439677	0.968317600495967	0.968984274383386
109	109	100	0.968711036964415	0.968377973762283	0.969044100166547
110	110	100	0.968763545420707	0.968430315221519	0.969096775619895
111	111	100	0.968831569380924	0.968497362159495	0.969165776602352
112	112	100	0.968898052565195	0.968562098746693	0.969234006383697
113	113	100	0.968958883607049	0.96862440656168	0.969293360652418
114	114	100	0.969014555187739	0.968683379516654	0.969345730858824
115	115	100	0.9690683264287	0.968734914630438	0.969401738226961
116	116	100	0.969120035171768	0.968788935794865	0.96945113454867
117	117	100	0.9691867451983	0.96886010980096	0.96951338059564
118	118	100	0.969225448868432	0.96889948592317	0.969551411813694
119	119	100	0.969276089804283	0.968950320159734	0.969601859448833
120	120	100	0.969328342363964	0.969002667590679	0.96965401713725
121	121	100	0.969381029045913	0.969055525746709	0.969706532345116
122	122	100	0.96943330898274	0.969108274058958	0.969758343906523
123	123	100	0.969481794948505	0.969158332678956	0.969805257218054
124	124	100	0.969529823791379	0.969207098623601	0.969852548959156
125	125	100	0.969570817754771	0.969248395398715	0.969893240110826
126	126	100	0.969623755575067	0.969302713068316	0.969944798081818
127	127	100	0.969684872364749	0.969365930868363	0.970003813861135
128	128	100	0.969737877653445	0.96941966859454	0.970056086712351
129	129	100	0.969796133909005	0.969477825317376	0.970114442500635
130	130	100	0.969841962893788	0.969523641186924	0.970160284600652
131	131	100	0.969888552575628	0.969569255392241	0.970207849759015
132	132	100	0.969948959930744	0.969629472211604	0.970268447649884
133	133	100	0.96998925547389	0.969670814313234	0.970307696634545
134	134	100	0.970039253382245	0.969722477727676	0.970356029036815
135	135	100	0.970086598941532	0.969769706755864	0.9704034911272
136	136	100	0.970134517776853	0.969818124720804	0.970450910832902
137	137	100	0.970192256435458	0.969878606541591	0.970505906329326
138	138	100	0.970246651000949	0.969932244476044	0.970561057525853
139	139	100	0.970294494890824	0.969980962587036	0.970608027194613
140	140	100	0.970332660088177	0.970017832635315	0.970647487541039
141	141	100	0.970366914961772	0.970051935228484	0.970681894695059
142	142	100	0.970406594741127	0.970093663224408	0.970719526257847
143	143	100	0.970468787832888	0.970156311309018	0.970781264356757
144	144	100	0.970528203236902	0.970215422260734	0.970840984213071
145	145	100	0.970585725335813	0.970271649397747	0.970899801273878
146	146	100	0.970624834571816	0.970311743591295	0.970937925552337
147	147	100	0.97066887051073	0.970356170108481	0.97098157091298
148	148	100	0.970715178933975	0.970404012484701	0.971026345383249
149	149	100	0.970761090991945	0.97045054600829	0.9710716359756
150	150	100	0.970809305661001	0.970499076867173	0.971119534454829
151	151	100	0.970850264416311	0.970538481711894	0.971162047120728
152	152	100	0.970891176019781	0.970579159490582	0.971203192548981
153	153	100	0.97092971602042	0.970615681065484	0.971243750975356
154	154	100	0.970972021356951	0.970659143452639	0.971284899261262
155	155	100	0.971015568440749	0.970702711573364	0.971328425308135
156	156	100	0.971065842347997	0.970755495086603	0.971376189609392
157	157	100	0.971112825661003	0.970804457775908	0.971421193546098
158	158	100	0.971166471124435	0.970861304769431	0.97147163747944
159	159	100	0.971200551002153	0.970895164460065	0.971505937544242
160	160	100	0.971231370632083	0.970925807969887	0.97153693329428
161	161	100	0.971288742748587	0.970984736334775	0.9715927491624
162	162	100	0.971336788614822	0.971032818029038	0.971640759200605
163	163	100	0.971382026534017	0.971079459436171	0.971684593631863
164	164	100	0.971430379871012	0.971129133461882	0.971731626280141
165	165	100	0.971471134415733	0.97117119076042	0.971771078071045
166	166	100	0.971521777831325	0.971222576776252	0.971820978886398
167	167	100	0.971566910331046	0.971266517892673	0.97186730276942
168	168	100	0.971611958514147	0.971313422215415	0.971910494812878
169	169	100	0.971663760790384	0.971367015690853	0.971960505889915
170	170	100	0.971701315496104	0.971403844986698	0.97199878600551
171	171	100	0.971742506153445	0.971447587720013	0.972037424586877
172	172	100	0.971778615263812	0.97148508059485	0.972072149932775
173	173	100	0.971814487640251	0.971521159316577	0.972107815963925
174	174	100	0.97186127726893	0.971567552229978	0.972155002307882
175	175	100	0.971905570228608	0.971612504398189	0.972198636059027
176	176	100	0.971952399426632	0.9716603789919	0.972244419861364
177	177	100	0.971999350133322	0.971709430127574	0.97228927013907
178	178	100	0.972047885812532	0.971758735388324	0.972337036236741
179	179	100	0.972105491001778	0.971817448386702	0.972393533616855
180	180	100	0.972138326405753	0.971851664435576	0.972424988375931
181	181	100	0.972176951850652	0.971890524133031	0.972463379568272
182	182	100	0.972227757611407	0.971938994935335	0.97251652028748
183	183	100	0.972264621864468	0.971974021479441	0.972555222249495
184	184	100	0.97230103991355	0.972010302724531	0.97259177710257
185	185	100	0.972354445904126	0.972064617429601	0.97264427437865
186	186	100	0.972401625817781	0.972111070849749	0.972692180785813
187	187	100	0.972451111006556	0.972159617142294	0.972742604870819
188	188	100	0.972493065448352	0.972203008322863	0.972783122573842
189	189	100	0.972533466697048	0.972243241090992	0.972823692303104
190	190	100	0.972576307634697	0.972288004271982	0.972864610997413
191	191	100	0.972614182091643	0.972326319104153	0.972902045079134
192	192	100	0.972652211504187	0.972365160088578	0.972939262919795
193	193	100	0.972691993040135	0.972403231968683	0.972980754111587
194	194	100	0.972733598379413	0.972445155760085	0.973022040998741
195	195	100	0.972777834315175	0.972491261495346	0.973064407135003
196	196	100	0.972825217772996	0.972540140864835	0.973110294681156
197	197	100	0.972858467508667	0.972573583552663	0.973143351464672
198	198	100	0.972908098721713	0.972623398748723	0.973192798694703
199	199	100	0.972949488118964	0.972664589226217	0.973234387011711
200	200	100	0.972987497982851	0.972702658135594	0.973272337830107
201	201	100	0.973035503645285	0.972750451874063	0.973320555416506
202	202	100	0.973069763106593	0.972783927286707	0.973355598926478
203	203	100	0.973109035164435	0.972824194852679	0.973393875476191
204	204	100	0.973145569282975	0.97286087960369	0.97343025896226
205	205	100	0.973186393275527	0.972901655435738	0.973471131115316
206	206	100	0.973237733712948	0.972954087259214	0.973521380166681
207	207	100	0.973279603291574	0.972996630750326	0.973562575832823
208	208	100	0.973315825507596	0.973033965947667	0.973597685067525
209	209	100	0.973354304921885	0.973073884541545	0.973634725302224
210	210	100	0.97339918415342	0.973119230594965	0.973679137711875
211	211	100	0.973442557217828	0.973165854174142	0.973719260261514
212	212	100	0.973477035606711	0.973200124640774	0.973753946572648
213	213	100	0.973514768037412	0.973238676049449	0.973790860025376
214	214	100	0.973560839539191	0.973286348302383	0.973835330775998
215	215	100	0.973612630799056	0.973335453039774	0.973889808558338
216	216	100	0.973656998323357	0.973379047544643	0.973934949102071
217	217	100	0.973693864770678	0.973416260907692	0.973971468633665
218	218	100	0.973731282284593	0.973454103364048	0.974008461205139
219	219	100	0.973776174575362	0.973499571593547	0.974052777557177
220	220	100	0.973810529921224	0.97353308038833	0.974087979454119
221	221	100	0.973853503030781	0.973574189135913	0.974132816925649
222	222	100	0.973895087191323	0.973617277385693	0.974172896996954
223	223	100	0.973925219720288	0.973647561036186	0.974202878404391
224	224	100	0.973966758823035	0.973689614703646	0.974243902942423
225	225	100	0.974011949827451	0.97373509658551	0.974288803069392
226	226	100	0.974052020296104	0.973774768173307	0.9743292724189
227	227	100	0.974095486623941	0.973819662233675	0.974371311014207
228	228	100	0.974132486318118	0.97385653562096	0.974408437015276
229	229	100	0.974171888243087	0.973896831387407	0.974446945098767
230	230	100	0.974218706008213	0.973942855292047	0.974494556724379
231	231	100	0.974251406667291	0.973976070930314	0.974526742404267
232	232	100	0.974295072547878	0.974020910890658	0.974569234205097
233	233	100	0.974336375598677	0.974062384995753	0.974610366201602
234	234	100	0.974383469986287	0.974109823780199	0.974657116192375
235	235	100	0.974423604005191	0.974151190901626	0.974696017108757
236	236	100	0.974456883249703	0.9741848583995	0.974728908099905
237	237	100	0.974495902709591	0.974225062488543	0.974766742930639
238	238	100	0.974531302782906	0.974262058130917	0.974800547434894
239	239	100	0.974581869322491	0.974312707969622	0.974851030675361
240	240	100	0.974610421421424	0.974342733835691	0.974878109007157
241	241	100	0.974651140985767	0.974383990663029	0.974918291308505
242	242	100	0.97468964979738	0.974423720192179	0.974955579402581
243	243	100	0.974720272542168	0.974453936068682	0.974986609015654
244	244	100	0.974757935655638	0.974491360831113	0.975024510480162
245	245	100	0.974805320352021	0.974538760506383	0.97507188019766
246	246	100	0.974843306683135	0.974577292714358	0.975109320651912
247	247	100	0.974895953539566	0.974632604006212	0.975159303072921
248	248	100	0.974941442385051	0.974678662779549	0.975204221990553
249	249	100	0.97497652064691	0.974714445603869	0.97523859568995
250	250	100	0.975021235691596	0.974758587342127	0.975283884041065
251	251	100	0.975062835578595	0.974800289198983	0.975325381958208
252	252	100	0.975104938025462	0.974844296989153	0.975365579061771
253	253	100	0.975141812505435	0.974882071287542	0.975401553723328
254	254	100	0.975181129203644	0.974923490615212	0.975438767792077
255	255	100	0.97521599316346	0.974956701403753	0.975475284923167
256	256	100	0.975257063807643	0.974997539699095	0.975516587916192
257	257	100	0.97528658257102	0.975027159638985	0.975546005503055
258	258	100	0.975315801363313	0.975057100648506	0.975574502078121
259	259	100	0.97536090723255	0.975104015984029	0.975617798481071
260	260	100	0.975405334525855	0.9751480822234	0.975662586828311
261	261	100	0.975444892483469	0.975188829875316	0.975700955091623
262	262	100	0.975476561317629	0.975220258874736	0.975732863760522
263	263	100	0.975512623585806	0.975259248904845	0.975765998266767
264	264	100	0.975552749233958	0.975300957824497	0.975804540643419
265	265	100	0.975591679108174	0.975342874244503	0.975840483971844
266	266	100	0.975629595546253	0.975380781168859	0.975878409923648
267	267	100	0.975668733023854	0.975419845329501	0.975917620718207
268	268	100	0.975709262020065	0.975461394275794	0.975957129764336
269	269	100	0.975756965922642	0.975510342648818	0.976003589196466
270	270	100	0.975795367909169	0.97554865557653	0.976042080241809
271	271	100	0.975838927697348	0.975591237592386	0.976086617802311
272	272	100	0.975886770366048	0.975640346218324	0.976133194513772
273	273	100	0.975925085662352	0.975679427054725	0.976170744269979
274	274	100	0.975961345500551	0.975714515683155	0.976208175317946
275	275	100	0.975995326805156	0.975749104330204	0.976241549280107
276	276	100	0.976024014009617	0.975777610874228	0.976270417145007
277	277	100	0.976072112200202	0.97582483026373	0.976319394136675
278	278	100	0.976109223310779	0.975863049703735	0.976355396917822
279	279	100	0.976149738940686	0.975901502260136	0.976397975621236
280	280	100	0.976197447152488	0.9759500882438	0.976444806061176
281	281	100	0.976235305728565	0.975989305283789	0.976481306173342
282	282	100	0.976265288497932	0.976018038188367	0.976512538807496
283	283	100	0.976298656868525	0.976051012147311	0.976546301589739
284	284	100	0.976336713781459	0.976088930911862	0.976584496651056
285	285	100	0.97637336481916	0.97612569669586	0.97662103294246
286	286	100	0.976400886640623	0.976153647212166	0.976648126069081
287	287	100	0.976431797695607	0.976185313936418	0.976678281454795
288	288	100	0.976467205976297	0.976221037290608	0.976713374661986
289	289	100	0.976499653036217	0.976252887547683	0.976746418524752
290	290	100	0.976537169134401	0.976289781429706	0.976784556839096
291	291	100	0.976563888528525	0.976317204079267	0.976810572977782
292	292	100	0.976595791968399	0.97634876866718	0.976842815269619
293	293	100	0.976627651728211	0.976380952291888	0.976874351164534
294	294	100	0.976669319428182	0.976424157330911	0.976914481525453
295	295	100	0.976709917239095	0.976464991557698	0.976954842920491
296	296	100	0.976745352821667	0.976500296176856	0.976990409466479
297	297	100	0.976779340110757	0.976534802745577	0.977023877475937
298	298	100	0.976811162568921	0.97656591598136	0.977056409156482
299	299	100	0.976844524570356	0.97660002660644	0.977089022534273
300	300	100	0.976874034833964	0.976629437804868	0.97711863186306
301	301	100	0.976898663171059	0.976654618665872	0.977142707676245
302	302	100	0.976930553363429	0.976687248879994	0.977173857846865
303	303	100	0.976965125695335	0.976722609584457	0.977207641806213
304	304	100	0.977001410032774	0.97675940087374	0.977243419191808
305	305	100	0.97702640321144	0.976783866149004	0.977268940273876
306	306	100	0.977062071437471	0.976821304755777	0.977302838119166
307	307	100	0.977098307473582	0.976857969240172	0.977338645706993
308	308	100	0.977129023659066	0.976890129771079	0.977367917547054
309	309	100	0.977158525911101	0.976918684699767	0.977398367122436
310	310	100	0.977191367965316	0.976952037873779	0.977430698056853
311	311	100	0.977226804691646	0.976989113232968	0.977464496150325
312	312	100	0.977255584811453	0.977017749997947	0.977493419624959
313	313	100	0.97728605981185	0.977049351895072	0.977522767728627
314	314	100	0.977315219731602	0.977077816749029	0.977552622714176
315	315	100	0.977353533941395	0.977116129911801	0.977590937970989
316	316	100	0.977388967476999	0.977152297096815	0.977625637857183
317	317	100	0.977426843505	0.977189407143306	0.977664279866694
318	318	100	0.977460260536056	0.977221807075845	0.977698713996267
319	319	100	0.977503031035708	0.97726336293348	0.977742699137935
320	320	100	0.977541606378933	0.977303853816144	0.977779358941722
321	321	100	0.977573422424368	0.977336519529997	0.977810325318739
322	322	100	0.977612695740194	0.977376910671595	0.977848480808792
323	323	100	0.977653331679217	0.977417610956405	0.977889052402029
324	324	100	0.977682995672402	0.977447454139365	0.977918537205439
325	325	100	0.977715343093178	0.977481555597877	0.97794913058848
326	326	100	0.977753569711831	0.977522392995898	0.977984746427764
327	327	100	0.977783887704844	0.977553831229097	0.97801394418059
328	328	100	0.97781370758435	0.977583525102888	0.978043890065812
329	329	100	0.97785286652877	0.977621528598554	0.978084204458987
330	330	100	0.977891243395307	0.977659552852385	0.97812293393823
331	331	100	0.977921705319715	0.977689128256261	0.97815428238317
332	332	100	0.977953861167599	0.977722418486857	0.97818530384834
333	333	100	0.977988779624289	0.977757338439967	0.978220220808612
334	334	100	0.978021745566961	0.97778981900379	0.978253672130133
335	335	100	0.978052932014241	0.977820322533746	0.978285541494736
336	336	100	0.978092766659431	0.977861195034188	0.978324338284673
337	337	100	0.978124534683544	0.977891890789579	0.978357178577509
338	338	100	0.9781605805937	0.977927392636623	0.978393768550777
339	339	100	0.978196535390822	0.977963955455564	0.978429115326081
340	340	100	0.97823740552269	0.978005696371372	0.978469114674008
341	341	100	0.978268021834154	0.978036337301949	0.97849970636636
342	342	100	0.978302071371376	0.978071646737853	0.978532496004899
343	343	100	0.978340043459911	0.978110755774693	0.978569331145128
344	344	100	0.978380631642315	0.978153235129571	0.97860802815506
345	345	100	0.978418963659637	0.978191743522454	0.97864618379682
346	346	100	0.978454684996381	0.97822658280315	0.978682787189612
347	347	100	0.978487745967358	0.978260283882962	0.978715208051754
348	348	100	0.978520486165011	0.978292470087326	0.978748502242696
349	349	100	0.978544094827698	0.978315124979691	0.978773064675704
350	350	100	0.978575788346073	0.978347397527113	0.978804179165033
351	351	100	0.978613211262612	0.978384899582995	0.978841522942228
352	352	100	0.9786447605354	0.978416953189191	0.97887256788161
353	353	100	0.978675965743534	0.97844802803933	0.978903903447739
354	354	100	0.978706653769264	0.978478312329188	0.978934995209339
355	355	100	0.978734032036133	0.978506669461536	0.97896139461073
356	356	100	0.978766121157997	0.978538057340495	0.978994184975499
357	357	100	0.978800983061837	0.978572787284529	0.979029178839144
358	358	100	0.978831073593727	0.978602471252751	0.979059675934703
359	359	100	0.978861912679084	0.97863344177008	0.979090383588088
360	360	100	0.978889338456966	0.978660668066668	0.979118008847264
361	361	100	0.978922310696175	0.978693927962744	0.979150693429606
362	362	100	0.978956179675986	0.978730026560624	0.979182332791349
363	363	100	0.978984706848064	0.978758007492335	0.979211406203793
364	364	100	0.979014857571023	0.978789731211729	0.979239983930317
365	365	100	0.979045007766401	0.978819356110149	0.979270659422654
366	366	100	0.979079073496115	0.978853141709715	0.979305005282516
367	367	100	0.979113970765373	0.97889028718805	0.979337654342695
368	368	100	0.979136914897044	0.978913165698919	0.979360664095169
369	369	100	0.979175073869813	0.978951147079441	0.979399000660185
370	370	100	0.979201823917057	0.978977452106529	0.979426195727585
371	371	100	0.979234909125432	0.979009403899266	0.979460414351598
372	372	100	0.979265451810941	0.979040112054754	0.979490791567128
373	373	100	0.979295350630828	0.979068994087753	0.979521707173903
374	374	100	0.979323721970536	0.979096926425279	0.979550517515793
375	375	100	0.979357398538369	0.979130498380037	0.979584298696701
376	376	100	0.979388026460347	0.979161298182622	0.979614754738071
377	377	100	0.979419872719942	0.979192839635693	0.979646905804191
378	378	100	0.979445874973785	0.979217969042978	0.979673780904592
379	379	100	0.979482671088392	0.979256436415274	0.979708905761511
380	380	100	0.979507223743909	0.979281163716173	0.979733283771645
381	381	100	0.979533731503313	0.979308291719569	0.979759171287056
382	382	100	0.979566193930708	0.979343174570626	0.979789213290789
383	383	100	0.979597866719226	0.979374439205458	0.979821294232993
384	384	100	0.979635609573694	0.979413194608785	0.979858024538604
385	385	100	0.979659835937946	0.979439202238805	0.979880469637087
386	386	100	0.97968782288725	0.979467982513849	0.979907663260651
387	387	100	0.97971939290126	0.979500352430714	0.979938433371807
388	388	100	0.979744466253272	0.979526839581788	0.979962092924756
389	389	100	0.979782114511077	0.979566137694301	0.979998091327854
390	390	100	0.979809264041825	0.979593065927084	0.980025462156565
391	391	100	0.979842008148155	0.979627856115257	0.980056160181054
392	392	100	0.979879858708566	0.979664386661414	0.980095330755718
393	393	100	0.979917385362142	0.979701593253056	0.980133177471228
394	394	100	0.979949922165813	0.97973429921778	0.980165545113847
395	395	100	0.979976208676305	0.979760975098339	0.98019144225427
396	396	100	0.980003407716516	0.979789753384505	0.980217062048526
397	397	100	0.980034650863715	0.979821641918584	0.980247659808847
398	398	100	0.980070886453209	0.97985733474086	0.980284438165558
399	399	100	0.980106752899617	0.979893603424445	0.980319902374788
400	400	100	0.980136837373988	0.979923331209407	0.980350343538569
401	401	100	0.980161842368766	0.979947746780355	0.980375937957177
402	402	100	0.980197888496548	0.979984818464333	0.980410958528762
403	403	100	0.98022493295969	0.980012141071133	0.980437724848247
404	404	100	0.980263260863321	0.9800511902371	0.980475331489542
405	405	100	0.980290641908829	0.980078288301529	0.98050299551613
406	406	100	0.980319806278926	0.98010750335881	0.980532109199041
407	407	100	0.980350263027052	0.980138832492089	0.980561693562016
408	408	100	0.980379256466293	0.980168372375963	0.980590140556624
409	409	100	0.980410150106163	0.98020021049432	0.980620089718006
410	410	100	0.980438598333842	0.980228411485397	0.980648785182287
411	411	100	0.980468024933347	0.980258637175064	0.98067741269163
412	412	100	0.980492644588305	0.980283814691561	0.980701474485049
413	413	100	0.980530043767472	0.980322841780174	0.98073724575477
414	414	100	0.980554928604099	0.980347515391539	0.980762341816659
415	415	100	0.980587846147299	0.980381079044232	0.980794613250366
416	416	100	0.980614179110853	0.98040766398201	0.980820694239696
417	417	100	0.980641189844984	0.980434782827125	0.980847596862843
418	418	100	0.98066736488783	0.980460237274982	0.980874492500678
419	419	100	0.980697518259804	0.980490983367069	0.98090405315254
420	420	100	0.980726798422829	0.980520052857343	0.980933543988316
421	421	100	0.980760148305153	0.980551828948432	0.980968467661874
422	422	100	0.980790729439749	0.980583001592884	0.980998457286614
423	423	100	0.980817409461141	0.980609797669306	0.981025021252977
424	424	100	0.980847678053966	0.98063969719349	0.981055658914443
425	425	100	0.980873018244249	0.980665367114258	0.981080669374241
426	426	100	0.980904234804423	0.980696898517941	0.981111571090904
427	427	100	0.980927436997286	0.980720659260691	0.98113421473388
428	428	100	0.980952266950908	0.980745709913164	0.981158823988653
429	429	100	0.980983648405299	0.980778648164992	0.981188648645605
430	430	100	0.981009440331374	0.980804757939548	0.9812141227232
431	431	100	0.981034785261794	0.980829546864124	0.981240023659464
432	432	100	0.98106131596705	0.980856866580593	0.981265765353508
433	433	100	0.981096100222393	0.980891209861629	0.981300990583157
434	434	100	0.981122701819621	0.980918028995377	0.981327374643865
435	435	100	0.981151622377125	0.980946719511513	0.981356525242738
436	436	100	0.981181140416701	0.980977179507018	0.981385101326385
437	437	100	0.981216843631996	0.981012174668243	0.98142151259575
438	438	100	0.981241911211819	0.981038037066027	0.98144578535761
439	439	100	0.98126876280284	0.981065101863492	0.981472423742188
440	440	100	0.981305583948653	0.98110123139473	0.981509936502575
441	441	100	0.981335534914122	0.981129205206216	0.981541864622028
442	442	100	0.981357729788036	0.981150665904983	0.98156479367109
443	443	100	0.981385551504488	0.981178299330851	0.981592803678125
444	444	100	0.981410784910735	0.981203343849817	0.981618225971653
445	445	100	0.981438798647258	0.98123057293911	0.981647024355407
446	446	100	0.98146464680432	0.981255588283926	0.981673705324713
447	447	100	0.981493526045196	0.981285327854741	0.981701724235651
448	448	100	0.981519961470837	0.981311978825799	0.981727944115874
449	449	100	0.98154879403653	0.981340941683812	0.981756646389248
450	450	100	0.981574733112883	0.981366324798438	0.981783141427328
451	451	100	0.981604689973683	0.981396481270302	0.981812898677065
452	452	100	0.98163749717466	0.981428737630844	0.981846256718476
453	453	100	0.981666411018479	0.981457950707288	0.98187487132967
454	454	100	0.981693424545775	0.981484293402244	0.981902555689307
455	455	100	0.981719893529764	0.981510975728722	0.981928811330805
456	456	100	0.981749834527584	0.981541195088944	0.981958473966224
457	457	100	0.981778060968811	0.981570274396575	0.981985847541048
458	458	100	0.981807650104869	0.98159931516708	0.982015985042658
459	459	100	0.981834139205652	0.981627046999663	0.98204123141164
460	460	100	0.981873493314091	0.981668008428155	0.982078978200026
461	461	100	0.981899196785513	0.981693682431048	0.982104711139977
462	462	100	0.98192354925455	0.981718242674358	0.982128855834742
463	463	100	0.98194705310145	0.981741712588527	0.982152393614373
464	464	100	0.981975928717434	0.981770113655611	0.982181743779257
465	465	100	0.982001073389696	0.981794934158202	0.98220721262119
466	466	100	0.98203442943424	0.981829652130435	0.982239206738046
467	467	100	0.982060480778381	0.981854898225695	0.982266063331066
468	468	100	0.982091989575512	0.981886579398591	0.982297399752433
469	469	100	0.982120746437571	0.981916437975983	0.982325054899158
470	470	100	0.982155016687797	0.981952503026591	0.982357530349002
471	471	100	0.982185106347906	0.981983223602811	0.982386989093001
472	472	100	0.982211341905188	0.982008875252116	0.98241380855826
473	473	100	0.982235194020654	0.982033584647509	0.982436803393799
474	474	100	0.98225966287617	0.982057684376367	0.982461641375972
475	475	100	0.982284035392731	0.982081544829132	0.982486525956329
476	476	100	0.982316655675876	0.982114582032234	0.982518729319519
477	477	100	0.982341876783041	0.982140423035277	0.982543330530806
478	478	100	0.982363492290703	0.982161418198501	0.982565566382906
479	479	100	0.982391256682996	0.982189416124604	0.982593097241389
480	480	100	0.982415791735248	0.982213049904298	0.982618533566198
481	481	100	0.982445035071128	0.982242725332505	0.982647344809751
482	482	100	0.982472905237645	0.9822707542073	0.982675056267989
483	483	100	0.982498055607003	0.98229475729609	0.982701353917916
484	484	100	0.982525142330592	0.982322505454135	0.98272777920705
485	485	100	0.982564409899019	0.982361741312938	0.9827670784851
486	486	100	0.982594427725692	0.982391983000092	0.982796872451293
487	487	100	0.982627460439547	0.982424996515815	0.98282992436328
488	488	100	0.982665546548197	0.982462700367541	0.982868392728853
489	489	100	0.982693852061662	0.982490494312639	0.982897209810685
490	490	100	0.982725970817269	0.982523647859307	0.982928293775231
491	491	100	0.982750664872213	0.982550073338418	0.982951256406007
492	492	100	0.982784441620089	0.982584576311896	0.982984306928283
493	493	100	0.982814637849404	0.982616093571538	0.98301318212727
494	494	100	0.982838188463621	0.982639634978961	0.983036741948281
495	495	100	0.982869255832109	0.982671214691646	0.983067296972571
496	496	100	0.982896801769757	0.982698451833601	0.983095151705913
497	497	100	0.982923390697996	0.982724681198563	0.983122100197429
498	498	100	0.98295694242842	0.982758021615295	0.983155863241546
499	499	100	0.982977837533782	0.982777764551802	0.983177910515762
500	500	100	0.983002107158245	0.982802293042903	0.983201921273588
501	501	100	0.983026962620324	0.982828103970592	0.983225821270056
502	502	100	0.983051016585723	0.982852107244624	0.983249925926821
503	503	100	0.983078380100872	0.982880051440938	0.983276708760805
504	504	100	0.983104023985147	0.982905680244908	0.983302367725387
505	505	100	0.983126350888011	0.982928209570205	0.983324492205817
506	506	100	0.983160397337144	0.982962810600448	0.983357984073839
507	507	100	0.983182875710147	0.98298601003181	0.983379741388483
508	508	100	0.983214998229328	0.983018881214872	0.983411115243783
509	509	100	0.983241355894238	0.983046794858092	0.983435916930384
510	510	100	0.983265630495003	0.983070783864976	0.98346047712503
511	511	100	0.983288872442637	0.983093535273829	0.983484209611446
512	512	100	0.983312275924957	0.983117138528028	0.983507413321887
513	513	100	0.983334715224796	0.983140573834246	0.983528856615347
514	514	100	0.983356621589282	0.983162690736343	0.983550552442221
515	515	100	0.983379202529575	0.983185367830603	0.983573037228546
516	516	100	0.983399849503451	0.983207386918429	0.983592312088473
517	517	100	0.983424403137062	0.98323227869227	0.983616527581854
518	518	100	0.983449023246823	0.983257231325342	0.983640815168304
519	519	100	0.983471614502965	0.983278965221736	0.983664263784195
520	520	100	0.983500363348146	0.983308318865543	0.983692407830748
521	521	100	0.983522110874301	0.983331160815323	0.983713060933279
522	522	100	0.983546778581124	0.983355840911005	0.983737716251244
523	523	100	0.983567770862186	0.983376192468146	0.983759349256226
524	524	100	0.983589826682388	0.98339795794874	0.983781695416034
525	525	100	0.983618051774808	0.983427214598403	0.983808888951214
526	526	100	0.983643675267232	0.983453608969187	0.983833741565277
527	527	100	0.983667726831308	0.983477335402221	0.983858118260395
528	528	100	0.983703500489886	0.983513242472656	0.983893758507115
529	529	100	0.983728403839162	0.98353931469873	0.983917492979594
530	530	100	0.983752746435292	0.98356268134112	0.983942811529464
531	531	100	0.983783793091086	0.98359369230937	0.983973893872802
532	532	100	0.983814535252036	0.983623299463367	0.984005771040704
533	533	100	0.983837382305814	0.983645858160823	0.984028906450805
534	534	100	0.983857930337217	0.983667379509147	0.984048481165288
535	535	100	0.983881598204223	0.983691341036204	0.984071855372241
536	536	100	0.983905976533826	0.98371759439714	0.984094358670512
537	537	100	0.983933962717484	0.983746232983875	0.984121692451094
538	538	100	0.983951127355181	0.983763638484838	0.984138616225524
539	539	100	0.983976233225281	0.983789298455621	0.984163167994942
540	540	100	0.98399897923939	0.983812381382398	0.984185577096383
541	541	100	0.984023047268486	0.98383625753515	0.984209837001822
542	542	100	0.98404728079182	0.983860730351589	0.984233831232051
543	543	100	0.984081280606675	0.983894164808732	0.984268396404618
544	544	100	0.984105837081412	0.98391892551738	0.984292748645445
545	545	100	0.984127930641552	0.983941440003377	0.984314421279726
546	546	100	0.984151998869783	0.983966461148477	0.984337536591089
547	547	100	0.984182079898062	0.983996609516835	0.984367550279289
548	548	100	0.984212117222943	0.984026303870046	0.98439793057584
549	549	100	0.984245086586576	0.984060790640488	0.984429382532664
550	550	100	0.984265926012272	0.984081165483512	0.984450686541032
551	551	100	0.984298677138908	0.98411501536963	0.984482338908186
552	552	100	0.984321811737893	0.984139066396813	0.984504557078972
553	553	100	0.984349237181387	0.984166431266285	0.98453204309649
554	554	100	0.984370212261995	0.984187186555309	0.984553237968681
555	555	100	0.984393457576683	0.984211671159379	0.984575243993986
556	556	100	0.984418728617022	0.984237758511406	0.984599698722638
557	557	100	0.984444337613523	0.984263779519309	0.984624895707736
558	558	100	0.984475196057028	0.984294350956919	0.984656041157137
559	559	100	0.984494782791223	0.984313746072799	0.984675819509646
560	560	100	0.984521768046176	0.984340896715463	0.984702639376889
561	561	100	0.984545330091534	0.98436524785504	0.984725412328028
562	562	100	0.984569129362453	0.984389120869838	0.984749137855068
563	563	100	0.984595204943339	0.984415662271976	0.984774747614701
564	564	100	0.984630181885703	0.984453300801726	0.98480706296968
565	565	100	0.984650092824535	0.984472840102309	0.984827345546761
566	566	100	0.984672066156066	0.984493836318691	0.984850295993441
567	567	100	0.984697341817674	0.984518950962604	0.984875732672745
568	568	100	0.984720015039167	0.984542729864366	0.984897300213967
569	569	100	0.984748008752468	0.984571203196441	0.984924814308495
570	570	100	0.984771967115907	0.984595692359513	0.9849482418723
571	571	100	0.984795206700689	0.984618490316804	0.984971923084574
572	572	100	0.984816656985449	0.984641098656071	0.984992215314827
573	573	100	0.984841376253628	0.98466534763938	0.985017404867876
574	574	100	0.984864175729457	0.984687718488813	0.9850406329701
575	575	100	0.984888282741434	0.984711953880762	0.985064611602107
576	576	100	0.984919916581956	0.984743023321992	0.985096809841919
577	577	100	0.984939987080367	0.984764329115592	0.985115645045143
578	578	100	0.984968621330463	0.98479419902966	0.985143043631266
579	579	100	0.984999282945634	0.984824080764142	0.985174485127125
580	580	100	0.985022360160423	0.984847144399967	0.985197575920878
581	581	100	0.985047597957685	0.98487178903379	0.985223406881581
582	582	100	0.985069965956548	0.984893770667588	0.985246161245508
583	583	100	0.985095513383163	0.984920142240957	0.985270884525368
584	584	100	0.985128022741222	0.984953607875218	0.985302437607226
585	585	100	0.985150630942353	0.98497597708818	0.985325284796526
586	586	100	0.985178067292274	0.985003602858257	0.985352531726291
587	587	100	0.985204005546098	0.985028621661312	0.985379389430883
588	588	100	0.985226939896585	0.985051185255765	0.985402694537405
589	589	100	0.985250472851001	0.985075337805384	0.985425607896617
590	590	100	0.985279473952492	0.985105204884287	0.985453743020696
591	591	100	0.98530270513627	0.985129121425525	0.985476288847014
592	592	100	0.98533294784355	0.985158314805304	0.985507580881796
593	593	100	0.985358123640647	0.985183765864799	0.985532481416495
594	594	100	0.985375434675767	0.985201005639792	0.985549863711741
595	595	100	0.985399113212122	0.985224208538994	0.985574017885251
596	596	100	0.98543137875149	0.985257375213028	0.985605382289952
597	597	100	0.985458044578908	0.985284053971346	0.985632035186471
598	598	100	0.985480581269749	0.985306376393938	0.985654786145561
599	599	100	0.985502283594187	0.985328520973449	0.985676046214926
600	600	100	0.985523494746075	0.985350007455368	0.985696982036782
601	601	100	0.985551108009731	0.985378270041041	0.985723945978422
602	602	100	0.985577458810104	0.985405316272568	0.98574960134764
603	603	100	0.985609895853361	0.985437668847127	0.985782122859594
604	604	100	0.985632166093117	0.985460473328366	0.985803858857868
605	605	100	0.985659079843407	0.985487733335683	0.985830426351132
606	606	100	0.985679648648904	0.985507418730946	0.985851878566862
607	607	100	0.985701452512335	0.985528798663789	0.98587410636088
608	608	100	0.985731395351363	0.985559875340483	0.985902915362243
609	609	100	0.98575159644011	0.985580919378842	0.985922273501378
610	610	100	0.9857784500881	0.985608118158466	0.985948782017734
611	611	100	0.985803909767648	0.985634828914728	0.985972990620567
612	612	100	0.98583045045478	0.98566223152987	0.985998669379689
613	613	100	0.985854282420481	0.985685377283427	0.986023187557535
614	614	100	0.985876028352709	0.985707061548433	0.986044995156985
615	615	100	0.985902358956805	0.985734496577083	0.986070221336526
616	616	100	0.985926482765305	0.985758818419404	0.986094147111206
617	617	100	0.985950550755098	0.985784047626356	0.986117053883839
618	618	100	0.985977403749127	0.985811824665724	0.986142982832529
619	619	100	0.986004069733786	0.98583894265	0.986169196817572
620	620	100	0.986021516425604	0.985855728493842	0.986187304357367
621	621	100	0.986042722704869	0.985876702359742	0.986208743049997
622	622	100	0.986065333985734	0.98589978224735	0.986230885724119
623	623	100	0.986087599815364	0.985922289033464	0.986252910597264
624	624	100	0.986113932528405	0.985948855086281	0.986279009970529
625	625	100	0.986135431632906	0.985969311575248	0.986301551690565
626	626	100	0.986164686294942	0.985998105840948	0.986331266748935
627	627	100	0.986189640462088	0.98602501887156	0.986354262052615
628	628	100	0.986209469323572	0.986045071422468	0.986373867224676
629	629	100	0.986233882845444	0.986070009889546	0.986397755801342
630	630	100	0.986263208743502	0.98609787381371	0.986428543673295
631	631	100	0.986286689682728	0.986121732263087	0.986451647102369
632	632	100	0.986310897356166	0.986145409270784	0.986476385441549
633	633	100	0.986333020229585	0.986167659702421	0.98649838075675
634	634	100	0.986359897267446	0.986194395751228	0.986525398783663
635	635	100	0.986382087336772	0.986216810164341	0.986547364509202
636	636	100	0.986402904823059	0.986237921814483	0.986567887831635
637	637	100	0.986435995341668	0.986271385091041	0.986600605592296
638	638	100	0.986454356588295	0.986289377269561	0.986619335907029
639	639	100	0.986477268093514	0.986311327140875	0.986643209046153
640	640	100	0.98650214223045	0.986337000047748	0.986667284413153
641	641	100	0.986520853717199	0.98635535274693	0.986686354687468
642	642	100	0.986549541293542	0.986384153516157	0.986714929070927
643	643	100	0.986570319056474	0.986404023433683	0.986736614679264
644	644	100	0.986591501883915	0.986425823067182	0.986757180700648
645	645	100	0.986615146756421	0.986449916468745	0.986780377044098
646	646	100	0.986634947737622	0.986470444893557	0.986799450581687
647	647	100	0.986656469528005	0.986491399347074	0.986821539708937
648	648	100	0.986674625675581	0.986510356607678	0.986838894743484
649	649	100	0.98669684308157	0.986533001978334	0.986860684184805
650	650	100	0.986720136770288	0.986555422970451	0.986884850570124
651	651	100	0.986737650381265	0.986572748379532	0.986902552382998
652	652	100	0.986765210139156	0.986600339350037	0.986930080928275
653	653	100	0.98679132145897	0.986626434922767	0.986956207995173
654	654	100	0.986821193604825	0.986656805618422	0.986985581591229
655	655	100	0.98684256877212	0.986678305907032	0.987006831637207
656	656	100	0.986863862059736	0.986699161401915	0.987028562717556
657	657	100	0.986891405329397	0.986727228025412	0.987055582633382
658	658	100	0.98691537966359	0.986752081124548	0.987078678202633
659	659	100	0.986940286240196	0.986777503063146	0.987103069417247
660	660	100	0.986958094468693	0.986795079804164	0.987121109133221
661	661	100	0.986979468198043	0.986816073254758	0.987142863141327
662	662	100	0.987008734629584	0.986845720192467	0.987171749066701
663	663	100	0.987029296694787	0.986866351057969	0.987192242331605
664	664	100	0.987054094239005	0.986891874234934	0.987216314243076
665	665	100	0.98707527653082	0.986912144324846	0.987238408736794
666	666	100	0.987097375757472	0.986934544232233	0.987260207282712
667	667	100	0.987113466946069	0.986950888710122	0.987276045182017
668	668	100	0.987138135322434	0.986977107819282	0.987299162825586
669	669	100	0.987159984466868	0.9869994315296	0.987320537404135
670	670	100	0.987182944581322	0.987022585897289	0.987343303265354
671	671	100	0.987204624605509	0.98704409004995	0.987365159161068
672	672	100	0.987225653187656	0.987065736966339	0.987385569408972
673	673	100	0.987248758658507	0.987088764144701	0.987408753172314
674	674	100	0.987267836719945	0.987108245827319	0.987427427612571
675	675	100	0.98728593014369	0.987126267629112	0.987445592658269
676	676	100	0.987315801003806	0.987155782799561	0.98747581920805
677	677	100	0.987340315591797	0.987181583699629	0.987499047483964
678	678	100	0.987362657437062	0.987204668328707	0.987520646545417
679	679	100	0.987378121937758	0.987220430453016	0.9875358134225
680	680	100	0.98740238040568	0.987245634712265	0.987559126099094
681	681	100	0.987427495702301	0.987271576247361	0.987583415157242
682	682	100	0.987452380296819	0.987296614961964	0.987608145631675
683	683	100	0.987475517826379	0.987319530744963	0.987631504907794
684	684	100	0.987495697942151	0.987339553875086	0.987651842009217
685	685	100	0.987520506739519	0.987364232572404	0.987676780906633
686	686	100	0.987544740142294	0.987388498148308	0.98770098213628
687	687	100	0.987567546699488	0.987411191429013	0.987723901969963
688	688	100	0.987591246882197	0.987434786236311	0.987747707528083
689	689	100	0.987609366049358	0.987453130925336	0.98776560117338
690	690	100	0.987634275011441	0.987478657283948	0.987789892738934
691	691	100	0.98765041654606	0.987494887345737	0.987805945746384
692	692	100	0.98767377874246	0.987518420031243	0.987829137453676
693	693	100	0.987694617044818	0.987538470749316	0.987850763340319
694	694	100	0.98771481779745	0.987558944992105	0.987870690602794
695	695	100	0.987740216752122	0.987583885052804	0.98789654845144
696	696	100	0.987768140384131	0.987611798095069	0.987924482673193
697	697	100	0.987787158882173	0.987631165517662	0.987943152246684
698	698	100	0.987813784972836	0.987657412624697	0.987970157320975
699	699	100	0.987831024693297	0.987674618038708	0.987987431347885
700	700	100	0.98784917951792	0.987692957603079	0.988005401432762
701	701	100	0.98786997176656	0.987714228568691	0.988025714964428
702	702	100	0.987897104865909	0.987741526630953	0.988052683100866
703	703	100	0.98792134455956	0.987764204424223	0.988078484694897
704	704	100	0.98794335956955	0.987786704702146	0.988100014436953
705	705	100	0.987964131437106	0.987808551922464	0.988119710951747
706	706	100	0.987986118745421	0.987830762336066	0.988141475154776
707	707	100	0.988007007602159	0.987852253861272	0.988161761343046
708	708	100	0.988040002530239	0.987885364051257	0.988194641009221
709	709	100	0.988060221940154	0.987905380225522	0.988215063654786
710	710	100	0.988081317785921	0.987926855942698	0.988235779629144
711	711	100	0.9880992985396	0.987944518949078	0.988254078130122
712	712	100	0.988121443656586	0.987967800801956	0.988275086511217
713	713	100	0.988137033323982	0.98798324112187	0.988290825526095
714	714	100	0.988158118490458	0.988004743995637	0.988311492985278
715	715	100	0.988180490474639	0.988029030220691	0.988331950728587
716	716	100	0.988202806162641	0.988051674787373	0.988353937537909
717	717	100	0.98822270120122	0.988071747465761	0.988373654936678
718	718	100	0.988241898517174	0.988090942930892	0.988392854103455
719	719	100	0.988263442304893	0.988112185564684	0.988414699045101
720	720	100	0.988294763931428	0.988143359357985	0.988446168504872
721	721	100	0.988318492443612	0.988166575331841	0.988470409555382
722	722	100	0.988344900569198	0.988192351198576	0.98849744993982
723	723	100	0.988369506042821	0.988217771555275	0.988521240530368
724	724	100	0.988394884281325	0.988242364550855	0.988547404011795
725	725	100	0.988422425596027	0.988270088633585	0.98857476255847
726	726	100	0.988445598177979	0.988293897926064	0.988597298429893
727	727	100	0.988460373053739	0.988309211904108	0.988611534203369
728	728	100	0.988483043249599	0.988332702995372	0.988633383503826
729	729	100	0.988500191601778	0.988350403898715	0.98864997930484
730	730	100	0.988522377646245	0.988373181418436	0.988671573874054
731	731	100	0.988544608676981	0.988395583620358	0.988693633733605
732	732	100	0.98856931508517	0.988420924811906	0.988717705358435
733	733	100	0.988589796554817	0.988441119450028	0.988738473659605
734	734	100	0.988607225976475	0.988458435666153	0.988756016286797
735	735	100	0.98862574500865	0.988476550874571	0.988774939142729
736	736	100	0.988646649710684	0.988497112649042	0.988796186772327
737	737	100	0.988665636117751	0.988516587399294	0.988814684836207
738	738	100	0.988685544777506	0.988536891042777	0.988834198512235
739	739	100	0.988708206544288	0.988560435550607	0.988855977537969
740	740	100	0.988727037417478	0.988579106942865	0.988874967892092
741	741	100	0.988746772076445	0.988599506279243	0.988894037873647
742	742	100	0.988766302999385	0.988618726413408	0.988913879585361
743	743	100	0.988788259572809	0.988640785797331	0.988935733348287
744	744	100	0.988813573792654	0.988667139540875	0.988960008044433
745	745	100	0.988837495246637	0.988691054153155	0.988983936340118
746	746	100	0.98885948378778	0.988712810876185	0.989006156699374
747	747	100	0.988879363264236	0.988732449208439	0.989026277320034
748	748	100	0.988899827764926	0.988753377453116	0.989046278076735
749	749	100	0.988917095797867	0.988770975037388	0.989063216558346
750	750	100	0.988940387821371	0.988794534108232	0.98908624153451
751	751	100	0.988956868941739	0.988811273728767	0.989102464154711
752	752	100	0.988978532946257	0.988832567584154	0.989124498308361
753	753	100	0.988999427131086	0.988854384151631	0.98914447011054
754	754	100	0.989017468336971	0.988872443705149	0.989162492968793
755	755	100	0.98903556024903	0.988891184574143	0.989179935923917
756	756	100	0.98906011550204	0.98891663297394	0.98920359803014
757	757	100	0.989088287997409	0.988943866134326	0.989232709860493
758	758	100	0.9891095232202	0.98896536304652	0.98925368339388
759	759	100	0.989126652737444	0.988982432962343	0.989270872512545
760	760	100	0.98914583891394	0.989001460556006	0.989290217271875
761	761	100	0.989165186462599	0.989021313296312	0.989309059628886
762	762	100	0.989191338172195	0.989046856373097	0.989335819971293
763	763	100	0.989218701048373	0.989073798819572	0.989363603277174
764	764	100	0.989236861350634	0.989092050174721	0.989381672526547
765	765	100	0.989257185765525	0.989112256858231	0.989402114672819
766	766	100	0.989276693625573	0.98913231615314	0.989421071098005
767	767	100	0.989296936586931	0.989151956293452	0.98944191688041
768	768	100	0.989317927543973	0.98917242415695	0.989463430930997
769	769	100	0.989343122422483	0.989196965417505	0.989489279427461
770	770	100	0.989367693643134	0.989223337233623	0.989512050052645
771	771	100	0.989386300015356	0.989242034532648	0.989530565498065
772	772	100	0.989406954238198	0.989262492172031	0.989551416304365
773	773	100	0.989426837427201	0.989281510202851	0.989572164651552
774	774	100	0.989443775253934	0.989298950266273	0.989588600241596
775	775	100	0.989467653436772	0.989322356545344	0.9896129503282
776	776	100	0.989491674171845	0.989346619762928	0.989636728580761
777	777	100	0.989512666854729	0.989367411308293	0.989657922401165
778	778	100	0.989535742456139	0.989391607810394	0.989679877101885
779	779	100	0.989557869246159	0.989414250732382	0.989701487759937
780	780	100	0.989575859392225	0.989431926807151	0.989719791977299
781	781	100	0.989592893142789	0.989449080273191	0.989736706012388
782	782	100	0.989611359033912	0.989467843032882	0.989754875034942
783	783	100	0.989634500809611	0.989490688825177	0.989778312794045
784	784	100	0.989655444790866	0.989511460233552	0.989799429348181
785	785	100	0.989677308078483	0.989533215186892	0.989821400970074
786	786	100	0.989697526092251	0.989553928639953	0.989841123544549
787	787	100	0.9897206959444	0.989578599669846	0.989862792218953
788	788	100	0.989742427495789	0.989601913468636	0.989882941522942
789	789	100	0.989762075298056	0.989622290641656	0.989901859954456
790	790	100	0.989782557567344	0.989642251291176	0.989922863843512
791	791	100	0.989802277170301	0.989662443095425	0.989942111245177
792	792	100	0.989824699522498	0.989685280834279	0.989964118210717
793	793	100	0.989845249842448	0.98970554096456	0.989984958720337
794	794	100	0.989861983666179	0.989722155461278	0.990001811871081
795	795	100	0.989884843276186	0.989743852771273	0.990025833781098
796	796	100	0.989902085806244	0.989761907350174	0.990042264262314
797	797	100	0.989924363076682	0.989784309933679	0.990064416219685
798	798	100	0.989946066454367	0.989807761916837	0.990084370991897
799	799	100	0.989978112295462	0.989840856757869	0.990115367833054
800	800	100	0.989995532572755	0.989859003710435	0.990132061435076
801	801	100	0.990012771736555	0.989876074203685	0.990149469269425
802	802	100	0.990031664477676	0.989894827122455	0.990168501832897
803	803	100	0.990054200140995	0.989918202843673	0.990190197438316
804	804	100	0.990072149122919	0.989935509235429	0.990208789010409
805	805	100	0.990090589847013	0.989954046782791	0.990227132911235
806	806	100	0.990117228593561	0.989981452999397	0.990253004187725
807	807	100	0.990136306008834	0.9899999590909	0.990272652926767
808	808	100	0.990155864370352	0.990020040901235	0.990291687839468
809	809	100	0.990173211553063	0.990036785945287	0.990309637160838
810	810	100	0.990199511327008	0.990062497017131	0.990336525636885
811	811	100	0.990219286153659	0.990082870937065	0.990355701370254
812	812	100	0.990239500939166	0.990103093236397	0.990375908641935
813	813	100	0.99025859976993	0.990122107331261	0.990395092208599
814	814	100	0.990283578202785	0.990147593896703	0.990419562508868
815	815	100	0.990300649508649	0.990165195079559	0.99043610393774
816	816	100	0.990326475600288	0.990192179171993	0.990460772028583
817	817	100	0.990348285426635	0.99021326220357	0.990483308649699
818	818	100	0.990369141213807	0.990234144903147	0.990504137524466
819	819	100	0.990395689374304	0.990260233299803	0.990531145448806
820	820	100	0.990415802789019	0.990280244435737	0.990551361142301
821	821	100	0.99043677306569	0.990301873708806	0.990571672422574
822	822	100	0.99045136714402	0.990316808758648	0.990585925529391
823	823	100	0.990475042892585	0.990340393879449	0.99060969190572
824	824	100	0.990494005536255	0.990359700310518	0.990628310761992
825	825	100	0.990513766278098	0.990380147610136	0.990647384946061
826	826	100	0.990531469954329	0.990398442185693	0.990664497722966
827	827	100	0.990552125439841	0.990419715288628	0.990684535591054
828	828	100	0.99057314784783	0.990441526999366	0.990704768696294
829	829	100	0.990593722215294	0.99046156529428	0.990725879136307
830	830	100	0.990611729880857	0.990479132501128	0.990744327260585
831	831	100	0.990629958997778	0.990497385147475	0.99076253284808
832	832	100	0.9906493591018	0.990517077321372	0.990781640882228
833	833	100	0.990669423615755	0.990537650064616	0.990801197166893
834	834	100	0.990686134701761	0.990554263622787	0.990818005780734
835	835	100	0.990707416167499	0.99057636189891	0.990838470436089
836	836	100	0.99073485583026	0.990603892080784	0.990865819579736
837	837	100	0.990751526913298	0.990620652157983	0.990882401668614
838	838	100	0.99076775749071	0.990637371942377	0.990898143039043
839	839	100	0.990786340185314	0.990657496829266	0.990915183541363
840	840	100	0.990809257314367	0.990679766474274	0.990938748154461
841	841	100	0.990825894177216	0.990696377474707	0.990955410879726
842	842	100	0.990842283893585	0.990712839386628	0.990971728400543
843	843	100	0.990864800433512	0.990735154203977	0.990994446663048
844	844	100	0.990881575221653	0.990752541846908	0.991010608596398
845	845	100	0.990902452544986	0.990772482027466	0.991032423062505
846	846	100	0.990922666515983	0.990792910652045	0.991052422379921
847	847	100	0.990941662394978	0.990812032920407	0.991071291869548
848	848	100	0.990957754102668	0.9908285133157	0.991086994889636
849	849	100	0.990979288978466	0.990849775063509	0.991108802893423
850	850	100	0.990995903936783	0.99086672676368	0.991125081109887
851	851	100	0.991010961496505	0.99088157945237	0.99114034354064
852	852	100	0.991031031561746	0.990902381057073	0.991159682066419
853	853	100	0.991051766210396	0.990922981198595	0.991180551222197
854	854	100	0.991073783442588	0.990944895922539	0.991202670962637
855	855	100	0.991096540742825	0.990967694052258	0.991225387433392
856	856	100	0.991119738800556	0.990991909825927	0.991247567775184
857	857	100	0.991138906436711	0.991011378477038	0.991266434396384
858	858	100	0.991163582155188	0.991036016010482	0.991291148299895
859	859	100	0.991183810073276	0.99105446045501	0.991313159691542
860	860	100	0.991203873019607	0.991074801811771	0.991332944227444
861	861	100	0.991223148961275	0.991094328473886	0.991351969448663
862	862	100	0.991242196531868	0.991112793028457	0.99137160003528
863	863	100	0.9912653425611	0.991137036780743	0.991393648341457
864	864	100	0.991279668082836	0.991151144909618	0.991408191256055
865	865	100	0.991303436022214	0.991174595318634	0.991432276725794
866	866	100	0.991318559506313	0.991189679886942	0.991447439125684
867	867	100	0.991337680851109	0.991209826008118	0.9914655356941
868	868	100	0.991356556607613	0.991229814427951	0.991483298787275
869	869	100	0.991377405321053	0.99125090488229	0.991503905759815
870	870	100	0.99139918783726	0.991273575381602	0.991524800292919
871	871	100	0.991420790813176	0.991294610217273	0.991546971409079
872	872	100	0.991440321178859	0.99131454498904	0.991566097368678
873	873	100	0.991461048267437	0.991336324399917	0.991585772134957
874	874	100	0.991481537565807	0.991357293533722	0.991605781597891
875	875	100	0.991497496339675	0.991373666263849	0.991621326415502
876	876	100	0.991511547717927	0.991388121948304	0.991634973487549
877	877	100	0.991532858168518	0.99140923888315	0.991656477453887
878	878	100	0.991552329404809	0.991429033040633	0.991675625768986
879	879	100	0.991569267196446	0.991447019468619	0.991691514924273
880	880	100	0.991591469563419	0.99146971977739	0.991713219349448
881	881	100	0.991613330156793	0.991492434892305	0.991734225421281
882	882	100	0.991630825048433	0.991509801395906	0.991751848700961
883	883	100	0.991652827745665	0.991531593368833	0.991774062122496
884	884	100	0.99167078912839	0.991550504152016	0.991791074104764
885	885	100	0.991691357713732	0.9915723197734	0.991810395654064
886	886	100	0.991708191649483	0.991590052334042	0.991826330964925
887	887	100	0.991724981667463	0.991606381449833	0.991843581885093
888	888	100	0.991748132975442	0.991629942269099	0.991866323681785
889	889	100	0.991773002245617	0.99165568938562	0.991890315105613
890	890	100	0.99179612295113	0.99167864783429	0.991913598067969
891	891	100	0.991813143031316	0.991695852416954	0.991930433645678
892	892	100	0.991827277194905	0.991710065930703	0.991944488459107
893	893	100	0.991848904088274	0.991730919411205	0.991966888765343
894	894	100	0.991865384195317	0.991748026019916	0.991982742370717
895	895	100	0.991880867288876	0.991763903238217	0.991997831339535
896	896	100	0.991897851946736	0.99178095674396	0.992014747149511
897	897	100	0.991916168651911	0.991798838025264	0.992033499278558
898	898	100	0.991933212459515	0.991816417549495	0.992050007369534
899	899	100	0.991953009839076	0.991837739544289	0.992068280133863
900	900	100	0.991971196729037	0.991855882919081	0.992086510538993
901	901	100	0.991988038709074	0.991873139236631	0.992102938181517
902	902	100	0.992005466793504	0.991890913964054	0.992120019622953
903	903	100	0.992024366291412	0.991910522292081	0.992138210290742
904	904	100	0.992041212824294	0.991928050532251	0.992154375116337
905	905	100	0.992063362235725	0.99195116491456	0.992175559556891
906	906	100	0.992077911611404	0.991966063781986	0.992189759440821
907	907	100	0.992100364199043	0.991988569020915	0.992212159377171
908	908	100	0.992117987549777	0.992006630130276	0.992229344969278
909	909	100	0.992132237363982	0.992020738613121	0.992243736114843
910	910	100	0.992147332944857	0.992035705234353	0.99225896065536
911	911	100	0.992166212403063	0.992054153723605	0.992278271082521
912	912	100	0.992184392270695	0.992072411348694	0.992296373192697
913	913	100	0.992202482728553	0.992090717806046	0.992314247651061
914	914	100	0.992219642745681	0.992107621964692	0.992331663526671
915	915	100	0.992237194326755	0.992123991042411	0.992350397611098
916	916	100	0.992256793041644	0.992144597887519	0.99236898819577
917	917	100	0.992274205520206	0.992161719635111	0.992386691405301
918	918	100	0.992293673771539	0.99218205454265	0.992405293000428
919	919	100	0.992314591884355	0.992203366699622	0.992425817069088
920	920	100	0.992335433391303	0.992224888627552	0.992445978155054
921	921	100	0.992355731986176	0.992244503835261	0.99246696013709
922	922	100	0.992373457669546	0.99226215051659	0.992484764822503
923	923	100	0.992388197412317	0.992277064258143	0.992499330566491
924	924	100	0.992408665701345	0.992297576133396	0.992519755269294
925	925	100	0.992427918694273	0.992316921800457	0.992538915588089
926	926	100	0.992444786584666	0.992334341764935	0.992555231404397
927	927	100	0.992464469991294	0.992353109987014	0.992575829995573
928	928	100	0.992483808239196	0.992372006188385	0.992595610290008
929	929	100	0.992504027885702	0.992392704231704	0.9926153515397
930	930	100	0.99252228630123	0.992410691673483	0.992633880928977
931	931	100	0.992541757320268	0.992429983201705	0.992653531438831
932	932	100	0.99255695011674	0.992445540790212	0.992668359443267
933	933	100	0.99257053539208	0.992459472460303	0.992681598323857
934	934	100	0.992587994030411	0.992476875657739	0.992699112403083
935	935	100	0.992601660651479	0.99249037983075	0.992712941472209
936	936	100	0.992619349626846	0.992507877217126	0.992730822036566
937	937	100	0.992634040666085	0.992522957670425	0.992745123661745
938	938	100	0.992652270266229	0.992542597619315	0.992761942913143
939	939	100	0.992673475054979	0.992563303726017	0.992783646383941
940	940	100	0.992691629139595	0.992581600407232	0.992801657871958
941	941	100	0.992709991748533	0.992599495958565	0.9928204875385
942	942	100	0.992729012942159	0.992619591349184	0.992838434535134
943	943	100	0.992742394216	0.992632726843842	0.992852061588158
944	944	100	0.992761606064222	0.992651401177245	0.992871810951199
945	945	100	0.992780686283253	0.992670458702431	0.992890913864075
946	946	100	0.992797294496469	0.992687039618029	0.992907549374909
947	947	100	0.992811979027626	0.992701780464345	0.992922177590907
948	948	100	0.992830109147212	0.992719259123517	0.992940959170908
949	949	100	0.992851319606023	0.992740314568892	0.992962324643153
950	950	100	0.992867975648788	0.99275679278103	0.992979158516546
951	951	100	0.992886274987166	0.992775732246308	0.992996817728023
952	952	100	0.992900591614532	0.992790056398162	0.993011126830902
953	953	100	0.992918676568369	0.992808669713417	0.993028683423321
954	954	100	0.99293680993947	0.992827154447266	0.993046465431673
955	955	100	0.992955052432302	0.99284534592615	0.993064758938454
956	956	100	0.992975910751416	0.992866670705142	0.993085150797691
957	957	100	0.992990368909652	0.992881090320727	0.993099647498577
958	958	100	0.993011128587836	0.992902087453876	0.993120169721795
959	959	100	0.993029755598703	0.992921289654043	0.993138221543364
960	960	100	0.993047209710461	0.992939007859157	0.993155411561765
961	961	100	0.99306243399841	0.9929542207805	0.993170647216322
962	962	100	0.993084011141262	0.992976119881414	0.99319190240111
963	963	100	0.993102151234263	0.992995321223949	0.993208981244577
964	964	100	0.993119495780329	0.993012725030729	0.99322626652993
965	965	100	0.993143526348642	0.993037412666237	0.993249640031046
966	966	100	0.993163907110211	0.993058881153857	0.993268933066565
967	967	100	0.993182397384901	0.993077473727034	0.993287321042767
968	968	100	0.993201190618069	0.993095904181768	0.99330647705437
969	969	100	0.993215482231234	0.993110391852476	0.993320572609991
970	970	100	0.993236718640724	0.993132026801199	0.993341410480249
971	971	100	0.993255286689595	0.993149949176492	0.993360624202698
972	972	100	0.99326950791749	0.993164570593662	0.993374445241318
973	973	100	0.993293480496919	0.993187690514879	0.993399270478958
974	974	100	0.993311933831863	0.993206784834293	0.993417082829433
975	975	100	0.993328697039315	0.993223865684175	0.993433528394455
976	976	100	0.993349894793044	0.993245407427116	0.993454382158971
977	977	100	0.993375971170707	0.993274403698767	0.993477538642647
978	978	100	0.993393501726841	0.993291638523963	0.99349536492972
979	979	100	0.993415375370326	0.993313874470698	0.993516876269953
980	980	100	0.993432991781971	0.99333112804425	0.993534855519692
981	981	100	0.993458638066649	0.993357784724218	0.99355949140908
982	982	100	0.993476697098364	0.99337562702123	0.993577767175497
983	983	100	0.993491452079599	0.993390252951719	0.993592651207479
984	984	100	0.993510238261451	0.99340913206531	0.993611344457593
985	985	100	0.993527189519106	0.993425933628798	0.993628445409414
986	986	100	0.993540236843097	0.993439438318419	0.993641035367775
987	987	100	0.993557369292071	0.993456928184885	0.993657810399256
988	988	100	0.993575718388595	0.993475546349048	0.993675890428143
989	989	100	0.993589147654631	0.993489038647786	0.993689256661476
990	990	100	0.993601614568822	0.993502076439845	0.993701152697799
991	991	100	0.993617741902297	0.993517925044532	0.993717558760061
992	992	100	0.993636419440814	0.993537078370095	0.993735760511534
993	993	100	0.993659817859676	0.993561067045596	0.993758568673756
994	994	100	0.993678721932829	0.993580280818958	0.9937771630467
995	995	100	0.993694165261135	0.993595865414805	0.993792465107465
996	996	100	0.993709367459735	0.993611334979848	0.993807399939623
997	997	100	0.993727160268172	0.99362906417886	0.993825256357485
998	998	100	0.993741515958259	0.993643973643467	0.993839058273052
999	999	100	0.993756509914749	0.993659057427802	0.993853962401696
1000	1000	100	0.993776517559171	0.99367995001924	0.993873085099101
1001	1001	100	0.993797715717078	0.993701671294724	0.993893760139431
1002	1002	100	0.993816493612046	0.993720278663446	0.993912708560646
1003	1003	100	0.993831468658992	0.993735753635572	0.993927183682413
1004	1004	100	0.993851964752381	0.99375705531887	0.993946874185892
1005	1005	100	0.993865525808738	0.993771037979575	0.993960013637901
1006	1006	100	0.99388335953874	0.993789470251416	0.993977248826063
1007	1007	100	0.993901900501159	0.993808052964455	0.993995748037863
1008	1008	100	0.993920928746664	0.993827809161784	0.994014048331543
1009	1009	100	0.993938978285368	0.993845840125469	0.994032116445266
1010	1010	100	0.993957334162945	0.993864881900111	0.994049786425778
1011	1011	100	0.993975990736772	0.993883939223319	0.994068042250225
1012	1012	100	0.993991905355158	0.993899198868129	0.994084611842187
1013	1013	100	0.994004045808184	0.993911544269096	0.994096547347272
1014	1014	100	0.994022798416033	0.99393082664798	0.994114770184087
1015	1015	100	0.994040174744848	0.993948107740736	0.994132241748959
1016	1016	100	0.994057716346851	0.993966171508714	0.994149261184988
1017	1017	100	0.994073701925974	0.993982599236958	0.99416480461499
1018	1018	100	0.994088354292451	0.99399706809774	0.994179640487163
1019	1019	100	0.994105505569626	0.994014223758796	0.994196787380456
1020	1020	100	0.994121498555284	0.994029698977725	0.994213298132843
1021	1021	100	0.99413773978579	0.994045728003738	0.994229751567842
1022	1022	100	0.994153345241122	0.994061407886646	0.994245282595598
1023	1023	100	0.994175356340688	0.994082870677211	0.994267842004165
1024	1024	100	0.994195170699758	0.994102853899423	0.994287487500094
1025	1025	100	0.994208104632462	0.994115907833505	0.994300301431419
1026	1026	100	0.99422534608329	0.994133082125148	0.994317610041432
1027	1027	100	0.994244417719661	0.994151370778603	0.994337464660718
1028	1028	100	0.994265369637266	0.994173308949623	0.994357430324908
1029	1029	100	0.994281682325625	0.994189851049176	0.994373513602075
1030	1030	100	0.994297539896207	0.994206036114764	0.994389043677649
1031	1031	100	0.994315456244478	0.994224377231421	0.994406535257535
1032	1032	100	0.994330170432075	0.994238089581723	0.994422251282428
1033	1033	100	0.994346350828813	0.99425452595509	0.994438175702536
1034	1034	100	0.994365355119304	0.994272484308476	0.994458225930132
1035	1035	100	0.994384546742164	0.99429184508549	0.994477248398839
1036	1036	100	0.99440568518576	0.994313630887637	0.994497739483882
1037	1037	100	0.994421885018419	0.994330469178321	0.994513300858518
1038	1038	100	0.994439022642927	0.994348208310494	0.99452983697536
1039	1039	100	0.994455334192095	0.994365302721018	0.994545365663173
1040	1040	100	0.99447470132416	0.994385382686804	0.994564019961516
1041	1041	100	0.994487507950062	0.994398195872871	0.994576820027253
1042	1042	100	0.994503827834356	0.994414195765832	0.99459345990288
1043	1043	100	0.994520383456325	0.994431118337617	0.994609648575033
1044	1044	100	0.994540068757143	0.994450679984386	0.994629457529899
1045	1045	100	0.994559729810588	0.994469664005579	0.994649795615596
1046	1046	100	0.994575189782697	0.994484890667783	0.994665488897611
1047	1047	100	0.994591011710033	0.994500693394363	0.994681330025704
1048	1048	100	0.994607467497905	0.994517157144938	0.994697777850871
1049	1049	100	0.994623963552671	0.994533999022417	0.994713928082925
1050	1050	100	0.994640870285522	0.994550960275035	0.994730780296009
1051	1051	100	0.994656815288925	0.994566759396994	0.994746871180856
1052	1052	100	0.994670966417137	0.994580373909093	0.99476155892518
1053	1053	100	0.994683979411149	0.994593567330051	0.994774391492248
1054	1054	100	0.994700145269604	0.994609313734278	0.994790976804929
1055	1055	100	0.994717391132949	0.994627257019456	0.994807525246441
1056	1056	100	0.9947371269494	0.99464735031258	0.99482690358622
1057	1057	100	0.994755381488936	0.994666949809981	0.99484381316789
1058	1058	100	0.99477403764423	0.994685348839255	0.994862726449204
1059	1059	100	0.994793805873946	0.994704198804777	0.994883412943116
1060	1060	100	0.994808407089679	0.994718530117955	0.994898284061403
1061	1061	100	0.994826860167972	0.994736449183645	0.994917271152299
1062	1062	100	0.994839874159467	0.994749974552447	0.994929773766488
1063	1063	100	0.994858926311577	0.994769303109628	0.994948549513526
1064	1064	100	0.994876314040488	0.99478727650902	0.994965351571957
1065	1065	100	0.994889098673009	0.994800924271919	0.994977273074099
1066	1066	100	0.994903933630384	0.994816067917268	0.994991799343501
1067	1067	100	0.994920000936163	0.994832123604558	0.995007878267769
1068	1068	100	0.994936829419228	0.994849397451906	0.99502426138655
1069	1069	100	0.994954950257006	0.994868953810809	0.995040946703203
1070	1070	100	0.994968592657971	0.9948827007999	0.995054484516041
1071	1071	100	0.994983394693756	0.994897900699588	0.995068888687925
1072	1072	100	0.995002945864976	0.994918433466576	0.995087458263377
1073	1073	100	0.995013985145522	0.994929451765331	0.995098518525713
1074	1074	100	0.9950336523889	0.994948960627019	0.995118344150782
1075	1075	100	0.995048017464153	0.994962849143124	0.995133185785181
1076	1076	100	0.995062017409081	0.994977385413754	0.995146649404408
1077	1077	100	0.995081084577309	0.994996564974575	0.995165604180044
1078	1078	100	0.995099924097432	0.995015942841161	0.995183905353702
1079	1079	100	0.995117812068824	0.995034494037272	0.995201130100376
1080	1080	100	0.995135399534477	0.995053011942399	0.995217787126556
1081	1081	100	0.995152157206222	0.995070343403497	0.995233971008948
1082	1082	100	0.995173847891308	0.995092330168	0.995255365614616
1083	1083	100	0.995196400763426	0.995115605007633	0.995277196519219
1084	1084	100	0.995211615576504	0.995130937488733	0.995292293664276
1085	1085	100	0.995230611493027	0.995149536251882	0.995311686734173
1086	1086	100	0.995245718762008	0.995164794798841	0.995326642725176
1087	1087	100	0.99526514661107	0.995184062588726	0.995346230633413
1088	1088	100	0.995280255918195	0.995200561971284	0.995359949865106
1089	1089	100	0.995298479876291	0.995217879510176	0.995379080242407
1090	1090	100	0.995314801359396	0.99523362222447	0.995395980494322
1091	1091	100	0.995334887153733	0.995253982084518	0.995415792222948
1092	1092	100	0.995349451437986	0.995269549796744	0.995429353079227
1093	1093	100	0.995363169266493	0.995282929431797	0.995443409101188
1094	1094	100	0.99537928787293	0.995298585077518	0.995459990668343
1095	1095	100	0.995393621341115	0.995313203272567	0.995474039409663
1096	1096	100	0.99540595919238	0.995325879575605	0.995486038809155
1097	1097	100	0.995420603847906	0.995340861562128	0.995500346133683
1098	1098	100	0.995435943510161	0.995356780867463	0.99551510615286
1099	1099	100	0.995452381314985	0.995373942553162	0.995530820076808
1100	1100	100	0.995468598899878	0.995390289748874	0.995546908050882
1101	1101	100	0.995481133591847	0.995403280051582	0.995558987132112
1102	1102	100	0.995495900277496	0.995419262455882	0.995572538099111
1103	1103	100	0.995513445337976	0.995437091729322	0.995589798946629
1104	1104	100	0.995529504494341	0.995453654801284	0.995605354187398
1105	1105	100	0.995545323370323	0.995469527730678	0.995621119009967
1106	1106	100	0.995562461860773	0.995487142156138	0.995637781565407
1107	1107	100	0.995577280228791	0.9955022752516	0.995652285205982
1108	1108	100	0.995592148206275	0.995517722381804	0.995666574030746
1109	1109	100	0.995605720291713	0.995531066439861	0.995680374143565
1110	1110	100	0.995626165454981	0.995551740204868	0.995700590705093
1111	1111	100	0.995640338303109	0.995566455409128	0.99571422119709
1112	1112	100	0.995655231509699	0.995581925593839	0.99572853742556
1113	1113	100	0.995669301483587	0.995596236593364	0.995742366373809
1114	1114	100	0.995687035704334	0.995614698289003	0.995759373119666
1115	1115	100	0.995706514894429	0.995634745052531	0.995778284736327
1116	1116	100	0.995723253148992	0.995651333561114	0.995795172736871
1117	1117	100	0.995735987178999	0.99566456102573	0.995807413332268
1118	1118	100	0.99575714155877	0.995686369535166	0.995827913582375
1119	1119	100	0.99577073663339	0.995699696017409	0.995841777249371
1120	1120	100	0.995789325565361	0.995718830569085	0.995859820561637
1121	1121	100	0.995804016440766	0.995733823669317	0.995874209212215
1122	1122	100	0.995823610509312	0.995754188643195	0.995893032375429
1123	1123	100	0.995840101408699	0.995770842295988	0.995909360521411
1124	1124	100	0.995856040240579	0.995786507778263	0.995925572702896
1125	1125	100	0.995872626473112	0.995803097150016	0.995942155796209
1126	1126	100	0.995887368329334	0.995817338850241	0.995957397808427
1127	1127	100	0.995905909965485	0.995836966252181	0.99597485367879
1128	1128	100	0.995919455514607	0.995850682011351	0.995988229017864
1129	1129	100	0.995935939293618	0.995867932034024	0.996003946553213
1130	1130	100	0.995949868776845	0.995881638907068	0.996018098646622
1131	1131	100	0.995959694379821	0.995891617965389	0.996027770794253
1132	1132	100	0.995972500616366	0.99590437899544	0.996040622237292
1133	1133	100	0.995986505327237	0.995918684731176	0.996054325923297
1134	1134	100	0.996000295431168	0.995931636999921	0.996068953862414
1135	1135	100	0.996015611991212	0.995947481630919	0.996083742351504
1136	1136	100	0.996033483363723	0.995965661222578	0.996101305504868
1137	1137	100	0.996046291069499	0.995978672014691	0.996113910124306
1138	1138	100	0.996061790155592	0.995993780784819	0.996129799526364
1139	1139	100	0.996077548966786	0.996010246674378	0.996144851259194
1140	1140	100	0.996092337472798	0.99602480344655	0.996159871499045
1141	1141	100	0.99610886547247	0.996041273549808	0.996176457395132
1142	1142	100	0.996124779132949	0.996057177831743	0.996192380434156
1143	1143	100	0.996135758988365	0.996068157375744	0.996203360600987
1144	1144	100	0.996150271634267	0.99608225147437	0.996218291794164
1145	1145	100	0.996166417626165	0.996098517714901	0.996234317537429
1146	1146	100	0.996183756768663	0.996116125108265	0.996251388429062
1147	1147	100	0.9961973203212	0.996130056598883	0.996264584043517
1148	1148	100	0.996209775090717	0.996142569959644	0.99627698022179
1149	1149	100	0.996226725368855	0.99615959861034	0.99629385212737
1150	1150	100	0.996243075848893	0.996176677430633	0.996309474267152
1151	1151	100	0.996260135017534	0.996193360510038	0.996326909525029
1152	1152	100	0.996276624996045	0.996210393487796	0.996342856504295
1153	1153	100	0.996288346306572	0.996222017541921	0.996354675071223
1154	1154	100	0.996300025870034	0.996234025437831	0.996366026302238
1155	1155	100	0.99631219853976	0.996246408097908	0.996377988981613
1156	1156	100	0.996325115183873	0.99625968758389	0.996390542783856
1157	1157	100	0.996341783917923	0.996275823536272	0.996407744299574
1158	1158	100	0.996355207578151	0.996289145611284	0.996421269545018
1159	1159	100	0.996372058187638	0.996306131662775	0.996437984712502
1160	1160	100	0.996385766479382	0.996320470364068	0.996451062594697
1161	1161	100	0.996402158995227	0.996336348092483	0.996467969897971
1162	1162	100	0.996417618946903	0.99635214458733	0.996483093306476
1163	1163	100	0.996435894510173	0.996370811476896	0.996500977543451
1164	1164	100	0.996449996673706	0.996384813320658	0.996515180026753
1165	1165	100	0.996463437720512	0.996398361201033	0.996528514239991
1166	1166	100	0.9964792997122	0.996414716167432	0.996543883256969
1167	1167	100	0.996496763511632	0.996432062481427	0.996561464541837
1168	1168	100	0.996511785471118	0.996448163219321	0.996575407722915
1169	1169	100	0.996526555908376	0.996462322424668	0.996590789392084
1170	1170	100	0.996544507708049	0.996480648584516	0.996608366831582
1171	1171	100	0.996566514729208	0.996502979214562	0.996630050243854
1172	1172	100	0.996582554337951	0.996519886915371	0.996645221760532
1173	1173	100	0.996594853080285	0.996532440658265	0.996657265502306
1174	1174	100	0.996610147862499	0.996548545479334	0.996671750245665
1175	1175	100	0.996622381655879	0.996560376123141	0.996684387188618
1176	1176	100	0.996635016950121	0.996572697200502	0.99669733669974
1177	1177	100	0.996649046296914	0.996587123306469	0.996710969287359
1178	1178	100	0.996659771931692	0.996598097198081	0.996721446665303
1179	1179	100	0.99667579870344	0.996614323660921	0.996737273745959
1180	1180	100	0.996689208143753	0.996628351374079	0.996750064913428
1181	1181	100	0.996706070871705	0.996645308186951	0.996766833556459
1182	1182	100	0.996721877815742	0.996660811733162	0.996782943898322
1183	1183	100	0.996736601147601	0.996675890802202	0.996797311493001
1184	1184	100	0.996749430199975	0.996688710452597	0.996810149947353
1185	1185	100	0.996761713214384	0.99670074987427	0.996822676554498
1186	1186	100	0.996775753696447	0.996715379789319	0.996836127603574
1187	1187	100	0.996786742991745	0.996726338889117	0.996847147094374
1188	1188	100	0.996798448728071	0.996737713555176	0.996859183900966
1189	1189	100	0.99681166324848	0.996751490165456	0.996871836331505
1190	1190	100	0.996827765008438	0.996767458999301	0.996888071017576
1191	1191	100	0.996842169445564	0.996781983253146	0.996902355637983
1192	1192	100	0.996857888750988	0.996797386702233	0.996918390799743
1193	1193	100	0.996872845786264	0.996812679318113	0.996933012254415
1194	1194	100	0.996889920334382	0.996829580060841	0.996950260607922
1195	1195	100	0.99690145821965	0.996841569968853	0.996961346470448
1196	1196	100	0.99691756250684	0.996857401696147	0.996977723317532
1197	1197	100	0.99692968211098	0.996869733121295	0.996989631100666
1198	1198	100	0.9969449401108	0.996884988112442	0.997004892109157
1199	1199	100	0.996957431739669	0.996897426153411	0.997017437325926
1200	1200	100	0.996972753619118	0.996912574170979	0.997032933067258
1201	1201	100	0.99698722994751	0.996927418735683	0.997047041159337
1202	1202	100	0.997002186556884	0.996942374621455	0.997061998492313
1203	1203	100	0.997015950620502	0.99695568865931	0.997076212581694
1204	1204	100	0.997030356772061	0.996970323692081	0.997090389852041
1205	1205	100	0.997048026302663	0.99698809770233	0.997107954902996
1206	1206	100	0.997058757937399	0.996998841264941	0.997118674609857
1207	1207	100	0.997071313155469	0.997011398380693	0.997131227930244
1208	1208	100	0.997089399205858	0.997030359979322	0.997148438432394
1209	1209	100	0.997104624983227	0.997046824868694	0.99716242509776
1210	1210	100	0.997120869618913	0.997063533983649	0.997178205254177
1211	1211	100	0.997133306806659	0.997076150419028	0.997190463194289
1212	1212	100	0.997150483729915	0.997093235943452	0.997207731516377
1213	1213	100	0.997166379311847	0.997109596056989	0.997223162566704
1214	1214	100	0.997178502779963	0.99712225889673	0.997234746663196
1215	1215	100	0.997190057518004	0.997133954551577	0.997246160484431
1216	1216	100	0.997199762682535	0.997143557031099	0.997255968333972
1217	1217	100	0.997217383040009	0.997161239082567	0.99727352699745
1218	1218	100	0.997231052850783	0.997174985726189	0.997287119975377
1219	1219	100	0.997245385160736	0.997189162059354	0.997301608262118
1220	1220	100	0.997257528900394	0.997201345969036	0.997313711831752
1221	1221	100	0.997269196632558	0.997213518320697	0.997324874944418
1222	1222	100	0.99728144055453	0.997226223728184	0.997336657380877
1223	1223	100	0.997294465602402	0.997239280561462	0.997349650643342
1224	1224	100	0.99730865739784	0.99725375605749	0.997363558738191
1225	1225	100	0.997321239048118	0.997266514838758	0.997375963257478
1226	1226	100	0.997331539146979	0.997277461818283	0.997385616475676
1227	1227	100	0.997344380136575	0.997290870105344	0.997397890167805
1228	1228	100	0.997359490668013	0.997305630704784	0.997413350631242
1229	1229	100	0.997374466465586	0.997320885363932	0.997428047567241
1230	1230	100	0.997391201821745	0.997337253049668	0.997445150593821
1231	1231	100	0.997403509335142	0.997349611112887	0.997457407557397
1232	1232	100	0.997418002395156	0.997365258755336	0.997470746034977
1233	1233	100	0.99743196475357	0.997379245834073	0.997484683673066
1234	1234	100	0.997444872647297	0.997392363854353	0.997497381440242
1235	1235	100	0.997460197845468	0.997408380484271	0.997512015206665
1236	1236	100	0.99747362579408	0.997422433052933	0.997524818535227
1237	1237	100	0.997488711559935	0.997437659443593	0.997539763676279
1238	1238	100	0.997500090591675	0.997449511360671	0.997550669822679
1239	1239	100	0.997513895516595	0.997462952728599	0.997564838304591
1240	1240	100	0.997529328981858	0.997478605651112	0.997580052312603
1241	1241	100	0.997546759392194	0.99749729572132	0.997596223063068
1242	1242	100	0.99756530054599	0.997516094996793	0.997614506095187
1243	1243	100	0.997577030808257	0.997528050569386	0.997626011047127
1244	1244	100	0.997589421814705	0.997540843168451	0.997638000460958
1245	1245	100	0.997600729275586	0.99755276970893	0.997648688842243
1246	1246	100	0.9976143140589	0.997566457774706	0.997662170343093
1247	1247	100	0.997629541023778	0.997581983700232	0.997677098347325
1248	1248	100	0.997643434556156	0.997595992284163	0.99769087682815
1249	1249	100	0.997658247352454	0.9976105110143	0.997705983690609
1250	1250	100	0.997671932312958	0.997624780825253	0.997719083800662
1251	1251	100	0.997684563473251	0.997637035863458	0.997732091083043
1252	1252	100	0.997698417614183	0.99765162573939	0.997745209488976
1253	1253	100	0.997713639694909	0.997666316499717	0.997760962890101
1254	1254	100	0.997729616513997	0.997681595495631	0.997777637532363
1255	1255	100	0.997741335896072	0.997693631646455	0.997789040145689
1256	1256	100	0.997750835864677	0.997702900774044	0.99779877095531
1257	1257	100	0.997765609622712	0.997717779650737	0.997813439594688
1258	1258	100	0.997776696605118	0.997728500028268	0.997824893181968
1259	1259	100	0.997790163599698	0.997742219110272	0.997838108089123
1260	1260	100	0.997805372105319	0.99775660254606	0.997854141664578
1261	1261	100	0.997817223032427	0.997768332857625	0.997866113207228
1262	1262	100	0.997831524052859	0.997782676826706	0.997880371279013
1263	1263	100	0.997847328682362	0.997797874728527	0.997896782636196
1264	1264	100	0.997861446250441	0.997811741648289	0.997911150852593
1265	1265	100	0.997874907067258	0.997825235061131	0.997924579073385
1266	1266	100	0.997889469185502	0.997840611299229	0.997938327071775
1267	1267	100	0.997905407907734	0.997856044031945	0.997954771783522
1268	1268	100	0.99792135990316	0.997872200857454	0.997970518948867
1269	1269	100	0.997935050031533	0.997886232436011	0.997983867627054
1270	1270	100	0.997950732493911	0.997902318998594	0.997999145989227
1271	1271	100	0.997963734106643	0.997915538746766	0.99801192946652
1272	1272	100	0.997979440648885	0.997931153281931	0.998027728015838
1273	1273	100	0.997994950267763	0.997947073177176	0.99804282735835
1274	1274	100	0.998007205639713	0.997958833886094	0.998055577393331
1275	1275	100	0.998022454926827	0.997974131137499	0.998070778716156
1276	1276	100	0.998037396365101	0.997990004135612	0.99808478859459
1277	1277	100	0.998054448423991	0.998007978194941	0.99810091865304
1278	1278	100	0.998073039572317	0.998026607224405	0.99811947192023
1279	1279	100	0.998085688873575	0.998040372621563	0.998131005125586
1280	1280	100	0.998098049327202	0.99805305283158	0.998143045822823
1281	1281	100	0.998111705309275	0.998066218666352	0.998157191952197
1282	1282	100	0.998125685150553	0.998080056937457	0.998171313363649
1283	1283	100	0.998138381355947	0.998093053766493	0.998183708945401
1284	1284	100	0.998148676519664	0.998103128626468	0.99819422441286
1285	1285	100	0.998165433858606	0.998120717031059	0.998210150686153
1286	1286	100	0.998178040550476	0.998133091007199	0.998222990093754
1287	1287	100	0.998190829435087	0.998146175197519	0.998235483672655
1288	1288	100	0.998204044112086	0.998160173957443	0.998247914266729
1289	1289	100	0.998217047644803	0.998173260265639	0.998260835023967
1290	1290	100	0.998232279935947	0.998188359142711	0.998276200729183
1291	1291	100	0.998245238218697	0.998201289622861	0.998289186814533
1292	1292	100	0.998256137659723	0.998212321868524	0.998299953450921
1293	1293	100	0.998267283854698	0.998223934923161	0.998310632786236
1294	1294	100	0.998280906202473	0.99823765759748	0.998324154807465
1295	1295	100	0.99829534860954	0.998252854210363	0.998337843008717
1296	1296	100	0.998308361085462	0.998266648145457	0.998350074025467
1297	1297	100	0.99832112090594	0.998279362517082	0.998362879294798
1298	1298	100	0.998333981645302	0.998293136498659	0.998374826791945
1299	1299	100	0.998345582196564	0.998304936747453	0.998386227645674
1300	1300	100	0.99835776802621	0.998317922882159	0.998397613170261
1301	1301	100	0.998372072878693	0.998332189508917	0.99841195624847
1302	1302	100	0.998383601860757	0.998343498831444	0.99842370489007
1303	1303	100	0.998398768158267	0.998358780145844	0.99843875617069
1304	1304	100	0.998412292407712	0.998372212463201	0.998452372352222
1305	1305	100	0.998422384102454	0.998382950330606	0.998461817874301
1306	1306	100	0.998435201846993	0.998395969190281	0.998474434503704
1307	1307	100	0.998449744066971	0.998410698622175	0.998488789511767
1308	1308	100	0.998461047067191	0.998422070890615	0.998500023243767
1309	1309	100	0.998476062306203	0.998436793994539	0.998515330617867
1310	1310	100	0.998489000966791	0.998450121943096	0.998527879990486
1311	1311	100	0.998503718837176	0.998464667104987	0.998542770569366
1312	1312	100	0.998515125359047	0.998475955390742	0.998554295327353
1313	1313	100	0.998527783374923	0.998489198525973	0.998566368223873
1314	1314	100	0.998543898845161	0.998506651827485	0.998581145862837
1315	1315	100	0.998558470945083	0.998522042297498	0.998594899592668
1316	1316	100	0.998572365760372	0.998536499754662	0.998608231766083
1317	1317	100	0.998584195419929	0.99854886412446	0.998619526715398
1318	1318	100	0.998597907902347	0.99856265399046	0.998633161814234
1319	1319	100	0.998607934511361	0.998572469862942	0.998643399159779
1320	1320	100	0.998619706472032	0.998584350287584	0.998655062656481
1321	1321	100	0.998634352060754	0.998598683196777	0.998670020924732
1322	1322	100	0.998648263448802	0.998612704833961	0.998683822063644
1323	1323	100	0.998657594145833	0.998622255412832	0.998692932878834
1324	1324	100	0.998668405896596	0.998633274603419	0.998703537189773
1325	1325	100	0.998681059738263	0.998645719820444	0.998716399656083
1326	1326	100	0.998696772839814	0.998661758740032	0.998731786939595
1327	1327	100	0.998708263010428	0.998673367215252	0.998743158805603
1328	1328	100	0.9987194042159	0.998684568870013	0.998754239561788
1329	1329	100	0.998730505128505	0.998695839244067	0.998765171012942
1330	1330	100	0.998742827320477	0.998708167830996	0.998777486809957
1331	1331	100	0.998757118743614	0.998722362422948	0.99879187506428
1332	1332	100	0.998769060296861	0.998734783243447	0.998803337350276
1333	1333	100	0.998783977961089	0.998749743687643	0.998818212234535
1334	1334	100	0.998796003550247	0.998762071415017	0.998829935685477
1335	1335	100	0.998809330266062	0.998775938801775	0.99884272173035
1336	1336	100	0.998821090069897	0.998787517901305	0.998854662238488
1337	1337	100	0.998834853359443	0.998800991003792	0.998868715715094
1338	1338	100	0.998847138683353	0.99881339773003	0.998880879636675
1339	1339	100	0.998857671996143	0.998824088499983	0.998891255492302
1340	1340	100	0.998869114106831	0.998835743387475	0.998902484826187
1341	1341	100	0.998881608399279	0.998848783005958	0.998914433792601
1342	1342	100	0.998894014521651	0.998861378817914	0.998926650225388
1343	1343	100	0.998906478241411	0.998873950021806	0.998939006461015
1344	1344	100	0.998918063916639	0.998885686871283	0.998950440961995
1345	1345	100	0.998933699872648	0.998901837947139	0.998965561798157
1346	1346	100	0.998948223191678	0.998916248099775	0.99898019828358
1347	1347	100	0.998959826656128	0.998927960222315	0.99899169308994
1348	1348	100	0.998976310755362	0.998945547631153	0.999007073879571
1349	1349	100	0.998990419818374	0.998959665151824	0.999021174484925
1350	1350	100	0.999005433010524	0.998975474390258	0.99903539163079
1351	1351	100	0.999018893176666	0.998989463955839	0.999048322397494
1352	1352	100	0.999034049436681	0.999004919752762	0.999063179120601
1353	1353	100	0.999046711353738	0.999017943940816	0.99907547876666
1354	1354	100	0.999059978147086	0.999032098925168	0.999087857369004
1355	1355	100	0.999072583802607	0.999044990622553	0.99910017698266
1356	1356	100	0.999084127222467	0.999056731240696	0.999111523204238
1357	1357	100	0.999095871143744	0.999068055164147	0.999123687123341
1358	1358	100	0.999107246238598	0.999079873573584	0.999134618903611
1359	1359	100	0.999116215340096	0.999089232524838	0.999143198155354
1360	1360	100	0.999124933285392	0.99909819625658	0.999151670314204
1361	1361	100	0.99913497285197	0.999108491352486	0.999161454351455
1362	1362	100	0.999147584395483	0.999121081132533	0.999174087658433
1363	1363	100	0.999159828893753	0.999133287136913	0.999186370650592
1364	1364	100	0.999172530960699	0.999146476356929	0.999198585564469
1365	1365	100	0.999186369153975	0.999160111338231	0.999212626969719
1366	1366	100	0.999195700783116	0.999169762814213	0.999221638752018
1367	1367	100	0.999208021937489	0.999182138155093	0.999233905719885
1368	1368	100	0.999218364213356	0.999192907573866	0.999243820852847
1369	1369	100	0.999228820460775	0.999203313538859	0.999254327382691
1370	1370	100	0.999238636722673	0.999213274045167	0.999263999400179
1371	1371	100	0.999252295446897	0.999227340634299	0.999277250259495
1372	1372	100	0.999263364821747	0.999238242007355	0.999288487636139
1373	1373	100	0.999275373332497	0.999250191945738	0.999300554719255
1374	1374	100	0.999286156091795	0.999261218035249	0.999311094148342
1375	1375	100	0.999299471629233	0.999275986442027	0.999322956816438
1376	1376	100	0.99931064480037	0.99928738610472	0.99933390349602
1377	1377	100	0.999319831807294	0.999296735054339	0.999342928560248
1378	1378	100	0.999329575277347	0.999306597561875	0.99935255299282
1379	1379	100	0.999342111920418	0.999319336758267	0.999364887082569
1380	1380	100	0.999356039769951	0.999333767929959	0.999378311609942
1381	1381	100	0.999369319320837	0.999347369695009	0.999391268946665
1382	1382	100	0.99937925204393	0.999357005136084	0.999401498951776
1383	1383	100	0.999389572967939	0.999367521747241	0.999411624188638
1384	1384	100	0.999401321855606	0.999379311561235	0.999423332149977
1385	1385	100	0.999411106518628	0.999388784528842	0.999433428508414
1386	1386	100	0.999422075786515	0.999399476582743	0.999444674990288
1387	1387	100	0.999434119616186	0.9994116291484	0.999456610083971
1388	1388	100	0.999445133905225	0.999422367216418	0.999467900594032
1389	1389	100	0.999457070234785	0.999434372773995	0.999479767695576
1390	1390	100	0.999466484273779	0.999444359970689	0.999488608576869
1391	1391	100	0.999478447498742	0.999456531908114	0.99950036308937
1392	1392	100	0.999487943828065	0.999465852092708	0.999510035563423
1393	1393	100	0.99949830693048	0.999475709810333	0.999520904050627
1394	1394	100	0.999507122752356	0.99948431058568	0.999529934919032
1395	1395	100	0.99951960110174	0.999496865943078	0.999542336260402
1396	1396	100	0.999530497043551	0.999508292082327	0.999552702004775
1397	1397	100	0.9995390288717	0.999516747223834	0.999561310519566
1398	1398	100	0.999551480548585	0.999529409605086	0.999573551492085
1399	1399	100	0.999565341442614	0.999543608509298	0.99958707437593
1400	1400	100	0.999575313419676	0.999553714923272	0.99959691191608
1401	1401	100	0.999587174594053	0.999565475170332	0.999608874017774
1402	1402	100	0.99959765988961	0.999576340722066	0.999618979057155
1403	1403	100	0.999609341684975	0.999588408201229	0.999630275168722
1404	1404	100	0.999620284079047	0.999598930553832	0.999641637604262
1405	1405	100	0.99963403361507	0.999613920309928	0.999654146920212
1406	1406	100	0.999649803429999	0.99962985066221	0.999669756197788
1407	1407	100	0.99965979705371	0.999640129442495	0.999679464664925
1408	1408	100	0.999671001426593	0.999651457819873	0.999690545033312
1409	1409	100	0.999679790691561	0.99966031129332	0.999699270089802
1410	1410	100	0.999689955393113	0.999670895756364	0.999709015029861
1411	1411	100	0.999698939785836	0.999680071922875	0.999717807648798
1412	1412	100	0.999708010992221	0.999689458571168	0.999726563413273
1413	1413	100	0.999719337073953	0.999701230297631	0.999737443850275
1414	1414	100	0.999728619596463	0.999711003953953	0.999746235238974
1415	1415	100	0.999738138963521	0.999721789540022	0.99975448838702
1416	1416	100	0.999748368393967	0.999732506431222	0.999764230356712
1417	1417	100	0.999760645825712	0.999745810403078	0.999775481248346
1418	1418	100	0.999771530604747	0.999756820021975	0.999786241187518
1419	1419	100	0.999781002189526	0.999766443569735	0.999795560809317
1420	1420	100	0.999790779442989	0.999776421143217	0.999805137742761
1421	1421	100	0.999800551451862	0.999786706024072	0.999814396879653
1422	1422	100	0.999812101604338	0.999798225395037	0.999825977813638
1423	1423	100	0.999822873238539	0.999809030437984	0.999836716039094
1424	1424	100	0.999830908375353	0.999817388184094	0.999844428566613
1425	1425	100	0.999839517907133	0.999826386360431	0.999852649453836
1426	1426	100	0.999849884171653	0.9998370598434	0.999862708499905
1427	1427	100	0.999861516056674	0.999849223231646	0.999873808881701
1428	1428	100	0.999870318805945	0.999858143178555	0.999882494433334
1429	1429	100	0.999883230762541	0.999871169388023	0.999895292137058
1430	1430	100	0.999897152332723	0.999886929513817	0.99990737515163
1431	1431	100	0.999906165932894	0.999896491895423	0.999915839970365
1432	1432	100	0.999919745003496	0.999911281584301	0.999928208422691
1433	1433	100	0.999930859785768	0.99992315879977	0.999938560771766
1434	1434	100	0.9999413308153	0.999933667495541	0.999948994135058
1435	1435	100	0.999951966907194	0.999945163062168	0.99995877075222
1436	1436	100	0.999963756365374	0.999957941042416	0.99996957168833
1437	1437	100	0.99997641593648	0.99997152298132	0.999981308891641
1438	1438	100	0.999991045880595	0.999988204657616	0.999993887103574
1439	1439	100	1	1	1
