	V1	num	avg_r2	lowerci	upperci
1	1	100	0.0253488644211415	0.0214829632858668	0.0292147655564162
2	2	100	0.0566253720532997	0.0562424288211649	0.0570083152854346
3	3	100	0.0850547850467945	0.0845475747107298	0.0855619953828592
4	4	100	0.0851828924665723	0.084675973310567	0.0856898116225776
5	5	100	0.0853332765112979	0.0848265670761944	0.0858399859464014
6	6	100	0.0854972623938291	0.0849889030493722	0.0860056217382861
7	7	100	0.0856854891231168	0.0851715250846502	0.0861994531615835
8	8	100	0.105231124257851	0.101613384820038	0.108848863695664
9	9	100	0.119249298475175	0.115800206852074	0.122698390098276
10	10	100	0.135673036215446	0.132640818770023	0.138705253660869
11	11	100	0.157632553406704	0.153390559914353	0.161874546899054
12	12	100	0.183387505321314	0.179381885819311	0.187393124823317
13	13	100	0.208312693444626	0.202508982886283	0.214116404002969
14	14	100	0.23373308356037	0.22745782727872	0.24000833984202
15	15	100	0.255236559763035	0.24833874709138	0.26213437243469
16	16	100	0.281010304907277	0.27292962580157	0.289090984012984
17	17	100	0.317840357852868	0.308858422541295	0.326822293164441
18	18	100	0.349712230090773	0.342532550492899	0.356891909688646
19	19	100	0.365297245431417	0.35837059665086	0.372223894211975
20	20	100	0.385115873714136	0.37816724443278	0.392064502995492
21	21	100	0.403302216419633	0.396335866110166	0.410268566729099
22	22	100	0.41832193060743	0.411399412363628	0.425244448851232
23	23	100	0.430806267196679	0.424458522511635	0.437154011881723
24	24	100	0.440794799091173	0.435165082743997	0.446424515438348
25	25	100	0.452607550674518	0.447250107283379	0.457964994065657
26	26	100	0.463877747732347	0.458122962990527	0.469632532474168
27	27	100	0.477914777007779	0.471741844692243	0.484087709323314
28	28	100	0.493224370263756	0.486761057990157	0.499687682537355
29	29	100	0.511255352086761	0.504255193234574	0.518255510938947
30	30	100	0.52638542625615	0.51902216149579	0.53374869101651
31	31	100	0.545696957577794	0.538404089392983	0.552989825762605
32	32	100	0.55914442767492	0.552117769023176	0.566171086326665
33	33	100	0.570444611942726	0.563883412720312	0.57700581116514
34	34	100	0.578055755878865	0.57207987679664	0.58403163496109
35	35	100	0.583388585327107	0.577765480436355	0.589011690217859
36	36	100	0.587771688391937	0.58239654824444	0.593146828539434
37	37	100	0.592119355970333	0.586907723267598	0.597330988673068
38	38	100	0.595208640783857	0.590178740174523	0.600238541393192
39	39	100	0.598031615998899	0.593119756332612	0.602943475665186
40	40	100	0.600559391117187	0.595805373661489	0.605313408572886
41	41	100	0.602874836197197	0.598196714504868	0.607552957889526
42	42	100	0.605268122823947	0.600657924701654	0.60987832094624
43	43	100	0.607563396598359	0.603232102682642	0.611894690514076
44	44	100	0.609491053780718	0.605192614715365	0.613789492846071
45	45	100	0.611893556426187	0.607755753296673	0.616031359555701
46	46	100	0.613810925341233	0.609682162663462	0.617939688019005
47	47	100	0.615781578314959	0.611644241476445	0.619918915153472
48	48	100	0.617495964364752	0.613329856741835	0.621662071987668
49	49	100	0.618876060361845	0.614777100300373	0.622975020423316
50	50	100	0.620439467788819	0.616302522405421	0.624576413172217
51	51	100	0.622077383041369	0.618001179716852	0.626153586365886
52	52	100	0.62352785331502	0.6195810268813	0.62747467974874
53	53	100	0.624930923874044	0.621057635645526	0.628804212102563
54	54	100	0.626663845532343	0.622750906839859	0.630576784224826
55	55	100	0.628370131901177	0.624485375204571	0.632254888597783
56	56	100	0.629495931484462	0.625654971328399	0.633336891640524
57	57	100	0.631177482387615	0.627339561024493	0.635015403750737
58	58	100	0.632542163023287	0.628759751438802	0.636324574607772
59	59	100	0.634095988703485	0.630359685999078	0.637832291407892
60	60	100	0.635316750194036	0.631639862464682	0.63899363792339
61	61	100	0.636320492862153	0.632645887755678	0.639995097968629
62	62	100	0.637238419871214	0.633542833277575	0.640934006464853
63	63	100	0.638267178856617	0.634567754586454	0.64196660312678
64	64	100	0.63933693812613	0.635594478998698	0.643079397253561
65	65	100	0.640437678133534	0.636762273300756	0.644113082966312
66	66	100	0.64140894200266	0.637750194215598	0.645067689789723
67	67	100	0.642610194151131	0.63900693948382	0.646213448818443
68	68	100	0.643445249431737	0.639837688603594	0.647052810259879
69	69	100	0.644542132701534	0.640928576109397	0.648155689293671
70	70	100	0.645551801133157	0.641967649727192	0.649135952539121
71	71	100	0.646455241658578	0.642887282449222	0.650023200867935
72	72	100	0.647396043418085	0.64383536455944	0.650956722276731
73	73	100	0.648378644392927	0.644855821036231	0.651901467749624
74	74	100	0.649313580167399	0.645772057291402	0.652855103043395
75	75	100	0.650452369186078	0.646924349083869	0.653980389288287
76	76	100	0.651384810535372	0.647857619554968	0.654912001515776
77	77	100	0.652201956375404	0.648680753953858	0.65572315879695
78	78	100	0.653053948619823	0.649581309228096	0.656526588011549
79	79	100	0.65390604499811	0.650460200792927	0.657351889203293
80	80	100	0.654742787674897	0.651314543562066	0.658171031787728
81	81	100	0.655524221791794	0.652096053681133	0.658952389902456
82	82	100	0.656405179856195	0.652998998477164	0.659811361235226
83	83	100	0.657010196579216	0.653578757434379	0.660441635724053
84	84	100	0.658043848030438	0.654653692652221	0.661434003408654
85	85	100	0.659079516382571	0.655706630061065	0.662452402704077
86	86	100	0.659832139636089	0.656465798217291	0.663198481054886
87	87	100	0.660800789409168	0.657412447361727	0.664189131456609
88	88	100	0.661531737539461	0.658151581203725	0.664911893875196
89	89	100	0.662404961408052	0.659036367255542	0.665773555560561
90	90	100	0.663401693307652	0.660048830986724	0.66675455562858
91	91	100	0.66440459253687	0.661111719727658	0.667697465346082
92	92	100	0.664950564037056	0.66169100636083	0.668210121713282
93	93	100	0.665702516369876	0.6624651155029	0.668939917236851
94	94	100	0.666741081186664	0.663562096348891	0.669920066024438
95	95	100	0.667742549282726	0.664610260765912	0.670874837799539
96	96	100	0.668534610530996	0.665388920789959	0.671680300272033
97	97	100	0.669429123300205	0.666277383223271	0.672580863377138
98	98	100	0.670141907997692	0.666993445925274	0.67329037007011
99	99	100	0.670737218520621	0.667602173869541	0.6738722631717
100	100	100	0.671389909765744	0.668228904044288	0.674550915487201
101	101	100	0.672018838108803	0.668877619138295	0.675160057079312
102	102	100	0.672747290309573	0.669587091962366	0.67590748865678
103	103	100	0.673548770025896	0.670415469010436	0.676682071041356
104	104	100	0.674374876849271	0.671265324895679	0.677484428802863
105	105	100	0.675034893202271	0.671939486599616	0.678130299804926
106	106	100	0.675708846412103	0.672595138144069	0.678822554680138
107	107	100	0.676513153853145	0.673432336367057	0.679593971339234
108	108	100	0.677255155285814	0.67414066476796	0.680369645803668
109	109	100	0.677831211853278	0.6746974113223	0.680965012384255
110	110	100	0.678601352368879	0.675468337916345	0.681734366821413
111	111	100	0.679298967366436	0.676152955840635	0.682444978892237
112	112	100	0.680027048058263	0.676909496767962	0.683144599348563
113	113	100	0.680856697823184	0.677741656776458	0.683971738869911
114	114	100	0.681537967128467	0.678437567137852	0.684638367119081
115	115	100	0.682231292942468	0.679122474494722	0.685340111390215
116	116	100	0.682771758283276	0.679658659427256	0.685884857139295
117	117	100	0.683521080900185	0.680386501072603	0.686655660727768
118	118	100	0.683973745395608	0.680845771729964	0.687101719061252
119	119	100	0.684662620409633	0.681530344278509	0.687794896540757
120	120	100	0.685378900502812	0.682250169577793	0.688507631427831
121	121	100	0.686089948529715	0.682984104658205	0.689195792401226
122	122	100	0.68689374213035	0.683767726721053	0.690019757539648
123	123	100	0.687452416232529	0.68433730862461	0.690567523840448
124	124	100	0.687966662561344	0.68486182454554	0.691071500577149
125	125	100	0.688603024907477	0.685527565462236	0.691678484352718
126	126	100	0.689403759376603	0.686334672063175	0.69247284669003
127	127	100	0.690162391638869	0.687103526809616	0.693221256468121
128	128	100	0.690799535843515	0.687787596076156	0.693811475610874
129	129	100	0.69137224491866	0.688376716358623	0.694367773478698
130	130	100	0.691938268337523	0.688947394608809	0.694929142066237
131	131	100	0.692419350742187	0.689421313472167	0.695417388012206
132	132	100	0.693117958495613	0.690099211050009	0.696136705941217
133	133	100	0.693590727033152	0.690565284267993	0.696616169798311
134	134	100	0.694200272152291	0.691160603910161	0.697239940394421
135	135	100	0.694825979455804	0.691787518542966	0.697864440368643
136	136	100	0.695468588348729	0.692439786022333	0.698497390675124
137	137	100	0.696023116944314	0.692995518766553	0.699050715122074
138	138	100	0.69658577760547	0.693563581948454	0.699607973262485
139	139	100	0.697116649923662	0.694088992826703	0.70014430702062
140	140	100	0.697721420530196	0.694687342216346	0.700755498844045
141	141	100	0.698135236520203	0.695105758884194	0.701164714156212
142	142	100	0.698620641436618	0.695608079719064	0.701633203154173
143	143	100	0.699287060318494	0.696261035637586	0.702313084999403
144	144	100	0.699860126059132	0.696833787545653	0.702886464572611
145	145	100	0.700593491976745	0.697595841223351	0.703591142730138
146	146	100	0.701054629477704	0.698075192167246	0.704034066788163
147	147	100	0.701610169141726	0.69863550231057	0.704584835972883
148	148	100	0.702117772967335	0.699164650366348	0.705070895568322
149	149	100	0.702575302523095	0.69961614940351	0.705534455642679
150	150	100	0.703134977546665	0.700186219034117	0.706083736059212
151	151	100	0.703676633042968	0.700733903450332	0.706619362635605
152	152	100	0.704221641592314	0.701268112876882	0.707175170307746
153	153	100	0.704694459404982	0.701748342356172	0.707640576453792
154	154	100	0.705244546231665	0.70231633842094	0.708172754042391
155	155	100	0.705803573609238	0.702888657739364	0.708718489479112
156	156	100	0.706503025336398	0.703611315145897	0.709394735526898
157	157	100	0.706980386321331	0.70410458712773	0.709856185514931
158	158	100	0.70764039400041	0.704787598349306	0.710493189651514
159	159	100	0.708195499741904	0.705341262475086	0.711049737008722
160	160	100	0.708629890335454	0.705772794588916	0.711486986081992
161	161	100	0.709157505144415	0.706276304665548	0.712038705623282
162	162	100	0.709606284426039	0.706745878469526	0.712466690382551
163	163	100	0.710269876352791	0.707410957689121	0.713128795016462
164	164	100	0.710878476065989	0.708033536571329	0.713723415560648
165	165	100	0.711642589838776	0.708756420706415	0.714528758971136
166	166	100	0.712218801775429	0.709327555665343	0.715110047885516
167	167	100	0.712841146614848	0.709963765327044	0.715718527902652
168	168	100	0.713485231707063	0.710633412603305	0.716337050810822
169	169	100	0.714101585694342	0.71124262568859	0.716960545700094
170	170	100	0.71456189072454	0.711692883083002	0.717430898366078
171	171	100	0.715073107797599	0.712217480377699	0.717928735217498
172	172	100	0.715549877475532	0.712716584325112	0.718383170625952
173	173	100	0.716065385799319	0.713220438593277	0.718910333005362
174	174	100	0.716584204693931	0.713742169077957	0.719426240309906
175	175	100	0.716991918587171	0.714143799200939	0.719840037973403
176	176	100	0.717543792922018	0.714717863145961	0.720369722698076
177	177	100	0.718093262227009	0.715287597220505	0.720898927233512
178	178	100	0.718481191141881	0.715692098803183	0.721270283480579
179	179	100	0.718988176057761	0.716207908131812	0.721768443983709
180	180	100	0.719484598611602	0.716697445528889	0.722271751694315
181	181	100	0.719974172872444	0.717171355635865	0.722776990109023
182	182	100	0.720401028570704	0.717591042191052	0.723211014950357
183	183	100	0.720842118384169	0.718052875866289	0.72363136090205
184	184	100	0.721301852147839	0.718507443113207	0.724096261182471
185	185	100	0.721884368496716	0.719106634698573	0.724662102294858
186	186	100	0.722338245039311	0.719569554025794	0.725106936052829
187	187	100	0.722864629656504	0.720110376252339	0.72561888306067
188	188	100	0.723208704880841	0.720451385031669	0.725966024730013
189	189	100	0.723718702822715	0.720975874117277	0.726461531528153
190	190	100	0.724233883835806	0.721478541635512	0.726989226036101
191	191	100	0.724671287919725	0.721946425722673	0.727396150116777
192	192	100	0.725150997999659	0.722435387357723	0.727866608641596
193	193	100	0.72562672417872	0.722932329701228	0.728321118656211
194	194	100	0.726142983577728	0.723455929646645	0.72883003750881
195	195	100	0.726595862046582	0.723906534013961	0.729285190079203
196	196	100	0.727088828204933	0.724402858199058	0.729774798210809
197	197	100	0.727516816621428	0.724809255034846	0.73022437820801
198	198	100	0.728018894254863	0.725318250027681	0.730719538482045
199	199	100	0.728353742609011	0.725670526332369	0.731036958885652
200	200	100	0.728809653484718	0.726126647962011	0.731492659007424
201	201	100	0.729375185906432	0.726668593885926	0.732081777926938
202	202	100	0.729794149775346	0.727085765307753	0.732502534242939
203	203	100	0.730307487637574	0.727600212380963	0.733014762894184
204	204	100	0.730716705855432	0.728029998006353	0.733403413704512
205	205	100	0.731180147994265	0.728508667961876	0.733851628026655
206	206	100	0.731827425909416	0.729167569809611	0.73448728200922
207	207	100	0.732255280147611	0.72960827245703	0.734902287838192
208	208	100	0.732666186862119	0.730035661153446	0.735296712570792
209	209	100	0.733077350303259	0.730439149207549	0.735715551398969
210	210	100	0.733547284891751	0.730897910442769	0.736196659340732
211	211	100	0.733964814130505	0.731333943377107	0.736595684883904
212	212	100	0.73437495176967	0.731744400491032	0.737005503048308
213	213	100	0.734873616959	0.732246740008106	0.737500493909893
214	214	100	0.735348814307024	0.732741049808273	0.737956578805774
215	215	100	0.735893731487203	0.733305494290766	0.73848196868364
216	216	100	0.736320080867248	0.733725752956123	0.738914408778372
217	217	100	0.73673258720071	0.734136369352984	0.739328805048437
218	218	100	0.73719073608381	0.734602508007585	0.739778964160035
219	219	100	0.737755044059511	0.735185667294275	0.740324420824748
220	220	100	0.738091166733456	0.735524575440561	0.740657758026351
221	221	100	0.738501307210678	0.735949938135737	0.741052676285618
222	222	100	0.738843248814879	0.736280959284003	0.741405538345756
223	223	100	0.739210638006709	0.736628054697979	0.74179322131544
224	224	100	0.739607773458626	0.737032044385321	0.742183502531932
225	225	100	0.740102074894499	0.737540121081834	0.742664028707163
226	226	100	0.740533404840967	0.737951886049571	0.743114923632363
227	227	100	0.740917425790076	0.738339806955689	0.743495044624464
228	228	100	0.741336629057229	0.738767649931364	0.743905608183095
229	229	100	0.741894901408729	0.739337669122587	0.744452133694872
230	230	100	0.74245117550388	0.739923801424513	0.744978549583247
231	231	100	0.742869400659932	0.740349144429912	0.745389656889952
232	232	100	0.743380583606807	0.740860248914544	0.74590091829907
233	233	100	0.743793887014504	0.741283939650948	0.746303834378059
234	234	100	0.744297705443129	0.741794306986638	0.74680110389962
235	235	100	0.744737498920767	0.74223880765489	0.747236190186644
236	236	100	0.74516026642861	0.742650545955934	0.747669986901287
237	237	100	0.745445057171737	0.742930840461821	0.747959273881654
238	238	100	0.745752765736917	0.743239363596426	0.748266167877409
239	239	100	0.746143087199135	0.743647511533804	0.748638662864466
240	240	100	0.746349304826156	0.74386054848577	0.748838061166541
241	241	100	0.746801459603883	0.744313582472379	0.749289336735387
242	242	100	0.747157522191887	0.744673873353077	0.749641171030697
243	243	100	0.74750397473329	0.745024517886088	0.749983431580492
244	244	100	0.747890541979006	0.745406428505785	0.750374655452227
245	245	100	0.748386383394606	0.745921971849291	0.750850794939921
246	246	100	0.748708444627462	0.74623753016963	0.751179359085294
247	247	100	0.749196589972823	0.746725918786828	0.751667261158818
248	248	100	0.749624150255061	0.747165095632415	0.752083204877707
249	249	100	0.750015541162129	0.747567826985309	0.752463255338948
250	250	100	0.750456070810569	0.747997268823981	0.752914872797157
251	251	100	0.750857893049635	0.748403569809025	0.753312216290244
252	252	100	0.751227463905526	0.748777205805557	0.753677722005495
253	253	100	0.751632359272048	0.749200170362721	0.754064548181375
254	254	100	0.752011986406695	0.749599614345705	0.754424358467685
255	255	100	0.752397034781818	0.749995568444106	0.754798501119531
256	256	100	0.752817274405055	0.750411599928401	0.755222948881708
257	257	100	0.753233907511464	0.750823915362881	0.755643899660046
258	258	100	0.753594786890882	0.751193827929309	0.755995745852456
259	259	100	0.754049737247209	0.751642496119555	0.756456978374863
260	260	100	0.754464692060613	0.752051700857278	0.756877683263949
261	261	100	0.754768395605526	0.752357060065896	0.757179731145155
262	262	100	0.755163318431262	0.752762189055179	0.757564447807344
263	263	100	0.755556912249619	0.753158608587307	0.757955215911931
264	264	100	0.75594623958199	0.753542515531652	0.758349963632327
265	265	100	0.756271850886659	0.753859022327593	0.758684679445725
266	266	100	0.756696266220207	0.754296479468476	0.759096052971939
267	267	100	0.757034533896941	0.754630744500054	0.759438323293828
268	268	100	0.757457192601127	0.755043069346813	0.759871315855442
269	269	100	0.757902831411404	0.755483556243705	0.760322106579104
270	270	100	0.758330510624588	0.755923402993032	0.760737618256144
271	271	100	0.758819434256355	0.756409891796383	0.761228976716327
272	272	100	0.759210378556471	0.756813049090039	0.761607708022904
273	273	100	0.759619865323478	0.757225557232742	0.762014173414214
274	274	100	0.759964196487977	0.757561159370835	0.762367233605119
275	275	100	0.760311187342785	0.757917439629486	0.762704935056084
276	276	100	0.760662239373102	0.758261465290773	0.763063013455432
277	277	100	0.761019065682792	0.758614039204159	0.763424092161425
278	278	100	0.761451469216199	0.75904560663944	0.763857331792957
279	279	100	0.761892425729324	0.759502659056141	0.764282192402507
280	280	100	0.762352816737167	0.759974977124293	0.764730656350041
281	281	100	0.762720974778614	0.760353085138248	0.76508886441898
282	282	100	0.763156909093433	0.760795643337559	0.765518174849307
283	283	100	0.763515628668624	0.761163339601974	0.765867917735274
284	284	100	0.763803075568449	0.761457606524222	0.766148544612676
285	285	100	0.76421147980532	0.761867045528561	0.766555914082079
286	286	100	0.764522720190843	0.762176974309208	0.766868466072479
287	287	100	0.764916723592289	0.762558907759302	0.767274539425276
288	288	100	0.765324394449589	0.76295003842892	0.767698750470257
289	289	100	0.765702593194779	0.763336845903242	0.768068340486316
290	290	100	0.766051883775958	0.763676166194664	0.768427601357252
291	291	100	0.766324379511183	0.76393799223126	0.768710766791106
292	292	100	0.766651523873531	0.764276370014265	0.769026677732797
293	293	100	0.766957700585309	0.764582800860277	0.76933260031034
294	294	100	0.767397979996225	0.765041647311363	0.769754312681088
295	295	100	0.76778742771278	0.765419114946127	0.770155740479433
296	296	100	0.768191034487332	0.765823585083865	0.7705584838908
297	297	100	0.768514216838658	0.766142459208413	0.770885974468903
298	298	100	0.768914335405811	0.766556365375126	0.771272305436496
299	299	100	0.769281153334466	0.766937730748263	0.771624575920669
300	300	100	0.769529040075761	0.767189077346583	0.771869002804939
301	301	100	0.769881763300216	0.767551617409696	0.772211909190737
302	302	100	0.77022960728879	0.767893644703664	0.772565569873917
303	303	100	0.770578710556832	0.768249153837024	0.77290826727664
304	304	100	0.770958408704333	0.768619283925789	0.773297533482877
305	305	100	0.771311193109499	0.768967387158025	0.773654999060973
306	306	100	0.771737817814172	0.76941444574623	0.774061189882114
307	307	100	0.772127477796028	0.769804746116	0.774450209476056
308	308	100	0.772474565611408	0.770140589329631	0.774808541893185
309	309	100	0.772821404991305	0.770485149988799	0.775157659993812
310	310	100	0.773155957498126	0.770836931444783	0.77547498355147
311	311	100	0.773479791102166	0.771181684345318	0.775777897859015
312	312	100	0.773816525477455	0.771518850627625	0.776114200327285
313	313	100	0.77417359634961	0.771877609088592	0.776469583610628
314	314	100	0.77447878882716	0.772192798963577	0.776764778690743
315	315	100	0.774792812516337	0.77250793392226	0.777077691110414
316	316	100	0.775106936780612	0.772815499512818	0.777398374048407
317	317	100	0.775403040631637	0.773116891906076	0.777689189357198
318	318	100	0.775792178570182	0.773497599353854	0.77808675778651
319	319	100	0.776053073621487	0.773771296628731	0.778334850614243
320	320	100	0.776394328113348	0.774112148326469	0.778676507900227
321	321	100	0.776731895562666	0.774450255928967	0.779013535196364
322	322	100	0.777073886154551	0.774798638949383	0.779349133359719
323	323	100	0.777436670867343	0.775158335116579	0.779715006618107
324	324	100	0.777714290401785	0.775442130019922	0.779986450783648
325	325	100	0.778025648610357	0.775754366132628	0.780296931088086
326	326	100	0.778346075794094	0.776066924186836	0.780625227401351
327	327	100	0.778622515605304	0.77635002495193	0.780895006258679
328	328	100	0.778925531281353	0.776675215303387	0.781175847259319
329	329	100	0.779309676633568	0.777057274405184	0.781562078861952
330	330	100	0.779655079618945	0.777416238555697	0.781893920682193
331	331	100	0.780040610535608	0.777803091747106	0.78227812932411
332	332	100	0.780410444263458	0.77816642512142	0.782654463405495
333	333	100	0.780806301024727	0.77857718333114	0.783035418718313
334	334	100	0.781165157696362	0.778932008681878	0.783398306710845
335	335	100	0.781463550920943	0.779233562546958	0.783693539294927
336	336	100	0.781831804251662	0.779608308355425	0.784055300147899
337	337	100	0.782165294368099	0.779942085575416	0.784388503160781
338	338	100	0.782548627724707	0.780331491208221	0.784765764241193
339	339	100	0.782882353466425	0.7806955988975	0.785069108035351
340	340	100	0.783277437821354	0.781092970450809	0.785461905191899
341	341	100	0.783639728684527	0.781466450726908	0.785813006642146
342	342	100	0.783950368654487	0.781780107125535	0.786120630183438
343	343	100	0.784261106999406	0.782086858535617	0.786435355463194
344	344	100	0.784677146703294	0.782488742380098	0.786865551026491
345	345	100	0.785080073276841	0.78287305612516	0.787287090428522
346	346	100	0.785392440962493	0.783180689186569	0.787604192738417
347	347	100	0.785763647847143	0.783553423864035	0.787973871830251
348	348	100	0.786082578059382	0.783865365628413	0.788299790490351
349	349	100	0.786429286739684	0.784210422490517	0.788648150988852
350	350	100	0.786714980689786	0.784506144510557	0.788923816869014
351	351	100	0.787099397517909	0.784889592012985	0.789309203022833
352	352	100	0.787468324308989	0.785265021624358	0.789671626993619
353	353	100	0.787773186016459	0.785573272471616	0.789973099561301
354	354	100	0.788095813849354	0.785902532491777	0.790289095206932
355	355	100	0.788369937363889	0.786176696978385	0.790563177749394
356	356	100	0.788730172783015	0.78655835012441	0.79090199544162
357	357	100	0.78903947377812	0.786876892092784	0.791202055463456
358	358	100	0.789404159061549	0.787235261421233	0.791573056701864
359	359	100	0.789758776936452	0.78758776586394	0.791929788008963
360	360	100	0.789994274572436	0.787837606344647	0.792150942800225
361	361	100	0.790334367457642	0.788176894857044	0.79249184005824
362	362	100	0.790670739295637	0.788528012650197	0.792813465941077
363	363	100	0.790962166031392	0.788824097657719	0.793100234405064
364	364	100	0.791276666102618	0.789146009074913	0.793407323130322
365	365	100	0.791540351476214	0.789411259718212	0.793669443234216
366	366	100	0.791865298553647	0.789733519099784	0.793997078007509
367	367	100	0.792214186043156	0.790080565585734	0.794347806500577
368	368	100	0.792516533265849	0.790368922168729	0.794664144362968
369	369	100	0.792874379274266	0.790730732574208	0.795018025974325
370	370	100	0.793201108151228	0.791063350839395	0.795338865463061
371	371	100	0.793472970665783	0.791335196624636	0.795610744706929
372	372	100	0.793763274353562	0.791611599036054	0.795914949671069
373	373	100	0.794109757826585	0.791954819025056	0.796264696628113
374	374	100	0.794421548728991	0.792266204424358	0.796576893033624
375	375	100	0.794702636734977	0.792544301560903	0.796860971909051
376	376	100	0.79506002563977	0.792924639105129	0.79719541217441
377	377	100	0.795423153818353	0.793294042369685	0.79755226526702
378	378	100	0.795658881476211	0.793536836106307	0.797780926846115
379	379	100	0.795909434119111	0.79377393344742	0.798044934790802
380	380	100	0.796202838846216	0.794076043412138	0.798329634280294
381	381	100	0.796518562207478	0.794401194346464	0.798635930068492
382	382	100	0.796889289181823	0.794777620833204	0.799000957530442
383	383	100	0.797160346051034	0.795046511977017	0.799274180125051
384	384	100	0.797524217248565	0.795402464771735	0.799645969725394
385	385	100	0.797787146527148	0.795668853831524	0.799905439222772
386	386	100	0.798046176109611	0.795948933130994	0.800143419088228
387	387	100	0.79836581298572	0.796279072782706	0.800452553188734
388	388	100	0.798637454634857	0.796555972005861	0.800718937263853
389	389	100	0.798944001172259	0.796862756835532	0.801025245508986
390	390	100	0.799169385087383	0.797093026707563	0.801245743467204
391	391	100	0.799415671532553	0.797344373746714	0.801486969318393
392	392	100	0.799662803178738	0.797603743051964	0.801721863305511
393	393	100	0.799994358472152	0.797933699271691	0.802055017672613
394	394	100	0.800314085950281	0.798232519988311	0.802395651912251
395	395	100	0.800607621960862	0.798523073319221	0.802692170602502
396	396	100	0.800958264252802	0.798865628920008	0.803050899585596
397	397	100	0.801283090305573	0.79919806411383	0.803368116497315
398	398	100	0.801619730145319	0.799535384764044	0.803704075526595
399	399	100	0.801874941896213	0.799785343310001	0.803964540482424
400	400	100	0.802136677091692	0.800046260582735	0.804227093600648
401	401	100	0.80244515313118	0.800368691751899	0.80452161451046
402	402	100	0.802821396942076	0.800752043542797	0.804890750341355
403	403	100	0.803102401665925	0.801039435127072	0.805165368204778
404	404	100	0.80340819273	0.801342925247836	0.805473460212163
405	405	100	0.803679712099284	0.80161126156226	0.805748162636309
406	406	100	0.803984524278835	0.801911490017366	0.806057558540304
407	407	100	0.804269492176972	0.802192789978488	0.806346194375455
408	408	100	0.804619977979309	0.802539702861286	0.806700253097333
409	409	100	0.804855977198164	0.802772521288716	0.806939433107611
410	410	100	0.805152739018613	0.803069003523814	0.807236474513413
411	411	100	0.805479759587799	0.803415439229057	0.80754407994654
412	412	100	0.805710601090788	0.8036417330718	0.807779469109775
413	413	100	0.806021089036199	0.803965152864152	0.808077025208246
414	414	100	0.806385909141767	0.804331800820542	0.808440017462991
415	415	100	0.806812365101876	0.804761034847214	0.808863695356538
416	416	100	0.807116487067748	0.805065187899173	0.809167786236322
417	417	100	0.807377670531372	0.805342943302236	0.809412397760507
418	418	100	0.807657237662763	0.805634184121577	0.809680291203949
419	419	100	0.807946955426833	0.805937384441057	0.809956526412608
420	420	100	0.808186148072684	0.806175099155005	0.810197196990363
421	421	100	0.808444957003923	0.806441501040361	0.810448412967486
422	422	100	0.808704698946659	0.80670246028663	0.810706937606688
423	423	100	0.809023582446822	0.80703217488786	0.811014990005784
424	424	100	0.809351273102469	0.807360955861845	0.811341590343092
425	425	100	0.809581643665285	0.807595443321163	0.811567844009406
426	426	100	0.80982654345747	0.807834341361904	0.811818745553037
427	427	100	0.810027076680269	0.808042562893834	0.812011590466704
428	428	100	0.810307642516042	0.80832227469725	0.812293010334833
429	429	100	0.810607191778311	0.808621457446483	0.812592926110139
430	430	100	0.810882723705274	0.80890144410189	0.812864003308657
431	431	100	0.811172356710814	0.809201293711918	0.81314341970971
432	432	100	0.811469676172136	0.809520584373907	0.813418767970365
433	433	100	0.811836803117439	0.809882684581275	0.813790921653604
434	434	100	0.812138412262172	0.810192401000076	0.814084423524267
435	435	100	0.81243252218168	0.810482883055713	0.814382161307648
436	436	100	0.812729365368796	0.810779320676691	0.814679410060902
437	437	100	0.812999252249996	0.811051795456941	0.81494670904305
438	438	100	0.813293669822747	0.811358909935902	0.815228429709591
439	439	100	0.813628286330589	0.811699265862717	0.815557306798461
440	440	100	0.813947120974074	0.812009786008918	0.815884455939231
441	441	100	0.814292950224036	0.812334052027596	0.816251848420476
442	442	100	0.814503473731098	0.812553065409445	0.816453882052751
443	443	100	0.814733520487273	0.812781524630213	0.816685516344333
444	444	100	0.81499848155424	0.813039063973416	0.816957899135064
445	445	100	0.815234072386941	0.813293491312739	0.817174653461143
446	446	100	0.815493401215377	0.813540545678088	0.817446256752666
447	447	100	0.815770108592909	0.813824644809655	0.817715572376164
448	448	100	0.816032489512819	0.814094786924633	0.817970192101005
449	449	100	0.816292238280594	0.814354892838565	0.818229583722623
450	450	100	0.816568853030168	0.814621679604896	0.818516026455441
451	451	100	0.816933657035872	0.815007918475968	0.818859395595776
452	452	100	0.817309430032481	0.815384986936958	0.819233873128004
453	453	100	0.817534839292935	0.815619781092389	0.819449897493481
454	454	100	0.817774025290359	0.815860075538684	0.819687975042034
455	455	100	0.818027121353992	0.816114854225877	0.819939388482107
456	456	100	0.818256215923772	0.816340923407493	0.820171508440052
457	457	100	0.818520942791147	0.816605687027959	0.820436198554335
458	458	100	0.81872090751383	0.816805273928736	0.820636541098923
459	459	100	0.819015980426296	0.81710570233025	0.820926258522342
460	460	100	0.819261082877579	0.817357085224667	0.821165080530491
461	461	100	0.819613510577077	0.817683436121661	0.821543585032494
462	462	100	0.819884547056198	0.817945811136097	0.821823282976298
463	463	100	0.820101232450176	0.818169451354696	0.822033013545655
464	464	100	0.820431227191139	0.818492093779839	0.82237036060244
465	465	100	0.820744513160869	0.818816147682309	0.822672878639428
466	466	100	0.821047738867129	0.81912748053867	0.822967997195587
467	467	100	0.821372471873638	0.819460109817195	0.823284833930081
468	468	100	0.821644505104655	0.819719320750893	0.823569689458417
469	469	100	0.821852471758593	0.819930105671684	0.823774837845502
470	470	100	0.822099612665013	0.820176543643026	0.824022681687
471	471	100	0.822358536400994	0.820442503886913	0.824274568915076
472	472	100	0.822628698447655	0.82072892672773	0.82452847016758
473	473	100	0.822855295012597	0.820958888494115	0.824751701531078
474	474	100	0.823094779319578	0.821205234949638	0.824984323689518
475	475	100	0.823425258300984	0.821541280840923	0.825309235761045
476	476	100	0.823729871252348	0.821852863193224	0.825606879311473
477	477	100	0.824047839257236	0.822180348664809	0.825915329849663
478	478	100	0.824269168161504	0.822408114909163	0.826130221413844
479	479	100	0.824520219240678	0.822670068156697	0.826370370324658
480	480	100	0.824777682528629	0.822941920588036	0.826613444469223
481	481	100	0.825017396116136	0.823182242845334	0.826852549386938
482	482	100	0.825358284960452	0.823539466322175	0.827177103598728
483	483	100	0.825581447877783	0.823764446780079	0.827398448975488
484	484	100	0.825817803552295	0.82400785960949	0.827627747495101
485	485	100	0.826095070267781	0.824290031046796	0.827900109488765
486	486	100	0.826405210315722	0.824614896696895	0.82819552393455
487	487	100	0.82667854539025	0.824889936317214	0.828467154463285
488	488	100	0.826982327572579	0.825208120537002	0.828756534608157
489	489	100	0.827355629470041	0.825584729670374	0.829126529269709
490	490	100	0.827625534037987	0.825857809488344	0.82939325858763
491	491	100	0.827909796078451	0.826144167952463	0.82967542420444
492	492	100	0.828241210926908	0.826481906310632	0.830000515543185
493	493	100	0.828573927634171	0.82682000218111	0.830327853087232
494	494	100	0.828792669967509	0.82703183115281	0.830553508782209
495	495	100	0.829084981619447	0.827333634044676	0.830836329194218
496	496	100	0.829369828073144	0.827612283519078	0.831127372627211
497	497	100	0.829639783379072	0.827895524167093	0.831384042591051
498	498	100	0.829911922490993	0.828185667751537	0.831638177230449
499	499	100	0.830131325800407	0.828409068651438	0.831853582949375
500	500	100	0.830405160482694	0.82869239264247	0.832117928322918
501	501	100	0.830654719350197	0.828944863226798	0.832364575473596
502	502	100	0.830940808082209	0.829222546428258	0.83265906973616
503	503	100	0.831202451233171	0.829492216518814	0.832912685947529
504	504	100	0.831432407919519	0.829734539410791	0.833130276428247
505	505	100	0.831782508552305	0.830084074642505	0.833480942462104
506	506	100	0.832085455548124	0.830403067828969	0.833767843267278
507	507	100	0.832340316649782	0.830662785653899	0.834017847645664
508	508	100	0.832538277139438	0.830867034642485	0.83420951963639
509	509	100	0.832778587313538	0.831112210713116	0.83444496391396
510	510	100	0.833021103327384	0.831350840023739	0.834691366631029
511	511	100	0.833262175635549	0.831588371470632	0.834935979800466
512	512	100	0.833457673077827	0.831778898548654	0.835136447606999
513	513	100	0.833714371066466	0.832035145576421	0.835393596556511
514	514	100	0.833944258313948	0.832256991495962	0.835631525131934
515	515	100	0.834162572568681	0.832483345655497	0.835841799481865
516	516	100	0.834402769306477	0.832718285187744	0.83608725342521
517	517	100	0.834671270747861	0.832990705971125	0.836351835524598
518	518	100	0.83493769527003	0.833252804895681	0.836622585644379
519	519	100	0.83516001159336	0.833472914555446	0.836847108631275
520	520	100	0.835430486299183	0.833738215798468	0.837122756799897
521	521	100	0.835731116730463	0.834039525845449	0.837422707615477
522	522	100	0.835962381352361	0.834271430223529	0.837653332481192
523	523	100	0.836231523293759	0.834541066901487	0.83792197968603
524	524	100	0.836481465680426	0.834784689888883	0.838178241471968
525	525	100	0.836734043332699	0.835053968253715	0.838414118411683
526	526	100	0.837003812276453	0.835321486390178	0.838686138162728
527	527	100	0.837221551260946	0.835529618831336	0.838913483690556
528	528	100	0.837487030448053	0.835794772826952	0.839179288069154
529	529	100	0.837775769985102	0.836084000936025	0.83946753903418
530	530	100	0.838036630640151	0.836342543794045	0.839730717486256
531	531	100	0.838241650638966	0.836541276112681	0.839942025165252
532	532	100	0.838478518047321	0.836777343664692	0.84017969242995
533	533	100	0.838705078223557	0.837006629984311	0.840403526462803
534	534	100	0.838911631227866	0.837212226004601	0.840611036451131
535	535	100	0.839176999493862	0.837476020997614	0.84087797799011
536	536	100	0.839400271333579	0.837699867034406	0.841100675632752
537	537	100	0.83973575888711	0.838045741413655	0.841425776360564
538	538	100	0.840037117618745	0.838358806142076	0.841715429095414
539	539	100	0.840253413978903	0.838580299725987	0.841926528231819
540	540	100	0.840538691999974	0.838877204506443	0.842200179493505
541	541	100	0.840792775924081	0.839131032791435	0.842454519056727
542	542	100	0.840975558098419	0.839311072452532	0.842640043744307
543	543	100	0.841273079426188	0.839604180409179	0.842941978443196
544	544	100	0.841523689878651	0.839861181130324	0.843186198626976
545	545	100	0.841728030009812	0.84007051057927	0.843385549440353
546	546	100	0.841965664652477	0.840312582265399	0.843618747039555
547	547	100	0.84219459040936	0.840545950971534	0.843843229847186
548	548	100	0.842445476795075	0.840801237998076	0.844089715592074
549	549	100	0.842695032075206	0.841050510987163	0.844339553163249
550	550	100	0.842985476998829	0.841335722931038	0.84463523106662
551	551	100	0.843226661138258	0.8415800598685	0.844873262408016
552	552	100	0.843406306933326	0.841760230271653	0.845052383594998
553	553	100	0.843663862025958	0.842019027231371	0.845308696820546
554	554	100	0.843906992730615	0.84226286165186	0.845551123809369
555	555	100	0.844199962534408	0.842554026078268	0.845845898990548
556	556	100	0.844439836551936	0.842802559121392	0.84607711398248
557	557	100	0.844694294998105	0.843054032339176	0.846334557657035
558	558	100	0.844975600316119	0.843340414305853	0.846610786326384
559	559	100	0.845174353696431	0.843539494281237	0.846809213111624
560	560	100	0.845443815202737	0.843803452798454	0.847084177607019
561	561	100	0.845660716544627	0.844027733505082	0.847293699584171
562	562	100	0.845832945871809	0.844202600171901	0.847463291571717
563	563	100	0.846077454549574	0.844453760712195	0.847701148386954
564	564	100	0.84635565400979	0.844733919879075	0.847977388140505
565	565	100	0.846590233108781	0.844961278969599	0.848219187247963
566	566	100	0.846870847953375	0.845246738895921	0.84849495701083
567	567	100	0.847090664215547	0.845471296322036	0.848710032109058
568	568	100	0.847311199986732	0.845691533275517	0.848930866697946
569	569	100	0.847516865475382	0.845899286462791	0.849134444487973
570	570	100	0.847752602145206	0.846136457749168	0.849368746541245
571	571	100	0.847989184774393	0.846370028765432	0.849608340783353
572	572	100	0.848189637642361	0.846573169256294	0.849806106028428
573	573	100	0.848396981037783	0.846782309034524	0.850011653041043
574	574	100	0.848659830027115	0.847044300710532	0.850275359343698
575	575	100	0.848874842002969	0.847255558528707	0.850494125477232
576	576	100	0.849146102738866	0.847522536921295	0.850769668556438
577	577	100	0.849372698101923	0.847759075937707	0.85098632026614
578	578	100	0.849660988883447	0.848051066340993	0.851270911425901
579	579	100	0.849920026000955	0.848317920380457	0.851522131621453
580	580	100	0.850194393151968	0.848583717017082	0.851805069286854
581	581	100	0.850412256991288	0.848802540988378	0.852021972994199
582	582	100	0.850643555827207	0.849044437466132	0.852242674188283
583	583	100	0.850887798184774	0.849287130259487	0.852488466110061
584	584	100	0.851168849251295	0.849571486448613	0.852766212053978
585	585	100	0.851388132592083	0.84978564054077	0.852990624643395
586	586	100	0.851698317458779	0.85008656024653	0.853310074671029
587	587	100	0.851966502734987	0.850366867030381	0.853566138439592
588	588	100	0.852168999273726	0.850572514069309	0.853765484478143
589	589	100	0.852411042507328	0.850817218589257	0.854004866425398
590	590	100	0.852641002110222	0.85104617743452	0.854235826785924
591	591	100	0.852857730168354	0.851264234401336	0.854451225935372
592	592	100	0.853094414081309	0.851501423481967	0.854687404680652
593	593	100	0.8532823724708	0.851689149793744	0.854875595147856
594	594	100	0.853506819634027	0.851904389108817	0.855109250159237
595	595	100	0.853775142778404	0.852166598868949	0.855383686687859
596	596	100	0.854030476500565	0.852435691400847	0.855625261600284
597	597	100	0.854256872396132	0.852654534538978	0.855859210253286
598	598	100	0.854570194516368	0.852967070334367	0.856173318698369
599	599	100	0.854782126285998	0.853207911019676	0.85635634155232
600	600	100	0.855004535532446	0.853433547782112	0.85657552328278
601	601	100	0.855238314697158	0.853671980140707	0.856804649253609
602	602	100	0.855518522570806	0.853946221369712	0.857090823771899
603	603	100	0.85578057241013	0.854218406117296	0.857342738702964
604	604	100	0.856018303995981	0.854470119979572	0.857566488012391
605	605	100	0.856257703722431	0.854704387169757	0.857811020275106
606	606	100	0.856469877872494	0.85491699603903	0.858022759705958
607	607	100	0.856729263775003	0.855173874482499	0.858284653067506
608	608	100	0.857025786785896	0.855487813764345	0.858563759807448
609	609	100	0.857234267725694	0.855702939732371	0.858765595719017
610	610	100	0.857446251682466	0.855914720365362	0.85897778299957
611	611	100	0.85764066909865	0.856112352701809	0.859168985495491
612	612	100	0.857892111087523	0.856370997850741	0.859413224324305
613	613	100	0.85813851476825	0.856611809441175	0.859665220095324
614	614	100	0.858365715132391	0.856842127834517	0.859889302430264
615	615	100	0.858591861721614	0.857075551253089	0.86010817219014
616	616	100	0.858820290396135	0.857308046981442	0.860332533810827
617	617	100	0.859017267367871	0.8575113988844	0.860523135851341
618	618	100	0.859264283427796	0.85775538312933	0.860773183726263
619	619	100	0.859514807810829	0.858005912111051	0.861023703510607
620	620	100	0.859760517436389	0.858242178995555	0.861278855877223
621	621	100	0.859975757296953	0.858465648039976	0.86148586655393
622	622	100	0.860205423935138	0.858690369023256	0.861720478847021
623	623	100	0.860426821241548	0.858913569469575	0.861940073013521
624	624	100	0.860613424466498	0.859102748441428	0.862124100491567
625	625	100	0.860851408243217	0.859342318635606	0.862360497850828
626	626	100	0.861104922494385	0.859601852108986	0.862607992879785
627	627	100	0.861365577493031	0.85985901754506	0.862872137441002
628	628	100	0.861632870500331	0.860119123401305	0.863146617599355
629	629	100	0.861862232707381	0.860352980376384	0.863371485038378
630	630	100	0.862082568271125	0.860581489245978	0.863583647296272
631	631	100	0.862310762408579	0.860813644099312	0.863807880717846
632	632	100	0.862571003922534	0.861069210179139	0.864072797665929
633	633	100	0.862801654962902	0.861298245533609	0.864305064392195
634	634	100	0.862977008765628	0.861466474943851	0.864487542587405
635	635	100	0.863229537926885	0.861725125199782	0.864733950653988
636	636	100	0.863439989452725	0.86192966542479	0.864950313480659
637	637	100	0.863693904669546	0.862181793255016	0.865206016084077
638	638	100	0.863860978551663	0.8623525193326	0.865369437770726
639	639	100	0.864066369560802	0.862559808893281	0.865572930228323
640	640	100	0.864319258249199	0.862824262372315	0.865814254126083
641	641	100	0.864526554895864	0.863029735901753	0.866023373889975
642	642	100	0.864755725336808	0.863253395284901	0.866258055388714
643	643	100	0.864984613227578	0.863479335744394	0.866489890710762
644	644	100	0.865237624320869	0.863730771100928	0.866744477540811
645	645	100	0.865438715945424	0.863927758971456	0.866949672919392
646	646	100	0.865630522987993	0.864124194566098	0.867136851409887
647	647	100	0.8658968936366	0.864393010254647	0.867400777018552
648	648	100	0.866148391148121	0.86465187250746	0.867644909788782
649	649	100	0.866305383781034	0.864816038068966	0.867794729493101
650	650	100	0.866541062425258	0.865057690604832	0.868024434245684
651	651	100	0.866744885971982	0.865263611760011	0.868226160183953
652	652	100	0.867013838037815	0.865541877759703	0.868485798315928
653	653	100	0.867243154514935	0.865772966653114	0.868713342376756
654	654	100	0.867471701437664	0.866006826354498	0.86893657652083
655	655	100	0.867734469089971	0.866273013300423	0.869195924879518
656	656	100	0.867959115588903	0.866500164219533	0.869418066958273
657	657	100	0.868196306413037	0.86674111138664	0.869651501439433
658	658	100	0.868435957454524	0.866989217061714	0.869882697847333
659	659	100	0.868609026124412	0.867157747410952	0.870060304837871
660	660	100	0.868857115104402	0.86742092574253	0.870293304466274
661	661	100	0.869069309639112	0.867636183270346	0.870502436007877
662	662	100	0.869252203006588	0.8678214071557	0.870682998857476
663	663	100	0.869417966153007	0.867985612336912	0.870850319969103
664	664	100	0.869646463140747	0.86821073293501	0.871082193346484
665	665	100	0.869842215586679	0.868399053856851	0.871285377316508
666	666	100	0.870050805328431	0.868612474742822	0.87148913591404
667	667	100	0.870263314091794	0.868830578813842	0.871696049369745
668	668	100	0.870462263320062	0.869033192404683	0.871891334235441
669	669	100	0.870691978730884	0.869248605068608	0.87213535239316
670	670	100	0.870926246854947	0.869495616528377	0.872356877181516
671	671	100	0.871132189730556	0.869704931065476	0.872559448395637
672	672	100	0.871336338041678	0.869921459141117	0.872751216942239
673	673	100	0.871559215776215	0.870140960916195	0.872977470636234
674	674	100	0.871740906603206	0.870330535728514	0.873151277477897
675	675	100	0.871944002869303	0.870540251123796	0.873347754614809
676	676	100	0.872148136611128	0.870743023542694	0.873553249679562
677	677	100	0.872359947549553	0.870952909636566	0.873766985462541
678	678	100	0.872526034810516	0.871121664049836	0.873930405571196
679	679	100	0.872750231156089	0.87134854373878	0.874151918573398
680	680	100	0.872974618775401	0.871565197158249	0.874384040392553
681	681	100	0.873199930156923	0.871785914429727	0.874613945884119
682	682	100	0.873452546052316	0.872039242089514	0.874865850015118
683	683	100	0.873697598393783	0.872295092038901	0.875100104748664
684	684	100	0.873935667720965	0.872535991558713	0.875335343883217
685	685	100	0.87412902005929	0.872726409465819	0.875531630652761
686	686	100	0.874358033197473	0.872952171972129	0.875763894422817
687	687	100	0.874523094300871	0.873121776389023	0.875924412212719
688	688	100	0.874751236075986	0.873345058747919	0.876157413404053
689	689	100	0.874966828361298	0.873561127312838	0.876372529409758
690	690	100	0.875152934581838	0.873745382689966	0.87656048647371
691	691	100	0.87538872539892	0.873990627321637	0.876786823476204
692	692	100	0.875586321604518	0.87418783226749	0.876984810941547
693	693	100	0.875778808003966	0.874391344045423	0.877166271962508
694	694	100	0.875955976013726	0.874569507384561	0.877342444642891
695	695	100	0.876191286808625	0.874814467554684	0.877568106062566
696	696	100	0.876413661024345	0.875039130280276	0.877788191768415
697	697	100	0.876585179770054	0.87520866491551	0.877961694624599
698	698	100	0.87682572971478	0.875451850252081	0.878199609177478
699	699	100	0.877058499008508	0.875690382541158	0.878426615475858
700	700	100	0.877267605807077	0.875886093487674	0.878649118126479
701	701	100	0.877493800503767	0.87610515549094	0.878882445516594
702	702	100	0.877720022493134	0.876327901560782	0.879112143425487
703	703	100	0.877955150737192	0.87657381150293	0.879336489971454
704	704	100	0.87817333209471	0.876784862796998	0.879561801392423
705	705	100	0.878392436422358	0.877022333146789	0.879762539697928
706	706	100	0.878589093021435	0.877220191083287	0.879957994959584
707	707	100	0.878831435983284	0.877468070516909	0.88019480144966
708	708	100	0.879023874183561	0.877671200140593	0.880376548226529
709	709	100	0.879205373057691	0.877850598759539	0.880560147355844
710	710	100	0.879404239305938	0.87805873347189	0.880749745139987
711	711	100	0.87963635334299	0.878293111663845	0.880979595022136
712	712	100	0.879840521526233	0.878498605374783	0.881182437677684
713	713	100	0.88002267312462	0.878674989041557	0.881370357207683
714	714	100	0.880226286016989	0.878888807759895	0.881563764274084
715	715	100	0.880511831531898	0.879185248561997	0.881838414501799
716	716	100	0.880759984378914	0.879436730454204	0.882083238303625
717	717	100	0.88090265172505	0.879580270915604	0.882225032534497
718	718	100	0.881143577661908	0.879818337483135	0.882468817840681
719	719	100	0.881323257853447	0.880005085529658	0.882641430177237
720	720	100	0.881578328490335	0.880263050023269	0.882893606957401
721	721	100	0.881785290925731	0.880465448892982	0.883105132958479
722	722	100	0.881955706028359	0.880633472794672	0.883277939262046
723	723	100	0.882152006736206	0.880826897937402	0.88347711553501
724	724	100	0.882348594043856	0.881024418285328	0.883672769802385
725	725	100	0.882604248395794	0.881279419707518	0.883929077084071
726	726	100	0.882788444068969	0.881464800866331	0.884112087271606
727	727	100	0.883020533553301	0.881698354543293	0.884342712563309
728	728	100	0.883276343508721	0.881959364622096	0.884593322395346
729	729	100	0.883547485125914	0.882232019648909	0.884862950602918
730	730	100	0.883755647866002	0.882443319864589	0.885067975867415
731	731	100	0.883929488749507	0.88261871209701	0.885240265402003
732	732	100	0.884098046887334	0.882793128186641	0.885402965588027
733	733	100	0.884321926774712	0.883028996063632	0.885614857485791
734	734	100	0.884529921817731	0.883230404283902	0.885829439351561
735	735	100	0.884713081000697	0.883416875680119	0.886009286321275
736	736	100	0.884888388972485	0.8835951065651	0.886181671379869
737	737	100	0.885086162411093	0.883798859246018	0.886373465576167
738	738	100	0.885297254966442	0.884020723103046	0.886573786829838
739	739	100	0.885444339559318	0.884166065210294	0.886722613908343
740	740	100	0.885610068112697	0.884327768424468	0.886892367800926
741	741	100	0.88582749426629	0.884552130144937	0.887102858387643
742	742	100	0.886002407734301	0.884732894513953	0.887271920954649
743	743	100	0.886276599045986	0.885004540997185	0.887548657094787
744	744	100	0.886519733665619	0.885251627677654	0.887787839653584
745	745	100	0.886747798318422	0.885468171023686	0.888027425613158
746	746	100	0.886914592345441	0.885636633549498	0.888192551141384
747	747	100	0.887082704682621	0.885811744184949	0.888353665180294
748	748	100	0.887247026902126	0.885979312850758	0.888514740953494
749	749	100	0.887446062099966	0.886183972165441	0.888708152034492
750	750	100	0.887650423578623	0.886394281506933	0.888906565650313
751	751	100	0.88786921647875	0.886618799008059	0.889119633949442
752	752	100	0.888034934637011	0.886783934152733	0.889285935121288
753	753	100	0.888226161859683	0.886976079787922	0.889476243931443
754	754	100	0.888487283834033	0.887232345560791	0.889742222107276
755	755	100	0.888723897101297	0.887472181961861	0.889975612240732
756	756	100	0.888943619037833	0.887705765509411	0.890181472566256
757	757	100	0.889198500236397	0.887961852359608	0.890435148113187
758	758	100	0.889372068499511	0.888135996703044	0.890608140295978
759	759	100	0.88960844709131	0.888374261651851	0.890842632530768
760	760	100	0.889786003876534	0.88855878019342	0.891013227559648
761	761	100	0.889978788336111	0.888741092051007	0.891216484621215
762	762	100	0.890166259408796	0.888919943011395	0.891412575806198
763	763	100	0.890371045559382	0.889127872031046	0.891614219087719
764	764	100	0.890567899667978	0.889326603829966	0.891809195505991
765	765	100	0.890757764983375	0.889515968777262	0.891999561189488
766	766	100	0.890909936821385	0.889673266327328	0.892146607315443
767	767	100	0.891114668553098	0.889876433427646	0.89235290367855
768	768	100	0.891289873885689	0.890053001088636	0.892526746682742
769	769	100	0.891478806159693	0.890238388838795	0.892719223480591
770	770	100	0.891643406011198	0.890411474039766	0.892875337982629
771	771	100	0.89183459431486	0.890617686959732	0.893051501669988
772	772	100	0.892032149771318	0.890817327842654	0.893246971699982
773	773	100	0.892233256391473	0.891016305009933	0.893450207773012
774	774	100	0.892436702240729	0.891220724722955	0.893652679758504
775	775	100	0.892649352467378	0.891429580104563	0.893869124830193
776	776	100	0.892909292261816	0.891686999320747	0.894131585202885
777	777	100	0.893107511064264	0.891891282246648	0.89432373988188
778	778	100	0.893278341597896	0.892056067730302	0.894500615465489
779	779	100	0.893473886687735	0.89224920563066	0.89469856774481
780	780	100	0.893696177446224	0.89247393507247	0.894918419819979
781	781	100	0.893914129442189	0.892703660300173	0.895124598584206
782	782	100	0.894058569455813	0.892849521772301	0.895267617139326
783	783	100	0.894263486789071	0.893047937533511	0.89547903604463
784	784	100	0.894450396881617	0.893236888806251	0.895663904956983
785	785	100	0.894669514975745	0.893458025970607	0.895881003980883
786	786	100	0.894888568513935	0.893668039186667	0.896109097841202
787	787	100	0.895099193933673	0.893877519410873	0.896320868456472
788	788	100	0.895281818852956	0.894072708440542	0.896490929265371
789	789	100	0.89550221812469	0.89429507242381	0.89670936382557
790	790	100	0.895701445725822	0.894498152185361	0.896904739266283
791	791	100	0.895963622701128	0.894757367681864	0.897169877720393
792	792	100	0.89614201142736	0.894937412654534	0.897346610200187
793	793	100	0.896324316259318	0.895129069820086	0.89751956269855
794	794	100	0.896517222145937	0.895319400862632	0.897715043429242
795	795	100	0.896731672588213	0.895536851691023	0.897926493485404
796	796	100	0.89692868757729	0.89573186678093	0.898125508373649
797	797	100	0.897122678836641	0.895924140385561	0.898321217287722
798	798	100	0.897301998064219	0.896096526370473	0.898507469757966
799	799	100	0.897506251966475	0.896290886710773	0.898721617222177
800	800	100	0.897694431037645	0.896478428335409	0.898910433739882
801	801	100	0.897914888540358	0.896691928371072	0.899137848709643
802	802	100	0.898123681329009	0.896892928139878	0.89935443451814
803	803	100	0.898311842015775	0.897075928189111	0.899547755842439
804	804	100	0.898533425386212	0.897286013654274	0.899780837118151
805	805	100	0.898712709789135	0.897464361938774	0.899961057639496
806	806	100	0.898943314817885	0.897697352015227	0.900189277620544
807	807	100	0.899108169890866	0.897863988437945	0.900352351343787
808	808	100	0.899282538540341	0.898038866232985	0.900526210847697
809	809	100	0.899488859128216	0.898252698376928	0.900725019879503
810	810	100	0.899688161871294	0.898446104711851	0.900930219030737
811	811	100	0.899911136816914	0.898665593182989	0.901156680450839
812	812	100	0.900086520634334	0.898841025403936	0.901332015864733
813	813	100	0.900271739110026	0.899041972009837	0.901501506210215
814	814	100	0.900513187916653	0.89928745233228	0.901738923501026
815	815	100	0.900722447939728	0.899499188504502	0.901945707374953
816	816	100	0.900952835786326	0.89973266739123	0.902173004181422
817	817	100	0.901137029584806	0.899918721979897	0.902355337189716
818	818	100	0.90131994935458	0.90010647034286	0.902533428366301
819	819	100	0.901535339158623	0.900328640024648	0.902742038292597
820	820	100	0.901724306520895	0.900518914306078	0.902929698735712
821	821	100	0.901987847814798	0.900775997112612	0.903199698516984
822	822	100	0.902183341838023	0.900972170723274	0.903394512952772
823	823	100	0.902371545550128	0.901155340304851	0.903587750795405
824	824	100	0.902550079149643	0.901338996740145	0.903761161559141
825	825	100	0.902706931013317	0.901498373869844	0.903915488156789
826	826	100	0.902881076459494	0.901667493532036	0.904094659386952
827	827	100	0.90303348483841	0.901819142267507	0.904247827409314
828	828	100	0.903225315255821	0.902022748708977	0.904427881802664
829	829	100	0.903395873525641	0.902194849384293	0.90459689766699
830	830	100	0.903581177684448	0.902382454516907	0.90477990085199
831	831	100	0.903734565983361	0.902540453566937	0.904928678399784
832	832	100	0.903903250551525	0.902714153160386	0.905092347942663
833	833	100	0.904107268445274	0.902919458827473	0.905295078063075
834	834	100	0.904324777564382	0.903145916017782	0.905503639110982
835	835	100	0.904524728168129	0.90334477580468	0.905704680531579
836	836	100	0.904718969232739	0.903538891571947	0.90589904689353
837	837	100	0.904915441568478	0.903735755058047	0.906095128078908
838	838	100	0.905150140081887	0.903985174907055	0.906315105256719
839	839	100	0.905305587938079	0.904151805925614	0.906459369950544
840	840	100	0.905483880110839	0.90432554864499	0.906642211576687
841	841	100	0.905667343408529	0.904516527240219	0.906818159576838
842	842	100	0.905876506048854	0.904730698973105	0.907022313124602
843	843	100	0.906115030839147	0.904980342808246	0.907249718870048
844	844	100	0.906312274956833	0.905183295679557	0.90744125423411
845	845	100	0.906496928005548	0.905373994904119	0.907619861106977
846	846	100	0.906748585164127	0.905636680986728	0.907860489341526
847	847	100	0.90697318180619	0.905853613453572	0.908092750158809
848	848	100	0.907160770165037	0.906037967471893	0.908283572858182
849	849	100	0.90739035932364	0.906261496167735	0.908519222479544
850	850	100	0.90757803247504	0.906451000199833	0.908705064750248
851	851	100	0.90773823128369	0.906619684956381	0.908856777611
852	852	100	0.907945117567465	0.906822641347025	0.909067593787904
853	853	100	0.908105979545956	0.906995712283656	0.909216246808255
854	854	100	0.90829431858186	0.907188673633098	0.909399963530623
855	855	100	0.908490594215909	0.907384488215919	0.9095967002159
856	856	100	0.908701033009225	0.907591971200194	0.909810094818256
857	857	100	0.908872177901952	0.90776102466431	0.909983331139593
858	858	100	0.909082331093519	0.907972648496234	0.910192013690804
859	859	100	0.90925631311431	0.908143039225222	0.910369587003397
860	860	100	0.909446522033529	0.908329735524296	0.910563308542762
861	861	100	0.909623179075519	0.908511326033165	0.910735032117872
862	862	100	0.909770706718938	0.908662178911727	0.91087923452615
863	863	100	0.909954004053019	0.908848356136915	0.911059651969123
864	864	100	0.91014068605224	0.909032006657868	0.911249365446612
865	865	100	0.910356008428776	0.909243713871228	0.911468302986324
866	866	100	0.910507440616462	0.909395140187198	0.911619741045726
867	867	100	0.910694249590401	0.909590676147696	0.911797823033105
868	868	100	0.91089748924806	0.909795841362985	0.911999137133135
869	869	100	0.911069643748471	0.909976653144307	0.912162634352634
870	870	100	0.911271432195724	0.9101778221605	0.912365042230948
871	871	100	0.911416009969551	0.91032452421929	0.912507495719813
872	872	100	0.911571721186806	0.910490440882042	0.912653001491569
873	873	100	0.911718326107275	0.910643082780405	0.912793569434145
874	874	100	0.911890698492311	0.910823358306838	0.912958038677784
875	875	100	0.912098936669562	0.911037624789275	0.913160248549849
876	876	100	0.912278892577667	0.911217235137434	0.913340550017901
877	877	100	0.912458417821127	0.911399122849493	0.913517712792761
878	878	100	0.912665618865684	0.911600025782701	0.913731211948667
879	879	100	0.912846178763515	0.911782545580349	0.913909811946682
880	880	100	0.913061214629027	0.911997254906321	0.914125174351733
881	881	100	0.913240267508414	0.912179646995573	0.914300888021254
882	882	100	0.913450978021892	0.912393908552775	0.914508047491008
883	883	100	0.913652287910897	0.912601728406797	0.914702847414998
884	884	100	0.913833296585421	0.9127793315596	0.914887261611243
885	885	100	0.914005638678477	0.912945189243657	0.915066088113298
886	886	100	0.914205587159416	0.913137077487188	0.915274096831645
887	887	100	0.914348359956573	0.91327679177131	0.915419928141836
888	888	100	0.914562552456148	0.913494780414172	0.915630324498125
889	889	100	0.91472306817104	0.9136523888216	0.915793747520481
890	890	100	0.91490624332298	0.913840245258726	0.915972241387235
891	891	100	0.915097782421311	0.914039328727543	0.916156236115079
892	892	100	0.915263310173849	0.914207493292039	0.916319127055659
893	893	100	0.915486209748802	0.914436582306106	0.916535837191499
894	894	100	0.915673766287011	0.914625228490643	0.916722304083378
895	895	100	0.915833216184034	0.914778209994515	0.916888222373552
896	896	100	0.915951994580049	0.914893763644784	0.917010225515315
897	897	100	0.916160771881553	0.915103697489522	0.917217846273584
898	898	100	0.916335797594073	0.915277878352742	0.917393716835404
899	899	100	0.916529987544546	0.915479610880066	0.917580364209027
900	900	100	0.916713749800884	0.915667988478595	0.917759511123173
901	901	100	0.916869293273846	0.915819548552696	0.917919037994997
902	902	100	0.917097538129786	0.916047549074823	0.918147527184749
903	903	100	0.917258313840936	0.916212505067751	0.91830412261412
904	904	100	0.917380516258694	0.916332996619385	0.918428035898004
905	905	100	0.917573797743917	0.916518745096414	0.91862885039142
906	906	100	0.917763367827487	0.916702791531069	0.918823944123905
907	907	100	0.917955147285865	0.916897072186291	0.919013222385439
908	908	100	0.918111240530993	0.917056589882369	0.919165891179617
909	909	100	0.918287720845229	0.917238912479836	0.919336529210622
910	910	100	0.918496577326651	0.917448271659729	0.919544882993573
911	911	100	0.918673193701883	0.917621856241553	0.919724531162212
912	912	100	0.918842608434068	0.917790497419284	0.919894719448851
913	913	100	0.919027735711948	0.917973360030353	0.920082111393542
914	914	100	0.919195077708851	0.91813969070865	0.920250464709051
915	915	100	0.919364970027209	0.918316577471716	0.920413362582702
916	916	100	0.919551076594426	0.91851143460261	0.920590718586241
917	917	100	0.919725760653915	0.918684512334695	0.920767008973135
918	918	100	0.9199240908367	0.91888633921127	0.92096184246213
919	919	100	0.92013720079436	0.919102881174474	0.921171520414246
920	920	100	0.920283754391442	0.919247833479156	0.921319675303727
921	921	100	0.92042522264217	0.919390548460956	0.921459896823385
922	922	100	0.92062981131088	0.919596484504258	0.921663138117502
923	923	100	0.920808647448323	0.919778458141227	0.921838836755419
924	924	100	0.921020301904137	0.919998613948904	0.92204198985937
925	925	100	0.921178188795953	0.920158919522892	0.922197458069015
926	926	100	0.921366561908958	0.920352941372504	0.922380182445412
927	927	100	0.921545517152769	0.920543105939139	0.922547928366399
928	928	100	0.921716032540041	0.920718356126864	0.922713708953217
929	929	100	0.921889271677656	0.920883725248154	0.922894818107159
930	930	100	0.922079893538435	0.921080525423209	0.92307926165366
931	931	100	0.922272481557531	0.921273441411098	0.923271521703964
932	932	100	0.922421281547458	0.921427153117818	0.923415409977098
933	933	100	0.922570094685932	0.921581831280125	0.923558358091739
934	934	100	0.922804373191759	0.921820027831113	0.923788718552406
935	935	100	0.922965176114094	0.921975784332171	0.923954567896016
936	936	100	0.92316980605138	0.922181740760127	0.924157871342633
937	937	100	0.923373539926012	0.922387137538407	0.924359942313617
938	938	100	0.92354948229385	0.922563110398145	0.924535854189554
939	939	100	0.923693463033436	0.922712156318458	0.924674769748415
940	940	100	0.923907530281952	0.922925443529878	0.924889617034026
941	941	100	0.92409230255794	0.923109296602577	0.925075308513303
942	942	100	0.92423948020563	0.923263772338618	0.925215188072643
943	943	100	0.924432215804904	0.923460438430918	0.925403993178889
944	944	100	0.924603878903317	0.923633477643896	0.925574280162738
945	945	100	0.924812781551098	0.923849903729309	0.925775659372888
946	946	100	0.924958459179981	0.92399388038415	0.925923037975812
947	947	100	0.925111967849608	0.924151971644096	0.926071964055121
948	948	100	0.925296992493142	0.92434677017154	0.926247214814743
949	949	100	0.925480892595795	0.924537911206592	0.926423873984999
950	950	100	0.925625824313503	0.924681915375487	0.926569733251519
951	951	100	0.925854429587179	0.924896721779912	0.926812137394445
952	952	100	0.926012264330575	0.92505050109848	0.926974027562671
953	953	100	0.926175669544837	0.925217255982944	0.927134083106729
954	954	100	0.926344963448542	0.925389047348759	0.927300879548325
955	955	100	0.926484914628424	0.925532266825271	0.927437562431577
956	956	100	0.926651817593012	0.925699739385301	0.927603895800724
957	957	100	0.926832980111212	0.925881332953311	0.927784627269112
958	958	100	0.927035039450374	0.926088772040564	0.927981306860183
959	959	100	0.927156879064878	0.926211444929093	0.928102313200662
960	960	100	0.927349075357763	0.926409093692264	0.928289057023262
961	961	100	0.927497419230719	0.926563005734611	0.928431832726827
962	962	100	0.927653108578545	0.92672217691238	0.928584040244709
963	963	100	0.927784953914669	0.926849127479284	0.928720780350053
964	964	100	0.927975445776101	0.927032899931736	0.928917991620466
965	965	100	0.92818789233025	0.927252242979187	0.929123541681312
966	966	100	0.928371584521822	0.927434943269743	0.929308225773901
967	967	100	0.928524830230984	0.927595023364623	0.929454637097345
968	968	100	0.92868323953913	0.927754834928207	0.929611644150054
969	969	100	0.928810530924204	0.927878717997151	0.929742343851258
970	970	100	0.928976117914241	0.928048222678447	0.929904013150035
971	971	100	0.929166657319812	0.928243523332126	0.930089791307498
972	972	100	0.929356100021707	0.928448309783027	0.930263890260386
973	973	100	0.929567951238976	0.928656116686885	0.930479785791067
974	974	100	0.929729896923294	0.928816226901954	0.930643566944634
975	975	100	0.929888387693799	0.928972807521253	0.930803967866345
976	976	100	0.930054386337079	0.929137073654455	0.930971699019704
977	977	100	0.930226047304498	0.929310278997693	0.931141815611303
978	978	100	0.930417420968282	0.929513362300056	0.931321479636507
979	979	100	0.930602218341466	0.929702905448129	0.931501531234802
980	980	100	0.930747540757682	0.929843558574122	0.931651522941241
981	981	100	0.930905800274689	0.929996154998187	0.931815445551191
982	982	100	0.931087345358904	0.930175142499585	0.931999548218223
983	983	100	0.931309339178729	0.930396654961294	0.932222023396164
984	984	100	0.931517156857432	0.930600664434696	0.932433649280169
985	985	100	0.931652108503765	0.930738730514228	0.932565486493302
986	986	100	0.931780233731243	0.930870860892204	0.932689606570283
987	987	100	0.931964161890145	0.931054192682101	0.932874131098189
988	988	100	0.932124651513985	0.931216759179781	0.933032543848189
989	989	100	0.932293467313943	0.931392446069841	0.933194488558045
990	990	100	0.932458409615685	0.931556580767826	0.933360238463544
991	991	100	0.932630543614484	0.93173126162467	0.933529825604299
992	992	100	0.932777228348191	0.931875989250268	0.933678467446114
993	993	100	0.932927958755835	0.932028100525145	0.933827816986526
994	994	100	0.933113349954063	0.932208880454294	0.934017819453833
995	995	100	0.933280966211585	0.932367536124794	0.934194396298375
996	996	100	0.933433374400019	0.932517721376572	0.934349027423466
997	997	100	0.933588833297532	0.932683423235088	0.934494243359975
998	998	100	0.93374940803775	0.932844242424621	0.93465457365088
999	999	100	0.933896199392243	0.932991950501794	0.934800448282691
1000	1000	100	0.934078806088892	0.933177277176532	0.934980335001253
1001	1001	100	0.934288019831801	0.933395185030428	0.935180854633173
1002	1002	100	0.934453592149795	0.933566994675708	0.935340189623882
1003	1003	100	0.934600687648849	0.9337103926859	0.935490982611798
1004	1004	100	0.934733647431149	0.933845552217477	0.935621742644822
1005	1005	100	0.934911857275181	0.934032563787623	0.93579115076274
1006	1006	100	0.935063367877495	0.934189211116114	0.935937524638875
1007	1007	100	0.935203323941547	0.934342827071644	0.936063820811449
1008	1008	100	0.935393118716593	0.934538880216964	0.936247357216222
1009	1009	100	0.935564702065253	0.934710006617875	0.93641939751263
1010	1010	100	0.935697268849993	0.934845105338296	0.93654943236169
1011	1011	100	0.935851411776491	0.935002623050093	0.936700200502888
1012	1012	100	0.936021692922193	0.935177527278083	0.936865858566304
1013	1013	100	0.93618394330274	0.935344052605137	0.937023834000343
1014	1014	100	0.936340174661102	0.935495866867597	0.937184482454606
1015	1015	100	0.936489463830912	0.935645126819898	0.937333800841925
1016	1016	100	0.936687468933907	0.935840685238467	0.937534252629346
1017	1017	100	0.936871832725869	0.936029668681446	0.937713996770291
1018	1018	100	0.937032603001127	0.936191198316068	0.937874007686186
1019	1019	100	0.93724511321519	0.936399541317781	0.938090685112599
1020	1020	100	0.937442276333049	0.936603248366849	0.938281304299249
1021	1021	100	0.937616598532843	0.936782165631812	0.938451031433874
1022	1022	100	0.937788488829778	0.936948974569084	0.938628003090472
1023	1023	100	0.938011426115975	0.937167570152136	0.938855282079814
1024	1024	100	0.938170539522285	0.937328400579031	0.939012678465538
1025	1025	100	0.938371049574958	0.937549940533717	0.9391921586162
1026	1026	100	0.938569867082719	0.937750033398177	0.939389700767261
1027	1027	100	0.938743935577898	0.937917036317046	0.93957083483875
1028	1028	100	0.938943829882662	0.938117874603034	0.939769785162289
1029	1029	100	0.939109927227231	0.938284377410669	0.939935477043793
1030	1030	100	0.939239512050951	0.938412994735515	0.940066029366388
1031	1031	100	0.93943423810517	0.938612327819978	0.940256148390361
1032	1032	100	0.939588297178639	0.938767659520736	0.940408934836542
1033	1033	100	0.939770240202279	0.938958278641703	0.940582201762855
1034	1034	100	0.939951046763129	0.939145395876094	0.940756697650164
1035	1035	100	0.940110941099279	0.939306749107906	0.940915133090653
1036	1036	100	0.940229921203987	0.93943137664425	0.941028465763724
1037	1037	100	0.940371954261593	0.939571135043352	0.941172773479834
1038	1038	100	0.940501904020182	0.939697073085637	0.941306734954726
1039	1039	100	0.940636683724704	0.939839806701177	0.941433560748231
1040	1040	100	0.940824587992721	0.940037838152263	0.94161133783318
1041	1041	100	0.941002112342747	0.940224230330602	0.941779994354892
1042	1042	100	0.941182192729632	0.940403672460965	0.941960712998299
1043	1043	100	0.941351695615433	0.940576787198055	0.942126604032812
1044	1044	100	0.94150406848029	0.940729688954369	0.942278448006211
1045	1045	100	0.941650017889429	0.940879126974807	0.942420908804051
1046	1046	100	0.941788755244965	0.941014116108009	0.942563394381922
1047	1047	100	0.941943349484704	0.941172594074884	0.942714104894525
1048	1048	100	0.942127934755738	0.941348978672483	0.942906890838993
1049	1049	100	0.942299286545944	0.941522073606348	0.943076499485541
1050	1050	100	0.942482975832021	0.941718728346127	0.943247223317915
1051	1051	100	0.942659598965083	0.941892395232461	0.943426802697705
1052	1052	100	0.942782982321146	0.942016704880799	0.943549259761494
1053	1053	100	0.942961954163186	0.942204398279283	0.943719510047089
1054	1054	100	0.943106836496447	0.942348724855739	0.943864948137155
1055	1055	100	0.94326563720502	0.942511347514779	0.944019926895261
1056	1056	100	0.943477282147309	0.942727952359581	0.944226611935037
1057	1057	100	0.943661502928271	0.942915178495003	0.944407827361539
1058	1058	100	0.94382302788054	0.943077030278986	0.944569025482094
1059	1059	100	0.944040161229042	0.943287101002273	0.944793221455811
1060	1060	100	0.944221207483678	0.943466998752218	0.944975416215138
1061	1061	100	0.944371908157968	0.943625591680048	0.945118224635889
1062	1062	100	0.944508453620567	0.943759180433336	0.945257726807797
1063	1063	100	0.944670335129319	0.943916866050476	0.945423804208161
1064	1064	100	0.944801912105299	0.944043765304673	0.945560058905924
1065	1065	100	0.944921462281822	0.944156370964748	0.945686553598896
1066	1066	100	0.945109227660148	0.944354317061948	0.945864138258347
1067	1067	100	0.94525043233371	0.944499076789252	0.946001787878168
1068	1068	100	0.945411748939937	0.944657788951718	0.946165708928156
1069	1069	100	0.945552185869587	0.944798289256834	0.946306082482339
1070	1070	100	0.945717208071972	0.94496257318122	0.946471842962724
1071	1071	100	0.945856181994953	0.945103296554157	0.94660906743575
1072	1072	100	0.94603707307969	0.945288139938833	0.946786006220547
1073	1073	100	0.946176052098175	0.945426880727718	0.946925223468631
1074	1074	100	0.946311281997722	0.945560286165667	0.947062277829776
1075	1075	100	0.94644624548829	0.945693393924948	0.947199097051633
1076	1076	100	0.946595195430436	0.945846794679753	0.947343596181119
1077	1077	100	0.946776164576047	0.946032982024739	0.947519347127356
1078	1078	100	0.94693397675057	0.946195530626473	0.947672422874667
1079	1079	100	0.947091761845254	0.946354117120459	0.947829406570049
1080	1080	100	0.947284264426342	0.946554099340337	0.948014429512346
1081	1081	100	0.947446094189883	0.946707336503779	0.948184851875986
1082	1082	100	0.947635000746296	0.946886769646636	0.948383231845956
1083	1083	100	0.947818336252803	0.947079825687838	0.948556846817768
1084	1084	100	0.947988659786973	0.947250137196764	0.948727182377182
1085	1085	100	0.948174939129428	0.94744783858008	0.948902039678776
1086	1086	100	0.948356921198691	0.947624599151613	0.94908924324577
1087	1087	100	0.948488181524118	0.947757206471955	0.949219156576281
1088	1088	100	0.948650312427408	0.947920713659678	0.949379911195138
1089	1089	100	0.948790507430775	0.948061072667149	0.9495199421944
1090	1090	100	0.948966752142653	0.948230194251851	0.949703310033454
1091	1091	100	0.949090673822027	0.94835287075011	0.949828476893944
1092	1092	100	0.949230480034695	0.948491065468833	0.949969894600556
1093	1093	100	0.949388181993908	0.948647725116012	0.950128638871804
1094	1094	100	0.949528524673596	0.94879185266126	0.950265196685931
1095	1095	100	0.94966103795184	0.948926395776323	0.950395680127356
1096	1096	100	0.949789849130672	0.949055427508512	0.950524270752832
1097	1097	100	0.94994143566708	0.949216601161858	0.950666270172302
1098	1098	100	0.950102226481193	0.949386122413496	0.950818330548891
1099	1099	100	0.950286382648027	0.949579465364751	0.950993299931302
1100	1100	100	0.950467043002437	0.949759425413249	0.951174660591625
1101	1101	100	0.950646411100675	0.949941141494122	0.951351680707228
1102	1102	100	0.950774927046729	0.950075675227866	0.951474178865593
1103	1103	100	0.950922451717584	0.950224693351142	0.951620210084027
1104	1104	100	0.951069798141467	0.950376020202525	0.951763576080408
1105	1105	100	0.951285658536069	0.950595930844808	0.951975386227331
1106	1106	100	0.951480465743534	0.950798748627336	0.952162182859731
1107	1107	100	0.951681797480892	0.951007673120187	0.952355921841597
1108	1108	100	0.951843958046347	0.951170373050166	0.952517543042528
1109	1109	100	0.95201845464776	0.951350913164852	0.952685996130668
1110	1110	100	0.952178546343569	0.951503850883302	0.952853241803837
1111	1111	100	0.952315085496563	0.951633460397907	0.95299671059522
1112	1112	100	0.952499597750166	0.951823389743191	0.95317580575714
1113	1113	100	0.952644223664239	0.951967779260923	0.953320668067555
1114	1114	100	0.952807033781692	0.952127695960665	0.953486371602718
1115	1115	100	0.952961443767169	0.952280412952926	0.953642474581413
1116	1116	100	0.953112223904943	0.952431302228213	0.953793145581672
1117	1117	100	0.953267509651766	0.952587358240384	0.953947661063147
1118	1118	100	0.953428990884211	0.952757128792754	0.954100852975668
1119	1119	100	0.953586602875504	0.952921275045083	0.954251930705925
1120	1120	100	0.953714269250544	0.953051952438281	0.954376586062806
1121	1121	100	0.95386249071966	0.953205157198305	0.954519824241014
1122	1122	100	0.953996797857836	0.953339925911063	0.954653669804609
1123	1123	100	0.954115421078219	0.953457564035264	0.954773278121175
1124	1124	100	0.954274026613934	0.953617337254615	0.954930715973253
1125	1125	100	0.954422129552904	0.953767916956565	0.955076342149243
1126	1126	100	0.954559223484684	0.9538995959359	0.955218851033468
1127	1127	100	0.954687286272295	0.954023934893711	0.955350637650879
1128	1128	100	0.954851868421578	0.954191867587982	0.955511869255173
1129	1129	100	0.954990401053311	0.954329546383035	0.955651255723587
1130	1130	100	0.955135116341359	0.95447835427285	0.955791878409868
1131	1131	100	0.95526033710329	0.954603129075507	0.955917545131073
1132	1132	100	0.955377340587995	0.954714844992771	0.956039836183218
1133	1133	100	0.955548885901062	0.954890568253175	0.956207203548949
1134	1134	100	0.955699138177109	0.955035107318695	0.956363169035524
1135	1135	100	0.955845080915921	0.955182953658657	0.956507208173186
1136	1136	100	0.956029647132089	0.955368059668202	0.956691234595977
1137	1137	100	0.956184349038928	0.955516882314303	0.956851815763551
1138	1138	100	0.956377695903938	0.955707539761621	0.957047852046255
1139	1139	100	0.956533349090572	0.955862100020388	0.957204598160755
1140	1140	100	0.956721246823228	0.956051576983733	0.957390916662724
1141	1141	100	0.956870833009772	0.956204031283459	0.957537634736085
1142	1142	100	0.956991439630884	0.956328851293511	0.957654027968257
1143	1143	100	0.957137036883288	0.956477323720834	0.957796750045742
1144	1144	100	0.957269197447737	0.956600586768187	0.957937808127287
1145	1145	100	0.957413146248871	0.956739130005639	0.958087162492103
1146	1146	100	0.957574525334407	0.956904190885434	0.958244859783379
1147	1147	100	0.957706395568989	0.957034742321474	0.958378048816504
1148	1148	100	0.957861736111587	0.957193882441674	0.958529589781501
1149	1149	100	0.958009940134603	0.957349989911702	0.958669890357504
1150	1150	100	0.958188419375508	0.957528608243824	0.958848230507193
1151	1151	100	0.958319917601111	0.957662111048241	0.958977724153981
1152	1152	100	0.95850092213108	0.957837819114816	0.959164025147345
1153	1153	100	0.958639970701882	0.957981297447343	0.95929864395642
1154	1154	100	0.95880048196428	0.958144066486692	0.959456897441869
1155	1155	100	0.958963340904861	0.958308258632096	0.959618423177626
1156	1156	100	0.959158777855462	0.958505531399917	0.959812024311007
1157	1157	100	0.959312223376674	0.958660760729173	0.959963686024176
1158	1158	100	0.959460476385925	0.958812435510435	0.960108517261414
1159	1159	100	0.959620518202231	0.958973537506013	0.960267498898449
1160	1160	100	0.959757150455259	0.959115032330273	0.960399268580244
1161	1161	100	0.959897136021488	0.959254119082411	0.960540152960566
1162	1162	100	0.960065826059641	0.959419727619227	0.960711924500054
1163	1163	100	0.960244837165548	0.959601243340235	0.96088843099086
1164	1164	100	0.960397046212631	0.959747418172379	0.961046674252884
1165	1165	100	0.960532060314467	0.959880126231547	0.961183994397387
1166	1166	100	0.960693349924443	0.960041547453532	0.961345152395353
1167	1167	100	0.960831601729546	0.960182078910087	0.961481124549006
1168	1168	100	0.960998471329916	0.960356756794146	0.961640185865686
1169	1169	100	0.961138868551058	0.960499884070442	0.961777853031674
1170	1170	100	0.961284681896723	0.960647180222668	0.961922183570778
1171	1171	100	0.961440660612424	0.960816541187751	0.962064780037097
1172	1172	100	0.961613982853404	0.960991729791982	0.962236235914826
1173	1173	100	0.961792083256111	0.961171470772764	0.962412695739458
1174	1174	100	0.961944062044818	0.961322096610995	0.962566027478641
1175	1175	100	0.962089481154947	0.961467484073061	0.962711478236833
1176	1176	100	0.962215315869413	0.961593801753864	0.962836829984963
1177	1177	100	0.9623789589252	0.961749670332174	0.963008247518224
1178	1178	100	0.962525800061066	0.961900189058153	0.963151411063978
1179	1179	100	0.962681549297156	0.962062364220509	0.963300734373804
1180	1180	100	0.962787934958328	0.962170273983931	0.963405595932726
1181	1181	100	0.962968529796637	0.962353611216058	0.963583448377216
1182	1182	100	0.96309724018489	0.962485115703539	0.96370936466624
1183	1183	100	0.963229373880642	0.962614442947287	0.963844304813998
1184	1184	100	0.963384951309682	0.962768065991674	0.96400183662769
1185	1185	100	0.963518981310284	0.962901068946543	0.964136893674024
1186	1186	100	0.963639237130076	0.963022754382494	0.964255719877659
1187	1187	100	0.963810407357031	0.963198429424711	0.964422385289352
1188	1188	100	0.963941139800536	0.963335003186003	0.964547276415068
1189	1189	100	0.964092551197506	0.963485843092417	0.964699259302595
1190	1190	100	0.964264857782988	0.963659122768664	0.964870592797313
1191	1191	100	0.964410118482902	0.963804062535477	0.965016174430328
1192	1192	100	0.964585829074582	0.963982406967085	0.965189251182079
1193	1193	100	0.964779215223207	0.964173824170729	0.965384606275684
1194	1194	100	0.964960238058614	0.964351835490833	0.965568640626395
1195	1195	100	0.965155866093114	0.964547507357655	0.965764224828574
1196	1196	100	0.965305285725052	0.964691428320947	0.965919143129157
1197	1197	100	0.965510263447964	0.964893202610264	0.966127324285664
1198	1198	100	0.965670041946585	0.965053553171667	0.966286530721504
1199	1199	100	0.965824055304481	0.965210367337211	0.96643774327175
1200	1200	100	0.965967882621777	0.965357121588374	0.966578643655179
1201	1201	100	0.966119037457427	0.965520323328782	0.966717751586072
1202	1202	100	0.966273463065086	0.965677080343523	0.966869845786649
1203	1203	100	0.966417743409952	0.965820942421865	0.967014544398039
1204	1204	100	0.966560498187831	0.96596326423017	0.967157732145491
1205	1205	100	0.966708405248146	0.966115033127226	0.967301777369066
1206	1206	100	0.96688805934451	0.966293653684153	0.967482465004867
1207	1207	100	0.967037662503393	0.966441936417614	0.967633388589172
1208	1208	100	0.967194062382986	0.966597178850277	0.967790945915695
1209	1209	100	0.967349464694804	0.966749713385914	0.967949216003694
1210	1210	100	0.967496402038088	0.966897924279566	0.96809487979661
1211	1211	100	0.967613406170042	0.967011965493003	0.968214846847081
1212	1212	100	0.967781003046276	0.967181165626681	0.968380840465871
1213	1213	100	0.967924705107075	0.967329972449316	0.968519437764834
1214	1214	100	0.9680510298428	0.967451960010648	0.968650099674952
1215	1215	100	0.968177162562028	0.967582193861482	0.968772131262574
1216	1216	100	0.968300005925535	0.967704346359388	0.968895665491682
1217	1217	100	0.968454206489678	0.967861744998866	0.96904666798049
1218	1218	100	0.96856940126473	0.967979998762108	0.969158803767352
1219	1219	100	0.96868647614759	0.968101806519103	0.969271145776077
1220	1220	100	0.968834556278002	0.96824794849434	0.969421164061663
1221	1221	100	0.968951835659952	0.968365590545729	0.969538080774175
1222	1222	100	0.969079780634574	0.968490181263184	0.969669380005965
1223	1223	100	0.969217889305162	0.968630032338672	0.969805746271653
1224	1224	100	0.969373996001248	0.968795539491849	0.969952452510648
1225	1225	100	0.969555791913662	0.968976536271146	0.970135047556178
1226	1226	100	0.969706669951258	0.969129129213542	0.970284210688974
1227	1227	100	0.969855744515778	0.969282968213951	0.970428520817604
1228	1228	100	0.970035957583401	0.969466039122905	0.970605876043895
1229	1229	100	0.970199450617223	0.969629323932774	0.970769577301673
1230	1230	100	0.970371140841101	0.969806543320935	0.970935738361267
1231	1231	100	0.970490095464587	0.969929010624074	0.9710511803051
1232	1232	100	0.970622937131148	0.970065938318279	0.971179935944016
1233	1233	100	0.970762244631875	0.970210866889065	0.971313622374685
1234	1234	100	0.970933427127711	0.970377972431374	0.971488881824048
1235	1235	100	0.971086997589864	0.970522466984826	0.971651528194902
1236	1236	100	0.971241393004199	0.970679656502789	0.971803129505609
1237	1237	100	0.971385949090035	0.970828622551439	0.971943275628631
1238	1238	100	0.971518404563302	0.970954746230377	0.972082062896228
1239	1239	100	0.97166829994438	0.971100115195438	0.972236484693322
1240	1240	100	0.971820965517476	0.971258770271572	0.97238316076338
1241	1241	100	0.971943447912903	0.971382591583215	0.972504304242592
1242	1242	100	0.972093184962895	0.971532876291529	0.972653493634261
1243	1243	100	0.972218929887589	0.971660391906611	0.972777467868567
1244	1244	100	0.972369739056002	0.971819668624313	0.972919809487692
1245	1245	100	0.972501865569232	0.971961973820061	0.973041757318404
1246	1246	100	0.972674039312385	0.972141307292981	0.973206771331788
1247	1247	100	0.972817432850329	0.972284964423246	0.973349901277412
1248	1248	100	0.972971482059682	0.972441225180184	0.97350173893918
1249	1249	100	0.973096679999535	0.97256889772911	0.973624462269959
1250	1250	100	0.973245155370147	0.972720478971092	0.973769831769203
1251	1251	100	0.973405541808956	0.972883386302891	0.973927697315021
1252	1252	100	0.973572641310592	0.973046388921834	0.97409889369935
1253	1253	100	0.973766076079239	0.97323692802985	0.974295224128628
1254	1254	100	0.973922675884388	0.973391369093761	0.974453982675016
1255	1255	100	0.974068152560085	0.973535083211784	0.974601221908386
1256	1256	100	0.974222739282797	0.973689299865794	0.974756178699801
1257	1257	100	0.974375762406233	0.973841631654869	0.974909893157597
1258	1258	100	0.974511270931136	0.973979155885535	0.975043385976737
1259	1259	100	0.97471082848454	0.974175318468046	0.975246338501034
1260	1260	100	0.974848820987063	0.974315215197204	0.975382426776923
1261	1261	100	0.975013930911717	0.974486613342953	0.975541248480482
1262	1262	100	0.975143402070231	0.974611949600057	0.975674854540405
1263	1263	100	0.975289926771519	0.974762528051998	0.97581732549104
1264	1264	100	0.975459175780513	0.974931210416494	0.975987141144533
1265	1265	100	0.975606888628279	0.975081926339957	0.976131850916602
1266	1266	100	0.975713710108128	0.975187736396424	0.976239683819833
1267	1267	100	0.975903335654831	0.9753838420956	0.976422829214061
1268	1268	100	0.976093596576003	0.975576228093199	0.976610965058808
1269	1269	100	0.976229569112936	0.975715741103178	0.976743397122694
1270	1270	100	0.976351302240409	0.975841419943043	0.976861184537775
1271	1271	100	0.976473153399612	0.975967391075886	0.976978915723339
1272	1272	100	0.976603371082946	0.976098812939825	0.977107929226067
1273	1273	100	0.976757921844714	0.976256173526604	0.977259670162825
1274	1274	100	0.97690308167902	0.976407117555805	0.977399045802235
1275	1275	100	0.977062961896942	0.976563485561807	0.977562438232078
1276	1276	100	0.977219436690746	0.976720242976175	0.977718630405318
1277	1277	100	0.977376210150674	0.976879156679105	0.977873263622243
1278	1278	100	0.977560718380408	0.977067310662317	0.978054126098499
1279	1279	100	0.977678846458986	0.977183113890581	0.97817457902739
1280	1280	100	0.977817947134142	0.977324817107426	0.978311077160858
1281	1281	100	0.97796292376183	0.977466768218146	0.978459079305515
1282	1282	100	0.978105655749068	0.97761072732338	0.978600584174755
1283	1283	100	0.978234975783038	0.97773874220548	0.978731209360595
1284	1284	100	0.978362881556102	0.977864102168219	0.978861660943984
1285	1285	100	0.978552885781462	0.978063077128776	0.979042694434148
1286	1286	100	0.978682327131862	0.978194004250773	0.97917065001295
1287	1287	100	0.978816842748058	0.97832342827254	0.979310257223576
1288	1288	100	0.978980212731539	0.978488495182386	0.979471930280692
1289	1289	100	0.979123882019461	0.97863125021585	0.979616513823072
1290	1290	100	0.979252919148633	0.978753048823364	0.979752789473901
1291	1291	100	0.979424251576416	0.978933031634952	0.979915471517879
1292	1292	100	0.979567627579239	0.979072600105691	0.980062655052788
1293	1293	100	0.979717905814052	0.979231722989298	0.980204088638806
1294	1294	100	0.979905120108499	0.979415801720023	0.980394438496975
1295	1295	100	0.980048455204767	0.979561270086969	0.980535640322564
1296	1296	100	0.980216980059364	0.979736757654003	0.980697202464723
1297	1297	100	0.980372324033567	0.97989332682295	0.980851321244183
1298	1298	100	0.980532373392546	0.980059017792614	0.981005728992479
1299	1299	100	0.980694157289837	0.980215816404972	0.981172498174701
1300	1300	100	0.980830227750548	0.980355983503637	0.981304471997458
1301	1301	100	0.980948522352995	0.980477333536265	0.981419711169726
1302	1302	100	0.981077485166994	0.980606865121501	0.981548105212486
1303	1303	100	0.981191826442854	0.980720054075035	0.981663598810673
1304	1304	100	0.981367811393432	0.980900464523827	0.981835158263038
1305	1305	100	0.981474300276236	0.981013997607864	0.981934602944609
1306	1306	100	0.981628056489395	0.981172061198847	0.982084051779943
1307	1307	100	0.98175434289948	0.981298934683813	0.982209751115147
1308	1308	100	0.981891363833423	0.9814382147678	0.982344512899046
1309	1309	100	0.982005638469859	0.981554553392469	0.98245672354725
1310	1310	100	0.982136306816312	0.981690142700008	0.982582470932616
1311	1311	100	0.982288635083752	0.981848771175086	0.982728498992419
1312	1312	100	0.982428786024806	0.981994481608446	0.982863090441167
1313	1313	100	0.982560958735408	0.982128361811026	0.982993555659791
1314	1314	100	0.982681841414252	0.982243174069082	0.983120508759422
1315	1315	100	0.982823483304785	0.982384762969225	0.983262203640345
1316	1316	100	0.982989962560582	0.982558458011283	0.983421467109881
1317	1317	100	0.98312696772769	0.982686768608779	0.983567166846602
1318	1318	100	0.983253323221272	0.982816085503063	0.983690560939481
1319	1319	100	0.98339377200265	0.982967174347888	0.983820369657413
1320	1320	100	0.983506149990408	0.983079547568016	0.9839327524128
1321	1321	100	0.983675031912508	0.983250755811338	0.984099308013678
1322	1322	100	0.983824677761873	0.983402064732371	0.984247290791374
1323	1323	100	0.983974908901906	0.983562119410978	0.984387698392835
1324	1324	100	0.984132766699131	0.983719732999381	0.984545800398881
1325	1325	100	0.984293447654618	0.983881593946715	0.984705301362521
1326	1326	100	0.98445275231507	0.984042930771459	0.984862573858682
1327	1327	100	0.984603610794421	0.98419413322234	0.985013088366501
1328	1328	100	0.984752957324556	0.98434148705616	0.985164427592951
1329	1329	100	0.984871385224904	0.98446413461042	0.985278635839387
1330	1330	100	0.985001470339966	0.984593611768319	0.985409328911614
1331	1331	100	0.985157026432627	0.984756792328589	0.985557260536665
1332	1332	100	0.985304078947153	0.98490987415021	0.985698283744097
1333	1333	100	0.985474457027742	0.985084432117379	0.985864481938105
1334	1334	100	0.985587500026503	0.985202791678039	0.985972208374967
1335	1335	100	0.985752354352356	0.985368899833257	0.986135808871454
1336	1336	100	0.985890399807479	0.985505039068032	0.986275760546925
1337	1337	100	0.986031235369869	0.985644548271873	0.986417922467865
1338	1338	100	0.98620423008779	0.985820676868316	0.986587783307264
1339	1339	100	0.986345044653877	0.985966233060397	0.986723856247358
1340	1340	100	0.986475070606553	0.986101365185995	0.986848776027111
1341	1341	100	0.98660114035856	0.986223983744225	0.986978296972894
1342	1342	100	0.986723982402336	0.986350250088659	0.987097714716014
1343	1343	100	0.986885737843222	0.986520041972059	0.987251433714385
1344	1344	100	0.987018242746801	0.986650261084405	0.987386224409198
1345	1345	100	0.987166837553073	0.986795614450762	0.987538060655385
1346	1346	100	0.987344175236128	0.986980989866559	0.987707360605696
1347	1347	100	0.987500123169702	0.987132020935659	0.987868225403746
1348	1348	100	0.987653016125287	0.987283137708169	0.988022894542406
1349	1349	100	0.987781746682755	0.987416347641912	0.988147145723599
1350	1350	100	0.98789625179745	0.987532860758897	0.988259642836003
1351	1351	100	0.988068162894487	0.987710019717362	0.988426306071612
1352	1352	100	0.988175823111654	0.987818678602034	0.988532967621275
1353	1353	100	0.988308111191667	0.98795045957657	0.988665762806765
1354	1354	100	0.988468486246414	0.988114849370324	0.988822123122504
1355	1355	100	0.988631394680896	0.988283676612792	0.988979112749
1356	1356	100	0.988788419289262	0.988448792921399	0.989128045657124
1357	1357	100	0.9889269100348	0.988589362998314	0.989264457071286
1358	1358	100	0.989079780660998	0.988748479829099	0.989411081492896
1359	1359	100	0.989232186679591	0.988898336265776	0.989566037093405
1360	1360	100	0.989330053380958	0.988996028394004	0.989664078367912
1361	1361	100	0.989422510243848	0.9890882217174	0.989756798770296
1362	1362	100	0.989555208421947	0.989219759390218	0.989890657453677
1363	1363	100	0.989694536351654	0.989360696894238	0.990028375809069
1364	1364	100	0.989838033832116	0.9895048457358	0.990171221928431
1365	1365	100	0.98995983192402	0.989626692617381	0.990292971230659
1366	1366	100	0.990108810788999	0.989779799604699	0.990437821973299
1367	1367	100	0.990253161633516	0.98992760143094	0.990578721836091
1368	1368	100	0.990376027019256	0.990053456203159	0.990698597835353
1369	1369	100	0.990493460394	0.990174429220071	0.990812491567929
1370	1370	100	0.990655577928734	0.990342283223115	0.990968872634353
1371	1371	100	0.990831114413308	0.990513911580986	0.99114831724563
1372	1372	100	0.990970765009837	0.990654406254713	0.991287123764961
1373	1373	100	0.99110671691793	0.990788775678657	0.991424658157203
1374	1374	100	0.991251703302458	0.990940990713233	0.991562415891683
1375	1375	100	0.991368043602776	0.991059804228	0.991676282977551
1376	1376	100	0.991513820660765	0.99120473864631	0.99182290267522
1377	1377	100	0.991657131408735	0.991353098640081	0.991961164177388
1378	1378	100	0.991779225616791	0.991473301720752	0.992085149512829
1379	1379	100	0.991921321625923	0.991615686594174	0.992226956657673
1380	1380	100	0.992033902884509	0.991734350700496	0.992333455068522
1381	1381	100	0.992178579236553	0.991879929055912	0.992477229417194
1382	1382	100	0.992286965513025	0.991990015934828	0.992583915091223
1383	1383	100	0.992426936226274	0.992127999964904	0.992725872487645
1384	1384	100	0.992562785093826	0.992267884035139	0.992857686152514
1385	1385	100	0.992700140672837	0.992410863777526	0.992989417568148
1386	1386	100	0.992840582822388	0.992553622672746	0.993127542972031
1387	1387	100	0.992980285127589	0.992699693261576	0.993260876993601
1388	1388	100	0.993121900714181	0.9928502703401	0.993393531088261
1389	1389	100	0.99327285771946	0.993005270350741	0.993540445088179
1390	1390	100	0.993407252269506	0.993138422142666	0.993676082396346
1391	1391	100	0.993540089089415	0.99327291582972	0.99380726234911
1392	1392	100	0.993676658679249	0.993416557173985	0.993936760184513
1393	1393	100	0.993826293107981	0.993564098984646	0.994088487231316
1394	1394	100	0.993945893821123	0.99368632814733	0.994205459494916
1395	1395	100	0.994087888794719	0.993837762411624	0.994338015177813
1396	1396	100	0.994224106220464	0.993977324369823	0.994470888071105
1397	1397	100	0.99436122520597	0.99411955212833	0.994602898283609
1398	1398	100	0.994485980115285	0.994255680655599	0.994716279574971
1399	1399	100	0.994636980528539	0.994407151222466	0.994866809834611
1400	1400	100	0.994766262096334	0.994532017176538	0.99500050701613
1401	1401	100	0.994917581169794	0.994684982657099	0.995150179682488
1402	1402	100	0.995036862411561	0.994810051686138	0.995263673136985
1403	1403	100	0.995178348323457	0.994959492844083	0.995397203802831
1404	1404	100	0.995328118525497	0.995116643917962	0.995539593133032
1405	1405	100	0.995501617592567	0.995291645292158	0.995711589892976
1406	1406	100	0.99566494824872	0.995459765967414	0.995870130530025
1407	1407	100	0.995816671437059	0.995619908314248	0.996013434559871
1408	1408	100	0.995929685930303	0.995735791050073	0.996123580810533
1409	1409	100	0.996054122928948	0.995864400370981	0.996243845486916
1410	1410	100	0.996164956958707	0.995972090827595	0.996357823089819
1411	1411	100	0.996302296545059	0.996115379483282	0.996489213606836
1412	1412	100	0.996441709568662	0.996255113789901	0.996628305347424
1413	1413	100	0.996595765138586	0.99640834574493	0.996783184532242
1414	1414	100	0.996713402189125	0.996529214910587	0.996897589467663
1415	1415	100	0.996847639488314	0.996666952905705	0.997028326070923
1416	1416	100	0.996966096834789	0.996789473592627	0.997142720076951
1417	1417	100	0.997101027279321	0.996925276347762	0.997276778210881
1418	1418	100	0.997216045410913	0.997042597473561	0.997389493348265
1419	1419	100	0.997344111104987	0.997174552158967	0.997513670051006
1420	1420	100	0.997510121987873	0.997346452380393	0.997673791595353
1421	1421	100	0.997627549234466	0.997463924746757	0.997791173722175
1422	1422	100	0.99779740520214	0.99765140811953	0.99794340228475
1423	1423	100	0.997910347285868	0.997763897944595	0.998056796627141
1424	1424	100	0.99803333971099	0.997893311411175	0.998173368010804
1425	1425	100	0.998138537488493	0.99799683743248	0.998280237544506
1426	1426	100	0.998305204059756	0.998174707551158	0.998435700568353
1427	1427	100	0.998411652562626	0.998284360661182	0.998538944464071
1428	1428	100	0.998565126123766	0.998442413120838	0.998687839126694
1429	1429	100	0.998694648793764	0.998579878241914	0.998809419345615
1430	1430	100	0.998843649627026	0.998731022263205	0.998956276990846
1431	1431	100	0.998982500929954	0.998878294168291	0.999086707691617
1432	1432	100	0.999084414549963	0.99898256364	0.999186265459926
1433	1433	100	0.999267693419687	0.999177422322818	0.999357964516555
1434	1434	100	0.99938443828312	0.999306090834308	0.999462785731931
1435	1435	100	0.999509866024241	0.999443055938016	0.999576676110465
1436	1436	100	0.999675901201329	0.999626643888657	0.999725158514001
1437	1437	100	0.999785390300532	0.999747200023164	0.9998235805779
1438	1438	100	0.999897543540965	0.999868962552757	0.999926124529173
1439	1439	100	1	1	1
